1:2,3,4,5,6,10,30,31,32,33,34,35,36,37,45,205,206,546,549,550,551,552,553,555,557,558,573,574,575,:
2:1,3,4,5,6,7,10,11,30,31,32,33,34,35,36,37,40,45,114,205,206,552,553,555,558,574,:
3:1,2,4,5,6,10,11,12,13,14,30,31,32,33,34,35,36,37,45,46,48,114,550,552,555,:
4:1,2,3,5,6,10,11,12,13,20,30,31,32,33,35,36,37,45,46,52,540,541,546,550,554,555,556,558,559,:
5:1,2,3,4,6,7,8,10,30,31,32,33,34,35,36,37,38,39,40,44,45,114,205,574,:
6:1,2,3,4,5,7,8,9,30,31,32,33,34,35,36,37,38,39,40,41,43,44,132,558,574,:
7:2,5,6,8,9,34,35,36,37,38,39,40,41,42,43,44,132,155,156,:
8:5,6,7,9,34,35,36,37,38,39,40,41,42,43,44,155,156,574,:
9:6,7,8,34,36,37,38,39,40,41,42,43,44,565,569,574,:
10:1,2,3,4,5,11,12,13,14,15,16,17,20,32,33,35,36,45,46,47,48,50,52,113,114,122,550,552,:
11:2,3,4,10,12,13,14,15,16,17,20,21,33,45,46,47,48,49,50,52,53,114,537,:
12:3,4,10,11,13,14,15,20,21,22,24,29,45,46,47,48,52,53,55,126,460,537,:
13:3,4,10,11,12,14,20,21,22,24,35,45,46,47,48,52,53,55,122,123,125,126,127,130,132,458,460,:
14:3,10,11,12,13,15,16,17,18,19,20,45,46,47,48,49,50,52,114,460,:
15:10,11,12,14,16,17,18,19,45,46,47,48,49,50,51,481,495,550,552,:
16:10,11,14,15,17,18,19,46,47,48,49,50,51,495,496,498,537,550,552,:
17:10,11,14,15,16,18,19,45,46,47,48,49,50,51,114,116,117,118,119,552,:
18:14,15,16,17,19,46,49,50,51,496,498,550,552,655,:
19:14,15,16,17,18,49,50,51,117,118,119,552,:
20:4,10,11,12,13,14,21,22,23,24,25,29,46,47,48,52,53,54,55,460,536,537,:
21:11,12,13,20,22,23,24,25,26,29,46,52,53,54,55,56,57,58,126,460,526,537,:
22:12,13,20,21,23,24,25,29,52,53,54,55,56,57,459,460,521,523,524,526,691,:
23:20,21,22,24,25,29,53,54,56,57,278,299,459,460,521,523,524,526,691,:
24:12,13,20,21,22,23,25,26,27,29,52,53,54,55,56,57,58,59,132,526,560,691,:
25:20,21,22,23,24,26,27,28,53,54,55,56,57,58,59,60,61,62,63,64,277,278,691,:
26:21,24,25,27,28,54,55,56,57,58,59,60,61,62,63,64,322,688,689,690,691,:
27:24,25,26,28,54,56,57,58,59,60,61,62,63,64,283,286,297,688,691,:
28:25,26,27,56,57,58,59,60,61,62,63,64,275,276,277,278,282,283,285,286,287,288,297,322,:
29:12,20,21,22,23,24,47,52,53,54,57,459,460,520,521,522,523,524,525,526,537,691,:
30:1,2,3,4,5,6,31,32,33,34,35,36,37,40,44,204,205,206,549,551,553,558,572,573,574,575,:
31:1,2,3,4,5,6,30,32,33,34,35,36,37,44,205,206,546,547,549,551,554,555,556,557,558,559,564,573,574,575,:
32:1,2,3,4,5,6,10,30,31,33,34,37,205,206,544,545,546,547,548,549,550,551,552,553,555,558,573,574,575,:
33:1,2,3,4,5,6,10,11,30,31,32,34,35,36,37,45,113,114,203,204,205,206,550,551,552,553,574,:
34:1,2,3,5,6,7,8,9,30,31,32,33,35,36,37,38,39,40,41,44,45,114,205,206,239,573,574,:
35:1,2,3,4,5,6,7,8,10,13,30,31,33,34,36,37,38,39,40,45,113,114,120,122,123,124,125,126,157,:
36:1,2,3,4,5,6,7,8,9,10,30,31,33,34,35,37,38,39,40,44,125,126,132,555,558,559,:
37:1,2,3,4,5,6,7,8,9,30,31,32,33,34,35,36,38,39,40,41,42,43,44,555,557,558,559,565,573,574,:
38:5,6,7,8,9,34,35,36,37,39,40,41,43,44,123,124,125,127,132,155,156,157,:
39:5,6,7,8,9,34,35,36,37,38,40,41,42,43,44,132,:
40:2,5,6,7,8,9,30,34,35,36,37,38,39,41,42,43,44,156,237,239,573,574,:
41:6,7,8,9,34,37,38,39,40,42,43,44,155,156,157,180,181,182,:
42:7,8,9,37,39,40,41,43,44,237,565,569,571,572,573,574,759,:
43:6,7,8,9,37,38,39,40,41,42,44,565,759,:
44:5,6,7,8,9,30,31,34,36,37,38,39,40,41,42,43,558,564,565,567,569,572,573,574,:
45:1,2,3,4,5,10,11,12,13,14,15,17,33,34,35,46,47,48,50,113,114,120,122,552,:
46:3,4,10,11,12,13,14,15,16,17,18,20,21,45,47,48,49,52,536,537,540,550,552,555,:
47:10,11,12,13,14,15,16,17,20,29,45,46,48,49,50,52,458,460,481,495,537,:
48:3,10,11,12,13,14,15,16,17,20,45,46,47,49,50,113,114,120,122,458,460,480,481,:
49:11,14,15,16,17,18,19,46,47,48,51,52,493,495,496,498,534,536,537,550,:
50:10,11,14,15,16,17,18,19,45,47,48,113,114,115,116,117,118,119,:
51:15,16,17,18,19,49,496,497,498,550,552,631,655,656,:
52:4,10,11,12,13,14,20,21,22,24,29,46,47,49,53,54,55,526,534,535,536,537,538,:
53:11,12,13,20,21,22,23,24,25,29,52,54,55,56,57,126,130,132,278,458,460,:
54:20,21,22,23,24,25,26,27,29,52,53,55,56,57,58,59,526,536,537,560,689,690,691,:
55:12,13,20,21,22,24,25,26,52,53,54,56,57,58,59,132,560,:
56:21,22,23,24,25,26,27,28,53,54,55,57,58,59,60,61,62,63,64,130,131,132,277,278,:
57:21,22,23,24,25,26,27,28,29,53,54,55,56,58,59,60,61,62,63,64,277,278,299,691,:
58:21,24,25,26,27,28,54,55,56,57,59,60,61,63,64,686,687,688,689,690,691,:
59:24,25,26,27,28,54,55,56,57,58,60,61,62,63,64,320,321,322,323,339,560,688,691,:
60:25,26,27,28,56,57,58,59,61,62,63,64,283,296,297,298,299,688,691,:
61:25,26,27,28,56,57,58,59,60,62,63,64,282,283,297,320,322,686,688,:
62:25,26,27,28,56,57,59,60,61,63,64,273,274,275,276,277,279,280,281,282,283,284,285,286,287,288,290,297,:
63:25,26,27,28,56,57,58,59,60,61,62,64,131,276,277,283,285,286,287,288,320,321,322,323,:
64:25,26,27,28,56,57,58,59,60,61,62,63,274,275,276,277,278,283,286,:
65:66,67,68,69,70,71,76,77,:
66:65,67,68,69,70,76,77,:
67:65,66,68,69,70,71,72,73,75,76,77,78,82,168,272,:
68:65,66,67,69,70,71,72,76,77,78,79,81,82,271,272,:
69:65,66,67,68,70,71,72,73,75,76,77,78,79,81,82,85,88,134,137,138,272,274,:
70:65,66,67,68,69,71,72,73,74,75,76,77,168,:
71:65,67,68,69,70,72,73,74,75,134,136,137,166,168,:
72:67,68,69,70,71,73,74,75,134,136,163,164,166,167,168,:
73:67,69,70,71,72,74,75,134,135,136,137,168,:
74:70,71,72,73,75,134,135,136,137,140,163,168,:
75:67,69,70,71,72,73,74,85,136,137,:
76:65,66,67,68,69,70,77,78,79,80,81,82,270,271,272,:
77:65,66,67,68,69,70,76,78,79,81,82,270,271,:
78:67,68,69,76,77,79,80,81,82,83,88,271,273,:
79:68,69,76,77,78,80,81,82,83,84,85,86,87,88,:
80:76,78,79,81,82,83,86,87,88,:
81:68,69,76,77,78,79,80,82,83,84,85,86,87,88,:
82:67,68,69,76,77,78,79,80,81,83,84,85,86,87,88,:
83:78,79,80,81,82,84,85,86,87,88,:
84:79,81,82,83,85,86,87,88,:
85:69,75,79,81,82,83,84,86,87,88,:
86:79,80,81,82,83,84,85,87,88,450,451,:
87:79,80,81,82,83,84,85,86,88,137,138,450,451,452,453,454,:
88:69,78,79,80,81,82,83,84,85,86,87,137,138,:
89:90,91,92,93,94,95,146,147,149,:
90:89,91,92,94,95,146,147,148,149,455,:
91:89,90,92,93,94,95,96,149,:
92:89,90,91,93,94,95,:
93:89,91,92,94,:
94:89,90,91,92,93,95,96,97,98,100,146,149,:
95:89,90,91,92,94,96,97,98,99,100,147,149,:
96:91,94,95,97,98,99,100,110,111,149,480,:
97:94,95,96,98,99,100,103,104,106,110,111,112,120,121,146,147,148,149,:
98:94,95,96,97,99,100,111,480,:
99:95,96,97,98,100,110,111,115,118,480,:
100:94,95,96,97,98,99,478,480,:
101:102,103,104,105,106,107,108,110,:
102:101,103,104,105,106,107,108,:
103:97,101,102,104,105,106,107,108,109,110,111,112,:
104:97,101,102,103,105,106,107,108,110,111,112,113,115,120,121,191,:
105:101,102,103,104,106,107,110,111,112,115,191,201,203,:
106:97,101,102,103,104,105,107,108,109,110,111,121,145,146,:
107:101,102,103,104,105,106,108,109,110,:
108:101,102,103,104,106,107,109,145,146,:
109:103,106,107,108,145,244,:
110:96,97,99,101,103,104,105,106,107,111,112,113,114,115,116,120,121,:
111:96,97,98,99,103,104,105,106,110,112,113,114,115,120,121,122,146,147,148,:
112:97,103,104,105,110,111,113,114,115,116,117,120,121,122,201,203,:
113:10,33,35,45,48,50,104,110,111,112,114,115,116,120,121,122,123,124,:
114:2,3,5,10,11,14,17,33,34,35,45,48,50,110,111,112,113,115,116,120,121,122,123,203,:
115:50,99,104,105,110,111,112,113,114,116,117,118,119,120,121,191,:
116:17,50,110,112,113,114,115,117,118,119,190,201,203,635,636,637,:
117:17,19,50,112,115,116,118,119,190,509,635,636,637,:
118:17,19,50,99,115,116,117,119,190,507,508,509,637,:
119:17,19,50,115,116,117,118,508,509,629,632,633,635,636,637,:
120:35,45,48,97,104,110,111,112,113,114,115,121,122,123,124,125,126,148,157,:
121:97,104,106,110,111,112,113,114,115,120,122,123,124,141,145,146,147,148,157,:
122:10,13,35,45,48,111,112,113,114,120,121,123,124,125,126,127,141,148,:
123:13,35,38,113,114,120,121,122,124,125,126,127,128,129,130,133,139,140,141,148,151,156,157,:
124:35,38,113,120,121,122,123,125,126,127,128,129,133,140,141,142,143,145,148,150,151,152,155,156,157,:
125:13,35,36,38,120,122,123,124,126,127,128,129,130,131,132,133,139,141,148,151,:
126:12,13,21,35,36,53,120,122,123,124,125,127,128,130,132,133,139,458,:
127:13,38,122,123,124,125,126,128,129,130,131,132,133,134,139,141,151,:
128:123,124,125,126,127,129,130,131,132,133,134,135,136,137,138,139,140,141,150,151,158,159,:
129:123,124,125,127,128,130,131,133,134,135,136,139,140,141,143,150,151,152,153,155,158,159,160,163,164,165,166,167,168,:
130:13,53,56,123,125,126,127,128,129,131,132,133,139,277,278,:
131:56,63,125,127,128,129,130,132,133,166,167,277,278,:
132:6,7,13,24,36,38,39,53,55,56,125,126,127,128,130,131,:
133:123,124,125,126,127,128,129,130,131,134,135,136,137,138,139,140,141,148,151,159,:
134:69,71,72,73,74,127,128,129,133,135,136,137,138,139,140,141,142,151,159,166,168,:
135:73,74,128,129,133,134,136,137,138,139,140,141,142,143,144,145,148,150,151,158,159,:
136:71,72,73,74,75,128,129,133,134,135,137,140,141,142,143,144,150,151,158,159,160,163,:
137:69,71,73,74,75,87,88,128,133,134,135,136,138,139,140,141,148,:
138:69,87,88,128,133,134,135,137,139,141,277,278,455,:
139:123,125,126,127,128,129,130,133,134,135,137,138,140,141,148,277,278,455,458,:
140:74,123,124,128,129,133,134,135,136,137,139,141,142,143,144,145,146,147,148,149,150,151,159,:
141:121,122,123,124,125,127,128,129,133,134,135,136,137,138,139,140,142,143,145,146,147,148,149,150,151,455,:
142:124,134,135,136,140,141,143,144,145,146,147,148,150,151,152,159,:
143:124,129,135,136,140,141,142,144,145,146,150,151,152,153,154,155,156,157,158,159,:
144:135,136,140,142,143,145,150,151,152,153,154,158,159,:
145:106,108,109,121,124,135,140,141,142,143,144,146,147,148,149,150,151,157,:
146:89,90,94,97,106,108,111,121,140,141,142,143,145,147,148,149,455,:
147:89,90,95,97,111,121,140,141,142,145,146,148,149,454,455,:
148:90,97,111,120,121,122,123,124,125,133,135,137,139,140,141,142,145,146,147,149,151,454,455,:
149:89,90,91,94,95,96,97,140,141,145,146,147,148,452,454,455,:
150:124,128,129,135,136,140,141,142,143,144,145,151,152,153,154,155,156,157,158,159,:
151:123,124,125,127,128,129,133,134,135,136,140,141,142,143,144,145,148,150,152,153,155,156,157,158,159,:
152:124,129,142,143,144,150,151,153,154,155,156,157,158,159,160,182,:
153:129,143,144,150,151,152,154,155,156,157,158,159,160,161,162,163,170,180,181,182,:
154:143,144,150,152,153,155,158,159,160,161,162,169,170,171,174,175,179,180,181,182,:
155:7,8,38,41,124,129,143,150,151,152,153,154,156,157,158,159,180,181,182,245,:
156:7,8,38,40,41,123,124,143,150,151,152,153,155,157,245,:
157:35,38,41,120,121,123,124,143,145,150,151,152,153,155,156,:
158:128,129,135,136,143,144,150,151,152,153,154,155,159,160,161,162,163,164,165,170,180,182,185,:
159:128,129,133,134,135,136,140,142,143,144,150,151,152,153,154,155,158,160,161,163,164,165,166,182,:
160:129,136,152,153,154,158,159,161,162,163,164,165,166,170,179,183,184,185,:
161:153,154,158,159,160,162,163,164,170,:
162:153,154,158,160,161,163,169,170,:
163:72,74,129,136,153,158,159,160,161,162,164,165,166,167,168,185,:
164:72,129,158,159,160,161,163,165,166,167,168,183,184,185,:
165:129,158,159,160,163,164,166,167,168,179,182,183,184,185,:
166:71,72,129,131,134,159,160,163,164,165,167,168,274,:
167:72,129,131,163,164,165,166,168,272,274,:
168:67,70,71,72,73,74,129,134,163,164,165,166,167,274,:
169:154,162,170,171,172,173,174,175,:
170:153,154,158,160,161,162,169,171,172,174,175,:
171:154,169,170,172,173,174,175,176,:
172:169,170,171,173,174,175,:
173:169,171,172,174,:
174:154,169,170,171,172,173,175,176,177,178,179,:
175:154,169,170,171,172,174,176,177,178,179,180,181,:
176:171,174,175,177,178,179,180,181,182,183,184,754,755,757,759,:
177:174,175,176,178,179,180,181,182,183,184,185,754,755,756,:
178:174,175,176,177,179,180,181,183,184,185,754,755,756,:
179:154,160,165,174,175,176,177,178,180,181,182,183,184,185,754,755,759,:
180:41,153,154,155,158,175,176,177,178,179,181,182,183,184,185,759,:
181:41,153,154,155,175,176,177,178,179,180,182,183,185,759,:
182:41,152,153,154,155,158,159,165,176,177,179,180,181,183,184,185,759,:
183:160,164,165,176,177,178,179,180,181,182,184,185,747,754,:
184:160,164,165,176,177,178,179,180,182,183,185,747,755,:
185:158,160,163,164,165,177,178,179,180,181,182,183,184,747,:
186:187,188,189,190,191,192,193,194,:
187:186,188,189,190,191,192,193,194,195,626,:
188:186,187,189,190,191,192,193,194,195,196,198,624,625,626,636,:
189:186,187,188,190,193,194,195,196,198,622,623,624,625,626,627,633,635,636,637,:
190:116,117,118,186,187,188,189,191,192,193,194,:
191:104,105,115,186,187,188,190,192,193,194,:
192:186,187,188,190,191,193,194,:
193:186,187,188,189,190,191,192,194,195,196,197,198,199,201,625,626,:
194:186,187,188,189,190,191,192,193,195,196,197,198,199,:
195:187,188,189,193,194,196,197,198,199,200,201,208,625,626,636,:
196:188,189,193,194,195,197,198,199,207,208,625,626,:
197:193,194,195,196,198,199,207,208,209,212,:
198:188,189,193,194,195,196,197,199,200,201,202,203,252,636,:
199:193,194,195,196,197,198,200,201,202,203,204,238,636,:
200:195,198,199,201,202,203,204,205,206,212,214,238,634,635,636,:
201:105,112,116,193,195,198,199,200,202,203,204,205,238,636,:
202:198,199,200,201,203,204,205,206,214,238,239,575,634,635,636,:
203:33,105,112,114,116,198,199,200,201,202,204,205,206,238,239,635,636,:
204:30,33,199,200,201,202,203,205,206,238,239,553,575,635,636,:
205:1,2,5,30,31,32,33,34,200,201,202,203,204,206,238,239,551,553,573,574,575,636,:
206:1,2,30,31,32,33,34,200,202,203,204,205,239,551,553,573,574,575,:
207:196,197,208,209,210,211,212,213,:
208:195,196,197,207,209,210,212,213,:
209:197,207,208,210,211,212,213,214,215,:
210:207,208,209,211,212,213,215,:
211:207,209,210,212,213,215,:
212:197,200,207,208,209,210,211,213,214,215,216,217,253,:
213:207,208,209,210,211,212,214,215,216,217,218,253,254,:
214:200,202,209,212,213,215,216,217,218,219,:
215:209,210,211,212,213,214,216,217,218,219,220,253,254,:
216:212,213,214,215,217,218,219,220,:
217:212,213,214,215,216,218,219,220,234,253,254,:
218:213,214,215,216,217,219,220,234,235,236,:
219:214,215,216,217,218,220,234,235,572,583,:
220:215,216,217,218,219,234,583,585,:
221:222,223,224,225,226,227,228,229,230,:
222:221,223,224,226,227,228,229,230,:
223:221,222,224,225,226,227,228,229,230,231,:
224:221,222,223,225,226,227,228,229,230,231,232,233,234,:
225:221,223,224,226,228,229,230,231,232,233,240,:
226:221,222,223,224,225,227,228,229,230,:
227:221,222,223,224,226,228,:
228:221,222,223,224,225,226,227,229,230,761,:
229:221,222,223,224,225,226,228,230,231,232,233,234,235,240,:
230:221,222,223,224,225,226,228,229,231,232,233,234,235,:
231:223,224,225,229,230,232,233,234,235,236,237,240,241,246,248,:
232:224,225,229,230,231,233,234,235,236,237,240,241,242,243,244,245,246,247,248,:
233:224,225,229,230,231,232,234,235,240,241,242,243,246,247,248,:
234:217,218,219,220,224,229,230,231,232,233,235,236,237,238,239,240,246,248,254,:
235:218,219,229,230,231,232,233,234,236,237,238,239,240,246,248,254,:
236:218,231,232,234,235,237,238,239,240,246,247,248,249,252,253,254,:
237:40,42,231,232,234,235,236,238,239,240,246,572,573,574,:
238:199,200,201,202,203,204,205,234,235,236,237,239,246,247,248,252,253,254,:
239:34,40,202,203,204,205,206,234,235,236,237,238,246,248,572,573,574,575,:
240:225,229,231,232,233,234,235,236,237,241,242,243,244,245,246,247,248,:
241:231,232,233,240,242,243,244,245,246,247,248,249,:
242:232,233,240,241,243,244,245,246,247,248,249,250,251,252,254,:
243:232,233,240,241,242,244,247,248,249,250,251,:
244:109,232,240,241,242,243,245,246,247,248,:
245:155,156,232,240,241,242,244,246,248,:
246:231,232,233,234,235,236,237,238,239,240,241,242,244,245,247,248,:
247:232,233,236,238,240,241,242,243,244,246,248,249,250,251,252,253,254,:
248:231,232,233,234,235,236,238,239,240,241,242,243,244,245,246,247,249,250,252,253,254,:
249:236,241,242,243,247,248,250,251,252,253,254,:
250:242,243,247,248,249,251,252,253,254,:
251:242,243,247,249,250,252,253,:
252:198,236,238,242,247,248,249,250,251,253,254,:
253:212,213,215,217,236,238,247,248,249,250,251,252,254,:
254:213,215,217,234,235,236,238,242,247,248,249,250,252,253,:
255:256,257,258,259,260,261,262,263,:
256:255,257,258,260,261,262,263,264,426,:
257:255,256,258,259,260,261,262,263,:
258:255,256,257,259,260,261,:
259:255,257,258,260,:
260:255,256,257,258,259,261,262,263,264,294,304,:
261:255,256,257,258,260,262,263,264,293,294,295,426,:
262:255,256,257,260,261,263,264,300,425,426,430,:
263:255,256,257,260,261,262,264,425,426,427,430,:
264:256,260,261,262,263,295,296,298,300,425,426,430,435,:
265:266,267,268,269,270,271,279,280,:
266:265,267,268,269,270,:
267:265,266,268,269,270,271,272,273,279,280,281,291,732,:
268:265,266,267,269,270,271,272,273,279,280,281,282,284,286,290,291,:
269:265,266,267,268,270,279,280,281,282,284,290,291,294,309,722,:
270:76,77,265,266,267,268,269,271,272,273,274,275,279,280,291,:
271:68,76,77,78,265,267,268,270,272,273,274,275,276,279,280,291,:
272:67,68,69,76,167,267,268,270,271,273,274,275,276,277,279,280,286,:
273:62,78,267,268,270,271,272,274,275,276,277,278,279,280,290,291,295,296,298,300,:
274:62,64,69,166,167,168,270,271,272,273,275,276,277,278,280,286,:
275:28,62,64,270,271,272,273,274,276,277,278,280,296,298,299,300,:
276:28,62,63,64,271,272,273,274,275,277,278,280,286,:
277:25,28,56,57,62,63,64,130,131,138,139,272,273,274,275,276,278,:
278:23,25,28,53,56,57,64,130,131,138,139,273,274,275,276,277,:
279:62,265,267,268,269,270,271,272,273,280,281,282,283,284,285,286,290,291,:
280:62,265,267,268,269,270,271,272,273,274,275,276,279,281,282,283,284,285,286,287,290,291,:
281:62,267,268,269,279,280,282,283,284,285,286,287,289,290,291,292,715,:
282:28,61,62,268,269,279,280,281,283,284,285,286,290,291,292,293,294,295,296,297,715,:
283:27,28,60,61,62,63,64,279,280,281,282,284,285,286,287,290,291,292,295,296,297,:
284:62,268,269,279,280,281,282,283,285,286,287,288,289,290,291,707,715,722,:
285:28,62,63,279,280,281,282,283,284,286,287,288,289,707,730,733,:
286:27,28,62,63,64,268,272,274,276,279,280,281,282,283,284,285,287,288,289,:
287:28,62,63,280,281,283,284,285,286,288,289,320,321,322,323,706,707,708,709,728,730,751,:
288:28,62,63,284,285,286,287,289,319,320,321,322,323,707,709,730,749,751,:
289:281,284,285,286,287,288,320,321,322,702,705,706,707,708,709,710,728,729,730,751,:
290:62,268,269,273,279,280,281,282,283,284,291,292,293,294,295,296,297,301,302,:
291:267,268,269,270,271,273,279,280,281,282,283,284,290,292,293,294,295,296,301,:
292:281,282,283,290,291,293,294,295,296,297,298,301,302,303,:
293:261,282,290,291,292,294,295,296,301,302,303,304,305,306,307,309,:
294:260,261,269,282,290,291,292,293,295,301,302,303,304,306,309,:
295:261,264,273,282,283,290,291,292,293,294,296,297,298,299,300,301,302,:
296:60,264,273,275,282,283,290,291,292,293,295,297,298,299,300,:
297:27,28,60,61,62,282,283,290,292,295,296,298,299,300,:
298:60,264,273,275,292,295,296,297,299,300,444,:
299:23,57,60,275,295,296,297,298,300,423,443,444,:
300:262,264,273,275,295,296,297,298,299,:
301:290,291,292,293,294,295,302,303,304,305,306,307,:
302:290,292,293,294,295,301,303,304,305,306,307,433,:
303:292,293,294,301,302,304,305,306,307,308,309,:
304:260,293,294,301,302,303,305,306,307,:
305:293,301,302,303,304,306,432,:
306:293,294,301,302,303,304,305,307,308,309,:
307:293,301,302,303,304,306,308,309,714,715,716,:
308:303,306,307,309,:
309:269,293,294,303,306,307,308,:
310:311,312,313,314,315,316,324,325,682,701,:
311:310,312,313,314,315,324,682,:
312:310,311,313,314,315,316,317,318,324,325,326,:
313:310,311,312,314,315,316,317,324,325,326,327,329,333,334,:
314:310,311,312,313,315,324,325,326,327,333,334,682,:
315:310,311,312,313,314,316,317,318,319,320,324,325,682,695,700,701,702,705,:
316:310,312,313,315,317,318,319,320,321,324,325,339,700,705,:
317:312,313,315,316,318,319,320,321,322,323,324,325,339,:
318:312,315,316,317,319,320,321,322,339,683,695,696,700,702,705,:
319:288,315,316,317,318,320,321,322,323,339,748,:
320:59,61,63,287,288,289,315,316,317,318,319,321,322,323,339,:
321:59,63,287,288,289,316,317,318,319,320,322,323,339,560,:
322:26,28,59,61,63,287,288,289,317,318,319,320,321,323,560,:
323:59,63,287,288,317,319,320,321,322,560,748,:
324:310,311,312,313,314,315,316,317,325,326,327,328,329,330,332,333,334,:
325:310,312,313,314,315,316,317,324,326,327,328,329,330,333,334,:
326:312,313,314,324,325,327,328,329,330,331,332,333,334,335,:
327:313,314,324,325,326,328,329,330,333,334,335,336,337,338,339,562,:
328:324,325,326,327,329,333,334,335,338,339,556,557,559,561,562,563,566,607,609,:
329:313,324,325,326,327,328,330,331,332,333,562,566,:
330:324,325,326,327,329,331,332,:
331:326,329,330,332,741,:
332:324,326,329,330,331,:
333:313,314,324,325,326,327,328,329,334,335,336,337,338,339,340,341,:
334:313,314,324,325,326,327,328,333,335,336,337,338,339,340,679,:
335:326,327,328,333,334,336,337,338,339,340,341,342,542,556,679,:
336:327,333,334,335,337,338,340,341,342,343,344,345,346,542,679,685,:
337:327,333,334,335,336,338,340,341,342,343,345,346,678,679,680,683,685,:
338:327,328,333,334,335,336,337,339,340,341,542,556,560,684,685,687,:
339:59,316,317,318,319,320,321,327,328,333,334,335,338,556,559,560,:
340:333,334,335,336,337,338,341,342,343,344,345,346,347,348,349,350,539,542,679,685,:
341:333,335,336,337,338,340,342,343,344,345,346,349,538,539,540,541,542,608,609,:
342:335,336,337,340,341,343,344,345,346,347,348,349,350,351,539,668,679,:
343:336,337,340,341,342,344,345,346,348,349,350,351,352,353,354,539,668,685,687,:
344:336,340,341,342,343,345,348,349,350,351,352,363,364,370,372,535,536,538,539,542,687,:
345:336,337,340,341,342,343,344,346,347,348,349,350,404,:
346:336,337,340,341,342,343,345,347,348,403,404,608,:
347:340,342,345,346,348,402,403,404,608,:
348:340,342,343,344,345,346,347,349,350,353,404,668,:
349:340,341,342,343,344,345,348,350,351,352,353,354,355,363,364,665,668,685,687,:
350:340,342,343,344,345,348,349,351,352,353,354,664,665,667,668,679,685,687,:
351:342,343,344,349,350,352,353,354,355,356,357,363,364,365,531,665,668,687,:
352:343,344,349,350,351,353,354,355,356,363,364,365,366,367,368,369,370,531,665,:
353:343,348,349,350,351,352,354,355,356,363,364,365,368,664,665,668,:
354:343,349,350,351,352,353,355,356,357,358,359,363,364,665,668,671,673,674,675,687,:
355:349,351,352,353,354,356,357,358,359,360,363,364,525,531,674,675,676,:
356:351,352,353,354,355,357,358,359,360,361,362,363,364,:
357:351,354,355,356,358,359,360,361,519,525,674,675,676,677,689,690,:
358:354,355,356,357,359,360,361,362,519,:
359:354,355,356,357,358,360,361,362,441,443,518,519,525,676,677,:
360:355,356,357,358,359,361,362,441,516,518,519,525,:
361:356,357,358,359,360,362,436,439,440,441,443,516,517,518,519,:
362:356,358,359,360,361,436,441,516,519,:
363:344,349,351,352,353,354,355,356,364,365,366,367,368,369,370,528,530,531,:
364:344,349,351,352,353,354,355,356,363,365,366,367,368,369,370,527,528,529,530,531,533,535,:
365:351,352,353,363,364,366,367,368,369,370,371,:
366:352,363,364,365,367,368,369,370,371,377,378,528,531,:
367:352,363,364,365,366,368,369,371,377,378,513,527,528,529,530,531,532,:
368:352,353,363,364,365,366,367,369,370,371,372,373,:
369:352,363,364,365,366,367,368,370,371,372,373,374,:
370:344,352,363,364,365,366,368,369,371,372,373,374,375,530,531,539,:
371:365,366,367,368,369,370,372,373,374,375,376,377,532,:
372:344,368,369,370,371,373,374,375,376,409,532,533,534,535,538,539,:
373:368,369,370,371,372,374,375,376,382,532,:
374:369,370,371,372,373,375,376,409,532,:
375:370,371,372,373,374,376,409,412,413,497,498,:
376:371,372,373,374,375,409,411,412,413,:
377:366,367,371,378,379,380,381,382,383,:
378:366,367,377,379,380,381,382,510,513,527,528,532,:
379:377,378,380,381,382,383,384,:
380:377,378,379,381,382,383,:
381:377,378,379,380,382,383,:
382:373,377,378,379,380,381,383,384,385,386,497,532,:
383:377,379,380,381,382,384,385,386,491,497,653,656,660,:
384:379,382,383,385,386,490,491,492,496,497,652,653,654,655,656,658,:
385:382,383,384,386,487,488,489,490,491,492,496,497,652,653,654,655,656,:
386:382,383,384,385,490,491,492,496,497,498,651,652,653,654,655,656,658,659,:
387:388,389,390,391,392,393,:
388:387,389,390,392,:
389:387,388,390,391,392,393,394,:
390:387,388,389,391,392,393,:
391:387,389,390,392,393,:
392:387,388,389,390,391,393,394,395,:
393:387,389,390,391,392,394,395,396,397,398,:
394:389,392,393,395,396,397,398,399,674,675,676,:
395:392,393,394,396,397,398,399,432,675,676,677,:
396:393,394,395,397,398,399,675,676,677,:
397:393,394,395,396,398,399,671,673,674,675,676,677,:
398:393,394,395,396,397,399,:
399:394,395,396,397,398,676,677,:
400:401,402,403,404,405,406,:
401:400,402,403,405,:
402:347,400,401,403,404,405,406,407,408,:
403:346,347,400,401,402,404,405,406,407,606,:
404:345,346,347,348,400,402,403,405,406,407,606,608,:
405:400,401,402,403,404,406,407,408,409,410,:
406:400,402,403,404,405,407,408,409,410,411,:
407:402,403,404,405,406,408,409,410,411,412,606,:
408:402,405,406,407,409,410,411,412,413,602,:
409:372,374,375,376,405,406,407,408,410,411,412,413,606,:
410:405,406,407,408,409,411,412,413,601,602,606,616,617,:
411:376,406,407,408,409,410,412,413,606,616,617,:
412:375,376,407,408,409,410,411,413,543,544,545,615,616,617,:
413:375,376,408,409,410,411,412,615,616,617,:
414:415,416,417,418,419,420,421,468,470,472,:
415:414,416,417,418,419,420,421,422,468,470,471,472,517,522,:
416:414,415,417,418,419,420,421,422,424,:
417:414,415,416,418,419,420,421,422,424,:
418:414,415,416,417,419,420,421,422,424,439,442,:
419:414,415,416,417,418,420,421,422,423,424,467,469,471,:
420:414,415,416,417,418,419,421,422,423,424,442,457,471,521,522,523,:
421:414,415,416,417,418,419,420,422,423,424,442,444,471,472,517,518,520,521,522,523,:
422:415,416,417,418,419,420,421,423,424,442,444,457,459,521,522,523,:
423:299,419,420,421,422,424,442,444,457,459,521,522,523,:
424:416,417,418,419,420,421,422,423,457,:
425:262,263,264,426,427,428,429,430,431,434,435,:
426:256,261,262,263,264,425,427,428,430,434,435,:
427:263,425,426,428,429,430,431,432,433,434,435,436,:
428:425,426,427,429,430,431,432,434,435,436,437,438,439,:
429:425,427,428,430,431,432,434,435,436,437,438,:
430:262,263,264,425,426,427,428,429,431,432,433,434,435,:
431:425,427,428,429,430,432,433,434,435,:
432:305,395,427,428,429,430,431,433,:
433:302,427,430,431,432,:
434:425,426,427,428,429,430,431,435,436,437,438,439,440,441,442,:
435:264,425,426,427,428,429,430,431,434,436,437,439,440,441,442,:
436:361,362,427,428,429,434,435,437,438,439,440,441,442,:
437:428,429,434,435,436,438,439,440,:
438:428,429,434,436,437,439,:
439:361,418,428,434,435,436,437,438,440,441,442,443,444,:
440:361,434,435,436,437,439,441,442,443,444,517,518,:
441:359,360,361,362,434,435,436,439,440,442,443,444,516,517,518,519,:
442:418,420,421,422,423,434,435,436,439,440,441,443,444,517,521,522,:
443:299,359,361,439,440,441,442,444,517,518,519,520,521,524,525,:
444:298,299,421,422,423,439,440,441,442,443,517,518,520,521,522,523,:
445:446,447,448,449,450,451,462,:
446:445,447,448,450,451,:
447:445,446,448,449,450,451,452,453,457,462,:
448:445,446,447,449,450,451,452,453,461,462,466,474,:
449:445,447,448,450,451,453,461,462,463,464,466,473,474,478,479,:
450:86,87,445,446,447,448,449,451,452,453,454,456,457,:
451:86,87,445,446,447,448,449,450,452,453,454,455,456,457,458,459,:
452:87,149,447,448,450,451,453,454,455,456,457,458,:
453:87,447,448,449,450,451,452,454,455,456,457,458,459,460,:
454:87,147,148,149,450,451,452,453,455,456,457,458,460,480,:
455:90,138,139,141,146,147,148,149,451,452,453,454,456,458,480,:
456:450,451,452,453,454,455,457,458,459,460,480,:
457:420,422,423,424,447,450,451,452,453,454,456,458,459,460,469,:
458:13,47,48,53,126,139,451,452,453,454,455,456,457,459,460,480,:
459:22,23,29,422,423,451,453,456,457,458,460,471,523,:
460:12,13,14,20,21,22,23,29,47,48,53,453,454,456,457,458,459,:
461:448,449,462,463,464,465,466,467,473,474,:
462:445,447,448,449,461,463,464,466,467,473,474,:
463:449,461,462,464,465,466,467,468,469,473,474,475,:
464:449,461,462,463,465,466,467,468,469,473,474,475,476,477,478,483,:
465:461,463,464,466,467,468,473,474,475,476,477,482,483,487,488,489,:
466:448,449,461,462,463,464,465,467,468,469,470,471,473,474,:
467:419,461,462,463,464,465,466,468,469,470,471,472,473,474,:
468:414,415,463,464,465,466,467,469,470,471,472,:
469:419,457,463,464,466,467,468,470,471,472,473,474,481,494,:
470:414,415,466,467,468,469,471,472,489,494,514,:
471:415,419,420,421,459,466,467,468,469,470,472,489,493,494,495,522,:
472:414,415,421,467,468,469,470,471,489,493,494,514,522,:
473:449,461,462,463,464,465,466,467,469,474,475,476,477,478,479,481,483,:
474:448,449,461,462,463,464,465,466,467,469,473,475,476,478,479,481,:
475:463,464,465,473,474,476,477,478,479,480,481,483,:
476:464,465,473,474,475,477,478,479,482,483,500,:
477:464,465,473,475,476,478,482,483,484,485,487,499,500,501,504,505,507,:
478:100,449,464,473,474,475,476,477,479,480,481,:
479:449,473,474,475,476,478,480,481,:
480:48,96,98,99,100,454,455,456,458,475,478,479,481,:
481:15,47,48,469,473,474,475,478,479,480,493,494,495,:
482:465,476,477,483,484,485,486,487,488,499,500,:
483:464,465,473,475,476,477,482,484,485,487,488,489,499,500,:
484:477,482,483,485,486,487,488,489,499,500,501,:
485:477,482,483,484,486,487,488,499,500,501,502,503,504,:
486:482,484,485,487,499,500,501,502,503,653,:
487:385,465,477,482,483,484,485,486,488,489,490,491,499,500,654,:
488:385,465,482,483,484,485,487,489,490,491,492,494,:
489:385,465,470,471,472,483,484,487,488,490,491,492,493,494,495,496,:
490:384,385,386,487,488,489,491,492,493,494,495,496,497,498,:
491:383,384,385,386,487,488,489,490,492,493,494,496,497,498,654,655,656,:
492:384,385,386,488,489,490,491,493,494,495,496,497,498,:
493:49,471,472,481,489,490,491,492,494,495,496,497,498,:
494:469,470,471,472,481,488,489,490,491,492,493,495,496,498,:
495:15,16,47,49,471,481,489,490,492,493,494,496,497,498,534,:
496:16,18,49,51,384,385,386,489,490,491,492,493,494,495,497,498,532,534,655,656,:
497:51,375,382,383,384,385,386,490,491,492,493,495,496,498,532,654,655,656,:
498:16,18,49,51,375,386,490,491,492,493,494,495,496,497,529,532,533,534,655,656,:
499:477,482,483,484,485,486,487,500,501,502,503,504,505,507,657,:
500:476,477,482,483,484,485,486,487,499,501,502,504,505,507,:
501:477,484,485,486,499,500,502,503,504,505,506,507,:
502:485,486,499,500,501,503,504,505,:
503:485,486,499,501,502,504,:
504:477,485,499,500,501,502,503,505,506,507,508,509,:
505:477,499,500,501,502,504,506,507,508,509,657,:
506:501,504,505,507,508,509,623,657,:
507:118,477,499,500,501,504,505,506,508,509,657,:
508:118,119,504,505,506,507,509,623,657,:
509:117,118,119,504,505,506,507,508,657,:
510:378,511,512,513,514,515,516,527,528,:
511:510,512,513,514,515,:
512:510,511,513,514,515,516,517,527,528,529,:
513:367,378,510,511,512,514,515,516,517,518,519,527,528,529,530,532,:
514:470,472,510,511,512,513,515,516,517,527,528,529,532,:
515:510,511,512,513,514,516,517,518,519,527,528,:
516:360,361,362,441,510,512,513,514,515,517,518,519,520,527,528,:
517:361,415,421,440,441,442,443,444,512,513,514,515,516,518,519,520,521,522,523,524,525,527,528,:
518:359,360,361,421,440,441,443,444,513,515,516,517,519,520,521,522,523,524,525,526,527,528,529,530,531,:
519:357,358,359,360,361,362,441,443,513,515,516,517,518,520,521,522,524,525,526,527,528,529,530,531,:
520:29,421,443,444,516,517,518,519,521,522,523,524,525,526,529,530,531,:
521:22,23,29,420,421,422,423,442,443,444,517,518,519,520,522,523,524,525,526,:
522:29,415,420,421,422,423,442,444,471,472,517,518,519,520,521,523,524,526,:
523:22,23,29,420,421,422,423,444,459,517,518,520,521,522,524,525,526,:
524:22,23,29,443,517,518,519,520,521,522,523,525,526,530,531,533,535,690,691,:
525:29,355,357,359,360,443,517,518,519,520,521,523,524,526,530,531,533,535,689,690,691,:
526:21,22,23,24,29,52,54,518,519,520,521,522,523,524,525,530,531,533,535,690,691,:
527:364,367,378,510,512,513,514,515,516,517,518,519,528,529,530,531,532,533,534,:
528:363,364,366,367,378,510,512,513,514,515,516,517,518,519,527,529,530,531,532,:
529:364,367,498,512,513,514,518,519,520,527,528,530,531,532,533,534,535,:
530:363,364,367,370,513,518,519,520,524,525,526,527,528,529,531,532,533,534,535,536,:
531:351,352,355,363,364,366,367,370,518,519,520,524,525,526,527,528,529,530,532,533,534,535,:
532:367,371,372,373,374,378,382,496,497,498,513,514,527,528,529,530,531,533,534,:
533:364,372,498,524,525,526,527,529,530,531,532,534,535,536,537,538,539,:
534:49,52,372,495,496,498,527,529,530,531,532,533,535,536,537,538,539,:
535:52,344,364,372,524,525,526,529,530,531,533,534,536,537,538,539,540,:
536:20,46,49,52,54,344,530,533,534,535,537,538,539,540,541,542,543,:
537:11,12,16,20,21,29,46,47,49,52,54,533,534,535,536,538,539,540,541,543,:
538:52,341,344,372,533,534,535,536,537,539,540,541,542,543,544,554,555,:
539:340,341,342,343,344,370,372,533,534,535,536,537,538,540,541,542,543,:
540:4,46,341,535,536,537,538,539,541,542,543,544,545,546,550,554,555,556,:
541:4,341,536,537,538,539,540,542,543,544,545,554,555,556,557,558,559,560,609,:
542:335,336,338,340,341,344,536,538,539,540,541,543,544,554,555,556,557,559,608,609,:
543:412,536,537,538,539,540,541,542,544,545,546,547,549,550,554,555,608,:
544:32,412,538,540,541,542,543,545,546,547,548,549,550,551,552,554,555,:
545:32,412,540,541,543,544,546,547,548,549,550,551,554,555,558,604,606,608,609,:
546:1,4,31,32,540,543,544,545,547,548,549,550,551,552,553,555,:
547:31,32,543,544,545,546,548,549,550,551,553,558,593,594,618,:
548:32,544,545,546,547,549,551,558,568,593,594,596,598,600,618,:
549:1,30,31,32,543,544,545,546,547,548,550,551,552,553,558,594,618,:
550:1,3,4,10,15,16,18,32,33,46,49,51,540,543,544,545,546,547,549,551,552,553,555,:
551:1,30,31,32,33,205,206,544,545,546,547,548,549,550,552,553,575,618,:
552:1,2,3,10,15,16,17,18,19,32,33,45,46,51,544,546,549,550,551,553,:
553:1,2,30,32,33,204,205,206,546,547,549,550,551,552,633,635,637,:
554:4,31,538,540,541,542,543,544,545,555,556,557,558,559,560,561,562,:
555:1,2,3,4,31,32,36,37,46,538,540,541,542,543,544,545,546,550,554,556,557,558,559,560,:
556:4,31,328,335,338,339,540,541,542,554,555,557,558,559,560,561,562,563,:
557:1,31,37,328,541,542,554,555,556,558,559,561,562,563,564,565,566,567,:
558:1,2,4,6,30,31,32,36,37,44,541,545,547,548,549,554,555,556,557,559,561,562,563,564,565,567,568,574,:
559:4,31,36,37,328,339,541,542,554,555,556,557,558,560,561,562,:
560:24,54,55,59,321,322,323,338,339,541,554,555,556,559,:
561:328,554,556,557,558,559,562,563,564,565,566,567,568,607,:
562:327,328,329,554,556,557,558,559,561,563,564,565,566,607,609,:
563:328,556,557,558,561,562,564,565,566,567,568,569,577,596,607,:
564:31,44,557,558,561,562,563,565,566,567,568,569,570,572,573,574,576,577,596,:
565:9,37,42,43,44,557,558,561,562,563,564,566,567,568,569,570,574,740,:
566:328,329,557,561,562,563,564,565,567,568,577,580,607,741,:
567:44,557,558,561,563,564,565,566,568,569,570,571,572,573,574,575,576,577,595,596,597,:
568:548,558,561,563,564,565,566,567,569,570,572,573,574,575,576,577,580,595,596,597,:
569:9,42,44,563,564,565,567,568,570,571,572,573,574,575,576,577,578,596,597,:
570:564,565,567,568,569,571,572,573,576,577,578,579,580,581,582,583,596,597,:
571:42,567,569,570,572,576,577,578,581,742,761,:
572:30,42,44,219,237,239,564,567,568,569,570,571,573,574,575,576,577,596,597,:
573:1,30,31,32,34,37,40,42,44,205,206,237,239,564,567,568,569,570,572,574,575,597,:
574:1,2,5,6,8,9,30,31,32,33,34,37,40,42,44,205,206,237,239,558,564,565,567,568,569,572,573,575,:
575:1,30,31,32,202,204,205,206,239,551,567,568,569,572,573,574,597,:
576:564,567,568,569,570,571,572,577,578,579,580,581,582,583,595,596,597,:
577:563,564,566,567,568,569,570,571,572,576,578,579,580,581,582,583,584,585,595,596,597,:
578:569,570,571,576,577,579,580,581,582,583,584,:
579:570,576,577,578,580,581,582,584,:
580:566,568,570,576,577,578,579,581,582,584,595,596,:
581:570,571,576,577,578,579,580,582,583,584,585,586,:
582:570,576,577,578,579,580,581,583,584,585,586,587,595,597,:
583:219,220,570,576,577,578,581,582,584,585,586,587,588,595,596,597,:
584:577,578,579,580,581,582,583,585,586,587,588,589,:
585:220,577,581,582,583,584,586,587,588,589,592,595,596,597,:
586:581,582,583,584,585,587,588,589,590,591,595,:
587:582,583,584,585,586,588,589,590,591,592,595,597,:
588:583,584,585,586,587,589,590,591,592,:
589:584,585,586,587,588,590,591,592,595,:
590:586,587,588,589,591,592,593,594,595,596,597,598,599,:
591:586,587,588,589,590,592,593,595,596,598,599,:
592:585,587,588,589,590,591,593,594,595,596,597,598,599,600,:
593:547,548,590,591,592,594,595,596,597,598,599,600,601,602,603,:
594:547,548,549,590,592,593,595,596,597,598,599,600,601,602,618,:
595:567,568,576,577,580,582,583,585,586,587,589,590,591,592,593,594,596,597,598,599,:
596:548,563,564,567,568,569,570,572,576,577,580,583,585,590,591,592,593,594,595,597,598,:
597:567,568,569,570,572,573,575,576,577,582,583,585,587,590,592,593,594,595,596,:
598:548,590,591,592,593,594,595,596,599,600,601,602,603,604,605,:
599:590,591,592,593,594,595,598,600,601,603,604,605,:
600:548,592,593,594,598,599,601,602,603,604,605,606,617,:
601:410,593,594,598,599,600,602,603,604,610,611,616,617,:
602:408,410,593,594,598,600,601,603,610,611,612,615,616,617,618,:
603:593,598,599,600,601,602,604,605,606,607,608,:
604:545,598,599,600,601,603,605,606,607,608,609,:
605:598,599,600,603,604,606,607,608,609,:
606:403,404,407,409,410,411,545,600,603,604,605,607,608,609,:
607:328,561,562,563,566,603,604,605,606,608,609,:
608:341,346,347,404,542,543,545,603,604,605,606,607,609,:
609:328,341,541,542,545,562,604,605,606,607,608,:
610:601,602,611,612,613,614,615,616,617,618,:
611:601,602,610,612,613,615,616,617,618,:
612:602,610,611,613,614,615,616,617,618,:
613:610,611,612,614,615,616,617,618,:
614:610,612,613,615,616,617,638,640,643,644,646,648,:
615:412,413,602,610,611,612,613,614,616,617,618,:
616:410,411,412,413,601,602,610,611,612,613,614,615,617,618,:
617:410,411,412,413,600,601,602,610,611,612,613,614,615,616,618,:
618:547,548,549,551,594,602,610,611,612,613,615,616,617,632,:
619:620,621,622,623,624,625,626,627,628,639,:
620:619,621,622,624,625,626,627,628,:
621:619,620,622,623,624,625,626,627,628,629,639,:
622:189,619,620,621,623,624,625,626,627,628,629,630,632,633,638,639,:
623:189,506,508,619,621,622,624,625,626,627,628,629,630,638,639,:
624:188,189,619,620,621,622,623,625,626,627,628,:
625:188,189,193,195,196,619,620,621,622,623,624,626,627,628,:
626:187,188,189,193,195,196,619,620,621,622,623,624,625,627,628,629,633,634,635,636,:
627:189,619,620,621,622,623,624,625,626,628,629,630,631,632,633,634,635,637,638,639,:
628:619,620,621,622,623,624,625,626,627,629,630,632,633,634,635,638,639,:
629:119,621,622,623,626,627,628,630,631,632,633,634,635,637,638,639,640,:
630:622,623,627,628,629,631,632,633,638,639,640,641,643,649,650,:
631:51,627,629,630,632,638,639,640,641,649,650,655,:
632:119,618,622,627,628,629,630,631,633,634,635,636,637,638,639,:
633:119,189,553,622,626,627,628,629,630,632,634,635,636,637,:
634:200,202,626,627,628,629,632,633,635,636,637,:
635:116,117,119,189,200,202,203,204,553,626,627,628,629,632,633,634,636,637,:
636:116,117,119,188,189,195,198,199,200,201,202,203,204,205,626,632,633,634,635,637,:
637:116,117,118,119,189,553,627,629,632,633,634,635,636,:
638:614,622,623,627,628,629,630,631,632,639,640,641,642,643,644,649,650,:
639:619,621,622,623,627,628,629,630,631,632,638,640,641,642,643,:
640:614,629,630,631,638,639,641,642,643,644,645,646,649,650,651,659,:
641:630,631,638,639,640,642,643,644,645,649,650,651,652,654,658,659,:
642:638,639,640,641,643,644,645,649,650,651,652,658,659,:
643:614,630,638,639,640,641,642,644,645,646,647,648,649,650,:
644:614,638,640,641,642,643,645,646,647,648,659,:
645:640,641,642,643,644,646,647,648,649,658,659,660,661,663,:
646:614,640,643,644,645,647,648,:
647:643,644,645,646,648,:
648:614,643,644,645,646,647,:
649:630,631,638,640,641,642,643,645,650,651,652,653,654,655,656,657,658,659,:
650:630,631,638,640,641,642,643,649,651,652,654,655,656,657,658,659,:
651:386,640,641,642,649,650,652,653,654,655,656,657,658,659,660,:
652:384,385,386,641,642,649,650,651,653,654,655,656,657,658,659,660,661,663,:
653:383,384,385,386,486,649,651,652,654,655,656,658,659,660,661,662,:
654:384,385,386,487,491,497,641,649,650,651,652,653,655,656,657,658,659,:
655:18,51,384,385,386,491,496,497,498,631,649,650,651,652,653,654,656,657,658,659,:
656:51,383,384,385,386,491,496,497,498,649,650,651,652,653,654,655,657,658,659,:
657:499,505,506,507,508,509,649,650,651,652,654,655,656,:
658:384,386,641,642,645,649,650,651,652,653,654,655,656,659,660,661,662,663,:
659:386,640,641,642,644,645,649,650,651,652,653,654,655,656,658,660,661,663,:
660:383,645,651,652,653,658,659,661,662,663,:
661:645,652,653,658,659,660,662,663,:
662:653,658,660,661,663,:
663:645,652,658,659,660,661,662,:
664:350,353,665,666,667,668,669,670,672,:
665:349,350,351,352,353,354,664,666,667,668,669,670,672,:
666:664,665,667,668,669,670,671,672,:
667:350,664,665,666,668,669,670,671,678,:
668:342,343,348,349,350,351,353,354,664,665,666,667,669,670,671,678,679,:
669:664,665,666,667,668,670,671,672,673,674,:
670:664,665,666,667,668,669,671,672,673,674,675,:
671:354,397,666,667,668,669,670,672,673,674,675,676,677,678,680,:
672:664,665,666,669,670,671,673,674,675,676,:
673:354,397,669,670,671,672,674,675,676,677,:
674:354,355,357,394,397,669,670,671,672,673,675,676,677,:
675:354,355,357,394,395,396,397,670,671,672,673,674,676,677,:
676:355,357,359,394,395,396,397,399,671,672,673,674,675,677,:
677:357,359,395,396,397,399,671,673,674,675,676,686,688,689,:
678:337,667,668,671,679,680,681,682,683,684,685,692,693,:
679:334,335,336,337,340,342,350,668,678,680,681,682,683,684,685,:
680:337,671,678,679,681,682,683,684,685,686,692,693,694,:
681:678,679,680,682,683,684,692,693,694,695,696,697,698,:
682:310,311,314,315,678,679,680,681,683,692,693,694,695,698,:
683:318,337,678,679,680,681,682,684,685,686,687,688,692,693,696,:
684:338,678,679,680,681,683,685,686,687,688,689,:
685:336,337,338,340,343,349,350,678,679,680,683,684,686,687,688,689,690,:
686:58,61,677,680,683,684,685,687,688,689,690,691,:
687:58,338,343,344,349,350,351,354,683,684,685,686,688,689,690,691,:
688:26,27,58,59,60,61,677,683,684,685,686,687,689,690,691,:
689:26,54,58,357,525,677,684,685,686,687,688,690,691,:
690:26,54,58,357,524,525,526,685,686,687,688,689,691,:
691:22,23,24,25,26,27,29,54,57,58,59,60,524,525,526,686,687,688,689,690,:
692:678,680,681,682,683,693,694,695,696,697,698,699,700,701,:
693:678,680,681,682,683,692,694,695,696,697,698,699,:
694:680,681,682,692,693,695,696,697,698,699,700,701,702,:
695:315,318,681,682,692,693,694,696,697,698,699,700,701,702,703,705,711,712,:
696:318,681,683,692,693,694,695,697,699,700,701,702,703,711,712,:
697:681,692,693,694,695,696,698,699,700,701,:
698:681,682,692,693,694,695,697,699,:
699:692,693,694,695,696,697,698,700,:
700:315,316,318,692,694,695,696,697,699,701,702,703,704,705,706,711,712,:
701:310,315,692,694,695,696,697,700,702,703,704,705,711,:
702:289,315,318,694,695,696,700,701,703,704,705,706,707,708,711,712,713,:
703:695,696,700,701,702,704,705,706,707,711,712,713,714,715,716,:
704:700,701,702,703,705,706,707,711,712,713,714,718,:
705:289,315,316,318,695,700,701,702,703,704,706,707,708,709,710,711,712,:
706:287,289,700,702,703,704,705,707,708,709,710,729,:
707:284,285,287,288,289,702,703,704,705,706,708,709,710,711,712,728,729,730,:
708:287,289,702,705,706,707,709,710,728,729,730,748,749,750,751,:
709:287,288,289,705,706,707,708,710,728,729,730,748,749,750,751,:
710:289,705,706,707,708,709,748,749,750,751,:
711:695,696,700,701,702,703,704,705,707,712,713,714,715,716,717,718,:
712:695,696,700,702,703,704,705,707,711,713,714,715,716,:
713:702,703,704,711,712,714,715,716,717,718,719,:
714:307,703,704,711,712,713,715,716,717,718,719,720,721,722,723,:
715:281,282,284,307,703,711,712,713,714,716,717,718,719,722,:
716:307,703,711,712,713,714,715,717,718,:
717:711,713,714,715,716,718,719,720,721,722,723,:
718:704,711,713,714,715,716,717,719,720,721,722,723,:
719:713,714,715,717,718,720,721,722,723,724,:
720:714,717,718,719,721,722,723,:
721:714,717,718,719,720,722,723,:
722:269,284,714,715,717,718,719,720,721,723,724,725,726,727,:
723:714,717,718,719,720,721,722,724,725,726,727,728,729,:
724:719,722,723,725,726,727,728,729,731,732,:
725:722,723,724,726,727,728,729,730,731,732,733,:
726:722,723,724,725,727,728,729,731,732,733,:
727:722,723,724,725,726,728,729,730,731,732,733,751,:
728:287,289,707,708,709,723,724,725,726,727,729,730,731,732,733,749,750,751,:
729:289,706,707,708,709,723,724,725,726,727,728,730,731,733,749,750,751,:
730:285,287,288,289,707,708,709,725,727,728,729,731,732,733,749,750,751,:
731:724,725,726,727,728,729,730,732,733,:
732:267,724,725,726,727,728,730,731,733,:
733:285,725,726,727,728,729,730,731,732,751,:
734:735,736,737,738,739,740,741,743,744,:
735:734,736,737,739,740,741,743,744,:
736:734,735,737,738,739,740,741,742,743,744,745,753,:
737:734,735,736,738,739,740,743,744,745,746,747,748,752,753,:
738:734,736,737,739,743,744,745,746,747,748,752,753,:
739:734,735,736,737,738,740,741,742,743,744,753,760,761,762,:
740:565,734,735,736,737,739,741,742,761,:
741:331,566,734,735,736,739,740,742,:
742:571,736,739,740,741,760,761,762,:
743:734,735,736,737,738,739,744,745,746,747,748,749,752,753,:
744:734,735,736,737,738,739,743,745,746,748,752,753,:
745:736,737,738,743,744,746,747,748,749,750,751,752,753,754,:
746:737,738,743,744,745,747,748,749,750,751,752,753,754,755,757,:
747:183,184,185,737,738,743,745,746,748,749,750,751,752,753,754,755,:
748:319,323,708,709,710,737,738,743,744,745,746,747,749,750,751,752,:
749:288,708,709,710,728,729,730,743,745,746,747,748,750,751,:
750:708,709,710,728,729,730,745,746,747,748,749,751,:
751:287,288,289,708,709,710,727,728,729,730,733,745,746,747,748,749,750,:
752:737,738,743,744,745,746,747,748,753,754,755,756,757,758,759,:
753:736,737,738,739,743,744,745,746,747,752,754,755,756,757,758,759,760,762,:
754:176,177,178,179,183,745,746,747,752,753,755,756,757,758,759,760,762,:
755:176,177,178,179,184,746,747,752,753,754,756,757,758,:
756:177,178,752,753,754,755,757,:
757:176,746,752,753,754,755,756,758,759,760,761,762,:
758:752,753,754,755,757,759,760,761,762,:
759:42,43,176,179,180,181,182,752,753,754,757,758,760,761,762,:
760:739,742,753,754,757,758,759,761,762,:
761:228,571,739,740,742,757,758,759,760,762,:
762:739,742,753,754,757,758,759,760,761,:
