1:2,3,4,5,6,10,28,29,30,31,32,33,34,35,43,207,208,544,545,547,548,549,550,551,553,556,571,572,573,:
2:1,3,4,5,6,7,10,11,28,29,30,31,32,33,34,35,38,43,116,207,208,550,551,553,556,572,:
3:1,2,4,5,6,10,11,12,13,14,15,18,28,29,30,31,32,33,34,35,43,44,46,116,548,550,553,:
4:1,2,3,5,6,10,11,12,18,28,29,30,31,33,34,35,43,44,46,54,538,539,544,548,550,552,553,554,556,557,:
5:1,2,3,4,6,7,8,9,10,28,29,30,31,32,33,34,35,36,37,38,42,43,116,207,572,:
6:1,2,3,4,5,7,8,9,28,29,31,32,33,34,35,36,37,38,39,41,42,134,556,572,:
7:2,5,6,8,9,32,33,34,35,36,37,38,39,40,41,42,134,158,:
8:5,6,7,9,32,33,34,35,36,37,38,39,40,41,42,157,158,572,:
9:5,6,7,8,32,35,36,37,38,39,40,41,42,563,567,572,740,:
10:1,2,3,4,5,11,12,13,14,15,16,18,29,30,31,33,34,43,44,45,46,47,54,115,116,124,548,550,:
11:2,3,4,10,12,13,14,15,16,17,18,19,43,44,45,46,47,48,49,50,54,116,535,:
12:3,4,10,11,13,14,15,16,18,19,20,22,27,43,44,45,48,49,50,54,55,57,124,127,128,449,535,:
13:3,10,11,12,14,16,18,19,20,22,43,44,45,48,54,55,57,124,125,127,128,129,132,134,447,449,:
14:3,10,11,12,13,15,16,17,18,43,44,45,46,47,48,49,50,51,52,53,54,116,:
15:3,10,11,12,14,16,17,43,44,45,46,47,48,49,50,51,52,53,548,550,:
16:10,11,12,13,14,15,17,18,27,44,45,46,47,48,49,50,51,52,53,54,449,470,491,493,532,535,:
17:11,14,15,16,45,46,47,49,50,51,52,53,118,119,120,:
18:3,4,10,11,12,13,14,16,19,20,21,22,23,27,44,45,48,50,54,55,56,57,58,128,534,535,:
19:11,12,13,18,20,21,22,23,24,27,44,48,54,55,56,57,58,59,128,524,535,:
20:12,13,18,19,21,22,23,27,48,54,55,56,57,58,59,449,518,519,521,522,524,672,:
21:18,19,20,22,23,27,54,55,56,58,59,65,448,449,518,519,520,521,522,524,672,:
22:12,13,18,19,20,21,23,24,25,27,54,55,56,57,58,59,60,61,65,134,558,672,:
23:18,19,20,21,22,24,25,26,55,56,57,58,59,60,61,62,63,64,65,66,134,279,280,672,:
24:19,22,23,25,26,56,57,58,59,60,61,62,63,64,65,66,324,558,669,670,672,:
25:22,23,24,26,58,59,60,61,62,63,64,65,66,279,285,287,288,289,290,322,324,:
26:23,24,25,58,59,60,61,62,63,64,65,66,277,278,279,280,285,288,298,299,:
27:12,16,18,19,20,21,22,48,50,54,55,56,59,518,519,520,521,522,523,524,531,532,533,534,535,672,:
28:1,2,3,4,5,6,29,30,31,32,33,35,38,42,206,207,208,547,549,551,556,570,571,572,573,:
29:1,2,3,4,5,6,10,28,30,31,32,33,34,35,42,207,208,544,545,547,549,552,553,554,555,556,557,571,572,573,:
30:1,2,3,4,5,10,28,29,31,32,35,207,208,542,543,544,545,546,547,548,549,550,551,553,556,571,572,573,:
31:1,2,3,4,5,6,10,28,29,30,32,33,34,35,43,46,115,116,205,206,207,208,549,550,551,572,:
32:1,2,3,5,6,7,8,9,28,29,30,31,33,34,35,36,37,38,39,42,43,116,207,208,241,571,572,:
33:1,2,3,4,5,6,7,8,10,28,29,31,32,34,35,36,37,38,43,115,116,122,124,125,126,127,128,159,:
34:1,2,3,4,5,6,7,8,10,29,31,32,33,35,36,37,38,42,127,128,134,553,557,:
35:1,2,3,4,5,6,7,8,9,28,29,30,31,32,33,34,36,37,38,39,40,41,42,553,555,556,557,563,572,:
36:5,6,7,8,9,32,33,34,35,37,38,39,41,42,125,126,127,129,132,134,157,158,159,:
37:5,6,7,8,9,32,33,34,35,36,38,39,40,41,42,134,:
38:2,5,6,7,8,9,28,32,33,34,35,36,37,39,40,41,42,158,239,241,571,572,:
39:6,7,8,9,32,35,36,37,38,40,41,42,157,158,159,182,183,184,:
40:7,8,9,35,37,38,39,41,42,239,563,567,570,572,740,742,:
41:6,7,8,9,35,36,37,38,39,40,42,563,740,742,:
42:5,6,7,8,9,28,29,32,34,35,36,37,38,39,40,41,556,562,563,565,567,570,571,572,:
43:1,2,3,4,5,10,11,12,13,14,15,31,32,33,44,45,46,47,53,115,116,122,124,:
44:3,4,10,11,12,13,14,15,16,18,19,43,45,46,47,48,49,50,54,534,535,538,548,553,:
45:10,11,12,13,14,15,16,17,18,43,44,46,47,48,49,50,51,52,53,115,116,118,122,124,447,449,469,:
46:3,4,10,11,14,15,16,17,31,43,44,45,47,49,50,51,52,53,116,548,550,551,:
47:10,11,14,15,16,17,43,44,45,46,48,49,50,51,52,53,493,496,535,548,550,:
48:11,12,13,14,15,16,18,19,20,27,44,45,47,49,50,52,54,55,447,448,449,470,493,535,:
49:11,12,14,15,16,17,44,45,46,47,48,50,51,52,53,449,470,490,491,492,493,496,:
50:11,12,14,15,16,17,18,27,44,45,46,47,48,49,52,54,491,493,496,531,532,534,535,:
51:14,15,16,17,45,46,47,49,52,53,119,120,:
52:14,15,16,17,45,46,47,48,49,50,51,53,470,490,491,492,493,494,496,:
53:14,15,16,17,43,45,46,47,49,51,52,116,117,118,119,120,121,469,470,:
54:4,10,11,12,13,14,16,18,19,20,21,22,27,44,48,50,55,56,57,531,532,533,534,535,536,538,:
55:12,13,18,19,20,21,22,23,27,48,54,56,57,58,59,65,128,132,134,280,449,:
56:18,19,20,21,22,23,24,27,54,55,57,58,59,60,61,524,533,534,558,670,671,672,:
57:12,13,18,19,20,22,23,24,54,55,56,58,59,60,61,134,557,558,:
58:18,19,20,21,22,23,24,25,26,55,56,57,59,60,61,62,63,64,65,66,132,133,134,279,280,:
59:19,20,21,22,23,24,25,26,27,55,56,57,58,60,61,62,63,64,65,66,279,280,672,:
60:22,23,24,25,26,56,57,58,59,61,62,63,64,65,66,667,668,669,670,671,672,:
61:22,23,24,25,26,56,57,58,59,60,62,63,65,66,322,323,324,325,341,558,672,:
62:23,24,25,26,58,59,60,61,63,64,65,66,284,285,287,288,289,290,299,322,323,324,669,:
63:23,24,25,26,58,59,60,61,62,64,65,66,133,279,285,287,288,289,290,322,323,324,325,:
64:23,24,25,26,58,59,60,62,63,65,66,275,276,277,278,279,280,281,282,283,284,285,287,288,292,298,299,:
65:21,22,23,24,25,26,55,58,59,60,61,62,63,64,66,276,277,278,279,280,288,299,:
66:23,24,25,26,58,59,60,61,62,63,64,65,277,278,279,280,285,297,298,299,300,301,:
67:68,69,70,71,72,73,78,79,:
68:67,69,70,71,72,78,79,:
69:67,68,70,71,72,73,74,75,77,78,79,80,84,170,274,:
70:67,68,69,71,72,73,74,75,78,79,80,81,83,84,273,274,276,:
71:67,68,69,70,72,73,74,75,77,78,79,80,81,83,84,87,89,90,136,139,140,274,276,:
72:67,68,69,70,71,73,74,75,76,77,78,79,84,170,:
73:67,69,70,71,72,74,75,76,77,136,138,168,170,:
74:69,70,71,72,73,75,76,77,136,138,165,166,168,169,170,:
75:69,70,71,72,73,74,76,77,136,137,138,139,170,:
76:72,73,74,75,77,136,137,138,139,142,165,170,:
77:69,71,72,73,74,75,76,87,138,:
78:67,68,69,70,71,72,79,80,81,82,83,84,272,273,274,:
79:67,68,69,70,71,72,78,80,81,83,84,272,273,274,:
80:69,70,71,78,79,81,82,83,84,85,90,273,275,:
81:70,71,78,79,80,82,83,84,85,86,87,88,89,90,:
82:78,80,81,83,84,85,88,89,90,:
83:70,71,78,79,80,81,82,84,85,86,87,88,89,90,:
84:69,70,71,72,78,79,80,81,82,83,85,86,87,88,89,90,:
85:80,81,82,83,84,86,87,88,89,90,:
86:81,83,84,85,87,88,89,90,:
87:71,77,81,83,84,85,86,88,89,90,:
88:81,82,83,84,85,86,87,89,90,439,440,:
89:71,81,82,83,84,85,86,87,88,90,139,140,439,440,441,442,443,:
90:71,80,81,82,83,84,85,86,87,88,89,139,140,:
91:92,93,94,95,96,97,148,149,151,:
92:91,93,94,96,97,98,99,148,149,150,151,444,:
93:91,92,94,95,96,97,98,151,:
94:91,92,93,95,96,97,:
95:91,93,94,96,:
96:91,92,93,94,95,97,98,99,100,102,148,151,:
97:91,92,93,94,96,98,99,100,101,102,149,151,:
98:92,93,96,97,99,100,101,102,112,113,121,151,469,:
99:92,96,97,98,100,101,102,105,106,112,113,114,118,122,123,148,149,150,151,469,:
100:96,97,98,99,101,102,113,118,119,121,469,:
101:97,98,99,100,102,112,113,117,118,119,120,121,469,:
102:96,97,98,99,100,101,121,467,469,:
103:104,105,106,107,108,109,110,112,113,:
104:103,105,106,107,108,109,110,:
105:99,103,104,106,107,108,109,110,111,112,113,114,:
106:99,103,104,105,107,108,109,110,112,113,114,115,117,123,193,:
107:103,104,105,106,108,109,112,113,114,117,193,203,205,:
108:103,104,105,106,107,109,110,111,112,113,123,147,148,:
109:103,104,105,106,107,108,110,111,112,:
110:103,104,105,106,108,109,111,147,148,:
111:105,108,109,110,147,246,:
112:98,99,101,103,105,106,107,108,109,113,114,115,116,117,118,122,123,:
113:98,99,100,101,103,105,106,107,108,112,114,115,116,117,118,122,123,124,148,:
114:99,105,106,107,112,113,115,116,117,118,119,122,123,124,203,205,:
115:10,31,33,43,45,106,112,113,114,116,117,118,122,123,124,125,126,:
116:2,3,5,10,11,14,31,32,33,43,45,46,53,112,113,114,115,117,118,122,123,124,125,205,:
117:53,101,106,107,112,113,114,115,116,118,119,120,121,122,123,192,193,203,205,:
118:17,45,53,99,100,101,112,113,114,115,116,117,119,120,121,122,123,469,:
119:17,51,53,100,101,114,117,118,120,121,192,507,:
120:17,51,53,101,117,118,119,121,192,505,506,507,635,:
121:53,98,100,101,102,117,118,119,120,192,505,507,:
122:33,43,45,99,112,113,114,115,116,117,118,123,124,125,126,127,150,159,:
123:99,106,108,112,113,114,115,116,117,118,122,124,125,126,143,147,148,149,150,159,:
124:10,12,13,33,43,45,113,114,115,116,122,123,125,126,127,128,129,143,150,:
125:13,33,36,115,116,122,123,124,126,127,128,129,130,131,132,135,141,142,143,150,153,158,159,:
126:33,36,115,122,123,124,125,127,128,129,130,131,135,142,143,144,145,147,150,152,153,154,157,158,159,:
127:12,13,33,34,36,122,124,125,126,128,129,130,131,132,133,134,135,141,143,150,153,:
128:12,13,18,19,33,34,55,124,125,126,127,129,130,132,134,135,141,447,:
129:13,36,124,125,126,127,128,130,131,132,133,134,135,136,141,143,153,:
130:125,126,127,128,129,131,132,133,134,135,136,137,138,139,140,141,142,143,152,153,161,:
131:125,126,127,129,130,132,133,135,136,137,138,141,142,143,145,152,153,154,155,157,160,161,162,165,166,167,168,169,170,:
132:13,36,55,58,125,127,128,129,130,131,133,134,135,141,279,:
133:58,63,127,129,130,131,132,134,135,167,168,169,279,:
134:6,7,13,22,23,34,36,37,55,57,58,127,128,129,130,132,133,:
135:125,126,127,128,129,130,131,132,133,136,137,138,139,140,141,142,143,150,153,161,:
136:71,73,74,75,76,129,130,131,135,137,138,139,140,141,142,143,144,161,168,170,:
137:75,76,130,131,135,136,138,139,140,141,142,143,144,145,146,147,150,152,153,160,161,:
138:73,74,75,76,77,130,131,135,136,137,139,142,143,144,145,146,152,153,160,161,162,165,:
139:71,75,76,89,90,130,135,136,137,138,140,141,142,143,150,:
140:71,89,90,130,135,136,137,139,141,143,279,280,443,444,:
141:125,127,128,129,130,131,132,135,136,137,139,140,142,143,150,279,280,444,447,:
142:76,125,126,130,131,135,136,137,138,139,141,143,144,145,146,147,148,149,150,151,152,153,161,:
143:123,124,125,126,127,129,130,131,135,136,137,138,139,140,141,142,144,145,147,148,149,150,151,152,153,444,:
144:126,136,137,138,142,143,145,146,147,148,149,150,152,153,154,161,:
145:126,131,137,138,142,143,144,146,147,148,152,153,154,155,157,158,159,160,161,:
146:137,138,142,144,145,147,152,153,154,155,156,160,161,:
147:108,110,111,123,126,137,142,143,144,145,146,148,149,150,151,152,153,159,:
148:91,92,96,99,108,110,113,123,142,143,144,145,147,149,150,151,:
149:91,92,97,99,123,142,143,144,147,148,150,151,443,444,:
150:92,99,122,123,124,125,126,127,135,137,139,141,142,143,144,147,148,149,151,153,443,444,:
151:91,92,93,96,97,98,99,142,143,147,148,149,150,441,443,444,:
152:126,130,131,137,138,142,143,144,145,146,147,153,154,155,156,157,158,159,160,161,:
153:125,126,127,129,130,131,135,137,138,142,143,144,145,146,147,150,152,154,155,157,158,159,160,161,:
154:126,131,144,145,146,152,153,155,156,157,158,159,160,161,162,172,184,:
155:131,145,146,152,153,154,156,157,158,159,160,161,162,163,164,165,172,182,183,184,:
156:146,152,154,155,157,160,161,162,163,164,171,172,173,176,177,181,182,183,184,:
157:8,36,39,126,131,145,152,153,154,155,156,158,159,160,161,182,183,184,247,:
158:7,8,36,38,39,125,126,145,152,153,154,155,157,159,247,:
159:33,36,39,122,123,125,126,145,147,152,153,154,155,157,158,:
160:131,137,138,145,146,152,153,154,155,156,157,161,162,163,164,165,166,167,172,184,185,187,:
161:130,131,135,136,137,138,142,144,145,146,152,153,154,155,156,157,160,162,163,165,166,167,168,187,:
162:131,138,154,155,156,160,161,163,164,165,166,167,168,172,181,185,186,187,:
163:155,156,160,161,162,164,165,166,172,:
164:155,156,160,162,163,165,171,172,:
165:74,76,131,138,155,160,161,162,163,164,166,167,168,169,170,187,:
166:74,131,160,161,162,163,165,167,168,169,170,185,187,:
167:131,133,160,161,162,165,166,168,169,170,181,184,185,186,187,:
168:73,74,131,133,136,161,162,165,166,167,169,170,:
169:74,131,133,165,166,167,168,170,274,276,:
170:69,72,73,74,75,76,131,136,165,166,167,168,169,276,:
171:156,164,172,173,174,175,176,177,:
172:154,155,156,160,162,163,164,171,173,174,176,177,:
173:156,171,172,174,175,176,177,178,:
174:171,172,173,175,176,177,:
175:171,173,174,176,:
176:156,171,172,173,174,175,177,178,179,180,181,:
177:156,171,172,173,174,176,178,179,180,181,182,183,:
178:173,176,177,179,180,181,182,183,184,185,735,736,738,740,:
179:176,177,178,180,181,182,183,184,185,186,187,735,736,737,738,740,:
180:176,177,178,179,181,182,183,185,186,187,735,736,737,:
181:156,162,167,176,177,178,179,180,182,183,184,185,186,187,735,736,740,:
182:39,155,156,157,177,178,179,180,181,183,184,185,186,187,740,:
183:39,155,156,157,177,178,179,180,181,182,184,185,187,739,740,:
184:39,154,155,156,157,160,167,178,179,181,182,183,185,186,187,740,:
185:160,162,166,167,178,179,180,181,182,183,184,186,187,728,735,:
186:162,167,179,180,181,182,184,185,187,728,736,:
187:160,161,162,165,166,167,179,180,181,182,183,184,185,186,728,:
188:189,190,191,192,193,194,195,196,:
189:188,190,191,192,193,194,195,196,197,624,:
190:188,189,191,192,193,194,195,196,197,198,200,622,623,624,634,:
191:188,189,190,192,195,196,197,198,200,620,621,622,623,624,625,631,633,634,635,:
192:117,119,120,121,188,189,190,191,193,194,195,196,:
193:106,107,117,188,189,190,192,194,195,196,:
194:188,189,190,192,193,195,196,:
195:188,189,190,191,192,193,194,196,197,198,199,200,201,203,623,624,:
196:188,189,190,191,192,193,194,195,197,198,200,201,:
197:189,190,191,195,196,198,199,200,201,202,203,210,623,624,634,:
198:190,191,195,196,197,199,200,201,209,210,623,624,:
199:195,197,198,200,201,209,210,211,214,:
200:190,191,195,196,197,198,199,201,202,203,204,205,254,634,:
201:195,196,197,198,199,200,202,203,204,205,206,240,634,:
202:197,200,201,203,204,205,206,207,208,216,240,632,633,634,:
203:107,114,117,195,197,200,201,202,204,205,206,207,240,634,:
204:200,201,202,203,205,206,207,208,216,240,241,573,632,633,634,:
205:31,107,114,116,117,200,201,202,203,204,206,207,208,240,241,633,634,:
206:28,31,201,202,203,204,205,207,208,240,241,551,573,633,634,:
207:1,2,5,28,29,30,31,32,202,203,204,205,206,208,240,241,549,551,571,572,573,:
208:1,2,28,29,30,31,32,202,204,205,206,207,241,549,551,570,571,572,573,:
209:198,199,210,211,212,213,214,215,:
210:197,198,199,209,211,212,214,:
211:199,209,210,212,213,214,215,216,217,:
212:209,210,211,213,214,215,217,:
213:209,211,212,214,215,217,:
214:199,209,210,211,212,213,215,216,217,218,219,255,:
215:209,211,212,213,214,216,217,218,219,220,255,256,:
216:202,204,211,214,215,217,218,219,220,221,:
217:211,212,213,214,215,216,218,219,220,221,222,255,256,:
218:214,215,216,217,219,220,221,222,:
219:214,215,216,217,218,220,221,222,236,255,256,:
220:215,216,217,218,219,221,222,236,237,:
221:216,217,218,219,220,222,232,236,237,570,581,:
222:217,218,219,220,221,236,581,583,:
223:224,225,226,227,228,229,230,231,232,:
224:223,225,226,228,229,230,231,232,:
225:223,224,226,227,228,229,230,231,232,233,:
226:223,224,225,227,228,229,230,231,232,233,234,235,236,:
227:223,225,226,228,230,231,232,233,234,235,242,:
228:223,224,225,226,227,229,230,231,232,:
229:223,224,225,226,228,230,:
230:223,224,225,226,227,228,229,231,232,742,:
231:223,224,225,226,227,228,230,232,233,234,235,236,237,242,:
232:221,223,224,225,226,227,228,230,231,233,234,235,236,:
233:225,226,227,231,232,234,235,236,237,238,239,242,243,248,250,:
234:226,227,231,232,233,235,236,237,238,242,243,244,246,247,248,249,250,256,:
235:226,227,231,232,233,234,236,237,242,243,244,245,248,249,250,:
236:219,220,221,222,226,231,232,233,234,235,237,238,239,240,241,242,248,250,256,:
237:220,221,231,233,234,235,236,238,239,240,241,242,248,250,255,256,:
238:233,234,236,237,239,240,241,242,248,249,250,251,254,255,256,:
239:38,40,233,236,237,238,240,241,248,570,571,572,573,:
240:201,202,203,204,205,206,207,236,237,238,239,241,248,249,250,254,255,256,:
241:32,38,204,205,206,207,208,236,237,238,239,240,248,250,571,572,573,:
242:227,231,233,234,235,236,237,238,243,244,245,246,247,248,249,250,:
243:233,234,235,242,244,245,246,247,248,249,250,251,:
244:234,235,242,243,245,246,247,248,249,250,251,252,253,254,256,:
245:235,242,243,244,246,249,250,251,252,253,:
246:111,234,242,243,244,245,247,248,249,250,:
247:157,158,234,242,243,244,246,248,250,:
248:233,234,235,236,237,238,239,240,241,242,243,244,246,247,249,250,:
249:234,235,238,240,242,243,244,245,246,248,250,251,252,253,254,255,256,:
250:233,234,235,236,237,238,240,241,242,243,244,245,246,247,248,249,251,252,254,255,256,:
251:238,243,244,245,249,250,252,253,254,255,256,:
252:244,245,249,250,251,253,254,255,256,:
253:244,245,249,251,252,254,255,:
254:200,238,240,244,249,250,251,252,253,255,256,:
255:214,215,217,219,237,238,240,249,250,251,252,253,254,256,:
256:215,217,219,234,236,237,238,240,244,249,250,251,252,254,255,:
257:258,259,260,261,262,263,264,265,:
258:257,259,260,262,263,264,265,266,415,:
259:257,258,260,261,262,263,264,265,:
260:257,258,259,261,262,263,:
261:257,259,260,262,:
262:257,258,259,260,261,263,264,265,266,296,:
263:257,258,259,260,262,264,265,266,295,296,297,415,:
264:257,258,259,262,263,265,266,302,414,415,419,:
265:257,258,259,262,263,264,266,414,415,416,419,:
266:258,262,263,264,265,300,302,414,415,419,424,:
267:268,269,270,271,272,273,281,282,:
268:267,269,270,271,272,:
269:267,268,270,271,272,273,274,275,281,282,283,293,:
270:267,268,269,271,272,273,274,275,281,282,283,284,286,288,292,293,:
271:267,268,269,270,272,281,282,283,284,292,293,296,311,703,:
272:78,79,267,268,269,270,271,273,274,275,276,277,281,282,293,:
273:70,78,79,80,267,269,270,272,274,275,276,277,278,281,282,:
274:69,70,71,78,79,169,269,270,272,273,275,276,277,278,279,281,282,288,:
275:64,80,269,270,272,273,274,276,277,278,279,280,281,282,293,297,302,:
276:64,65,70,71,169,170,272,273,274,275,277,278,279,280,282,288,:
277:26,64,65,66,272,273,274,275,276,278,279,280,282,298,300,302,:
278:26,64,65,66,273,274,275,276,277,279,280,282,288,:
279:23,25,26,58,59,63,64,65,66,132,133,140,141,274,275,276,277,278,280,:
280:23,26,55,58,59,64,65,66,140,141,275,276,277,278,279,:
281:64,267,269,270,271,272,273,274,275,282,283,284,285,286,287,288,292,293,:
282:64,267,269,270,271,272,273,274,275,276,277,278,281,283,284,285,286,287,288,289,292,293,713,:
283:64,269,270,271,281,282,284,285,286,287,288,289,292,293,294,696,703,:
284:62,64,270,271,281,282,283,285,286,287,288,292,293,294,295,297,298,299,696,:
285:25,26,62,63,64,66,281,282,283,284,286,287,288,289,292,293,294,297,298,299,:
286:270,281,282,283,284,285,287,288,289,290,291,292,293,688,696,703,708,:
287:25,62,63,64,281,282,283,284,285,286,288,289,290,291,688,712,713,714,:
288:25,26,62,63,64,65,270,274,276,278,281,282,283,284,285,286,287,289,290,291,:
289:25,62,63,282,283,285,286,287,288,290,291,322,323,324,325,687,688,690,711,714,732,:
290:25,62,63,286,287,288,289,291,321,322,323,324,325,688,714,732,:
291:286,287,288,289,290,320,322,323,324,325,683,686,687,688,689,690,709,711,714,732,:
292:64,270,271,281,282,283,284,285,286,293,294,295,296,297,298,299,303,304,696,:
293:269,270,271,272,275,281,282,283,284,285,286,292,294,295,296,297,303,:
294:283,284,285,292,293,295,296,297,298,299,300,302,303,304,305,:
295:263,284,292,293,294,296,297,298,303,304,305,306,307,308,309,:
296:262,263,271,292,293,294,295,297,303,304,305,306,308,311,:
297:66,263,275,284,285,292,293,294,295,296,298,299,300,301,302,303,304,:
298:26,64,66,277,284,285,292,294,295,297,299,300,301,302,:
299:26,62,64,65,66,284,285,292,294,297,298,300,301,302,:
300:66,266,277,294,297,298,299,301,302,433,:
301:66,297,298,299,300,302,412,432,433,:
302:264,266,275,277,294,297,298,299,300,301,433,:
303:292,293,294,295,296,297,304,305,306,307,308,309,:
304:292,294,295,296,297,303,305,306,307,308,309,422,:
305:294,295,296,303,304,306,307,308,309,310,311,:
306:295,296,303,304,305,307,308,309,:
307:295,303,304,305,306,308,421,422,:
308:295,296,303,304,305,306,307,309,310,311,:
309:295,303,304,305,306,308,310,311,695,696,:
310:305,308,309,311,:
311:271,296,305,308,309,310,:
312:313,314,315,316,317,318,326,327,682,:
313:312,314,315,316,317,326,663,:
314:312,313,315,316,317,318,319,320,326,327,328,:
315:312,313,314,316,317,318,319,326,327,328,329,331,335,336,:
316:312,313,314,315,317,318,326,327,328,329,335,336,663,:
317:312,313,314,315,316,318,319,320,321,322,326,327,663,676,681,682,683,686,:
318:312,314,315,316,317,319,320,321,322,323,326,327,341,681,683,686,:
319:314,315,317,318,320,321,322,323,324,325,326,327,341,:
320:291,314,317,318,319,321,322,323,324,341,664,676,677,681,683,686,:
321:290,317,318,319,320,322,323,324,325,341,729,:
322:25,61,62,63,289,290,291,317,318,319,320,321,323,324,325,341,:
323:61,62,63,289,290,291,318,319,320,321,322,324,325,341,558,:
324:24,25,61,62,63,289,290,291,319,320,321,322,323,325,341,558,:
325:61,63,289,290,291,319,321,322,323,324,558,729,:
326:312,313,314,315,316,317,318,319,327,328,329,330,331,332,335,336,:
327:312,314,315,316,317,318,319,326,328,329,330,331,332,335,336,:
328:314,315,316,326,327,329,330,331,332,333,334,335,336,337,560,:
329:315,316,326,327,328,330,331,332,335,336,337,338,339,340,341,560,:
330:326,327,328,329,331,335,336,337,340,341,554,555,559,560,561,564,605,607,:
331:315,326,327,328,329,330,332,333,334,335,560,:
332:326,327,328,329,331,333,334,:
333:328,331,332,334,723,:
334:328,331,332,333,:
335:315,316,326,327,328,329,330,331,336,337,338,339,340,341,342,343,:
336:315,316,326,327,328,329,330,335,337,338,339,340,341,342,660,:
337:328,329,330,335,336,338,339,340,341,342,343,344,540,554,:
338:329,335,336,337,339,340,342,343,344,345,346,347,348,540,660,666,:
339:329,335,336,337,338,340,342,343,344,345,347,348,659,660,661,664,666,:
340:329,330,335,336,337,338,339,341,342,343,540,554,558,665,666,:
341:61,318,319,320,321,322,323,324,329,330,335,336,337,340,554,557,558,:
342:335,336,337,338,339,340,343,344,345,346,347,348,349,350,351,352,537,540,660,666,:
343:335,337,338,339,340,342,344,345,346,347,348,536,537,538,539,540,606,607,:
344:337,338,339,342,343,345,346,347,348,349,350,351,352,353,537,649,660,:
345:338,339,342,343,344,346,347,348,350,351,352,353,354,355,356,537,649,666,668,:
346:338,342,343,344,345,347,350,351,352,353,354,365,366,372,374,529,533,534,536,537,540,668,:
347:338,339,342,343,344,345,346,348,349,350,351,352,393,:
348:338,339,342,343,344,345,347,349,350,392,393,606,:
349:342,344,347,348,350,391,392,393,606,:
350:342,344,345,346,347,348,349,351,352,355,393,649,:
351:342,344,345,346,347,350,352,353,354,355,356,357,365,366,646,649,666,668,:
352:342,344,345,346,347,350,351,353,354,355,356,645,646,647,648,649,660,666,:
353:344,345,346,351,352,354,355,356,357,358,359,365,366,367,529,646,649,668,:
354:345,346,351,352,353,355,356,357,358,365,366,367,368,369,370,371,372,529,646,:
355:345,350,351,352,353,354,356,357,358,365,366,367,370,645,646,649,:
356:345,351,352,353,354,355,357,358,359,360,361,365,366,646,649,652,654,655,656,668,:
357:351,353,354,355,356,358,359,360,361,362,365,366,655,656,657,:
358:353,354,355,356,357,359,360,361,362,363,365,366,:
359:353,356,357,358,360,361,362,363,364,523,654,655,656,657,658,670,671,:
360:356,357,358,359,361,362,363,364,517,:
361:356,357,358,359,360,362,363,364,430,432,517,523,656,657,658,:
362:357,358,359,360,361,363,364,430,514,517,:
363:358,359,360,361,362,364,425,429,430,432,514,515,517,:
364:359,360,361,362,363,425,428,429,430,432,514,515,516,517,:
365:346,351,353,354,355,356,357,358,366,367,368,369,370,371,372,526,528,529,:
366:346,351,353,354,355,356,357,358,365,367,368,369,370,371,372,525,526,527,528,529,531,:
367:353,354,355,365,366,368,369,370,371,372,373,529,:
368:354,365,366,367,369,370,371,372,373,379,380,526,529,:
369:354,365,366,367,368,370,371,372,373,379,380,511,525,526,527,528,529,530,:
370:354,355,365,366,367,368,369,371,372,373,374,375,:
371:354,365,366,367,368,369,370,372,373,374,375,376,:
372:346,354,365,366,367,368,369,370,371,373,374,375,376,377,529,537,:
373:367,368,369,370,371,372,374,375,376,377,378,379,530,:
374:346,370,371,372,373,375,376,377,378,398,528,530,531,533,534,536,537,:
375:370,371,372,373,374,376,377,378,384,530,:
376:371,372,373,374,375,377,378,398,530,:
377:372,373,374,375,376,378,398,401,402,496,530,:
378:373,374,375,376,377,398,400,401,402,:
379:368,369,373,380,381,382,383,384,385,:
380:368,369,379,381,382,383,384,508,525,526,530,:
381:379,380,382,383,384,385,386,:
382:379,380,381,383,384,385,:
383:379,380,381,382,384,385,:
384:375,379,380,381,382,383,385,386,387,388,495,530,:
385:379,381,382,383,384,386,387,388,489,495,640,643,:
386:381,384,385,387,388,488,489,490,494,495,639,640,641,642,643,:
387:384,385,386,388,485,486,487,488,489,490,494,495,640,641,642,643,:
388:384,385,386,387,488,489,490,494,495,496,638,639,640,641,642,643,:
389:390,391,392,393,394,395,:
390:389,391,392,394,:
391:349,389,390,392,393,394,395,396,397,:
392:348,349,389,390,391,393,394,395,396,604,:
393:347,348,349,350,389,391,392,394,395,396,604,606,:
394:389,390,391,392,393,395,396,397,398,399,:
395:389,391,392,393,394,396,397,398,399,400,:
396:391,392,393,394,395,397,398,399,400,401,604,:
397:391,394,395,396,398,399,400,401,402,600,:
398:374,376,377,378,394,395,396,397,399,400,401,402,541,604,:
399:394,395,396,397,398,400,401,402,599,600,614,615,:
400:378,395,396,397,398,399,401,402,604,614,615,:
401:377,378,396,397,398,399,400,402,541,542,544,613,614,615,:
402:377,378,397,398,399,400,401,613,614,615,:
403:404,405,406,407,408,409,410,459,461,:
404:403,405,406,407,408,409,410,411,459,460,461,515,520,:
405:403,404,406,407,408,409,410,411,413,:
406:403,404,405,407,408,409,410,411,413,:
407:403,404,405,406,408,409,410,411,413,431,:
408:403,404,405,406,407,409,410,411,412,413,458,460,:
409:403,404,405,406,407,408,410,411,412,413,431,446,519,520,:
410:403,404,405,406,407,408,409,411,412,413,431,433,460,515,516,518,519,520,521,:
411:404,405,406,407,408,409,410,412,413,431,433,446,448,519,520,:
412:301,408,409,410,411,413,431,433,446,448,519,520,521,:
413:405,406,407,408,409,410,411,412,446,:
414:264,265,266,415,416,417,418,419,420,423,424,:
415:258,263,264,265,266,414,416,417,419,423,424,:
416:265,414,415,417,418,419,420,421,422,423,424,425,:
417:414,415,416,418,419,420,421,423,424,425,426,427,428,:
418:414,416,417,419,420,421,423,424,425,426,427,:
419:264,265,266,414,415,416,417,418,420,421,422,423,424,:
420:414,416,417,418,419,421,422,423,424,:
421:307,416,417,418,419,420,422,:
422:304,307,416,419,420,421,:
423:414,415,416,417,418,419,420,424,425,426,427,428,429,430,431,:
424:266,414,415,416,417,418,419,420,423,425,426,428,429,430,431,:
425:363,364,416,417,418,423,424,426,427,428,429,430,431,:
426:417,418,423,424,425,427,428,429,:
427:417,418,423,425,426,428,:
428:364,417,423,424,425,426,427,429,430,431,432,433,515,:
429:363,364,423,424,425,426,428,430,431,432,433,515,516,:
430:361,362,363,364,423,424,425,428,429,431,432,433,514,515,516,517,:
431:407,409,410,411,412,423,424,425,428,429,430,432,433,515,516,520,:
432:301,361,363,364,428,429,430,431,433,515,516,517,518,519,520,522,:
433:300,301,302,410,411,412,428,429,430,431,432,515,516,518,519,520,:
434:435,436,437,438,439,440,451,:
435:434,436,437,439,:
436:434,435,437,438,439,440,441,442,446,451,:
437:434,435,436,438,439,440,441,442,450,451,455,463,:
438:434,436,437,439,440,442,450,451,452,453,455,462,463,468,:
439:88,89,434,435,436,437,438,440,441,442,443,445,446,:
440:88,89,434,436,437,438,439,441,442,443,444,445,446,447,448,:
441:89,151,436,437,439,440,442,443,444,445,446,447,:
442:89,436,437,438,439,440,441,443,444,445,446,447,448,449,:
443:89,140,149,150,151,439,440,441,442,444,445,446,447,449,:
444:92,140,141,143,149,150,151,440,441,442,443,445,447,:
445:439,440,441,442,443,444,446,447,448,449,469,:
446:409,411,412,413,436,439,440,441,442,443,445,447,448,449,:
447:13,45,48,128,141,440,441,442,443,444,445,446,448,449,469,:
448:21,48,411,412,440,442,445,446,447,449,521,:
449:12,13,16,20,21,45,48,49,55,442,443,445,446,447,448,:
450:437,438,451,452,453,454,455,456,462,463,472,:
451:434,436,437,438,450,452,453,455,456,462,463,:
452:438,450,451,453,454,455,456,457,458,462,463,464,472,:
453:438,450,451,452,454,455,456,457,458,462,463,464,465,466,467,471,472,481,:
454:450,452,453,455,456,457,462,463,464,465,466,471,472,480,481,485,486,487,:
455:437,438,450,451,452,453,454,456,457,458,459,460,462,463,:
456:450,451,452,453,454,455,457,458,459,460,461,462,463,:
457:452,453,454,455,456,458,459,460,461,:
458:408,452,453,455,456,457,459,460,461,470,492,:
459:403,404,455,456,457,458,460,461,487,509,:
460:404,408,410,455,456,457,458,459,461,491,492,493,512,520,:
461:403,404,456,457,458,459,460,487,491,492,509,512,:
462:438,450,451,452,453,454,455,456,463,464,465,466,467,468,470,471,472,481,:
463:437,438,450,451,452,453,454,455,456,462,464,465,467,468,470,471,472,:
464:452,453,454,462,463,465,466,467,468,469,470,471,472,473,481,:
465:453,454,462,463,464,466,467,468,471,472,473,474,475,476,480,481,498,:
466:453,454,462,464,465,467,471,472,473,474,475,480,481,482,483,485,497,498,502,503,505,:
467:102,453,462,463,464,465,466,468,469,470,471,472,:
468:438,462,463,464,465,467,469,470,:
469:45,53,98,99,100,101,102,118,445,447,464,467,468,470,:
470:16,48,49,52,53,458,462,463,464,467,468,469,491,492,493,:
471:453,454,462,463,464,465,466,467,472,473,474,475,476,477,478,481,498,:
472:450,452,453,454,462,463,464,465,466,467,471,473,474,476,477,478,479,:
473:464,465,466,471,472,474,475,476,477,478,479,481,498,:
474:465,466,471,472,473,475,476,477,480,481,497,498,:
475:465,466,471,473,474,476,480,481,497,498,499,500,502,:
476:465,471,472,473,474,475,477,478,479,:
477:471,472,473,474,476,478,479,:
478:471,472,473,476,477,479,:
479:472,473,476,477,478,:
480:454,465,466,474,475,481,482,483,484,485,486,497,498,:
481:453,454,462,464,465,466,471,473,474,475,480,482,483,485,486,487,497,498,:
482:466,480,481,483,484,485,486,487,497,498,499,:
483:466,480,481,482,484,485,486,497,498,499,500,501,502,644,:
484:480,482,483,485,497,498,499,500,501,644,:
485:387,454,466,480,481,482,483,484,486,487,488,489,497,498,644,:
486:387,454,480,481,482,483,485,487,488,489,490,:
487:387,454,459,461,481,482,485,486,488,489,490,491,492,493,494,495,:
488:386,387,388,485,486,487,489,490,491,492,493,494,495,496,:
489:385,386,387,388,485,486,487,488,490,491,492,494,495,496,641,642,643,:
490:49,52,386,387,388,486,487,488,489,491,492,493,494,495,496,:
491:16,49,50,52,460,461,470,487,488,489,490,492,493,494,495,496,:
492:49,52,458,460,461,470,487,488,489,490,491,493,494,496,:
493:16,47,48,49,50,52,460,470,487,488,490,491,492,494,495,496,532,:
494:52,386,387,388,487,488,489,490,491,492,493,495,496,530,642,643,:
495:384,385,386,387,388,487,488,489,490,491,493,494,496,530,642,643,:
496:47,49,50,52,377,388,488,489,490,491,492,493,494,495,527,530,532,:
497:466,474,475,480,481,482,483,484,485,498,499,500,501,502,503,504,505,644,:
498:465,466,471,473,474,475,480,481,482,483,484,485,497,499,500,502,503,505,:
499:475,482,483,484,497,498,500,501,502,503,504,505,644,:
500:475,483,484,497,498,499,501,502,503,:
501:483,484,497,499,500,502,:
502:466,475,483,497,498,499,500,501,503,504,505,506,507,:
503:466,497,498,499,500,502,504,505,506,507,644,:
504:497,499,502,503,505,506,507,621,644,:
505:120,121,466,497,498,499,502,503,504,506,507,:
506:120,502,503,504,505,507,621,644,:
507:119,120,121,502,503,504,505,506,644,:
508:380,509,510,511,512,513,514,525,526,:
509:459,461,508,510,511,512,513,:
510:508,509,511,512,513,514,515,516,517,525,526,527,:
511:369,508,509,510,512,513,514,515,516,517,525,526,527,528,529,530,:
512:460,461,508,509,510,511,513,514,515,516,517,518,519,520,525,526,527,528,530,:
513:508,509,510,511,512,514,515,516,517,525,526,:
514:362,363,364,430,508,510,511,512,513,515,516,517,518,525,526,:
515:363,364,404,410,428,429,430,431,432,433,510,511,512,513,514,516,517,518,519,520,522,523,:
516:364,410,429,430,431,432,433,510,511,512,513,514,515,517,518,519,520,521,522,523,524,525,:
517:360,361,362,363,364,430,432,510,511,512,513,514,515,516,518,519,520,521,522,523,524,525,526,528,529,:
518:20,21,27,410,432,433,512,514,515,516,517,519,520,521,522,523,524,:
519:20,21,27,409,410,411,412,432,433,512,515,516,517,518,520,521,522,523,524,:
520:21,27,404,409,410,411,412,431,432,433,460,512,515,516,517,518,519,521,522,524,:
521:20,21,27,410,412,448,516,517,518,519,520,522,523,524,:
522:20,21,27,432,515,516,517,518,519,520,521,523,524,528,529,531,532,533,671,672,:
523:27,359,361,515,516,517,518,519,521,522,524,525,527,528,529,531,532,533,671,672,:
524:19,20,21,27,56,516,517,518,519,520,521,522,523,528,529,531,532,533,671,672,:
525:366,369,380,508,510,511,512,513,514,516,517,523,526,527,528,529,530,531,532,:
526:365,366,368,369,380,508,510,511,512,513,514,517,525,527,528,529,530,:
527:366,369,496,510,511,512,523,525,526,528,529,530,531,532,533,:
528:365,366,369,374,511,512,517,522,523,524,525,526,527,529,530,531,532,533,534,:
529:346,353,354,365,366,367,368,369,372,511,517,522,523,524,525,526,527,528,530,531,532,533,:
530:369,373,374,375,376,377,380,384,494,495,496,511,512,525,526,527,528,529,531,532,:
531:27,50,54,366,374,522,523,524,525,527,528,529,530,532,533,534,535,536,537,:
532:16,27,50,54,493,496,522,523,524,525,527,528,529,530,531,533,534,535,536,:
533:27,54,56,346,374,522,523,524,527,528,529,531,532,534,535,536,537,538,:
534:18,27,44,50,54,56,346,374,528,531,532,533,535,536,537,538,539,540,541,:
535:11,12,16,18,19,27,44,47,48,50,54,531,532,533,534,536,537,538,539,541,:
536:54,343,346,374,531,532,533,534,535,537,538,539,540,541,542,552,553,:
537:342,343,344,345,346,372,374,531,533,534,535,536,538,539,540,541,552,:
538:4,44,54,343,533,534,535,536,537,539,540,541,542,543,544,548,552,553,554,:
539:4,343,534,535,536,537,538,540,541,542,543,552,553,554,555,556,557,558,:
540:337,338,340,342,343,346,534,536,537,538,539,541,542,552,553,554,555,606,607,:
541:398,401,534,535,536,537,538,539,540,542,543,544,545,547,548,552,553,:
542:30,401,536,538,539,540,541,543,544,545,546,547,548,549,550,552,553,:
543:30,538,539,541,542,544,545,546,547,548,549,552,553,556,602,604,606,607,:
544:1,4,29,30,401,538,541,542,543,545,546,547,548,549,550,551,553,:
545:1,29,30,541,542,543,544,546,547,548,549,551,556,591,592,:
546:30,542,543,544,545,547,549,556,566,591,592,594,595,596,598,:
547:1,28,29,30,541,542,543,544,545,546,548,549,550,551,592,616,:
548:1,3,4,10,15,30,44,46,47,538,541,542,543,544,545,547,549,550,551,:
549:1,28,29,30,31,207,208,542,543,544,545,546,547,548,550,551,573,616,:
550:1,2,3,4,10,15,30,31,46,47,542,544,547,548,549,551,:
551:1,2,28,30,31,46,206,207,208,544,545,547,548,549,550,631,633,635,:
552:4,29,536,537,538,539,540,541,542,543,553,554,555,556,557,558,559,560,:
553:1,2,3,4,29,30,34,35,44,536,538,539,540,541,542,543,544,552,554,555,556,557,558,559,:
554:4,29,330,337,340,341,538,539,540,552,553,555,556,557,558,559,560,561,:
555:29,35,330,539,540,552,553,554,556,557,559,560,561,562,563,564,565,:
556:1,2,4,6,28,29,30,35,42,539,543,545,546,552,553,554,555,557,559,560,561,562,563,565,566,572,:
557:4,29,34,35,57,341,539,552,553,554,555,556,558,559,560,:
558:22,24,56,57,61,323,324,325,340,341,539,552,553,554,557,:
559:330,552,553,554,555,556,557,560,561,562,563,564,565,566,605,607,:
560:328,329,330,331,552,554,555,556,557,559,561,562,563,564,605,607,:
561:330,554,555,556,559,560,562,563,564,565,566,567,575,594,605,:
562:42,555,556,559,560,561,563,564,565,566,567,568,570,571,572,574,575,594,:
563:9,35,40,41,42,555,556,559,560,561,562,564,565,566,567,568,572,722,:
564:330,555,559,560,561,562,563,565,566,575,578,605,723,:
565:42,555,556,559,561,562,563,564,566,567,568,569,570,571,572,573,574,575,593,594,595,:
566:546,556,559,561,562,563,564,565,567,568,570,571,572,573,574,575,576,578,593,594,595,:
567:9,40,42,561,562,563,565,566,568,569,570,571,572,573,574,575,576,594,595,:
568:562,563,565,566,567,569,570,571,574,575,576,577,578,579,580,581,594,595,722,:
569:565,567,568,570,574,575,576,579,722,742,:
570:28,40,42,208,221,239,562,565,566,567,568,569,571,572,573,574,575,594,595,:
571:1,28,29,30,32,38,42,207,208,239,241,562,565,566,567,568,570,572,573,595,:
572:1,2,5,6,8,9,28,29,30,31,32,35,38,40,42,207,208,239,241,556,562,563,565,566,567,570,571,573,:
573:1,28,29,30,204,206,207,208,239,241,549,565,566,567,570,571,572,595,:
574:562,565,566,567,568,569,570,575,576,577,578,579,580,581,593,594,595,722,:
575:561,562,564,565,566,567,568,569,570,574,576,577,578,579,580,581,593,594,595,:
576:566,567,568,569,574,575,577,578,579,580,581,582,722,:
577:568,574,575,576,578,579,580,582,:
578:564,566,568,574,575,576,577,579,580,582,593,594,:
579:568,569,574,575,576,577,578,580,581,582,583,584,:
580:568,574,575,576,577,578,579,581,582,583,584,585,593,595,:
581:221,222,568,574,575,576,579,580,582,583,584,585,586,593,594,595,:
582:576,577,578,579,580,581,583,584,585,586,587,:
583:222,579,580,581,582,584,585,586,587,590,593,594,595,:
584:579,580,581,582,583,585,586,587,588,589,593,:
585:580,581,582,583,584,586,587,588,589,590,593,595,:
586:581,582,583,584,585,587,588,589,590,:
587:582,583,584,585,586,588,589,590,:
588:584,585,586,587,589,590,591,592,593,594,595,596,597,:
589:584,585,586,587,588,590,591,593,594,596,597,:
590:583,585,586,587,588,589,591,592,593,594,595,596,597,598,:
591:545,546,588,589,590,592,593,594,595,596,597,598,599,600,601,:
592:545,546,547,588,590,591,593,594,595,596,597,598,599,600,616,:
593:565,566,574,575,578,580,581,583,584,585,588,589,590,591,592,594,595,596,597,:
594:546,561,562,565,566,567,568,570,574,575,578,581,583,588,589,590,591,592,593,595,596,:
595:546,565,566,567,568,570,571,573,574,575,580,581,583,585,588,590,591,592,593,594,:
596:546,588,589,590,591,592,593,594,597,598,599,600,601,602,603,:
597:588,589,590,591,592,593,596,598,599,601,602,603,:
598:546,590,591,592,596,597,599,600,601,602,603,604,609,615,:
599:399,591,592,596,597,598,600,601,602,608,609,614,615,:
600:397,399,591,592,596,598,599,601,608,609,610,613,614,615,616,:
601:591,596,597,598,599,600,602,603,604,605,606,:
602:543,596,597,598,599,601,603,604,605,606,607,:
603:596,597,598,601,602,604,605,606,607,:
604:392,393,396,398,400,543,598,601,602,603,605,606,607,:
605:330,559,560,561,564,601,602,603,604,606,607,:
606:343,348,349,393,540,543,601,602,603,604,605,607,:
607:330,343,540,543,559,560,602,603,604,605,606,:
608:599,600,609,610,611,612,613,614,615,616,:
609:598,599,600,608,610,611,613,614,615,616,:
610:600,608,609,611,612,613,614,615,616,:
611:608,609,610,612,613,614,615,616,:
612:608,610,611,613,614,615,:
613:401,402,600,608,609,610,611,612,614,615,616,:
614:399,400,401,402,599,600,608,609,610,611,612,613,615,616,:
615:399,400,401,402,598,599,600,608,609,610,611,612,613,614,616,:
616:547,549,592,600,608,609,610,611,613,614,615,630,:
617:618,619,620,621,622,623,624,625,626,:
618:617,619,620,622,623,624,625,626,:
619:617,618,620,621,622,623,624,625,626,627,:
620:191,617,618,619,621,622,623,624,625,626,627,628,630,:
621:191,504,506,617,619,620,622,623,624,625,626,627,628,:
622:190,191,617,618,619,620,621,623,624,625,626,:
623:190,191,195,197,198,617,618,619,620,621,622,624,625,626,:
624:189,190,191,195,197,198,617,618,619,620,621,622,623,625,626,627,631,632,633,634,:
625:191,617,618,619,620,621,622,623,624,626,627,628,629,630,631,632,633,635,:
626:617,618,619,620,621,622,623,624,625,627,628,630,631,632,633,:
627:619,620,621,624,625,626,628,629,630,631,632,633,635,:
628:620,621,625,626,627,629,630,631,636,637,:
629:625,627,628,630,636,637,642,:
630:616,620,625,626,627,628,629,631,632,633,634,635,:
631:191,551,624,625,626,627,628,630,632,633,634,635,:
632:202,204,624,625,626,627,630,631,633,634,635,:
633:191,202,204,205,206,551,624,625,626,627,630,631,632,634,635,:
634:190,191,197,200,201,202,203,204,205,206,624,630,631,632,633,635,:
635:120,191,551,625,627,630,631,632,633,634,:
636:628,629,637,638,639,640,641,642,643,644,:
637:628,629,636,638,639,641,642,643,644,:
638:388,636,637,639,640,641,642,643,644,:
639:386,388,636,637,638,640,641,642,643,644,:
640:385,386,387,388,636,638,639,641,642,643,:
641:386,387,388,489,636,637,638,639,640,642,643,644,:
642:386,387,388,489,494,495,629,636,637,638,639,640,641,643,644,:
643:385,386,387,388,489,494,495,636,637,638,639,640,641,642,644,:
644:483,484,485,497,499,503,504,506,507,636,637,638,639,641,642,643,:
645:352,355,646,647,648,649,650,651,653,:
646:351,352,353,354,355,356,645,647,648,649,650,651,652,653,:
647:352,645,646,648,649,650,651,652,653,:
648:352,645,646,647,649,650,651,652,659,:
649:344,345,350,351,352,353,355,356,645,646,647,648,650,651,652,659,660,:
650:645,646,647,648,649,651,652,653,654,655,:
651:645,646,647,648,649,650,652,653,654,655,656,:
652:356,646,647,648,649,650,651,653,654,655,656,657,658,659,661,:
653:645,646,647,650,651,652,654,655,656,657,:
654:356,359,650,651,652,653,655,656,657,658,661,:
655:356,357,359,650,651,652,653,654,656,657,658,:
656:356,357,359,361,651,652,653,654,655,657,658,:
657:357,359,361,652,653,654,655,656,658,:
658:359,361,652,654,655,656,657,667,669,670,:
659:339,648,649,652,660,661,662,663,664,665,666,673,674,:
660:336,338,339,342,344,352,649,659,661,662,663,664,665,666,:
661:339,652,654,659,660,662,663,664,665,666,667,673,674,675,:
662:659,660,661,663,664,665,673,674,675,676,677,678,:
663:313,316,317,659,660,661,662,664,673,674,675,676,:
664:320,339,659,660,661,662,663,665,666,667,668,669,673,674,677,:
665:340,659,660,661,662,664,666,667,668,669,670,:
666:338,339,340,342,345,351,352,659,660,661,664,665,667,668,669,670,671,:
667:60,658,661,664,665,666,668,669,670,671,672,:
668:60,345,346,351,353,356,664,665,666,667,669,670,671,672,:
669:24,60,62,658,664,665,666,667,668,670,671,672,:
670:24,56,60,359,658,665,666,667,668,669,671,672,:
671:56,60,359,522,523,524,666,667,668,669,670,672,:
672:20,21,22,23,24,27,56,59,60,61,522,523,524,667,668,669,670,671,:
673:659,661,662,663,664,674,675,676,677,678,679,680,681,682,:
674:659,661,662,663,664,673,675,676,677,678,679,680,681,:
675:661,662,663,673,674,676,677,678,679,680,681,682,683,:
676:317,320,662,663,673,674,675,677,678,679,680,681,682,683,684,686,692,693,:
677:320,662,664,673,674,675,676,678,680,681,682,683,684,692,693,:
678:662,673,674,675,676,677,679,680,681,682,:
679:673,674,675,676,678,680,:
680:673,674,675,676,677,678,679,681,:
681:317,318,320,673,674,675,676,677,678,680,682,683,684,685,686,687,692,693,:
682:312,317,673,675,676,677,678,681,683,684,685,686,:
683:291,317,318,320,675,676,677,681,682,684,685,686,687,688,689,692,693,694,:
684:676,677,681,682,683,685,686,687,688,692,693,694,695,697,:
685:681,682,683,684,686,687,688,692,693,694,695,697,699,:
686:291,317,318,320,676,681,682,683,684,685,687,688,689,690,691,692,693,:
687:289,291,681,683,684,685,686,688,689,690,691,692,709,710,711,:
688:286,287,289,290,291,683,684,685,686,687,689,690,691,692,693,709,710,711,:
689:291,683,686,687,688,690,691,709,710,711,729,730,731,732,:
690:289,291,686,687,688,689,691,708,709,710,711,714,729,730,731,732,:
691:686,687,688,689,690,711,729,730,731,:
692:676,677,681,683,684,685,686,687,688,693,694,695,696,697,698,699,:
693:676,677,681,683,684,685,686,688,692,694,695,696,697,698,:
694:683,684,685,692,693,695,696,697,698,699,700,:
695:309,684,685,692,693,694,696,697,698,699,700,701,702,703,704,:
696:283,284,286,292,309,692,693,694,695,697,698,699,700,703,:
697:684,685,692,693,694,695,696,698,699,:
698:692,693,694,695,696,697,699,700,701,702,703,704,:
699:685,692,694,695,696,697,698,700,701,702,703,704,:
700:694,695,696,698,699,701,702,703,704,705,:
701:695,698,699,700,702,703,704,:
702:695,698,699,700,701,703,704,:
703:271,283,286,695,696,698,699,700,701,702,704,705,706,707,708,:
704:695,698,699,700,701,702,703,705,706,707,708,709,710,:
705:700,703,704,706,707,708,709,710,711,712,:
706:703,704,705,707,708,709,710,711,712,713,714,:
707:703,704,705,706,708,709,710,712,713,714,:
708:286,690,703,704,705,706,707,709,710,711,712,713,714,732,:
709:291,687,688,689,690,704,705,706,707,708,710,711,712,713,714,730,731,732,:
710:687,688,689,690,704,705,706,707,708,709,711,712,714,730,731,732,:
711:289,291,687,688,689,690,691,705,706,708,709,710,712,713,714,729,730,731,732,:
712:287,705,706,707,708,709,710,711,713,714,732,:
713:282,287,706,707,708,709,711,712,714,:
714:287,289,290,291,690,706,707,708,709,710,711,712,713,730,731,732,:
715:716,717,718,719,720,721,723,724,725,:
716:715,717,718,720,721,723,724,725,734,:
717:715,716,718,719,720,721,722,723,724,725,726,734,:
718:715,716,717,719,720,721,724,725,726,727,728,729,733,734,:
719:715,717,718,720,724,725,726,727,728,729,733,734,:
720:715,716,717,718,719,721,722,723,724,725,734,741,742,743,:
721:715,716,717,718,720,722,723,742,:
722:563,568,569,574,576,717,720,721,723,741,742,743,:
723:333,564,715,716,717,720,721,722,:
724:715,716,717,718,719,720,725,726,727,728,729,730,733,734,:
725:715,716,717,718,719,720,724,726,727,729,733,734,:
726:717,718,719,724,725,727,728,729,730,731,732,733,734,735,:
727:718,719,724,725,726,728,729,730,731,732,733,734,735,736,738,:
728:185,186,187,718,719,724,726,727,729,730,731,732,733,734,735,736,:
729:321,325,689,690,691,711,718,719,724,725,726,727,728,730,731,732,733,:
730:689,690,691,709,710,711,714,724,726,727,728,729,731,732,:
731:689,690,691,709,710,711,714,726,727,728,729,730,732,:
732:289,290,291,689,690,708,709,710,711,712,714,726,727,728,729,730,731,:
733:718,719,724,725,726,727,728,729,734,735,736,737,738,739,740,741,:
734:716,717,718,719,720,724,725,726,727,728,733,735,736,737,738,739,740,741,743,:
735:178,179,180,181,185,726,727,728,733,734,736,737,738,739,740,741,743,:
736:178,179,180,181,186,727,728,733,734,735,737,738,739,:
737:179,180,733,734,735,736,738,:
738:178,179,727,733,734,735,736,737,739,740,741,742,743,:
739:183,733,734,735,736,738,740,741,742,743,:
740:9,40,41,178,179,181,182,183,184,733,734,735,738,739,741,742,743,:
741:720,722,733,734,735,738,739,740,742,743,:
742:40,41,230,569,720,721,722,738,739,740,741,743,:
743:720,722,734,735,738,739,740,741,742,:
