1:2,3,4,5,6,10,31,32,33,34,35,36,37,38,45,46,200,201,528,531,533,534,535,537,539,540,555,556,557,:
2:1,3,4,5,6,7,10,11,31,32,33,34,35,36,37,38,46,101,200,201,533,534,535,537,540,556,:
3:1,2,4,5,6,10,11,12,13,14,21,31,32,33,34,35,36,37,38,46,47,49,50,101,532,534,537,:
4:1,2,3,5,6,10,11,12,13,21,31,32,33,34,36,37,38,46,47,55,58,519,522,523,528,532,534,536,537,538,540,541,:
5:1,2,3,4,6,7,8,9,10,31,32,33,34,35,36,37,38,39,40,41,45,46,101,200,556,:
6:1,2,3,4,5,7,8,9,31,32,33,34,35,36,37,38,39,40,41,42,43,44,45,119,540,556,:
7:2,5,6,8,9,35,36,37,38,39,40,41,42,43,44,45,114,119,142,143,144,:
8:5,6,7,9,35,36,37,38,39,40,41,42,43,44,45,142,143,144,169,556,:
9:5,6,7,8,35,37,38,39,40,41,42,43,44,45,547,551,556,:
10:1,2,3,4,5,11,12,13,14,15,16,21,33,34,36,37,46,47,48,49,50,55,100,101,109,532,534,:
11:2,3,4,10,12,13,14,15,16,17,21,22,34,46,47,48,49,50,51,55,101,519,:
12:3,4,10,11,13,14,15,21,22,23,25,30,46,47,48,49,55,56,58,113,440,442,519,:
13:3,4,10,11,12,14,21,22,23,25,36,46,47,48,49,55,56,58,109,110,112,113,114,117,119,440,442,:
14:3,10,11,12,13,15,16,17,18,19,21,46,47,48,49,50,51,55,101,463,:
15:10,11,12,14,16,17,18,19,20,46,47,48,49,50,51,52,53,54,101,463,534,:
16:10,11,14,15,17,18,19,20,46,47,48,49,50,51,52,53,54,101,102,103,105,534,:
17:11,14,15,16,18,19,20,47,48,49,50,51,52,53,54,463,475,477,478,480,:
18:14,15,16,17,19,20,46,50,51,52,53,54,102,105,534,627,:
19:14,15,16,17,18,20,48,50,51,52,53,54,478,480,645,:
20:15,16,17,18,19,50,51,52,53,54,105,534,621,645,:
21:3,4,10,11,12,13,14,22,23,24,25,26,30,47,48,49,55,56,57,58,60,113,442,518,519,:
22:11,12,13,21,23,24,25,26,27,30,47,55,56,57,58,59,60,61,442,508,519,:
23:12,13,21,22,24,25,26,30,55,56,57,58,59,60,61,441,442,503,505,506,508,:
24:21,22,23,25,26,27,30,55,56,57,59,60,61,63,442,502,503,505,506,508,:
25:12,13,21,22,23,24,26,27,28,30,55,56,57,58,59,60,61,62,119,508,542,:
26:21,22,23,24,25,27,28,29,56,57,58,59,60,61,62,63,64,65,66,67,117,119,272,273,:
27:22,24,25,26,28,29,57,58,59,60,61,62,63,64,65,66,67,678,679,:
28:25,26,27,29,59,60,61,62,63,64,65,66,67,272,278,281,292,678,:
29:26,27,28,59,60,61,62,63,64,65,66,67,118,271,272,273,278,280,281,282,283,315,316,317,318,:
30:12,21,22,23,24,25,55,56,57,60,441,442,502,503,504,505,506,507,508,515,516,517,519,:
31:1,2,3,4,5,6,32,33,34,35,36,37,38,45,199,200,201,531,533,535,540,554,555,556,557,:
32:1,2,3,4,5,6,31,33,34,35,36,37,38,45,200,201,531,533,536,537,538,539,540,541,546,555,556,557,:
33:1,2,3,4,5,6,10,31,32,34,35,38,200,201,526,527,528,529,530,531,532,533,534,535,537,540,555,556,557,:
34:1,2,3,4,5,6,10,11,31,32,33,35,36,37,38,46,50,101,198,199,200,201,533,534,535,556,:
35:1,2,3,5,6,7,8,9,31,32,33,34,36,37,38,39,40,41,42,45,46,101,199,200,201,234,555,556,:
36:1,2,3,4,5,6,7,8,10,13,31,32,34,35,37,38,39,40,41,46,100,101,107,109,110,111,112,113,144,:
37:1,2,3,4,5,6,7,8,9,10,31,32,34,35,36,38,39,40,41,44,45,119,537,540,541,:
38:1,2,3,4,5,6,7,8,9,31,32,33,34,35,36,37,39,40,41,42,43,44,45,539,540,541,547,555,556,:
39:5,6,7,8,9,35,36,37,38,40,41,42,44,45,110,111,112,113,114,117,119,142,143,144,:
40:5,6,7,8,9,35,36,37,38,39,41,42,43,44,45,114,119,169,:
41:5,6,7,8,9,35,36,37,38,39,40,42,43,44,45,142,143,144,232,234,241,556,:
42:6,7,8,9,35,38,39,40,41,43,44,45,142,143,144,167,168,169,:
43:6,7,8,9,38,40,41,42,44,45,232,547,551,556,749,751,:
44:6,7,8,9,37,38,39,40,41,42,43,45,547,556,749,751,:
45:1,5,6,7,8,9,31,32,35,37,38,39,40,41,42,43,44,232,546,547,549,551,554,555,556,:
46:1,2,3,4,5,10,11,12,13,14,15,16,18,34,35,36,47,48,49,50,100,101,107,109,534,:
47:3,4,10,11,12,13,14,15,16,17,21,22,46,48,49,50,51,55,518,519,532,534,537,:
48:10,11,12,13,14,15,16,17,19,21,46,47,49,50,51,55,440,442,463,477,:
49:3,10,11,12,13,14,15,16,17,21,46,47,48,50,51,100,101,103,107,109,440,442,463,:
50:3,10,11,14,15,16,17,18,19,20,34,46,47,48,49,52,99,100,101,102,103,104,105,534,:
51:11,14,15,16,17,18,19,20,47,48,49,53,463,474,475,476,477,478,480,:
52:15,16,17,18,19,20,50,54,102,103,104,105,534,625,626,627,:
53:15,16,17,18,19,20,51,54,472,474,475,477,478,479,480,644,645,646,647,:
54:15,16,17,18,19,20,52,53,619,620,621,627,640,645,647,:
55:4,10,11,12,13,14,21,22,23,24,25,30,47,48,56,57,58,515,516,517,518,519,520,:
56:12,13,21,22,23,24,25,26,30,55,57,58,59,60,113,117,119,440,442,:
57:21,22,23,24,25,26,27,30,55,56,58,59,60,61,62,508,517,518,519,542,680,681,:
58:4,12,13,21,22,23,25,26,27,55,56,57,59,60,61,62,119,541,542,:
59:22,23,24,25,26,27,28,29,56,57,58,60,61,62,63,64,65,66,67,117,118,119,272,273,317,542,:
60:21,22,23,24,25,26,27,28,29,30,56,57,58,59,61,62,63,64,66,67,272,273,:
61:22,23,24,25,26,27,28,29,57,58,59,60,62,63,64,66,67,292,508,676,678,679,680,681,:
62:25,26,27,28,29,57,58,59,60,61,63,64,65,66,67,315,316,317,334,542,678,679,:
63:24,26,27,28,29,59,60,61,62,64,65,66,67,270,271,272,273,278,281,291,292,293,294,:
64:26,27,28,29,59,60,61,62,63,65,66,67,277,278,281,292,315,676,678,:
65:26,27,28,29,59,62,63,64,66,67,269,270,271,272,273,274,275,276,277,278,279,280,281,282,283,317,:
66:26,27,28,29,59,60,61,62,63,64,65,67,278,280,281,282,283,315,316,317,318,:
67:26,27,28,29,59,60,61,62,63,64,65,66,117,118,269,270,271,272,273,280,281,283,317,318,:
68:69,70,71,72,73,74,75,:
69:68,70,71,72,73,74,75,:
70:68,69,71,72,73,74,75,:
71:68,69,70,72,73,74,75,:
72:68,69,70,71,73,74,:
73:68,69,70,71,72,74,75,432,:
74:68,69,70,71,72,73,75,125,432,433,434,:
75:68,69,70,71,73,74,125,432,433,434,435,436,438,:
76:77,78,79,80,81,82,133,134,136,:
77:76,78,79,81,82,83,84,132,133,134,135,136,:
78:76,77,79,80,81,82,83,136,:
79:76,77,78,80,81,82,:
80:76,78,79,81,:
81:76,77,78,79,80,82,83,84,85,87,133,136,:
82:76,77,78,79,81,83,84,85,86,87,134,136,:
83:77,78,81,82,84,85,86,87,98,103,106,136,462,:
84:77,81,82,83,85,86,87,90,91,93,97,98,103,107,108,133,134,136,:
85:81,82,83,84,86,87,98,103,104,106,462,:
86:82,83,84,85,87,97,98,102,103,104,105,106,462,:
87:81,82,83,84,85,86,104,106,460,462,:
88:89,90,91,92,93,94,95,97,:
89:88,90,91,92,93,94,95,:
90:84,88,89,91,92,93,94,95,96,97,98,99,:
91:84,88,89,90,92,93,94,95,97,98,99,100,102,103,107,108,:
92:88,89,90,91,93,94,97,98,99,102,186,196,:
93:84,88,89,90,91,92,94,95,96,97,98,108,132,133,:
94:88,89,90,91,92,93,95,96,97,:
95:88,89,90,91,93,94,96,132,133,:
96:90,93,94,95,132,239,:
97:84,86,88,90,91,92,93,94,98,99,100,101,102,103,107,108,:
98:83,84,85,86,90,91,92,93,97,99,100,101,102,103,107,108,109,132,133,:
99:50,90,91,92,97,98,100,101,102,103,104,107,108,109,196,198,:
100:10,36,46,49,50,91,97,98,99,101,102,103,107,108,109,110,111,:
101:2,3,5,10,11,14,15,16,34,35,36,46,49,50,97,98,99,100,102,103,107,108,109,110,198,:
102:16,18,50,52,86,91,92,97,98,99,100,101,103,104,105,106,107,108,196,198,:
103:16,49,50,52,83,84,85,86,91,97,98,99,100,101,102,104,105,106,107,108,462,:
104:50,52,85,86,87,99,102,103,105,106,185,491,:
105:16,18,20,50,52,86,102,103,104,106,185,489,490,491,:
106:83,85,86,87,102,103,104,105,460,462,489,491,:
107:36,46,49,84,91,97,98,99,100,101,102,103,108,109,110,111,112,113,134,135,144,:
108:84,91,93,97,98,99,100,101,102,103,107,109,110,111,128,132,133,134,135,144,:
109:10,13,36,46,49,98,99,100,101,107,108,110,111,112,113,114,128,135,437,:
110:13,36,39,100,101,107,108,109,111,112,113,114,115,116,117,120,126,127,128,135,138,143,144,:
111:36,39,100,107,108,109,110,112,113,114,115,116,120,127,128,129,130,132,135,137,138,139,142,143,144,:
112:13,36,39,107,109,110,111,113,114,115,116,117,118,119,120,126,128,135,138,144,:
113:12,13,21,36,39,56,107,109,110,111,112,114,115,117,119,120,126,440,:
114:7,13,39,40,109,110,111,112,113,115,116,117,118,119,120,121,126,128,138,273,:
115:110,111,112,113,114,116,117,118,119,120,121,122,123,124,125,126,127,128,137,138,146,273,:
116:110,111,112,114,115,117,118,120,121,122,123,126,127,128,137,138,139,140,142,145,146,147,150,151,152,153,154,155,:
117:13,26,39,56,59,67,110,112,113,114,115,116,118,119,120,126,272,273,:
118:29,59,67,112,114,115,116,117,119,120,154,272,273,:
119:6,7,13,25,26,37,39,40,56,58,59,112,113,114,115,117,118,:
120:110,111,112,113,114,115,116,117,118,121,122,123,124,125,126,127,128,135,138,146,273,:
121:114,115,116,120,122,123,124,125,126,127,128,129,135,146,155,:
122:115,116,120,121,123,124,125,126,127,128,129,130,131,132,135,137,138,145,146,:
123:115,116,120,121,122,124,127,128,129,130,131,137,138,145,146,147,150,:
124:115,120,121,122,123,125,126,127,128,135,:
125:74,75,115,120,121,122,124,126,128,272,273,437,:
126:110,112,113,114,115,116,117,120,121,122,124,125,127,128,135,272,273,436,437,:
127:110,111,115,116,120,121,122,123,124,126,128,129,130,131,132,133,134,135,136,137,138,146,:
128:108,109,110,111,112,114,115,116,120,121,122,123,124,125,126,127,129,130,132,133,134,135,136,137,138,437,:
129:111,121,122,123,127,128,130,131,132,133,134,135,137,138,139,146,:
130:111,122,123,127,128,129,131,132,133,137,138,139,140,142,143,144,145,146,:
131:122,123,127,129,130,132,137,138,139,140,141,145,146,:
132:77,93,95,96,98,108,111,122,127,128,129,130,131,133,134,135,136,137,138,:
133:76,77,81,84,93,95,98,108,127,128,129,130,132,134,135,136,:
134:76,77,82,84,107,108,127,128,129,132,133,135,136,436,437,:
135:77,107,108,109,110,111,112,120,121,122,124,126,127,128,129,132,133,134,136,138,436,437,:
136:76,77,78,81,82,83,84,127,128,132,133,134,135,434,436,437,:
137:111,115,116,122,123,127,128,129,130,131,132,138,139,140,141,142,143,144,145,146,:
138:110,111,112,114,115,116,120,122,123,127,128,129,130,131,132,135,137,139,140,142,143,144,145,146,:
139:111,116,129,130,131,137,138,140,141,142,143,144,145,146,147,:
140:116,130,131,137,138,139,141,142,143,144,145,146,147,148,149,150,157,167,169,:
141:131,137,139,140,142,145,146,147,148,149,156,157,161,162,166,167,168,169,:
142:7,8,39,41,42,111,116,130,137,138,139,140,141,143,144,145,146,167,168,169,240,:
143:7,8,39,41,42,110,111,130,137,138,139,140,142,144,240,:
144:7,8,36,39,41,42,107,108,110,111,112,130,137,138,139,140,142,143,:
145:116,122,123,130,131,137,138,139,140,141,142,146,147,148,149,150,151,152,169,170,172,:
146:115,116,120,121,122,123,127,129,130,131,137,138,139,140,141,142,145,147,148,150,151,152,153,:
147:116,123,139,140,141,145,146,148,149,150,151,152,153,170,171,172,:
148:140,141,145,146,147,149,150,151,157,:
149:140,141,145,147,148,150,156,157,171,:
150:116,123,140,145,146,147,148,149,151,152,153,154,155,172,:
151:116,145,146,147,148,150,152,153,154,155,170,171,172,:
152:116,145,146,147,150,151,153,154,155,166,169,170,171,172,:
153:116,146,147,150,151,152,154,155,269,:
154:116,118,150,151,152,153,155,267,269,:
155:116,121,150,151,152,153,154,267,269,:
156:141,149,157,158,159,160,161,162,:
157:140,141,148,149,156,158,159,161,162,:
158:156,157,159,160,161,162,163,:
159:156,157,158,160,161,162,:
160:156,158,159,161,:
161:141,156,157,158,159,160,162,163,164,165,166,:
162:141,156,157,158,159,161,163,164,165,166,167,168,:
163:158,161,162,164,165,166,167,168,169,170,747,749,:
164:161,162,163,165,166,167,168,169,170,171,172,744,745,746,749,:
165:161,162,163,164,166,167,168,170,171,172,744,745,746,:
166:141,152,161,162,163,164,165,167,168,169,170,171,172,744,745,749,:
167:42,140,141,142,162,163,164,165,166,168,169,170,171,172,749,:
168:42,141,142,162,163,164,165,166,167,169,170,172,748,749,:
169:8,40,42,140,141,142,145,152,163,164,166,167,168,170,171,172,749,:
170:145,147,151,152,163,164,165,166,167,168,169,171,172,737,:
171:147,149,151,152,164,165,166,167,169,170,172,737,:
172:145,147,150,151,152,164,165,166,167,168,169,170,171,737,:
173:174,175,176,177,178,179,180,222,:
174:173,175,176,177,178,179,180,:
175:173,174,176,177,178,179,180,:
176:173,174,175,177,178,179,:
177:173,174,175,176,178,:
178:173,174,175,176,177,179,180,752,:
179:173,174,175,176,178,180,221,222,223,747,748,750,752,:
180:173,174,175,178,179,223,747,748,750,751,752,:
181:182,183,184,185,186,187,188,189,:
182:181,183,184,185,186,187,188,189,190,:
183:181,182,184,185,186,187,188,189,190,191,193,615,616,:
184:181,182,183,185,188,189,190,191,193,612,613,614,615,616,625,626,627,:
185:104,105,181,182,183,184,186,187,188,189,:
186:92,181,182,183,185,187,188,189,:
187:181,182,183,185,186,188,189,:
188:181,182,183,184,185,186,187,189,190,191,192,193,194,196,615,616,:
189:181,182,183,184,185,186,187,188,190,191,192,193,194,:
190:182,183,184,188,189,191,192,193,194,195,196,203,615,616,626,:
191:183,184,188,189,190,192,193,194,202,203,615,616,:
192:188,189,190,191,193,194,195,202,203,204,207,:
193:183,184,188,189,190,191,192,194,195,196,197,198,247,626,:
194:188,189,190,191,192,193,195,196,197,198,199,233,625,626,:
195:190,192,193,194,196,197,198,199,200,201,209,233,625,626,:
196:92,99,102,188,190,193,194,195,197,198,199,200,233,626,:
197:193,194,195,196,198,199,200,201,209,233,234,557,624,625,626,:
198:34,99,101,102,193,194,195,196,197,199,200,201,233,234,626,:
199:31,34,35,194,195,196,197,198,200,201,233,234,535,557,625,626,:
200:1,2,5,31,32,33,34,35,195,196,197,198,199,201,233,234,533,535,555,556,557,:
201:1,2,31,32,33,34,35,195,197,198,199,200,234,533,535,554,555,556,557,:
202:191,192,203,204,205,206,207,208,:
203:190,191,192,202,204,205,207,208,:
204:192,202,203,205,206,207,208,209,210,:
205:202,203,204,206,207,208,210,:
206:202,204,205,207,208,210,:
207:192,202,203,204,205,206,208,209,210,211,212,248,:
208:202,203,204,205,206,207,209,210,211,212,213,248,249,:
209:195,197,204,207,208,210,211,212,213,214,:
210:204,205,206,207,208,209,211,212,213,214,215,248,249,:
211:207,208,209,210,212,213,214,215,554,:
212:207,208,209,210,211,213,214,215,229,249,:
213:208,209,210,211,212,214,215,229,230,:
214:209,210,211,212,213,215,225,229,230,554,565,:
215:210,211,212,213,214,224,225,226,229,230,232,553,554,:
216:217,218,219,220,221,222,223,224,225,:
217:216,218,219,221,222,223,224,225,:
218:216,217,219,220,221,222,223,224,225,226,:
219:216,217,218,220,221,222,223,224,225,226,227,228,229,:
220:216,218,219,221,223,224,225,226,227,228,235,:
221:179,216,217,218,219,220,222,223,224,225,:
222:173,179,216,217,218,219,221,223,:
223:179,180,216,217,218,219,220,221,222,224,225,553,751,:
224:215,216,217,218,219,220,221,223,225,226,227,228,229,230,235,:
225:214,215,216,217,218,219,220,221,223,224,226,227,228,229,230,:
226:215,218,219,220,224,225,227,228,229,230,231,232,235,236,241,243,:
227:219,220,224,225,226,228,229,230,231,235,236,237,239,240,241,242,243,249,:
228:219,220,224,225,226,227,229,230,235,236,237,238,241,242,243,249,:
229:212,213,214,215,219,224,225,226,227,228,230,231,232,233,234,235,241,243,249,:
230:213,214,215,224,225,226,227,228,229,231,232,233,234,235,241,243,248,249,:
231:226,227,229,230,232,233,234,235,241,242,243,244,247,248,249,:
232:41,43,45,215,226,229,230,231,233,234,235,241,554,555,556,557,:
233:194,195,196,197,198,199,200,229,230,231,232,234,241,242,243,247,248,249,:
234:35,41,197,198,199,200,201,229,230,231,232,233,241,243,249,554,555,556,557,:
235:220,224,226,227,228,229,230,231,232,236,237,238,239,240,241,242,243,:
236:226,227,228,235,237,238,239,240,241,242,243,244,:
237:227,228,235,236,238,239,240,241,242,243,244,245,247,249,:
238:228,235,236,237,239,242,243,244,245,246,:
239:96,227,235,236,237,238,240,241,242,243,:
240:142,143,227,235,236,237,239,241,243,:
241:41,226,227,228,229,230,231,232,233,234,235,236,237,239,240,242,243,:
242:227,228,231,233,235,236,237,238,239,241,243,244,245,246,247,248,249,:
243:226,227,228,229,230,231,233,234,235,236,237,238,239,240,241,242,244,245,247,248,249,:
244:231,236,237,238,242,243,245,246,247,248,249,:
245:237,238,242,243,244,246,247,248,249,:
246:238,242,244,245,247,248,:
247:193,231,233,237,242,243,244,245,246,248,249,:
248:207,208,210,230,231,233,242,243,244,245,246,247,249,:
249:208,210,212,227,228,229,230,231,233,234,237,242,243,244,245,247,248,:
250:251,252,253,254,255,256,257,258,:
251:250,252,253,255,256,257,258,259,408,:
252:250,251,253,254,255,256,257,258,:
253:250,251,252,254,255,:
254:250,252,253,255,:
255:250,251,252,253,254,256,257,258,259,289,299,:
256:250,251,252,255,257,258,259,288,289,290,408,:
257:250,251,252,255,256,258,259,295,407,408,412,:
258:250,251,252,255,256,257,259,407,408,412,:
259:251,255,256,257,258,290,291,293,294,295,407,408,412,417,:
260:261,262,263,264,265,266,274,275,:
261:260,262,263,264,265,:
262:260,261,263,264,265,266,267,268,274,275,276,286,722,:
263:260,261,262,264,265,266,267,268,274,275,276,277,279,281,285,286,716,722,:
264:260,261,262,263,265,274,275,276,277,279,285,286,289,712,:
265:260,261,262,263,264,266,267,268,269,270,274,275,:
266:260,262,263,265,267,268,269,270,271,274,275,:
267:154,155,262,263,265,266,268,269,270,271,272,273,274,275,281,:
268:262,263,265,266,267,269,270,271,272,274,275,286,290,295,:
269:65,67,153,154,155,265,266,267,268,270,271,272,273,275,281,:
270:63,65,67,265,266,267,268,269,271,272,273,275,291,293,294,295,:
271:29,63,65,67,266,267,268,269,270,272,273,275,281,:
272:26,28,29,59,60,63,65,67,117,118,125,126,267,268,269,270,271,273,:
273:26,29,59,60,63,65,67,114,115,117,118,120,125,126,267,269,270,271,272,:
274:65,260,262,263,264,265,266,267,268,275,276,277,278,279,280,281,285,286,716,722,:
275:65,260,262,263,264,265,266,267,268,269,270,271,274,276,277,278,279,280,281,282,285,286,721,722,:
276:65,262,263,264,274,275,277,278,279,280,281,282,284,285,286,287,705,712,:
277:64,65,263,264,274,275,276,278,279,280,281,285,286,287,288,290,292,705,:
278:28,29,63,64,65,66,274,275,276,277,279,280,281,285,286,287,290,291,292,:
279:65,263,264,274,275,276,277,278,280,281,282,283,284,285,286,697,702,705,712,716,717,721,722,:
280:29,65,66,67,274,275,276,277,278,279,281,282,283,284,697,721,722,723,:
281:28,29,63,64,65,66,67,263,267,269,271,274,275,276,277,278,279,280,282,283,284,721,722,723,:
282:29,65,66,275,276,279,280,281,283,284,315,316,317,318,696,697,698,699,718,720,721,723,739,740,741,:
283:29,65,66,67,279,280,281,282,284,314,315,316,317,318,696,697,698,699,720,723,738,739,740,741,:
284:276,279,280,281,282,283,315,316,317,692,695,696,697,698,699,700,717,718,720,721,723,739,740,741,:
285:263,264,274,275,276,277,278,279,286,287,288,289,290,291,292,296,297,705,:
286:262,263,264,268,274,275,276,277,278,279,285,287,288,289,290,296,297,705,:
287:276,277,278,285,286,288,289,290,291,292,293,296,297,298,:
288:256,277,285,286,287,289,290,291,296,297,298,299,300,301,302,:
289:255,256,264,285,286,287,288,290,296,297,298,299,301,302,304,:
290:256,259,268,277,278,285,286,287,288,289,291,292,293,294,295,296,297,:
291:63,259,270,278,285,287,288,290,292,293,294,295,:
292:28,61,63,64,277,278,285,287,290,291,293,294,295,:
293:63,259,270,287,290,291,292,294,295,426,:
294:63,259,270,290,291,292,293,295,405,425,426,:
295:257,259,268,270,290,291,292,293,294,:
296:285,286,287,288,289,290,297,298,299,300,301,302,:
297:285,286,287,288,289,290,296,298,299,300,301,302,415,:
298:287,288,289,296,297,299,300,301,302,303,304,:
299:255,288,289,296,297,298,300,301,302,:
300:288,296,297,298,299,301,412,414,415,:
301:288,289,296,297,298,299,300,302,303,304,:
302:288,289,296,297,298,299,301,303,304,704,705,706,:
303:298,301,302,304,:
304:289,298,301,302,303,:
305:306,307,308,309,310,311,319,320,672,691,:
306:305,307,308,309,310,319,672,:
307:305,306,308,309,310,311,312,313,319,320,321,329,:
308:305,306,307,309,310,311,312,319,320,321,322,324,328,329,672,:
309:305,306,307,308,310,319,320,321,322,328,329,672,:
310:305,306,307,308,309,311,312,313,314,315,319,320,672,685,690,691,692,695,:
311:305,307,308,310,312,313,314,315,316,319,320,334,690,692,695,:
312:307,308,310,311,313,314,315,316,317,318,319,320,334,:
313:307,310,311,312,314,315,316,317,334,673,685,686,690,692,695,:
314:283,310,311,312,313,315,316,317,318,334,728,738,:
315:29,62,64,66,282,283,284,310,311,312,313,314,316,317,318,334,:
316:29,62,66,282,283,284,311,312,313,314,315,317,318,334,542,:
317:29,59,62,65,66,67,282,283,284,312,313,314,315,316,318,542,:
318:29,66,67,282,283,312,314,315,316,317,542,738,741,:
319:305,306,307,308,309,310,311,312,320,321,322,323,324,325,328,329,:
320:305,307,308,309,310,311,312,319,321,322,323,324,325,328,329,:
321:307,308,309,319,320,322,323,324,325,326,327,328,329,330,:
322:308,309,319,320,321,323,324,325,328,329,330,331,332,333,334,544,:
323:319,320,321,322,324,328,329,330,331,333,334,524,538,539,543,544,589,591,:
324:308,319,320,321,322,323,325,326,327,328,544,:
325:319,320,321,322,324,326,327,:
326:321,324,325,327,:
327:321,324,325,326,:
328:308,309,319,320,321,322,323,324,329,330,331,332,333,334,335,336,669,:
329:307,308,309,319,320,321,322,323,328,330,331,332,333,334,335,669,:
330:321,322,323,328,329,331,332,333,334,335,336,337,524,669,:
331:322,323,328,329,330,332,333,335,336,337,338,339,340,341,524,668,669,675,:
332:322,328,329,330,331,333,335,336,337,338,340,341,668,669,675,:
333:322,323,328,329,330,331,332,334,335,336,524,538,541,542,674,675,677,:
334:62,311,312,313,314,315,316,322,323,328,329,330,333,538,541,542,:
335:328,329,330,331,332,333,336,337,338,339,340,341,342,343,344,345,521,524,669,675,:
336:328,330,331,332,333,335,337,338,339,340,341,344,520,521,522,523,524,590,591,:
337:330,331,332,335,336,338,339,340,341,342,343,344,345,346,521,658,669,:
338:331,332,335,336,337,339,340,341,343,344,345,346,347,348,349,365,521,658,677,:
339:331,335,336,337,338,340,343,344,345,346,347,359,365,367,517,518,520,521,524,677,681,:
340:331,332,335,336,337,338,339,341,342,343,344,345,386,:
341:331,332,335,336,337,338,340,342,343,385,386,590,591,:
342:335,337,340,341,343,384,385,386,590,:
343:335,337,338,339,340,341,342,344,345,348,386,658,:
344:335,336,337,338,339,340,343,345,346,347,348,349,350,358,359,655,658,675,677,:
345:335,337,338,339,340,343,344,346,347,348,349,654,655,657,658,675,677,:
346:337,338,339,344,345,347,348,349,350,351,352,358,359,360,513,655,658,677,681,:
347:338,339,344,345,346,348,349,350,351,358,359,360,361,362,363,364,365,513,655,:
348:338,343,344,345,346,347,349,350,358,359,360,363,654,655,658,:
349:338,344,345,346,347,348,350,351,352,353,354,358,359,655,658,661,663,664,665,677,681,:
350:344,346,347,348,349,351,352,353,354,355,358,359,501,507,513,664,665,666,681,:
351:346,347,349,350,352,353,354,355,356,358,359,501,:
352:346,349,350,351,353,354,355,356,357,501,506,507,664,665,666,667,677,679,680,681,:
353:349,350,351,352,354,355,356,357,498,501,:
354:349,350,351,352,353,355,356,357,423,425,500,501,506,507,666,667,680,681,:
355:350,351,352,353,354,356,357,423,498,500,501,507,:
356:351,352,353,354,355,357,418,421,422,423,425,498,499,500,501,:
357:352,353,354,355,356,418,421,422,423,424,425,426,498,499,500,501,502,:
358:344,346,347,348,349,350,351,359,360,361,362,363,364,365,510,513,:
359:339,344,346,347,348,349,350,351,358,360,361,362,363,364,365,509,510,511,512,513,:
360:346,347,348,358,359,361,362,363,364,365,366,:
361:347,358,359,360,362,363,364,366,372,373,510,:
362:347,358,359,360,361,363,364,372,373,495,509,510,511,512,513,514,:
363:347,348,358,359,360,361,362,364,365,366,367,368,:
364:347,358,359,360,361,362,363,365,366,367,368,369,:
365:338,339,347,358,359,360,363,364,366,367,368,369,370,513,521,:
366:360,361,363,364,365,367,368,369,370,371,372,514,:
367:339,363,364,365,366,368,369,370,371,391,514,515,517,518,520,521,525,:
368:363,364,365,366,367,369,370,371,377,514,:
369:364,365,366,367,368,370,371,391,514,:
370:365,366,367,368,369,371,391,394,479,480,514,525,:
371:366,367,368,369,370,380,478,479,480,514,516,:
372:361,362,366,373,374,375,376,377,378,:
373:361,362,372,374,375,376,377,378,492,495,509,510,514,:
374:372,373,375,376,377,378,379,:
375:372,373,374,376,377,378,:
376:372,373,374,375,377,378,:
377:368,372,373,374,375,376,378,379,380,381,479,514,:
378:372,373,374,375,376,377,379,380,381,473,479,650,:
379:374,377,378,380,381,472,473,474,478,479,642,643,644,645,646,648,:
380:371,377,378,379,381,472,473,474,478,479,480,642,643,644,645,646,648,649,:
381:377,378,379,380,469,470,471,472,473,474,478,479,642,643,644,645,646,:
382:383,384,385,386,387,388,:
383:382,384,385,387,:
384:342,382,383,385,386,387,388,389,390,:
385:341,342,382,383,384,386,387,388,389,588,:
386:340,341,342,343,382,384,385,387,388,389,588,590,:
387:382,383,384,385,386,388,389,390,391,392,:
388:382,384,385,386,387,389,390,391,392,393,588,:
389:384,385,386,387,388,390,391,392,393,394,588,:
390:384,387,388,389,391,392,393,394,395,584,:
391:367,369,370,387,388,389,390,392,393,394,395,525,588,:
392:387,388,389,390,391,393,394,395,583,584,598,599,:
393:388,389,390,391,392,394,395,598,599,:
394:370,389,390,391,392,393,395,525,526,597,598,599,:
395:390,391,392,393,394,525,526,527,528,529,531,584,597,598,599,600,:
396:397,398,399,400,401,402,403,450,452,454,:
397:396,398,399,400,401,402,403,404,450,452,453,454,499,504,:
398:396,397,399,400,401,402,403,404,406,:
399:396,397,398,400,401,402,403,404,406,:
400:396,397,398,399,401,402,403,404,406,421,424,:
401:396,397,398,399,400,402,403,404,405,406,439,449,451,453,:
402:396,397,398,399,400,401,403,404,405,406,424,439,441,453,503,504,505,:
403:396,397,398,399,400,401,402,404,405,406,424,426,453,454,499,502,503,504,505,:
404:397,398,399,400,401,402,403,405,406,424,426,439,441,504,:
405:294,401,402,403,404,406,424,426,441,503,504,505,:
406:398,399,400,401,402,403,404,405,439,:
407:257,258,259,408,409,410,411,412,413,416,417,:
408:251,256,257,258,259,407,409,410,412,416,417,:
409:407,408,410,411,412,413,414,415,416,417,418,:
410:407,408,409,411,412,413,414,416,417,418,419,420,421,:
411:407,409,410,412,413,414,416,417,418,419,420,:
412:257,258,259,300,407,408,409,410,411,413,414,415,416,417,:
413:407,409,410,411,412,414,415,416,417,:
414:300,409,410,411,412,413,415,:
415:297,300,409,412,413,414,:
416:407,408,409,410,411,412,413,417,418,419,420,421,422,423,424,:
417:259,407,408,409,410,411,412,413,416,418,419,421,422,423,424,:
418:356,357,409,410,411,416,417,419,420,421,422,423,424,:
419:410,411,416,417,418,420,421,422,:
420:410,411,416,418,419,421,:
421:356,357,400,410,416,417,418,419,420,422,423,424,425,426,:
422:356,357,416,417,418,419,421,423,424,425,426,499,500,:
423:354,355,356,357,416,417,418,421,422,424,425,426,499,500,501,:
424:357,400,402,403,404,405,416,417,418,421,422,423,425,426,499,504,:
425:294,354,356,357,421,422,423,424,426,499,500,501,502,503,506,507,:
426:293,294,357,403,404,405,421,422,423,424,425,499,500,502,503,504,:
427:428,429,430,431,432,433,444,:
428:427,429,430,432,433,:
429:427,428,430,431,432,433,434,435,439,444,:
430:427,428,429,431,432,433,434,435,443,444,456,:
431:427,429,430,432,433,435,443,444,445,446,448,455,456,461,:
432:73,74,75,427,428,429,430,431,433,434,435,436,438,439,:
433:74,75,427,428,429,430,431,432,434,435,436,437,438,439,440,441,:
434:74,75,136,429,430,432,433,435,436,437,438,439,440,:
435:75,429,430,431,432,433,434,436,437,438,439,440,441,442,:
436:75,126,134,135,136,432,433,434,435,437,438,439,440,442,462,:
437:109,125,126,128,134,135,136,433,434,435,436,438,440,462,:
438:75,432,433,434,435,436,437,439,440,441,442,462,:
439:401,402,404,406,429,432,433,434,435,436,438,440,441,442,451,:
440:12,13,48,49,56,113,433,434,435,436,437,438,439,441,442,462,:
441:23,30,402,404,405,433,435,438,439,440,442,451,453,505,:
442:12,13,21,22,23,24,30,48,49,56,435,436,438,439,440,441,:
443:430,431,444,445,446,447,448,449,455,456,:
444:427,429,430,431,443,445,446,448,449,455,456,:
445:431,443,444,446,447,448,449,450,451,455,456,457,:
446:431,443,444,445,447,448,449,450,451,455,456,457,458,459,460,465,:
447:443,445,446,448,449,450,455,456,457,458,459,464,465,469,470,471,:
448:431,443,444,445,446,447,449,450,451,452,453,455,456,:
449:401,443,444,445,446,447,448,450,451,452,453,454,455,456,:
450:396,397,445,446,447,448,449,451,452,453,454,:
451:401,439,441,445,446,448,449,450,452,453,454,455,456,476,:
452:396,397,448,449,450,451,453,454,471,476,496,:
453:397,401,402,403,441,448,449,450,451,452,454,475,476,477,504,:
454:396,397,403,449,450,451,452,453,471,475,476,477,496,504,:
455:431,443,444,445,446,447,448,449,451,456,457,458,459,460,461,463,465,:
456:430,431,443,444,445,446,447,448,449,451,455,457,458,460,461,463,:
457:445,446,447,455,456,458,459,460,461,462,463,465,:
458:446,447,455,456,457,459,460,461,464,465,482,:
459:446,447,455,457,458,460,464,465,466,467,469,481,482,483,486,487,489,:
460:87,106,446,455,456,457,458,459,461,462,463,:
461:431,455,456,457,458,460,462,463,:
462:83,85,86,87,103,106,436,437,438,440,457,460,461,463,:
463:14,15,17,48,49,51,455,456,457,460,461,462,476,:
464:447,458,459,465,466,467,468,469,470,481,482,:
465:446,447,455,457,458,459,464,466,467,469,470,471,481,482,:
466:459,464,465,467,468,469,470,471,481,482,483,:
467:459,464,465,466,468,469,470,481,482,483,484,485,486,647,:
468:464,466,467,469,481,482,483,484,485,643,647,:
469:381,447,459,464,465,466,467,468,470,471,472,473,481,482,644,647,:
470:381,447,464,465,466,467,469,471,472,473,474,476,:
471:381,447,452,454,465,466,469,470,472,473,474,475,476,477,478,:
472:53,379,380,381,469,470,471,473,474,475,476,477,478,479,480,:
473:378,379,380,381,469,470,471,472,474,475,476,478,479,480,644,645,646,:
474:51,53,379,380,381,470,471,472,473,475,476,477,478,479,480,514,:
475:17,51,53,453,454,471,472,473,474,476,477,478,479,480,496,:
476:51,451,452,453,454,463,470,471,472,473,474,475,477,478,480,496,:
477:17,48,51,53,453,454,471,472,474,475,476,478,479,480,511,514,516,:
478:17,19,51,53,371,379,380,381,471,472,473,474,475,476,477,479,480,514,645,646,:
479:53,370,371,377,378,379,380,381,472,473,474,475,477,478,480,514,644,645,646,:
480:17,19,51,53,370,371,380,472,473,474,475,476,477,478,479,511,514,516,646,:
481:459,464,465,466,467,468,469,482,483,484,485,486,487,488,489,647,:
482:458,459,464,465,466,467,468,469,481,483,484,486,487,489,:
483:459,466,467,468,481,482,484,485,486,487,488,489,647,:
484:467,468,481,482,483,485,486,487,:
485:467,468,481,483,484,486,:
486:459,467,481,482,483,484,485,487,488,489,490,491,:
487:459,481,482,483,484,486,488,489,490,491,647,:
488:481,483,486,487,489,490,491,613,647,:
489:105,106,459,481,482,483,486,487,488,490,491,:
490:105,486,487,488,489,491,613,647,:
491:104,105,106,486,487,488,489,490,:
492:373,493,494,495,496,497,498,509,510,:
493:492,494,495,496,497,498,:
494:492,493,495,496,497,498,499,509,510,511,:
495:362,373,492,493,494,496,497,498,499,500,501,509,510,511,512,513,514,:
496:452,454,475,476,492,493,494,495,497,498,499,509,510,511,514,:
497:492,493,494,495,496,498,499,500,501,509,510,:
498:353,355,356,357,492,493,494,495,496,497,499,500,501,502,509,510,:
499:356,357,397,403,422,423,424,425,426,494,495,496,497,498,500,501,502,503,504,505,506,507,509,510,:
500:354,355,356,357,422,423,425,426,495,497,498,499,501,502,503,504,505,506,507,508,509,510,511,512,513,:
501:350,351,352,353,354,355,356,357,423,425,495,497,498,499,500,502,503,504,506,507,508,509,510,512,513,:
502:24,30,357,403,425,426,498,499,500,501,503,504,505,506,507,508,509,511,512,513,515,:
503:23,24,30,402,403,405,425,426,499,500,501,502,504,505,506,507,508,:
504:30,397,402,403,404,405,424,426,453,454,499,500,501,502,503,505,506,508,:
505:23,24,30,402,403,405,441,499,500,502,503,504,506,507,508,:
506:23,24,30,352,354,425,499,500,501,502,503,504,505,507,508,512,513,515,516,517,680,681,:
507:30,350,352,354,355,425,499,500,501,502,503,505,506,508,512,513,515,517,679,680,681,:
508:22,23,24,25,30,57,61,500,501,502,503,504,505,506,507,512,513,515,516,517,680,681,:
509:359,362,373,492,494,495,496,497,498,499,500,501,502,510,511,512,513,514,515,516,:
510:358,359,361,362,373,492,494,495,496,497,498,499,500,501,509,511,512,513,514,515,:
511:359,362,477,480,494,495,496,500,502,509,510,512,513,514,515,516,517,:
512:359,362,495,500,501,502,506,507,508,509,510,511,513,514,515,516,517,518,:
513:346,347,350,358,359,362,365,495,500,501,502,506,507,508,509,510,511,512,514,515,516,517,681,:
514:362,366,367,368,369,370,371,373,377,474,477,478,479,480,495,496,509,510,511,512,513,515,516,:
515:30,55,367,502,506,507,508,509,510,511,512,513,514,516,517,518,519,520,521,681,:
516:30,55,371,477,480,506,508,509,511,512,513,514,515,517,518,519,520,:
517:30,55,57,339,367,506,507,508,511,512,513,515,516,518,519,520,521,522,680,681,:
518:21,47,55,57,339,367,512,515,516,517,519,520,521,522,523,524,525,:
519:4,11,12,21,22,30,47,55,57,515,516,517,518,520,521,522,523,525,:
520:55,336,339,367,515,516,517,518,519,521,522,523,524,525,526,536,537,:
521:335,336,337,338,339,365,367,515,517,518,519,520,522,523,524,525,:
522:4,336,517,518,519,520,521,523,524,525,526,527,528,532,536,537,538,:
523:4,336,518,519,520,521,522,524,525,526,527,528,536,537,538,539,540,541,:
524:323,330,331,333,335,336,339,518,520,521,522,523,525,526,527,536,537,538,539,541,590,591,:
525:367,370,391,394,395,518,519,520,521,522,523,524,526,527,528,529,531,532,536,537,:
526:33,394,395,520,522,523,524,525,527,528,529,530,531,532,533,534,536,537,:
527:33,395,522,523,524,525,526,528,529,530,531,532,533,536,537,540,586,587,588,589,590,591,:
528:1,4,33,395,522,523,525,526,527,529,530,531,532,533,534,535,536,537,:
529:33,395,525,526,527,528,530,531,532,533,535,540,575,576,600,:
530:33,526,527,528,529,531,533,540,550,575,576,578,579,580,582,600,:
531:1,31,32,33,395,525,526,527,528,529,530,532,533,534,535,540,576,600,:
532:3,4,10,33,47,522,525,526,527,528,529,531,533,534,535,537,:
533:1,2,31,32,33,34,200,201,526,527,528,529,530,531,532,534,535,557,600,:
534:1,2,3,4,10,15,16,18,20,33,34,46,47,50,52,526,528,531,532,533,535,:
535:1,2,31,33,34,199,200,201,528,529,531,532,533,534,600,623,624,625,:
536:4,32,520,522,523,524,525,526,527,528,537,538,539,540,541,542,543,544,:
537:1,2,3,4,32,33,37,47,520,522,523,524,525,526,527,528,532,536,538,539,540,541,542,:
538:4,32,323,333,334,522,523,524,536,537,539,540,541,542,543,544,545,:
539:1,32,38,323,523,524,536,537,538,540,541,543,544,545,546,547,548,549,:
540:1,2,4,6,31,32,33,37,38,523,527,529,530,531,536,537,538,539,541,543,544,545,546,547,549,550,556,:
541:4,32,37,38,58,333,334,523,524,536,537,538,539,540,542,543,544,:
542:25,57,58,59,62,316,317,318,333,334,536,537,538,541,:
543:323,536,538,539,540,541,544,545,546,547,548,549,550,589,:
544:322,323,324,536,538,539,540,541,543,545,546,547,548,589,591,:
545:538,539,540,543,544,546,547,548,549,550,551,559,578,589,:
546:32,45,539,540,543,544,545,547,548,549,550,551,552,554,555,556,558,559,578,:
547:9,38,43,44,45,539,540,543,544,545,546,548,549,550,551,552,556,558,559,731,732,:
548:539,543,544,545,546,547,549,550,559,562,578,589,732,:
549:45,539,540,543,545,546,547,548,550,551,552,553,554,555,556,557,558,559,577,578,579,:
550:530,540,543,545,546,547,548,549,551,552,554,555,556,557,558,559,577,578,579,:
551:9,43,45,545,546,547,549,550,552,553,554,555,556,557,558,559,560,578,579,:
552:546,547,549,550,551,553,554,555,558,559,560,561,562,563,564,565,578,579,731,:
553:215,223,549,551,552,554,558,559,560,563,731,751,:
554:31,45,201,211,214,215,232,234,546,549,550,551,552,553,555,556,557,558,559,578,579,:
555:1,31,32,33,35,38,45,200,201,232,234,546,549,550,551,552,554,556,557,579,:
556:1,2,5,6,8,9,31,32,33,34,35,38,41,43,44,45,200,201,232,234,540,546,547,549,550,551,554,555,557,:
557:1,31,32,33,197,199,200,201,232,234,533,549,550,551,554,555,556,579,:
558:546,547,549,550,551,552,553,554,559,560,561,562,563,564,565,577,578,579,731,:
559:545,546,547,548,549,550,551,552,553,554,558,560,561,562,563,564,565,577,578,579,:
560:551,552,553,558,559,561,562,563,564,565,566,731,:
561:552,558,559,560,562,563,564,566,:
562:548,552,558,559,560,561,563,564,565,566,577,578,:
563:552,553,558,559,560,561,562,564,565,566,567,568,:
564:552,558,559,560,561,562,563,565,566,567,568,569,577,:
565:214,552,558,559,560,562,563,564,566,567,568,569,570,577,578,579,:
566:560,561,562,563,564,565,567,568,569,570,571,:
567:563,564,565,566,568,569,570,571,574,577,578,579,:
568:563,564,565,566,567,569,570,571,572,573,577,:
569:564,565,566,567,568,570,571,572,573,574,577,579,:
570:565,566,567,568,569,571,572,573,574,:
571:566,567,568,569,570,572,573,574,577,:
572:568,569,570,571,573,574,575,576,577,578,579,580,581,:
573:568,569,570,571,572,574,575,577,580,581,:
574:567,569,570,571,572,573,575,576,577,578,579,580,581,582,:
575:529,530,572,573,574,576,577,578,579,580,581,582,583,585,:
576:529,530,531,572,574,575,577,578,579,580,581,582,583,584,593,600,:
577:549,550,558,559,562,564,565,567,568,569,571,572,573,574,575,576,578,579,580,581,:
578:530,545,546,548,549,550,551,552,554,558,559,562,565,567,572,574,575,576,577,579,580,:
579:530,549,550,551,552,554,555,557,558,559,565,567,569,572,574,575,576,577,578,:
580:530,572,573,574,575,576,577,578,581,582,583,584,585,586,587,:
581:572,573,574,575,576,577,580,582,583,585,586,587,:
582:530,574,575,576,580,581,583,584,585,586,587,588,599,:
583:392,575,576,580,581,582,584,585,586,593,598,599,:
584:390,392,395,576,580,582,583,585,592,593,594,597,598,599,600,:
585:575,580,581,582,583,584,586,587,588,589,590,:
586:527,580,581,582,583,585,587,588,589,590,591,:
587:527,580,581,582,585,586,588,589,590,591,:
588:385,386,388,389,391,527,582,585,586,587,589,590,591,:
589:323,527,543,544,545,548,585,586,587,588,590,591,:
590:336,341,342,386,524,527,585,586,587,588,589,591,:
591:323,336,341,524,527,544,586,587,588,589,590,:
592:584,593,594,595,596,597,598,599,600,608,:
593:576,583,584,592,594,595,597,598,599,600,:
594:584,592,593,595,596,597,598,599,600,606,607,608,:
595:592,593,594,596,597,598,599,600,606,608,:
596:592,594,595,597,598,599,606,607,608,620,628,630,633,634,636,638,:
597:394,395,584,592,593,594,595,596,598,599,600,608,622,:
598:392,393,394,395,583,584,592,593,594,595,596,597,599,600,:
599:392,393,394,395,582,583,584,592,593,594,595,596,597,598,600,:
600:395,529,530,531,533,535,576,584,592,593,594,595,597,598,599,622,624,:
601:602,603,604,605,606,607,609,610,638,:
602:601,603,604,605,606,633,636,638,:
603:601,602,604,605,606,607,608,609,610,611,618,629,:
604:601,602,603,605,606,607,608,609,610,611,612,614,617,618,628,629,:
605:601,602,603,604,606,607,609,610,611,612,613,617,618,628,629,630,633,:
606:594,595,596,601,602,603,604,605,607,608,609,610,617,618,629,:
607:594,596,601,603,604,605,606,608,609,610,612,617,618,619,622,624,628,629,:
608:592,594,595,596,597,603,604,606,607,609,617,618,619,620,622,623,624,628,629,:
609:601,603,604,605,606,607,608,610,611,612,613,614,615,616,617,618,629,:
610:601,603,604,605,606,607,609,611,612,614,615,616,617,618,:
611:603,604,605,609,610,612,613,614,615,616,617,618,619,629,:
612:184,604,605,607,609,610,611,613,614,615,616,617,618,619,620,622,627,628,629,:
613:184,488,490,605,609,611,612,614,615,616,617,618,619,620,627,628,629,:
614:184,604,609,610,611,612,613,615,616,617,618,:
615:183,184,188,190,191,609,610,611,612,613,614,616,617,618,:
616:183,184,188,190,191,609,610,611,612,613,614,615,617,618,619,623,625,626,627,:
617:604,605,606,607,608,609,610,611,612,613,614,615,616,618,619,620,621,622,623,624,625,627,628,629,:
618:603,604,605,606,607,608,609,610,611,612,613,614,615,616,617,619,620,622,623,624,625,627,628,629,:
619:54,607,608,611,612,613,616,617,618,620,621,622,623,624,625,626,627,628,629,630,:
620:54,596,608,612,613,617,618,619,621,622,623,627,628,629,630,631,633,639,640,:
621:20,54,617,619,620,622,628,629,630,631,639,640,645,646,:
622:597,600,607,608,612,617,618,619,620,621,623,624,625,626,627,628,629,:
623:535,608,616,617,618,619,620,622,624,625,626,627,:
624:197,535,600,607,608,617,618,619,622,623,625,626,627,:
625:52,184,194,195,197,199,535,616,617,618,619,622,623,624,626,627,:
626:52,184,190,193,194,195,196,197,198,199,616,619,622,623,624,625,627,:
627:18,52,54,184,612,613,616,617,618,619,620,622,623,624,625,626,:
628:596,604,605,607,608,612,613,617,618,619,620,621,622,629,630,631,632,633,634,639,640,:
629:603,604,605,606,607,608,609,611,612,613,617,618,619,620,621,622,628,630,631,632,633,639,:
630:596,605,619,620,621,628,629,631,632,633,634,635,636,639,640,641,649,:
631:620,621,628,629,630,632,633,634,635,639,640,641,642,644,645,648,649,:
632:628,629,630,631,633,634,635,639,640,641,642,648,649,:
633:596,602,605,620,628,629,630,631,632,634,635,636,637,638,639,:
634:596,628,630,631,632,633,635,636,637,638,649,:
635:630,631,632,633,634,636,637,638,639,648,649,650,651,653,:
636:596,602,630,633,634,635,637,638,:
637:633,634,635,636,638,:
638:596,601,602,633,634,635,636,637,:
639:620,621,628,629,630,631,632,633,635,640,641,642,643,644,645,646,647,648,649,:
640:54,620,621,628,630,631,632,639,641,642,644,645,646,647,648,649,:
641:630,631,632,639,640,642,643,644,645,646,647,648,649,650,:
642:379,380,381,631,632,639,640,641,643,644,645,646,647,648,649,650,651,653,:
643:379,380,381,468,639,641,642,644,645,646,648,649,650,651,652,:
644:53,379,380,381,469,473,479,631,639,640,641,642,643,645,646,647,648,649,:
645:19,20,53,54,379,380,381,473,478,479,621,631,639,640,641,642,643,644,646,647,648,649,:
646:53,379,380,381,473,478,479,480,621,639,640,641,642,643,644,645,647,648,649,:
647:53,54,467,468,469,481,483,487,488,490,639,640,641,642,644,645,646,:
648:379,380,631,632,635,639,640,641,642,643,644,645,646,649,650,651,652,653,:
649:380,630,631,632,634,635,639,640,641,642,643,644,645,646,648,650,651,653,:
650:378,635,641,642,643,648,649,651,652,653,:
651:635,642,643,648,649,650,652,653,:
652:643,648,650,651,653,:
653:635,642,648,649,650,651,652,:
654:345,348,655,656,657,658,659,660,662,:
655:344,345,346,347,348,349,654,656,657,658,659,660,661,662,:
656:654,655,657,658,659,660,661,662,:
657:345,654,655,656,658,659,660,661,668,:
658:337,338,343,344,345,346,348,349,654,655,656,657,659,660,661,668,669,:
659:654,655,656,657,658,660,661,662,663,664,:
660:654,655,656,657,658,659,661,662,663,664,665,:
661:349,655,656,657,658,659,660,662,663,664,665,666,667,668,670,:
662:654,655,656,659,660,661,663,664,665,666,:
663:349,659,660,661,662,664,665,666,667,670,674,675,:
664:349,350,352,659,660,661,662,663,665,666,667,:
665:349,350,352,660,661,662,663,664,666,667,:
666:350,352,354,661,662,663,664,665,667,:
667:352,354,661,663,664,665,666,676,678,679,:
668:331,332,657,658,661,669,670,671,672,673,674,675,682,683,:
669:328,329,330,331,332,335,337,658,668,670,671,672,673,674,675,:
670:661,663,668,669,671,672,673,674,675,676,682,683,684,:
671:668,669,670,672,673,674,682,683,684,685,686,687,688,:
672:305,306,308,309,310,668,669,670,671,673,682,683,684,685,688,:
673:313,668,669,670,671,672,674,675,676,677,678,682,683,684,686,:
674:333,663,668,669,670,671,673,675,676,677,678,679,683,:
675:331,332,333,335,344,345,663,668,669,670,673,674,676,677,678,679,680,681,:
676:61,64,667,670,673,674,675,677,678,679,680,:
677:333,338,339,344,345,346,349,352,673,674,675,676,678,679,680,681,:
678:27,28,61,62,64,667,673,674,675,676,677,679,680,681,:
679:27,61,62,352,507,667,674,675,676,677,678,680,681,:
680:57,61,352,354,506,507,508,517,675,676,677,678,679,681,:
681:57,61,339,346,349,350,352,354,506,507,508,513,515,517,675,677,678,679,680,:
682:668,670,671,672,673,683,684,685,686,687,688,689,690,691,:
683:668,670,671,672,673,674,682,684,685,686,687,688,689,690,:
684:670,671,672,673,682,683,685,686,687,688,689,690,691,692,:
685:310,313,671,672,682,683,684,686,687,688,689,690,691,692,693,694,695,701,702,:
686:313,671,673,682,683,684,685,687,689,690,691,692,693,701,702,:
687:671,682,683,684,685,686,688,689,690,691,:
688:671,672,682,683,684,685,687,689,:
689:682,683,684,685,686,687,688,690,691,:
690:310,311,313,682,683,684,685,686,687,689,691,692,693,694,695,696,701,702,:
691:305,310,682,684,685,686,687,689,690,692,693,694,695,701,:
692:284,310,311,313,684,685,686,690,691,693,694,695,696,697,698,701,702,703,:
693:685,686,690,691,692,694,695,696,697,701,702,703,704,706,:
694:685,690,691,692,693,695,696,697,701,702,703,704,706,708,:
695:284,310,311,313,685,690,691,692,693,694,696,697,698,699,700,701,702,:
696:282,283,284,690,692,693,694,695,697,698,699,700,701,740,:
697:279,280,282,283,284,692,693,694,695,696,698,699,700,701,702,718,719,720,:
698:282,283,284,692,695,696,697,699,700,718,719,720,738,739,740,:
699:282,283,284,695,696,697,698,700,717,718,719,720,723,738,739,740,741,:
700:284,695,696,697,698,699,738,739,740,:
701:685,686,690,691,692,693,694,695,696,697,702,703,704,705,706,707,708,:
702:279,685,686,690,692,693,694,695,697,701,703,704,705,706,707,:
703:692,693,694,701,702,704,705,706,707,708,709,:
704:302,693,694,701,702,703,705,706,707,708,709,710,711,712,713,:
705:276,277,279,285,286,302,701,702,703,704,706,707,708,709,712,:
706:302,693,694,701,702,703,704,705,707,708,:
707:701,702,703,704,705,706,708,709,710,711,712,713,:
708:694,701,703,704,705,706,707,709,710,711,712,713,:
709:703,704,705,707,708,710,711,712,713,714,:
710:704,707,708,709,711,712,713,:
711:704,707,708,709,710,712,713,:
712:264,276,279,704,705,707,708,709,710,711,713,714,715,716,717,:
713:704,707,708,709,710,711,712,714,715,716,717,718,719,:
714:709,712,713,715,716,717,718,719,721,722,:
715:712,713,714,716,717,718,719,720,721,722,723,:
716:263,274,279,712,713,714,715,717,718,719,721,722,723,:
717:279,284,699,712,713,714,715,716,718,719,720,721,722,723,740,:
718:282,284,697,698,699,713,714,715,716,717,719,720,721,722,723,739,740,741,:
719:697,698,699,713,714,715,716,717,718,720,721,723,740,:
720:282,283,284,697,698,699,715,717,718,719,721,722,723,738,739,740,741,:
721:275,279,280,281,282,284,714,715,716,717,718,719,720,722,723,740,741,:
722:262,263,274,275,279,280,281,714,715,716,717,718,720,721,723,:
723:280,281,282,283,284,699,715,716,717,718,719,720,721,722,739,740,741,:
724:725,726,727,728,729,730,732,733,734,:
725:724,726,727,729,730,733,734,743,:
726:724,725,727,728,729,730,731,732,733,734,735,743,:
727:724,725,726,728,729,730,733,734,735,736,737,738,742,743,:
728:314,724,726,727,729,733,734,735,736,737,738,742,743,:
729:724,725,726,727,728,730,731,732,733,734,743,750,751,752,:
730:724,725,726,727,729,731,732,751,752,:
731:547,552,553,558,560,726,729,730,732,750,751,752,:
732:547,548,724,726,729,730,731,:
733:724,725,726,727,728,729,734,735,736,737,738,739,742,743,:
734:724,725,726,727,728,729,733,735,736,738,742,743,:
735:726,727,728,733,734,736,737,738,739,740,741,742,743,744,:
736:727,728,733,734,735,737,738,739,740,741,742,743,744,745,747,:
737:170,171,172,727,728,733,735,736,738,739,740,741,742,743,744,745,:
738:283,314,318,698,699,700,720,727,728,733,734,735,736,737,739,740,741,742,:
739:282,283,284,698,699,700,718,720,723,733,735,736,737,738,740,741,:
740:282,283,284,696,698,699,700,717,718,719,720,721,723,735,736,737,738,739,741,:
741:282,283,284,318,699,718,720,721,723,735,736,737,738,739,740,:
742:727,728,733,734,735,736,737,738,743,744,745,746,747,748,749,750,:
743:725,726,727,728,729,733,734,735,736,737,742,744,745,746,747,748,749,750,752,:
744:164,165,166,735,736,737,742,743,745,746,747,748,749,750,752,:
745:164,165,166,736,737,742,743,744,746,747,748,:
746:164,165,742,743,744,745,747,:
747:163,179,180,736,742,743,744,745,746,748,749,750,751,752,:
748:168,179,180,742,743,744,745,747,749,750,751,752,:
749:43,44,163,164,166,167,168,169,742,743,744,747,748,750,751,752,:
750:179,180,729,731,742,743,744,747,748,749,751,752,:
751:43,44,180,223,553,729,730,731,747,748,749,750,752,:
752:178,179,180,729,730,731,743,744,747,748,749,750,751,:
