1:2,3,4,5,6,10,27,28,29,30,31,32,33,34,42,210,211,538,541,542,543,544,545,547,550,565,566,567,:
2:1,3,4,5,6,7,10,11,27,28,29,30,31,32,33,34,42,43,111,210,211,544,545,547,550,566,:
3:1,2,4,5,6,10,11,12,13,14,17,27,28,29,30,31,32,33,34,42,43,47,111,542,544,547,:
4:1,2,3,5,6,10,11,12,13,17,27,28,29,30,32,33,34,42,43,49,529,532,533,538,542,546,547,548,550,551,:
5:1,2,3,4,6,7,8,10,27,28,29,30,31,32,33,34,35,36,37,41,42,111,210,566,:
6:1,2,3,4,5,7,8,9,27,28,29,30,31,32,33,34,35,36,37,38,40,41,129,550,566,:
7:2,5,6,8,9,31,32,33,34,35,36,37,38,39,40,41,129,153,:
8:5,6,7,9,31,32,33,34,35,36,37,38,39,40,41,152,153,566,:
9:6,7,8,31,34,35,36,37,38,39,40,41,557,561,566,:
10:1,2,3,4,5,11,12,13,14,15,16,17,29,30,32,33,42,43,44,45,47,48,49,111,119,542,544,:
11:2,3,4,10,12,13,14,15,16,17,18,30,42,43,44,45,46,47,48,49,111,529,:
12:3,4,10,11,13,14,15,16,17,18,19,21,26,42,43,44,45,49,50,52,123,452,529,:
13:3,4,10,11,12,14,15,17,18,19,21,42,43,44,45,49,50,52,119,120,122,123,127,129,450,452,:
14:3,10,11,12,13,15,16,17,42,43,44,45,46,47,48,49,:
15:10,11,12,13,14,16,42,43,44,45,46,47,48,110,111,113,117,119,450,452,472,473,:
16:10,11,12,14,15,42,43,44,45,46,47,48,487,542,544,:
17:3,4,10,11,12,13,14,18,19,20,21,22,26,43,44,45,49,50,51,52,53,528,529,:
18:11,12,13,17,19,20,21,22,23,26,43,49,50,51,52,53,54,452,515,518,529,:
19:12,13,17,18,20,21,22,26,49,50,51,52,53,54,451,452,513,515,516,518,529,:
20:17,18,19,21,22,26,49,50,51,53,54,415,451,452,512,513,514,515,516,518,:
21:12,13,17,18,19,20,22,23,24,26,49,50,51,52,53,54,55,56,518,657,:
22:17,18,19,20,21,23,24,25,50,51,52,53,54,55,56,57,58,59,60,61,129,282,283,:
23:18,21,22,24,25,50,51,52,53,54,55,56,57,58,59,60,61,552,655,656,657,:
24:21,22,23,25,53,54,55,56,57,58,59,60,61,290,291,325,326,327,:
25:22,23,24,53,54,55,56,57,58,59,60,61,280,281,282,283,288,290,291,302,:
26:12,17,18,19,20,21,44,49,50,51,52,512,513,514,515,516,517,518,525,526,527,528,529,:
27:1,2,3,4,5,6,28,29,30,31,32,33,34,37,41,209,210,211,543,545,550,564,565,566,567,:
28:1,2,3,4,5,6,27,29,30,31,32,33,34,41,210,211,538,541,543,545,546,547,548,549,550,556,565,566,567,:
29:1,2,3,4,5,6,10,27,28,30,31,34,210,211,538,539,540,541,542,543,544,545,547,550,565,566,567,:
30:1,2,3,4,5,6,10,11,27,28,29,31,32,33,34,42,47,110,111,208,209,210,211,544,545,566,:
31:1,2,3,5,6,7,8,9,27,28,29,30,32,33,34,35,36,37,38,41,42,111,210,211,244,565,566,:
32:1,2,3,4,5,6,7,8,10,27,28,30,31,33,34,35,36,37,42,110,111,117,119,120,121,122,123,154,:
33:1,2,3,4,5,6,7,8,10,27,28,30,31,32,34,35,36,37,41,42,129,547,550,551,:
34:1,2,3,4,5,6,7,8,9,27,28,29,30,31,32,33,35,36,37,38,39,40,41,549,550,551,557,566,:
35:5,6,7,8,9,31,32,33,34,36,37,38,40,41,120,121,122,124,127,129,152,153,154,:
36:5,6,7,8,9,31,32,33,34,35,37,38,39,40,41,129,:
37:5,6,7,8,9,27,31,32,33,34,35,36,38,39,40,41,152,153,154,242,244,566,:
38:6,7,8,9,31,34,35,36,37,39,40,41,152,153,154,177,178,179,:
39:7,8,9,34,36,37,38,40,41,242,557,561,563,564,566,726,:
40:6,7,8,9,34,35,36,37,38,39,41,557,726,:
41:5,6,7,8,9,27,28,31,33,34,35,36,37,38,39,40,550,556,557,559,561,564,565,566,:
42:1,2,3,4,5,10,11,12,13,14,15,16,30,31,32,33,43,44,45,47,48,110,111,117,119,544,:
43:2,3,4,10,11,12,13,14,15,16,17,18,42,44,45,46,47,48,49,528,529,532,542,544,547,:
44:10,11,12,13,14,15,16,17,26,42,43,45,46,47,48,49,452,473,487,529,:
45:10,11,12,13,14,15,16,17,42,43,44,46,47,110,111,117,119,120,123,450,452,472,473,:
46:11,14,15,16,43,44,45,47,48,115,473,487,:
47:3,10,11,14,15,16,30,42,43,44,45,46,48,111,115,542,544,:
48:10,11,14,15,16,42,43,44,46,47,487,490,529,542,544,:
49:4,10,11,12,13,14,17,18,19,20,21,26,43,44,50,51,52,525,526,527,528,529,530,532,547,:
50:12,13,17,18,19,20,21,22,23,26,49,51,52,53,54,123,127,129,283,452,:
51:17,18,19,20,21,22,23,26,49,50,52,53,54,55,56,516,518,527,528,529,656,657,658,:
52:12,13,17,18,19,21,22,23,26,49,50,51,53,54,55,56,129,529,552,:
53:17,18,19,20,21,22,23,24,25,50,51,52,54,55,56,57,58,59,60,61,127,128,129,282,283,:
54:18,19,20,21,22,23,24,25,50,51,52,53,55,56,57,58,59,60,61,282,283,:
55:21,22,23,24,25,51,52,53,54,56,57,58,59,60,61,653,654,655,656,657,658,:
56:21,22,23,24,25,51,52,53,54,55,57,58,60,61,325,326,327,344,552,655,656,:
57:22,23,24,25,53,54,55,56,58,59,60,61,288,290,291,292,302,325,326,327,653,655,:
58:22,23,24,25,53,54,55,56,57,59,60,61,290,291,292,293,325,326,327,328,:
59:22,23,24,25,53,54,55,57,58,60,61,278,279,280,281,282,283,284,285,286,287,288,289,290,291,292,295,302,:
60:22,23,24,25,53,54,55,56,57,58,59,61,279,280,281,282,283,291,:
61:22,23,24,25,53,54,55,56,57,58,59,60,280,281,282,283,288,291,301,302,303,304,:
62:63,64,65,66,67,68,69,73,74,:
63:62,64,65,66,67,73,74,:
64:62,63,65,66,67,68,69,70,73,74,75,79,:
65:62,63,64,66,67,68,69,73,74,75,76,78,79,277,:
66:62,63,64,65,67,68,69,70,73,74,75,76,78,79,82,134,135,279,:
67:62,63,64,65,66,68,69,70,71,72,73,74,79,:
68:62,64,65,66,67,69,70,71,72,131,133,134,165,:
69:62,64,65,66,67,68,70,71,72,131,133,160,161,163,164,165,:
70:64,66,67,68,69,71,72,131,132,133,134,165,:
71:67,68,69,70,72,131,132,133,134,137,160,165,:
72:67,68,69,70,71,82,132,133,134,:
73:62,63,64,65,66,67,74,75,76,77,78,79,275,276,277,:
74:62,63,64,65,66,67,73,75,76,78,79,275,276,:
75:64,65,66,73,74,76,77,78,79,80,276,278,:
76:65,66,73,74,75,77,78,79,80,81,83,84,:
77:73,75,76,78,79,80,83,84,:
78:65,66,73,74,75,76,77,79,80,81,82,83,84,85,:
79:64,65,66,67,73,74,75,76,77,78,80,81,82,83,84,:
80:75,76,77,78,79,81,82,83,84,85,:
81:76,78,79,80,82,83,84,85,:
82:66,72,78,79,80,81,83,84,:
83:76,77,78,79,80,81,82,84,85,442,:
84:76,77,78,79,80,81,82,83,85,442,443,444,445,:
85:78,80,81,83,84,438,439,442,443,444,445,446,448,449,:
86:87,88,89,90,91,92,143,144,146,:
87:86,88,89,91,92,142,143,144,145,146,447,:
88:86,87,89,90,91,92,93,146,:
89:86,87,88,90,91,92,:
90:86,88,89,91,:
91:86,87,88,89,90,92,93,94,95,97,146,:
92:86,87,88,89,91,93,94,95,96,97,144,146,447,:
93:88,91,92,94,95,96,97,108,113,116,146,472,:
94:91,92,93,95,96,97,100,101,107,108,109,113,117,118,143,144,146,:
95:91,92,93,94,96,97,113,114,116,470,472,:
96:92,93,94,95,97,108,112,113,114,115,116,472,:
97:91,92,93,94,95,96,116,470,472,:
98:99,100,101,102,103,104,105,107,:
99:98,100,101,102,103,104,105,:
100:94,98,99,101,102,103,104,105,106,107,108,109,:
101:94,98,99,100,102,103,104,105,107,108,109,110,112,117,118,:
102:98,99,100,101,103,104,107,108,109,112,196,206,208,:
103:98,99,100,101,102,104,105,106,107,108,118,142,143,:
104:98,99,100,101,102,103,105,106,107,:
105:98,99,100,101,103,104,106,142,143,:
106:100,103,104,105,142,249,:
107:94,98,100,101,102,103,104,108,109,110,111,112,113,117,118,:
108:93,94,96,100,101,102,103,107,109,110,111,112,113,117,118,119,143,144,:
109:94,100,101,102,107,108,110,111,112,113,114,117,118,119,206,208,:
110:15,30,32,42,45,101,107,108,109,111,112,113,117,118,119,120,121,:
111:2,3,5,10,11,15,30,31,32,42,45,47,107,108,109,110,112,113,117,118,119,120,208,:
112:96,101,102,107,108,109,110,111,113,114,115,116,117,118,196,206,208,:
113:15,93,94,95,96,107,108,109,110,111,112,114,115,116,117,118,472,:
114:95,96,109,112,113,115,116,195,501,:
115:46,47,96,112,113,114,116,195,499,500,501,621,:
116:93,95,96,97,112,113,114,115,195,196,470,499,501,:
117:15,32,42,45,94,101,107,108,109,110,111,112,113,118,119,120,121,122,123,145,:
118:94,101,103,107,108,109,110,111,112,113,117,119,120,121,138,142,143,144,145,:
119:10,13,15,32,42,45,108,109,110,111,117,118,120,121,122,123,124,138,145,:
120:13,32,35,45,110,111,117,118,119,121,122,123,124,125,126,127,130,136,137,138,145,148,154,:
121:32,35,110,117,118,119,120,122,123,124,125,126,130,137,138,139,140,142,145,147,148,149,152,153,154,:
122:13,32,35,117,119,120,121,123,124,125,126,127,128,129,130,136,138,148,:
123:12,13,32,45,50,117,119,120,121,122,124,125,127,129,130,136,450,:
124:35,119,120,121,122,123,125,126,127,128,129,130,131,136,138,148,:
125:120,121,122,123,124,126,127,128,129,130,131,132,133,134,135,136,137,138,147,148,156,:
126:120,121,122,124,125,127,128,130,131,132,133,136,137,138,140,147,148,149,150,152,155,156,157,160,161,162,163,164,165,:
127:13,35,50,53,120,122,123,124,125,126,128,129,130,136,282,:
128:53,122,124,125,126,127,129,130,163,164,282,328,:
129:6,7,13,22,33,35,36,50,52,53,122,123,124,125,127,128,:
130:120,121,122,123,124,125,126,127,128,131,132,133,134,135,136,137,138,145,148,156,:
131:68,69,70,71,124,125,126,130,132,133,134,135,136,137,138,139,148,156,163,165,:
132:70,71,72,125,126,130,131,133,134,135,136,137,138,139,140,141,142,145,147,148,155,156,:
133:68,69,70,71,72,125,126,130,131,132,134,137,138,139,140,141,147,148,155,156,157,160,165,:
134:66,68,70,71,72,125,130,131,132,133,135,136,137,138,145,:
135:66,125,130,131,132,134,136,137,138,282,283,:
136:120,122,123,124,125,126,127,130,131,132,134,135,137,138,145,282,283,450,:
137:71,120,121,125,126,130,131,132,133,134,135,136,138,139,140,141,142,143,144,145,146,147,148,156,:
138:118,119,120,121,122,124,125,126,130,131,132,133,134,135,136,137,139,140,142,143,144,145,146,147,148,447,:
139:121,131,132,133,137,138,140,141,142,143,144,145,147,148,149,156,:
140:121,126,132,133,137,138,139,141,142,143,147,148,149,150,152,154,155,156,:
141:132,133,137,139,140,142,147,148,149,150,151,155,156,:
142:87,103,105,106,118,121,132,137,138,139,140,141,143,144,145,146,147,148,:
143:86,87,94,103,105,108,118,137,138,139,140,142,144,145,146,:
144:86,87,92,94,108,118,137,138,139,142,143,145,146,446,447,:
145:87,117,118,119,120,121,130,132,134,136,137,138,139,142,143,144,146,446,447,:
146:86,87,88,91,92,93,94,137,138,142,143,144,145,444,446,447,:
147:121,125,126,132,133,137,138,139,140,141,142,148,149,150,151,152,153,154,155,156,:
148:120,121,122,124,125,126,130,131,132,133,137,138,139,140,141,142,147,149,150,152,153,154,155,156,:
149:121,126,139,140,141,147,148,150,151,152,153,154,155,156,157,179,:
150:126,140,141,147,148,149,151,152,153,155,156,157,158,159,160,167,177,179,:
151:141,147,149,150,152,155,156,157,158,159,166,167,168,171,172,176,177,178,179,:
152:8,35,37,38,121,126,140,147,148,149,150,151,153,154,155,156,177,178,179,250,:
153:7,8,35,37,38,121,147,148,149,150,152,154,250,:
154:32,35,37,38,120,121,140,147,148,149,152,153,:
155:126,132,133,140,141,147,148,149,150,151,152,156,157,158,159,160,161,162,167,179,182,:
156:125,126,130,131,132,133,137,139,140,141,147,148,149,150,151,152,155,157,158,160,161,162,163,165,:
157:126,133,149,150,151,155,156,158,159,160,161,162,163,165,167,180,181,182,:
158:150,151,155,156,157,159,160,161,167,:
159:150,151,155,157,158,160,166,167,:
160:69,71,126,133,150,155,156,157,158,159,161,162,163,164,165,182,:
161:69,126,155,156,157,158,160,162,163,164,165,180,182,:
162:126,155,156,157,160,161,163,164,165,176,179,180,181,182,:
163:69,126,128,131,156,157,160,161,162,164,165,:
164:69,126,128,160,161,162,163,165,279,700,:
165:68,69,70,71,126,131,133,156,157,160,161,162,163,164,279,:
166:151,159,167,168,169,170,171,172,:
167:150,151,155,157,158,159,166,168,169,171,172,:
168:151,166,167,169,170,171,172,173,:
169:166,167,168,170,171,172,:
170:166,168,169,171,:
171:151,166,167,168,169,170,172,173,174,175,176,:
172:151,166,167,168,169,171,173,174,175,176,177,178,:
173:168,171,172,174,175,176,177,178,179,180,181,726,:
174:171,172,173,175,176,177,178,179,180,181,182,721,722,726,:
175:171,172,173,174,176,177,178,180,181,182,721,722,723,:
176:151,162,171,172,173,174,175,177,178,179,180,181,182,721,726,:
177:38,150,151,152,172,173,174,175,176,178,179,180,181,182,726,:
178:38,151,152,172,173,174,175,176,177,179,180,182,726,:
179:38,149,150,151,152,155,162,173,174,176,177,178,180,181,182,726,:
180:157,161,162,173,174,175,176,177,178,179,181,182,714,:
181:157,162,173,174,175,176,177,179,180,182,714,722,:
182:155,157,160,161,162,174,175,176,177,178,179,180,181,714,:
183:184,185,186,187,188,189,190,232,:
184:183,185,186,187,188,189,190,:
185:183,184,186,187,188,189,190,:
186:183,184,185,187,188,189,:
187:183,184,185,186,188,:
188:183,184,185,186,187,189,190,729,:
189:183,184,185,186,188,190,231,232,233,724,725,727,728,729,:
190:183,184,185,188,189,233,724,725,727,728,729,:
191:192,193,194,195,196,197,198,199,:
192:191,193,194,195,196,197,198,199,200,:
193:191,192,194,195,196,197,198,199,200,201,203,620,:
194:191,192,193,195,198,199,200,201,203,611,617,619,620,621,:
195:114,115,116,191,192,193,194,196,197,198,199,500,501,:
196:102,112,116,191,192,193,195,197,198,199,:
197:191,192,193,195,196,198,199,:
198:191,192,193,194,195,196,197,199,200,201,202,203,204,206,:
199:191,192,193,194,195,196,197,198,200,201,202,203,204,:
200:192,193,194,198,199,201,202,203,204,205,206,213,620,:
201:193,194,198,199,200,202,203,204,212,213,:
202:198,199,200,201,203,204,205,212,213,214,217,:
203:193,194,198,199,200,201,202,204,205,206,207,208,258,259,:
204:198,199,200,201,202,203,205,206,207,208,209,243,258,259,620,:
205:200,202,203,204,206,207,208,209,210,211,217,219,243,258,618,620,:
206:102,109,112,198,200,203,204,205,207,208,209,210,243,258,259,620,:
207:203,204,205,206,208,209,210,211,219,243,244,567,618,620,:
208:30,102,109,111,112,203,204,205,206,207,209,210,211,243,244,620,:
209:27,30,204,205,206,207,208,210,211,243,244,567,620,:
210:1,2,5,27,28,29,30,31,205,206,207,208,209,211,243,244,543,545,565,566,567,:
211:1,2,27,28,29,30,31,205,207,208,209,210,243,244,543,545,564,565,566,567,:
212:201,202,213,214,215,216,217,218,:
213:200,201,202,212,214,215,217,218,:
214:202,212,213,215,216,217,218,219,220,:
215:212,213,214,216,217,218,220,:
216:212,214,215,217,218,220,:
217:202,205,212,213,214,215,216,218,219,220,221,222,:
218:212,213,214,215,216,217,219,220,221,222,223,:
219:205,207,214,217,218,220,221,222,223,224,:
220:214,215,216,217,218,219,221,222,223,224,225,:
221:217,218,219,220,222,223,224,225,:
222:217,218,219,220,221,223,224,225,239,240,241,:
223:218,219,220,221,222,224,225,239,240,241,:
224:219,220,221,222,223,225,239,240,564,575,:
225:220,221,222,223,224,239,575,577,:
226:227,228,229,230,231,232,233,234,235,:
227:226,228,229,231,232,233,234,235,:
228:226,227,229,230,231,232,233,234,235,236,:
229:226,227,228,230,231,232,233,234,235,236,237,238,239,:
230:226,228,229,231,233,234,235,236,237,238,245,:
231:189,226,227,228,229,230,232,233,234,235,:
232:183,189,226,227,228,229,231,233,:
233:189,190,226,227,228,229,230,231,232,234,235,727,728,729,:
234:226,227,228,229,230,231,233,235,236,237,238,239,240,245,:
235:226,227,228,229,230,231,233,234,236,237,238,239,240,:
236:228,229,230,234,235,237,238,239,240,241,242,245,246,251,253,:
237:229,230,234,235,236,238,239,240,241,245,246,247,249,250,251,252,253,:
238:229,230,234,235,236,237,239,240,245,246,247,248,251,252,253,:
239:222,223,224,225,229,234,235,236,237,238,240,241,242,243,244,245,251,253,:
240:222,223,224,234,235,236,237,238,239,241,242,243,244,245,251,253,:
241:222,223,236,237,239,240,242,243,244,245,251,252,253,257,258,:
242:37,39,236,239,240,241,243,244,251,564,565,566,:
243:204,205,206,207,208,209,210,211,239,240,241,242,244,253,257,258,259,:
244:31,37,207,208,209,210,211,239,240,241,242,243,251,253,565,566,567,:
245:230,234,236,237,238,239,240,241,246,247,248,249,250,251,252,253,:
246:236,237,238,245,247,248,249,250,251,252,253,254,:
247:237,238,245,246,248,249,250,251,252,253,254,255,257,:
248:238,245,246,247,249,252,253,254,255,256,:
249:106,237,245,246,247,248,250,251,252,253,:
250:152,153,237,245,246,247,249,251,253,:
251:236,237,238,239,240,241,242,244,245,246,247,249,250,252,253,:
252:237,238,241,245,246,247,248,249,251,253,254,255,256,257,258,259,:
253:236,237,238,239,240,241,243,244,245,246,247,248,249,250,251,252,254,255,257,258,259,:
254:246,247,248,252,253,255,256,257,258,259,:
255:247,248,252,253,254,256,257,258,259,:
256:248,252,254,255,257,:
257:241,243,247,252,253,254,255,256,258,259,:
258:203,204,205,206,241,243,252,253,254,255,257,259,:
259:203,204,206,243,252,253,254,255,257,258,:
260:261,262,263,264,265,266,267,268,:
261:260,262,263,265,266,267,268,269,418,:
262:260,261,263,264,265,266,267,268,:
263:260,261,262,264,265,266,:
264:260,262,263,265,:
265:260,261,262,263,264,266,267,268,269,299,:
266:260,261,262,263,265,267,268,269,298,299,300,418,:
267:260,261,262,265,266,268,269,305,417,418,422,:
268:260,261,262,265,266,267,269,417,418,:
269:261,265,266,267,268,300,303,305,417,418,422,:
270:271,272,273,274,275,276,284,:
271:270,272,273,274,275,:
272:270,271,273,274,275,276,277,278,284,285,286,296,699,:
273:270,271,272,274,275,276,277,278,284,285,286,287,289,291,295,296,693,699,:
274:270,271,272,273,275,284,285,286,287,295,296,299,689,:
275:73,74,270,271,272,273,274,276,277,278,279,280,284,285,296,:
276:73,74,75,270,272,273,275,277,278,279,280,281,284,285,296,:
277:65,73,272,273,275,276,278,279,280,281,282,284,285,291,:
278:59,75,272,273,275,276,277,279,280,281,282,283,284,285,296,305,:
279:59,60,66,164,165,275,276,277,278,280,281,282,283,285,291,:
280:25,59,60,61,275,276,277,278,279,281,282,283,285,303,304,305,:
281:25,59,60,61,276,277,278,279,280,282,283,285,291,:
282:22,25,53,54,59,60,61,127,128,135,136,277,278,279,280,281,283,:
283:22,25,50,53,54,59,60,61,135,136,278,279,280,281,282,:
284:59,270,272,273,274,275,276,277,278,285,286,287,288,289,290,291,295,296,698,699,:
285:59,272,273,274,275,276,277,278,279,280,281,284,286,287,288,289,290,291,292,295,296,698,699,700,:
286:59,272,273,274,284,285,287,288,289,290,291,292,294,295,296,297,682,689,:
287:59,273,274,284,285,286,288,289,290,291,295,296,297,298,299,300,302,682,:
288:25,57,59,61,284,285,286,287,289,290,291,295,296,297,298,300,302,679,682,:
289:59,273,284,285,286,287,288,290,291,292,293,294,295,296,674,682,:
290:24,25,57,58,59,284,285,286,287,288,289,291,292,293,294,674,697,698,700,:
291:24,25,57,58,59,60,61,273,277,279,281,284,285,286,287,288,289,290,292,293,294,698,700,:
292:57,58,59,285,286,289,290,291,293,294,325,326,327,328,673,674,676,695,697,700,718,:
293:58,289,290,291,292,294,324,325,326,327,328,674,676,697,700,716,718,:
294:286,289,290,291,292,293,325,326,327,669,672,673,674,675,676,695,697,718,:
295:59,273,274,284,285,286,287,288,289,296,297,298,299,300,301,302,306,307,682,:
296:272,273,274,275,276,278,284,285,286,287,288,289,295,297,298,299,300,301,306,:
297:286,287,288,295,296,298,299,300,301,302,303,306,307,308,:
298:266,287,288,295,296,297,299,300,301,306,307,308,309,310,311,312,314,:
299:265,266,274,287,295,296,297,298,300,306,307,308,309,314,:
300:266,269,287,288,295,296,297,298,299,301,302,303,304,305,306,307,:
301:61,295,296,297,298,300,302,303,304,305,:
302:25,57,59,61,287,288,295,297,300,301,303,304,305,:
303:61,269,280,297,300,301,302,304,305,436,:
304:61,280,300,301,302,303,305,436,:
305:267,269,278,280,300,301,302,303,304,:
306:295,296,297,298,299,300,307,308,309,310,311,312,314,:
307:295,297,298,299,300,306,308,309,310,311,312,:
308:297,298,299,306,307,309,310,311,312,313,314,:
309:298,299,306,307,308,310,311,312,:
310:298,306,307,308,309,311,424,:
311:298,306,307,308,309,310,312,313,314,:
312:298,306,307,308,309,311,313,314,681,682,683,:
313:308,311,312,314,:
314:298,299,306,308,311,312,313,:
315:316,317,318,319,320,321,329,330,649,668,:
316:315,317,318,319,320,329,648,649,668,:
317:315,316,318,319,320,321,322,323,329,330,331,:
318:315,316,317,319,320,321,322,329,330,331,332,334,338,339,:
319:315,316,317,318,320,329,330,331,332,338,339,649,:
320:315,316,317,318,319,321,322,323,324,325,329,330,649,662,667,668,669,672,:
321:315,317,318,320,322,323,324,325,326,329,330,344,669,672,:
322:317,318,320,321,323,324,325,326,327,328,329,330,344,:
323:317,320,321,322,324,325,326,327,344,650,663,667,669,672,:
324:293,320,321,322,323,325,326,327,328,344,715,:
325:24,56,57,58,292,293,294,320,321,322,323,324,326,327,328,344,:
326:24,56,57,58,292,293,294,321,322,323,324,325,327,328,344,552,:
327:24,56,57,58,292,293,294,322,323,324,325,326,328,552,:
328:58,128,292,293,322,324,325,326,327,715,:
329:315,316,317,318,319,320,321,322,330,331,332,333,334,335,338,339,:
330:315,317,318,319,320,321,322,329,331,332,333,334,335,338,339,:
331:317,318,319,329,330,332,333,334,335,336,337,338,339,340,:
332:318,319,329,330,331,333,334,335,338,339,340,341,342,343,344,554,:
333:329,330,331,332,334,338,339,340,343,344,548,549,551,553,554,558,601,:
334:318,329,330,331,332,333,335,336,337,338,339,554,558,:
335:329,330,331,332,334,336,337,:
336:331,334,335,337,709,:
337:331,334,335,336,:
338:318,319,329,330,331,332,333,334,339,340,341,342,343,344,345,346,:
339:318,319,329,330,331,332,333,334,338,340,341,342,343,344,345,646,:
340:331,332,333,338,339,341,342,343,344,345,346,347,534,548,:
341:332,338,339,340,342,343,345,346,347,348,349,350,351,534,646,652,:
342:332,338,339,340,341,343,345,346,347,348,350,351,645,646,647,650,652,:
343:332,333,338,339,340,341,342,344,345,346,534,548,552,651,652,654,:
344:56,321,322,323,324,325,326,332,333,338,339,340,343,548,551,552,:
345:338,339,340,341,342,343,346,347,348,349,350,351,352,353,354,355,531,534,646,652,:
346:338,340,341,342,343,345,347,348,349,350,351,354,530,531,532,533,534,600,:
347:340,341,342,345,346,348,349,350,351,352,353,354,355,356,531,635,646,:
348:341,342,345,346,347,349,350,351,353,354,355,356,357,358,359,531,635,652,654,:
349:341,345,346,347,348,350,353,354,355,356,357,369,375,377,527,528,530,531,534,654,:
350:341,342,345,346,347,348,349,351,352,353,354,355,396,:
351:341,342,345,346,347,348,350,352,353,395,396,600,:
352:345,347,350,351,353,394,395,396,600,:
353:345,347,348,349,350,351,352,354,355,358,396,635,:
354:345,346,347,348,349,350,353,355,356,357,358,359,360,368,369,632,634,635,652,654,:
355:345,347,348,349,350,353,354,356,357,358,359,631,632,633,634,635,:
356:347,348,349,354,355,357,358,359,360,361,362,368,369,370,523,632,635,654,:
357:348,349,354,355,356,358,359,360,361,368,369,370,371,372,373,374,375,523,632,:
358:348,353,354,355,356,357,359,360,368,369,370,373,631,632,635,:
359:348,354,355,356,357,358,360,361,362,363,364,368,369,632,635,638,640,641,642,654,:
360:354,356,357,358,359,361,362,363,364,365,368,369,517,641,642,643,:
361:356,357,359,360,362,363,364,365,366,367,368,369,:
362:356,359,360,361,363,364,365,366,511,517,641,642,643,644,656,657,658,:
363:359,360,361,362,364,365,366,367,508,511,:
364:359,360,361,362,363,365,366,367,433,435,510,511,516,517,643,644,:
365:360,361,362,363,364,366,367,433,435,508,510,511,517,:
366:361,362,363,364,365,367,431,432,433,435,508,509,510,511,:
367:361,363,364,365,366,433,508,509,511,:
368:354,356,357,358,359,360,361,369,370,371,372,373,374,375,520,522,523,:
369:349,354,356,357,358,359,360,361,368,370,371,372,373,374,375,519,520,521,522,523,525,:
370:356,357,358,368,369,371,372,373,374,375,376,523,:
371:357,368,369,370,372,373,374,376,382,383,519,520,523,:
372:357,368,369,370,371,373,374,376,382,383,504,505,519,520,521,522,523,524,:
373:357,358,368,369,370,371,372,374,375,376,377,378,:
374:357,368,369,370,371,372,373,375,376,377,378,379,:
375:349,357,368,369,370,373,374,376,377,378,379,380,523,531,:
376:370,371,372,373,374,375,377,378,379,380,382,383,384,:
377:349,373,374,375,376,378,379,380,381,401,524,530,531,:
378:373,374,375,376,377,379,380,381,384,387,524,:
379:374,375,376,377,378,380,381,401,524,:
380:375,376,377,378,379,381,391,404,405,489,490,524,:
381:377,378,379,380,391,401,403,404,405,:
382:371,372,376,383,384,385,386,387,388,:
383:371,372,376,382,384,385,386,387,388,502,504,505,519,520,524,:
384:376,378,382,383,385,386,387,388,389,:
385:382,383,384,386,387,388,:
386:382,383,384,385,387,388,:
387:378,382,383,384,385,386,388,389,390,391,489,:
388:382,383,384,385,386,387,389,390,391,483,489,629,:
389:384,387,388,390,391,482,483,484,488,489,625,626,627,628,629,:
390:387,388,389,391,479,480,481,482,483,484,488,489,626,627,628,629,:
391:380,381,387,388,389,390,482,483,484,488,489,490,624,625,626,627,628,629,:
392:393,394,395,396,397,398,:
393:392,394,395,397,:
394:352,392,393,395,396,397,398,399,400,:
395:351,352,392,393,394,396,397,398,399,598,:
396:350,351,352,353,392,394,395,397,398,399,598,600,:
397:392,393,394,395,396,398,399,400,401,402,:
398:392,394,395,396,397,399,400,401,402,403,:
399:394,395,396,397,398,400,401,402,403,404,598,:
400:394,397,398,399,401,402,403,404,405,594,:
401:377,379,381,397,398,399,400,402,403,404,405,598,:
402:397,398,399,400,401,403,404,405,593,594,608,609,:
403:381,398,399,400,401,402,404,405,608,609,:
404:380,381,399,400,401,402,403,405,535,536,537,607,608,609,:
405:380,381,400,401,402,403,404,607,608,609,:
406:407,408,409,410,411,412,413,460,462,:
407:406,408,409,410,411,412,413,414,462,464,509,514,:
408:406,407,409,410,411,412,413,414,416,:
409:406,407,408,410,411,412,413,414,416,:
410:406,407,408,409,411,412,413,414,416,434,:
411:406,407,408,409,410,412,413,414,415,416,459,461,463,:
412:406,407,408,409,410,411,413,414,415,416,463,513,514,:
413:406,407,408,409,410,411,412,414,415,416,434,463,464,509,510,512,513,514,515,:
414:407,408,409,410,411,412,413,415,416,449,451,514,:
415:20,411,412,413,414,416,434,436,449,451,513,514,515,:
416:408,409,410,411,412,413,414,415,449,451,:
417:267,268,269,418,419,420,421,422,423,426,427,:
418:261,266,267,268,269,417,419,420,422,426,427,:
419:417,418,420,421,422,423,424,425,426,427,428,:
420:417,418,419,421,422,423,424,426,427,428,429,431,:
421:417,419,420,422,423,424,426,427,428,429,430,:
422:267,269,417,418,419,420,421,423,424,425,426,427,:
423:417,419,420,421,422,424,425,426,427,:
424:310,419,420,421,422,423,425,:
425:419,422,423,424,:
426:417,418,419,420,421,422,423,427,428,429,430,431,432,433,434,:
427:417,418,419,420,421,422,423,426,428,429,431,432,433,434,:
428:419,420,421,426,427,429,430,431,432,433,434,:
429:420,421,426,427,428,430,431,432,:
430:421,426,428,429,431,:
431:366,420,426,427,428,429,430,432,433,434,435,436,:
432:366,426,427,428,429,431,433,434,435,436,509,510,:
433:364,365,366,367,426,427,428,431,432,434,435,436,509,510,511,:
434:410,413,415,426,427,428,431,432,433,435,436,:
435:364,365,366,431,432,433,434,436,510,511,512,516,517,:
436:303,304,415,431,432,433,434,435,510,511,512,513,516,:
437:438,439,440,441,442,443,454,:
438:85,437,439,440,442,:
439:85,437,438,440,441,442,443,444,445,449,454,:
440:437,438,439,441,442,443,444,445,453,454,458,466,:
441:437,439,440,442,443,453,454,455,456,458,465,466,467,470,471,:
442:83,84,85,437,438,439,440,441,443,444,445,446,448,449,:
443:84,85,437,439,440,441,442,444,445,446,447,448,449,450,451,:
444:84,85,146,439,440,442,443,445,446,447,448,449,450,:
445:84,85,439,440,442,443,444,446,447,448,449,450,451,452,:
446:85,144,145,146,442,443,444,445,447,448,449,450,452,472,:
447:87,92,138,144,145,146,443,444,445,446,448,450,472,:
448:85,442,443,444,445,446,447,449,450,451,452,472,:
449:85,414,415,416,439,442,443,444,445,446,448,450,451,452,:
450:13,15,45,123,136,443,444,445,446,447,448,449,451,452,472,:
451:19,20,414,415,416,443,445,448,449,450,452,515,:
452:12,13,15,18,19,20,44,45,50,445,446,448,449,450,451,:
453:440,441,454,455,456,457,458,459,465,466,:
454:437,439,440,441,453,455,456,458,459,465,466,:
455:441,453,454,456,457,458,459,460,461,465,466,467,:
456:441,453,454,455,457,458,459,460,461,465,466,467,468,469,470,475,:
457:453,455,456,458,459,460,465,466,467,468,469,474,475,479,480,481,:
458:440,441,453,454,455,456,457,459,460,461,462,463,465,466,:
459:411,453,454,455,456,457,458,460,461,462,463,464,465,466,:
460:406,455,456,457,458,459,461,462,463,464,:
461:411,455,456,458,459,460,462,463,464,465,466,486,:
462:406,407,458,459,460,461,463,464,481,486,506,:
463:411,412,413,458,459,460,461,462,464,485,486,487,514,:
464:407,413,459,460,461,462,463,481,485,486,506,514,:
465:441,453,454,455,456,457,458,459,461,466,467,468,469,470,471,473,475,:
466:440,441,453,454,455,456,457,458,459,461,465,467,468,470,471,473,:
467:441,455,456,457,465,466,468,469,470,471,472,473,475,:
468:456,457,465,466,467,469,470,471,474,475,492,:
469:456,457,465,467,468,470,474,475,476,477,479,491,492,496,497,499,:
470:95,97,116,441,456,465,466,467,468,469,471,472,473,:
471:441,465,466,467,468,470,472,473,:
472:15,45,93,95,96,97,113,446,447,448,450,467,470,471,473,:
473:15,44,45,46,465,466,467,470,471,472,485,486,487,:
474:457,468,469,475,476,477,478,479,480,491,492,:
475:456,457,465,467,468,469,474,476,477,479,480,481,491,492,:
476:469,474,475,477,478,479,480,481,491,492,493,:
477:469,474,475,476,478,479,480,491,492,493,494,495,496,630,:
478:474,476,477,479,491,492,493,494,495,626,:
479:390,457,469,474,475,476,477,478,480,481,482,483,484,491,492,627,:
480:390,457,474,475,476,477,479,481,482,483,484,486,:
481:390,457,462,464,475,476,479,480,482,483,484,485,486,487,488,489,:
482:389,390,391,479,480,481,483,484,485,486,487,488,489,490,:
483:388,389,390,391,479,480,481,482,484,485,486,488,489,490,627,628,629,:
484:389,390,391,479,480,481,482,483,485,486,487,488,489,490,524,:
485:463,464,473,481,482,483,484,486,487,488,489,490,:
486:461,462,463,464,473,480,481,482,483,484,485,487,488,490,:
487:16,44,46,48,463,473,481,482,484,485,486,488,489,490,526,:
488:389,390,391,481,482,483,484,485,486,487,489,490,524,628,629,:
489:380,387,388,389,390,391,481,482,483,484,485,487,488,490,524,627,628,629,:
490:48,380,391,482,483,484,485,486,487,488,489,524,526,628,629,:
491:469,474,475,476,477,478,479,492,493,494,495,496,497,499,630,:
492:468,469,474,475,476,477,478,479,491,493,494,496,497,499,630,:
493:476,477,478,491,492,494,495,496,497,498,499,630,:
494:477,478,491,492,493,495,496,497,:
495:477,478,491,493,494,496,:
496:469,477,491,492,493,494,495,497,498,499,500,501,:
497:469,491,492,493,494,496,498,499,500,501,630,:
498:493,496,497,499,500,501,630,:
499:115,116,469,491,492,493,496,497,498,500,501,630,:
500:115,195,496,497,498,499,501,630,:
501:114,115,116,195,496,497,498,499,500,630,:
502:383,503,504,505,506,507,508,519,520,:
503:502,504,505,506,507,508,:
504:372,383,502,503,505,506,507,508,509,519,520,521,:
505:372,383,502,503,504,506,507,508,509,510,511,519,520,521,522,523,524,:
506:462,464,502,503,504,505,507,508,509,510,519,520,521,524,:
507:502,503,504,505,506,508,509,510,511,519,520,:
508:363,365,366,367,502,503,504,505,506,507,509,510,511,512,519,520,:
509:366,367,407,413,432,433,504,505,506,507,508,510,511,512,513,514,516,517,519,:
510:364,365,366,413,432,433,435,436,505,506,507,508,509,511,512,513,514,515,516,517,518,519,520,521,522,:
511:362,363,364,365,366,367,433,435,436,505,507,508,509,510,512,513,514,516,517,518,519,520,522,523,:
512:20,26,413,435,436,508,509,510,511,513,514,515,516,517,518,521,522,525,:
513:19,20,26,412,413,415,436,509,510,511,512,514,515,516,517,518,:
514:20,26,407,412,413,414,415,463,464,509,510,511,512,513,515,516,518,:
515:18,19,20,26,413,415,451,510,512,513,514,516,517,518,526,:
516:19,20,26,51,364,435,436,509,510,511,512,513,514,515,517,518,522,523,525,526,527,657,658,:
517:26,360,362,364,365,435,509,510,511,512,513,515,516,518,522,523,525,527,657,658,:
518:18,19,20,21,26,51,510,511,512,513,514,515,516,517,522,525,526,527,657,658,:
519:369,371,372,383,502,504,505,506,507,508,509,510,511,520,521,522,523,524,525,526,:
520:368,369,371,372,383,502,504,505,506,507,508,510,511,519,521,522,523,524,525,:
521:369,372,504,505,506,510,512,519,520,522,523,524,525,526,527,:
522:368,369,372,505,510,511,512,516,517,518,519,520,521,523,524,525,526,527,528,:
523:356,357,368,369,370,371,372,375,505,511,516,517,519,520,521,522,524,525,526,527,:
524:372,377,378,379,380,383,484,488,489,490,505,506,519,520,521,522,523,525,526,:
525:26,49,369,512,516,517,518,519,520,521,522,523,524,526,527,528,529,530,531,:
526:26,49,487,490,515,516,518,519,521,522,523,524,525,527,528,529,530,:
527:26,49,51,349,516,517,518,521,522,523,525,526,528,529,530,531,532,658,:
528:17,26,43,49,51,349,522,525,526,527,529,530,531,532,533,534,535,:
529:4,11,12,17,18,19,26,43,44,48,49,51,52,525,526,527,528,530,531,532,533,535,547,:
530:49,346,349,377,525,526,527,528,529,531,532,533,534,535,536,546,547,:
531:345,346,347,348,349,375,377,525,527,528,529,530,532,533,534,535,546,:
532:4,43,49,346,527,528,529,530,531,533,534,535,536,537,538,542,546,547,548,:
533:4,346,528,529,530,531,532,534,535,536,537,538,546,547,548,549,550,551,552,:
534:340,341,343,345,346,349,528,530,531,532,533,535,536,537,546,547,548,549,600,601,:
535:404,528,529,530,531,532,533,534,536,537,538,539,541,542,546,547,:
536:404,530,532,533,534,535,537,538,539,540,541,542,543,544,546,547,:
537:404,532,533,534,535,536,538,539,540,541,542,543,546,596,598,600,601,:
538:1,4,28,29,532,533,535,536,537,539,540,541,542,543,544,545,547,:
539:29,535,536,537,538,540,541,542,543,545,550,586,610,:
540:29,536,537,538,539,541,543,550,585,586,588,590,592,:
541:1,28,29,535,536,537,538,539,540,542,543,544,545,586,610,:
542:1,3,4,10,16,29,43,47,48,532,535,536,537,538,539,541,543,544,545,:
543:1,27,28,29,210,211,536,537,538,539,540,541,542,544,545,567,610,:
544:1,2,3,10,16,29,30,42,43,47,48,536,538,541,542,543,545,:
545:1,2,27,28,29,30,210,211,538,539,541,542,543,544,610,617,619,621,:
546:4,28,530,531,532,533,534,535,536,537,547,548,549,550,551,552,553,554,:
547:1,2,3,4,28,29,33,43,49,529,530,532,533,534,535,536,538,546,548,549,550,551,552,:
548:4,28,333,340,343,344,532,533,534,546,547,549,550,551,552,553,554,555,:
549:28,34,333,533,534,546,547,548,550,551,553,554,555,556,557,558,:
550:1,2,4,6,27,28,29,33,34,41,533,539,540,546,547,548,549,551,553,554,555,556,557,559,560,566,:
551:4,33,34,333,344,533,546,547,548,549,550,552,553,554,:
552:23,52,56,326,327,343,344,533,546,547,548,551,:
553:333,546,548,549,550,551,554,555,556,557,558,559,560,599,601,:
554:332,333,334,546,548,549,550,551,553,555,556,557,558,599,601,:
555:548,549,550,553,554,556,557,558,559,560,561,569,588,599,:
556:28,41,549,550,553,554,555,557,558,559,560,561,562,564,565,566,568,569,588,708,:
557:9,34,39,40,41,549,550,553,554,555,556,558,559,560,561,562,566,569,708,:
558:333,334,549,553,554,555,556,557,559,560,569,572,599,708,:
559:41,550,553,555,556,557,558,560,561,562,563,564,565,566,567,568,569,587,588,589,:
560:550,553,555,556,557,558,559,561,562,564,565,566,567,568,569,572,587,588,589,:
561:9,39,41,555,556,557,559,560,562,563,564,565,566,567,568,569,570,588,589,:
562:556,557,559,560,561,563,564,565,568,569,570,571,572,573,574,575,588,589,708,:
563:39,559,561,562,564,568,569,570,573,708,728,:
564:27,39,41,211,224,242,556,559,560,561,562,563,565,566,567,568,569,588,589,:
565:1,27,28,29,31,41,210,211,242,244,556,559,560,561,562,564,566,567,589,:
566:1,2,5,6,8,9,27,28,29,30,31,34,37,39,41,210,211,242,244,550,556,557,559,560,561,564,565,567,:
567:1,27,28,29,207,209,210,211,244,543,559,560,561,564,565,566,589,:
568:556,559,560,561,562,563,564,569,570,571,572,573,574,575,588,589,708,:
569:555,556,557,558,559,560,561,562,563,564,568,570,571,572,573,574,575,576,587,588,589,708,:
570:561,562,563,568,569,571,572,573,574,575,576,708,:
571:562,568,569,570,572,573,574,576,708,:
572:558,560,562,568,569,570,571,573,574,576,587,588,:
573:562,563,568,569,570,571,572,574,575,576,577,578,:
574:562,568,569,570,571,572,573,575,576,577,578,579,589,:
575:224,225,562,568,569,570,573,574,576,577,578,579,580,587,588,589,:
576:569,570,571,572,573,574,575,577,578,579,580,581,:
577:225,573,574,575,576,578,579,580,581,584,587,588,589,:
578:573,574,575,576,577,579,580,581,582,583,587,:
579:574,575,576,577,578,580,581,582,583,584,587,589,:
580:575,576,577,578,579,581,582,583,584,:
581:576,577,578,579,580,582,583,584,587,:
582:578,579,580,581,583,584,585,586,587,588,589,590,591,:
583:578,579,580,581,582,584,585,587,590,591,:
584:577,579,580,581,582,583,585,586,587,588,589,590,591,592,:
585:540,582,583,584,586,587,588,589,590,591,592,593,594,595,:
586:539,540,541,582,584,585,587,588,589,590,591,592,593,594,610,:
587:559,560,569,572,575,577,578,579,581,582,583,584,585,586,588,589,590,591,:
588:540,555,556,559,560,561,562,564,568,569,572,575,577,582,584,585,586,587,589,:
589:559,560,561,562,564,565,567,568,569,574,575,577,579,582,584,585,586,587,588,:
590:540,582,583,584,585,586,587,591,592,593,594,595,596,597,:
591:582,583,584,585,586,587,590,592,593,595,596,597,:
592:540,584,585,586,590,591,593,594,595,596,597,598,609,:
593:402,585,586,590,591,592,594,595,596,602,603,608,609,:
594:400,402,585,586,590,592,593,595,602,603,604,607,608,609,610,:
595:585,590,591,592,593,594,596,597,598,599,600,:
596:537,590,591,592,593,595,597,598,599,600,601,:
597:590,591,592,595,596,598,599,600,601,:
598:395,396,399,401,537,592,595,596,597,599,600,601,:
599:553,554,555,558,595,596,597,598,600,601,:
600:346,351,352,396,534,537,595,596,597,598,599,601,:
601:333,534,537,553,554,596,597,598,599,600,:
602:593,594,603,604,605,606,607,608,609,610,:
603:593,594,602,604,605,607,608,609,610,:
604:594,602,603,605,606,607,608,609,610,:
605:602,603,604,606,607,608,609,610,:
606:602,604,605,607,608,609,614,615,:
607:404,405,594,602,603,604,605,606,608,609,610,:
608:402,403,404,405,593,594,602,603,604,605,606,607,609,610,:
609:402,403,404,405,592,593,594,602,603,604,605,606,607,608,610,:
610:539,541,543,545,586,594,602,603,604,605,607,608,609,616,:
611:194,612,613,614,615,616,617,618,619,621,:
612:611,613,614,616,617,618,619,:
613:611,612,614,615,616,617,618,619,621,:
614:606,611,612,613,615,616,617,622,623,:
615:606,611,613,614,616,622,623,628,629,:
616:610,611,612,613,614,615,617,618,619,620,621,:
617:194,545,611,612,613,614,616,618,619,620,621,:
618:205,207,611,612,613,616,617,619,620,621,:
619:194,545,611,612,613,616,617,618,620,621,:
620:193,194,200,204,205,206,207,208,209,616,617,618,619,621,:
621:115,194,545,611,613,616,617,618,619,620,:
622:614,615,623,624,625,626,627,628,629,630,:
623:614,615,622,624,625,627,628,629,630,:
624:391,622,623,625,626,627,628,629,630,:
625:389,391,622,623,624,626,627,628,629,630,:
626:389,390,391,478,622,624,625,627,628,629,:
627:389,390,391,479,483,489,622,623,624,625,626,628,629,630,:
628:389,390,391,483,488,489,490,615,622,623,624,625,626,627,629,630,:
629:388,389,390,391,483,488,489,490,615,622,623,624,625,626,627,628,630,:
630:477,491,492,493,497,498,499,500,501,622,623,624,625,627,628,629,:
631:355,358,632,633,634,635,636,637,639,:
632:354,355,356,357,358,359,631,633,634,635,636,637,639,:
633:355,631,632,634,635,636,637,638,639,:
634:354,355,631,632,633,635,636,637,638,645,646,:
635:347,348,353,354,355,356,358,359,631,632,633,634,636,637,638,645,646,:
636:631,632,633,634,635,637,638,639,640,641,:
637:631,632,633,634,635,636,638,639,640,641,642,:
638:359,633,634,635,636,637,639,640,641,642,643,644,645,:
639:631,632,633,636,637,638,640,641,642,643,:
640:359,636,637,638,639,641,642,643,644,:
641:359,360,362,636,637,638,639,640,642,643,644,:
642:359,360,362,637,638,639,640,641,643,644,:
643:360,362,364,638,639,640,641,642,644,:
644:362,364,638,640,641,642,643,653,655,656,:
645:342,634,635,638,646,647,648,649,650,651,652,659,660,:
646:339,341,342,345,347,634,635,645,647,648,649,650,651,652,:
647:342,645,646,648,649,650,651,652,653,659,660,661,:
648:316,645,646,647,649,650,651,659,660,661,662,663,664,:
649:315,316,319,320,645,646,647,648,650,659,660,661,662,:
650:323,342,645,646,647,648,649,651,652,653,654,655,659,660,663,:
651:343,645,646,647,648,650,652,653,654,655,656,:
652:341,342,343,345,348,354,645,646,647,650,651,653,654,655,656,657,658,:
653:55,57,644,647,650,651,652,654,655,656,657,663,:
654:55,343,348,349,354,356,359,650,651,652,653,655,656,657,658,:
655:23,55,56,57,644,650,651,652,653,654,656,657,658,:
656:23,51,55,56,362,644,651,652,653,654,655,657,658,:
657:21,23,51,55,362,516,517,518,652,653,654,655,656,658,:
658:51,55,362,516,517,518,527,652,654,655,656,657,:
659:645,647,648,649,650,660,661,662,663,664,665,666,667,668,:
660:645,647,648,649,650,659,661,662,663,664,665,666,667,:
661:647,648,649,659,660,662,663,664,665,666,667,668,669,:
662:320,648,649,659,660,661,663,664,665,666,667,668,669,670,672,678,679,:
663:323,648,650,653,659,660,661,662,664,666,667,668,669,670,678,679,:
664:648,659,660,661,662,663,665,666,667,668,:
665:659,660,661,662,664,666,:
666:659,660,661,662,663,664,665,:
667:320,323,659,660,661,662,663,664,668,669,670,671,672,673,678,679,:
668:315,316,320,659,661,662,663,664,667,669,670,671,672,678,:
669:294,320,321,323,661,662,663,667,668,670,671,672,673,674,675,678,679,680,:
670:662,663,667,668,669,671,672,673,674,678,679,680,681,683,685,:
671:667,668,669,670,672,673,674,678,679,680,681,683,684,685,:
672:294,320,321,323,662,667,668,669,670,671,673,674,675,676,677,678,:
673:292,294,667,669,670,671,672,674,675,676,677,:
674:289,290,292,293,294,669,670,671,672,673,675,676,677,678,679,695,696,697,:
675:294,669,672,673,674,676,677,696,697,715,716,717,718,:
676:292,293,294,672,673,674,675,677,695,696,697,715,716,717,718,:
677:672,673,674,675,676,715,716,717,:
678:662,663,667,668,669,670,671,672,674,679,680,681,682,683,684,685,:
679:288,662,663,667,669,670,671,674,678,680,681,682,683,:
680:669,670,671,678,679,681,682,683,684,685,686,:
681:312,670,671,678,679,680,682,683,684,685,686,687,689,690,:
682:286,287,288,289,295,312,678,679,680,681,683,684,685,686,689,:
683:312,670,671,678,679,680,681,682,684,685,:
684:671,678,680,681,682,683,685,686,687,688,689,690,:
685:670,671,678,680,681,682,683,684,686,687,688,689,690,:
686:680,681,682,684,685,687,688,689,690,691,:
687:681,684,685,686,688,689,690,:
688:684,685,686,687,689,690,:
689:274,286,681,682,684,685,686,687,688,690,691,692,693,694,:
690:681,684,685,686,687,688,689,691,692,693,694,695,696,:
691:686,689,690,692,693,694,695,696,697,698,699,:
692:689,690,691,693,694,695,696,697,698,699,700,:
693:273,689,690,691,692,694,695,696,698,699,700,:
694:689,690,691,692,693,695,696,697,698,699,700,718,:
695:292,294,674,676,690,691,692,693,694,696,697,698,699,700,716,717,718,:
696:674,675,676,690,691,692,693,694,695,697,698,700,716,717,718,:
697:290,292,293,294,674,675,676,691,692,694,695,696,698,699,700,716,717,718,:
698:284,285,290,291,691,692,693,694,695,696,697,699,700,718,:
699:272,273,284,285,691,692,693,694,695,697,698,700,:
700:164,285,290,291,292,293,692,693,694,695,696,697,698,699,718,:
701:702,703,704,705,706,707,709,710,711,:
702:701,703,704,706,707,709,710,711,720,:
703:701,702,704,705,706,707,708,709,710,711,712,720,:
704:701,702,703,705,706,707,710,711,712,713,714,715,719,720,:
705:701,703,704,706,710,711,712,713,714,715,719,720,:
706:701,702,703,704,705,707,708,709,710,711,720,727,:
707:701,702,703,704,706,708,709,:
708:556,557,558,562,563,568,569,570,571,703,706,707,709,:
709:336,701,702,703,706,707,708,:
710:701,702,703,704,705,706,711,712,713,714,715,716,719,720,:
711:701,702,703,704,705,706,710,712,713,715,719,720,:
712:703,704,705,710,711,713,714,715,716,717,718,719,720,721,:
713:704,705,710,711,712,714,715,716,717,718,719,720,721,722,724,:
714:180,181,182,704,705,710,712,713,715,716,717,718,719,720,721,722,:
715:324,328,675,676,677,704,705,710,711,712,713,714,716,717,718,719,:
716:293,675,676,677,695,696,697,710,712,713,714,715,717,718,:
717:675,676,677,695,696,697,712,713,714,715,716,718,:
718:292,293,294,675,676,694,695,696,697,698,700,712,713,714,715,716,717,:
719:704,705,710,711,712,713,714,715,720,721,722,723,724,725,726,:
720:702,703,704,705,706,710,711,712,713,714,719,721,722,723,724,725,729,:
721:174,175,176,712,713,714,719,720,722,723,724,725,726,727,729,:
722:174,175,181,713,714,719,720,721,723,724,725,:
723:175,719,720,721,722,724,:
724:189,190,713,719,720,721,722,723,725,726,727,728,729,:
725:189,190,719,720,721,722,724,726,727,728,729,:
726:39,40,173,174,176,177,178,179,719,721,724,725,727,728,729,:
727:189,190,233,706,721,724,725,726,728,729,:
728:189,190,233,563,724,725,726,727,729,:
729:188,189,190,233,720,721,724,725,726,727,728,:
