1:2,3,4,5,9,21,22,23,24,25,28,219,220,221,226,315,330,333,339,:
2:1,3,4,5,9,21,22,23,24,25,28,219,220,221,222,223,224,225,226,227,228,229,378,:
3:1,2,4,5,6,8,9,21,22,23,24,25,28,219,220,221,225,226,228,301,330,:
4:1,2,3,5,6,7,8,9,21,22,23,24,25,26,27,28,300,301,313,:
5:1,2,3,4,6,7,8,9,10,21,22,23,25,26,27,28,245,300,313,314,315,316,317,330,:
6:3,4,5,7,8,9,10,11,12,22,25,26,27,28,29,244,245,313,314,317,:
7:4,5,6,8,9,10,11,12,13,25,26,27,28,29,30,245,:
8:3,4,5,6,7,9,10,11,12,23,25,26,27,28,29,233,234,269,293,:
9:1,2,3,4,5,6,7,8,10,22,23,24,25,26,27,28,232,233,234,:
10:5,6,7,8,9,11,12,13,14,26,27,29,30,34,269,270,293,:
11:6,7,8,10,12,13,14,15,19,26,27,29,30,31,34,270,293,:
12:6,7,8,10,11,13,14,19,26,29,30,34,293,299,302,314,:
13:7,10,11,12,14,15,16,18,19,29,30,31,34,82,83,270,:
14:10,11,12,13,15,16,17,18,19,29,30,31,32,33,34,81,82,83,:
15:11,13,14,16,17,18,19,30,31,32,33,34,81,83,:
16:13,14,15,17,18,19,20,30,31,32,33,34,81,:
17:14,15,16,18,19,20,31,32,33,34,:
18:13,14,15,16,17,19,20,31,32,33,34,79,151,152,:
19:11,12,13,14,15,16,17,18,20,30,31,32,33,34,79,80,81,82,83,:
20:16,17,18,19,32,33,:
21:1,2,3,4,5,22,23,24,25,218,219,220,221,226,330,333,339,378,:
22:1,2,3,4,5,6,9,21,24,25,221,315,316,317,318,329,330,331,333,:
23:1,2,3,4,5,8,9,21,24,28,220,222,223,224,225,226,227,228,229,230,401,:
24:1,2,3,4,9,21,22,23,28,219,220,221,222,223,224,225,226,227,228,229,376,377,378,401,:
25:1,2,3,4,5,6,7,8,9,21,22,26,245,313,314,315,316,317,329,330,:
26:4,5,6,7,8,9,10,11,12,25,29,244,245,314,317,:
27:4,5,6,7,8,9,10,11,28,29,234,264,269,270,287,293,:
28:1,2,3,4,5,6,7,8,9,23,24,27,225,227,228,229,230,231,232,234,287,:
29:6,7,8,10,11,12,13,14,26,27,30,239,243,250,269,270,:
30:7,10,11,12,13,14,15,16,19,29,31,34,81,83,269,270,:
31:11,13,14,15,16,17,18,19,30,32,:
32:14,15,16,17,18,19,20,31,:
33:14,15,16,17,18,19,20,34,150,151,152,:
34:10,11,12,13,14,15,16,17,18,19,30,33,80,82,83,151,293,302,:
35:36,37,38,39,40,41,42,43,44,45,46,47,260,261,262,:
36:35,37,38,39,40,41,42,43,45,231,260,261,262,:
37:35,36,38,39,40,41,42,43,46,47,230,231,235,260,261,262,:
38:35,36,37,39,40,41,42,43,46,261,262,:
39:35,36,37,38,40,41,42,43,44,45,46,47,48,217,262,:
40:35,36,37,38,39,41,42,43,44,46,47,48,49,50,51,53,217,:
41:35,36,37,38,39,40,42,44,46,47,48,49,:
42:35,36,37,38,39,40,41,43,44,45,46,47,:
43:35,36,37,38,39,40,42,44,45,260,261,262,:
44:35,39,40,41,42,43,45,46,47,176,217,:
45:35,36,39,42,43,44,169,224,227,260,261,262,:
46:35,37,38,39,40,41,42,44,47,48,49,50,51,52,53,214,217,:
47:35,37,39,40,41,42,44,46,48,49,50,51,53,213,214,215,216,217,222,224,:
48:39,40,41,46,47,49,50,51,52,53,214,217,:
49:40,41,46,47,48,50,51,52,53,214,:
50:40,46,47,48,49,51,52,202,203,205,213,214,217,:
51:40,46,47,48,49,50,52,53,214,217,343,:
52:46,48,49,50,51,53,343,:
53:40,46,47,48,49,51,52,:
54:55,56,57,58,59,60,:
55:54,56,57,58,59,:
56:54,55,57,58,59,60,267,:
57:54,55,56,58,59,267,:
58:54,55,56,57,59,:
59:54,55,56,57,58,60,89,90,267,:
60:54,56,59,86,89,90,267,268,:
61:62,63,64,65,66,67,68,273,:
62:61,63,64,65,66,90,271,273,274,275,:
63:61,62,64,65,66,67,68,69,74,85,157,160,:
64:61,62,63,65,66,67,68,69,70,71,72,73,74,84,85,160,:
65:61,62,63,64,66,67,68,69,70,71,73,74,76,84,85,86,89,90,:
66:61,62,63,64,65,67,68,74,80,85,90,159,160,161,271,272,273,:
67:61,63,64,65,66,68,69,70,71,72,73,74,85,156,157,159,160,:
68:61,63,64,65,66,67,69,70,72,73,74,155,156,157,158,159,160,:
69:63,64,65,67,68,70,71,72,73,74,75,85,160,:
70:64,65,67,68,69,71,72,73,74,75,76,78,84,85,104,160,:
71:64,65,67,69,70,72,73,74,75,76,77,84,85,87,104,:
72:64,67,68,69,70,71,73,74,97,98,99,100,160,:
73:64,65,67,68,69,70,71,72,74,75,76,77,78,79,80,84,85,102,103,104,159,160,:
74:63,64,65,66,67,68,69,70,71,72,73,75,76,78,79,80,84,85,103,104,159,160,161,:
75:69,70,71,73,74,76,77,78,79,80,81,84,85,86,103,104,160,:
76:65,70,71,73,74,75,77,78,79,81,84,85,86,87,89,:
77:71,73,75,76,78,79,81,84,85,86,87,:
78:70,73,74,75,76,77,79,80,81,82,83,84,85,103,104,160,:
79:18,19,73,74,75,76,77,78,80,81,82,83,84,85,161,:
80:19,34,66,73,74,75,78,79,81,82,83,159,160,161,293,:
81:14,15,16,19,30,75,76,77,78,79,80,82,83,84,270,:
82:13,14,19,34,78,79,80,81,83,161,268,269,270,292,293,:
83:13,14,15,19,30,34,78,79,80,81,82,268,269,270,293,:
84:64,65,70,71,73,74,75,76,77,78,79,81,85,86,87,88,89,90,:
85:63,64,65,66,67,69,70,71,73,74,75,76,77,78,79,84,86,87,89,90,:
86:60,65,75,76,77,84,85,87,88,89,90,:
87:71,76,77,84,85,86,88,89,:
88:84,86,87,89,:
89:59,60,65,76,84,85,86,87,88,90,:
90:59,60,62,65,66,84,85,86,89,266,267,268,:
91:92,93,94,95,96,97,105,106,:
92:91,93,94,95,96,:
93:91,92,94,95,96,97,98,99,105,106,107,:
94:91,92,93,95,96,97,98,99,105,106,107,108,110,117,:
95:91,92,93,94,96,97,99,105,106,107,108,110,117,:
96:91,92,93,94,95,97,98,99,100,101,105,106,:
97:72,91,93,94,95,96,98,99,100,101,102,105,106,:
98:72,93,94,96,97,99,100,101,102,103,105,106,155,:
99:72,93,94,95,96,97,98,100,101,102,103,104,:
100:72,96,97,98,99,101,102,103,104,106,109,160,:
101:96,97,98,99,100,102,103,104,118,121,:
102:73,97,98,99,100,101,103,104,116,118,121,:
103:73,74,75,78,98,99,100,101,102,104,118,121,152,:
104:70,71,73,74,75,78,99,100,101,102,103,:
105:91,93,94,95,96,97,98,106,107,108,109,110,111,116,117,:
106:91,93,94,95,96,97,98,100,105,107,108,109,110,116,:
107:93,94,95,105,106,108,109,110,111,112,113,115,116,117,118,125,136,:
108:94,95,105,106,107,109,110,111,112,116,117,118,119,121,124,125,136,144,145,:
109:100,105,106,107,108,110,111,112,116,117,118,119,120,124,125,135,136,138,141,144,145,146,147,:
110:94,95,105,106,107,108,109,111,112,113,114,115,116,117,125,136,141,142,:
111:105,107,108,109,110,112,113,114,115,116,117,124,125,135,136,141,142,:
112:107,108,109,110,111,113,114,115,116,117,119,124,125,126,127,129,135,136,141,145,:
113:107,110,111,112,114,115,136,141,142,:
114:110,111,112,113,115,136,142,143,:
115:107,110,111,112,113,114,141,142,:
116:102,105,106,107,108,109,110,111,112,117,118,119,120,121,122,123,124,125,136,145,:
117:94,95,105,107,108,109,110,111,112,116,118,119,121,122,123,124,125,:
118:101,102,103,107,108,109,116,117,119,120,121,122,123,124,125,126,145,:
119:108,109,112,116,117,118,120,121,122,123,124,125,126,127,128,129,130,132,134,135,136,145,:
120:109,116,118,119,121,122,123,124,125,126,127,128,134,135,136,145,:
121:101,102,103,108,116,117,118,119,120,122,123,124,125,:
122:116,117,118,119,120,121,123,124,125,:
123:116,117,118,119,120,121,122,124,125,126,130,132,133,134,:
124:108,109,111,112,116,117,118,119,120,121,122,123,125,126,127,128,129,130,131,132,134,135,136,145,:
125:107,108,109,110,111,112,116,117,118,119,120,121,122,123,124,126,127,129,130,131,132,134,135,136,145,:
126:112,118,119,120,123,124,125,127,128,129,130,131,132,133,134,135,136,137,145,:
127:112,119,120,124,125,126,128,129,130,134,135,136,137,138,140,143,144,145,:
128:119,120,124,126,127,129,135,136,137,138,145,:
129:112,119,124,125,126,127,128,130,131,132,133,134,135,136,:
130:119,123,124,125,126,127,129,131,132,133,134,:
131:124,125,126,129,130,132,133,134,:
132:119,123,124,125,126,129,130,131,133,134,:
133:123,126,129,130,131,132,134,:
134:119,120,123,124,125,126,127,129,130,131,132,133,:
135:109,111,112,119,120,124,125,126,127,128,129,136,137,138,139,140,141,142,143,144,145,:
136:107,108,109,110,111,112,113,114,116,119,120,124,125,126,127,128,129,135,137,138,140,141,142,143,144,145,:
137:126,127,128,135,136,138,139,140,141,142,143,144,145,146,:
138:109,127,128,135,136,137,139,140,141,142,143,144,145,146,147,149,150,:
139:135,137,138,140,141,144,145,146,147,149,150,:
140:127,135,136,137,138,139,141,142,143,144,145,:
141:109,110,111,112,113,115,135,136,137,138,139,140,142,143,144,145,:
142:110,111,113,114,115,135,136,137,138,140,141,143,:
143:114,127,135,136,137,138,140,141,142,:
144:108,109,127,135,136,137,138,139,140,141,145,146,147,148,149,150,152,:
145:108,109,112,116,118,119,120,124,125,126,127,128,135,136,137,138,139,140,141,144,146,147,149,150,:
146:109,137,138,139,144,145,147,148,149,150,151,152,:
147:109,138,139,144,145,146,148,149,150,154,:
148:144,146,147,149,153,154,158,:
149:138,139,144,145,146,147,148,150,151,152,:
150:33,138,139,144,145,146,147,149,151,152,:
151:18,33,34,146,149,150,152,302,303,304,:
152:18,33,103,144,146,149,150,151,:
153:148,154,155,156,157,158,159,:
154:147,148,153,155,156,157,158,:
155:68,98,153,154,156,157,158,159,160,161,:
156:67,68,153,154,155,157,158,159,160,:
157:63,67,68,153,154,155,156,158,159,160,:
158:68,148,153,154,155,156,157,159,160,161,295,296,:
159:66,67,68,73,74,80,153,155,156,157,158,160,161,295,296,:
160:63,64,66,67,68,69,70,72,73,74,75,78,80,100,155,156,157,158,159,161,296,:
161:66,74,79,80,82,155,158,159,160,291,294,295,296,:
162:163,164,165,166,167,168,169,172,175,:
163:162,164,165,166,167,168,171,172,173,174,175,:
164:162,163,165,166,167,168,169,170,172,175,:
165:162,163,164,166,167,168,169,172,:
166:162,163,164,165,167,169,171,172,173,175,:
167:162,163,164,165,166,168,169,170,175,:
168:162,163,164,165,167,169,170,402,:
169:45,162,164,165,166,167,168,170,:
170:164,167,168,169,401,402,:
171:163,166,172,173,174,175,176,177,:
172:162,163,164,165,166,171,173,174,175,176,:
173:163,166,171,172,174,175,176,177,178,179,:
174:163,171,172,173,175,176,177,178,:
175:162,163,164,166,167,171,172,173,174,176,177,:
176:44,171,172,173,174,175,177,178,179,:
177:171,173,174,175,176,178,179,:
178:173,174,176,177,179,205,207,211,:
179:173,176,177,178,203,213,214,215,216,217,:
180:181,182,183,184,185,186,187,188,367,:
181:180,182,183,184,185,186,188,:
182:180,181,183,184,185,186,187,188,367,:
183:180,181,182,184,185,186,:
184:180,181,182,183,185,:
185:180,181,182,183,184,186,187,188,189,190,:
186:180,181,182,183,185,187,188,189,190,191,367,:
187:180,182,185,186,188,189,190,191,192,311,312,325,365,366,367,:
188:180,181,182,185,186,187,189,190,191,192,193,388,:
189:185,186,187,188,190,191,192,193,311,319,324,325,363,365,366,367,:
190:185,186,187,188,189,191,192,193,372,375,388,:
191:186,187,188,189,190,192,193,319,363,372,:
192:187,188,189,190,191,193,315,316,318,319,324,358,359,360,361,363,369,371,372,:
193:188,189,190,191,192,315,316,318,319,359,360,369,371,372,388,:
194:195,196,197,198,199,380,397,399,:
195:194,196,197,198,199,376,377,378,379,380,397,399,:
196:194,195,197,198,199,:
197:194,195,196,198,199,377,:
198:194,195,196,197,199,373,376,377,378,380,399,402,:
199:194,195,196,197,198,397,399,:
200:201,202,203,204,205,206,213,214,343,:
201:200,202,203,204,205,206,213,343,:
202:50,200,201,203,204,205,206,207,213,214,215,:
203:50,179,200,201,202,204,205,206,213,214,215,216,217,218,:
204:200,201,202,203,205,213,214,215,218,:
205:50,178,200,201,202,203,204,206,207,208,213,214,:
206:200,201,202,203,205,207,208,209,211,:
207:178,202,205,206,208,209,210,211,212,:
208:205,206,207,209,210,211,212,:
209:206,207,208,210,211,212,:
210:207,208,209,211,212,:
211:178,206,207,208,209,210,212,:
212:207,208,209,210,211,:
213:47,50,179,200,201,202,203,204,205,214,215,216,217,218,219,222,:
214:46,47,48,49,50,51,179,200,202,203,204,205,213,215,216,217,218,222,:
215:47,179,202,203,204,213,214,216,217,218,219,220,221,222,223,224,226,:
216:47,179,203,213,214,215,217,218,219,220,222,223,224,225,226,227,229,:
217:39,40,44,46,47,48,50,51,179,203,213,214,215,216,218,222,223,224,225,226,:
218:21,203,204,213,214,215,216,217,219,220,221,222,223,226,338,339,340,343,:
219:1,2,3,21,24,213,215,216,218,220,221,222,223,226,229,338,339,377,:
220:1,2,3,21,23,24,215,216,218,219,221,222,223,224,226,228,229,339,376,377,378,401,:
221:1,2,3,21,22,24,215,218,219,220,223,226,333,334,338,339,340,360,:
222:2,23,24,47,213,214,215,216,217,218,219,220,223,224,225,226,227,228,229,230,401,:
223:2,23,24,215,216,217,218,219,220,221,222,224,225,226,227,228,229,401,402,:
224:2,23,24,45,47,215,216,217,220,222,223,225,226,227,228,229,230,231,232,262,:
225:2,3,23,24,28,216,217,222,223,224,226,227,228,229,230,231,232,233,234,235,262,:
226:1,2,3,21,23,24,215,216,217,218,219,220,221,222,223,224,225,227,228,229,230,231,232,235,336,337,:
227:2,23,24,28,45,216,222,223,224,225,226,228,229,230,231,262,401,:
228:2,3,23,24,28,220,222,223,224,225,226,227,229,230,231,287,398,400,401,402,:
229:2,23,24,28,216,219,220,222,223,224,225,226,227,228,398,400,401,402,:
230:23,28,37,222,224,225,226,227,228,231,232,233,234,235,237,259,260,262,:
231:28,36,37,224,225,226,227,228,230,232,233,234,235,237,255,259,260,261,262,:
232:9,28,224,225,226,230,231,233,234,235,236,237,238,239,262,337,:
233:8,9,225,230,231,232,234,235,236,237,238,239,240,241,242,249,255,262,:
234:8,9,27,28,225,230,231,232,233,235,237,238,239,240,241,249,250,254,255,256,259,260,262,264,:
235:37,225,226,230,231,232,233,234,236,237,238,336,337,:
236:232,233,235,237,238,246,247,248,336,337,:
237:230,231,232,233,234,235,236,238,239,240,241,242,243,244,245,246,248,249,250,255,337,:
238:232,233,234,235,236,237,239,240,241,242,243,244,245,246,247,248,337,:
239:29,232,233,234,237,238,240,241,242,243,244,246,248,249,250,251,255,:
240:233,234,237,238,239,241,242,243,249,250,251,252,254,255,264,:
241:233,234,237,238,239,240,242,249,250,251,252,254,255,:
242:233,237,238,239,240,241,243,244,245,246,248,249,250,:
243:29,237,238,239,240,242,244,245,246,247,248,:
244:6,26,237,238,239,242,243,245,246,247,248,337,:
245:5,6,7,25,26,237,238,242,243,244,246,247,248,337,:
246:236,237,238,239,242,243,244,245,247,248,337,:
247:236,238,243,244,245,246,248,337,:
248:236,237,238,239,242,243,244,245,246,247,337,:
249:233,234,237,239,240,241,242,250,251,252,253,254,255,264,:
250:29,234,237,239,240,241,242,249,251,252,254,255,263,264,269,:
251:239,240,241,249,250,252,253,254,255,256,264,:
252:240,241,249,250,251,253,254,255,256,257,259,263,264,:
253:249,251,252,254,255,256,257,263,264,:
254:234,240,241,249,250,251,252,253,255,256,257,258,259,260,261,262,263,264,:
255:231,233,234,237,239,240,241,249,250,251,252,253,254,256,257,259,260,261,262,263,264,:
256:234,251,252,253,254,255,257,258,259,260,261,262,263,264,265,:
257:252,253,254,255,256,258,259,260,263,264,265,266,267,268,271,277,286,287,:
258:254,256,257,259,263,264,265,266,267,271,272,276,277,278,286,287,288,:
259:230,231,234,252,254,255,256,257,258,260,261,262,263,264,:
260:35,36,37,43,45,230,231,234,254,255,256,257,259,261,262,:
261:35,36,37,38,43,45,231,254,255,256,259,260,262,:
262:35,36,37,38,39,43,45,224,225,227,230,231,232,233,234,254,255,256,259,260,261,:
263:250,252,253,254,255,256,257,258,259,264,265,266,267,268,269,270,271,272,277,287,:
264:27,234,240,249,250,251,252,253,254,255,256,257,258,259,263,265,266,267,268,269,270,:
265:256,257,258,263,264,266,267,268,269,270,271,272,273,277,285,286,287,:
266:90,257,258,263,264,265,267,268,269,271,272,273,274,276,277,285,:
267:56,57,59,60,90,257,258,263,264,265,266,268,271,272,273,274,276,277,:
268:60,82,83,90,257,263,264,265,266,267,269,270,271,272,:
269:8,10,27,29,30,82,83,250,263,264,265,266,268,270,:
270:10,11,13,27,29,30,81,82,83,263,264,265,268,269,:
271:62,66,257,258,263,265,266,267,268,272,273,274,275,276,277,284,285,286,:
272:66,258,263,265,266,267,268,271,273,274,276,277,281,282,283,284,285,286,287,:
273:61,62,66,265,266,267,271,272,274,275,276,277,278,285,:
274:62,266,267,271,272,273,275,276,277,278,279,280,282,:
275:62,271,273,274,276,277,278,279,280,:
276:258,266,267,271,272,273,274,275,277,278,279,280,282,286,:
277:257,258,263,265,266,267,271,272,273,274,275,276,278,279,280,282,286,288,:
278:258,273,274,275,276,277,279,280,282,:
279:274,275,276,277,278,280,282,288,:
280:274,275,276,277,278,279,281,282,286,288,:
281:272,280,282,283,284,285,286,287,288,289,290,396,:
282:272,274,276,277,278,279,280,281,283,284,285,286,288,:
283:272,281,282,284,285,286,287,288,289,290,291,396,398,:
284:271,272,281,282,283,285,286,287,288,289,290,291,292,294,:
285:265,266,271,272,273,281,282,283,284,286,287,289,290,291,292,294,:
286:257,258,265,271,272,276,277,280,281,282,283,284,285,287,288,289,290,:
287:27,28,228,257,258,263,265,272,281,283,284,285,286,288,289,290,:
288:258,277,279,280,281,282,283,284,286,287,398,:
289:281,283,284,285,286,287,290,291,292,293,294,295,296,297,298,385,:
290:281,283,284,285,286,287,289,291,292,293,294,297,298,384,385,391,396,:
291:161,283,284,285,289,290,292,293,294,295,296,297,298,299,385,:
292:82,284,285,289,290,291,293,294,295,296,297,298,299,300,301,302,303,304,385,:
293:8,10,11,12,27,34,80,82,83,289,290,291,292,294,295,296,297,298,299,302,:
294:161,284,285,289,290,291,292,293,295,296,297,298,385,:
295:158,159,161,289,291,292,293,294,296,297,298,304,:
296:158,159,160,161,289,291,292,293,294,295,297,304,:
297:289,290,291,292,293,294,295,296,298,299,300,301,302,303,304,313,314,382,385,:
298:289,290,291,292,293,294,295,297,299,300,301,302,303,304,313,381,382,383,384,385,386,:
299:12,291,292,293,297,298,300,301,302,303,304,305,313,314,315,:
300:4,5,292,297,298,299,301,302,303,305,309,313,314,315,316,317,381,382,:
301:3,4,292,297,298,299,300,302,303,313,314,315,378,379,381,382,383,384,385,386,:
302:12,34,151,292,293,297,298,299,300,301,303,304,305,306,308,309,313,314,:
303:151,292,297,298,299,300,301,302,304,305,306,307,308,309,310,311,313,314,:
304:151,292,295,296,297,298,299,302,303,305,306,307,308,309,310,386,:
305:299,300,302,303,304,306,307,308,309,310,311,312,313,314,386,:
306:302,303,304,305,307,308,309,310,312,386,387,:
307:303,304,305,306,308,310,387,:
308:302,303,304,305,306,307,309,310,311,312,386,387,388,:
309:300,302,303,304,305,306,308,310,311,312,313,314,315,:
310:303,304,305,306,307,308,309,311,312,:
311:187,189,303,305,308,309,310,312,:
312:187,305,306,308,309,310,311,:
313:4,5,6,25,297,298,299,300,301,302,303,305,309,314,315,316,317,318,382,:
314:5,6,12,25,26,297,299,300,301,302,303,305,309,313,315,316,317,318,:
315:1,5,22,25,192,193,299,300,301,309,313,314,316,317,318,319,320,382,:
316:5,22,25,192,193,300,313,314,315,317,318,319,320,321,322,323,324,326,327,330,:
317:5,6,22,25,26,300,313,314,315,316,318,319,320,321,326,327,:
318:22,192,193,313,314,315,316,317,319,320,321,322,323,324,325,326,327,330,:
319:189,191,192,193,315,316,317,318,320,321,322,323,324,325,361,:
320:315,316,317,318,319,321,322,323,324,325,326,327,328,330,:
321:316,317,318,319,320,322,323,324,326,327,328,329,330,:
322:316,318,319,320,321,323,326,327,328,329,330,331,355,361,:
323:316,318,319,320,321,322,324,325,326,327,:
324:189,192,316,318,319,320,321,323,325,363,366,:
325:187,189,318,319,320,323,324,363,364,365,366,:
326:316,317,318,320,321,322,323,327,328,329,330,331,332,:
327:316,317,318,320,321,322,323,326,328,329,330,:
328:320,321,322,326,327,329,330,331,332,333,353,354,355,:
329:22,25,321,322,326,327,328,330,331,332,333,334,335,336,337,:
330:1,3,5,21,22,25,316,318,320,321,322,326,327,328,329,331,332,333,334,336,337,:
331:22,322,326,328,329,330,332,333,334,335,336,337,338,339,345,:
332:326,328,329,330,331,333,334,335,336,337,338,351,352,353,354,:
333:1,21,22,221,328,329,330,331,332,334,335,336,337,338,339,340,345,:
334:221,329,330,331,332,333,335,336,338,339,340,341,343,344,345,:
335:329,331,332,333,334,336,338,339,340,341,342,343,344,345,351,352,:
336:226,235,236,329,330,331,332,333,334,335,337,338,339,:
337:226,232,235,236,237,238,244,245,246,247,248,329,330,331,332,333,336,:
338:218,219,221,331,332,333,334,335,336,339,340,341,342,343,344,345,:
339:1,21,218,219,220,221,331,333,334,335,336,338,340,341,343,344,345,:
340:218,221,333,334,335,338,339,341,342,343,344,345,346,:
341:334,335,338,339,340,342,343,344,345,346,347,348,349,:
342:335,338,340,341,343,344,345,346,347,348,:
343:51,52,200,201,218,334,335,338,339,340,341,342,344,345,:
344:334,335,338,339,340,341,342,343,345,346,347,348,349,350,351,352,:
345:331,333,334,335,338,339,340,341,342,343,344,346,347,348,349,350,360,:
346:340,341,342,344,345,347,348,349,350,351,352,:
347:341,342,344,345,346,348,349,350,357,:
348:341,342,344,345,346,347,349,356,357,358,359,360,:
349:341,344,345,346,347,348,350,351,352,353,355,:
350:344,345,346,347,349,351,352,353,354,355,:
351:332,335,344,346,349,350,352,353,354,355,:
352:332,335,344,346,349,350,351,353,354,355,:
353:328,332,349,350,351,352,354,355,:
354:328,332,350,351,352,353,355,:
355:322,328,349,350,351,352,353,354,:
356:348,357,358,359,360,361,362,363,369,375,:
357:347,348,356,358,359,360,361,362,369,375,:
358:192,348,356,357,359,360,361,362,363,369,370,375,:
359:192,193,348,356,357,358,360,361,362,369,370,371,372,373,374,375,:
360:192,193,221,345,348,356,357,358,359,361,369,370,371,372,375,:
361:192,319,322,356,357,358,359,360,362,363,364,369,:
362:356,357,358,359,361,363,364,365,:
363:189,191,192,324,325,356,358,361,362,364,365,366,367,368,:
364:325,361,362,363,365,366,367,368,:
365:187,189,325,362,363,364,366,367,368,:
366:187,189,324,325,363,364,365,367,368,:
367:180,182,186,187,189,363,364,365,366,368,:
368:363,364,365,366,367,:
369:192,193,356,357,358,359,360,361,370,371,372,373,374,375,376,:
370:358,359,360,369,371,372,373,374,375,376,377,378,:
371:192,193,359,360,369,370,372,373,374,375,376,377,378,379,380,:
372:190,191,192,193,359,360,369,370,371,373,374,375,376,377,378,379,380,381,382,:
373:198,359,369,370,371,372,374,375,376,377,:
374:359,369,370,371,372,373,375,:
375:190,356,357,358,359,360,369,370,371,372,373,374,:
376:24,195,198,220,369,370,371,372,373,377,378,379,380,381,382,:
377:24,195,197,198,219,220,370,371,372,373,376,378,379,380,:
378:2,21,24,195,198,220,301,370,371,372,376,377,379,380,381,382,383,399,:
379:195,301,371,372,376,377,378,380,381,382,383,384,385,386,388,397,399,:
380:194,195,198,371,372,376,377,378,379,381,382,383,384,386,388,397,399,:
381:298,300,301,372,376,378,379,380,382,383,384,385,386,387,388,389,390,397,399,:
382:297,298,300,301,313,315,372,376,378,379,380,381,383,384,385,386,388,:
383:298,301,378,379,380,381,382,384,385,386,387,388,389,390,391,397,:
384:290,298,301,379,380,381,382,383,385,386,387,388,389,390,391,392,394,395,397,:
385:289,290,291,292,294,297,298,301,379,381,382,383,384,386,387,389,390,391,394,395,396,397,:
386:298,301,304,305,306,308,379,380,381,382,383,384,385,387,388,389,390,:
387:306,307,308,381,383,384,385,386,388,389,390,:
388:188,190,193,308,379,380,381,382,383,384,386,387,:
389:381,383,384,385,386,387,390,391,392,393,394,395,396,397,:
390:381,383,384,385,386,387,389,391,392,393,394,395,397,:
391:290,383,384,385,389,390,392,393,394,395,396,397,:
392:384,389,390,391,393,394,395,:
393:389,390,391,392,394,:
394:384,385,389,390,391,392,393,395,396,397,398,399,:
395:384,385,389,390,391,392,394,396,397,398,399,400,:
396:281,283,290,385,389,391,394,395,397,398,399,400,401,:
397:194,195,199,379,380,381,383,384,385,389,390,391,394,395,396,398,399,400,401,402,:
398:228,229,283,288,394,395,396,397,399,400,401,402,:
399:194,195,198,199,378,379,380,381,394,395,396,397,398,400,401,402,:
400:228,229,395,396,397,398,399,401,402,:
401:23,24,170,220,222,223,227,228,229,396,397,398,399,400,402,:
402:168,170,198,223,228,229,397,398,399,400,401,:
