1:4,5,6,7,8,11,12,15,27,41,57,58,63,64,65,67,72,78,89,239,240,242,243,247,533,534,536,537,541,:
2:3,4,8,9,10,11,13,55,56,59,60,61,65,66,71,134,135,136,146,147,148,149,150,151,152,153,156,428,429,430,:
3:2,5,8,9,10,11,20,55,56,60,61,62,72,73,74,134,135,136,428,429,430,440,441,442,443,444,445,446,447,:
4:1,2,5,6,7,8,9,10,11,12,13,14,15,19,20,27,28,32,57,58,59,60,61,63,65,66,67,72,79,82,243,:
5:1,3,4,6,7,8,9,10,11,12,13,20,21,22,26,41,42,46,57,60,61,62,63,64,65,67,72,73,78,86,89,243,537,:
6:1,4,5,7,8,9,10,11,12,13,14,15,20,21,27,32,41,46,57,58,59,60,61,62,63,64,65,67,72,78,82,89,243,537,:
7:1,4,5,6,8,9,13,14,15,19,27,28,29,31,32,57,58,59,60,65,67,72,79,82,236,239,243,:
8:1,2,3,4,5,6,7,9,10,11,13,14,15,19,20,27,28,32,55,56,57,58,59,60,61,65,66,67,71,72,82,89,:
9:2,3,4,5,6,7,8,10,11,13,14,20,27,32,55,56,59,60,61,62,65,66,72,73,82,134,135,136,429,430,:
10:2,3,4,5,6,8,9,11,12,13,20,21,41,46,55,56,59,60,61,62,65,66,72,73,74,89,135,136,428,429,430,:
11:1,2,3,4,5,6,8,9,10,12,13,20,21,22,26,41,46,55,56,60,61,62,63,64,65,72,73,74,78,89,:
12:1,4,5,6,10,11,20,21,22,26,41,42,43,45,46,61,62,63,64,65,72,86,89,533,537,:
13:2,4,5,6,7,8,9,10,11,14,15,16,18,19,55,58,59,60,61,65,66,67,71,89,430,:
14:4,6,7,8,9,13,15,16,17,18,19,58,59,65,66,67,68,69,70,71,:
15:1,4,6,7,8,13,14,16,17,18,19,58,59,65,66,67,68,69,70,71,89,242,243,248,:
16:13,14,15,17,18,19,58,67,68,69,70,71,239,240,241,242,243,:
17:14,15,16,18,19,58,67,68,69,70,71,79,:
18:13,14,15,16,17,19,58,59,67,68,69,70,71,79,400,:
19:4,7,8,13,14,15,16,17,18,58,59,65,66,67,68,69,70,71,79,150,400,:
20:3,4,5,6,8,9,10,11,12,21,22,23,25,26,56,60,61,62,64,72,73,74,78,82,136,:
21:5,6,10,11,12,20,22,23,24,25,26,62,64,72,73,74,75,76,77,78,:
22:5,11,12,20,21,23,24,25,26,62,64,72,73,74,75,76,77,78,86,106,444,:
23:20,21,22,24,25,26,62,64,74,75,76,77,78,86,:
24:21,22,23,25,26,64,74,75,76,77,78,:
25:20,21,22,23,24,26,64,72,74,75,76,77,78,311,312,313,536,537,542,:
26:5,11,12,20,21,22,23,24,25,62,64,72,73,74,75,76,77,78,536,537,542,:
27:1,4,6,7,8,9,28,29,30,31,32,33,57,58,59,60,72,79,80,81,82,83,236,:
28:4,7,8,27,29,30,31,32,33,34,35,57,58,59,79,80,81,82,83,236,:
29:7,27,28,30,31,32,33,34,35,37,58,79,80,81,82,83,158,167,236,:
30:27,28,29,31,32,33,34,35,79,80,81,82,83,156,158,167,170,191,:
31:7,27,28,29,30,32,33,60,79,80,81,82,156,191,344,544,:
32:4,6,7,8,9,27,28,29,30,31,57,58,59,60,72,79,80,81,82,156,544,:
33:27,28,29,30,31,34,35,36,37,39,79,80,83,157,158,167,:
34:28,29,30,33,35,37,39,79,80,83,157,158,159,160,162,166,167,168,171,172,174,:
35:28,29,30,33,34,36,37,38,39,40,79,80,83,228,233,236,:
36:33,35,37,38,39,40,83,84,85,225,226,228,232,233,236,:
37:29,33,34,35,36,38,39,40,79,83,84,85,228,230,232,233,236,:
38:35,36,37,39,40,84,85,233,:
39:33,34,35,36,37,38,40,83,84,85,165,174,:
40:35,36,37,38,39,84,85,213,:
41:1,5,6,10,11,12,42,43,44,45,46,47,61,62,63,64,65,86,87,88,89,90,:
42:5,12,41,43,44,45,46,47,48,49,62,63,64,86,87,88,89,90,530,:
43:12,41,42,44,45,46,47,48,49,51,64,86,87,88,89,90,452,461,:
44:41,42,43,45,46,47,48,49,86,87,88,89,90,450,461,464,484,:
45:12,41,42,43,44,46,47,61,86,87,88,89,250,450,484,637,:
46:5,6,10,11,12,41,42,43,44,45,61,62,63,64,65,86,87,88,89,250,:
47:41,42,43,44,45,48,49,50,51,53,86,87,90,451,452,461,:
48:42,43,44,47,49,51,53,86,87,90,451,452,453,454,456,460,461,462,464,465,466,468,:
49:42,43,44,47,48,50,51,52,53,54,86,87,90,452,524,525,527,530,:
50:47,49,51,52,53,54,90,91,92,525,526,527,528,530,:
51:43,47,48,49,50,52,53,54,86,90,91,92,525,527,530,:
52:49,50,51,53,54,91,92,525,526,527,:
53:47,48,49,50,51,52,54,90,91,92,459,468,506,525,:
54:49,50,51,52,53,91,92,506,525,:
55:2,3,8,9,10,11,13,56,59,60,61,66,73,134,135,136,146,147,148,149,150,151,152,156,428,429,430,441,:
56:2,3,8,9,10,11,20,55,60,61,62,73,134,135,136,147,428,429,430,440,441,442,443,444,445,446,:
57:1,4,5,6,7,8,27,28,32,58,59,72,79,82,236,237,239,240,242,243,537,541,543,:
58:1,4,6,7,8,13,14,15,16,17,18,19,27,28,29,32,57,59,65,67,68,71,79,82,236,239,240,242,243,:
59:2,4,6,7,8,9,10,13,14,15,18,19,27,28,32,55,57,58,60,61,65,66,71,72,79,82,149,150,153,:
60:2,3,4,5,6,7,8,9,10,11,13,20,27,31,32,55,56,59,61,62,65,66,72,73,82,134,135,136,156,:
61:2,3,4,5,6,8,9,10,11,12,13,20,41,45,46,55,56,59,60,62,65,66,72,73,89,428,429,430,450,:
62:3,5,6,9,10,11,12,20,21,22,23,26,41,42,46,56,60,61,63,64,65,72,73,74,86,89,444,:
63:1,4,5,6,11,12,41,42,46,62,64,67,86,89,242,243,247,249,530,531,533,534,536,537,:
64:1,5,6,11,12,20,21,22,23,24,25,26,41,42,43,46,62,63,72,74,78,86,89,90,530,533,534,536,537,:
65:1,2,4,5,6,7,8,9,10,11,12,13,14,15,19,41,46,58,59,60,61,62,66,67,71,89,430,638,:
66:2,4,8,9,10,13,14,15,19,55,59,60,61,65,67,71,89,150,428,430,638,:
67:1,4,5,6,7,8,13,14,15,16,17,18,19,58,63,65,66,68,89,240,242,243,244,247,248,250,:
68:14,15,16,17,18,19,58,67,69,239,240,241,242,243,244,248,606,607,:
69:14,15,16,17,18,19,68,70,605,606,:
70:14,15,16,17,18,19,69,71,79,398,400,401,403,:
71:2,8,13,14,15,16,17,18,19,58,59,65,66,70,79,149,150,400,:
72:1,3,4,5,6,7,8,9,10,11,12,20,21,22,25,26,27,32,57,59,60,61,62,64,73,74,78,82,136,537,:
73:3,5,9,10,11,20,21,22,26,55,56,60,61,62,72,74,78,82,134,136,444,:
74:3,10,11,20,21,22,23,24,25,26,62,64,72,73,75,86,104,106,443,444,:
75:21,22,23,24,25,26,74,76,86,104,105,106,:
76:21,22,23,24,25,26,75,77,311,312,:
77:21,22,23,24,25,26,76,78,307,311,312,313,315,534,536,537,538,542,:
78:1,5,6,11,20,21,22,23,24,25,26,64,72,73,77,82,536,537,538,541,542,544,:
79:4,7,17,18,19,27,28,29,30,31,32,33,34,35,37,57,58,59,70,71,83,235,236,:
80:27,28,29,30,31,32,33,34,35,81,156,158,166,167,168,169,170,171,191,:
81:27,28,29,30,31,32,80,82,156,170,191,342,343,344,544,:
82:4,6,7,8,9,20,27,28,29,30,31,32,57,58,59,60,72,73,78,81,542,544,:
83:27,28,29,30,33,34,35,36,37,39,79,228,232,233,234,235,236,:
84:36,37,38,39,40,85,233,:
85:36,37,38,39,40,84,210,211,213,:
86:5,12,22,23,41,42,43,44,45,46,47,48,49,51,62,63,64,74,75,90,529,530,533,:
87:41,42,43,44,45,46,47,48,49,88,450,460,461,462,463,464,465,484,:
88:41,42,43,44,45,46,87,89,250,450,464,484,636,637,638,:
89:1,5,6,8,10,11,12,13,15,41,42,43,44,45,46,61,62,63,64,65,66,67,88,250,:
90:41,42,43,44,47,48,49,50,51,53,64,86,524,526,527,529,530,:
91:50,51,52,53,54,92,526,527,:
92:50,51,52,53,54,91,504,506,507,:
93:94,95,96,97,98,99,101,102,663,664,667,:
94:93,95,96,97,98,99,102,663,667,669,:
95:93,94,96,97,98,99,100,101,102,:
96:93,94,95,97,98,99,102,:
97:93,94,95,96,98,:
98:93,94,95,96,97,99,100,101,102,117,:
99:93,94,95,96,98,100,101,102,103,105,:
100:95,98,99,101,102,103,104,105,106,107,108,117,458,668,:
101:93,95,98,99,100,102,103,104,105,106,107,108,109,117,458,661,662,663,667,668,:
102:93,94,95,96,98,99,100,101,103,104,105,107,108,109,458,660,661,662,663,667,668,669,:
103:99,100,101,102,104,105,106,107,108,109,443,444,457,458,661,662,668,:
104:74,75,100,101,102,103,105,106,107,108,109,118,443,444,452,457,458,459,662,:
105:75,99,100,101,102,103,104,106,107,109,118,444,457,458,459,:
106:22,74,75,100,101,103,104,105,107,108,109,118,442,443,444,445,447,448,451,452,457,458,:
107:100,101,102,103,104,105,106,108,109,434,435,442,443,444,445,446,447,448,449,451,458,659,660,661,662,668,:
108:100,101,102,103,104,106,107,109,434,435,442,443,445,458,659,660,661,662,663,667,668,:
109:101,102,103,104,105,106,107,108,434,435,440,442,443,444,445,446,447,448,449,451,452,458,660,661,662,:
110:111,112,113,114,115,116,119,120,324,330,346,:
111:110,112,113,114,115,116,322,324,329,330,337,339,346,:
112:110,111,113,114,115,116,117,118,119,120,121,330,346,:
113:110,111,112,114,115,116,119,120,121,122,123,124,128,129,346,:
114:110,111,112,113,115,116,119,120,121,122,128,129,133,339,340,345,346,347,349,350,351,:
115:110,111,112,113,114,116,117,118,119,120,322,330,:
116:110,111,112,113,114,115,117,118,119,120,:
117:98,100,101,112,115,116,118,:
118:104,105,106,112,115,116,117,442,444,:
119:110,112,113,114,115,116,120,121,122,123,124,125,127,128,129,346,:
120:110,112,113,114,115,116,119,121,122,123,124,125,126,127,:
121:112,113,114,119,120,122,123,124,125,126,127,128,129,130,346,349,:
122:113,114,119,120,121,123,124,125,128,129,130,131,133,137,138,349,437,438,:
123:113,119,120,121,122,124,128,129,130,131,133,137,138,436,437,438,:
124:113,119,120,121,122,123,125,126,127,128,129,:
125:119,120,121,122,124,126,127,:
126:120,121,124,125,127,:
127:119,120,121,124,125,126,:
128:113,114,119,121,122,123,124,129,130,131,132,133,134,137,138,346,348,349,438,:
129:113,114,119,121,122,123,124,128,130,131,132,133,137,345,346,347,348,349,350,:
130:121,122,123,128,129,131,132,133,134,135,136,137,138,139,147,349,437,438,441,:
131:122,123,128,129,130,132,133,134,135,137,138,139,140,142,146,147,152,349,437,438,:
132:128,129,130,131,133,134,135,137,138,139,140,141,146,147,151,152,153,155,156,349,356,:
133:114,122,123,128,129,130,131,132,134,135,136,137,138,152,349,:
134:2,3,9,55,56,60,73,128,130,131,132,133,135,136,137,147,152,156,429,440,441,442,:
135:2,3,9,10,55,56,60,130,131,132,133,134,136,137,138,146,147,148,151,152,156,429,440,441,442,:
136:2,3,9,10,20,55,56,60,72,73,130,133,134,135,156,342,442,:
137:122,123,128,129,130,131,132,133,134,135,138,139,140,141,142,143,144,145,146,147,152,432,437,438,441,:
138:122,123,128,130,131,132,133,135,137,139,140,142,143,144,145,146,147,431,432,433,436,437,438,439,440,441,:
139:130,131,132,137,138,140,141,142,143,144,145,146,147,148,152,432,:
140:131,132,137,138,139,141,142,143,144,145,146,147,148,149,151,152,417,:
141:132,137,139,140,142,143,144,146,147,148,149,151,152,365,366,368,:
142:131,137,138,139,140,141,143,144,145,146,147,417,432,437,:
143:137,138,139,140,141,142,144,145,146,147,416,417,422,424,425,431,432,436,437,439,:
144:137,138,139,140,141,142,143,145,146,147,148,416,417,422,424,425,431,432,:
145:137,138,139,140,142,143,144,432,437,439,:
146:2,55,131,132,135,137,138,139,140,141,142,143,144,147,148,149,150,151,152,417,429,:
147:2,55,56,130,131,132,134,135,137,138,139,140,141,142,143,144,146,148,149,151,152,424,428,429,432,441,:
148:2,55,135,139,140,141,144,146,147,149,150,151,152,153,412,429,:
149:2,55,59,71,140,141,146,147,148,150,151,152,153,154,155,156,157,158,:
150:2,19,55,59,66,71,146,148,149,151,152,153,154,157,158,412,:
151:2,55,132,135,140,141,146,147,148,149,150,152,153,154,155,156,157,158,:
152:2,55,131,132,133,134,135,137,139,140,141,146,147,148,149,150,151,153,154,155,156,360,:
153:2,59,132,148,149,150,151,152,154,155,156,157,158,159,167,:
154:149,150,151,152,153,155,156,157,158,159,160,161,162,166,167,359,360,:
155:132,149,151,152,153,154,156,157,158,159,160,161,166,167,356,357,359,360,361,364,365,368,:
156:2,30,31,32,55,60,80,81,132,134,135,136,149,151,152,153,154,155,157,158,167,170,356,:
157:33,34,149,150,151,153,154,155,156,158,159,160,161,162,163,164,165,166,167,360,:
158:29,30,33,34,80,149,150,151,153,154,155,156,157,159,160,162,163,164,165,166,167,:
159:34,153,154,155,157,158,160,161,162,163,164,165,166,167,168,360,368,374,:
160:34,154,155,157,158,159,161,162,163,166,167,168,169,170,171,172,173,359,360,377,:
161:154,155,157,159,160,162,166,167,168,169,171,173,359,360,376,377,381,383,:
162:34,154,157,158,159,160,161,163,164,165,166,167,374,:
163:157,158,159,160,162,164,165,373,374,375,395,396,397,401,402,:
164:157,158,159,162,163,165,367,368,369,373,374,375,393,395,396,397,401,402,:
165:39,157,158,159,162,163,164,374,395,396,397,401,402,403,:
166:34,80,154,155,157,158,159,160,161,162,167,168,169,170,171,172,173,174,175,176,:
167:29,30,33,34,80,153,154,155,156,157,158,159,160,161,162,166,168,169,170,171,172,173,:
168:34,80,159,160,161,166,167,169,170,171,172,173,174,175,176,177,383,:
169:80,160,161,166,167,168,170,171,172,175,176,177,178,179,180,181,182,184,355,383,:
170:30,80,81,156,160,166,167,168,169,171,175,176,177,178,182,184,185,354,355,356,:
171:34,80,160,161,166,167,168,169,170,172,173,174,175,176,290,:
172:34,160,166,167,168,169,171,173,174,213,:
173:160,161,166,167,168,171,172,174,:
174:34,39,166,168,171,172,173,209,210,213,290,:
175:166,168,169,170,171,176,177,178,179,180,181,182,183,184,185,355,383,385,:
176:166,168,169,170,171,175,177,178,179,180,181,182,355,382,383,384,385,:
177:168,169,170,175,176,178,179,180,181,182,183,184,185,186,341,354,355,:
178:169,170,175,176,177,179,180,181,182,183,184,185,186,187,188,189,191,283,341,:
179:169,175,176,177,178,180,183,184,185,186,187,189,191,282,283,284,286,287,:
180:169,175,176,177,178,179,181,182,183,184,185,341,355,383,385,:
181:169,175,176,177,178,180,182,183,347,348,354,355,382,383,385,:
182:169,170,175,176,177,178,180,181,183,354,355,356,357,358,377,382,383,384,385,:
183:175,177,178,179,180,181,182,184,185,341,355,:
184:169,170,175,177,178,179,180,183,185,186,187,188,189,190,191,192,193,283,338,341,344,:
185:170,175,177,178,179,180,183,184,186,187,188,189,191,192,337,338,339,340,341,342,344,:
186:177,178,179,184,185,187,188,189,190,191,192,193,194,283,286,338,:
187:178,179,184,185,186,188,189,190,191,192,193,194,195,196,197,198,286,338,341,:
188:178,184,185,186,187,189,190,192,193,194,195,197,198,200,305,318,328,329,337,338,339,340,341,:
189:178,179,184,185,186,187,188,190,191,192,193,:
190:184,186,187,188,189,191,192,193,286,303,306,:
191:30,31,80,81,178,179,184,185,186,187,189,190,231,:
192:184,185,186,187,188,189,190,193,194,195,196,197,198,200,285,286,:
193:184,186,187,188,189,190,192,194,195,196,197,198,283,285,286,:
194:186,187,188,192,193,195,196,197,198,199,200,286,333,:
195:187,188,192,193,194,196,197,198,306,333,:
196:187,192,193,194,195,197,286,299,306,:
197:187,188,192,193,194,195,196,198,199,200,286,:
198:187,188,192,193,194,195,197,199,200,:
199:194,197,198,200,:
200:188,192,194,197,198,199,:
201:202,203,204,205,206,207,214,215,:
202:201,203,204,205,206,207,214,:
203:201,202,204,205,206,207,208,214,215,216,:
204:201,202,203,205,206,207,214,215,216,217,218,219,220,:
205:201,202,203,204,206,207,214,215,216,217,219,220,277,:
206:201,202,203,204,205,207,208,209,214,215,:
207:201,202,203,204,205,206,208,209,210,214,215,:
208:203,206,207,209,210,211,212,213,:
209:174,206,207,208,210,211,212,213,230,:
210:85,174,207,208,209,211,212,213,:
211:85,208,209,210,212,213,:
212:208,209,210,211,213,:
213:40,85,172,174,208,209,210,211,212,:
214:201,202,203,204,205,206,207,215,216,217,218,219,220,223,224,:
215:201,203,204,205,206,207,214,216,217,218,219,220,:
216:203,204,205,214,215,217,218,219,220,223,224,225,277,:
217:204,205,214,215,216,218,219,220,223,224,225,226,227,228,230,277,:
218:204,214,215,216,217,219,223,224,225,226,228,230,:
219:204,205,214,215,216,217,218,220,221,222,223,224,277,:
220:204,205,214,215,216,217,219,221,222,277,:
221:219,220,222,:
222:219,220,221,:
223:214,216,217,218,219,224,225,226,227,228,229,230,232,233,274,277,:
224:214,216,217,218,219,223,225,226,227,228,229,230,232,273,274,275,276,277,279,:
225:36,216,217,218,223,224,226,227,228,229,230,231,232,233,234,274,:
226:36,217,218,223,224,225,227,228,229,230,232,233,234,235,236,269,274,:
227:217,223,224,225,226,228,229,232,233,234,235,263,264,266,267,269,273,274,277,:
228:35,36,37,83,217,218,223,224,225,226,227,229,230,231,232,233,:
229:223,224,225,226,227,228,230,231,232,274,279,:
230:37,209,217,218,223,224,225,226,228,229,231,290,:
231:191,225,228,229,230,:
232:36,37,83,223,224,225,226,227,228,229,233,234,235,236,237,238,:
233:35,36,37,38,83,84,223,225,226,227,228,232,234,235,236,:
234:83,225,226,227,232,233,235,236,237,238,239,260,:
235:79,83,226,227,232,233,234,236,237,238,239,240,241,260,:
236:7,27,28,29,35,36,37,57,58,79,83,226,232,233,234,235,237,238,239,:
237:57,232,234,235,236,238,239,240,241,242,243,257,259,260,540,:
238:232,234,235,236,237,239,240,241,242,256,257,258,259,260,261,540,:
239:1,7,16,57,58,68,234,235,236,237,238,240,241,242,243,244,257,260,540,:
240:1,16,57,58,67,68,235,237,238,239,241,242,243,244,245,246,247,251,252,257,260,540,:
241:16,68,235,237,238,239,240,242,243,244,245,246,247,251,252,256,257,260,:
242:1,15,16,57,58,63,67,68,237,238,239,240,241,243,244,245,246,247,248,249,251,252,257,540,:
243:1,4,5,6,7,15,16,57,58,63,67,68,237,239,240,241,242,244,245,246,247,248,249,536,537,540,:
244:67,68,239,240,241,242,243,245,246,247,248,249,250,251,252,253,257,:
245:240,241,242,243,244,246,247,248,249,251,252,253,254,256,257,540,:
246:240,241,242,243,244,245,247,249,251,252,253,254,256,257,531,532,533,534,535,536,537,539,540,550,551,554,:
247:1,63,67,240,241,242,243,244,245,246,248,249,250,251,252,:
248:15,67,68,242,243,244,245,247,249,250,598,599,:
249:63,242,243,244,245,246,247,248,250,251,252,573,575,:
250:45,46,67,88,89,244,247,248,249,484,597,598,599,:
251:240,241,242,244,245,246,247,249,252,253,254,255,256,257,574,:
252:240,241,242,244,245,246,247,249,251,253,254,255,256,257,574,:
253:244,245,246,251,252,254,255,256,257,258,548,550,551,552,553,554,574,:
254:245,246,251,252,253,255,256,257,258,259,260,547,548,549,550,:
255:251,252,253,254,256,257,258,259,548,549,550,:
256:238,241,245,246,251,252,253,254,255,257,258,259,260,261,262,540,547,548,:
257:237,238,239,240,241,242,244,245,246,251,252,253,254,255,256,258,259,260,540,:
258:238,253,254,255,256,257,259,260,261,262,263,:
259:237,238,254,255,256,257,258,260,261,262,263,264,265,266,268,547,:
260:234,235,237,238,239,240,241,254,256,257,258,259,261,262,263,264,268,540,:
261:238,256,258,259,260,262,263,264,265,266,267,268,273,274,:
262:256,258,259,260,261,263,264,265,266,267,268,:
263:227,258,259,260,261,262,264,265,266,267,268,269,273,274,275,:
264:227,259,260,261,262,263,265,266,267,273,274,275,276,277,278,280,:
265:259,261,262,263,264,266,273,274,275,278,280,:
266:227,259,261,262,263,264,265,267,268,269,270,271,273,274,:
267:227,261,262,263,264,266,268,269,270,271,272,274,:
268:259,260,261,262,263,266,267,269,270,271,272,:
269:226,227,263,266,267,268,270,271,272,:
270:266,267,268,269,271,272,:
271:266,267,268,269,270,272,:
272:267,268,269,270,271,:
273:224,227,261,263,264,265,266,274,275,276,277,278,279,280,:
274:223,224,225,226,227,229,261,263,264,265,266,267,273,275,276,277,278,279,280,:
275:224,263,264,265,273,274,276,277,278,279,280,281,:
276:224,264,273,274,275,277,278,279,280,:
277:205,216,217,219,220,223,224,227,264,273,274,275,276,278,279,:
278:264,265,273,274,275,276,277,279,280,281,:
279:224,229,273,274,275,276,277,278,280,281,:
280:264,265,273,274,275,276,278,279,281,545,546,547,:
281:275,278,279,280,293,294,543,:
282:179,283,284,285,286,287,288,289,:
283:178,179,184,186,193,282,284,285,286,287,288,289,:
284:179,282,283,285,286,287,288,289,290,:
285:192,193,282,283,284,286,287,288,:
286:179,186,187,190,192,193,194,196,197,282,283,284,285,287,:
287:179,282,283,284,285,286,288,289,290,:
288:282,283,284,285,287,289,290,:
289:282,283,284,287,288,290,:
290:171,174,230,284,287,288,289,:
291:292,293,294,295,296,297,298,299,:
292:291,293,294,295,296,297,298,299,300,:
293:281,291,292,294,295,296,297,298,299,300,301,302,303,:
294:281,291,292,293,295,296,298,299,300,301,302,303,307,:
295:291,292,293,294,296,297,298,:
296:291,292,293,294,295,297,:
297:291,292,293,295,296,:
298:291,292,293,294,295,299,300,301,302,303,304,306,307,:
299:196,291,292,293,294,298,300,301,302,303,304,306,:
300:292,293,294,298,299,301,302,303,304,305,306,307,308,313,315,:
301:293,294,298,299,300,302,303,304,305,306,307,308,309,311,312,313,314,315,:
302:293,294,298,299,300,301,303,304,306,307,308,309,313,314,315,:
303:190,293,294,298,299,300,301,302,304,305,306,307,313,315,318,544,:
304:298,299,300,301,302,303,305,306,307,313,314,315,317,318,542,544,:
305:188,300,301,303,304,306,307,314,315,317,318,338,343,542,544,:
306:190,195,196,298,299,300,301,302,303,304,305,315,318,:
307:77,294,298,300,301,302,303,304,305,308,309,310,311,312,313,314,315,:
308:300,301,302,307,309,310,311,312,313,314,315,316,:
309:301,302,307,308,310,311,312,313,314,315,316,317,319,:
310:307,308,309,311,314,315,316,319,320,321,:
311:25,76,77,301,307,308,309,310,312,313,314,315,:
312:25,76,77,301,307,308,309,311,313,315,:
313:25,77,300,301,302,303,304,307,308,309,311,312,314,315,542,:
314:301,302,304,305,307,308,309,310,311,313,315,316,317,318,319,320,326,327,:
315:77,300,301,302,303,304,305,306,307,308,309,310,311,312,313,314,316,317,318,319,326,:
316:308,309,310,314,315,317,318,319,320,321,322,326,327,328,:
317:304,305,309,314,315,316,318,319,320,321,322,326,327,328,329,330,331,337,338,:
318:188,303,304,305,306,314,315,316,317,319,326,327,328,329,330,337,338,343,:
319:309,310,314,315,316,317,318,320,321,322,323,324,326,327,:
320:310,314,316,317,319,321,322,323,324,325,326,327,:
321:310,316,317,319,320,322,323,324,325,326,327,:
322:111,115,316,317,319,320,321,323,324,325,326,327,330,:
323:319,320,321,322,324,325,327,:
324:110,111,319,320,321,322,323,325,327,330,:
325:320,321,322,323,324,327,:
326:314,315,316,317,318,319,320,321,322,327,328,329,330,331,332,333,334,336,337,338,:
327:314,316,317,318,319,320,321,322,323,324,325,326,328,329,330,331,332,333,334,336,:
328:188,316,317,318,326,327,329,330,331,332,333,334,336,337,338,339,:
329:111,188,317,318,326,327,328,330,331,332,337,338,339,340,341,342,343,:
330:110,111,112,115,317,318,322,324,326,327,328,329,331,337,338,339,340,342,343,:
331:317,326,327,328,329,330,332,333,334,335,336,337,338,:
332:326,327,328,329,331,333,334,335,336,:
333:194,195,326,327,328,331,332,334,335,336,:
334:326,327,328,331,332,333,335,336,:
335:331,332,333,334,336,:
336:326,327,328,331,332,333,334,335,:
337:111,185,188,317,318,326,328,329,330,331,338,339,340,341,342,343,344,345,346,:
338:184,185,186,187,188,305,317,318,326,328,329,330,331,337,339,340,341,342,343,344,:
339:111,114,185,188,328,329,330,337,338,340,341,342,343,344,345,346,347,:
340:114,185,188,329,330,337,338,339,341,342,343,344,345,346,347,348,349,350,351,354,355,:
341:177,178,180,183,184,185,187,188,329,337,338,339,340,342,344,345,346,347,348,354,355,:
342:81,136,185,329,330,337,338,339,340,341,343,344,345,346,:
343:81,305,318,329,330,337,338,339,340,342,344,:
344:31,81,184,185,337,338,339,340,341,342,343,345,:
345:114,129,337,339,340,341,342,344,346,347,348,349,350,351,352,353,354,355,:
346:110,111,112,113,114,119,121,128,129,337,339,340,341,342,345,347,348,349,350,351,:
347:114,129,181,339,340,341,345,346,348,349,350,351,352,353,354,355,356,:
348:128,129,181,340,341,345,346,347,349,350,351,352,354,355,356,357,358,:
349:114,121,122,128,129,130,131,132,133,340,345,346,347,348,350,352,354,355,356,357,358,:
350:114,129,340,345,346,347,348,349,351,352,353,354,355,:
351:114,340,345,346,347,348,350,352,353,:
352:345,347,348,349,350,351,353,354,355,:
353:345,347,350,351,352,:
354:170,177,181,182,340,341,345,347,348,349,350,352,355,356,357,358,359,360,:
355:169,170,175,176,177,180,181,182,183,340,341,345,347,348,349,350,352,354,356,357,358,383,:
356:132,155,156,170,182,347,348,349,354,355,357,358,359,360,361,377,:
357:155,182,348,349,354,355,356,358,359,360,361,362,364,376,377,383,:
358:182,348,349,354,355,356,357,359,360,361,362,363,376,377,378,379,383,:
359:154,155,160,161,354,356,357,358,360,361,362,363,364,365,376,377,:
360:152,154,155,157,159,160,161,354,356,357,358,359,361,362,364,365,376,377,:
361:155,356,357,358,359,360,362,363,364,365,366,376,377,378,:
362:357,358,359,360,361,363,364,365,376,377,378,379,380,381,:
363:358,359,361,362,364,376,377,378,379,380,:
364:155,357,359,360,361,362,363,365,366,367,368,369,370,371,376,377,:
365:141,155,359,360,361,362,364,366,367,368,369,370,371,:
366:141,361,364,365,367,368,369,370,371,372,373,374,:
367:164,364,365,366,368,369,370,371,372,373,374,375,389,:
368:141,155,159,164,364,365,366,367,369,370,371,373,374,375,393,:
369:164,364,365,366,367,368,370,371,372,373,374,375,387,388,:
370:364,365,366,367,368,369,371,372,373,374,375,387,:
371:364,365,366,367,368,369,370,372,373,375,:
372:366,367,369,370,371,373,374,375,:
373:163,164,366,367,368,369,370,371,372,374,375,388,393,:
374:159,162,163,164,165,366,367,368,369,370,372,373,375,393,395,396,:
375:163,164,367,368,369,370,371,372,373,374,388,:
376:161,357,358,359,360,361,362,363,364,377,378,379,380,381,382,383,:
377:160,161,182,356,357,358,359,360,361,362,363,364,376,378,379,381,382,383,:
378:358,361,362,363,376,377,379,380,381,382,383,384,386,:
379:358,362,363,376,377,378,380,381,382,383,384,:
380:362,363,376,378,379,381,382,:
381:161,362,376,377,378,379,380,382,383,384,385,386,:
382:176,181,182,376,377,378,379,380,381,383,384,385,386,:
383:161,168,169,175,176,180,181,182,355,357,358,376,377,378,379,381,382,384,385,386,:
384:176,182,378,379,381,382,383,385,386,:
385:175,176,180,181,182,381,382,383,384,386,:
386:378,381,382,383,384,385,:
387:369,370,388,389,390,391,392,393,:
388:369,373,375,387,389,390,391,392,393,:
389:367,387,388,390,391,392,393,394,:
390:387,388,389,391,392,393,:
391:387,388,389,390,392,:
392:387,388,389,390,391,393,394,395,411,:
393:164,368,373,374,387,388,389,390,392,394,395,396,397,398,399,:
394:389,392,393,395,396,397,398,399,400,401,402,:
395:163,164,165,374,392,393,394,396,397,398,399,400,401,402,403,:
396:163,164,165,374,393,394,395,397,398,399,401,402,403,:
397:163,164,165,393,394,395,396,398,399,400,401,402,403,:
398:70,393,394,395,396,397,399,400,401,402,403,412,:
399:393,394,395,396,397,398,400,401,403,410,411,412,:
400:18,19,70,71,394,395,397,398,399,401,402,403,412,:
401:70,163,164,165,394,395,396,397,398,399,400,402,403,:
402:163,164,165,394,395,396,397,398,400,401,403,:
403:70,165,395,396,397,398,399,400,401,402,:
404:405,406,407,408,409,410,413,414,624,640,:
405:404,406,407,408,409,615,617,623,624,631,633,640,:
406:404,405,407,408,409,410,411,412,413,414,415,624,640,:
407:404,405,406,408,409,410,413,414,415,416,417,418,422,423,640,:
408:404,405,406,407,409,413,414,415,416,422,423,633,634,639,640,641,643,644,645,:
409:404,405,406,407,408,410,411,412,413,414,624,:
410:399,404,406,407,409,411,412,413,414,:
411:392,399,406,409,410,412,414,:
412:148,150,398,399,400,406,409,410,411,:
413:404,406,407,408,409,410,414,415,416,417,418,419,421,422,423,640,:
414:404,406,407,408,409,410,411,413,415,416,417,418,419,421,:
415:406,407,408,413,414,416,417,418,419,420,421,422,423,424,640,:
416:143,144,407,408,413,414,415,417,418,419,422,423,424,425,427,432,643,:
417:140,142,143,144,146,407,413,414,415,416,418,422,423,424,425,427,432,:
418:407,413,414,415,416,417,419,420,421,422,423,:
419:413,414,415,416,418,420,421,:
420:415,418,419,421,:
421:413,414,415,418,419,420,:
422:143,144,407,408,413,415,416,417,418,423,424,425,426,427,428,431,432,643,:
423:407,408,413,415,416,417,418,422,424,425,426,427,431,432,640,642,643,:
424:143,144,147,415,416,417,422,423,425,426,427,428,429,430,431,432,433,441,643,:
425:143,144,416,417,422,423,424,426,427,428,429,431,432,433,434,436,440,441,445,446,643,:
426:422,423,424,425,427,428,429,431,432,433,434,435,440,441,445,446,447,449,450,643,650,:
427:416,417,422,423,424,425,426,428,429,430,431,432,441,637,643,:
428:2,3,10,55,56,61,66,147,422,424,425,426,427,429,430,431,441,446,450,637,:
429:2,3,9,10,55,56,61,134,135,146,147,148,424,425,426,427,428,430,431,432,440,441,442,443,445,446,450,:
430:2,3,9,10,13,55,56,61,65,66,424,427,428,429,450,637,638,:
431:138,143,144,422,423,424,425,426,427,428,429,432,433,434,435,436,437,438,439,440,441,446,:
432:137,138,139,142,143,144,145,147,416,417,422,423,424,425,426,427,429,431,433,434,436,437,438,439,440,441,:
433:138,424,425,426,431,432,434,435,436,437,438,439,440,441,442,446,:
434:107,108,109,425,426,431,432,433,435,436,437,438,439,440,441,442,443,445,446,:
435:107,108,109,426,431,433,434,436,437,438,440,441,442,443,445,446,659,660,662,:
436:123,138,143,425,431,432,433,434,435,437,438,439,440,441,:
437:122,123,130,131,137,138,142,143,145,431,432,433,434,435,436,438,439,440,441,:
438:122,123,128,130,131,137,138,431,432,433,434,435,436,437,439,440,441,442,:
439:138,143,145,431,432,433,434,436,437,438,:
440:3,56,109,134,135,138,425,426,429,431,432,433,434,435,436,437,438,441,442,443,444,445,446,:
441:3,55,56,130,134,135,137,138,147,424,425,426,427,428,429,431,432,433,434,435,436,437,438,440,442,443,445,446,:
442:3,56,106,107,108,109,118,134,135,136,429,433,434,435,438,440,441,443,444,445,446,447,:
443:3,56,74,103,104,106,107,108,109,429,434,435,440,441,442,444,445,446,447,448,450,:
444:3,22,56,62,73,74,103,104,105,106,107,109,118,440,442,443,445,446,447,448,450,451,452,:
445:3,56,106,107,108,109,425,426,429,434,435,440,441,442,443,444,446,447,448,449,450,451,452,:
446:3,56,107,109,425,426,428,429,431,433,434,435,440,441,442,443,444,445,447,448,449,450,:
447:3,106,107,109,426,442,443,444,445,446,448,449,450,451,452,453,461,:
448:106,107,109,443,444,445,446,447,449,450,451,452,453,454,455,456,460,461,653,654,:
449:107,109,426,445,446,447,448,450,451,452,453,454,455,460,461,650,651,653,654,655,658,659,662,:
450:44,45,61,87,88,426,428,429,430,443,444,445,446,447,448,449,451,452,461,464,637,650,:
451:47,48,106,107,109,444,445,447,448,449,450,452,453,454,455,456,457,458,459,460,461,654,:
452:43,47,48,49,104,106,109,444,445,447,448,449,450,451,453,454,456,457,458,459,460,461,:
453:48,447,448,449,451,452,454,455,456,457,458,459,460,461,462,654,662,668,:
454:48,448,449,451,452,453,455,456,457,460,461,462,463,464,465,466,467,653,654,671,:
455:448,449,451,453,454,456,460,461,462,463,467,653,654,670,671,675,677,:
456:48,448,451,452,453,454,455,457,458,459,460,461,668,:
457:103,104,105,106,451,452,453,454,456,458,459,667,668,:
458:100,101,102,103,104,105,106,107,108,109,451,452,453,456,457,459,661,662,663,667,668,669,:
459:53,104,105,451,452,453,456,457,458,668,:
460:48,87,448,449,451,452,453,454,455,456,461,462,463,464,465,466,467,469,470,654,:
461:43,44,47,48,87,447,448,449,450,451,452,453,454,455,456,460,462,463,464,465,466,467,:
462:48,87,453,454,455,460,461,463,464,465,466,467,468,469,470,471,677,:
463:87,454,455,460,461,462,464,465,466,469,470,471,472,473,474,475,476,649,650,677,:
464:44,48,87,88,450,454,460,461,462,463,465,469,470,471,472,478,479,648,649,650,:
465:48,87,454,460,461,462,463,464,466,467,468,469,470,583,:
466:48,454,460,461,462,463,465,467,468,470,505,583,:
467:454,455,460,461,462,465,466,468,505,:
468:48,53,462,465,466,467,504,505,506,507,525,583,:
469:460,462,463,464,465,470,471,472,473,474,475,476,477,478,479,648,649,677,:
470:460,462,463,464,465,466,469,471,472,473,474,475,476,477,649,676,677,678,679,:
471:462,463,464,469,470,472,473,474,475,476,477,478,479,480,635,648,649,677,:
472:463,464,469,470,471,473,474,475,476,477,478,479,480,481,483,484,577,635,:
473:463,469,470,471,472,474,477,478,479,480,483,576,577,578,580,581,582,:
474:463,469,470,471,472,473,475,476,477,478,479,635,648,649,677,679,:
475:463,469,470,471,472,474,476,477,641,642,646,648,649,650,676,677,679,:
476:463,469,470,471,472,474,475,477,648,649,650,651,652,676,677,678,679,:
477:469,470,471,472,473,474,475,476,478,479,635,649,:
478:464,469,471,472,473,474,477,479,480,481,482,483,484,485,486,487,577,632,635,:
479:464,469,471,472,473,474,477,478,480,481,482,483,484,486,631,632,633,634,635,636,637,:
480:471,472,473,478,479,481,482,483,484,485,486,487,488,577,580,632,:
481:472,478,479,480,482,483,484,485,486,487,488,489,490,491,492,494,580,631,632,635,:
482:478,479,480,481,483,484,485,486,487,488,489,491,492,494,599,612,622,623,631,632,633,634,635,636,:
483:472,473,478,479,480,481,482,484,485,486,487,580,:
484:44,45,87,88,250,472,478,479,480,481,482,483,485,636,:
485:478,480,481,482,483,484,486,487,580,:
486:478,479,480,481,482,483,485,487,488,489,490,491,492,494,579,580,632,:
487:478,480,481,482,483,485,486,488,489,490,491,492,577,579,580,:
488:480,481,482,486,487,489,490,491,492,493,494,580,627,:
489:481,482,486,487,488,490,491,492,600,627,:
490:481,486,487,488,489,491,580,593,600,:
491:481,482,486,487,488,489,490,492,493,494,580,627,:
492:481,482,486,487,488,489,491,493,494,:
493:488,491,492,494,:
494:481,482,486,488,491,492,493,625,626,627,:
495:496,497,498,499,500,501,508,509,:
496:495,497,498,499,500,508,:
497:495,496,498,499,500,501,502,508,509,510,:
498:495,496,497,499,500,501,508,509,510,511,512,513,:
499:495,496,497,498,500,508,509,510,513,:
500:495,496,497,498,499,501,502,503,508,509,:
501:495,497,498,500,502,503,504,508,509,:
502:497,500,501,503,504,505,506,507,509,:
503:500,501,502,504,505,506,507,:
504:92,468,501,502,503,505,506,507,525,:
505:466,467,468,502,503,504,506,507,583,:
506:53,54,92,468,502,503,504,505,507,525,:
507:92,468,502,503,504,505,506,:
508:495,496,497,498,499,500,501,509,510,511,512,513,514,517,518,:
509:495,497,498,499,500,501,502,508,510,511,512,513,517,:
510:497,498,499,508,509,511,512,513,514,515,517,518,519,571,:
511:498,508,509,510,512,513,514,517,518,519,520,521,522,523,571,:
512:498,508,509,510,511,513,514,517,518,519,520,522,523,525,:
513:498,499,508,509,510,511,512,514,515,516,517,518,571,:
514:508,510,511,512,513,515,516,517,518,571,:
515:510,513,514,516,:
516:513,514,515,563,:
517:508,509,510,511,512,513,514,518,519,520,521,522,523,524,525,526,527,568,570,571,:
518:508,510,511,512,513,514,517,519,520,521,522,523,524,526,567,568,569,570,571,573,:
519:510,511,512,517,518,520,521,522,523,524,525,526,527,528,568,571,:
520:511,512,517,518,519,521,522,523,524,526,527,528,529,530,567,568,571,:
521:511,517,518,519,520,522,524,526,527,528,529,532,557,558,560,567,568,569,571,573,:
522:511,512,517,518,519,520,521,523,524,525,526,527,:
523:511,512,517,518,519,520,522,524,525,583,:
524:49,90,517,518,519,520,521,522,523,525,526,527,530,:
525:49,50,51,52,53,54,468,504,506,512,517,519,522,523,524,527,583,:
526:50,52,90,91,517,518,519,520,521,522,524,527,528,529,530,531,532,568,:
527:49,50,51,52,90,91,517,519,520,521,522,524,525,526,528,529,530,:
528:50,519,520,521,526,527,529,530,531,532,533,554,:
529:86,90,520,521,526,527,528,530,531,532,533,534,535,554,:
530:42,49,50,51,63,64,86,90,520,524,526,527,528,529,531,532,533,:
531:63,246,526,528,529,530,532,533,534,535,536,537,551,553,554,:
532:246,521,526,528,529,530,531,533,534,535,536,550,551,552,553,554,555,557,:
533:1,12,63,64,86,246,528,529,530,531,532,534,535,536,537,538,551,554,:
534:1,63,64,77,246,529,531,532,533,535,536,537,538,539,540,541,545,546,550,551,554,:
535:246,529,531,532,533,534,536,537,538,539,540,545,546,550,551,552,553,554,:
536:1,25,26,63,64,77,78,243,246,531,532,533,534,535,537,538,539,540,541,542,543,545,546,551,:
537:1,5,6,12,25,26,57,63,64,72,77,78,243,246,531,533,534,535,536,538,539,540,541,542,543,:
538:77,78,533,534,535,536,537,539,540,541,542,543,544,545,546,547,551,:
539:246,534,535,536,537,538,540,541,542,543,545,546,547,548,550,551,:
540:237,238,239,240,242,243,245,246,256,257,260,534,535,536,537,538,539,541,543,545,546,547,548,550,551,:
541:1,57,78,534,536,537,538,539,540,542,543,544,545,546,:
542:25,26,77,78,82,304,305,313,536,537,538,539,541,543,544,:
543:57,281,536,537,538,539,540,541,542,544,545,546,:
544:31,32,78,81,82,303,304,305,538,541,542,543,:
545:280,534,535,536,538,539,540,541,543,546,547,548,549,550,551,:
546:280,534,535,536,538,539,540,541,543,545,547,548,549,550,551,:
547:254,256,259,280,538,539,540,545,546,548,549,550,551,552,:
548:253,254,255,256,539,540,545,546,547,549,550,551,552,553,:
549:254,255,545,546,547,548,550,551,552,553,:
550:246,253,254,255,532,534,535,539,540,545,546,547,548,549,551,552,553,554,555,556,:
551:246,253,531,532,533,534,535,536,538,539,540,545,546,547,548,549,550,552,553,554,555,:
552:253,532,535,547,548,549,550,551,553,554,555,556,557,:
553:253,531,532,535,548,549,550,551,552,554,555,556,557,558,559,560,562,:
554:246,253,528,529,531,532,533,534,535,550,551,552,553,555,556,557,558,560,:
555:532,550,551,552,553,554,556,557,558,559,560,561,562,563,567,568,:
556:550,552,553,554,555,557,558,559,560,561,562,563,564,567,:
557:521,532,552,553,554,555,556,558,559,560,561,562,563,567,568,569,:
558:521,553,554,555,556,557,559,560,561,563,567,568,569,570,571,572,574,:
559:553,555,556,557,558,560,561,563,567,568,569,570,572,574,:
560:521,553,554,555,556,557,558,559,561,562,563,564,565,567,568,:
561:555,556,557,558,559,560,562,563,564,565,566,:
562:553,555,556,557,560,561,563,564,565,566,:
563:516,555,556,557,558,559,560,561,562,564,565,566,:
564:556,560,561,562,563,565,566,:
565:560,561,562,563,564,566,:
566:561,562,563,564,565,:
567:518,520,521,555,556,557,558,559,560,568,569,570,571,572,573,574,:
568:517,518,519,520,521,526,555,557,558,559,560,567,569,570,571,572,573,574,:
569:518,521,557,558,559,567,568,570,571,572,573,574,575,:
570:517,518,558,559,567,568,569,571,572,573,574,:
571:510,511,513,514,517,518,519,520,521,558,567,568,569,570,572,573,:
572:558,559,567,568,569,570,571,573,574,575,:
573:249,518,521,567,568,569,570,571,572,574,575,:
574:251,252,253,558,559,567,568,569,570,572,573,575,:
575:249,569,572,573,574,:
576:473,577,578,579,580,581,582,584,:
577:472,473,478,480,487,576,578,579,580,581,582,:
578:473,576,577,579,580,581,582,583,584,:
579:486,487,576,577,578,580,581,582,:
580:473,480,481,483,485,486,487,488,490,491,576,577,578,579,581,:
581:473,576,577,578,579,580,582,583,584,:
582:473,576,577,578,579,581,583,584,:
583:465,466,468,505,523,525,578,581,582,584,:
584:576,578,581,582,583,:
585:586,587,588,589,590,591,592,593,:
586:585,587,588,589,590,591,592,593,594,:
587:585,586,588,589,590,591,592,593,594,595,596,597,:
588:585,586,587,589,590,592,593,594,595,596,601,:
589:585,586,587,588,590,591,592,:
590:585,586,587,588,589,591,:
591:585,586,587,589,590,:
592:585,586,587,588,589,593,594,595,596,597,598,600,601,:
593:490,585,586,587,588,592,594,595,596,597,598,600,:
594:586,587,588,592,593,595,596,597,598,599,600,601,602,607,609,:
595:587,588,592,593,594,596,597,598,599,600,601,602,603,605,606,607,608,609,:
596:587,588,592,593,594,595,597,598,600,601,602,603,607,608,609,:
597:250,587,592,593,594,595,596,598,599,600,601,607,608,609,612,:
598:248,250,592,593,594,595,596,597,599,600,601,607,608,609,610,611,612,:
599:248,250,482,594,595,597,598,600,608,609,610,611,612,638,:
600:489,490,592,593,594,595,596,597,598,599,601,608,609,611,612,:
601:588,592,594,595,596,597,598,600,602,603,604,605,606,607,608,609,:
602:594,595,596,601,603,604,605,606,607,608,609,610,:
603:595,596,601,602,604,605,606,607,608,609,610,611,612,613,:
604:601,602,603,605,608,609,610,611,613,614,616,:
605:69,595,601,602,603,604,606,607,608,609,:
606:68,69,595,601,602,603,605,607,609,:
607:68,594,595,596,597,598,601,602,603,605,606,608,609,:
608:595,596,597,598,599,600,601,602,603,604,605,607,609,610,611,612,613,614,620,621,:
609:594,595,596,597,598,599,600,601,602,603,604,605,606,607,608,610,611,612,613,620,:
610:598,599,602,603,604,608,609,611,612,613,614,615,616,620,621,622,:
611:598,599,600,603,604,608,609,610,612,613,614,615,620,621,622,623,624,625,631,632,:
612:482,597,598,599,600,603,608,609,610,611,613,620,621,622,623,624,631,632,638,:
613:603,604,608,609,610,611,612,614,615,616,617,618,620,621,:
614:604,608,610,611,613,615,616,617,618,619,620,621,:
615:405,610,611,613,614,616,617,618,619,620,621,624,:
616:604,610,613,614,615,617,618,619,:
617:405,613,614,615,616,618,619,621,:
618:613,614,615,616,617,619,:
619:614,615,616,617,618,:
620:608,609,610,611,612,613,614,615,621,622,623,624,625,626,627,628,630,631,632,:
621:608,610,611,612,613,614,615,617,620,622,623,624,625,626,627,628,629,630,:
622:482,610,611,612,620,621,623,624,625,626,627,628,630,631,632,633,:
623:405,482,611,612,620,621,622,624,625,626,631,632,633,634,636,638,:
624:404,405,406,409,611,612,615,620,621,622,623,625,631,632,633,634,636,638,640,:
625:494,611,620,621,622,623,624,626,627,628,629,630,631,632,:
626:494,620,621,622,623,625,627,628,629,630,:
627:488,489,491,494,620,621,622,625,626,628,629,630,:
628:620,621,622,625,626,627,629,630,:
629:621,625,626,627,628,630,:
630:620,621,622,625,626,627,628,629,:
631:405,479,481,482,611,612,620,622,623,624,625,632,633,634,635,636,637,638,639,640,:
632:478,479,480,481,482,486,611,612,620,622,623,624,625,631,633,634,635,636,638,639,:
633:405,408,479,482,622,623,624,631,632,634,635,636,637,638,639,640,641,:
634:408,479,482,623,624,631,632,633,635,636,637,638,639,640,641,642,643,644,645,648,649,:
635:471,472,474,477,478,479,481,482,631,632,633,634,636,637,639,640,641,642,648,649,:
636:88,479,482,484,623,624,631,632,633,634,635,637,638,639,640,:
637:45,88,427,428,430,450,479,631,633,634,635,636,638,639,640,:
638:65,66,88,430,599,612,623,624,631,632,633,634,636,637,:
639:408,631,632,633,634,635,636,637,640,641,642,643,644,645,646,647,648,649,:
640:404,405,406,407,408,413,415,423,624,631,633,634,635,636,637,639,641,642,643,644,645,647,:
641:408,475,633,634,635,639,640,642,643,644,645,646,647,648,649,650,:
642:423,475,634,635,639,640,641,643,644,645,646,648,649,650,651,652,:
643:408,416,422,423,424,425,426,427,634,639,640,641,642,644,646,648,649,650,651,652,:
644:408,634,639,640,641,642,643,645,646,647,648,649,:
645:408,634,639,640,641,642,644,646,647,:
646:475,639,641,642,643,644,645,647,648,649,652,:
647:639,640,641,644,645,646,:
648:464,469,471,474,475,476,634,635,639,641,642,643,644,646,649,650,651,652,653,654,:
649:463,464,469,470,471,474,475,476,477,634,635,639,641,642,643,644,646,648,650,651,652,677,:
650:426,449,450,463,464,475,476,641,642,643,648,649,651,652,653,654,655,671,:
651:449,476,642,643,648,649,650,652,653,654,655,656,657,658,670,671,677,:
652:476,642,643,646,648,649,650,651,653,654,655,656,657,670,671,673,677,:
653:448,449,454,455,648,650,651,652,654,655,656,657,658,659,670,671,:
654:448,449,451,453,454,455,460,648,650,651,652,653,655,656,658,659,670,671,:
655:449,650,651,652,653,654,656,657,658,659,660,670,671,672,:
656:651,652,653,654,655,657,658,659,670,671,672,673,674,675,:
657:651,652,653,655,656,658,670,671,672,673,674,:
658:449,651,653,654,655,656,657,659,660,661,662,663,664,665,670,671,:
659:107,108,435,449,653,654,655,656,658,660,661,662,663,664,665,:
660:102,107,108,109,435,655,658,659,661,662,663,664,665,666,667,668,:
661:101,102,103,107,108,109,458,658,659,660,662,663,664,665,666,667,668,669,:
662:101,102,103,104,107,108,109,435,449,453,458,658,659,660,661,663,664,665,667,668,669,:
663:93,94,101,102,108,458,658,659,660,661,662,664,665,666,667,668,669,:
664:93,658,659,660,661,662,663,665,666,667,668,669,:
665:658,659,660,661,662,663,664,666,667,669,:
666:660,661,663,664,665,667,668,669,:
667:93,94,101,102,108,457,458,660,661,662,663,664,665,666,668,669,:
668:100,101,102,103,107,108,453,456,457,458,459,660,661,662,663,664,666,667,669,:
669:94,102,458,661,662,663,664,665,666,667,668,:
670:455,651,652,653,654,655,656,657,658,671,672,673,674,675,676,677,:
671:454,455,650,651,652,653,654,655,656,657,658,670,672,673,675,676,677,:
672:655,656,657,670,671,673,674,675,676,677,678,680,:
673:652,656,657,670,671,672,674,675,676,677,678,680,:
674:656,657,670,672,673,675,676,:
675:455,656,670,671,672,673,674,676,677,678,679,680,:
676:470,475,476,670,671,672,673,674,675,677,678,679,680,:
677:455,462,463,469,470,471,474,475,476,649,651,652,670,671,672,673,675,676,678,679,680,:
678:470,476,672,673,675,676,677,679,680,:
679:470,474,475,476,675,676,677,678,680,:
680:672,673,675,676,677,678,679,:
