1:2,3,4,5,6,7,9,10,11,12,13,14,45,46,47,48,49,50,52,53,54,55,56,60,61,63,500,504,505,506,:
2:1,3,4,6,8,10,12,45,46,47,49,51,52,53,55,57,58,59,126,129,505,:
3:1,2,5,7,9,10,11,12,13,14,15,45,47,48,50,53,54,55,56,60,61,62,63,283,500,505,:
4:1,2,6,8,10,12,45,46,47,49,51,52,53,57,58,59,:
5:1,3,7,9,10,11,12,13,14,45,48,50,54,55,56,60,61,62,63,74,283,:
6:1,2,4,8,10,12,45,46,47,49,51,52,53,57,58,59,515,:
7:1,3,5,9,10,11,12,45,48,50,54,55,56,60,61,62,129,139,313,:
8:2,4,6,10,46,47,49,51,52,53,57,58,59,552,553,554,579,:
9:1,3,5,7,11,13,14,45,48,50,54,55,56,60,61,62,63,74,75,77,124,489,505,506,:
10:1,2,3,4,5,6,7,8,11,12,13,45,46,47,48,49,51,52,53,55,56,61,129,505,:
11:1,3,5,7,9,10,12,13,14,15,16,21,45,48,50,60,61,62,63,64,65,66,70,74,283,500,:
12:1,2,3,4,5,6,7,10,11,45,46,47,48,49,53,55,56,129,:
13:1,3,5,9,10,11,14,15,16,45,48,50,60,61,63,64,66,70,492,493,498,499,500,504,505,:
14:1,3,5,9,11,13,15,16,17,21,22,23,48,50,60,63,64,65,66,67,70,74,78,280,281,283,:
15:3,11,13,14,16,17,18,19,21,22,23,24,48,63,64,65,66,67,70,74,276,283,496,497,:
16:11,13,14,15,17,18,19,20,21,22,23,63,64,65,66,67,70,275,276,280,:
17:14,15,16,18,19,20,21,22,38,41,64,65,66,67,68,69,88,275,276,:
18:15,16,17,19,20,22,41,65,66,67,68,69,90,272,273,274,275,276,:
19:15,16,17,18,20,21,22,38,40,41,64,65,66,67,68,69,88,90,496,497,498,:
20:16,17,18,19,36,38,39,40,41,67,68,69,88,90,496,524,659,:
21:11,14,15,16,17,19,22,23,24,25,26,28,29,32,63,64,65,66,67,70,71,74,78,88,271,276,283,496,497,:
22:14,15,16,17,18,19,21,23,24,25,28,32,63,64,65,66,67,70,71,74,78,259,261,270,271,272,273,275,276,281,282,283,:
23:14,15,16,21,22,24,25,26,28,29,30,31,32,63,64,67,70,71,72,73,74,78,88,488,489,496,497,:
24:15,21,22,23,25,26,27,28,29,30,31,32,70,71,72,73,74,78,79,263,489,497,:
25:21,22,23,24,26,27,28,29,30,31,70,71,72,73,74,75,76,77,78,79,80,185,263,489,:
26:21,23,24,25,27,28,50,60,62,63,70,71,72,73,74,75,76,77,78,79,80,489,:
27:24,25,26,28,50,62,72,73,74,75,76,77,78,79,80,162,163,164,373,:
28:21,22,23,24,25,26,27,50,63,71,72,73,74,75,76,77,78,79,80,261,262,264,282,283,295,296,:
29:21,23,24,25,30,31,32,33,34,42,44,70,71,72,73,81,83,88,184,185,474,497,:
30:23,24,25,29,31,32,33,34,70,71,72,73,81,83,88,183,184,185,473,474,475,485,486,487,488,489,490,491,496,497,:
31:23,24,25,29,30,32,33,42,71,72,73,81,183,184,185,198,199,205,206,207,263,265,:
32:21,22,23,24,29,30,31,33,34,36,38,42,43,44,70,71,81,82,83,88,271,475,497,:
33:29,30,31,32,34,35,36,37,38,42,43,44,71,81,82,83,87,88,199,:
34:29,30,32,33,36,37,38,39,41,42,43,44,81,82,83,87,88,199,460,475,:
35:33,42,43,44,82,84,85,86,87,:
36:20,32,33,34,37,38,39,40,41,42,43,44,81,82,83,87,88,89,90,475,:
37:33,34,36,38,39,40,41,42,43,82,83,86,87,88,89,90,:
38:17,19,20,32,33,34,36,37,39,40,41,42,67,68,69,82,83,87,88,89,90,475,496,497,:
39:20,34,36,37,38,40,41,68,82,87,88,89,90,632,661,:
40:19,20,36,37,38,39,41,68,69,87,88,89,90,632,659,661,:
41:17,18,19,20,34,36,37,38,39,40,67,68,69,87,88,89,90,659,661,:
42:29,31,32,33,34,35,36,37,38,43,44,81,82,83,84,85,86,87,88,271,:
43:32,33,34,35,36,37,42,44,81,82,83,84,85,86,87,199,433,:
44:29,32,33,34,35,36,42,43,71,81,82,84,85,86,258,259,261,270,271,272,:
45:1,2,3,4,5,6,7,9,10,11,12,13,46,47,48,50,52,53,55,60,61,62,124,499,500,501,504,505,506,507,:
46:1,2,4,6,8,10,12,45,47,49,52,53,55,57,58,59,126,127,129,:
47:1,2,3,4,6,8,10,12,45,46,49,51,52,53,55,57,58,59,126,129,504,505,506,507,554,:
48:1,3,5,7,9,10,11,12,13,14,15,45,50,53,54,55,56,60,61,63,281,283,:
49:1,2,4,6,8,10,12,46,47,51,52,53,57,58,59,:
50:1,3,5,7,9,11,13,14,26,27,28,45,48,54,55,56,60,61,62,63,74,75,78,80,283,313,:
51:2,4,6,8,10,47,49,52,53,57,58,59,514,515,:
52:1,2,4,6,8,10,45,46,47,49,51,53,57,58,59,504,505,507,514,515,:
53:1,2,3,4,6,8,10,12,45,46,47,48,49,51,52,58,59,:
54:1,3,5,7,9,48,50,55,56,60,61,62,75,137,139,313,:
55:1,2,3,5,7,9,10,12,45,46,47,48,50,54,56,60,61,62,126,127,129,139,:
56:1,3,5,7,9,10,12,48,50,54,55,61,62,63,283,312,313,314,315,:
57:2,4,6,8,46,47,49,51,52,58,59,552,553,554,555,:
58:2,4,6,8,46,47,49,51,52,53,57,59,507,516,551,552,553,554,:
59:2,4,6,8,46,47,49,51,52,53,57,58,579,:
60:1,3,5,7,9,11,13,14,26,45,48,50,54,55,61,62,63,64,70,74,77,488,489,499,500,505,506,:
61:1,3,5,7,9,10,11,13,45,48,50,54,55,56,60,62,123,124,136,500,505,506,:
62:3,5,7,9,11,26,27,45,50,54,55,56,60,61,74,75,77,136,139,163,489,:
63:1,3,5,9,11,13,14,15,16,21,22,23,26,28,48,50,56,60,64,65,66,70,74,78,80,276,280,281,282,283,:
64:11,13,14,15,16,17,19,21,22,23,60,63,65,66,67,70,489,492,495,496,497,498,500,:
65:11,14,15,16,17,18,19,21,22,63,64,66,67,273,275,276,277,280,281,283,:
66:11,13,14,15,16,17,18,19,21,22,63,64,65,67,:
67:14,15,16,17,18,19,20,21,22,23,38,41,64,65,66,68,69,70,88,495,496,497,498,:
68:17,18,19,20,38,39,40,41,67,69,88,90,524,659,:
69:17,18,19,20,38,40,41,67,68,88,90,495,496,498,524,658,659,660,661,:
70:11,13,14,15,16,21,22,23,24,25,26,29,30,32,60,63,64,67,71,72,73,74,78,88,488,489,490,492,495,496,497,:
71:21,22,23,24,25,26,28,29,30,31,32,33,44,70,72,73,74,78,79,80,261,262,263,271,:
72:23,24,25,26,27,28,29,30,31,70,71,73,74,75,76,77,78,79,80,185,262,263,265,373,:
73:23,24,25,26,27,28,29,30,31,70,71,72,74,75,76,77,78,79,183,184,185,487,488,489,:
74:5,9,11,14,15,21,22,23,24,25,26,27,28,50,60,62,63,70,71,72,73,75,76,77,78,79,80,283,489,:
75:9,25,26,27,28,50,54,62,72,73,74,76,77,78,79,80,162,163,164,:
76:25,26,27,28,72,73,74,75,77,78,79,80,164,371,372,373,:
77:9,25,26,27,28,60,62,72,73,74,75,76,79,80,160,162,163,164,489,:
78:14,21,22,23,24,25,26,27,28,50,63,70,71,72,73,74,75,76,79,80,261,262,263,264,276,281,282,283,295,296,:
79:24,25,26,27,28,71,72,73,74,75,76,77,78,80,261,262,263,264,265,266,267,295,296,328,:
80:25,26,27,28,50,63,71,72,74,75,76,77,78,79,281,282,283,295,296,313,328,:
81:29,30,31,32,33,34,36,42,43,44,82,83,197,198,199,200,:
82:32,33,34,35,36,37,38,39,42,43,44,81,83,87,88,199,431,433,435,460,:
83:29,30,32,33,34,36,37,38,42,43,81,82,87,88,197,199,460,473,474,475,497,:
84:35,42,43,44,85,86,87,435,:
85:35,42,43,44,84,86,252,:
86:35,37,42,43,44,84,85,87,:
87:33,34,35,36,37,38,39,40,41,42,43,82,83,84,86,89,433,434,435,:
88:17,19,20,21,23,29,30,32,33,34,36,37,38,39,40,41,42,67,68,69,70,82,83,473,475,496,497,:
89:36,37,38,39,40,41,87,90,632,643,644,:
90:18,19,20,36,37,38,39,40,41,68,69,89,632,659,661,:
91:92,93,94,95,96,97,98,99,131,134,:
92:91,93,94,95,96,97,98,99,121,130,131,132,133,134,140,:
93:91,92,94,95,96,97,98,99,134,:
94:91,92,93,95,96,97,98,99,100,111,112,121,:
95:91,92,93,94,96,97,100,101,103,111,112,113,121,:
96:91,92,93,94,95,97,98,99,131,134,:
97:91,92,93,94,95,96,98,99,120,121,122,125,130,131,134,:
98:91,92,93,94,96,97,99,121,122,123,125,130,131,132,134,135,136,137,138,346,347,348,:
99:91,92,93,94,96,97,98,134,343,344,346,348,:
100:94,95,101,102,103,104,105,106,107,108,110,111,112,121,:
101:95,100,102,103,105,106,107,108,109,110,111,112,:
102:100,101,103,104,105,106,107,108,109,110,111,112,113,121,:
103:95,100,101,102,104,105,106,110,111,112,113,114,115,116,117,118,120,121,555,:
104:100,102,103,105,111,112,113,114,115,116,117,120,121,549,551,553,554,555,:
105:100,101,102,103,104,106,107,108,109,110,111,112,552,553,554,555,:
106:100,101,102,103,105,107,108,109,110,:
107:100,101,102,105,106,108,109,110,:
108:100,101,102,105,106,107,109,110,562,:
109:101,102,105,106,107,108,110,562,:
110:100,101,102,103,105,106,107,108,109,546,562,:
111:94,95,100,101,102,103,104,105,112,113,114,115,116,117,118,120,121,:
112:94,95,100,101,102,103,104,105,111,113,114,116,117,118,120,121,:
113:95,102,103,104,111,112,114,115,116,117,118,119,120,121,122,131,:
114:103,104,111,112,113,115,116,117,120,121,122,123,124,125,130,131,:
115:103,104,111,113,114,116,120,121,122,123,124,130,131,149,507,:
116:103,104,111,112,113,114,115,117,118,119,120,152,153,:
117:103,104,111,112,113,114,116,118,119,152,153,:
118:103,111,112,113,116,117,119,153,:
119:113,116,117,118,152,153,:
120:97,103,104,111,112,113,114,115,116,121,122,123,124,125,126,130,131,554,555,:
121:92,94,95,97,98,100,102,103,104,111,112,113,114,115,120,122,123,125,130,131,555,:
122:97,98,113,114,115,120,121,123,124,125,126,127,130,131,132,506,507,554,555,:
123:61,98,114,115,120,121,122,124,125,126,130,131,132,133,134,135,136,505,506,:
124:9,45,61,114,115,120,122,123,125,126,130,131,132,135,136,504,505,506,507,:
125:97,98,114,120,121,122,123,124,126,127,128,129,130,131,554,555,:
126:2,46,47,55,120,122,123,124,125,127,128,129,130,506,554,555,:
127:46,55,122,125,126,128,129,:
128:125,126,127,129,:
129:2,7,10,12,46,47,55,125,126,127,128,:
130:92,97,98,114,115,120,121,122,123,124,125,126,131,132,133,134,135,136,140,141,:
131:91,92,96,97,98,113,114,115,120,121,122,123,124,125,130,132,133,134,135,136,140,:
132:92,98,122,123,124,130,131,133,134,135,136,137,140,141,142,:
133:92,123,130,131,132,134,135,136,140,141,142,143,144,145,146,147,:
134:91,92,93,96,97,98,99,123,130,131,132,133,135,140,141,142,143,145,146,147,:
135:98,123,124,130,131,132,133,134,136,137,138,139,140,141,163,:
136:61,62,98,123,124,130,131,132,133,135,137,138,139,162,163,164,:
137:54,98,132,135,136,138,139,164,337,348,359,:
138:98,135,136,137,139,335,336,337,343,346,348,357,359,:
139:7,54,55,62,135,136,137,138,164,335,337,357,358,359,:
140:92,130,131,132,133,134,135,141,142,143,144,145,146,147,:
141:130,132,133,134,135,140,142,143,144,145,146,147,161,:
142:132,133,134,140,141,143,144,145,146,147,148,:
143:133,134,140,141,142,144,145,146,:
144:133,140,141,142,143,145,156,160,161,166,:
145:133,134,140,141,142,143,144,146,147,148,149,150,:
146:133,134,140,141,142,143,145,147,148,149,150,151,:
147:133,134,140,141,142,145,146,148,149,150,151,152,685,687,:
148:142,145,146,147,149,150,151,152,153,:
149:115,145,146,147,148,150,151,152,153,684,685,687,:
150:145,146,147,148,149,151,152,153,:
151:146,147,148,149,150,152,153,:
152:116,117,119,147,148,149,150,151,153,:
153:116,117,118,119,148,149,150,151,152,:
154:155,156,157,158,159,160,165,166,364,375,:
155:154,156,157,158,159,354,363,364,365,367,375,:
156:144,154,155,157,158,159,160,161,162,164,165,166,167,364,375,:
157:154,155,156,158,159,160,161,165,166,167,168,169,170,172,177,374,375,:
158:154,155,156,157,159,160,161,165,166,167,168,169,177,178,367,368,370,371,374,375,378,:
159:154,155,156,157,158,160,161,162,163,164,165,166,364,:
160:77,144,154,156,157,158,159,161,162,163,164,165,:
161:141,144,156,157,158,159,160,162,163,164,165,166,168,169,:
162:27,75,77,136,156,159,160,161,163,164,:
163:27,62,75,77,135,136,159,160,161,162,164,:
164:27,75,76,77,136,137,139,156,159,160,161,162,163,357,358,359,372,:
165:154,156,157,158,159,160,161,166,167,168,169,170,171,172,177,178,375,:
166:144,154,156,157,158,159,161,165,167,168,169,170,171,172,:
167:156,157,158,165,166,168,169,170,171,172,173,177,178,179,375,378,:
168:157,158,161,165,166,167,169,170,171,177,178,179,180,182,187,378,482,483,:
169:157,158,161,165,166,167,168,170,177,178,179,180,182,187,481,482,483,:
170:157,165,166,167,168,169,171,172,173,174,175,177,178,:
171:165,166,167,168,170,172,173,174,175,176,:
172:157,165,166,167,170,171,173,174,175,176,379,:
173:167,170,171,172,174,175,176,:
174:170,171,172,173,175,176,379,:
175:170,171,172,173,174,176,:
176:171,172,173,174,175,:
177:157,158,165,167,168,169,170,178,179,180,181,182,183,186,187,377,378,482,483,:
178:158,165,167,168,169,170,177,179,180,181,182,186,375,377,378,383,385,388,389,:
179:167,168,169,177,178,180,181,182,183,184,185,186,187,188,196,378,389,482,483,486,:
180:168,169,177,178,179,181,182,183,184,186,187,188,189,191,195,196,201,388,389,482,483,:
181:177,178,179,180,182,183,184,185,186,187,188,189,195,196,200,201,203,204,207,378,385,386,388,389,390,397,398,:
182:168,169,177,178,179,180,181,183,184,185,186,187,196,201,206,207,483,:
183:30,31,73,177,179,180,181,182,184,185,186,195,196,200,201,206,207,486,487,:
184:29,30,31,73,179,180,181,182,183,185,186,187,189,195,196,197,198,200,201,207,474,483,485,486,487,:
185:25,29,30,31,72,73,179,181,182,183,184,196,200,201,205,206,207,373,:
186:177,178,179,180,181,182,183,184,187,188,189,190,191,192,193,194,195,196,201,389,477,482,483,486,:
187:168,169,177,179,180,181,182,184,186,188,189,191,192,193,194,195,196,476,477,478,481,482,483,484,485,486,:
188:179,180,181,186,187,189,190,191,192,193,194,195,196,197,201,389,391,393,397,398,477,482,:
189:180,181,184,186,187,188,190,191,192,193,194,195,196,197,198,200,201,397,398,:
190:186,188,189,191,192,193,195,196,197,198,200,201,397,398,399,402,437,443,465,:
191:180,186,187,188,189,190,192,193,194,195,196,465,477,482,:
192:186,187,188,189,190,191,193,194,195,196,464,465,467,469,470,476,477,481,482,484,:
193:186,187,188,189,190,191,192,194,195,196,464,465,467,469,470,472,476,477,:
194:186,187,188,189,191,192,193,393,477,482,484,:
195:180,181,183,184,186,187,188,189,190,191,192,193,196,197,198,199,200,201,474,:
196:179,180,181,182,183,184,185,186,187,188,189,190,191,192,193,195,197,198,200,201,474,477,486,:
197:81,83,184,188,189,190,195,196,198,199,200,201,202,474,:
198:31,81,184,189,190,195,196,197,199,200,201,202,203,204,205,207,402,:
199:31,33,34,43,81,82,83,195,197,198,200,201,202,205,431,433,:
200:81,181,183,184,185,189,190,195,196,197,198,199,201,202,203,204,205,206,207,208,209,398,402,:
201:180,181,182,183,184,185,186,188,189,190,195,196,197,198,199,200,202,203,204,205,206,207,208,389,397,398,402,:
202:197,198,199,200,201,203,204,205,206,207,208,209,210,215,398,402,:
203:181,198,200,201,202,204,205,206,207,208,209,210,211,213,214,215,385,389,397,398,402,:
204:181,198,200,201,202,203,205,206,207,208,209,210,211,213,215,385,386,388,389,390,391,397,398,399,402,:
205:31,185,198,199,200,201,202,203,204,206,207,208,209,215,:
206:31,182,183,185,200,201,202,203,204,205,207,208,209,215,265,269,:
207:31,181,182,183,184,185,198,200,201,202,203,204,205,206,:
208:200,201,202,203,204,205,206,209,210,211,212,213,214,215,398,:
209:200,202,203,204,205,206,208,210,211,212,213,214,215,221,:
210:202,203,204,208,209,211,212,213,214,215,216,398,:
211:203,204,208,209,210,212,213,214,215,216,217,218,219,220,221,:
212:208,209,210,211,213,214,215,216,217,219,221,:
213:203,204,208,209,210,211,212,214,215,406,:
214:203,208,209,210,211,212,213,215,216,217,218,219,220,221,384,385,:
215:202,203,204,205,206,208,209,210,211,212,213,214,216,217,218,219,220,221,384,385,:
216:210,211,212,214,215,217,218,219,220,221,222,384,:
217:211,212,214,215,216,218,219,220,223,224,383,384,:
218:211,214,215,216,217,219,223,224,368,369,377,383,384,385,:
219:211,212,214,215,216,217,218,220,221,222,247,:
220:211,214,215,216,217,219,221,222,247,:
221:209,211,212,214,215,216,219,220,222,247,:
222:216,219,220,221,:
223:217,218,224,225,226,227,228,229,230,366,369,:
224:217,218,223,225,226,227,228,229,230,365,366,367,368,369,:
225:223,224,226,227,228,229,230,231,235,366,:
226:223,224,225,227,228,229,231,235,366,:
227:223,224,225,226,228,229,231,235,362,363,365,366,369,:
228:223,224,225,226,227,229,230,231,232,234,235,:
229:223,224,225,226,227,228,230,231,232,233,234,235,236,237,366,:
230:223,224,225,228,229,231,232,233,234,235,236,268,269,366,:
231:225,226,227,228,229,230,232,233,234,235,236,237,238,366,:
232:228,229,230,231,233,234,235,236,238,267,268,269,366,370,:
233:229,230,231,232,234,236,266,267,268,269,370,371,372,373,:
234:228,229,230,231,232,233,235,236,237,238,366,:
235:225,226,227,228,229,230,231,232,234,236,237,238,:
236:229,230,231,232,233,234,235,237,238,324,326,327,328,:
237:229,231,234,235,236,238,:
238:231,232,234,235,236,237,323,324,:
239:240,241,242,243,244,245,246,248,249,:
240:239,241,242,243,244,246,:
241:239,240,242,243,244,245,246,247,248,249,250,:
242:239,240,241,243,244,245,246,248,249,250,251,252,253,:
243:239,240,241,242,244,246,248,249,250,253,299,300,302,:
244:239,240,241,242,243,245,246,247,248,249,:
245:239,241,242,244,246,247,248,249,267,:
246:239,240,241,242,243,244,245,247,248,266,267,268,:
247:219,220,221,241,244,245,246,265,267,268,269,:
248:239,241,242,243,244,245,246,249,250,251,252,253,254,255,256,257,:
249:239,241,242,243,244,245,248,250,251,252,253,256,:
250:241,242,243,248,249,251,252,253,254,255,256,257,258,293,:
251:242,248,249,250,252,253,254,255,256,257,258,259,260,261,262,264,293,:
252:85,242,248,249,250,251,253,254,256,257,258,259,261,262,:
253:242,243,248,249,250,251,252,254,255,256,257,:
254:248,250,251,252,253,255,256,257,260,293,:
255:248,250,251,253,254,256,257,293,:
256:248,249,250,251,252,253,254,255,257,258,259,260,261,262,263,264,270,271,293,:
257:248,250,251,252,253,254,255,256,258,259,260,261,262,264,285,289,290,292,293,296,:
258:44,250,251,252,256,257,259,260,261,262,263,264,270,271,272,276,285,293,:
259:22,44,251,252,256,257,258,260,261,262,270,271,272,273,275,276,284,285,:
260:251,254,256,257,258,259,261,270,271,272,273,274,275,276,278,284,285,286,290,:
261:22,28,44,71,78,79,251,252,256,257,258,259,260,262,263,264,265,266,270,271,276,282,293,295,296,:
262:28,71,72,78,79,251,252,256,257,258,259,261,263,264,265,266,267,295,296,:
263:24,25,31,71,72,78,79,256,258,261,262,264,265,266,267,268,269,:
264:28,78,79,251,256,257,258,261,262,263,265,266,267,268,293,295,296,328,:
265:31,72,79,206,247,261,262,263,264,266,267,268,269,373,:
266:79,233,246,261,262,263,264,265,267,268,269,327,328,:
267:79,232,233,245,246,247,262,263,264,265,266,268,269,373,:
268:230,232,233,246,247,263,264,265,266,267,269,373,:
269:206,230,232,233,247,263,265,266,267,268,373,:
270:22,44,256,258,259,260,261,271,272,273,274,275,276,285,:
271:21,22,32,42,44,71,256,258,259,260,261,270,272,273,275,276,:
272:18,22,44,258,259,260,270,271,273,274,275,276,277,285,:
273:18,22,65,259,260,270,271,272,274,275,276,277,278,280,284,285,:
274:18,260,270,272,273,275,276,277,278,284,285,:
275:16,17,18,22,65,259,260,270,271,272,273,274,276,277,278,279,280,281,282,284,285,290,:
276:15,16,17,18,21,22,63,65,78,258,259,260,261,270,271,272,273,274,275,277,278,280,281,282,283,284,285,290,296,:
277:65,272,273,274,275,276,278,279,280,281,282,283,284,285,286,290,:
278:260,273,274,275,276,277,279,280,281,282,284,285,286,287,289,290,:
279:275,277,278,280,281,282,284,285,286,287,289,290,315,:
280:14,16,63,65,273,275,276,277,278,279,281,282,283,284,285,290,315,:
281:14,22,48,63,65,78,80,275,276,277,278,279,280,282,283,284,290,295,296,312,313,314,315,:
282:22,28,63,78,80,261,275,276,277,278,279,280,281,283,284,285,289,290,291,294,295,296,313,314,315,:
283:3,5,11,14,15,21,22,28,48,50,56,63,65,74,78,80,276,277,280,281,282,296,312,313,314,315,:
284:259,260,273,274,275,276,277,278,279,280,281,282,285,286,287,288,289,290,:
285:257,258,259,260,270,272,273,274,275,276,277,278,279,280,282,284,286,287,289,290,:
286:260,277,278,279,284,285,287,288,289,290,291,:
287:278,279,284,285,286,288,289,290,291,292,293,294,296,:
288:284,286,287,289,290,291,292,293,297,:
289:257,278,279,282,284,285,286,287,288,290,291,292,293,294,295,296,297,298,:
290:257,260,275,276,277,278,279,280,281,282,284,285,286,287,288,289,291,292,293,294,295,296,315,:
291:282,286,287,288,289,290,292,293,294,295,296,297,298,299,:
292:257,287,288,289,290,291,293,294,295,296,297,298,299,300,302,303,:
293:250,251,254,255,256,257,258,261,264,287,288,289,290,291,292,294,295,296,297,298,299,302,:
294:282,287,289,290,291,292,293,295,296,297,298,312,313,327,:
295:28,78,79,80,261,262,264,281,282,289,290,291,292,293,294,296,297,298,313,327,328,:
296:28,78,79,80,257,261,262,264,276,281,282,283,287,289,290,291,292,293,294,295,313,:
297:288,289,291,292,293,294,295,298,299,300,301,302,303,304,327,:
298:289,291,292,293,294,295,297,299,300,301,302,303,304,325,327,:
299:243,291,292,293,297,298,300,301,302,303,304,:
300:243,292,297,298,299,301,302,303,304,:
301:297,298,299,300,302,303,304,325,327,:
302:243,292,293,297,298,299,300,301,303,304,:
303:292,297,298,299,300,301,302,304,:
304:297,298,299,300,301,302,303,:
305:306,307,308,309,310,311,317,318,:
306:305,307,308,310,317,318,:
307:305,306,308,309,310,311,312,316,317,318,319,:
308:305,306,307,309,310,311,317,318,319,320,321,322,330,:
309:305,307,308,310,311,317,318,319,320,321,329,330,334,:
310:305,306,307,308,309,311,312,313,314,315,316,317,318,:
311:305,307,308,309,310,312,313,314,315,316,317,318,:
312:56,281,283,294,307,310,311,313,314,315,316,:
313:7,50,54,56,80,281,282,283,294,295,296,310,311,312,314,315,316,:
314:56,281,282,283,310,311,312,313,315,316,:
315:56,279,280,281,282,283,290,310,311,312,313,314,316,:
316:307,310,311,312,313,314,315,:
317:305,306,307,308,309,310,311,318,319,320,321,322,323,324,325,:
318:305,306,307,308,309,310,311,317,319,320,322,323,324,325,:
319:307,308,309,317,318,320,321,322,323,324,325,330,:
320:308,309,317,318,319,321,322,323,329,330,:
321:308,309,317,319,320,322,329,330,332,333,:
322:308,317,318,319,320,321,323,324,325,326,327,:
323:238,317,318,319,320,322,324,325,326,327,328,:
324:236,238,317,318,319,322,323,325,326,327,328,358,:
325:298,301,317,318,319,322,323,324,326,327,328,:
326:236,322,323,324,325,327,328,:
327:236,266,294,295,297,298,301,322,323,324,325,326,328,:
328:79,80,236,264,266,295,323,324,325,326,327,:
329:309,320,321,330,331,332,333,334,335,:
330:308,309,319,320,321,329,331,332,333,334,:
331:329,330,332,333,334,335,336,337,339,:
332:321,329,330,331,333,334,335,336,338,339,350,:
333:321,329,330,331,332,334,335,336,338,339,350,353,:
334:309,329,330,331,332,333,335,336,337,339,:
335:138,139,329,331,332,333,334,336,337,338,339,348,350,357,358,359,:
336:138,331,332,333,334,335,337,338,339,340,343,344,346,347,348,349,350,:
337:137,138,139,331,334,335,336,339,348,357,358,359,:
338:332,333,335,336,339,340,341,342,343,344,345,346,348,349,350,:
339:331,332,333,334,335,336,337,338,340,341,343,344,345,346,348,349,350,:
340:336,338,339,341,342,343,344,345,346,348,349,350,351,:
341:338,339,340,342,343,344,349,350,351,352,353,354,:
342:338,340,341,343,349,350,351,352,354,:
343:99,138,336,338,339,340,341,342,344,345,346,347,348,349,350,:
344:99,336,338,339,340,341,343,345,346,347,348,:
345:338,339,340,343,344,346,347,348,:
346:98,99,138,336,338,339,340,343,344,345,347,348,:
347:98,336,343,344,345,346,348,:
348:98,99,137,138,335,336,337,338,339,340,343,344,345,346,347,:
349:336,338,339,340,341,342,343,350,351,352,353,354,355,356,357,359,:
350:332,333,335,336,338,339,340,341,342,343,349,351,352,353,354,355,356,357,359,:
351:340,341,342,349,350,352,353,354,355,356,357,359,361,:
352:341,342,349,350,351,353,354,355,356,360,361,:
353:333,341,349,350,351,352,354,355,356,361,:
354:155,341,342,349,350,351,352,353,355,356,357,358,359,361,364,:
355:349,350,351,352,353,354,356,357,358,359,360,361,364,:
356:349,350,351,352,353,354,355,357,358,359,360,361,362,363,364,:
357:138,139,164,335,337,349,350,351,354,355,356,358,359,361,:
358:139,164,324,335,337,354,355,356,357,359,:
359:137,138,139,164,335,337,349,350,351,354,355,356,357,358,:
360:352,355,356,361,362,363,364,365,366,:
361:351,352,353,354,355,356,357,360,362,363,364,365,:
362:227,356,360,361,363,364,365,366,367,:
363:155,227,356,360,361,362,364,365,366,367,368,369,370,372,:
364:154,155,156,159,354,355,356,360,361,362,363,365,366,367,368,370,372,:
365:155,224,227,360,361,362,363,364,366,367,368,369,370,371,372,374,375,:
366:223,224,225,226,227,229,230,231,232,234,360,362,363,364,365,367,368,369,370,372,:
367:155,158,224,362,363,364,365,366,368,369,370,371,372,373,374,375,376,:
368:158,218,224,363,364,365,366,367,369,370,371,374,375,376,377,379,384,:
369:218,223,224,227,363,365,366,367,368,370,374,375,376,377,379,384,:
370:158,232,233,363,364,365,366,367,368,369,371,372,373,374,375,:
371:76,158,233,365,367,368,370,372,373,375,:
372:76,164,233,363,364,365,366,367,370,371,373,:
373:27,72,76,185,233,265,267,268,269,367,370,371,372,:
374:157,158,365,367,368,369,370,375,376,377,378,379,380,383,384,:
375:154,155,156,157,158,165,167,178,365,367,368,369,370,371,374,376,377,378,379,383,:
376:367,368,369,374,375,377,378,379,380,381,382,383,384,385,:
377:177,178,218,368,369,374,375,376,378,379,380,382,383,384,385,386,387,:
378:158,167,168,177,178,179,181,374,375,376,377,379,380,382,383,384,385,386,387,388,389,:
379:172,174,368,369,374,375,376,377,378,380,381,382,383,384,:
380:374,376,377,378,379,381,382,383,384,:
381:376,379,380,382,:
382:376,377,378,379,380,381,383,387,394,396,:
383:178,217,218,374,375,376,377,378,379,380,382,384,385,386,387,388,389,:
384:214,215,216,217,218,368,369,374,376,377,378,379,380,383,385,386,387,:
385:178,181,203,204,214,215,218,376,377,378,383,384,386,387,388,389,390,398,:
386:181,204,377,378,383,384,385,387,388,389,390,391,393,394,397,398,:
387:377,378,382,383,384,385,386,388,389,390,393,394,396,:
388:178,180,181,204,378,383,385,386,387,389,390,391,392,393,394,396,397,398,:
389:178,179,180,181,186,188,201,203,204,378,383,385,386,387,388,390,391,392,393,394,397,398,:
390:181,204,385,386,387,388,389,391,392,393,394,395,396,397,398,399,401,:
391:188,204,386,388,389,390,392,393,394,397,398,399,400,401,402,446,:
392:388,389,390,391,393,397,398,399,400,401,443,445,446,:
393:188,194,386,387,388,389,390,391,392,394,395,396,397,398,:
394:382,386,387,388,389,390,391,393,395,396,:
395:390,393,394,396,:
396:382,387,388,390,393,394,395,:
397:181,188,189,190,201,203,204,386,388,389,390,391,392,393,398,399,400,401,402,446,:
398:181,188,189,190,200,201,202,203,204,208,210,385,386,388,389,390,391,392,393,397,399,400,401,402,:
399:190,204,390,391,392,397,398,400,401,402,445,446,:
400:391,392,397,398,399,401,402,446,:
401:390,391,392,397,398,399,400,402,:
402:190,198,200,201,202,203,204,391,397,398,399,400,401,:
403:404,405,406,407,408,409,410,:
404:403,405,406,408,409,410,:
405:403,404,406,407,408,409,410,411,:
406:213,403,404,405,407,408,409,410,:
407:403,405,406,408,409,:
408:403,404,405,406,407,409,410,411,:
409:403,404,405,406,407,408,410,411,:
410:403,404,405,406,408,409,411,416,:
411:405,408,409,410,416,433,:
412:413,414,415,416,417,418,419,425,:
413:412,414,415,416,417,418,425,:
414:412,413,415,416,417,418,419,420,425,:
415:412,413,414,416,417,418,424,425,:
416:410,411,412,413,414,415,417,424,425,430,432,434,:
417:412,413,414,415,416,418,419,420,421,423,425,:
418:412,413,414,415,417,419,420,421,422,423,:
419:412,414,417,418,420,421,422,423,:
420:414,417,418,419,421,422,423,:
421:417,418,419,420,422,423,:
422:418,419,420,421,423,:
423:417,418,419,420,421,422,:
424:415,416,425,426,427,428,429,430,431,432,436,437,:
425:412,413,414,415,416,417,424,426,427,428,429,430,432,:
426:424,425,427,428,429,430,431,432,436,437,438,:
427:424,425,426,428,429,430,436,437,438,439,441,:
428:424,425,426,427,429,436,437,438,439,:
429:424,425,426,427,428,430,431,432,433,434,436,437,459,:
430:416,424,425,426,427,429,431,432,433,434,435,459,:
431:82,199,424,426,429,430,432,433,434,435,460,:
432:416,424,425,426,429,430,431,433,434,435,:
433:43,82,87,199,411,429,430,431,432,434,435,:
434:87,416,429,430,431,432,433,435,:
435:82,84,87,430,431,432,433,434,:
436:424,426,427,428,429,437,438,439,440,441,442,443,:
437:190,424,426,427,428,429,436,438,439,440,441,442,443,:
438:426,427,428,436,437,439,440,441,442,443,444,448,462,:
439:427,428,436,437,438,440,441,442,462,:
440:436,437,438,439,441,454,455,457,461,462,:
441:427,436,437,438,439,440,442,443,444,445,447,448,462,:
442:436,437,438,439,441,443,444,445,446,447,448,449,450,:
443:190,392,436,437,438,441,442,444,445,446,447,448,449,:
444:438,441,442,443,445,446,447,448,449,450,451,:
445:392,399,441,442,443,444,446,447,448,449,451,:
446:391,392,397,399,400,442,443,444,445,447,449,:
447:441,442,443,444,445,446,448,449,450,451,:
448:438,441,442,443,444,445,447,449,450,451,:
449:442,443,444,445,446,447,448,450,451,:
450:442,444,447,448,449,451,:
451:444,445,447,448,449,450,:
452:453,454,455,456,457,458,459,461,462,649,663,:
453:452,454,455,456,457,458,459,648,649,653,655,662,663,669,:
454:440,452,453,455,456,457,458,459,460,461,462,463,663,:
455:440,452,453,454,456,457,458,459,461,462,463,464,465,466,467,468,663,:
456:452,453,454,455,457,458,461,462,463,464,467,468,656,662,663,664,665,666,667,669,:
457:440,452,453,454,455,456,458,459,460,461,462,:
458:452,453,454,455,456,457,459,460,661,:
459:429,430,452,453,454,455,457,458,460,:
460:34,82,83,431,454,457,458,459,661,:
461:440,452,454,455,456,457,462,463,464,465,466,467,468,:
462:438,439,440,441,452,454,455,456,457,461,463,464,465,466,:
463:454,455,456,461,462,464,465,466,467,468,469,666,:
464:192,193,455,456,461,462,463,465,466,467,468,469,470,472,477,666,:
465:190,191,192,193,455,461,462,463,464,466,467,468,469,472,477,:
466:455,461,462,463,464,465,467,468,:
467:192,193,455,456,461,463,464,465,466,468,469,470,471,472,473,476,477,666,:
468:455,456,461,463,464,465,466,467,469,470,471,472,476,477,664,665,666,674,:
469:192,193,463,464,465,467,468,470,471,472,473,474,475,476,477,478,486,666,:
470:192,193,464,467,468,469,471,472,473,474,476,477,478,479,481,485,486,491,666,:
471:467,468,469,470,472,473,474,475,476,477,478,479,480,485,486,490,491,494,666,676,:
472:193,464,465,467,468,469,470,471,473,474,475,476,477,486,491,660,:
473:30,83,88,467,469,470,471,472,474,475,486,490,491,495,496,497,660,:
474:29,30,83,184,195,196,197,469,470,471,472,473,475,476,477,485,486,487,488,490,491,497,:
475:30,32,34,36,38,83,88,469,471,472,473,474,490,491,495,496,497,660,:
476:187,192,193,467,468,469,470,471,472,474,477,478,479,480,481,482,483,484,485,486,491,:
477:186,187,188,191,192,193,194,196,464,465,467,468,469,470,471,472,474,476,478,479,481,482,483,484,485,486,:
478:187,469,470,471,476,477,479,480,481,482,483,484,485,486,487,491,686,:
479:470,471,476,477,478,480,481,482,483,484,485,486,487,488,490,491,686,:
480:471,476,478,479,481,482,483,485,486,487,488,490,491,685,686,687,:
481:169,187,192,470,476,477,478,479,480,482,483,484,485,486,:
482:168,169,177,179,180,186,187,188,191,192,194,476,477,478,479,480,481,483,484,485,486,:
483:168,169,177,179,180,182,184,186,187,476,477,478,479,480,481,482,484,485,486,487,:
484:187,192,194,476,477,478,479,481,482,483,:
485:30,184,187,470,471,474,476,477,478,479,480,481,482,483,486,487,488,489,490,491,:
486:30,179,183,184,186,187,196,469,470,471,472,473,474,476,477,478,479,480,481,482,483,485,487,488,490,491,:
487:30,73,183,184,474,478,479,480,483,485,486,488,489,490,491,492,:
488:23,30,60,70,73,474,479,480,485,486,487,489,490,491,492,493,494,495,496,497,:
489:9,23,24,25,26,30,60,62,64,70,73,74,77,485,487,488,490,491,492,493,495,496,497,:
490:30,70,471,473,474,475,479,480,485,486,487,488,489,491,492,493,494,495,496,497,498,499,500,:
491:30,470,471,472,473,474,475,476,478,479,480,485,486,487,488,489,490,492,493,494,495,496,497,:
492:13,64,70,487,488,489,490,491,493,494,495,496,497,498,499,500,501,509,:
493:13,488,489,490,491,492,494,495,496,498,499,500,501,502,503,504,508,509,680,:
494:471,488,490,491,492,493,495,498,499,500,501,502,503,508,509,676,677,679,680,681,684,685,686,687,:
495:64,67,69,70,473,475,488,489,490,491,492,493,494,496,497,498,499,500,660,:
496:15,19,20,21,23,30,38,64,67,69,70,88,473,475,488,489,490,491,492,493,495,497,498,660,:
497:15,19,21,23,24,29,30,32,38,64,67,70,83,88,473,474,475,488,489,490,491,492,495,496,498,:
498:13,19,64,67,69,490,492,493,494,495,496,497,499,500,508,509,512,660,:
499:13,45,60,490,492,493,494,495,498,500,501,502,503,504,505,506,507,508,509,680,:
500:1,3,11,13,45,60,61,64,490,492,493,494,495,498,499,501,502,504,505,506,508,509,:
501:45,492,493,494,499,500,502,503,504,505,506,507,508,509,510,680,687,:
502:493,494,499,500,501,503,504,505,507,508,509,510,511,512,513,514,516,679,680,:
503:493,494,499,501,502,504,507,508,509,510,511,679,680,681,682,684,:
504:1,13,45,47,52,124,493,499,500,501,502,503,505,506,507,508,509,:
505:1,2,3,9,10,13,45,47,52,60,61,123,124,499,500,501,502,504,506,507,:
506:1,9,45,47,60,61,122,123,124,126,499,500,501,504,505,507,:
507:45,47,52,58,115,122,124,499,501,502,503,504,505,506,508,516,551,553,554,:
508:493,494,498,499,500,501,502,503,504,507,509,510,511,512,513,514,516,680,:
509:492,493,494,498,499,500,501,502,503,504,508,510,511,512,513,514,:
510:501,502,503,508,509,511,512,513,514,515,516,:
511:502,503,508,509,510,512,513,514,517,518,675,:
512:498,502,508,509,510,511,513,517,518,657,674,675,676,677,680,:
513:502,508,509,510,511,512,514,515,516,525,:
514:51,52,502,508,509,510,511,513,515,516,:
515:6,51,52,510,513,514,516,591,:
516:58,502,507,508,510,513,514,515,549,:
517:511,512,518,519,520,521,522,523,525,586,654,657,:
518:511,512,517,519,520,521,522,523,653,654,655,656,657,658,675,:
519:517,518,520,521,522,523,524,525,586,589,654,:
520:517,518,519,521,522,523,589,653,654,:
521:517,518,519,520,522,647,648,650,651,653,654,655,657,:
522:517,518,519,520,521,523,524,525,589,601,654,658,:
523:517,518,519,520,522,524,525,:
524:20,68,69,519,522,523,525,:
525:513,517,519,522,523,524,586,588,589,590,601,:
526:527,528,529,530,531,532,533,:
527:526,528,529,531,532,533,538,:
528:526,527,529,530,531,532,533,534,567,:
529:526,527,528,530,531,532,533,534,535,537,538,:
530:526,528,529,531,532,533,534,535,578,579,:
531:526,527,528,529,530,532,533,538,567,568,:
532:526,527,528,529,530,531,533,534,535,536,537,538,:
533:526,527,528,529,530,531,532,534,535,537,538,:
534:528,529,530,532,533,535,536,537,538,539,:
535:529,530,532,533,534,536,537,538,539,540,578,:
536:532,534,535,537,538,539,:
537:529,532,533,534,535,536,538,539,540,541,578,:
538:527,529,531,532,533,534,535,536,537,539,540,541,:
539:534,535,536,537,538,540,541,592,593,595,:
540:535,537,538,539,541,593,594,595,:
541:537,538,539,540,:
542:543,544,545,546,547,548,575,:
543:542,544,545,547,574,575,582,583,:
544:542,543,545,546,547,548,549,550,575,:
545:542,543,544,546,547,548,549,550,:
546:110,542,544,545,547,548,549,550,:
547:542,543,544,545,546,548,549,550,551,552,575,:
548:542,544,545,546,547,549,550,551,552,553,:
549:104,516,544,545,546,547,548,550,551,552,553,554,:
550:544,545,546,547,548,549,551,552,553,554,555,579,:
551:58,104,507,547,548,549,550,552,553,554,555,:
552:8,57,58,105,547,548,549,550,551,553,554,555,:
553:8,57,58,104,105,507,548,549,550,551,552,554,555,:
554:8,47,57,58,104,105,120,122,125,126,507,549,550,551,552,553,555,:
555:57,103,104,105,120,121,122,125,126,550,551,552,553,554,:
556:557,558,559,560,561,562,563,564,:
557:556,558,559,560,561,562,563,564,565,:
558:556,557,559,560,561,562,563,564,565,566,568,572,:
559:556,557,558,560,562,563,564,565,566,:
560:556,557,558,559,561,562,563,564,:
561:556,557,558,560,562,:
562:108,109,110,556,557,558,559,560,561,:
563:556,557,558,559,560,564,565,566,567,568,569,570,572,:
564:556,557,558,559,560,563,565,566,568,569,570,572,:
565:557,558,559,563,564,566,567,568,569,570,572,:
566:558,559,563,564,565,567,568,569,570,:
567:528,531,563,565,566,568,569,570,:
568:531,558,563,564,565,566,567,569,570,571,572,:
569:563,564,565,566,567,568,570,:
570:563,564,565,566,567,568,569,:
571:568,572,573,574,575,576,577,580,581,:
572:558,563,564,565,568,571,573,574,575,576,:
573:571,572,574,575,576,577,578,579,580,581,582,:
574:543,571,572,573,575,576,577,578,580,581,582,583,584,:
575:542,543,544,547,571,572,573,574,576,577,580,581,582,583,584,:
576:571,572,573,574,575,577,578,579,580,581,:
577:571,573,574,575,576,578,579,580,581,584,596,:
578:530,535,537,573,574,576,577,579,580,581,594,595,596,:
579:8,59,530,550,573,576,577,578,:
580:571,573,574,575,576,577,578,581,582,583,584,594,595,596,:
581:571,573,574,575,576,577,578,580,582,583,584,594,595,596,:
582:543,573,574,575,580,581,583,584,594,595,596,:
583:543,574,575,580,581,582,584,594,595,596,:
584:574,575,577,580,581,582,583,591,592,594,595,596,:
585:586,587,588,589,590,591,592,597,598,:
586:517,519,525,585,587,588,589,590,591,597,:
587:585,586,588,589,590,591,592,593,597,598,599,:
588:525,585,586,587,589,590,591,597,598,599,600,601,602,:
589:519,520,522,525,585,586,587,588,590,597,598,599,600,601,605,606,:
590:525,585,586,587,588,589,591,592,593,594,597,598,:
591:515,584,585,586,587,588,590,592,593,594,595,596,:
592:539,584,585,587,590,591,593,594,595,596,:
593:539,540,587,590,591,592,594,595,596,598,:
594:540,578,580,581,582,583,584,590,591,592,593,595,596,:
595:539,540,578,580,581,582,583,584,591,592,593,594,596,:
596:577,578,580,581,582,583,584,591,592,593,594,595,:
597:585,586,587,588,589,590,598,599,600,601,602,603,604,605,606,:
598:585,587,588,589,590,593,597,599,600,601,602,603,:
599:587,588,589,597,598,600,601,602,603,604,605,606,607,617,:
600:588,589,597,598,599,601,602,603,604,605,606,607,608,610,616,617,:
601:522,525,588,589,597,598,599,600,602,603,605,606,607,608,616,617,623,:
602:588,597,598,599,600,601,603,604,605,606,617,:
603:597,598,599,600,601,602,604,605,606,608,616,617,618,:
604:597,599,600,602,603,605,606,612,616,617,618,:
605:589,597,599,600,601,602,603,604,606,607,608,609,610,611,612,616,617,:
606:589,597,599,600,601,602,603,604,605,607,608,610,611,612,613,616,617,:
607:599,600,601,605,606,608,609,610,611,612,613,616,617,618,623,:
608:600,601,603,605,606,607,609,610,611,612,616,617,618,619,621,622,623,625,:
609:605,607,608,610,611,612,616,617,618,619,620,621,622,623,624,625,629,630,631,632,:
610:600,605,606,607,608,609,611,612,613,614,615,616,617,625,637,:
611:605,606,607,608,609,610,612,613,614,615,616,625,637,:
612:604,605,606,607,608,609,610,611,613,614,615,616,617,624,625,:
613:606,607,610,611,612,614,615,625,634,636,637,:
614:610,611,612,613,615,633,634,637,:
615:610,611,612,613,614,633,634,635,636,637,645,647,651,652,:
616:600,601,603,604,605,606,607,608,609,610,611,612,617,618,619,620,621,622,623,625,:
617:599,600,601,602,603,604,605,606,607,608,609,610,612,616,618,619,621,622,623,:
618:603,604,607,608,609,616,617,619,620,621,622,623,625,:
619:608,609,616,617,618,620,621,622,624,625,:
620:609,616,618,619,621,624,625,:
621:608,609,616,617,618,619,620,622,623,:
622:608,609,616,617,618,619,621,623,:
623:601,607,608,609,616,617,618,621,622,:
624:609,612,619,620,625,626,627,628,629,630,631,:
625:608,609,610,611,612,613,616,618,619,620,624,626,627,629,630,631,:
626:624,625,627,628,629,630,631,632,634,:
627:624,625,626,628,629,630,631,633,634,:
628:624,626,627,629,630,633,634,640,:
629:609,624,625,626,627,628,630,631,632,634,:
630:609,624,625,626,627,628,629,631,632,634,637,:
631:609,624,625,626,627,629,630,632,:
632:39,40,89,90,609,626,629,630,631,637,642,644,:
633:614,615,627,628,634,635,636,637,638,639,640,645,646,:
634:613,614,615,626,627,628,629,630,633,635,636,637,638,639,640,645,:
635:615,633,634,636,637,638,639,640,641,645,646,647,652,:
636:613,615,633,634,635,637,638,639,641,645,646,647,648,649,650,651,652,:
637:610,611,613,614,615,630,632,633,634,635,636,638,639,641,645,646,647,648,652,:
638:633,634,635,636,637,639,640,641,642,643,645,646,:
639:633,634,635,636,637,638,640,641,642,643,644,645,646,:
640:628,633,634,635,638,639,641,642,643,644,:
641:635,636,637,638,639,640,642,643,644,645,646,649,661,:
642:632,638,639,640,641,643,644,:
643:89,638,639,640,641,642,644,661,:
644:89,632,639,640,641,642,643,:
645:615,633,634,635,636,637,638,639,641,646,647,648,649,650,651,652,653,654,:
646:633,635,636,637,638,639,641,645,647,648,649,650,651,652,:
647:521,615,635,636,637,645,646,648,649,650,651,652,653,654,655,:
648:453,521,636,637,645,646,647,649,650,651,653,654,655,656,658,659,661,662,663,:
649:452,453,636,641,645,646,647,648,650,653,654,655,656,658,659,661,663,:
650:521,636,645,646,647,648,649,651,652,653,654,:
651:521,615,636,645,646,647,648,650,652,654,:
652:615,635,636,637,645,646,647,650,651,:
653:453,518,520,521,645,647,648,649,650,654,655,656,657,658,659,660,661,662,663,:
654:517,518,519,520,521,522,645,647,648,649,650,651,653,655,656,657,658,659,662,:
655:453,518,521,647,648,649,653,654,656,657,658,659,660,661,662,663,664,:
656:456,518,648,649,653,654,655,657,658,659,660,662,663,664,665,667,674,675,:
657:512,517,518,521,653,654,655,656,658,660,662,663,664,665,674,675,:
658:69,518,522,648,649,653,654,655,656,657,659,660,661,662,663,:
659:20,40,41,68,69,90,648,649,653,654,655,656,658,660,661,:
660:69,472,473,475,495,496,498,653,655,656,657,658,659,661,662,663,:
661:39,40,41,69,90,458,460,641,643,648,649,653,655,658,659,660,:
662:453,456,648,653,654,655,656,657,658,660,663,664,665,666,667,668,669,674,675,:
663:452,453,454,455,456,648,649,653,655,656,657,658,660,662,664,665,666,667,668,669,674,675,:
664:456,468,655,656,657,662,663,665,666,667,668,669,670,674,675,676,:
665:456,468,656,657,662,663,664,666,667,668,674,675,676,677,678,:
666:456,463,464,467,468,469,470,471,662,663,664,665,667,674,675,676,677,678,:
667:456,656,662,663,664,665,666,668,669,670,671,672,674,675,:
668:662,663,664,665,667,669,670,671,672,673,:
669:453,456,662,663,664,667,668,670,671,672,673,:
670:664,667,668,669,671,672,673,:
671:667,668,669,670,672,673,:
672:667,668,669,670,671,673,:
673:668,669,670,671,672,:
674:468,512,656,657,662,663,664,665,666,667,675,676,677,678,679,680,:
675:511,512,518,656,657,662,663,664,665,666,667,674,676,677,678,:
676:471,494,512,664,665,666,674,675,677,678,679,680,681,:
677:494,512,665,666,674,675,676,678,679,680,681,682,683,684,686,:
678:665,666,674,675,676,677,679,680,681,682,683,:
679:494,502,503,674,676,677,678,680,681,682,683,684,685,686,687,:
680:493,494,499,501,502,503,508,512,674,676,677,678,679,681,682,684,685,686,687,:
681:494,503,676,677,678,679,680,682,683,684,685,686,687,:
682:503,677,678,679,680,681,683,684,685,:
683:677,678,679,681,682,684,:
684:149,494,503,677,679,680,681,682,683,685,686,687,:
685:147,149,480,494,679,680,681,682,684,686,687,:
686:478,479,480,494,677,679,680,681,684,685,687,:
687:147,149,480,494,501,679,680,681,684,685,686,:
