1:2,3,4,5,6,7,9,10,11,12,13,14,44,45,46,47,49,51,52,54,55,59,60,62,513,517,518,519,:
2:1,3,4,6,8,10,12,44,45,46,48,50,51,52,54,56,57,58,131,134,518,577,:
3:1,2,5,7,9,10,11,12,13,14,15,44,46,47,49,52,53,54,55,59,60,61,62,288,:
4:1,2,6,8,10,12,44,45,46,48,50,51,52,56,57,58,577,:
5:1,3,7,9,10,11,12,13,14,44,47,49,53,54,55,59,60,61,62,72,288,326,:
6:1,2,4,8,10,12,44,45,46,48,50,51,52,56,57,58,528,:
7:1,3,5,9,10,11,12,44,47,49,53,54,55,59,60,61,326,:
8:2,4,6,10,45,46,48,50,51,52,56,57,58,574,575,576,577,601,:
9:1,3,5,7,11,13,14,44,47,49,53,54,55,59,60,61,62,72,73,75,502,513,518,519,:
10:1,2,3,4,5,6,7,8,11,12,13,44,45,46,47,48,50,51,52,54,55,60,134,518,:
11:1,3,5,7,9,10,12,13,14,15,16,20,22,44,47,49,59,60,61,62,63,64,65,68,72,288,513,:
12:1,2,3,4,5,6,7,10,11,44,45,46,47,48,52,54,55,:
13:1,3,5,9,10,11,14,15,16,44,47,49,59,60,62,63,65,68,505,506,511,512,513,517,518,522,:
14:1,3,5,9,11,13,15,16,17,20,21,22,44,47,49,59,62,63,64,65,68,72,76,285,286,288,:
15:3,11,13,14,16,17,18,19,20,21,22,23,47,62,63,64,65,67,68,72,281,288,509,510,:
16:11,13,14,15,17,18,19,20,21,22,62,63,64,65,66,67,68,280,281,285,:
17:14,15,16,18,19,20,21,37,40,63,64,65,66,67,86,89,509,:
18:15,16,17,19,20,21,37,40,64,65,66,67,86,89,277,278,279,280,281,:
19:15,16,17,18,20,21,37,40,63,64,65,66,67,86,89,509,510,511,546,:
20:11,14,15,16,17,18,19,21,22,23,24,25,27,28,31,62,63,64,65,67,68,69,72,76,86,276,281,288,509,510,:
21:14,15,16,17,18,19,20,22,23,27,31,62,63,64,65,67,68,69,72,76,86,264,266,275,276,277,278,280,281,285,286,287,288,:
22:11,14,15,16,20,21,23,24,25,27,28,29,30,31,62,63,67,68,69,70,71,72,76,86,501,502,509,510,:
23:15,20,21,22,24,25,26,27,28,29,30,31,32,63,68,69,70,71,72,76,77,268,502,510,:
24:20,22,23,25,26,27,28,29,30,68,69,70,71,72,73,74,75,76,77,78,190,268,502,:
25:20,22,23,24,26,27,49,59,61,62,68,69,70,71,72,73,74,75,76,77,78,502,:
26:23,24,25,27,49,61,70,71,72,73,74,75,76,77,78,167,168,169,386,:
27:20,21,22,23,24,25,26,49,62,68,69,70,71,72,73,74,75,76,77,78,266,267,269,287,288,300,301,:
28:20,22,23,24,29,30,31,32,33,41,43,68,69,70,71,79,80,86,188,189,190,487,488,510,:
29:22,23,24,28,30,31,32,68,69,70,71,79,80,188,189,190,486,487,488,498,499,500,501,502,503,504,509,510,:
30:22,23,24,28,29,31,32,41,43,69,70,71,79,188,189,190,203,204,210,211,212,268,270,:
31:20,21,22,23,28,29,30,32,33,35,37,41,42,43,67,68,69,79,80,81,86,276,488,510,:
32:23,28,29,30,31,33,34,35,36,37,41,42,43,69,79,80,81,86,204,:
33:28,31,32,35,36,37,38,40,41,42,43,79,80,81,85,86,204,473,488,:
34:32,41,42,43,81,82,83,84,:
35:31,32,33,36,37,38,39,40,41,42,43,66,79,80,81,85,86,87,88,89,:
36:32,33,35,37,38,39,40,41,42,80,81,85,86,87,88,89,473,683,:
37:17,18,19,31,32,33,35,36,38,39,40,41,42,43,66,67,80,81,85,86,87,88,89,276,:
38:33,35,36,37,39,40,81,85,86,87,88,89,654,666,683,:
39:35,36,37,38,40,66,85,86,87,88,89,654,683,:
40:17,18,19,33,35,36,37,38,39,66,67,85,86,87,88,89,277,:
41:28,30,31,32,33,34,35,36,37,42,43,79,80,81,82,83,84,86,204,276,:
42:31,32,33,34,35,36,37,41,43,79,80,81,82,83,84,85,86,204,:
43:28,30,31,32,33,34,35,37,41,42,69,79,81,82,83,84,86,263,264,266,268,275,276,277,:
44:1,2,3,4,5,6,7,9,10,11,12,13,14,45,46,47,49,51,52,54,59,60,512,513,517,518,519,520,:
45:1,2,4,6,8,10,12,44,46,48,51,52,54,56,57,58,131,132,134,577,:
46:1,2,3,4,6,8,10,12,44,45,48,50,51,52,54,56,57,58,131,134,517,518,519,520,576,577,:
47:1,3,5,7,9,10,11,12,13,14,15,44,49,52,53,54,55,59,60,62,285,286,288,328,:
48:2,4,6,8,10,12,45,46,50,51,52,56,57,58,:
49:1,3,5,7,9,11,13,14,25,26,27,44,47,53,54,55,59,60,61,62,72,73,76,78,286,288,326,:
50:2,4,6,8,10,46,48,51,52,56,57,58,527,528,:
51:1,2,4,6,8,10,44,45,46,48,50,52,56,57,58,517,518,520,527,528,:
52:1,2,3,4,6,8,10,12,44,45,46,47,48,50,51,56,58,:
53:3,5,7,9,47,49,54,55,59,60,61,73,143,326,:
54:1,2,3,5,7,9,10,12,44,45,46,47,49,53,55,59,60,61,131,132,134,:
55:1,3,5,7,9,10,12,47,49,53,54,60,61,288,324,325,326,327,328,:
56:2,4,6,8,45,46,48,50,51,52,57,58,574,577,601,:
57:2,4,6,8,45,46,48,50,51,56,58,574,575,576,577,:
58:2,4,6,8,45,46,48,50,51,52,56,57,517,520,527,529,573,574,575,576,577,:
59:1,3,5,7,9,11,13,14,25,44,47,49,53,54,60,61,62,63,68,72,75,501,502,505,512,513,518,519,:
60:1,3,5,7,9,10,11,13,44,47,49,53,54,55,59,61,128,129,513,518,519,:
61:3,5,7,9,11,25,26,49,53,54,55,59,60,72,73,75,143,167,168,169,502,:
62:1,3,5,9,11,13,14,15,16,20,21,22,25,27,47,49,59,63,64,65,68,72,76,78,281,285,286,287,288,:
63:11,13,14,15,16,17,19,20,21,22,23,59,62,64,65,66,67,68,502,505,508,509,510,511,513,:
64:11,14,15,16,17,18,19,20,21,62,63,65,67,278,280,281,282,285,286,288,:
65:11,13,14,15,16,17,18,19,20,21,62,63,64,66,67,511,:
66:16,17,18,19,35,37,39,40,63,65,67,86,88,89,509,546,681,:
67:15,16,17,18,19,20,21,22,31,37,40,63,64,65,66,68,86,89,488,508,509,510,511,:
68:11,13,14,15,16,20,21,22,23,24,25,27,28,29,31,59,62,63,67,69,70,71,72,76,501,502,503,505,508,509,510,:
69:20,21,22,23,24,25,27,28,29,30,31,32,43,68,70,71,72,76,77,78,266,267,268,276,:
70:22,23,24,25,26,27,28,29,30,68,69,71,72,73,74,75,76,77,78,190,267,268,270,272,386,:
71:22,23,24,25,26,27,28,29,30,68,69,70,72,73,74,75,76,77,188,189,190,500,501,502,:
72:5,9,11,14,15,20,21,22,23,24,25,26,27,49,59,61,62,68,69,70,71,73,74,75,76,77,78,288,502,:
73:9,24,25,26,27,49,53,61,70,71,72,74,75,76,77,78,167,168,169,339,:
74:24,25,26,27,70,71,72,73,75,76,77,78,169,339,384,385,386,:
75:9,24,25,26,27,59,61,70,71,72,73,74,77,78,165,167,168,169,386,502,:
76:14,20,21,22,23,24,25,26,27,49,62,68,69,70,71,72,73,74,77,78,266,267,268,269,281,286,287,288,300,301,:
77:23,24,25,26,27,69,70,71,72,73,74,75,76,78,266,267,268,269,270,271,272,300,301,341,:
78:24,25,26,27,49,62,69,70,72,73,74,75,76,77,286,287,288,300,301,326,341,:
79:28,29,30,31,32,33,35,41,42,43,80,81,86,202,203,204,205,:
80:28,29,31,32,33,35,36,37,41,42,79,81,85,86,204,473,486,487,488,510,:
81:31,32,33,34,35,36,37,38,41,42,43,79,80,82,85,86,204,444,446,448,473,:
82:34,41,42,43,81,83,84,448,:
83:34,41,42,43,82,84,257,:
84:34,41,42,43,82,83,276,:
85:33,35,36,37,38,39,40,42,80,81,87,446,447,448,473,665,666,:
86:17,18,19,20,21,22,28,31,32,33,35,36,37,38,39,40,41,42,43,66,67,79,80,81,89,275,276,277,:
87:35,36,37,38,39,40,85,88,654,664,665,666,683,:
88:35,36,37,38,39,40,66,87,89,654,:
89:17,18,19,35,36,37,38,39,40,66,67,86,88,277,278,:
90:91,92,93,94,95,96,97,98,99,100,136,139,:
91:90,92,93,94,95,96,97,98,126,135,136,138,139,145,:
92:90,91,93,94,95,96,97,98,99,100,101,139,:
93:90,91,92,94,95,96,97,98,99,100,101,102,103,104,105,116,117,126,:
94:90,91,92,93,95,96,99,100,101,102,103,105,106,108,116,117,118,126,:
95:90,91,92,93,94,96,97,98,99,100,136,139,:
96:90,91,92,93,94,95,97,98,99,100,103,125,126,127,130,135,136,139,141,:
97:90,91,92,93,95,96,98,100,126,127,128,130,133,135,136,137,139,140,141,142,144,359,360,361,:
98:90,91,92,93,95,96,97,100,139,141,356,357,358,359,:
99:90,92,93,94,95,96,100,101,102,103,104,105,106,117,126,:
100:90,92,93,94,95,96,97,98,99,101,102,103,104,:
101:92,93,94,99,100,102,103,104,105,106,107,117,:
102:93,94,99,100,101,103,104,105,106,107,108,110,111,112,116,117,126,:
103:93,94,96,99,100,101,102,104,105,106,107,108,109,110,111,112,116,117,125,126,127,130,:
104:93,99,100,101,102,103,105,106,:
105:93,94,99,101,102,103,104,106,107,108,109,110,111,112,113,115,116,117,126,:
106:94,99,101,102,103,104,105,107,108,110,111,112,113,114,115,116,117,:
107:101,102,103,105,106,108,109,110,111,112,113,114,115,116,117,118,126,:
108:94,102,103,105,106,107,109,110,111,115,116,117,118,119,120,121,122,123,125,126,:
109:103,105,107,108,110,116,117,118,119,120,121,122,125,126,568,571,573,575,576,:
110:102,103,105,106,107,108,109,111,112,113,114,115,116,117,574,575,576,:
111:102,103,105,106,107,108,110,112,113,114,115,:
112:102,103,105,106,107,110,111,113,114,115,:
113:105,106,107,110,111,112,114,115,584,:
114:106,107,110,111,112,113,115,583,584,:
115:105,106,107,108,110,111,112,113,114,568,584,:
116:93,94,102,103,105,106,107,108,109,110,117,118,119,120,121,122,123,125,126,:
117:93,94,99,101,102,103,105,106,107,108,109,110,116,118,119,121,122,123,125,126,:
118:94,107,108,109,116,117,119,120,121,122,123,124,125,126,127,136,158,:
119:108,109,116,117,118,120,121,122,125,126,127,128,129,130,135,136,:
120:108,109,116,118,119,121,125,126,127,128,129,135,136,154,519,520,:
121:108,109,116,117,118,119,120,122,123,124,125,156,157,158,:
122:108,109,116,117,118,119,121,123,124,157,158,:
123:108,116,117,118,121,122,124,158,:
124:118,121,122,123,157,158,:
125:96,103,108,109,116,117,118,119,120,121,126,127,128,129,130,131,135,136,576,:
126:91,93,94,96,97,99,102,103,105,107,108,109,116,117,118,119,120,125,127,128,130,135,136,:
127:96,97,103,118,119,120,125,126,128,129,130,131,132,135,136,137,518,519,520,576,577,:
128:60,97,119,120,125,126,127,129,130,131,135,136,137,138,139,140,141,518,519,:
129:60,119,120,125,127,128,130,131,135,136,137,140,517,518,519,520,:
130:96,97,103,119,125,126,127,128,129,131,132,133,134,135,136,576,577,:
131:2,45,46,54,125,127,128,129,130,132,133,134,135,518,519,576,577,:
132:45,54,127,130,131,133,134,577,:
133:97,130,131,132,134,:
134:2,10,45,46,54,130,131,132,133,:
135:91,96,97,119,120,125,126,127,128,129,130,131,136,137,138,139,140,141,145,146,519,:
136:90,91,95,96,97,118,119,120,125,126,127,128,129,130,135,137,138,139,140,141,145,:
137:97,127,128,129,135,136,138,139,140,141,142,145,146,147,:
138:91,128,135,136,137,139,140,141,145,146,147,148,149,150,151,152,:
139:90,91,92,95,96,97,98,128,135,136,137,138,140,141,145,146,147,148,150,151,152,:
140:97,128,129,135,136,137,138,139,141,142,143,144,145,146,167,168,169,:
141:96,97,98,128,135,136,137,138,139,140,142,143,144,145,146,:
142:97,137,140,141,143,144,350,361,370,372,:
143:53,61,140,141,142,144,169,348,350,372,:
144:97,140,141,142,143,348,349,350,356,361,370,371,372,:
145:91,135,136,137,138,139,140,141,146,147,148,149,150,151,152,:
146:135,137,138,139,140,141,145,147,148,149,150,151,152,166,:
147:137,138,139,145,146,148,149,150,151,152,153,:
148:138,139,145,146,147,149,150,151,:
149:138,145,146,147,148,150,161,165,166,171,:
150:138,139,145,146,147,148,149,151,152,153,154,155,:
151:138,139,145,146,147,148,150,152,153,154,155,156,:
152:138,139,145,146,147,150,151,153,154,155,156,157,707,709,:
153:147,150,151,152,154,155,156,157,158,:
154:120,150,151,152,153,155,156,157,158,706,707,709,:
155:150,151,152,153,154,156,157,158,:
156:121,151,152,153,154,155,157,158,:
157:121,122,124,152,153,154,155,156,158,:
158:118,121,122,123,124,153,154,155,156,157,:
159:160,161,162,163,164,165,170,171,377,388,:
160:159,161,162,163,164,367,376,377,378,380,388,:
161:149,159,160,162,163,164,165,166,167,170,171,172,377,388,:
162:159,160,161,163,164,165,166,170,171,172,173,174,175,177,182,387,388,:
163:159,160,161,162,164,165,166,170,171,172,173,174,182,183,187,380,381,383,384,387,388,389,391,:
164:159,160,161,162,163,165,166,167,168,169,170,171,377,385,:
165:75,149,159,161,162,163,164,166,167,168,169,170,:
166:146,149,161,162,163,164,165,167,168,169,170,171,173,174,:
167:26,61,73,75,140,161,164,165,166,168,169,:
168:26,61,73,75,140,164,165,166,167,169,:
169:26,61,73,74,75,140,143,164,165,166,167,168,370,371,372,385,:
170:159,161,162,163,164,165,166,171,172,173,174,175,176,177,182,183,388,:
171:149,159,161,162,163,164,166,170,172,173,174,175,176,177,:
172:161,162,163,170,171,173,174,175,176,177,178,182,183,184,388,391,:
173:162,163,166,170,171,172,174,175,176,182,183,184,185,187,192,391,495,496,:
174:162,163,166,170,171,172,173,175,182,183,184,185,187,192,494,495,496,:
175:162,170,171,172,173,174,176,177,178,179,180,182,183,:
176:170,171,172,173,175,177,178,179,180,181,:
177:162,170,171,172,175,176,178,179,180,181,392,:
178:172,175,176,177,179,180,181,:
179:175,176,177,178,180,181,392,:
180:175,176,177,178,179,181,:
181:176,177,178,179,180,:
182:162,163,170,172,173,174,175,183,184,185,186,187,188,191,192,390,391,495,496,:
183:163,170,172,173,174,175,182,184,185,186,187,191,192,388,390,391,396,398,401,402,:
184:172,173,174,182,183,185,186,187,188,189,190,191,192,193,201,391,402,495,496,:
185:173,174,182,183,184,186,187,188,189,190,191,192,193,194,196,200,201,206,212,401,402,495,496,:
186:182,183,184,185,187,188,189,190,191,192,193,194,200,201,205,206,208,209,212,391,398,399,401,402,403,410,411,:
187:163,173,174,182,183,184,185,186,188,189,190,191,192,201,206,211,212,386,496,:
188:28,29,30,71,182,184,185,186,187,189,190,191,200,201,205,206,211,212,499,500,:
189:28,29,30,71,184,185,186,187,188,190,191,192,194,200,201,202,203,205,206,212,487,496,498,499,500,:
190:24,28,29,30,70,71,184,185,186,187,188,189,201,205,206,210,211,212,386,:
191:182,183,184,185,186,187,188,189,192,193,194,195,196,197,198,199,200,201,206,402,490,495,496,499,:
192:173,174,182,183,184,185,186,187,189,191,193,194,196,197,198,199,200,201,489,490,491,494,495,496,497,498,499,:
193:184,185,186,191,192,194,195,196,197,198,199,200,201,202,206,402,404,406,410,411,490,495,:
194:185,186,189,191,192,193,195,196,197,198,199,200,201,202,203,205,206,402,410,411,:
195:191,193,194,196,197,198,200,201,202,203,205,206,410,411,412,415,450,456,478,:
196:185,191,192,193,194,195,197,198,199,200,201,478,490,495,:
197:191,192,193,194,195,196,198,199,200,201,477,478,480,482,483,489,490,495,497,:
198:191,192,193,194,195,196,197,199,200,201,477,478,480,482,483,485,489,490,:
199:191,192,193,194,196,197,198,406,490,495,497,:
200:185,186,188,189,191,192,193,194,195,196,197,198,201,202,203,204,205,206,487,:
201:184,185,186,187,188,189,190,191,192,193,194,195,196,197,198,200,202,203,205,206,212,487,490,499,:
202:79,189,193,194,195,200,201,203,204,205,206,207,486,487,:
203:30,79,189,194,195,200,201,202,204,205,206,207,208,209,210,211,212,415,:
204:30,32,33,41,42,79,80,81,200,202,203,205,206,207,210,444,446,:
205:79,186,188,189,190,194,195,200,201,202,203,204,206,207,208,209,210,211,212,213,411,415,:
206:185,186,187,188,189,190,191,193,194,195,200,201,202,203,204,205,207,208,209,210,211,212,213,402,410,411,415,:
207:202,203,204,205,206,208,209,210,211,212,213,214,215,220,411,415,:
208:186,203,205,206,207,209,210,211,212,213,214,215,216,218,219,220,398,402,410,411,415,:
209:186,203,205,206,207,208,210,211,212,213,214,215,216,218,220,398,399,401,402,403,404,410,411,412,415,:
210:30,190,203,204,205,206,207,208,209,211,212,213,214,220,:
211:30,187,188,190,203,205,206,207,208,209,210,212,213,214,220,270,274,:
212:30,185,186,187,188,189,190,201,203,205,206,207,208,209,210,211,213,:
213:205,206,207,208,209,210,211,212,214,215,216,217,218,219,220,411,:
214:207,208,209,210,211,213,215,216,217,218,219,220,226,:
215:207,208,209,213,214,216,217,218,219,220,221,411,:
216:208,209,213,214,215,217,218,219,220,221,222,223,224,225,226,:
217:213,214,215,216,218,219,220,221,222,224,226,:
218:208,209,213,214,215,216,217,219,220,419,422,:
219:208,213,214,215,216,217,218,220,221,222,223,224,225,226,397,398,:
220:207,208,209,210,211,213,214,215,216,217,218,219,221,222,223,224,225,226,397,398,:
221:215,216,217,219,220,222,223,224,225,226,227,397,:
222:216,217,219,220,221,223,224,225,228,229,396,397,:
223:216,219,220,221,222,224,228,229,381,382,389,390,396,397,398,:
224:216,217,219,220,221,222,223,225,226,227,252,:
225:216,219,220,221,222,224,226,227,252,:
226:214,216,217,219,220,221,224,225,227,252,:
227:221,224,225,226,:
228:222,223,229,230,231,232,233,234,235,379,382,:
229:222,223,228,230,231,232,233,234,235,378,379,380,381,382,383,:
230:228,229,231,232,233,234,235,236,240,379,:
231:228,229,230,232,233,234,236,240,379,382,:
232:228,229,230,231,233,234,236,240,375,376,378,379,380,381,382,:
233:228,229,230,231,232,234,235,236,237,239,240,:
234:228,229,230,231,232,233,235,236,237,238,239,240,241,242,379,:
235:228,229,230,233,234,236,237,238,239,240,241,273,274,379,:
236:230,231,232,233,234,235,237,238,239,240,241,242,243,379,:
237:233,234,235,236,238,239,240,241,243,272,273,274,379,383,:
238:234,235,236,237,239,241,271,272,273,274,383,384,385,386,:
239:233,234,235,236,237,238,240,241,242,243,379,:
240:230,231,232,233,234,235,236,237,239,241,242,243,:
241:234,235,236,237,238,239,240,242,243,336,337,339,340,341,:
242:234,236,239,240,241,243,375,:
243:236,237,239,240,241,242,336,337,:
244:245,246,247,248,249,250,251,253,254,:
245:244,246,247,248,249,251,253,:
246:244,245,247,248,249,250,251,252,253,254,255,260,:
247:244,245,246,248,249,250,251,253,254,255,256,258,259,260,:
248:244,245,246,247,249,251,253,254,255,258,259,260,304,305,307,:
249:244,245,246,247,248,250,251,252,253,254,:
250:244,246,247,249,251,252,253,254,270,272,273,:
251:244,245,246,247,248,249,250,252,253,271,272,273,:
252:224,225,226,246,249,250,251,270,272,273,274,:
253:244,245,246,247,248,249,250,251,254,255,256,257,258,259,260,261,262,:
254:244,246,247,248,249,250,253,255,256,257,258,259,260,261,:
255:246,247,248,253,254,256,257,258,259,260,261,262,263,298,:
256:247,253,254,255,257,258,259,261,262,263,264,265,266,267,298,:
257:83,253,254,255,256,258,261,262,263,264,266,:
258:247,248,253,254,255,256,257,259,260,261,262,:
259:247,248,253,254,255,256,258,260,:
260:246,247,248,253,254,255,258,259,:
261:253,254,255,256,257,258,262,263,264,265,266,267,268,269,275,276,298,:
262:253,255,256,257,258,261,263,264,265,266,267,269,294,295,296,297,298,301,302,:
263:43,255,256,257,261,262,264,265,266,267,268,269,275,276,277,281,290,298,:
264:21,43,256,257,261,262,263,265,266,267,275,276,277,278,279,280,281,289,290,:
265:256,261,262,263,264,266,275,276,277,278,279,280,281,283,289,290,291,295,:
266:21,27,43,69,76,77,256,257,261,262,263,264,265,267,268,269,270,271,275,276,281,287,298,300,301,:
267:27,69,70,76,77,256,261,262,263,264,266,268,269,270,271,272,276,300,301,:
268:23,24,30,43,69,70,76,77,261,263,266,267,269,270,271,272,273,274,:
269:27,76,77,261,262,263,266,267,268,270,271,272,273,298,300,301,341,:
270:30,70,77,211,250,252,266,267,268,269,271,272,273,274,386,:
271:77,238,251,266,267,268,269,270,272,273,274,340,341,:
272:70,77,237,238,250,251,252,267,268,269,270,271,273,274,386,:
273:235,237,238,250,251,252,268,269,270,271,272,274,386,:
274:211,235,237,238,252,268,270,271,272,273,386,:
275:21,43,86,261,263,264,265,266,276,277,278,279,280,281,290,:
276:20,21,31,37,41,43,69,84,86,261,263,264,265,266,267,275,277,278,280,281,:
277:18,21,40,43,86,89,263,264,265,275,276,278,279,280,281,282,290,:
278:18,21,64,89,264,265,275,276,277,279,280,281,282,283,285,289,290,:
279:18,264,265,275,277,278,280,281,282,283,289,290,:
280:16,18,21,64,264,265,275,276,277,278,279,281,282,283,284,285,286,287,288,289,290,295,:
281:15,16,18,20,21,62,64,76,263,264,265,266,275,276,277,278,279,280,282,283,285,286,287,288,289,290,295,301,:
282:64,277,278,279,280,281,283,284,285,286,287,288,289,290,291,295,:
283:265,278,279,280,281,282,284,285,286,287,289,290,291,292,294,295,:
284:280,282,283,285,286,287,289,290,291,292,294,295,328,:
285:14,16,21,47,62,64,278,280,281,282,283,284,286,287,288,289,290,295,328,:
286:14,21,47,49,62,64,76,78,280,281,282,283,284,285,287,288,289,295,300,301,325,326,327,328,:
287:21,27,62,76,78,266,280,281,282,283,284,285,286,288,289,290,294,295,296,299,300,301,326,327,328,:
288:3,5,11,14,15,20,21,27,47,49,55,62,64,72,76,78,280,281,282,285,286,287,301,325,326,327,328,:
289:264,265,278,279,280,281,282,283,284,285,286,287,290,291,292,293,294,295,301,:
290:263,264,265,275,277,278,279,280,281,282,283,284,285,287,289,291,292,294,295,301,:
291:265,282,283,284,289,290,292,293,294,295,296,:
292:283,284,289,290,291,293,294,295,296,297,298,299,301,:
293:289,291,292,294,295,296,297,298,302,309,:
294:262,283,284,287,289,290,291,292,293,295,296,297,298,299,300,301,302,303,:
295:262,265,280,281,282,283,284,285,286,287,289,290,291,292,293,294,296,297,298,299,300,301,328,:
296:262,287,291,292,293,294,295,297,298,299,300,301,302,303,304,309,316,317,:
297:262,292,293,294,295,296,298,299,300,301,302,303,304,305,307,308,309,316,:
298:255,256,261,262,263,266,269,292,293,294,295,296,297,299,300,301,302,303,304,307,309,:
299:287,292,294,295,296,297,298,300,301,302,303,316,317,323,325,326,327,340,341,:
300:27,76,77,78,266,267,269,286,287,294,295,296,297,298,299,301,302,303,326,340,341,:
301:27,76,77,78,262,266,267,269,281,286,287,288,289,290,292,294,295,296,297,298,299,300,326,:
302:262,293,294,296,297,298,299,300,303,304,305,306,307,308,309,311,315,316,317,340,:
303:294,296,297,298,299,300,302,304,305,306,307,308,309,310,311,312,315,316,317,338,340,:
304:248,296,297,298,302,303,305,306,307,308,309,:
305:248,297,302,303,304,306,307,308,309,311,:
306:302,303,304,305,307,308,309,310,311,312,315,316,338,340,:
307:248,297,298,302,303,304,305,306,308,309,:
308:297,302,303,304,305,306,307,309,315,:
309:293,296,297,298,302,303,304,305,306,307,308,311,312,315,316,:
310:303,306,311,312,313,314,315,316,317,:
311:302,303,305,306,309,310,312,313,314,315,316,317,331,338,:
312:303,306,309,310,311,313,314,315,316,317,319,331,:
313:310,311,312,314,315,316,317,318,319,330,331,:
314:310,311,312,313,315,316,317,318,319,321,330,331,332,333,335,:
315:302,303,306,308,309,310,311,312,313,314,316,317,319,:
316:296,297,299,302,303,306,309,310,311,312,313,314,315,317,318,319,331,338,:
317:296,299,302,303,310,311,312,313,314,315,316,318,319,320,323,330,331,338,:
318:313,314,316,317,319,320,321,322,323,324,330,331,:
319:312,313,314,315,316,317,318,320,321,323,330,331,:
320:317,318,319,321,322,323,324,325,329,330,331,332,:
321:314,318,319,320,322,323,324,330,331,332,333,334,335,343,:
322:318,320,321,323,324,330,331,332,333,334,342,343,344,347,:
323:299,317,318,319,320,321,322,324,325,326,327,328,329,330,331,:
324:55,318,320,321,322,323,325,326,327,328,329,330,331,:
325:55,286,288,299,320,323,324,326,327,328,329,:
326:5,7,49,53,55,78,286,287,288,299,300,301,323,324,325,327,328,329,:
327:55,286,287,288,299,323,324,325,326,328,329,:
328:47,55,284,285,286,287,288,295,323,324,325,326,327,329,:
329:320,323,324,325,326,327,328,:
330:313,314,317,318,319,320,321,322,323,324,331,332,333,334,335,336,337,338,:
331:311,312,313,314,316,317,318,319,320,321,322,323,324,330,332,333,335,336,337,338,:
332:314,320,321,322,330,331,333,334,335,336,337,338,343,:
333:314,321,322,330,331,332,334,335,336,342,343,:
334:321,322,330,332,333,335,342,343,344,346,:
335:314,321,330,331,332,333,334,336,337,338,339,340,:
336:241,243,330,331,332,333,335,337,338,339,340,341,:
337:241,243,330,331,332,335,336,338,339,340,341,371,:
338:303,306,311,316,317,330,331,332,335,336,337,339,340,341,:
339:73,74,241,335,336,337,338,340,341,:
340:241,271,299,300,302,303,306,335,336,337,338,339,341,:
341:77,78,241,269,271,299,300,336,337,338,339,340,:
342:322,333,334,343,344,345,346,347,348,:
343:321,322,332,333,334,342,344,345,346,347,:
344:322,334,342,343,345,346,347,348,349,350,352,:
345:342,343,344,346,347,348,349,351,352,363,:
346:334,342,343,344,345,347,348,349,351,352,363,366,:
347:322,342,343,344,345,346,348,349,350,352,:
348:143,144,342,344,345,346,347,349,350,351,352,361,363,370,371,372,:
349:144,344,345,346,347,348,350,351,352,353,354,356,357,359,360,361,362,363,:
350:142,143,144,344,347,348,349,352,361,370,371,372,:
351:345,346,348,349,352,353,354,355,356,357,358,359,361,362,363,:
352:344,345,346,347,348,349,350,351,353,354,356,357,358,359,361,362,363,:
353:349,351,352,354,355,356,357,358,359,361,362,363,364,:
354:349,351,352,353,355,356,357,362,363,364,365,366,367,:
355:351,353,354,356,362,363,364,365,367,:
356:98,144,349,351,352,353,354,355,357,358,359,360,361,362,363,:
357:98,349,351,352,353,354,356,358,359,360,361,:
358:98,351,352,353,356,357,359,360,361,:
359:97,98,349,351,352,353,356,357,358,360,361,:
360:97,349,356,357,358,359,361,:
361:97,142,144,348,349,350,351,352,353,356,357,358,359,360,:
362:349,351,352,353,354,355,356,363,364,365,366,367,368,369,370,372,:
363:345,346,348,349,351,352,353,354,355,356,362,364,365,366,367,368,369,370,372,:
364:353,354,355,362,363,365,366,367,368,369,370,372,374,:
365:354,355,362,363,364,366,367,368,369,373,374,:
366:346,354,362,363,364,365,367,368,369,374,:
367:160,354,355,362,363,364,365,366,368,369,370,371,372,373,374,377,:
368:362,363,364,365,366,367,369,370,371,372,373,374,377,:
369:362,363,364,365,366,367,368,370,371,372,373,374,375,376,377,:
370:142,144,169,348,350,362,363,364,367,368,369,371,372,374,:
371:144,169,337,348,350,367,368,369,370,372,:
372:142,143,144,169,348,350,362,363,364,367,368,369,370,371,:
373:365,367,368,369,374,375,376,377,378,379,:
374:364,365,366,367,368,369,370,373,375,376,377,:
375:232,242,369,373,374,376,377,378,379,380,:
376:160,232,369,373,374,375,377,378,379,380,381,382,383,385,:
377:159,160,161,164,367,368,369,373,374,375,376,378,379,380,381,383,385,:
378:160,229,232,373,375,376,377,379,380,381,382,383,384,385,387,388,:
379:228,229,230,231,232,234,235,236,237,239,373,375,376,377,378,380,381,382,383,384,385,:
380:160,163,229,232,375,376,377,378,379,381,382,383,384,385,386,387,388,389,:
381:163,223,229,232,376,377,378,379,380,382,383,384,387,388,389,390,392,396,397,:
382:223,228,229,231,232,376,378,379,380,381,383,387,388,389,390,392,397,:
383:163,229,237,238,376,377,378,379,380,381,382,384,385,386,387,388,:
384:74,163,238,378,379,380,381,383,385,386,388,:
385:74,164,169,238,376,377,378,379,380,383,384,386,:
386:26,70,74,75,187,190,238,270,272,273,274,380,383,384,385,:
387:162,163,378,380,381,382,383,388,389,390,391,392,393,396,397,:
388:159,160,161,162,163,170,172,183,378,380,381,382,383,384,387,389,390,391,392,396,:
389:163,223,380,381,382,387,388,390,391,392,393,394,395,396,397,398,:
390:182,183,223,381,382,387,388,389,391,392,393,395,396,397,398,399,400,:
391:163,172,173,182,183,184,186,387,388,389,390,392,393,395,396,397,398,399,400,401,402,:
392:177,179,381,382,387,388,389,390,391,393,394,395,396,397,:
393:387,389,390,391,392,394,395,396,:
394:389,392,393,395,:
395:389,390,391,392,393,394,396,400,407,409,:
396:183,222,223,381,387,388,389,390,391,392,393,395,397,398,399,400,401,402,:
397:219,220,221,222,223,381,382,387,389,390,391,392,396,398,399,400,:
398:183,186,208,209,219,220,223,389,390,391,396,397,399,400,401,402,403,411,:
399:186,209,390,391,396,397,398,400,401,402,403,404,406,407,410,411,:
400:390,391,395,396,397,398,399,401,402,403,406,407,409,411,:
401:183,185,186,209,391,396,398,399,400,402,403,404,405,406,407,409,410,411,:
402:183,184,185,186,191,193,194,206,208,209,391,396,398,399,400,401,403,404,405,406,407,410,411,:
403:186,209,398,399,400,401,402,404,405,406,407,408,409,410,411,412,414,:
404:193,209,399,401,402,403,405,406,407,410,411,412,413,414,415,459,:
405:401,402,403,404,406,410,411,412,413,414,456,458,459,:
406:193,199,399,400,401,402,403,404,405,407,408,409,410,411,:
407:395,399,400,401,402,403,404,406,408,409,:
408:403,406,407,409,:
409:395,400,401,403,406,407,408,:
410:186,193,194,195,206,208,209,399,401,402,403,404,405,406,411,412,413,414,415,459,:
411:186,193,194,195,205,206,207,208,209,213,215,398,399,400,401,402,403,404,405,406,410,412,413,414,415,:
412:195,209,403,404,405,410,411,413,414,415,458,459,:
413:404,405,410,411,412,414,415,459,:
414:403,404,405,410,411,412,413,415,:
415:195,203,205,206,207,208,209,404,410,411,412,413,414,:
416:417,418,419,420,421,422,423,:
417:416,418,419,421,422,423,:
418:416,417,419,420,421,422,423,424,:
419:218,416,417,418,420,421,422,423,:
420:416,418,419,421,422,:
421:416,417,418,419,420,422,423,424,:
422:218,416,417,418,419,420,421,423,424,:
423:416,417,418,419,421,422,424,428,429,:
424:418,421,422,423,429,:
425:426,427,428,429,430,431,432,438,:
426:425,427,428,429,430,431,438,:
427:425,426,428,429,430,431,432,433,438,:
428:423,425,426,427,429,430,431,437,438,:
429:423,424,425,426,427,428,430,437,438,443,445,447,:
430:425,426,427,428,429,431,432,433,434,436,438,:
431:425,426,427,428,430,432,433,434,435,436,:
432:425,427,430,431,433,434,435,436,:
433:427,430,431,432,434,435,436,:
434:430,431,432,433,435,436,:
435:431,432,433,434,436,:
436:430,431,432,433,434,435,:
437:428,429,438,439,440,441,442,443,444,445,449,450,:
438:425,426,427,428,429,430,437,439,440,441,442,443,445,:
439:437,438,440,441,442,443,444,445,449,450,451,:
440:437,438,439,441,442,443,449,450,451,452,454,:
441:437,438,439,440,442,449,450,451,452,:
442:437,438,439,440,441,443,444,445,446,447,449,450,472,:
443:429,437,438,439,440,442,444,445,446,447,448,472,473,:
444:81,204,437,439,442,443,445,446,447,448,473,:
445:429,437,438,439,442,443,444,446,447,448,:
446:81,85,204,442,443,444,445,447,448,:
447:85,429,442,443,444,445,446,448,:
448:81,82,85,443,444,445,446,447,:
449:437,439,440,441,442,450,451,452,453,454,455,456,:
450:195,437,439,440,441,442,449,451,452,453,454,455,456,:
451:439,440,441,449,450,452,453,454,455,456,457,461,475,:
452:440,441,449,450,451,453,454,455,475,:
453:449,450,451,452,454,467,468,470,474,475,:
454:440,449,450,451,452,453,455,456,457,458,460,461,475,:
455:449,450,451,452,454,456,457,458,459,460,461,462,463,:
456:195,405,449,450,451,454,455,457,458,459,460,461,462,:
457:451,454,455,456,458,459,460,461,462,463,464,:
458:405,412,454,455,456,457,459,460,461,462,464,:
459:404,405,410,412,413,455,456,457,458,460,462,:
460:454,455,456,457,458,459,461,462,463,464,:
461:451,454,455,456,457,458,460,462,463,464,:
462:455,456,457,458,459,460,461,463,464,:
463:455,457,460,461,462,464,:
464:457,458,460,461,462,463,:
465:466,467,468,469,470,471,472,474,475,671,685,691,:
466:465,467,468,469,470,471,472,670,671,675,677,684,685,691,:
467:453,465,466,468,469,470,471,472,473,474,475,476,685,:
468:453,465,466,467,469,470,471,472,474,475,476,477,478,479,480,481,685,:
469:465,466,467,468,470,471,474,475,476,477,480,481,485,678,684,685,686,687,688,689,691,:
470:453,465,466,467,468,469,471,472,473,474,475,:
471:465,466,467,468,469,470,472,473,671,683,685,:
472:442,443,465,466,467,468,470,471,473,:
473:33,36,80,81,85,443,444,467,470,471,472,683,:
474:453,465,467,468,469,470,475,476,477,478,479,480,481,:
475:451,452,453,454,465,467,468,469,470,474,476,477,478,479,:
476:467,468,469,474,475,477,478,479,480,481,482,688,:
477:197,198,468,469,474,475,476,478,479,480,481,482,483,485,490,688,:
478:195,196,197,198,468,474,475,476,477,479,480,481,482,485,490,:
479:468,474,475,476,477,478,480,481,:
480:197,198,468,469,474,476,477,478,479,481,482,483,484,485,486,489,490,687,688,:
481:468,469,474,476,477,478,479,480,482,483,484,485,489,490,685,686,687,688,696,:
482:197,198,476,477,478,480,481,483,484,485,486,487,488,489,490,491,499,688,:
483:197,198,477,480,481,482,484,485,486,487,489,490,491,492,494,498,499,504,688,:
484:480,481,482,483,485,486,487,488,489,490,491,492,493,498,499,503,504,505,507,508,688,698,:
485:198,469,477,478,480,481,482,483,484,486,487,488,489,490,499,682,:
486:29,80,202,480,482,483,484,485,487,488,489,499,503,504,508,509,510,682,:
487:28,29,80,189,200,201,202,482,483,484,485,486,488,489,490,498,499,500,501,503,504,509,510,:
488:28,29,31,33,67,80,482,484,485,486,487,504,508,509,510,682,:
489:192,197,198,480,481,482,483,484,485,486,487,490,491,492,493,494,495,496,497,498,499,504,:
490:191,192,193,196,197,198,199,201,477,478,480,481,482,483,484,485,487,489,491,492,494,495,496,497,498,499,:
491:192,482,483,484,489,490,492,493,494,495,496,497,498,499,500,504,708,:
492:483,484,489,490,491,493,494,495,496,497,498,499,500,501,503,504,708,:
493:484,489,491,492,494,495,496,498,499,500,501,503,504,707,708,709,:
494:174,192,483,489,490,491,492,493,495,496,497,498,499,:
495:173,174,182,184,185,191,192,193,196,197,199,489,490,491,492,493,494,496,497,498,499,:
496:173,174,182,184,185,187,189,191,192,489,490,491,492,493,494,495,497,498,499,500,:
497:192,197,199,489,490,491,492,494,495,496,:
498:29,189,192,483,484,487,489,490,491,492,493,494,495,496,499,500,501,502,503,504,:
499:29,188,189,191,192,201,482,483,484,485,486,487,489,490,491,492,493,494,495,496,498,500,501,503,504,:
500:29,71,188,189,487,491,492,493,496,498,499,501,502,503,504,505,:
501:22,29,59,68,71,487,492,493,498,499,500,502,503,504,505,506,507,508,509,510,:
502:9,22,23,24,25,29,59,61,63,68,71,72,75,498,500,501,503,504,505,506,508,509,510,:
503:29,68,484,486,487,492,493,498,499,500,501,502,504,505,506,507,508,509,510,511,512,513,:
504:29,483,484,486,487,488,489,491,492,493,498,499,500,501,502,503,505,506,507,508,509,510,512,708,:
505:13,59,63,68,484,500,501,502,503,504,506,507,508,509,510,511,512,513,514,522,:
506:13,501,502,503,504,505,507,508,509,511,512,513,514,515,516,517,521,522,701,702,:
507:484,501,503,504,505,506,508,511,512,513,514,515,516,521,522,698,699,701,702,703,706,707,708,709,:
508:63,67,68,484,486,488,501,502,503,504,505,506,507,509,510,511,512,513,682,:
509:15,17,19,20,22,29,63,66,67,68,486,487,488,501,502,503,504,505,506,508,510,511,682,:
510:15,19,20,22,23,28,29,31,63,67,68,80,486,487,488,501,502,503,504,505,508,509,511,:
511:13,19,63,65,67,503,505,506,507,508,509,510,512,513,521,522,525,546,682,:
512:13,44,59,503,504,505,506,507,508,511,513,514,515,516,517,518,519,520,521,522,702,:
513:1,9,11,13,44,59,60,63,503,505,506,507,508,511,512,514,515,517,518,519,521,522,:
514:505,506,507,512,513,515,516,517,518,519,520,521,522,523,702,709,:
515:506,507,512,513,514,516,517,518,519,520,521,522,523,524,525,526,527,529,701,702,:
516:506,507,512,514,515,517,520,521,522,523,524,525,529,701,702,703,704,706,:
517:1,13,44,46,51,58,129,506,512,513,514,515,516,518,519,520,521,522,:
518:1,2,9,10,13,44,46,51,59,60,127,128,129,131,512,513,514,515,517,519,520,:
519:1,9,44,46,59,60,120,127,128,129,131,135,512,513,514,515,517,518,520,:
520:44,46,51,58,120,127,129,512,514,515,516,517,518,519,521,529,573,575,576,577,:
521:506,507,511,512,513,514,515,516,517,520,522,523,524,525,526,527,529,530,531,702,:
522:13,505,506,507,511,512,513,514,515,516,517,521,523,524,525,526,527,:
523:514,515,516,521,522,524,525,526,527,528,529,530,531,532,:
524:515,516,521,522,523,525,526,527,530,531,532,533,534,535,539,540,697,:
525:511,515,516,521,522,523,524,526,530,531,532,533,539,540,679,696,697,698,699,702,:
526:515,521,522,523,524,525,527,528,529,530,531,547,:
527:50,51,58,515,521,522,523,524,526,528,529,:
528:6,50,51,523,526,527,529,613,:
529:58,515,516,520,521,523,526,527,528,571,:
530:521,523,524,525,526,531,532,533,534,535,536,539,540,697,:
531:521,523,524,525,526,530,532,533,534,535,:
532:523,524,525,530,531,533,534,535,536,537,538,539,540,541,679,697,:
533:524,525,530,531,532,534,535,536,537,539,540,541,542,543,544,545,547,608,679,:
534:524,530,531,532,533,535,536,539,540,541,542,547,607,608,611,:
535:524,530,531,532,533,534,536,537,538,539,540,:
536:530,532,533,534,535,537,538,539,540,:
537:532,533,535,536,538,539,540,679,686,692,697,:
538:532,535,536,537,:
539:524,525,530,532,533,534,535,536,537,540,541,542,543,544,545,547,608,676,679,:
540:524,525,530,532,533,534,535,536,537,539,541,542,543,544,545,675,676,677,678,679,680,697,:
541:532,533,534,539,540,542,543,544,545,546,547,608,611,676,679,:
542:533,534,539,540,541,543,544,545,611,675,676,:
543:533,539,540,541,542,544,637,669,670,672,673,675,676,677,679,:
544:533,539,540,541,542,543,545,546,547,611,623,629,676,680,:
545:533,539,540,541,542,544,546,547,:
546:19,66,511,541,544,545,547,:
547:526,533,534,539,541,544,545,546,608,610,611,612,623,:
548:549,550,551,552,553,554,555,:
549:548,550,551,553,554,555,560,:
550:548,549,551,552,553,554,555,556,560,589,:
551:548,549,550,552,553,554,555,556,557,559,560,:
552:548,550,551,553,554,555,556,557,600,601,:
553:548,549,550,551,552,554,555,560,589,590,:
554:548,549,550,551,552,553,555,556,557,558,559,560,:
555:548,549,550,551,552,553,554,556,557,559,560,:
556:550,551,552,554,555,557,558,559,560,561,:
557:551,552,554,555,556,558,559,560,561,562,600,:
558:554,556,557,559,560,561,:
559:551,554,555,556,557,558,560,561,562,563,600,:
560:549,550,551,553,554,555,556,557,558,559,561,562,563,600,:
561:556,557,558,559,560,562,563,614,615,617,:
562:557,559,560,561,563,615,616,617,:
563:559,560,561,562,:
564:565,566,567,568,569,570,597,:
565:564,566,567,569,596,597,602,604,605,:
566:564,565,567,568,569,570,571,572,597,:
567:564,565,566,568,569,570,571,572,:
568:109,115,564,566,567,569,570,571,572,:
569:564,565,566,567,568,570,571,572,573,574,597,:
570:564,566,567,568,569,571,572,573,574,575,:
571:109,529,566,567,568,569,570,572,573,574,575,576,:
572:566,567,568,569,570,571,573,574,575,576,577,601,:
573:58,109,520,569,570,571,572,574,575,576,577,:
574:8,56,57,58,110,569,570,571,572,573,575,576,577,:
575:8,57,58,109,110,520,570,571,572,573,574,576,577,:
576:8,46,57,58,109,110,125,127,130,131,520,571,572,573,574,575,577,:
577:2,4,8,45,46,56,57,58,127,130,131,132,520,572,573,574,575,576,:
578:579,580,581,582,583,584,585,586,:
579:578,580,581,582,583,584,585,586,587,:
580:578,579,581,582,583,584,585,586,587,588,590,594,:
581:578,579,580,582,583,584,585,586,587,588,589,:
582:578,579,580,581,583,584,585,586,:
583:114,578,579,580,581,582,584,:
584:113,114,115,578,579,580,581,582,583,:
585:578,579,580,581,582,586,587,588,589,590,591,592,594,:
586:578,579,580,581,582,585,587,588,590,591,592,594,:
587:579,580,581,585,586,588,589,590,591,592,594,:
588:580,581,585,586,587,589,590,591,592,:
589:550,553,581,585,587,588,590,591,:
590:553,580,585,586,587,588,589,591,592,593,594,:
591:585,586,587,588,589,590,592,:
592:585,586,587,588,590,591,:
593:590,594,595,596,597,598,599,602,603,:
594:580,585,586,587,590,593,595,596,597,598,:
595:593,594,596,597,598,599,600,601,602,603,604,:
596:565,593,594,595,597,598,599,600,602,603,604,605,606,:
597:564,565,566,569,593,594,595,596,598,599,602,603,604,605,606,:
598:593,594,595,596,597,599,600,601,602,603,:
599:593,595,596,597,598,600,601,602,603,606,618,:
600:552,557,559,560,595,596,598,599,601,602,603,616,617,618,:
601:8,56,552,572,595,598,599,600,:
602:565,593,595,596,597,598,599,600,603,604,605,606,616,617,618,:
603:593,595,596,597,598,599,600,602,604,605,606,616,617,618,:
604:565,595,596,597,602,603,605,606,616,617,618,:
605:565,596,597,602,603,604,606,616,617,618,:
606:596,597,599,602,603,604,605,613,614,616,617,618,:
607:534,608,609,610,611,612,613,614,619,620,:
608:533,534,539,541,547,607,609,610,611,612,613,619,:
609:607,608,610,611,612,613,614,615,619,620,621,:
610:547,607,608,609,611,612,613,619,620,621,622,623,624,:
611:534,541,542,544,547,607,608,609,610,612,619,620,621,622,623,627,628,:
612:547,607,608,609,610,611,613,614,615,616,618,619,620,:
613:528,606,607,608,609,610,612,614,615,616,617,618,:
614:561,606,607,609,612,613,615,616,617,618,:
615:561,562,609,612,613,614,616,617,618,620,:
616:562,600,602,603,604,605,606,612,613,614,615,617,618,:
617:561,562,600,602,603,604,605,606,613,614,615,616,618,:
618:599,600,602,603,604,605,606,612,613,614,615,616,617,:
619:607,608,609,610,611,612,620,621,622,623,624,625,626,627,628,:
620:607,609,610,611,612,615,619,621,622,623,624,625,:
621:609,610,611,619,620,622,623,624,625,626,627,628,629,639,:
622:610,611,619,620,621,623,624,625,626,627,628,629,630,632,638,639,:
623:544,547,610,611,619,620,621,622,624,625,626,627,628,629,630,638,639,645,:
624:610,619,620,621,622,623,625,626,627,628,638,639,:
625:619,620,621,622,623,624,626,627,628,629,630,638,639,640,:
626:619,621,622,623,624,625,627,628,629,630,634,638,639,640,:
627:611,619,621,622,623,624,625,626,628,629,630,631,632,633,634,638,639,:
628:611,619,621,622,623,624,625,626,627,629,630,632,633,634,635,638,639,:
629:544,621,622,623,625,626,627,628,630,631,632,633,634,635,638,639,640,645,:
630:622,623,625,626,627,628,629,631,632,633,634,638,639,640,641,643,644,645,647,:
631:627,629,630,632,633,634,638,639,640,641,642,643,644,645,646,647,651,652,653,654,:
632:622,627,628,629,630,631,633,634,635,636,637,638,639,647,659,:
633:627,628,629,630,631,632,634,635,636,637,638,639,647,659,:
634:626,627,628,629,630,631,632,633,635,636,637,638,639,646,647,:
635:628,629,632,633,634,636,637,656,658,659,:
636:632,633,634,635,637,655,656,659,:
637:543,632,633,634,635,636,655,656,657,658,659,667,669,673,674,:
638:622,623,624,625,626,627,628,629,630,631,632,633,634,639,640,641,642,643,644,645,647,:
639:621,622,623,624,625,626,627,628,629,630,631,632,633,634,638,640,641,643,644,645,:
640:625,626,629,630,631,638,639,641,642,643,644,645,647,:
641:630,631,638,639,640,642,643,644,646,647,:
642:631,638,640,641,643,646,647,:
643:630,631,638,639,640,641,642,644,645,:
644:630,631,638,639,640,641,643,645,:
645:623,629,630,631,638,639,640,643,644,:
646:631,634,641,642,647,648,649,650,651,652,653,:
647:630,631,632,633,634,638,640,641,642,646,648,649,651,652,653,:
648:646,647,649,650,651,652,653,654,656,:
649:646,647,648,650,651,652,653,655,656,:
650:646,648,649,651,652,655,656,662,:
651:631,646,647,648,649,650,652,653,654,656,:
652:631,646,647,648,649,650,651,653,654,655,656,659,:
653:631,646,647,648,649,651,652,654,:
654:38,39,87,88,631,648,651,652,653,656,659,664,666,:
655:636,637,649,650,652,656,657,658,659,660,661,662,667,668,:
656:635,636,637,648,649,650,651,652,654,655,657,658,659,660,661,662,667,:
657:637,655,656,658,659,660,661,662,663,667,668,669,674,:
658:635,637,655,656,657,659,660,661,663,667,668,669,670,671,672,673,674,:
659:632,633,635,636,637,652,654,655,656,657,658,660,661,663,667,668,669,670,672,673,674,:
660:655,656,657,658,659,661,662,663,664,665,667,668,:
661:655,656,657,658,659,660,662,663,664,665,666,667,668,:
662:650,655,656,657,660,661,663,664,665,666,:
663:657,658,659,660,661,662,664,665,666,667,668,671,:
664:87,654,660,661,662,663,665,666,:
665:85,87,660,661,662,663,664,666,683,:
666:38,85,87,654,661,662,663,664,665,:
667:637,655,656,657,658,659,660,661,663,668,669,670,671,672,673,674,675,676,:
668:655,657,658,659,660,661,663,667,669,670,671,672,673,674,:
669:543,637,657,658,659,667,668,670,671,672,673,674,675,676,677,:
670:466,543,658,659,667,668,669,671,672,673,675,676,677,678,680,681,683,684,685,:
671:465,466,471,658,663,667,668,669,670,672,675,676,677,678,680,683,684,685,:
672:543,658,659,667,668,669,670,671,673,674,675,676,:
673:543,637,658,659,667,668,669,670,672,674,676,:
674:637,657,658,659,667,668,669,672,673,:
675:466,540,542,543,667,669,670,671,672,676,677,678,679,680,681,682,683,684,685,:
676:539,540,541,542,543,544,667,669,670,671,672,673,675,677,678,679,680,681,683,684,:
677:466,540,543,669,670,671,675,676,678,679,680,681,682,683,684,685,686,:
678:469,540,670,671,675,676,677,679,680,681,682,684,685,686,687,689,696,697,:
679:525,532,533,537,539,540,541,543,675,676,677,678,680,682,684,685,686,687,696,697,:
680:540,544,670,671,675,676,677,678,679,681,682,683,684,685,:
681:66,670,675,676,677,678,680,682,683,:
682:485,486,488,508,509,511,675,677,678,679,680,681,683,684,685,:
683:36,38,39,87,471,473,665,670,671,675,676,677,680,681,682,:
684:466,469,670,671,675,676,677,678,679,680,682,685,686,687,688,689,690,691,696,697,:
685:465,466,467,468,469,471,481,670,671,675,677,678,679,680,682,684,686,687,688,689,690,691,696,697,:
686:469,481,537,677,678,679,684,685,687,688,689,690,691,692,696,697,698,:
687:469,480,481,678,679,684,685,686,688,689,690,696,697,698,699,700,:
688:469,476,477,480,481,482,483,484,684,685,686,687,689,696,697,698,699,700,:
689:469,678,684,685,686,687,688,690,691,692,693,694,696,697,:
690:684,685,686,687,689,691,692,693,694,695,:
691:465,466,469,684,685,686,689,690,692,693,694,695,:
692:537,686,689,690,691,693,694,695,:
693:689,690,691,692,694,695,:
694:689,690,691,692,693,695,:
695:690,691,692,693,694,:
696:481,525,678,679,684,685,686,687,688,689,697,698,699,700,701,702,:
697:524,525,530,532,537,540,678,679,684,685,686,687,688,689,696,698,699,700,:
698:484,507,525,686,687,688,696,697,699,700,701,702,703,:
699:507,525,687,688,696,697,698,700,701,702,703,704,705,706,708,:
700:687,688,696,697,698,699,701,702,703,704,705,:
701:506,507,515,516,696,698,699,700,702,703,704,705,706,707,708,709,:
702:506,507,512,514,515,516,521,525,696,698,699,700,701,703,704,706,707,708,709,:
703:507,516,698,699,700,701,702,704,705,706,707,708,709,:
704:516,699,700,701,702,703,705,706,707,:
705:699,700,701,703,704,706,:
706:154,507,516,699,701,702,703,704,705,707,708,709,:
707:152,154,493,507,701,702,703,704,706,708,709,:
708:491,492,493,504,507,699,701,702,703,706,707,709,:
709:152,154,493,507,514,701,702,703,706,707,708,:
