1:2,3,4,9,10,11,12,13,29,30,31,143,:
2:1,3,4,11,12,30,31,140,143,:
3:1,2,4,9,10,11,12,29,30,31,:
4:1,2,3,11,12,31,117,118,140,141,142,143,:
5:6,7,8,9,11,12,13,25,26,27,28,29,33,:
6:5,7,8,9,10,11,13,25,26,27,28,29,80,:
7:5,6,8,9,10,11,12,13,14,25,26,27,28,29,30,31,32,33,:
8:5,6,7,9,10,11,12,13,14,15,24,25,26,27,28,29,31,32,33,80,:
9:1,3,5,6,7,8,10,11,12,13,14,25,26,27,28,29,30,31,32,:
10:1,3,6,7,8,9,11,12,13,27,28,29,30,31,32,:
11:1,2,3,4,5,6,7,8,9,10,12,13,14,15,23,24,25,28,29,30,31,32,33,:
12:1,2,3,4,5,7,8,9,10,11,13,14,15,24,25,29,30,31,32,33,:
13:1,5,6,7,8,9,10,11,12,14,15,16,17,23,24,25,26,28,29,30,31,32,33,:
14:7,8,9,11,12,13,15,16,17,18,20,21,23,24,25,31,32,33,:
15:8,11,12,13,14,16,17,18,23,24,25,32,33,85,108,109,116,117,118,:
16:13,14,15,17,18,19,20,23,24,33,85,96,97,101,108,109,110,113,114,116,117,118,120,:
17:13,14,15,16,18,19,20,21,23,24,32,33,34,101,103,108,109,118,120,138,140,:
18:14,15,16,17,19,20,21,22,23,24,34,36,101,103,105,107,108,109,119,120,130,131,138,152,:
19:16,17,18,20,21,24,34,101,103,104,105,106,107,108,109,110,111,113,119,120,121,122,130,131,132,135,136,138,145,152,:
20:14,16,17,18,19,21,22,23,24,34,35,36,103,105,106,107,131,138,151,152,153,:
21:14,17,18,19,20,22,23,24,32,34,35,36,152,153,283,285,:
22:18,20,21,23,24,34,35,36,151,152,153,257,266,274,283,285,:
23:11,13,14,15,16,17,18,20,21,22,24,31,32,34,35,36,:
24:8,11,12,13,14,15,16,17,18,19,20,21,22,23,31,32,33,34,35,:
25:5,6,7,8,9,11,12,13,14,15,26,27,28,29,33,78,85,:
26:5,6,7,8,9,13,25,27,28,29,76,77,78,79,80,:
27:5,6,7,8,9,10,25,26,28,29,:
28:5,6,7,8,9,10,11,13,25,26,27,29,30,31,32,:
29:1,3,5,6,7,8,9,10,11,12,13,25,26,27,28,30,31,32,:
30:1,2,3,7,9,10,11,12,13,28,29,31,32,:
31:1,2,3,4,7,8,9,10,11,12,13,14,23,24,28,29,30,32,:
32:7,8,9,10,11,12,13,14,15,17,21,23,24,28,29,30,31,33,:
33:5,7,8,11,12,13,14,15,16,17,24,25,32,85,109,116,117,118,:
34:17,18,19,20,21,22,23,24,35,36,103,105,106,107,131,135,145,150,151,152,153,:
35:20,21,22,23,24,34,36,153,256,257,264,266,274,283,285,:
36:18,20,21,22,23,34,35,151,152,153,257,266,267,272,274,275,276,283,:
37:38,39,40,41,42,43,44,45,48,49,:
38:37,39,40,42,43,44,48,49,:
39:37,38,40,41,42,43,44,45,46,47,48,49,50,:
40:37,38,39,41,42,43,47,48,49,50,51,52,53,54,56,57,:
41:37,39,40,42,43,45,47,48,49,50,51,52,53,54,56,57,77,79,:
42:37,38,39,40,41,43,44,45,46,47,48,49,64,66,69,:
43:37,38,39,40,41,42,44,45,46,47,69,:
44:37,38,39,42,43,45,46,47,:
45:37,39,41,42,43,44,46,47,:
46:39,42,43,44,45,47,:
47:39,40,41,42,43,44,45,46,69,:
48:37,38,39,40,41,42,49,50,51,52,53,54,55,56,57,:
49:37,38,39,40,41,42,48,50,51,53,54,55,56,57,:
50:39,40,41,48,49,51,52,53,54,55,56,57,58,:
51:40,41,48,49,50,52,53,54,56,57,58,59,60,61,77,:
52:40,41,48,50,51,53,54,56,57,58,59,75,76,77,:
53:40,41,48,49,50,51,52,54,55,56,57,:
54:40,41,48,49,50,51,52,53,55,:
55:48,49,50,53,54,:
56:40,41,48,49,50,51,52,53,57,58,59,60,61,62,64,:
57:40,41,48,49,50,51,52,53,56,58,59,60,61,62,64,:
58:50,51,52,56,57,59,60,61,62,63,64,:
59:51,52,56,57,58,60,61,62,:
60:51,56,57,58,59,61,:
61:51,56,57,58,59,60,62,63,64,65,66,:
62:56,57,58,59,61,63,64,65,66,67,:
63:58,61,62,64,65,66,67,68,77,79,:
64:42,56,57,58,61,62,63,65,66,67,68,69,:
65:61,62,63,64,66,67,68,69,79,80,205,206,:
66:42,61,62,63,64,65,67,68,69,:
67:62,63,64,65,66,68,69,79,205,206,212,:
68:63,64,65,66,67,69,205,206,207,211,212,213,:
69:42,43,47,64,65,66,67,68,79,206,211,212,:
70:71,72,73,74,75,76,77,78,81,82,:
71:70,72,73,74,75,76,77,78,81,:
72:70,71,73,74,75,76,77,78,81,82,83,:
73:70,71,72,74,75,76,78,81,82,83,84,85,86,94,:
74:70,71,72,73,75,76,78,81,82,83,84,85,94,95,:
75:52,70,71,72,73,74,76,77,78,79,80,81,82,:
76:26,52,70,71,72,73,74,75,77,78,79,80,81,82,:
77:26,41,51,52,63,70,71,72,75,76,78,79,80,:
78:25,26,70,71,72,73,74,75,76,77,79,80,81,85,:
79:26,41,63,65,67,69,75,76,77,78,80,:
80:6,8,26,65,75,76,77,78,79,:
81:70,71,72,73,74,75,76,78,82,83,84,85,86,87,94,95,:
82:70,72,73,74,75,76,81,83,84,85,86,87,:
83:72,73,74,81,82,84,85,86,87,88,94,95,96,187,:
84:73,74,81,82,83,85,86,87,94,95,96,97,98,99,108,109,187,:
85:15,16,25,33,73,74,78,81,82,83,84,86,94,95,96,97,99,109,:
86:73,81,82,83,84,85,87,88,89,94,95,:
87:81,82,83,84,86,88,89,90,91,94,95,187,:
88:83,86,87,89,90,91,92,93,:
89:86,87,88,90,91,92,93,:
90:87,88,89,91,92,93,:
91:87,88,89,90,92,93,:
92:88,89,90,91,93,:
93:88,89,90,91,92,:
94:73,74,81,83,84,85,86,87,95,96,97,98,99,100,108,109,186,187,:
95:74,81,83,84,85,86,87,94,96,97,98,99,108,184,185,186,187,188,:
96:16,83,84,85,94,95,97,98,99,100,101,102,108,109,110,120,187,:
97:16,84,85,94,95,96,98,99,100,101,102,108,109,110,111,113,119,120,:
98:84,94,95,96,97,99,100,102,108,109,110,111,112,119,120,184,186,187,188,:
99:84,85,94,95,96,97,98,100,101,102,103,104,108,109,:
100:94,96,97,98,99,101,102,103,104,105,108,109,120,:
101:16,17,18,19,96,97,99,100,102,103,104,105,106,109,120,:
102:96,97,98,99,100,101,103,104,105,106,107,108,119,120,121,:
103:17,18,19,20,34,99,100,101,102,104,105,106,107,120,152,222,283,:
104:19,99,100,101,102,103,105,106,107,119,120,121,:
105:18,19,20,34,100,101,102,103,104,106,107,120,152,222,:
106:19,20,34,101,102,103,104,105,107,120,145,149,150,151,152,167,169,:
107:18,19,20,34,102,103,104,105,106,119,120,121,122,126,130,131,144,145,149,150,151,152,167,169,:
108:15,16,17,18,19,84,94,95,96,97,98,99,100,102,109,110,111,112,113,114,115,116,119,120,:
109:15,16,17,18,19,33,84,85,94,96,97,98,99,100,101,108,110,111,113,114,115,116,118,119,120,:
110:16,19,96,97,98,108,109,111,112,113,114,115,116,118,119,120,121,131,:
111:19,97,98,108,109,110,112,113,114,119,120,121,122,123,124,130,131,:
112:98,108,110,111,113,119,120,121,122,123,124,130,131,:
113:16,19,97,108,109,110,111,112,114,115,116,117,118,119,120,131,:
114:16,108,109,110,111,113,115,116,117,118,:
115:108,109,110,113,114,116,117,118,:
116:15,16,33,108,109,110,113,114,115,117,118,140,141,142,143,:
117:4,15,16,33,113,114,115,116,118,141,142,143,:
118:4,15,16,17,33,109,110,113,114,115,116,117,138,139,140,141,142,143,:
119:18,19,97,98,102,104,107,108,109,110,111,112,113,120,121,122,123,124,125,130,131,:
120:16,17,18,19,96,97,98,100,101,102,103,104,105,106,107,108,109,110,111,112,113,119,121,122,124,130,131,:
121:19,102,104,107,110,111,112,119,120,122,123,124,125,126,127,129,130,131,132,145,155,:
122:19,107,111,112,119,120,121,123,124,125,126,130,131,132,133,134,135,144,145,154,155,:
123:111,112,119,121,122,124,125,126,127,130,131,132,133,134,144,145,154,155,156,:
124:111,112,119,120,121,122,123,125,126,127,128,129,130,155,:
125:119,121,122,123,124,126,127,128,129,154,155,156,159,160,163,:
126:107,121,122,123,124,125,127,128,129,145,147,154,155,156,157,159,160,161,163,167,:
127:121,123,124,125,126,128,129,155,159,160,162,163,:
128:124,125,126,127,129,156,157,159,160,161,162,163,164,172,179,:
129:121,124,125,126,127,128,163,193,:
130:18,19,107,111,112,119,120,121,122,123,124,131,132,133,134,135,136,137,138,144,145,152,155,:
131:18,19,20,34,107,110,111,112,113,119,120,121,122,123,130,132,133,135,136,137,138,144,145,152,:
132:19,121,122,123,130,131,133,134,135,136,137,138,144,145,146,155,:
133:122,123,130,131,132,134,135,136,144,145,146,147,149,152,154,155,:
134:122,123,130,132,133,135,144,145,146,147,148,154,155,:
135:19,34,122,130,131,132,133,134,136,137,138,139,140,144,145,:
136:19,130,131,132,133,135,137,138,139,140,141,:
137:130,131,132,135,136,138,139,140,141,142,:
138:17,18,19,20,118,130,131,132,135,136,137,139,140,141,142,143,:
139:118,135,136,137,138,140,141,142,143,:
140:2,4,17,116,118,135,136,137,138,139,141,142,143,:
141:4,116,117,118,136,137,138,139,140,142,143,:
142:4,116,117,118,137,138,139,140,141,143,:
143:1,2,4,116,117,118,138,139,140,141,142,:
144:107,122,123,130,131,132,133,134,135,145,146,147,148,149,150,151,152,154,155,:
145:19,34,106,107,121,122,123,126,130,131,132,133,134,135,144,146,147,149,150,151,152,154,155,:
146:132,133,134,144,145,147,148,149,150,151,152,154,155,156,:
147:126,133,134,144,145,146,148,149,150,154,155,156,157,159,160,:
148:134,144,146,147,149,154,155,156,157,158,159,160,:
149:106,107,133,144,145,146,147,148,150,151,152,153,154,155,160,167,168,169,170,:
150:34,106,107,144,145,146,147,149,151,152,153,169,170,276,279,:
151:20,22,34,36,106,107,144,145,146,149,150,152,153,275,276,:
152:18,19,20,21,22,34,36,103,105,106,107,130,131,133,144,145,146,149,150,151,153,:
153:20,21,22,34,35,36,149,150,151,152,266,267,269,270,272,274,275,276,283,:
154:122,123,125,126,133,134,144,145,146,147,148,149,155,156,157,158,159,160,:
155:121,122,123,124,125,126,127,130,132,133,134,144,145,146,147,148,149,154,156,157,159,160,:
156:123,125,126,128,146,147,148,154,155,157,158,159,160,161,:
157:126,128,147,148,154,155,156,158,159,160,161,162,163,164,:
158:148,154,156,157,159,160,161,162,163,:
159:125,126,127,128,147,148,154,155,156,157,158,160,161,162,163,164,165,166,167,:
160:125,126,127,128,147,148,149,154,155,156,157,158,159,161,162,163,164,165,166,167,:
161:126,128,156,157,158,159,160,162,163,164,165,166,167,:
162:127,128,157,158,159,160,161,163,164,165,171,172,:
163:125,126,127,128,129,157,158,159,160,161,162,164,171,172,:
164:128,157,159,160,161,162,163,165,166,167,168,169,180,182,:
165:159,160,161,162,164,166,167,168,169,170,:
166:159,160,161,164,165,167,168,169,170,:
167:106,107,126,149,159,160,161,164,165,166,168,169,170,182,:
168:149,164,165,166,167,169,170,279,:
169:106,107,149,150,164,165,166,167,168,170,:
170:149,150,165,166,167,168,169,278,279,287,289,290,:
171:162,163,172,173,174,175,176,177,178,:
172:128,162,163,171,173,174,175,176,177,179,:
173:171,172,174,175,176,177,178,179,:
174:171,172,173,175,176,177,:
175:171,172,173,174,176,196,:
176:171,172,173,174,175,177,178,179,180,181,195,196,:
177:171,172,173,174,176,178,179,180,181,182,:
178:171,173,176,177,179,180,181,182,:
179:128,172,173,176,177,178,180,181,182,192,193,194,195,:
180:164,176,177,178,179,181,182,:
181:176,177,178,179,180,182,:
182:164,167,177,178,179,180,181,:
183:184,185,186,187,188,189,190,191,:
184:95,98,183,185,186,187,188,189,191,:
185:95,183,184,186,187,188,189,190,191,:
186:94,95,98,183,184,185,187,188,189,:
187:83,84,87,94,95,96,98,183,184,185,186,188,:
188:95,98,183,184,185,186,187,189,190,191,192,193,:
189:183,184,185,186,188,190,191,192,193,194,:
190:183,185,188,189,191,192,193,194,195,196,:
191:183,184,185,188,189,190,192,193,194,195,:
192:179,188,189,190,191,193,194,195,196,:
193:129,179,188,189,190,191,192,194,195,196,:
194:179,189,190,191,192,193,195,196,:
195:176,179,190,191,192,193,194,196,:
196:175,176,190,192,193,194,195,:
197:198,199,200,201,202,203,204,209,215,217,218,:
198:197,199,200,201,202,203,214,215,216,217,218,:
199:197,198,200,201,202,203,204,209,215,218,:
200:197,198,199,201,202,203,215,218,:
201:197,198,199,200,202,214,215,218,220,:
202:197,198,199,200,201,203,204,205,209,220,:
203:197,198,199,200,202,204,205,206,207,208,209,284,:
204:197,199,202,203,205,206,207,208,209,210,211,212,:
205:65,67,68,202,203,204,206,207,208,209,210,211,212,213,:
206:65,67,68,69,203,204,205,207,208,209,211,212,213,286,:
207:68,203,204,205,206,208,209,210,211,212,213,:
208:203,204,205,206,207,209,210,211,212,213,:
209:197,199,202,203,204,205,206,207,208,210,211,213,:
210:204,205,207,208,209,211,212,213,:
211:68,69,204,205,206,207,208,209,210,212,213,:
212:67,68,69,204,205,206,207,208,210,211,213,233,:
213:68,205,206,207,208,209,210,211,212,:
214:198,201,215,216,217,218,219,220,221,:
215:197,198,199,200,201,214,216,217,218,219,220,221,:
216:198,214,215,217,218,219,220,221,222,291,:
217:197,198,214,215,216,218,219,220,291,:
218:197,198,199,200,201,214,215,216,217,219,220,:
219:214,215,216,217,218,220,221,222,291,:
220:201,202,214,215,216,217,218,219,221,222,282,:
221:214,215,216,219,220,222,:
222:103,105,216,219,220,221,280,281,282,:
223:224,225,226,227,228,229,230,282,284,:
224:223,225,226,228,229,231,282,284,:
225:223,224,226,227,228,229,230,231,268,:
226:223,224,225,227,228,229,234,235,:
227:223,225,226,228,234,235,236,237,238,239,:
228:223,224,225,226,227,229,230,231,232,233,:
229:223,224,225,226,228,230,231,232,233,268,284,:
230:223,225,228,229,231,232,233,257,267,268,282,284,286,:
231:224,225,228,229,230,232,233,284,:
232:228,229,230,231,233,257,268,282,283,284,285,286,:
233:212,228,229,230,231,232,284,285,286,:
234:226,227,235,236,237,238,239,240,241,:
235:226,227,234,236,237,238,239,:
236:227,234,235,237,238,239,240,241,242,293,:
237:227,234,235,236,238,239,240,241,242,243,244,245,:
238:227,234,235,236,237,239,240,241,242,243,244,:
239:227,234,235,236,237,238,240,241,267,268,275,277,278,287,288,293,:
240:234,236,237,238,239,241,242,243,244,245,246,247,248,249,:
241:234,236,237,238,239,240,242,243,244,245,246,247,:
242:236,237,238,240,241,243,244,245,246,247,248,249,250,:
243:237,238,240,241,242,244,245,246,247,248,249,250,251,252,253,254,265,:
244:237,238,240,241,242,243,245,246,248,249,250,251,252,253,254,256,264,265,266,269,:
245:237,240,241,242,243,244,246,247,248,249,:
246:240,241,242,243,244,245,247,248,249,:
247:240,241,242,243,245,246,:
248:240,242,243,244,245,246,249,250,251,252,253,254,265,:
249:240,242,243,244,245,246,248,250,251,252,:
250:242,243,244,248,249,251,252,253,254,255,265,:
251:243,244,248,249,250,252,253,254,255,256,258,264,265,:
252:243,244,248,249,250,251,253,254,255,256,258,264,265,:
253:243,244,248,250,251,252,254,255,256,257,258,259,260,264,265,:
254:243,244,248,250,251,252,253,255,256,257,258,259,260,264,265,:
255:250,251,252,253,254,256,257,258,259,260,261,264,265,266,:
256:35,244,251,252,253,254,255,257,258,259,260,264,265,266,267,268,269,274,:
257:22,35,36,230,232,253,254,255,256,258,259,260,264,265,266,267,268,274,:
258:251,252,253,254,255,256,257,259,260,261,262,263,264,265,:
259:253,254,255,256,257,258,260,261,262,263,:
260:253,254,255,256,257,258,259,261,262,263,264,265,274,:
261:255,258,259,260,262,263,:
262:258,259,260,261,263,:
263:258,259,260,261,262,:
264:35,244,251,252,253,254,255,256,257,258,260,265,266,267,268,269,270,272,274,275,276,:
265:243,244,248,250,251,252,253,254,255,256,257,258,260,264,266,267,268,269,270,272,274,:
266:22,35,36,153,244,255,256,257,264,265,267,268,269,270,271,272,273,274,275,276,277,:
267:36,153,230,239,256,257,264,265,266,268,269,270,275,276,277,278,280,281,283,:
268:225,229,230,232,239,256,257,264,265,266,267,269,275,276,277,:
269:153,244,256,264,265,266,267,268,270,271,272,273,274,275,276,:
270:153,264,265,266,267,269,271,272,273,274,276,:
271:266,269,270,272,273,274,:
272:36,153,264,265,266,269,270,271,273,274,:
273:266,269,270,271,272,274,:
274:22,35,36,153,256,257,260,264,265,266,269,270,271,272,273,:
275:36,151,153,239,264,266,267,268,269,276,277,278,279,280,281,283,287,288,:
276:36,150,151,153,264,266,267,268,269,270,275,277,278,279,280,281,283,287,:
277:239,266,267,268,275,276,278,279,280,281,282,283,287,288,289,:
278:170,239,267,275,276,277,279,280,281,287,288,289,290,291,292,293,:
279:150,168,170,275,276,277,278,280,287,288,289,290,292,293,:
280:222,267,275,276,277,278,279,281,282,283,284,285,287,288,:
281:222,267,275,276,277,278,280,282,283,284,285,286,:
282:220,222,223,224,230,232,277,280,281,283,284,285,286,:
283:21,22,35,36,103,153,232,267,275,276,277,280,281,282,284,285,286,:
284:203,223,224,229,230,231,232,233,280,281,282,283,285,286,:
285:21,22,35,232,233,280,281,282,283,284,286,:
286:206,230,232,233,281,282,283,284,285,:
287:170,239,275,276,277,278,279,280,288,289,290,291,292,293,294,:
288:239,275,277,278,279,280,287,289,290,291,292,293,294,:
289:170,277,278,279,287,288,290,291,292,293,294,:
290:170,278,279,287,288,289,291,292,293,294,:
291:216,217,219,278,287,288,289,290,292,294,:
292:278,279,287,288,289,290,291,293,294,:
293:236,239,278,279,287,288,289,290,292,294,:
294:287,288,289,290,291,292,293,:
