1:2,3,4,5,20,21,22,23,24,173,174,175,412,413,414,:
2:1,3,4,5,6,7,9,20,21,22,23,24,25,414,:
3:1,2,4,5,6,7,8,9,10,11,20,21,22,23,24,25,26,27,28,29,138,174,:
4:1,2,3,5,6,7,8,9,10,11,18,19,20,21,22,23,24,25,26,27,28,29,137,138,139,140,142,143,174,:
5:1,2,3,4,6,7,8,9,10,11,20,21,22,23,24,25,26,27,28,29,:
6:2,3,4,5,7,8,9,21,22,23,24,25,26,27,29,239,:
7:2,3,4,5,6,8,9,10,11,19,22,23,24,25,26,27,28,29,138,255,:
8:3,4,5,6,7,9,10,23,24,25,26,27,28,63,80,81,82,137,138,216,:
9:2,3,4,5,6,7,8,10,11,12,13,18,19,20,22,23,24,25,26,27,28,29,137,138,139,140,142,143,:
10:3,4,5,7,8,9,11,12,13,14,17,18,19,22,24,26,28,29,139,143,:
11:3,4,5,7,9,10,12,13,14,18,19,22,24,26,28,29,:
12:9,10,11,13,14,15,16,18,19,26,29,31,:
13:9,10,11,12,14,15,16,17,18,19,28,29,30,31,32,143,:
14:10,11,12,13,15,16,17,18,19,30,31,32,46,48,305,307,:
15:12,13,14,16,17,19,30,31,46,48,304,305,306,307,308,:
16:12,13,14,15,17,18,19,30,31,32,43,44,46,47,48,143,304,305,307,:
17:10,13,14,15,16,18,19,30,32,39,42,43,46,48,139,142,143,:
18:4,9,10,11,12,13,14,16,17,19,28,32,42,62,139,140,142,143,:
19:4,7,9,10,11,12,13,14,15,16,17,18,26,28,29,32,139,142,143,:
20:1,2,3,4,5,9,21,22,23,142,143,144,147,149,173,174,175,412,413,414,:
21:1,2,3,4,5,6,20,22,23,24,25,:
22:1,2,3,4,5,6,7,9,10,11,20,21,23,24,29,:
23:1,2,3,4,5,6,7,8,9,20,21,22,24,25,26,27,28,138,173,174,175,:
24:1,2,3,4,5,6,7,8,9,10,11,21,22,23,25,26,27,28,29,:
25:2,3,4,5,6,7,8,9,21,23,24,26,27,81,82,:
26:3,4,5,6,7,8,9,10,11,12,19,23,24,25,27,28,29,254,255,:
27:3,4,5,6,7,8,9,23,24,25,26,28,80,81,82,138,216,217,:
28:3,4,5,7,8,9,10,11,13,18,19,23,24,26,27,29,61,62,135,137,138,139,140,142,143,:
29:3,4,5,6,7,9,10,11,12,13,19,22,24,26,28,255,:
30:13,14,15,16,17,31,46,47,48,304,305,306,307,308,:
31:12,13,14,15,16,30,48,305,306,308,:
32:13,14,16,17,18,19,38,39,40,41,42,43,44,46,48,139,142,143,151,:
33:34,35,36,37,38,39,194,195,196,321,:
34:33,35,36,37,38,194,195,196,:
35:33,34,36,37,38,39,40,155,195,196,197,321,:
36:33,34,35,37,38,39,40,41,43,44,45,49,55,195,196,197,:
37:33,34,35,36,38,39,40,41,45,49,55,196,:
38:32,33,34,35,36,37,39,40,41,42,43,44,45,46,49,55,196,197,:
39:17,32,33,35,36,37,38,40,41,42,43,44,45,46,48,49,151,196,197,:
40:32,35,36,37,38,39,41,42,43,44,45,46,48,49,50,55,196,197,283,:
41:32,36,37,38,39,40,42,43,44,49,50,51,52,53,54,55,56,196,197,283,:
42:17,18,32,38,39,40,41,43,49,50,51,52,55,56,57,62,139,196,197,:
43:16,17,32,36,38,39,40,41,42,44,45,46,47,48,49,282,283,:
44:16,32,36,38,39,40,41,43,45,46,47,48,282,:
45:36,37,38,39,40,43,44,46,47,48,281,282,:
46:14,15,16,17,30,32,38,39,40,43,44,45,47,48,302,303,304,:
47:16,30,43,44,45,46,48,301,302,303,304,313,315,:
48:14,15,16,17,30,31,32,39,40,43,44,45,46,47,303,304,:
49:36,37,38,39,40,41,42,43,50,51,52,53,54,55,56,57,196,197,283,:
50:40,41,42,49,51,52,53,54,55,56,57,58,136,196,197,:
51:41,42,49,50,52,53,54,55,56,57,58,59,61,62,64,136,:
52:41,42,49,50,51,53,54,55,56,57,58,61,62,64,199,200,283,:
53:41,49,50,51,52,54,55,56,57,196,197,:
54:41,49,50,51,52,53,55,:
55:36,37,38,40,41,42,49,50,51,52,53,54,196,197,283,:
56:41,42,49,50,51,52,53,57,58,59,60,61,62,63,64,65,66,133,135,136,:
57:42,49,50,51,52,53,56,58,59,60,61,62,132,133,134,135,136,137,139,164,:
58:50,51,52,56,57,59,60,61,62,63,64,65,66,67,133,136,201,202,:
59:51,56,57,58,60,61,62,63,65,66,67,68,69,70,74,75,132,133,136,202,:
60:56,57,58,59,61,63,65,66,67,68,74,75,120,126,127,132,133,134,135,136,:
61:28,51,52,56,57,58,59,60,62,63,64,65,66,135,136,137,:
62:18,28,42,51,52,56,57,58,59,61,63,64,139,:
63:8,56,58,59,60,61,62,64,65,66,69,81,201,202,203,205,206,211,212,216,:
64:51,52,56,58,61,62,63,200,201,276,283,:
65:56,58,59,60,61,63,66,67,68,69,70,71,74,75,133,201,202,:
66:56,58,59,60,61,63,65,67,68,69,70,201,202,203,205,212,:
67:58,59,60,65,66,68,69,70,71,72,73,74,75,76,120,202,:
68:59,60,65,66,67,69,70,71,72,74,75,76,77,78,79,81,120,212,:
69:59,63,65,66,67,68,70,71,74,75,76,77,81,83,84,205,206,208,210,211,212,213,215,:
70:59,65,66,67,68,69,71,72,73,74,75,202,:
71:65,67,68,69,70,72,73,74,75,:
72:67,68,70,71,73,74,75,117,120,:
73:67,70,71,72,:
74:59,60,65,67,68,69,70,71,72,75,76,77,78,79,80,81,83,84,117,120,212,:
75:59,60,65,67,68,69,70,71,72,74,76,77,78,79,80,81,116,117,118,119,120,127,132,133,:
76:67,68,69,74,75,77,78,79,80,81,82,83,84,85,117,120,212,215,:
77:68,69,74,75,76,78,79,80,83,84,85,86,88,89,91,117,215,:
78:68,74,75,76,77,79,83,84,85,86,88,89,91,116,117,120,:
79:68,74,75,76,77,78,80,81,82,83,84,117,120,:
80:8,27,74,75,76,77,79,81,82,134,:
81:8,25,27,63,68,69,74,75,76,79,80,82,216,:
82:8,25,27,76,79,80,81,134,138,:
83:69,74,76,77,78,79,84,85,86,87,88,89,91,215,225,:
84:69,74,76,77,78,79,83,85,86,87,88,89,212,214,215,218,220,224,225,231,:
85:76,77,78,83,84,86,87,88,89,90,91,215,225,:
86:77,78,83,84,85,87,88,89,224,225,:
87:83,84,85,86,88,215,220,221,224,225,226,227,228,229,231,:
88:77,78,83,84,85,86,87,89,90,91,215,:
89:77,78,83,84,85,86,88,90,91,:
90:85,88,89,91,210,:
91:77,78,83,85,88,89,90,:
92:93,94,95,96,97,98,99,233,:
93:92,94,95,96,97,98,:
94:92,93,95,96,97,98,99,100,233,236,:
95:92,93,94,96,97,98,99,100,101,102,103,104,105,106,236,:
96:92,93,94,95,97,98,99,100,103,106,:
97:92,93,94,95,96,98,99,:
98:92,93,94,95,96,97,99,100,101,102,103,104,105,106,107,108,236,:
99:92,94,95,96,97,98,100,101,102,103,104,105,106,235,236,241,243,249,:
100:94,95,96,98,99,101,102,103,104,105,106,107,108,109,:
101:95,98,99,100,102,103,104,105,106,107,108,109,110,111,112,248,249,:
102:95,98,99,100,101,103,104,105,107,108,109,110,236,243,244,248,249,250,252,253,:
103:95,96,98,99,100,101,102,104,105,106,107,108,:
104:95,98,99,100,101,102,103,105,106,107,108,236,:
105:95,98,99,100,101,102,103,104,106,236,:
106:95,96,98,99,100,101,103,104,105,108,:
107:98,100,101,102,103,104,108,109,110,111,112,113,115,249,:
108:98,100,101,102,103,104,106,107,109,110,111,112,113,:
109:100,101,102,107,108,110,111,112,113,114,115,249,252,:
110:101,102,107,108,109,111,112,113,249,252,:
111:101,107,108,109,110,112,:
112:101,107,108,109,110,111,113,114,115,252,:
113:107,108,109,110,112,114,115,:
114:109,112,113,115,:
115:107,109,112,113,114,252,:
116:75,78,117,118,119,120,121,122,124,125,:
117:72,74,75,76,77,78,79,116,118,119,120,121,122,125,:
118:75,116,117,119,120,121,122,123,124,125,126,128,131,:
119:75,116,117,118,120,121,122,125,126,127,128,129,130,131,132,:
120:60,67,68,72,74,75,76,78,79,116,117,118,119,121,125,126,127,128,131,132,133,:
121:116,117,118,119,120,122,123,124,125,128,131,:
122:116,117,118,119,121,123,124,:
123:118,121,122,124,427,:
124:116,118,121,122,123,:
125:116,117,118,119,120,121,126,127,128,129,130,131,132,133,:
126:60,118,119,120,125,127,128,129,130,131,132,133,134,:
127:60,75,119,120,125,126,128,129,130,131,132,133,134,135,136,:
128:118,119,120,121,125,126,127,129,131,132,133,134,172,:
129:119,125,126,127,128,130,131,132,133,164,:
130:119,125,126,127,129,131,:
131:118,119,120,121,125,126,127,128,129,130,:
132:57,59,60,75,119,120,125,126,127,128,129,133,134,135,136,137,138,:
133:56,57,58,59,60,65,75,120,125,126,127,128,129,132,134,135,136,137,164,:
134:57,60,80,82,126,127,128,132,133,135,136,137,138,139,172,:
135:28,56,57,60,61,127,132,133,134,136,137,138,139,140,141,:
136:50,51,56,57,58,59,60,61,127,132,133,134,135,137,138,139,140,141,161,162,164,:
137:4,8,9,28,57,61,132,133,134,135,136,138,139,140,141,142,143,173,174,:
138:3,4,7,8,9,23,27,28,82,132,134,135,136,137,139,140,141,142,171,172,173,174,175,:
139:4,9,10,17,18,19,28,32,42,57,62,134,135,136,137,138,140,141,142,143,144,:
140:4,9,18,28,135,136,137,138,139,141,142,143,144,145,146,147,150,151,156,157,166,173,174,175,:
141:135,136,137,138,139,140,142,143,144,145,146,150,151,156,157,158,159,161,165,166,167,170,171,172,173,174,175,:
142:4,9,17,18,19,20,28,32,137,138,139,140,141,143,144,145,146,147,148,149,150,151,157,166,:
143:4,9,10,13,16,17,18,19,20,28,32,137,139,140,141,142,144,145,147,148,150,151,:
144:20,139,140,141,142,143,145,146,147,148,149,150,151,152,157,166,175,412,413,414,:
145:140,141,142,143,144,146,147,148,149,150,151,152,153,154,155,156,157,165,166,177,:
146:140,141,142,144,145,147,148,149,150,151,152,153,154,156,157,165,166,167,168,170,176,177,181,182,411,412,413,414,:
147:20,140,142,143,144,145,146,148,149,150,151,413,414,:
148:142,143,144,145,146,147,149,150,151,292,412,413,414,:
149:20,142,144,145,146,147,148,150,411,412,413,414,:
150:140,141,142,143,144,145,146,147,148,149,151,152,153,154,155,156,157,166,177,292,:
151:32,39,140,141,142,143,144,145,146,147,148,150,152,153,155,156,157,292,:
152:144,145,146,150,151,153,154,155,156,157,158,166,177,:
153:145,146,150,151,152,154,155,156,157,158,159,160,161,165,166,176,177,194,:
154:145,146,150,152,153,155,156,157,158,159,160,165,166,176,177,178,179,181,:
155:35,145,150,151,152,153,154,156,157,194,292,:
156:140,141,145,146,150,151,152,153,154,155,157,158,159,160,161,162,165,166,177,194,197,:
157:140,141,142,144,145,146,150,151,152,153,154,155,156,158,159,161,165,166,194,196,197,:
158:141,152,153,154,156,157,159,160,161,162,163,164,165,166,167,177,192,194,197,:
159:141,153,154,156,157,158,160,161,162,163,165,166,167,168,169,170,176,177,:
160:153,154,156,158,159,161,162,163,165,166,167,168,169,176,177,:
161:136,141,153,156,157,158,159,160,162,163,164,165,166,194,195,197,:
162:136,156,158,159,160,161,163,164,:
163:158,159,160,161,162,164,190,191,192,:
164:57,129,133,136,158,161,162,163,:
165:141,145,146,153,154,156,157,158,159,160,161,166,167,168,169,170,171,172,176,177,:
166:140,141,142,144,145,146,150,152,153,154,156,157,158,159,160,161,165,167,168,170,171,172,173,175,176,177,:
167:141,146,158,159,160,165,166,168,169,170,171,172,173,175,176,177,178,435,:
168:146,159,160,165,166,167,169,170,171,176,177,178,179,180,181,435,437,:
169:159,160,165,167,168,170,176,177,178,179,180,435,437,:
170:141,146,159,165,166,167,168,169,171,172,173,174,175,176,177,411,414,432,433,434,435,436,437,:
171:138,141,165,166,167,168,170,172,173,174,175,414,431,432,433,434,:
172:128,134,138,141,165,166,167,170,171,173,174,175,431,432,433,:
173:1,20,23,137,138,140,141,166,167,170,171,172,174,175,414,431,432,434,:
174:1,3,4,20,23,137,138,140,141,170,171,172,173,175,414,431,:
175:1,20,23,138,140,141,144,166,167,170,171,172,173,174,411,412,414,434,:
176:146,153,154,159,160,165,166,167,168,169,170,177,178,179,180,181,182,183,:
177:145,146,150,152,153,154,156,158,159,160,165,166,167,168,169,170,176,178,179,181,182,183,:
178:154,167,168,169,176,177,179,180,181,182,183,410,:
179:154,168,169,176,177,178,180,181,182,183,:
180:168,169,176,178,179,181,:
181:146,154,168,176,177,178,179,180,182,183,410,:
182:146,176,177,178,179,181,183,408,409,410,411,:
183:176,177,178,179,181,182,408,409,410,411,415,:
184:185,186,187,188,189,190,:
185:184,186,187,188,189,:
186:184,185,187,188,189,190,191,192,:
187:184,185,186,188,189,190,191,:
188:184,185,186,187,189,190,191,:
189:184,185,186,187,188,190,191,192,193,194,:
190:163,184,186,187,188,189,191,192,193,194,195,:
191:163,186,187,188,189,190,192,193,194,195,196,:
192:158,163,186,189,190,191,193,194,195,196,197,:
193:189,190,191,192,194,195,196,197,:
194:33,34,153,155,156,157,158,161,189,190,191,192,193,195,196,197,:
195:33,34,35,36,161,190,191,192,193,194,196,197,:
196:33,34,35,36,37,38,39,40,41,42,49,50,53,55,157,191,192,193,194,195,197,:
197:35,36,38,39,40,41,42,49,50,53,55,156,157,158,161,192,193,194,195,196,:
198:199,200,201,202,203,204,272,:
199:52,198,200,201,202,272,278,283,:
200:52,64,198,199,201,202,203,204,205,261,271,272,:
201:58,63,64,65,66,198,199,200,202,203,204,205,206,208,209,261,:
202:58,59,63,65,66,67,70,198,199,200,201,203,204,205,208,:
203:63,66,198,200,201,202,204,205,206,207,208,209,210,211,212,258,261,:
204:198,200,201,202,203,205,206,207,208,209,211,257,258,259,260,261,262,:
205:63,66,69,200,201,202,203,204,206,207,208,209,210,211,212,213,258,:
206:63,69,201,203,204,205,207,208,209,210,211,212,213,214,216,258,:
207:203,204,205,206,208,209,210,211,212,213,214,216,250,251,256,257,258,259,260,261,:
208:69,201,202,203,204,205,206,207,209,210,211,212,:
209:201,203,204,205,206,207,208,210,258,:
210:69,90,203,205,206,207,208,209,211,212,:
211:63,69,203,204,205,206,207,208,210,212,213,214,215,216,218,219,258,:
212:63,66,68,69,74,76,84,203,205,206,207,208,210,211,213,214,215,216,218,:
213:69,205,206,207,211,212,214,215,216,217,218,219,220,245,:
214:84,206,207,211,212,213,215,216,217,218,219,220,221,222,223,224,225,245,:
215:69,76,77,83,84,85,87,88,211,212,213,214,216,217,218,219,220,221,224,225,231,:
216:8,27,63,81,206,207,211,212,213,214,215,217,218,219,254,255,:
217:27,213,214,215,216,218,219,222,237,242,254,255,:
218:84,211,212,213,214,215,216,217,219,220,221,222,223,224,225,242,244,245,:
219:211,213,214,215,216,217,218,220,221,222,223,241,242,243,244,245,248,:
220:84,87,213,214,215,218,219,221,222,223,224,225,226,242,245,:
221:87,214,215,218,219,220,222,223,224,225,226,227,229,231,242,:
222:214,217,218,219,220,221,223,224,225,226,227,234,235,240,241,242,:
223:214,218,219,220,221,222,224,225,242,245,:
224:84,86,87,214,215,218,220,221,222,223,225,226,227,228,229,230,231,:
225:83,84,85,86,87,214,215,218,220,221,222,223,224,226,227,228,229,231,:
226:87,220,221,222,224,225,227,228,229,230,231,240,:
227:87,221,222,224,225,226,228,229,230,231,:
228:87,224,225,226,227,229,230,:
229:87,221,224,225,226,227,228,230,231,240,:
230:224,226,227,228,229,231,240,:
231:84,87,215,221,224,225,226,227,229,230,240,:
232:233,234,235,236,237,238,240,241,242,:
233:92,94,232,234,235,236,237,238,240,:
234:222,232,233,235,236,237,238,239,240,241,242,243,:
235:99,222,232,233,234,236,237,238,241,242,243,244,246,:
236:94,95,98,99,102,104,105,232,233,234,235,237,241,242,243,246,:
237:217,232,233,234,235,236,238,239,240,241,242,:
238:232,233,234,235,237,239,240,:
239:6,234,237,238,240,386,:
240:222,226,229,230,231,232,233,234,237,238,239,:
241:99,219,222,232,234,235,236,237,242,243,244,245,246,248,249,:
242:217,218,219,220,221,222,223,232,234,235,236,237,241,243,244,245,246,248,249,:
243:99,102,219,234,235,236,241,242,244,245,246,247,248,249,250,:
244:102,218,219,235,241,242,243,245,246,247,248,249,250,251,252,253,254,:
245:213,214,218,219,220,223,241,242,243,244,246,247,248,249,250,251,258,:
246:235,236,241,242,243,244,245,247,248,249,:
247:243,244,245,246,248,:
248:101,102,219,241,242,243,244,245,246,247,249,250,251,252,253,254,255,256,257,258,:
249:99,101,102,107,109,110,241,242,243,244,245,246,248,250,251,252,253,254,255,:
250:102,207,243,244,245,248,249,251,252,253,254,255,256,257,258,259,:
251:207,244,245,248,249,250,252,253,254,256,257,258,259,260,262,268,269,:
252:102,109,110,112,115,244,248,249,250,251,253,256,257,258,259,260,262,269,:
253:102,244,248,249,250,251,252,254,255,256,257,258,:
254:26,216,217,244,248,249,250,251,253,255,256,:
255:7,26,29,216,217,248,249,250,253,254,256,:
256:207,248,250,251,252,253,254,255,257,258,260,:
257:204,207,248,250,251,252,253,256,258,259,260,261,262,263,268,269,:
258:203,204,205,206,207,209,211,245,248,250,251,252,253,256,257,259,260,261,262,268,:
259:204,207,250,251,252,257,258,260,261,262,263,264,265,268,269,270,:
260:204,207,251,252,256,257,258,259,261,262,263,264,265,268,269,270,271,273,:
261:200,201,203,204,207,257,258,259,260,262,263,265,268,269,270,271,272,:
262:204,251,252,257,258,259,260,261,263,264,265,266,267,268,269,:
263:257,259,260,261,262,264,265,266,267,268,269,:
264:259,260,262,263,265,266,267,269,:
265:259,260,261,262,263,264,266,267,:
266:262,263,264,265,267,:
267:262,263,264,265,266,:
268:251,257,258,259,260,261,262,263,269,270,271,272,273,274,276,:
269:251,252,257,259,260,261,262,263,264,268,270,271,273,274,275,276,:
270:259,260,261,268,269,271,272,273,274,275,276,:
271:200,260,261,268,269,270,272,273,274,278,:
272:198,199,200,261,268,270,271,273,277,278,279,282,283,:
273:260,268,269,270,271,272,274,275,276,:
274:268,269,270,271,273,275,276,:
275:269,270,273,274,276,:
276:64,268,269,270,273,274,275,:
277:272,278,279,280,281,282,283,:
278:199,271,272,277,279,280,282,283,:
279:272,277,278,280,281,282,283,:
280:277,278,279,281,282,:
281:45,277,279,280,282,:
282:43,44,45,272,277,278,279,280,281,283,:
283:40,41,43,49,52,55,64,199,272,277,278,279,282,:
284:285,286,287,288,289,290,291,292,293,294,320,:
285:284,286,287,288,289,290,291,292,314,320,321,:
286:284,285,287,288,289,290,291,292,293,294,295,299,300,314,346,347,:
287:284,285,286,288,289,290,291,292,293,294,295,296,298,299,300,313,314,320,346,:
288:284,285,286,287,289,290,291,293,294,295,296,297,299,300,302,313,314,315,318,319,320,321,323,:
289:284,285,286,287,288,290,291,292,293,294,299,300,314,346,347,:
290:284,285,286,287,288,289,291,292,293,299,300,304,313,314,321,:
291:284,285,286,287,288,289,290,292,293,296,299,300,301,302,304,313,314,315,318,320,321,:
292:148,150,151,155,284,285,286,287,289,290,291,347,:
293:284,286,287,288,289,290,291,294,295,296,297,298,299,300,314,320,345,346,347,:
294:284,286,287,288,289,293,295,296,298,299,300,340,345,346,347,:
295:286,287,288,293,294,296,297,298,299,300,301,314,320,323,346,:
296:287,288,291,293,294,295,297,298,299,300,301,302,303,304,313,314,320,322,323,328,:
297:288,293,295,296,298,299,300,301,302,303,313,314,316,320,322,323,324,327,328,329,332,:
298:287,293,294,295,296,297,299,300,345,346,359,:
299:286,287,288,289,290,291,293,294,295,296,297,298,300,301,302,303,304,305,306,313,314,323,345,346,:
300:286,287,288,289,290,291,293,294,295,296,297,298,299,301,302,304,305,306,307,313,314,345,346,347,:
301:47,291,295,296,297,299,300,302,303,304,305,306,307,313,314,315,323,332,:
302:46,47,288,291,296,297,299,300,301,303,304,305,313,314,315,316,318,320,322,323,331,332,:
303:46,47,48,296,297,299,301,302,304,313,314,315,316,317,322,323,331,332,333,336,337,338,:
304:15,16,30,46,47,48,290,291,296,299,300,301,302,303,305,306,307,308,309,313,314,:
305:14,15,16,30,31,299,300,301,302,304,306,307,308,309,310,345,346,:
306:15,30,31,299,300,301,304,305,307,308,309,310,311,345,360,:
307:14,15,16,30,300,301,304,305,306,308,309,310,311,312,345,346,347,:
308:15,30,31,304,305,306,307,309,310,311,312,345,:
309:304,305,306,307,308,310,311,312,345,347,:
310:305,306,307,308,309,311,312,344,345,:
311:306,307,308,309,310,312,344,:
312:307,308,309,310,311,343,344,:
313:47,287,288,290,291,296,297,299,300,301,302,303,304,314,315,316,317,318,319,320,321,322,323,332,:
314:285,286,287,288,289,290,291,293,295,296,297,299,300,301,302,303,304,313,315,316,318,319,320,321,322,323,:
315:47,288,291,301,302,303,313,314,316,317,318,319,320,321,322,323,324,332,:
316:297,302,303,313,314,315,317,318,319,320,321,322,323,324,325,327,331,332,:
317:303,313,315,316,318,319,322,323,324,325,326,331,332,:
318:288,291,302,313,314,315,316,317,319,320,321,322,323,:
319:288,313,314,315,316,317,318,320,321,322,323,:
320:284,285,287,288,291,293,295,296,297,302,313,314,315,316,318,319,321,322,323,:
321:33,35,285,288,290,291,313,314,315,316,318,319,320,:
322:296,297,302,303,313,314,315,316,317,318,319,320,323,324,325,326,327,328,330,331,332,:
323:288,295,296,297,299,301,302,303,313,314,315,316,317,318,319,320,322,324,325,327,328,329,330,331,332,:
324:297,315,316,317,322,323,325,326,327,328,329,330,331,332,333,:
325:316,317,322,323,324,326,327,328,331,332,333,334,335,336,:
326:317,322,324,325,327,331,332,333,334,335,:
327:297,316,322,323,324,325,326,328,329,330,331,332,:
328:296,297,322,323,324,325,327,329,330,:
329:297,323,324,327,328,330,:
330:322,323,324,327,328,329,:
331:302,303,316,317,322,323,324,325,326,327,332,333,334,335,336,337,338,339,:
332:297,301,302,303,313,315,316,317,322,323,324,325,326,327,331,333,334,336,337,338,:
333:303,324,325,326,331,332,334,335,336,337,338,339,:
334:325,326,331,332,333,335,336,337,339,:
335:325,326,331,333,334,336,339,:
336:303,325,331,332,333,334,335,337,338,339,:
337:303,331,332,333,334,336,338,339,:
338:303,331,332,333,336,337,339,:
339:331,333,334,335,336,337,338,:
340:294,341,342,343,344,345,346,347,348,349,:
341:340,342,343,345,346,347,348,349,:
342:340,341,343,344,345,346,347,348,349,350,:
343:312,340,341,342,344,345,346,347,348,349,350,351,353,:
344:310,311,312,340,342,343,345,348,349,350,353,:
345:293,294,298,299,300,305,306,307,308,309,310,340,341,342,343,344,346,347,348,349,:
346:286,287,289,293,294,295,298,299,300,305,307,340,341,342,343,345,347,:
347:286,289,292,293,294,300,307,309,340,341,342,343,345,346,:
348:340,341,342,343,344,345,349,350,351,352,353,:
349:340,341,342,343,344,345,348,350,351,352,353,355,359,360,:
350:342,343,344,348,349,351,352,353,355,:
351:343,348,349,350,352,353,354,355,:
352:348,349,350,351,353,354,355,356,357,359,:
353:343,344,348,349,350,351,352,355,:
354:351,352,355,356,357,358,359,360,:
355:349,350,351,352,353,354,356,357,359,360,:
356:352,354,355,357,358,359,360,:
357:352,354,355,356,358,359,:
358:354,356,357,359,:
359:298,349,352,354,355,356,357,358,360,:
360:306,349,354,355,356,359,:
361:362,363,364,365,366,367,370,371,:
362:361,363,364,365,366,370,:
363:361,362,364,365,366,367,368,369,370,371,372,380,:
364:361,362,363,365,366,367,368,369,370,371,372,373,375,379,380,:
365:361,362,363,364,366,367,368,369,370,371,372,373,379,380,383,:
366:361,362,363,364,365,367,368,369,370,371,380,422,:
367:361,363,364,365,366,368,369,370,371,379,380,384,422,:
368:363,364,365,366,367,369,370,371,379,380,381,384,385,386,:
369:363,364,365,366,367,368,380,383,384,421,422,:
370:361,362,363,364,365,366,367,368,371,372,373,374,375,376,377,378,379,380,:
371:361,363,364,365,366,367,368,370,372,373,375,376,377,378,379,380,:
372:363,364,365,370,371,373,374,375,376,377,378,379,380,381,:
373:364,365,370,371,372,374,375,376,377,378,379,380,381,382,383,384,389,390,391,396,:
374:370,372,373,375,376,379,380,381,382,383,389,390,391,395,396,397,400,:
375:364,370,371,372,373,374,376,377,378,379,380,:
376:370,371,372,373,374,375,377,378,379,380,389,:
377:370,371,372,373,375,376,378,:
378:370,371,372,373,375,376,377,:
379:364,365,367,368,370,371,372,373,374,375,376,380,381,382,383,384,385,387,389,390,391,396,:
380:363,364,365,366,367,368,369,370,371,372,373,374,375,376,379,381,382,383,384,385,386,387,389,:
381:368,372,373,374,379,380,382,383,384,385,386,387,388,389,390,391,392,396,:
382:373,374,379,380,381,383,384,385,389,390,391,392,393,395,396,:
383:365,369,373,374,379,380,381,382,384,390,391,392,393,395,396,:
384:367,368,369,373,379,380,381,382,383,385,386,387,388,389,390,391,:
385:368,379,380,381,382,384,386,387,388,389,:
386:239,368,380,381,384,385,387,388,389,:
387:379,380,381,384,385,386,388,389,:
388:381,384,385,386,387,389,:
389:373,374,376,379,380,381,382,384,385,386,387,388,391,:
390:373,374,379,381,382,383,384,391,392,393,394,395,396,:
391:373,374,379,381,382,383,384,389,390,392,393,395,396,402,:
392:381,382,383,390,391,393,394,395,396,397,402,407,434,:
393:382,383,390,391,392,394,395,396,397,398,399,400,401,402,406,407,416,436,:
394:390,392,393,395,396,397,398,399,401,402,404,406,407,408,409,411,415,416,417,420,434,436,:
395:374,382,383,390,391,392,393,394,396,397,398,399,400,401,402,407,416,:
396:373,374,379,381,382,383,390,391,392,393,394,395,397,398,400,401,402,:
397:374,392,393,394,395,396,398,399,400,401,402,403,407,416,:
398:393,394,395,396,397,399,400,401,402,403,404,405,406,407,415,416,:
399:393,394,395,397,398,400,401,402,403,404,405,406,407,415,416,417,418,420,:
400:374,393,395,396,397,398,399,401,402,:
401:393,394,395,396,397,398,399,400,402,403,404,405,406,407,416,:
402:391,392,393,394,395,396,397,398,399,400,401,403,404,406,407,:
403:397,398,399,401,402,404,405,406,407,408,416,:
404:394,398,399,401,402,403,405,406,407,408,409,410,411,413,415,416,:
405:398,399,401,403,404,406,407,408,409,410,415,416,:
406:393,394,398,399,401,402,403,404,405,407,408,409,410,411,412,413,415,416,:
407:392,393,394,395,397,398,399,401,402,403,404,405,406,408,409,411,412,413,414,415,416,:
408:182,183,394,403,404,405,406,407,409,410,411,412,413,414,415,416,417,:
409:182,183,394,404,405,406,407,408,410,411,412,415,416,417,418,419,420,:
410:178,181,182,183,404,405,406,408,409,411,415,416,417,418,419,:
411:146,149,170,175,182,183,394,404,406,407,408,409,410,412,413,414,415,416,436,:
412:1,20,144,146,148,149,175,406,407,408,409,411,413,414,:
413:1,20,144,146,147,148,149,404,406,407,408,411,412,414,:
414:1,2,20,144,146,147,148,149,170,171,173,174,175,407,408,411,412,413,:
415:183,394,398,399,404,405,406,407,408,409,410,411,416,417,418,419,420,436,437,:
416:393,394,395,397,398,399,401,403,404,405,406,407,408,409,410,411,415,417,418,420,436,:
417:394,399,408,409,410,415,416,418,419,420,437,:
418:399,409,410,415,416,417,419,420,:
419:409,410,415,417,418,420,:
420:394,399,409,415,416,417,418,419,:
421:369,422,423,424,425,426,427,:
422:366,367,369,421,423,424,425,:
423:421,422,424,425,426,427,428,:
424:421,422,423,425,426,427,428,429,431,:
425:421,422,423,424,426,427,428,429,:
426:421,423,424,425,427,428,429,430,431,432,:
427:123,421,423,424,425,426,428,429,430,431,:
428:423,424,425,426,427,429,430,431,432,433,434,:
429:424,425,426,427,428,430,431,432,433,:
430:426,427,428,429,431,432,433,:
431:171,172,173,174,424,426,427,428,429,430,432,433,434,435,436,:
432:170,171,172,173,426,428,429,430,431,433,434,435,436,437,:
433:170,171,172,428,429,430,431,432,434,435,436,437,:
434:170,171,173,175,392,394,428,431,432,433,435,436,437,:
435:167,168,169,170,431,432,433,434,436,437,:
436:170,393,394,411,415,416,431,432,433,434,435,437,:
437:168,169,170,415,417,432,433,434,435,436,:
