1:2,3,4,5,7,8,16,20,28,68,72,73,74,75,83,84,91,92,97,98,101,107,176,178,181,547,549,:
2:1,3,4,16,28,68,69,73,74,75,76,77,79,83,84,85,88,91,92,93,97,98,99,101,544,547,549,:
3:1,2,4,5,7,8,16,20,28,61,68,73,75,92,98,175,176,177,178,179,181,545,547,548,549,:
4:1,2,3,5,7,16,28,68,71,72,73,74,75,83,84,85,86,92,100,101,102,105,106,107,110,175,176,177,178,179,181,512,549,:
5:1,3,4,6,7,8,14,15,16,18,19,20,26,27,28,91,92,107,178,179,181,253,469,510,511,512,:
6:5,7,8,15,16,18,19,20,26,27,28,90,91,92,270,271,461,462,469,510,511,512,:
7:1,3,4,5,6,8,15,16,18,19,20,26,27,28,101,106,107,175,178,179,180,181,251,252,253,271,509,510,511,512,513,515,:
8:1,3,5,6,7,13,14,15,16,18,19,20,24,25,26,27,28,92,178,179,181,469,:
9:10,11,12,13,14,17,21,22,23,24,25,29,30,31,343,344,417,420,421,423,424,:
10:9,11,12,13,14,17,21,23,24,25,29,31,417,418,420,421,423,424,425,428,429,:
11:9,10,12,13,14,17,21,23,24,29,30,31,199,341,342,343,344,345,420,421,423,424,:
12:9,10,11,13,14,15,17,21,22,23,24,25,29,30,31,342,344,381,382,421,:
13:8,9,10,11,12,14,15,17,20,21,22,23,24,25,26,27,29,30,31,199,342,344,381,382,:
14:5,8,9,10,11,12,13,15,17,20,21,22,23,24,25,26,27,199,469,:
15:5,6,7,8,12,13,14,19,20,22,23,24,25,26,27,181,199,251,253,469,:
16:1,2,3,4,5,6,7,8,18,19,20,28,75,84,88,90,91,92,93,97,98,101,107,178,181,469,512,549,:
17:9,10,11,12,13,14,21,22,23,29,30,31,330,332,333,334,341,342,343,344,347,380,381,382,420,421,422,:
18:5,6,7,8,16,19,26,28,88,89,90,91,92,270,271,273,461,462,469,509,510,511,512,:
19:5,6,7,8,15,16,18,20,26,27,28,92,270,271,273,460,461,462,463,464,465,468,469,510,511,512,:
20:1,3,5,6,7,8,13,14,15,16,19,24,25,26,27,28,92,178,181,468,469,480,549,:
21:9,10,11,12,13,14,17,22,23,24,25,29,30,31,380,381,382,390,421,:
22:9,12,13,14,15,17,21,23,24,25,26,27,29,30,31,342,352,353,380,381,382,464,:
23:9,10,11,12,13,14,15,17,21,22,24,25,26,27,29,30,31,199,251,341,342,343,344,:
24:8,9,10,11,12,13,14,15,20,21,22,23,25,26,27,178,199,431,:
25:8,9,10,12,13,14,15,20,21,22,23,24,26,27,469,480,:
26:5,6,7,8,13,14,15,18,19,20,22,23,24,25,27,251,253,271,463,464,469,:
27:5,6,7,8,13,14,15,19,20,22,23,24,25,26,179,181,199,249,251,252,253,:
28:1,2,3,4,5,6,7,8,16,18,19,20,83,84,85,88,89,90,91,92,93,94,97,98,101,468,469,512,:
29:9,10,11,12,13,17,21,22,23,30,31,329,330,332,333,334,342,344,380,382,417,420,421,422,:
30:9,11,12,13,17,21,22,23,29,31,330,332,333,334,342,347,352,380,381,382,421,422,:
31:9,10,11,12,13,17,21,22,23,29,30,330,332,333,334,336,341,342,343,344,347,352,382,421,422,:
32:33,34,35,36,37,38,39,163,166,:
33:32,34,35,36,37,38,39,:
34:32,33,35,36,37,38,39,40,45,166,169,:
35:32,33,34,36,37,38,44,45,169,:
36:32,33,34,35,37,44,45,:
37:32,33,34,35,36,38,39,40,41,42,45,48,:
38:32,33,34,35,37,39,40,41,42,43,163,:
39:32,33,34,37,38,40,41,42,43,162,163,:
40:34,37,38,39,41,42,43,48,71,163,170,172,:
41:37,38,39,40,42,43,116,162,163,164,:
42:37,38,39,40,41,43,71,72,110,161,163,170,172,:
43:38,39,40,41,42,109,110,111,114,160,161,162,163,:
44:35,36,45,46,47,48,49,50,57,58,:
45:34,35,36,37,44,46,47,48,49,50,57,169,171,:
46:44,45,47,48,49,50,51,57,58,59,:
47:44,45,46,48,49,50,57,58,59,60,61,62,:
48:37,40,44,45,46,47,49,57,58,59,60,61,66,:
49:44,45,46,47,48,50,51,52,57,58,171,172,:
50:44,45,46,47,49,51,52,53,58,:
51:46,49,50,52,53,54,55,56,185,186,200,:
52:49,50,51,53,54,55,56,185,186,217,427,:
53:50,51,52,54,55,56,185,186,200,217,427,:
54:51,52,53,55,56,185,186,200,203,204,210,211,217,:
55:51,52,53,54,56,186,200,217,427,:
56:51,52,53,54,55,186,210,212,216,217,427,:
57:44,45,46,47,48,49,58,59,60,61,62,63,64,65,66,67,:
58:44,46,47,48,49,50,57,59,60,61,62,63,64,65,430,:
59:46,47,48,57,58,60,61,62,63,64,65,66,67,68,528,529,:
60:47,48,57,58,59,61,62,63,66,67,68,69,71,177,529,547,548,549,:
61:3,47,48,57,58,59,60,62,66,67,68,71,172,176,177,178,430,431,547,548,549,:
62:47,57,58,59,60,61,63,64,65,66,67,528,529,533,534,:
63:57,58,59,60,62,64,65,526,528,529,534,:
64:57,58,59,62,63,65,525,526,527,528,529,530,534,:
65:57,58,59,62,63,64,534,:
66:48,57,59,60,61,62,67,68,69,70,71,72,73,74,75,177,528,529,532,547,549,:
67:57,59,60,61,62,66,68,69,70,71,74,528,529,530,532,533,534,535,:
68:1,2,3,4,59,60,61,66,67,69,70,71,72,73,74,75,76,177,529,547,549,:
69:2,60,66,67,68,70,71,72,73,74,75,76,77,78,79,80,110,532,539,:
70:66,67,68,69,71,72,73,74,75,76,77,79,80,114,529,532,535,:
71:4,40,42,60,61,66,67,68,69,70,72,73,74,75,110,176,177,178,:
72:1,4,42,66,68,69,70,71,73,74,75,77,100,101,102,103,105,107,109,110,111,114,176,:
73:1,2,3,4,66,68,69,70,71,72,74,75,76,77,83,84,100,101,102,103,105,106,107,109,110,175,176,177,178,179,181,:
74:1,2,4,66,67,68,69,70,71,72,73,75,76,77,78,79,80,81,82,83,84,101,110,539,549,:
75:1,2,3,4,16,66,68,69,70,71,72,73,74,76,77,78,79,80,83,84,98,101,544,547,549,:
76:2,68,69,70,73,74,75,77,78,79,80,81,82,83,84,85,:
77:2,69,70,72,73,74,75,76,78,79,80,82,83,84,85,86,87,88,100,101,110,127,:
78:69,74,75,76,77,79,82,83,84,85,86,87,100,101,109,110,111,112,114,126,127,128,131,132,134,:
79:2,69,70,74,75,76,77,78,80,81,82,83,84,539,:
80:69,70,74,75,76,77,79,81,82,535,538,539,543,544,551,:
81:74,76,79,80,82,535,538,539,540,543,544,550,551,556,580,589,:
82:74,76,77,78,79,80,81,83,84,:
83:1,2,4,28,73,74,75,76,77,78,79,82,84,85,86,87,88,89,91,92,100,101,110,:
84:1,2,4,16,28,73,74,75,76,77,78,79,82,83,85,86,88,89,90,91,92,93,97,98,100,101,:
85:2,4,28,76,77,78,83,84,86,87,88,89,90,100,101,102,140,:
86:4,77,78,83,84,85,87,88,89,100,101,102,103,104,105,106,107,109,110,127,133,134,139,140,:
87:77,78,83,85,86,88,100,101,102,103,104,109,110,126,127,129,133,134,135,138,139,140,:
88:2,16,18,28,77,83,84,85,86,87,89,90,91,92,100,101,107,510,511,512,:
89:18,28,83,84,85,86,88,90,91,92,93,94,95,597,:
90:6,16,18,28,84,85,88,89,91,92,93,94,95,96,97,98,462,470,:
91:1,2,5,6,16,18,28,83,84,88,89,90,92,93,94,95,96,97,98,99,462,468,469,470,:
92:1,2,3,4,5,6,8,16,18,19,20,28,83,84,88,89,90,91,93,94,95,97,98,99,462,468,469,:
93:2,16,28,84,89,90,91,92,94,95,96,97,98,99,468,470,474,579,580,581,:
94:28,89,90,91,92,93,95,96,97,98,99,470,472,579,580,581,598,:
95:89,90,91,92,93,94,96,97,99,470,472,581,596,597,598,:
96:90,91,93,94,95,97,98,99,470,578,579,580,581,598,:
97:1,2,16,28,84,90,91,92,93,94,95,96,98,99,468,474,475,478,480,544,579,580,581,:
98:1,2,3,16,28,75,84,90,91,92,93,94,96,97,99,468,469,474,475,478,479,480,544,545,547,549,580,:
99:2,91,92,93,94,95,96,97,98,474,475,478,479,480,543,544,578,579,580,581,:
100:4,72,73,77,78,83,84,85,86,87,88,101,102,103,104,105,106,107,108,109,110,127,134,140,512,:
101:1,2,4,7,16,28,72,73,74,75,77,78,83,84,85,86,87,88,100,102,103,105,106,107,109,110,512,:
102:4,72,73,85,86,87,100,101,103,104,105,106,107,108,109,110,111,134,512,515,:
103:72,73,86,87,100,101,102,104,105,106,108,109,110,111,112,113,114,126,127,133,134,142,:
104:86,87,100,102,103,105,108,109,110,111,112,113,126,127,133,134,135,136,138,141,142,143,146,147,149,:
105:4,72,73,86,100,101,102,103,104,106,107,108,109,110,179,180,181,512,513,515,:
106:4,7,73,86,100,101,102,103,105,107,108,175,179,180,181,191,509,510,512,513,514,515,:
107:1,4,5,7,16,72,73,86,88,100,101,102,105,106,108,175,179,180,181,509,510,511,512,513,515,:
108:100,102,103,104,105,106,107,109,149,151,161,174,180,191,515,:
109:43,72,73,78,86,87,100,101,102,103,104,105,108,110,111,112,113,114,115,126,127,134,142,:
110:4,42,43,69,71,72,73,74,77,78,83,86,87,100,101,102,103,104,105,109,111,112,114,126,127,:
111:43,72,78,102,103,104,109,110,112,113,114,115,116,126,127,128,134,142,:
112:78,103,104,109,110,111,113,114,115,116,126,127,128,129,131,133,134,141,142,:
113:103,104,109,111,112,114,115,116,126,127,128,129,130,133,134,141,142,143,144,146,:
114:43,70,72,78,103,109,110,111,112,113,115,116,117,121,126,127,:
115:109,111,112,113,114,116,117,118,119,120,121,126,127,:
116:41,111,112,113,114,115,117,118,119,120,121,122,123,124,:
117:114,115,116,118,119,120,121,122,123,124,125,:
118:115,116,117,119,120,121,123,124,125,:
119:115,116,117,118,120,121,122,123,124,125,:
120:115,116,117,118,119,121,122,123,124,125,:
121:114,115,116,117,118,119,120,122,123,125,:
122:116,117,119,120,121,123,124,125,:
123:116,117,118,119,120,121,122,124,125,:
124:116,117,118,119,120,122,123,125,:
125:117,118,119,120,121,122,123,124,:
126:78,87,103,104,109,110,111,112,113,114,115,127,128,129,130,131,132,133,134,142,:
127:77,78,86,87,100,103,104,109,110,111,112,113,114,115,126,128,129,131,132,133,134,:
128:78,111,112,113,126,127,129,130,131,132,133,134,135,:
129:87,112,113,126,127,128,130,131,133,134,135,136,137,138,140,141,142,:
130:113,126,128,129,131,133,134,135,136,137,141,142,:
131:78,112,126,127,128,129,130,132,133,134,:
132:78,126,127,128,131,:
133:86,87,103,104,112,113,126,127,128,129,130,131,134,135,136,137,138,139,140,141,142,:
134:78,86,87,100,102,103,104,109,111,112,113,126,127,128,129,130,131,133,135,136,138,139,140,141,142,:
135:87,104,128,129,130,133,134,136,137,138,139,140,141,142,143,:
136:104,129,130,133,134,135,137,138,139,141,142,143,144,145,146,523,:
137:129,130,133,135,136,138,141,142,143,144,145,523,:
138:87,104,129,133,134,135,136,137,139,140,141,142,502,503,524,:
139:86,87,133,134,135,136,138,140,501,502,503,504,:
140:85,86,87,100,129,133,134,135,138,139,504,:
141:104,112,113,129,130,133,134,135,136,137,138,142,143,144,145,146,147,149,523,:
142:103,104,109,111,112,113,126,129,130,133,134,135,136,137,138,141,143,144,146,147,149,:
143:104,113,135,136,137,141,142,144,145,146,147,148,149,523,:
144:113,136,137,141,142,143,145,146,147,:
145:136,137,141,143,144,146,:
146:104,113,136,141,142,143,144,145,147,148,149,150,151,:
147:104,141,142,143,144,146,148,149,150,151,152,523,:
148:143,146,147,149,150,151,152,523,:
149:104,108,141,142,143,146,147,148,150,151,152,159,523,524,:
150:146,147,148,149,151,152,159,523,:
151:108,146,147,148,149,150,152,159,522,523,524,:
152:147,148,149,150,151,159,522,523,:
153:154,155,156,157,158,159,164,:
154:153,155,156,157,158,164,:
155:153,154,156,157,158,159,160,162,164,:
156:153,154,155,157,158,159,160,162,163,164,:
157:153,154,155,156,158,159,160,162,163,164,:
158:153,154,155,156,157,159,160,161,162,163,164,:
159:149,150,151,152,153,155,156,157,158,160,161,162,163,164,:
160:43,155,156,157,158,159,161,162,163,164,165,188,:
161:42,43,108,158,159,160,162,163,164,165,166,170,187,188,189,:
162:39,41,43,155,156,157,158,159,160,161,163,164,165,166,:
163:32,38,39,40,41,42,43,156,157,158,159,160,161,162,164,165,166,170,:
164:41,153,154,155,156,157,158,159,160,161,162,163,:
165:160,161,162,163,166,167,168,169,170,171,182,183,188,:
166:32,34,161,162,163,165,167,168,169,170,182,:
167:165,166,168,169,170,171,172,174,182,183,184,188,196,:
168:165,166,167,169,170,171,182,183,184,185,196,:
169:34,35,45,165,166,167,168,170,171,182,183,184,:
170:40,42,161,163,165,166,167,168,169,171,172,173,174,182,183,191,196,:
171:45,49,165,167,168,169,170,172,173,174,175,177,182,183,196,:
172:40,42,49,61,167,170,171,173,174,175,176,177,178,179,180,:
173:170,171,172,174,175,176,177,178,179,180,181,190,191,197,:
174:108,167,170,171,172,173,175,176,177,179,180,181,189,190,191,192,194,197,:
175:3,4,7,73,106,107,171,172,173,174,176,177,178,179,180,181,191,197,:
176:1,3,4,61,71,72,73,172,173,174,175,177,178,179,180,181,431,549,:
177:3,4,60,61,66,68,71,73,171,172,173,174,175,176,178,179,181,430,431,548,549,:
178:1,3,4,5,7,8,16,20,24,61,71,73,172,173,175,176,177,179,180,181,431,547,548,549,:
179:3,4,5,7,8,27,73,105,106,107,172,173,174,175,176,177,178,180,181,191,197,199,252,253,515,:
180:7,105,106,107,108,172,173,174,175,176,178,179,181,190,191,197,199,250,252,253,515,:
181:1,3,4,5,7,8,15,16,20,27,73,105,106,107,173,174,175,176,177,178,179,180,191,199,252,253,512,515,:
182:165,166,167,168,169,170,171,183,184,185,186,196,:
183:165,167,168,169,170,171,182,184,185,186,195,196,201,203,:
184:167,168,169,182,183,185,186,196,:
185:51,52,53,54,168,182,183,184,186,:
186:51,52,53,54,55,56,182,183,184,185,196,200,203,204,210,211,:
187:161,188,189,190,191,192,193,:
188:160,161,165,167,187,189,190,192,193,:
189:161,174,187,188,190,191,192,193,194,:
190:173,174,180,187,188,189,191,192,193,194,195,196,197,250,252,:
191:106,108,170,173,174,175,179,180,181,187,189,190,192,193,194,197,250,252,:
192:174,187,188,189,190,191,193,194,195,196,197,198,201,202,250,:
193:187,188,189,190,191,192,194,195,196,197,201,202,:
194:174,189,190,191,192,193,195,196,197,198,199,200,201,202,203,235,250,:
195:183,190,192,193,194,196,197,198,200,201,202,203,204,205,206,209,235,:
196:167,168,170,171,182,183,184,186,190,192,193,194,195,197,198,200,201,202,203,206,209,:
197:173,174,175,179,180,190,191,192,193,194,195,196,198,199,200,201,202,250,252,:
198:192,194,195,196,197,199,200,201,202,205,343,344,345,:
199:11,13,14,15,23,24,27,179,180,181,194,197,198,200,249,251,253,343,344,345,:
200:51,53,54,55,186,194,195,196,197,198,199,201,202,203,204,205,343,344,345,:
201:183,192,193,194,195,196,197,198,200,202,203,204,205,206,207,208,209,210,211,232,235,:
202:192,193,194,195,196,197,198,200,201,203,204,205,206,207,208,209,210,231,232,234,235,345,:
203:54,183,186,194,195,196,200,201,202,204,205,206,207,208,209,210,211,212,222,232,235,:
204:54,186,195,200,201,202,203,205,206,207,208,209,210,211,212,213,214,215,221,222,232,345,:
205:195,198,200,201,202,203,204,206,207,210,211,212,213,214,221,222,231,232,235,340,341,343,344,345,:
206:195,196,201,202,203,204,205,207,208,209,210,211,222,232,:
207:201,202,203,204,205,206,208,209,210,211,221,222,229,231,232,233,234,235,:
208:201,202,203,204,206,207,209,221,222,229,231,232,235,:
209:195,196,201,202,203,204,206,207,208,:
210:54,56,186,201,202,203,204,205,206,207,211,212,213,214,215,216,217,221,222,229,232,345,:
211:54,186,201,203,204,205,206,207,210,212,213,215,216,217,218,220,221,222,229,:
212:56,203,204,205,210,211,213,214,215,216,217,218,220,221,222,223,229,345,:
213:204,205,210,211,212,214,215,216,221,222,223,224,226,227,228,229,231,232,340,345,:
214:204,205,210,212,213,215,221,222,223,224,335,336,337,340,341,343,345,:
215:204,210,211,212,213,214,216,217,218,219,220,221,222,228,229,:
216:56,210,211,212,213,215,217,218,219,220,:
217:52,53,54,55,56,210,211,212,215,216,218,219,220,:
218:211,212,215,216,217,219,220,:
219:215,216,217,218,220,:
220:211,212,215,216,217,218,219,:
221:204,205,207,208,210,211,212,213,214,215,222,223,224,225,226,227,228,229,231,232,:
222:203,204,205,206,207,208,210,211,212,213,214,215,221,223,224,226,227,228,229,231,232,:
223:212,213,214,221,222,224,225,226,227,228,229,231,232,233,:
224:213,214,221,222,223,225,226,227,231,232,233,234,236,237,238,239,337,340,:
225:221,223,224,226,231,232,233,236,237,238,239,240,337,338,339,340,:
226:213,221,222,223,224,225,227,228,229,230,231,232,239,241,:
227:213,221,222,223,224,226,228,229,230,:
228:213,215,221,222,223,226,227,229,230,:
229:207,208,210,211,212,213,215,221,222,223,226,227,228,230,:
230:226,227,228,229,:
231:202,205,207,208,213,221,222,223,224,225,226,232,233,234,235,236,237,238,239,243,244,340,:
232:201,202,203,204,205,206,207,208,210,213,221,222,223,224,225,226,231,233,234,235,236,237,239,:
233:207,223,224,225,231,232,234,235,236,237,238,239,243,244,245,340,:
234:202,207,224,231,232,233,235,236,237,243,244,245,246,248,340,:
235:194,195,201,202,203,205,207,208,231,232,233,234,236,243,244,245,248,:
236:224,225,231,232,233,234,235,237,238,239,240,241,243,244,:
237:224,225,231,232,233,234,236,238,239,240,241,242,:
238:224,225,231,233,236,237,239,240,241,242,:
239:224,225,226,231,232,233,236,237,238,240,241,242,:
240:225,236,237,238,239,241,242,:
241:226,236,237,238,239,240,242,:
242:237,238,239,240,241,:
243:231,233,234,235,236,244,245,246,247,248,249,:
244:231,233,234,235,236,243,245,246,247,248,339,:
245:233,234,235,243,244,246,247,248,249,250,251,:
246:234,243,244,245,247,248,249,250,254,255,264,:
247:243,244,245,246,248,249,250,254,255,263,264,265,268,:
248:234,235,243,244,245,246,247,249,250,251,252,253,353,:
249:27,199,243,245,246,247,248,250,251,252,253,264,268,:
250:180,190,191,192,194,197,245,246,247,248,249,251,252,253,261,264,:
251:7,15,23,26,27,199,245,248,249,250,252,253,268,353,:
252:7,27,179,180,181,190,191,197,248,249,250,251,253,260,261,264,513,514,515,:
253:5,7,15,26,27,179,180,181,199,248,249,250,251,252,268,271,512,513,515,:
254:246,247,255,256,257,258,259,260,261,262,263,264,:
255:246,247,254,256,257,259,260,261,262,263,264,:
256:254,255,257,258,259,260,261,262,263,264,265,:
257:254,255,256,258,259,260,261,262,263,264,265,266,267,268,508,514,:
258:254,256,257,259,260,263,264,265,266,267,507,508,:
259:254,255,256,257,258,260,261,262,263,264,508,514,522,:
260:252,254,255,256,257,258,259,261,262,263,264,508,509,513,514,515,:
261:250,252,254,255,256,257,259,260,262,263,264,513,514,515,:
262:254,255,256,257,259,260,261,:
263:247,254,255,256,257,258,259,260,261,264,265,266,267,268,269,507,508,514,:
264:246,247,249,250,252,254,255,256,257,258,259,260,261,263,265,266,268,514,:
265:247,256,257,258,263,264,266,267,268,269,270,271,272,274,506,507,508,:
266:257,258,263,264,265,267,268,269,270,274,276,281,283,:
267:257,258,263,265,266,268,269,270,272,274,275,276,277,280,281,282,283,:
268:247,249,251,253,257,263,264,265,266,267,269,270,271,272,274,:
269:263,265,266,267,268,270,271,272,273,274,283,353,354,372,373,463,:
270:6,18,19,265,266,267,268,269,271,272,273,274,372,373,460,463,506,511,:
271:6,7,18,19,26,253,265,268,269,270,272,273,274,462,463,506,507,509,510,511,512,:
272:265,267,268,269,270,271,273,274,281,282,283,372,373,460,463,490,492,506,:
273:18,19,269,270,271,272,274,282,460,462,463,487,490,492,505,506,511,:
274:265,266,267,268,269,270,271,272,273,276,281,282,283,372,373,487,488,490,491,492,:
275:267,276,277,278,279,280,281,282,283,:
276:266,267,274,275,277,278,280,281,282,283,:
277:267,275,276,278,279,280,281,282,283,:
278:275,276,277,279,280,281,:
279:275,277,278,280,:
280:267,275,276,277,278,279,281,282,283,492,:
281:266,267,272,274,275,276,277,278,280,282,283,370,371,372,373,490,492,:
282:267,272,273,274,275,276,277,280,281,283,370,372,373,487,488,490,491,492,:
283:266,267,269,272,274,275,276,277,280,281,282,354,370,371,372,373,492,:
284:285,286,287,288,289,290,361,:
285:284,286,287,288,289,:
286:284,285,287,288,289,290,291,292,361,364,:
287:284,285,286,288,289,290,291,292,364,:
288:284,285,286,287,289,290,292,:
289:284,285,286,287,288,290,291,292,293,294,:
290:284,286,287,288,289,291,292,293,294,295,:
291:286,287,289,290,292,293,294,295,296,364,367,:
292:286,287,288,289,290,291,293,294,295,296,297,:
293:289,290,291,292,294,295,296,297,351,367,:
294:289,290,291,292,293,295,296,297,301,302,:
295:290,291,292,293,294,296,297,302,333,:
296:291,292,293,294,295,297,299,301,302,330,331,332,333,379,382,:
297:292,293,294,295,296,301,302,325,330,331,332,333,334,351,355,356,:
298:299,300,301,302,303,304,:
299:296,298,300,301,302,303,398,:
300:298,299,301,302,303,304,305,306,308,:
301:294,296,297,298,299,300,302,303,304,305,307,308,325,:
302:294,295,296,297,298,299,300,301,303,304,305,306,307,308,324,325,330,331,332,333,356,:
303:298,299,300,301,302,304,305,306,308,316,322,:
304:298,300,301,302,303,305,306,308,315,316,317,321,322,325,:
305:300,301,302,303,304,306,307,308,309,313,314,315,316,317,321,322,324,325,:
306:300,302,303,304,305,315,316,317,321,322,323,329,334,395,:
307:301,302,305,308,309,310,311,312,313,316,324,325,:
308:300,301,302,303,304,305,307,309,310,312,313,314,315,316,324,325,:
309:305,307,308,310,311,312,313,314,315,316,324,325,326,:
310:307,308,309,311,312,313,314,315,316,317,324,325,326,327,328,329,:
311:307,309,310,312,313,314,315,316,317,319,324,325,326,327,328,:
312:307,308,309,310,311,313,314,315,316,324,325,:
313:305,307,308,309,310,311,312,314,315,316,317,319,:
314:305,308,309,310,311,312,313,315,316,317,318,319,320,321,:
315:304,305,306,308,309,310,311,312,313,314,316,317,318,319,320,321,322,323,324,325,326,:
316:303,304,305,306,307,308,309,310,311,312,313,314,315,317,318,319,321,322,323,324,325,326,:
317:304,305,306,310,311,313,314,315,316,318,319,320,321,322,323,324,326,446,:
318:314,315,316,317,319,320,321,322,323,446,:
319:311,313,314,315,316,317,318,320,321,323,:
320:314,315,317,318,319,321,322,323,444,446,:
321:304,305,306,314,315,316,317,318,319,320,322,323,326,329,444,445,446,:
322:303,304,305,306,315,316,317,318,320,321,323,324,326,329,334,422,445,:
323:306,315,316,317,318,319,320,321,322,329,416,422,443,444,445,446,:
324:302,305,307,308,309,310,311,312,315,316,317,322,325,326,327,328,329,330,331,335,336,356,:
325:297,301,302,304,305,307,308,309,310,311,312,315,316,324,326,327,328,329,330,331,332,356,:
326:309,310,311,315,316,317,321,322,324,325,327,328,329,330,331,332,335,336,337,347,356,:
327:310,311,324,325,326,328,329,330,331,335,336,337,338,339,340,342,346,347,355,356,:
328:310,311,324,325,326,327,329,330,331,335,336,337,338,339,346,347,349,355,356,357,358,:
329:29,306,310,321,322,323,324,325,326,327,328,330,331,332,333,334,335,336,347,356,421,422,:
330:17,29,30,31,296,297,302,324,325,326,327,328,329,331,332,333,334,335,336,342,346,347,356,382,:
331:296,297,302,324,325,326,327,328,329,330,332,333,334,335,336,338,346,347,348,349,351,355,356,357,:
332:17,29,30,31,296,297,302,325,326,329,330,331,333,334,347,380,382,421,422,:
333:17,29,30,31,295,296,297,302,329,330,331,332,334,347,351,379,380,382,387,:
334:17,29,30,31,297,306,322,329,330,331,332,333,382,387,421,422,:
335:214,324,326,327,328,329,330,331,336,337,338,339,340,341,342,343,346,347,356,:
336:31,214,324,326,327,328,329,330,331,335,337,338,340,341,342,343,344,345,346,347,:
337:214,224,225,326,327,328,335,336,338,339,340,341,342,343,345,346,347,348,:
338:225,327,328,331,335,336,337,339,340,341,342,346,347,348,349,350,351,355,356,:
339:225,244,327,328,335,337,338,340,346,347,348,349,350,355,356,:
340:205,213,214,224,225,231,233,234,327,335,336,337,338,339,341,342,343,344,345,346,347,:
341:11,17,23,31,205,214,335,336,337,338,340,342,343,344,345,346,347,:
342:11,12,13,17,22,23,29,30,31,327,330,335,336,337,338,340,341,343,344,345,346,347,348,352,:
343:9,11,17,23,31,198,199,200,205,214,335,336,337,340,341,342,344,345,:
344:9,11,12,13,17,23,29,31,198,199,200,205,336,340,341,342,343,345,:
345:11,198,199,200,202,204,205,210,212,213,214,336,337,340,341,342,343,344,:
346:327,328,330,331,335,336,337,338,339,340,341,342,347,348,349,350,351,352,353,355,356,:
347:17,30,31,326,327,328,329,330,331,332,333,335,336,337,338,339,340,341,342,346,348,349,351,352,355,356,:
348:331,337,338,339,342,346,347,349,350,351,352,353,354,355,356,357,:
349:328,331,338,339,346,347,348,350,351,352,355,356,357,358,359,:
350:338,339,346,348,349,351,355,356,357,358,359,:
351:293,297,331,333,338,346,347,348,349,350,352,353,354,355,356,382,:
352:22,30,31,342,346,347,348,349,351,353,354,380,382,464,:
353:22,248,251,269,346,348,351,352,354,:
354:269,283,348,351,352,353,369,371,372,373,:
355:297,327,328,331,338,339,346,347,348,349,350,351,356,357,358,359,:
356:297,302,324,325,326,327,328,329,330,331,335,338,339,346,347,348,349,350,351,355,357,358,:
357:328,331,348,349,350,355,356,358,359,:
358:328,349,350,355,356,357,359,:
359:349,350,355,357,358,:
360:361,362,363,364,365,366,:
361:284,286,360,362,363,364,365,:
362:360,361,363,364,365,366,367,368,:
363:360,361,362,364,365,366,367,:
364:286,287,291,360,361,362,363,365,:
365:360,361,362,363,364,366,367,368,369,370,:
366:360,362,363,365,367,368,369,370,371,:
367:291,293,362,363,365,366,368,369,370,371,372,459,:
368:362,365,366,367,369,370,371,372,373,491,:
369:354,365,366,367,368,370,371,372,373,458,459,491,:
370:281,282,283,365,366,367,368,369,371,372,373,490,491,492,:
371:281,283,354,366,367,368,369,370,372,373,458,459,490,491,492,:
372:269,270,272,274,281,282,283,354,367,368,369,370,371,373,458,459,460,463,490,491,492,:
373:269,270,272,274,281,282,283,354,368,369,370,371,372,463,490,491,492,:
374:375,376,377,378,379,380,383,384,:
375:374,376,377,378,379,383,:
376:374,375,377,378,379,380,381,382,383,384,385,456,457,:
377:374,375,376,378,379,380,381,383,384,385,386,387,388,:
378:374,375,376,377,379,383,384,385,386,387,391,398,:
379:296,333,374,375,376,377,378,380,381,382,383,384,:
380:17,21,22,29,30,332,333,352,374,376,377,379,381,382,383,384,464,:
381:12,13,17,21,22,30,376,377,379,380,382,383,384,390,464,:
382:12,13,17,21,22,29,30,31,296,330,332,333,334,351,352,376,379,380,381,384,464,:
383:374,375,376,377,378,379,380,381,384,385,386,387,388,389,390,391,392,:
384:374,376,377,378,379,380,381,382,383,385,386,387,388,389,390,456,457,:
385:376,377,378,383,384,386,387,388,389,390,391,392,393,408,:
386:377,378,383,384,385,387,388,389,390,391,392,393,394,396,407,408,:
387:333,334,377,378,383,384,385,386,388,390,391,392,393,394,407,408,422,:
388:377,383,384,385,386,387,389,390,391,392,408,411,571,:
389:383,384,385,386,388,390,477,570,571,:
390:21,381,383,384,385,386,387,388,389,391,408,410,411,571,:
391:378,383,385,386,387,388,390,392,393,394,395,396,397,398,407,408,:
392:383,385,386,387,388,391,393,394,396,397,398,399,407,408,:
393:385,386,387,391,392,394,395,396,397,398,399,407,408,409,:
394:386,387,391,392,393,395,396,397,407,408,409,410,412,414,:
395:306,391,393,394,396,407,408,409,412,414,:
396:386,391,392,393,394,395,397,398,399,400,402,403,407,408,:
397:391,392,393,394,396,398,399,400,401,402,403,404,405,:
398:299,378,391,392,393,396,397,399,400,401,402,403,404,:
399:392,393,396,397,398,400,401,402,403,404,405,406,:
400:396,397,398,399,401,402,403,404,406,:
401:397,398,399,400,402,404,:
402:396,397,398,399,400,401,403,404,405,406,:
403:396,397,398,399,400,402,404,405,406,:
404:397,398,399,400,401,402,403,405,406,:
405:397,399,402,403,404,406,:
406:399,400,402,403,404,405,:
407:386,387,391,392,393,394,395,396,408,409,410,411,412,413,414,415,416,:
408:385,386,387,388,390,391,392,393,394,395,396,407,409,410,411,412,414,415,:
409:393,394,395,407,408,410,411,412,413,414,415,416,417,445,:
410:390,394,407,408,409,411,412,413,414,415,416,417,418,419,420,421,422,445,:
411:388,390,407,408,409,410,412,413,415,416,417,418,419,571,:
412:394,395,407,408,409,410,411,413,414,415,416,:
413:407,409,410,411,412,414,415,416,442,:
414:394,395,407,408,409,410,412,413,:
415:407,408,409,410,411,412,413,416,417,418,419,420,421,422,423,424,444,445,:
416:323,407,409,410,411,412,413,415,417,418,419,420,421,422,442,443,444,445,446,:
417:9,10,29,409,410,411,415,416,418,419,420,421,422,423,424,425,445,:
418:10,410,411,415,416,417,419,420,421,423,424,425,426,427,428,432,438,:
419:410,411,415,416,417,418,420,423,424,425,426,427,432,433,437,438,439,442,443,445,:
420:9,10,11,17,29,410,415,416,417,418,419,421,422,423,424,445,:
421:9,10,11,12,17,21,29,30,31,329,332,334,410,415,416,417,418,420,422,424,:
422:17,29,30,31,322,323,329,332,334,387,410,415,416,417,420,421,445,:
423:9,10,11,415,417,418,419,420,424,425,426,427,428,429,432,433,438,:
424:9,10,11,415,417,418,419,420,421,423,425,426,427,428,429,:
425:10,417,418,419,423,424,426,427,428,429,432,433,434,438,:
426:418,419,423,424,425,427,428,429,432,433,434,435,437,438,:
427:52,53,55,56,418,419,423,424,425,426,428,432,433,434,435,437,438,:
428:10,418,423,424,425,426,427,429,430,431,432,433,:
429:10,423,424,425,426,428,430,431,548,567,:
430:58,61,177,428,429,431,547,548,:
431:24,61,176,177,178,428,429,430,548,:
432:418,419,423,425,426,427,428,433,434,435,436,437,438,:
433:419,423,425,426,427,428,432,434,435,437,438,:
434:425,426,427,432,433,435,436,437,438,439,:
435:426,427,432,433,434,436,437,438,439,440,441,442,:
436:432,434,435,437,438,439,440,441,:
437:419,426,427,432,433,434,435,436,438,439,440,441,442,443,:
438:418,419,423,425,426,427,432,433,434,435,436,437,439,440,441,442,443,:
439:419,434,435,436,437,438,440,441,442,443,444,:
440:435,436,437,438,439,441,442,443,:
441:435,436,437,438,439,440,442,:
442:413,416,419,435,437,438,439,440,441,443,444,445,446,:
443:323,416,419,437,438,439,440,442,444,445,446,:
444:320,321,323,415,416,439,442,443,445,446,:
445:321,322,323,409,410,415,416,417,419,420,422,442,443,444,446,:
446:317,318,320,321,323,416,442,443,444,445,:
447:448,449,450,451,452,453,458,459,488,489,490,491,:
448:447,449,450,451,452,458,488,489,490,491,:
449:447,448,450,451,452,453,454,455,458,459,460,466,489,491,:
450:447,448,449,451,452,453,454,458,459,460,461,463,465,466,488,489,490,491,:
451:447,448,449,450,452,453,454,458,459,460,461,462,465,466,471,473,488,489,490,491,:
452:447,448,449,450,451,453,454,455,456,457,458,459,466,:
453:447,449,450,451,452,454,455,456,457,458,459,466,:
454:449,450,451,452,453,455,456,457,458,459,461,465,466,467,473,:
455:449,452,453,454,456,457,:
456:376,384,452,453,454,455,457,465,466,467,476,477,:
457:376,384,452,453,454,455,456,466,:
458:369,371,372,447,448,449,450,451,452,453,454,459,460,461,462,463,464,465,466,490,491,:
459:367,369,371,372,447,449,450,451,452,453,454,458,460,461,463,464,465,466,491,:
460:19,270,272,273,372,449,450,451,458,459,461,462,463,464,465,466,467,490,491,492,:
461:6,18,19,450,451,454,458,459,460,462,463,464,465,466,467,468,469,470,471,:
462:6,18,19,90,91,92,271,273,451,458,460,461,463,465,466,467,468,469,470,471,:
463:19,26,269,270,271,272,273,372,373,450,458,459,460,461,462,464,465,466,:
464:19,22,26,352,380,381,382,458,459,460,461,463,465,466,469,:
465:19,450,451,454,456,458,459,460,461,462,463,464,466,467,468,469,470,471,473,474,:
466:449,450,451,452,453,454,456,457,458,459,460,461,462,463,464,465,467,468,469,470,471,473,:
467:454,456,460,461,462,465,466,468,469,470,471,472,473,474,475,476,477,480,:
468:19,20,28,91,92,93,97,98,461,462,465,466,467,469,470,471,474,475,476,477,478,479,480,:
469:5,6,8,14,15,16,18,19,20,25,26,28,91,92,98,461,462,464,465,466,467,468,470,474,475,480,:
470:90,91,93,94,95,96,461,462,465,466,467,468,469,471,472,473,474,475,:
471:451,461,462,465,466,467,468,470,472,473,:
472:94,95,467,470,471,473,:
473:451,454,465,466,467,470,471,472,:
474:93,97,98,99,465,467,468,469,470,475,476,477,478,479,480,:
475:97,98,99,467,468,469,470,474,476,477,478,479,480,:
476:456,467,468,474,475,477,478,479,480,:
477:389,456,467,468,474,475,476,478,479,480,:
478:97,98,99,468,474,475,476,477,479,480,563,569,577,579,580,:
479:98,99,468,474,475,476,477,478,480,566,568,569,570,:
480:20,25,97,98,99,467,468,469,474,475,476,477,478,479,569,:
481:482,483,484,485,486,487,493,494,:
482:481,483,484,486,487,493,494,:
483:481,482,484,485,486,487,488,493,494,495,:
484:481,482,483,485,486,487,493,494,495,496,497,498,500,:
485:481,483,484,486,487,493,494,495,496,497,499,500,505,:
486:481,482,483,484,485,487,488,489,490,493,494,:
487:273,274,282,481,482,483,484,485,486,488,489,490,491,492,493,494,:
488:274,282,447,448,450,451,483,486,487,489,490,491,492,:
489:447,448,449,450,451,486,487,488,490,491,492,:
490:272,273,274,281,282,370,371,372,373,447,448,450,451,458,460,486,487,488,489,491,492,:
491:274,282,368,369,370,371,372,373,447,448,449,450,451,458,459,460,487,488,489,490,492,:
492:272,273,274,280,281,282,283,370,371,372,373,460,487,488,489,490,491,:
493:481,482,483,484,485,486,487,494,495,496,497,498,:
494:481,482,483,484,485,486,487,493,495,496,498,:
495:483,484,485,493,494,496,497,498,500,:
496:484,485,493,494,495,497,498,499,500,:
497:484,485,493,495,496,498,499,500,501,504,505,:
498:484,493,494,495,496,497,:
499:485,496,497,500,501,502,503,504,505,506,:
500:484,485,495,496,497,499,501,502,504,505,:
501:139,497,499,500,502,503,504,505,506,507,508,:
502:138,139,499,500,501,503,504,505,517,:
503:138,139,499,501,502,504,508,516,517,518,521,522,524,:
504:139,140,497,499,500,501,502,503,505,506,507,508,509,510,511,:
505:273,485,497,499,500,501,502,504,506,507,508,509,510,511,:
506:265,270,271,272,273,499,501,504,505,507,508,509,510,511,512,513,514,:
507:258,263,265,271,501,504,505,506,508,509,510,511,512,513,514,515,:
508:257,258,259,260,263,265,501,503,504,505,506,507,509,510,511,513,514,515,:
509:7,18,106,107,260,271,504,505,506,507,508,510,511,512,513,514,515,:
510:5,6,7,18,19,88,106,107,271,504,505,506,507,508,509,511,512,513,514,515,:
511:5,6,7,18,19,88,107,270,271,273,504,505,506,507,508,509,510,512,513,515,:
512:4,5,6,7,16,18,19,28,88,100,101,102,105,106,107,181,253,271,506,507,509,510,511,513,514,515,:
513:7,105,106,107,252,253,260,261,506,507,508,509,510,511,512,514,515,524,:
514:106,252,257,259,260,261,263,264,506,507,508,509,510,512,513,515,522,524,:
515:7,102,105,106,107,108,179,180,181,252,253,260,261,507,508,509,510,511,512,513,514,:
516:503,517,518,519,520,521,522,523,:
517:502,503,516,518,519,521,522,523,:
518:503,516,517,519,520,521,522,523,524,:
519:516,517,518,520,521,522,523,:
520:516,518,519,521,523,:
521:503,516,517,518,519,520,522,523,524,:
522:151,152,259,503,514,516,517,518,519,521,523,524,:
523:136,137,141,143,147,148,149,150,151,152,516,517,518,519,520,521,522,524,:
524:138,149,151,503,513,514,518,521,522,523,:
525:64,526,527,528,529,530,531,:
526:63,64,525,527,528,529,530,531,:
527:64,525,526,528,529,530,531,532,:
528:59,62,63,64,66,67,525,526,527,529,530,531,532,533,534,535,:
529:59,60,62,63,64,66,67,68,70,525,526,527,528,530,531,532,533,534,535,:
530:64,67,525,526,527,528,529,531,532,533,534,535,536,537,538,:
531:525,526,527,528,529,530,532,533,534,535,536,537,:
532:66,67,69,70,527,528,529,530,531,533,534,535,536,537,538,539,540,551,:
533:62,67,528,529,530,531,532,534,535,536,537,538,539,540,541,543,544,550,551,:
534:62,63,64,65,67,528,529,530,531,532,533,535,536,537,538,539,540,541,550,551,:
535:67,70,80,81,528,529,530,531,532,533,534,536,537,538,539,551,:
536:530,531,532,533,534,535,537,538,539,550,551,555,556,558,:
537:530,531,532,533,534,535,536,538,539,550,551,555,556,558,:
538:80,81,530,532,533,534,535,536,537,539,540,541,542,543,544,545,546,550,551,:
539:69,74,79,80,81,532,533,534,535,536,537,538,540,541,543,544,545,550,551,:
540:81,532,533,534,538,539,541,542,543,544,545,546,550,551,552,:
541:533,534,538,539,540,542,543,544,550,551,552,553,554,555,560,573,:
542:538,540,541,543,550,551,552,553,554,559,560,561,562,564,572,573,:
543:80,81,99,533,538,539,540,541,542,544,545,546,547,550,551,580,:
544:2,75,80,81,97,98,99,533,538,539,540,541,543,545,546,547,548,549,:
545:3,98,538,539,540,543,544,546,547,548,549,566,:
546:538,540,543,544,545,547,548,549,564,565,566,:
547:1,2,3,60,61,66,68,75,98,178,430,543,544,545,546,548,549,:
548:3,60,61,177,178,429,430,431,544,545,546,547,549,:
549:1,2,3,4,16,20,60,61,66,68,74,75,98,176,177,178,544,545,546,547,548,:
550:81,533,534,536,537,538,539,540,541,542,543,551,552,553,554,555,556,557,:
551:80,81,532,533,534,535,536,537,538,539,540,541,542,543,550,552,553,554,555,556,558,:
552:540,541,542,550,551,553,554,555,556,557,558,:
553:541,542,550,551,552,554,555,556,557,:
554:541,542,550,551,552,553,555,557,:
555:536,537,541,550,551,552,553,554,556,557,558,:
556:81,536,537,550,551,552,553,555,557,558,:
557:550,552,553,554,555,556,558,:
558:536,537,551,552,555,556,557,:
559:542,560,561,562,563,564,565,572,573,:
560:541,542,559,561,562,564,565,572,573,:
561:542,559,560,562,563,564,565,566,572,573,574,:
562:542,559,560,561,563,564,565,572,573,574,575,577,:
563:478,559,561,562,564,565,572,573,574,577,:
564:542,546,559,560,561,562,563,565,566,567,570,572,573,:
565:546,559,560,561,562,563,564,566,567,568,569,570,571,:
566:479,545,546,561,564,565,567,568,569,570,571,:
567:429,564,565,566,568,569,570,571,:
568:479,565,566,567,569,570,571,:
569:478,479,480,565,566,567,568,570,571,:
570:389,479,564,565,566,567,568,569,571,:
571:388,389,390,411,565,566,567,568,569,570,:
572:542,559,560,561,562,563,564,573,574,575,576,577,578,:
573:541,542,559,560,561,562,563,564,572,574,575,576,577,:
574:561,562,563,572,573,575,576,577,578,579,:
575:562,572,573,574,576,577,578,:
576:572,573,574,575,577,578,:
577:478,562,563,572,573,574,575,576,578,579,580,581,:
578:96,99,572,574,575,576,577,579,580,581,589,:
579:93,94,96,97,99,478,574,577,578,580,581,589,:
580:81,93,94,96,97,98,99,478,543,577,578,579,581,589,:
581:93,94,95,96,97,99,577,578,579,580,:
582:583,584,585,586,587,588,589,590,592,:
583:582,584,585,587,588,589,:
584:582,583,585,586,587,588,589,590,592,:
585:582,583,584,586,587,588,589,590,591,592,:
586:582,584,585,587,590,591,592,593,594,596,:
587:582,583,584,585,586,588,589,590,:
588:582,583,584,585,587,589,590,:
589:81,578,579,580,582,583,584,585,587,588,590,:
590:582,584,585,586,587,588,589,:
591:585,586,592,593,594,595,596,597,598,:
592:582,584,585,586,591,593,594,596,598,:
593:586,591,592,594,595,596,597,598,:
594:586,591,592,593,595,596,597,598,:
595:591,593,594,596,597,:
596:95,586,591,592,593,594,595,597,598,:
597:89,95,591,593,594,595,596,598,:
598:94,95,96,591,592,593,594,596,597,:
