1:2,3,5,6,7,8,12,13,21,22,209,210,:
2:1,3,4,5,6,7,8,9,13,:
3:1,2,4,5,6,7,8,9,10,115,:
4:2,3,5,6,7,9,10,11,:
5:1,2,3,4,6,7,10,11,12,13,303,:
6:1,2,3,4,5,7,11,12,13,:
7:1,2,3,4,5,6,8,12,13,:
8:1,2,3,7,9,13,179,210,:
9:2,3,4,8,10,115,162,163,165,:
10:3,4,5,9,11,:
11:4,5,6,10,12,303,350,351,353,:
12:1,5,6,7,11,13,22,367,:
13:1,2,5,6,7,8,12,21,22,209,210,:
14:15,16,17,18,19,20,27,28,105,:
15:14,16,17,18,19,27,104,105,110,112,117,:
16:14,15,17,18,19,20,21,27,28,29,:
17:14,15,16,18,19,20,27,28,29,30,32,34,117,:
18:14,15,16,17,19,20,27,28,29,30,32,34,105,112,113,115,116,117,118,120,:
19:14,15,16,17,18,20,21,22,27,28,:
20:14,16,17,18,19,21,22,23,24,25,26,27,28,88,:
21:1,13,16,19,20,22,23,24,25,26,:
22:1,12,13,19,20,21,23,24,25,26,42,:
23:20,21,22,24,25,26,78,88,89,90,:
24:20,21,22,23,25,26,78,88,89,90,:
25:20,21,22,23,24,26,88,89,90,:
26:20,21,22,23,24,25,78,90,:
27:14,15,16,17,18,19,20,28,29,30,31,32,33,34,35,36,117,:
28:14,16,17,18,19,20,27,29,30,31,32,34,:
29:16,17,18,27,28,30,31,32,33,34,35,36,37,117,120,:
30:17,18,27,28,29,31,32,33,34,35,36,37,38,39,40,41,42,43,120,:
31:27,28,29,30,32,33,35,36,37,38,40,42,68,69,:
32:17,18,27,28,29,30,31,33,34,35,36,:
33:27,29,30,31,32,34,35,36,120,137,138,:
34:17,18,27,28,29,30,32,33,:
35:27,29,30,31,32,33,36,37,38,39,40,41,42,43,44,45,120,:
36:27,29,30,31,32,33,35,37,38,39,40,41,43,117,119,120,122,124,132,:
37:29,30,31,35,36,38,39,40,41,42,43,44,45,46,63,120,:
38:30,31,35,36,37,39,40,41,44,45,46,47,48,49,53,54,63,132,:
39:30,35,36,37,38,40,44,45,46,47,53,54,120,124,125,131,132,133,135,136,137,:
40:30,31,35,36,37,38,39,41,42,43,44,45,63,:
41:30,35,36,37,38,40,42,43,:
42:22,30,31,35,37,40,41,43,:
43:30,35,36,37,40,41,42,120,:
44:35,37,38,39,40,45,46,47,48,49,50,53,54,60,63,132,:
45:35,37,38,39,40,44,46,47,48,49,59,60,62,63,66,67,68,69,:
46:37,38,39,44,45,47,48,49,50,51,52,53,54,55,60,63,132,135,:
47:38,39,44,45,46,48,49,50,51,53,54,55,56,58,60,135,:
48:38,44,45,46,47,49,50,51,53,54,55,56,59,60,63,:
49:38,44,45,46,47,48,50,51,52,53,54,60,63,66,:
50:44,46,47,48,49,51,52,53,54,:
51:46,47,48,49,50,52,53,54,56,:
52:46,49,50,51,:
53:38,39,44,46,47,48,49,50,51,54,55,56,57,58,132,134,135,:
54:38,39,44,46,47,48,49,50,51,53,55,56,58,131,132,133,134,135,:
55:46,47,48,53,54,56,57,58,135,:
56:47,48,51,53,54,55,57,58,369,:
57:53,55,56,58,368,369,370,371,373,382,383,:
58:47,53,54,55,56,57,129,135,387,:
59:45,48,60,61,62,63,64,65,66,67,:
60:44,45,46,47,48,49,59,61,62,63,64,65,66,67,:
61:59,60,62,63,64,65,66,67,68,73,:
62:45,59,60,61,63,64,65,66,67,68,69,70,71,72,73,:
63:37,38,40,44,45,46,48,49,59,60,61,62,64,65,66,67,68,69,70,73,:
64:59,60,61,62,63,65,66,67,70,73,:
65:59,60,61,62,63,64,66,67,70,:
66:45,49,59,60,61,62,63,64,65,67,68,69,70,73,:
67:45,59,60,61,62,63,64,65,66,68,69,70,71,72,73,:
68:31,45,61,62,63,66,67,69,70,71,72,73,:
69:31,45,62,63,66,67,68,70,71,72,73,:
70:62,63,64,65,66,67,68,69,71,72,73,:
71:62,67,68,69,70,72,73,77,78,:
72:62,67,68,69,70,71,73,:
73:61,62,63,64,66,67,68,69,70,71,72,:
74:75,76,77,78,79,80,81,83,:
75:74,76,77,79,80,81,83,:
76:74,75,77,78,79,80,81,83,:
77:71,74,75,76,78,79,80,81,82,83,:
78:23,24,26,71,74,76,77,79,80,81,82,83,88,:
79:74,75,76,77,78,80,81,83,:
80:74,75,76,77,78,79,81,82,83,87,88,89,91,:
81:74,75,76,77,78,79,80,82,83,87,91,:
82:77,78,80,81,83,84,85,86,87,88,:
83:74,75,76,77,78,79,80,81,82,84,85,86,87,88,:
84:82,83,85,86,87,88,89,:
85:82,83,84,86,87,88,:
86:82,83,84,85,87,:
87:80,81,82,83,84,85,86,88,89,90,91,:
88:20,23,24,25,78,80,82,83,84,85,87,89,90,91,:
89:23,24,25,80,84,87,88,90,91,:
90:23,24,25,26,87,88,89,91,:
91:80,81,87,88,89,90,:
92:93,94,95,96,97,98,99,100,101,102,173,176,:
93:92,94,95,96,97,98,99,101,172,173,174,175,176,:
94:92,93,95,96,97,98,99,100,101,102,103,173,176,:
95:92,93,94,96,97,98,100,101,102,103,104,106,107,109,110,111,173,:
96:92,93,94,95,97,100,101,102,103,104,109,110,111,161,168,169,172,173,176,:
97:92,93,94,95,96,98,99,100,101,102,173,176,:
98:92,93,94,95,97,99,100,:
99:92,93,94,97,98,100,176,:
100:92,94,95,96,97,98,99,101,102,:
101:92,93,94,95,96,97,100,102,103,104,105,106,107,108,109,110,111,:
102:92,94,95,96,97,100,101,103,104,105,106,107,109,110,:
103:94,95,96,101,102,104,105,106,107,108,109,110,111,112,161,:
104:15,95,96,101,102,103,105,106,107,108,110,111,112,113,114,115,161,:
105:14,15,18,101,102,103,104,106,108,110,111,112,113,117,:
106:95,101,102,103,104,105,107,108,109,110,111,:
107:95,101,102,103,104,106,108,109,:
108:101,103,104,105,106,107,109,110,111,154,155,:
109:95,96,101,102,103,106,107,108,:
110:15,95,96,101,102,103,104,105,106,108,111,112,113,114,115,116,117,158,161,:
111:95,96,101,103,104,105,106,108,110,112,113,114,115,157,158,159,160,161,:
112:15,18,103,104,105,110,111,113,114,115,116,117,118,158,161,:
113:18,104,105,110,111,112,114,115,116,117,118,119,121,158,:
114:104,110,111,112,113,115,116,117,118,121,144,150,151,153,154,155,157,158,161,:
115:3,9,18,104,110,111,112,113,114,116,117,158,161,:
116:18,110,112,113,114,115,117,118,119,120,121,122,123,:
117:15,17,18,27,29,36,105,110,112,113,114,115,116,118,119,120,121,122,:
118:18,112,113,114,116,117,119,120,121,122,123,124,144,:
119:36,113,116,117,118,120,121,122,123,124,125,127,131,132,144,:
120:18,29,30,33,35,36,37,39,43,116,117,118,119,121,122,123,124,125,131,132,:
121:113,114,116,117,118,119,120,122,123,:
122:36,116,117,118,119,120,121,123,124,125,126,127,128,131,132,141,143,144,:
123:116,118,119,120,121,122,124,125,126,127,131,140,141,142,143,144,145,148,:
124:36,39,118,119,120,122,123,125,126,127,128,129,130,131,132,133,141,144,:
125:39,119,120,122,123,124,126,127,128,129,131,132,133,134,136,137,139,141,:
126:122,123,124,125,127,128,131,132,133,134,140,141,144,:
127:119,122,123,124,125,126,128,129,130,131,132,141,144,:
128:122,124,125,126,127,129,130,131,132,:
129:58,124,125,127,128,130,132,351,352,353,:
130:124,127,128,129,335,351,352,388,389,:
131:39,54,119,120,122,123,124,125,126,127,128,132,133,134,135,136,137,139,:
132:36,38,39,44,46,53,54,119,120,122,124,125,126,127,128,129,131,133,134,135,136,137,139,:
133:39,54,124,125,126,131,132,134,135,136,137,138,139,:
134:53,54,125,126,131,132,133,135,136,137,:
135:39,46,47,53,54,55,58,131,132,133,134,136,:
136:39,125,131,132,133,134,135,137,138,139,:
137:33,39,125,131,132,133,134,136,138,139,:
138:33,133,136,137,139,:
139:125,131,132,133,136,137,138,:
140:123,126,141,142,143,144,145,146,148,149,:
141:122,123,124,125,126,127,140,142,143,144,145,148,:
142:123,140,141,143,144,145,146,147,148,149,150,:
143:122,123,140,141,142,144,145,146,147,148,149,150,151,153,:
144:114,118,119,122,123,124,126,127,140,141,142,143,145,146,148,149,150,153,:
145:123,140,141,142,143,144,146,147,148,149,:
146:140,142,143,144,145,147,148,149,200,201,:
147:142,143,145,146,149,200,201,318,:
148:123,140,141,142,143,144,145,146,149,150,151,152,153,154,155,156,157,158,:
149:140,142,143,144,145,146,147,148,150,151,152,153,156,157,201,:
150:114,142,143,144,148,149,151,152,153,154,155,156,157,158,159,:
151:114,143,148,149,150,152,153,154,155,156,157,158,159,160,161,162,163,164,200,201,:
152:148,149,150,151,153,154,155,156,157,158,159,160,162,163,164,196,197,199,200,201,:
153:114,143,144,148,149,150,151,152,154,155,156,157,158,:
154:108,114,148,150,151,152,153,155,156,157,158,:
155:108,114,148,150,151,152,153,154,156,157,158,159,160,161,:
156:148,149,150,151,152,153,154,155,:
157:111,114,148,149,150,151,152,153,154,155,158,159,160,161,162,163,164,165,166,167,201,:
158:110,111,112,113,114,115,148,150,151,152,153,154,155,157,159,160,161,162,163,164,166,:
159:111,150,151,152,155,157,158,160,161,162,163,164,165,166,167,168,184,200,201,:
160:111,151,152,155,157,158,159,161,162,163,165,166,167,168,169,170,171,184,:
161:96,103,104,110,111,112,114,115,151,155,157,158,159,160,162,165,166,167,168,169,171,173,:
162:9,151,152,157,158,159,160,161,163,164,165,166,167,199,200,201,:
163:9,151,152,157,158,159,160,162,164,165,199,200,201,317,318,:
164:151,152,157,158,159,162,163,165,196,199,200,201,317,318,:
165:9,157,159,160,161,162,163,164,166,167,170,184,199,201,317,:
166:157,158,159,160,161,162,165,167,168,169,170,171,172,173,184,:
167:157,159,160,161,162,165,166,168,169,170,171,172,183,184,185,:
168:96,159,160,161,166,167,169,170,171,172,173,174,:
169:96,160,161,166,167,168,170,171,172,173,174,175,176,177,179,:
170:160,165,166,167,168,169,171,172,173,174,175,184,185,188,:
171:160,161,166,167,168,169,170,172,173,:
172:93,96,166,167,168,169,170,171,173,174,175,176,177,178,179,:
173:92,93,94,95,96,97,161,166,168,169,170,171,172,174,175,176,177,179,:
174:93,168,169,170,172,173,175,176,177,178,179,:
175:93,169,170,172,173,174,176,177,178,179,:
176:92,93,94,96,97,99,169,172,173,174,175,177,178,:
177:169,172,173,174,175,176,178,179,:
178:172,174,175,176,177,179,:
179:8,169,172,173,174,175,177,178,:
180:181,182,183,184,185,186,187,194,195,245,:
181:180,182,183,184,185,186,187,194,195,244,245,:
182:180,181,183,184,185,186,187,188,194,195,196,245,:
183:167,180,181,182,184,185,186,194,195,196,197,199,245,:
184:159,160,165,166,167,170,180,181,182,183,185,194,195,196,199,:
185:167,170,180,181,182,183,184,186,187,188,189,190,194,195,245,:
186:180,181,182,183,185,187,188,189,190,191,:
187:180,181,182,185,186,188,189,190,191,192,:
188:170,182,185,186,187,189,190,191,192,193,:
189:185,186,187,188,190,191,192,193,:
190:185,186,187,188,189,191,192,193,:
191:186,187,188,189,190,192,193,:
192:187,188,189,190,191,193,:
193:188,189,190,191,192,:
194:180,181,182,183,184,185,195,196,197,198,199,200,201,245,:
195:180,181,182,183,184,185,194,196,197,198,199,245,:
196:152,164,182,183,184,194,195,197,198,199,200,201,:
197:152,183,194,195,196,198,199,200,201,:
198:194,195,196,197,199,200,:
199:152,162,163,164,165,183,184,194,195,196,197,198,200,201,246,:
200:146,147,151,152,159,162,163,164,194,196,197,198,199,201,318,:
201:146,147,149,151,152,157,159,162,163,164,165,194,196,197,199,200,318,:
202:203,204,205,206,207,208,215,216,293,:
203:202,204,205,206,207,215,292,293,298,300,305,:
204:202,203,205,206,207,208,209,215,216,217,:
205:202,203,204,206,207,208,215,216,217,218,220,222,305,:
206:202,203,204,205,207,208,215,216,217,218,220,222,293,300,301,303,304,305,306,308,:
207:202,203,204,205,206,208,209,210,215,216,:
208:202,204,205,206,207,209,210,211,212,213,214,215,216,276,:
209:1,13,204,207,208,210,211,212,213,214,:
210:1,8,13,207,208,209,211,212,213,214,230,:
211:208,209,210,212,213,214,266,276,277,278,:
212:208,209,210,211,213,214,266,276,277,278,:
213:208,209,210,211,212,214,276,277,278,:
214:208,209,210,211,212,213,266,278,:
215:202,203,204,205,206,207,208,216,217,218,219,220,221,222,223,224,305,:
216:202,204,205,206,207,208,215,217,218,219,220,222,:
217:204,205,206,215,216,218,219,220,221,222,223,224,225,305,308,:
218:205,206,215,216,217,219,220,221,222,223,224,225,226,227,228,229,230,231,308,:
219:215,216,217,218,220,221,223,224,225,226,228,230,256,257,:
220:205,206,215,216,217,218,219,221,222,223,224,:
221:215,217,218,219,220,222,223,224,308,325,326,:
222:205,206,215,216,217,218,220,221,:
223:215,217,218,219,220,221,224,225,226,227,228,229,230,231,232,233,308,:
224:215,217,218,219,220,221,223,225,226,227,228,229,231,305,307,308,310,312,320,:
225:217,218,219,223,224,226,227,228,229,230,231,232,233,234,251,308,:
226:218,219,223,224,225,227,228,229,232,233,234,235,236,237,241,242,251,320,:
227:218,223,224,225,226,228,232,233,234,235,241,242,308,312,313,319,320,321,323,324,325,:
228:218,219,223,224,225,226,227,229,230,231,232,233,251,:
229:218,223,224,225,226,228,230,231,:
230:210,218,219,223,225,228,229,231,:
231:218,223,224,225,228,229,230,308,:
232:223,225,226,227,228,233,234,235,236,237,238,241,242,248,251,320,:
233:223,225,226,227,228,232,234,235,236,237,247,248,250,251,254,255,256,257,:
234:225,226,227,232,233,235,236,237,238,239,240,241,242,243,248,251,320,323,:
235:226,227,232,233,234,236,237,238,239,241,242,243,244,246,248,323,:
236:226,232,233,234,235,237,238,239,241,242,243,244,247,248,251,:
237:226,232,233,234,235,236,238,239,240,241,242,248,251,254,:
238:232,234,235,236,237,239,240,241,242,:
239:234,235,236,237,238,240,241,242,244,:
240:234,237,238,239,:
241:226,227,232,234,235,236,237,238,239,242,243,244,245,246,320,322,323,:
242:226,227,232,234,235,236,237,238,239,241,243,244,246,319,320,321,322,323,:
243:234,235,236,241,242,244,245,246,323,:
244:181,235,236,239,241,242,243,245,246,:
245:180,181,182,183,185,194,195,241,243,244,246,:
246:199,235,241,242,243,244,245,317,323,:
247:233,236,248,249,250,251,252,253,254,255,:
248:232,233,234,235,236,237,247,249,250,251,252,253,254,255,:
249:247,248,250,251,252,253,254,255,256,261,:
250:233,247,248,249,251,252,253,254,255,256,257,258,259,260,261,:
251:225,226,228,232,233,234,236,237,247,248,249,250,252,253,254,255,256,257,258,261,:
252:247,248,249,250,251,253,254,255,258,261,:
253:247,248,249,250,251,252,254,255,258,:
254:233,237,247,248,249,250,251,252,253,255,256,257,258,261,:
255:233,247,248,249,250,251,252,253,254,256,257,258,259,260,261,:
256:219,233,249,250,251,254,255,257,258,259,260,261,:
257:219,233,250,251,254,255,256,258,259,260,261,:
258:250,251,252,253,254,255,256,257,259,260,261,:
259:250,255,256,257,258,260,261,265,266,:
260:250,255,256,257,258,259,261,:
261:249,250,251,252,254,255,256,257,258,259,260,:
262:263,264,265,266,267,268,269,271,:
263:262,264,265,267,268,269,271,:
264:262,263,265,266,267,268,269,271,:
265:259,262,263,264,266,267,268,269,270,271,:
266:211,212,214,259,262,264,265,267,268,269,270,271,276,:
267:262,263,264,265,266,268,269,271,:
268:262,263,264,265,266,267,269,270,271,275,276,277,279,:
269:262,263,264,265,266,267,268,270,271,275,279,:
270:265,266,268,269,271,272,273,274,275,276,:
271:262,263,264,265,266,267,268,269,270,272,273,274,275,276,:
272:270,271,273,274,275,276,277,:
273:270,271,272,274,275,276,:
274:270,271,272,273,275,:
275:268,269,270,271,272,273,274,276,277,278,279,:
276:208,211,212,213,266,268,270,271,272,273,275,277,278,279,:
277:211,212,213,268,272,275,276,278,279,:
278:211,212,213,214,275,276,277,279,:
279:268,269,275,276,277,278,:
280:281,282,283,284,285,286,287,288,289,290,361,364,:
281:280,282,283,284,285,286,287,289,360,361,362,363,364,:
282:280,281,283,284,285,286,287,288,289,290,291,361,364,:
283:280,281,282,284,285,286,288,289,290,291,292,294,295,297,298,299,361,:
284:280,281,282,283,285,288,289,290,291,292,297,298,299,349,356,357,360,361,364,:
285:280,281,282,283,284,286,287,288,289,290,361,364,:
286:280,281,282,283,285,287,288,:
287:280,281,282,285,286,288,364,:
288:280,282,283,284,285,286,287,289,290,:
289:280,281,282,283,284,285,288,290,291,292,293,294,295,296,297,298,299,:
290:280,282,283,284,285,288,289,291,292,293,294,295,297,298,:
291:282,283,284,289,290,292,293,294,295,296,297,298,299,300,349,:
292:203,283,284,289,290,291,293,294,295,296,298,299,300,301,302,303,349,:
293:202,203,206,289,290,291,292,294,296,298,299,300,301,305,:
294:283,289,290,291,292,293,295,296,297,298,299,:
295:283,289,290,291,292,294,296,297,:
296:289,291,292,293,294,295,297,298,299,342,343,:
297:283,284,289,290,291,294,295,296,:
298:203,283,284,289,290,291,292,293,294,296,299,300,301,302,303,304,305,346,349,:
299:283,284,289,291,292,293,294,296,298,300,301,302,303,345,346,347,348,349,:
300:203,206,291,292,293,298,299,301,302,303,304,305,306,346,349,:
301:206,292,293,298,299,300,302,303,304,305,306,307,309,346,:
302:292,298,299,300,301,303,304,305,306,309,332,338,339,341,342,343,345,346,349,:
303:5,11,206,292,298,299,300,301,302,304,305,346,349,:
304:206,298,300,301,302,303,305,306,307,308,309,310,311,:
305:203,205,206,215,217,224,293,298,300,301,302,303,304,306,307,308,309,310,:
306:206,300,301,302,304,305,307,308,309,310,311,312,332,:
307:224,301,304,305,306,308,309,310,311,312,313,315,319,320,332,:
308:206,217,218,221,223,224,225,227,231,304,305,306,307,309,310,311,312,313,319,320,:
309:301,302,304,305,306,307,308,310,311,:
310:224,304,305,306,307,308,309,311,312,313,314,315,316,319,320,329,331,332,:
311:304,306,307,308,309,310,312,313,314,315,319,328,329,330,331,332,333,336,:
312:224,227,306,307,308,310,311,313,314,315,316,317,318,319,320,321,329,332,:
313:227,307,308,310,311,312,314,315,316,317,319,320,321,322,324,325,327,329,:
314:310,311,312,313,315,316,319,320,321,322,328,329,332,:
315:307,310,311,312,313,314,316,317,318,319,320,329,332,:
316:310,312,313,314,315,317,318,319,320,:
317:163,164,165,246,312,313,315,316,318,320,:
318:147,163,164,200,201,312,315,316,317,:
319:227,242,307,308,310,311,312,313,314,315,316,320,321,322,323,324,325,327,:
320:224,226,227,232,234,241,242,307,308,310,312,313,314,315,316,317,319,321,322,323,324,325,327,:
321:227,242,312,313,314,319,320,322,323,324,325,326,327,:
322:241,242,313,314,319,320,321,323,324,325,:
323:227,234,235,241,242,243,246,319,320,321,322,324,:
324:227,313,319,320,321,322,323,325,326,327,:
325:221,227,313,319,320,321,322,324,326,327,:
326:221,321,324,325,327,:
327:313,319,320,321,324,325,326,:
328:311,314,329,330,331,332,333,334,336,337,:
329:310,311,312,313,314,315,328,330,331,332,333,336,:
330:311,328,329,331,332,333,334,335,336,337,338,:
331:310,311,328,329,330,332,333,334,335,336,337,338,339,341,:
332:302,306,307,310,311,312,314,315,328,329,330,331,333,334,336,337,338,341,:
333:311,328,329,330,331,332,334,335,336,337,:
334:328,330,331,332,333,335,336,337,388,389,:
335:130,330,331,333,334,337,388,389,:
336:311,328,329,330,331,332,333,334,337,338,339,340,341,342,343,344,345,346,:
337:328,330,331,332,333,334,335,336,338,339,340,341,344,345,389,:
338:302,330,331,332,336,337,339,340,341,342,343,344,345,346,347,:
339:302,331,336,337,338,340,341,342,343,344,345,346,347,348,349,350,351,352,388,389,:
340:336,337,338,339,341,342,343,344,345,346,347,348,350,351,352,384,385,387,388,389,:
341:302,331,332,336,337,338,339,340,342,343,344,345,346,:
342:296,302,336,338,339,340,341,343,344,345,346,:
343:296,302,336,338,339,340,341,342,344,345,346,347,348,349,:
344:336,337,338,339,340,341,342,343,:
345:299,302,336,337,338,339,340,341,342,343,346,347,348,349,350,351,352,353,354,355,389,:
346:298,299,300,301,302,303,336,338,339,340,341,342,343,345,347,348,349,350,351,352,354,:
347:299,338,339,340,343,345,346,348,349,350,351,352,353,354,355,356,372,388,389,:
348:299,339,340,343,345,346,347,349,350,351,353,354,355,356,357,358,359,372,:
349:284,291,292,298,299,300,302,303,339,343,345,346,347,348,350,353,354,355,356,357,359,361,:
350:11,339,340,345,346,347,348,349,351,352,353,354,355,387,388,389,:
351:11,129,130,339,340,345,346,347,348,350,352,353,387,388,389,:
352:129,130,339,340,345,346,347,350,351,353,384,387,388,389,:
353:11,129,345,347,348,349,350,351,352,354,355,358,372,387,389,:
354:345,346,347,348,349,350,353,355,356,357,358,359,360,361,372,:
355:345,347,348,349,350,353,354,356,357,358,359,360,371,372,373,:
356:284,347,348,349,354,355,357,358,359,360,361,362,:
357:284,348,349,354,355,356,358,359,360,361,362,363,364,365,367,:
358:348,353,354,355,356,357,359,360,361,362,363,372,373,376,:
359:348,349,354,355,356,357,358,360,361,:
360:281,284,354,355,356,357,358,359,361,362,363,364,365,366,367,:
361:280,281,282,283,284,285,349,354,356,357,358,359,360,362,363,364,365,367,:
362:281,356,357,358,360,361,363,364,365,366,367,:
363:281,357,358,360,361,362,364,365,366,367,:
364:280,281,282,284,285,287,357,360,361,362,363,365,366,:
365:357,360,361,362,363,364,366,367,:
366:360,362,363,364,365,367,:
367:12,357,360,361,362,363,365,366,:
368:57,369,370,371,372,373,374,375,382,383,:
369:56,57,368,370,371,372,373,374,375,382,383,:
370:57,368,369,371,372,373,374,375,376,382,383,384,:
371:57,355,368,369,370,372,373,374,382,383,384,385,387,:
372:347,348,353,354,355,358,368,369,370,371,373,382,383,384,387,:
373:57,355,358,368,369,370,371,372,374,375,376,377,378,382,383,:
374:368,369,370,371,373,375,376,377,378,379,:
375:368,369,370,373,374,376,377,378,379,380,:
376:358,370,373,374,375,377,378,379,380,381,:
377:373,374,375,376,378,379,380,381,:
378:373,374,375,376,377,379,380,381,:
379:374,375,376,377,378,380,381,:
380:375,376,377,378,379,381,:
381:376,377,378,379,380,:
382:57,368,369,370,371,372,373,383,384,385,386,387,388,389,:
383:57,368,369,370,371,372,373,382,384,385,386,387,:
384:340,352,370,371,372,382,383,385,386,387,388,389,:
385:340,371,382,383,384,386,387,388,389,:
386:382,383,384,385,387,388,:
387:58,340,350,351,352,353,371,372,382,383,384,385,386,388,389,:
388:130,334,335,339,340,347,350,351,352,382,384,385,386,387,389,:
389:130,334,335,337,339,340,345,347,350,351,352,353,382,384,385,387,388,:
