1:2,3,4,5,6,18,19,20,21,22,23,47,48,49,50,51,62,63,64,65,601,:
2:1,3,4,5,6,18,21,22,23,47,48,49,50,51,62,63,64,65,156,397,601,:
3:1,2,4,5,6,23,43,45,46,47,48,49,50,51,88,376,377,379,:
4:1,2,3,5,6,45,46,47,48,49,50,51,86,88,:
5:1,2,3,4,6,23,47,48,49,50,51,233,236,591,592,:
6:1,2,3,4,5,18,19,20,22,23,47,48,49,50,51,64,65,236,:
7:8,9,10,11,12,13,14,15,26,27,28,52,53,54,55,56,57,58,59,68,310,:
8:7,9,10,11,12,13,14,15,26,27,52,53,54,55,56,57,58,310,:
9:7,8,10,11,12,13,52,53,54,55,56,73,302,310,515,:
10:7,8,9,11,12,52,53,54,55,56,73,103,106,310,:
11:7,8,9,10,12,13,35,36,52,53,54,55,56,68,73,74,100,101,103,104,106,310,:
12:7,8,9,10,11,13,14,15,26,28,52,53,54,55,56,57,58,59,68,73,124,310,429,:
13:7,8,9,11,12,14,15,16,17,26,27,28,52,56,57,58,59,61,68,142,331,:
14:7,8,12,13,15,16,17,24,25,26,27,28,52,56,57,58,59,60,61,68,142,:
15:7,8,12,13,14,16,17,18,24,25,26,27,28,29,56,57,58,59,60,61,66,67,68,70,142,429,:
16:13,14,15,17,18,19,20,22,24,25,26,27,28,57,59,60,61,62,66,67,68,70,415,:
17:13,14,15,16,18,19,20,21,22,23,24,25,26,57,59,60,61,62,63,64,66,67,83,141,142,415,:
18:1,2,6,15,16,17,19,20,21,22,23,24,25,39,51,60,61,62,63,64,65,66,67,83,155,156,415,:
19:1,6,16,17,18,20,21,22,23,24,39,40,42,43,44,51,60,61,62,63,64,78,79,83,85,156,:
20:1,6,16,17,18,19,21,22,23,39,40,42,51,60,61,62,63,78,79,83,236,240,:
21:1,2,17,18,19,20,22,23,39,40,41,42,43,44,45,61,62,63,78,79,82,83,85,86,155,156,159,164,:
22:1,2,6,16,17,18,19,20,21,23,24,25,47,51,60,61,62,63,64,65,66,67,415,621,:
23:1,2,3,5,6,17,18,19,20,21,22,25,47,51,60,62,63,64,65,66,67,156,415,621,:
24:14,15,16,17,18,19,22,25,57,59,60,61,62,64,66,67,140,141,142,153,154,155,413,414,415,426,:
25:14,15,16,17,18,22,23,24,26,27,28,32,59,60,61,62,64,65,66,67,68,70,413,414,415,435,:
26:7,8,12,13,14,15,16,17,25,27,28,29,30,32,35,52,57,59,60,67,68,69,70,429,:
27:7,8,13,14,15,16,25,26,28,29,30,32,52,59,60,68,69,70,515,518,522,:
28:7,12,13,14,15,16,25,26,27,29,30,31,32,35,36,38,56,59,60,68,69,70,73,74,429,432,437,:
29:15,26,27,28,30,31,32,33,35,36,37,38,59,68,69,70,73,74,76,77,437,515,:
30:26,27,28,29,31,32,33,34,35,36,37,38,68,69,70,71,72,73,74,75,76,77,437,446,:
31:28,29,30,32,33,34,35,36,37,38,68,69,70,71,72,73,74,75,76,77,436,437,446,:
32:25,26,27,28,29,30,31,33,34,35,37,38,68,69,70,71,72,75,432,435,:
33:29,30,31,32,34,37,70,71,72,75,435,446,449,470,:
34:30,31,32,33,37,38,70,71,72,75,445,446,447,448,449,450,470,510,:
35:11,26,28,29,30,31,32,36,37,38,55,68,69,73,74,76,77,105,437,444,515,:
36:11,28,29,30,31,35,38,55,68,69,73,74,76,77,104,105,429,432,433,436,437,441,442,443,444,:
37:29,30,31,32,33,34,35,38,70,71,72,75,76,77,437,445,446,450,451,453,509,:
38:28,29,30,31,32,34,35,36,37,69,73,74,75,76,77,437,444,515,:
39:18,19,20,21,40,41,42,43,44,45,46,62,63,78,79,80,81,82,83,84,85,86,164,233,:
40:19,20,21,39,41,42,43,44,45,63,78,79,80,81,82,83,84,85,86,:
41:21,39,40,42,43,44,45,78,79,80,81,82,83,84,85,86,164,173,:
42:19,20,21,39,40,41,43,61,63,78,79,80,81,82,83,84,85,162,:
43:3,19,21,39,40,41,42,44,45,46,63,78,79,80,81,82,85,86,87,88,89,163,164,233,:
44:19,21,39,40,41,43,45,46,48,63,78,81,82,85,86,87,88,89,156,159,160,163,164,165,168,169,170,171,173,:
45:3,4,21,39,40,41,43,44,46,49,63,78,79,81,82,86,87,88,89,164,233,:
46:3,4,39,43,44,45,48,49,78,81,86,87,88,89,169,171,233,377,378,379,:
47:1,2,3,4,5,6,22,23,48,62,63,64,65,156,397,601,:
48:1,2,3,4,5,6,44,46,47,49,88,371,373,374,375,376,377,378,379,:
49:1,2,3,4,5,6,45,46,48,50,86,87,88,379,:
50:1,2,3,4,5,6,49,51,232,233,234,236,237,238,591,592,:
51:1,2,3,4,5,6,18,19,20,22,23,50,64,65,236,237,239,240,245,:
52:7,8,9,10,11,12,13,14,26,27,53,57,58,302,518,519,520,521,522,523,527,529,:
53:7,8,9,10,11,12,52,54,301,302,515,518,519,520,:
54:7,8,9,10,11,12,53,55,73,101,103,104,106,:
55:7,8,9,10,11,12,35,36,54,56,73,74,98,99,100,101,102,103,104,105,106,:
56:7,8,9,10,11,12,13,14,15,28,55,57,58,59,68,124,428,429,:
57:7,8,12,13,14,15,16,17,24,26,52,56,58,59,61,68,124,140,142,331,429,:
58:7,8,12,13,14,15,52,56,57,59,61,142,310,329,331,:
59:7,12,13,14,15,16,17,24,25,26,27,28,29,56,57,58,60,61,66,67,68,142,427,428,429,430,:
60:14,15,16,17,18,19,20,22,23,24,25,26,27,28,59,61,62,66,67,70,240,:
61:13,14,15,16,17,18,19,20,21,22,24,25,42,57,58,59,60,62,63,66,67,83,85,140,141,142,:
62:1,2,16,17,18,19,20,21,22,23,24,25,39,47,60,61,63,64,65,66,67,154,155,156,157,415,:
63:1,2,17,18,19,20,21,22,23,39,40,42,43,44,45,47,61,62,64,78,82,83,85,155,156,157,159,162,164,:
64:1,2,6,17,18,19,22,23,24,25,47,51,62,63,65,66,67,154,155,156,397,413,415,:
65:1,2,6,18,22,23,25,47,51,62,64,67,415,601,619,621,:
66:15,16,17,18,22,23,24,25,59,60,61,62,64,67,140,141,142,153,154,155,412,413,414,415,426,:
67:15,16,17,18,22,23,24,25,26,59,60,61,62,64,65,66,70,413,415,621,:
68:7,11,12,13,14,15,16,25,26,27,28,29,30,31,32,35,36,56,57,59,69,70,73,74,428,429,430,432,437,:
69:26,27,28,29,30,31,32,35,36,38,68,70,73,76,77,514,515,516,518,:
70:15,16,25,26,27,28,29,30,31,32,33,34,37,60,67,68,69,71,245,435,:
71:30,31,32,33,34,37,70,72,435,449,468,470,620,621,:
72:30,31,32,33,34,37,71,75,445,446,447,448,449,450,454,470,510,576,:
73:9,10,11,12,28,29,30,31,35,36,38,54,55,68,69,74,76,77,104,105,106,515,:
74:11,28,29,30,31,35,36,38,55,68,73,76,77,98,99,100,104,105,106,429,436,437,438,441,442,443,444,:
75:30,31,32,33,34,37,38,72,76,77,445,446,447,450,451,453,507,509,:
76:29,30,31,35,36,37,38,69,73,74,75,77,105,436,437,441,442,444,446,:
77:29,30,31,35,36,37,38,69,73,74,75,76,507,511,512,515,:
78:19,20,21,39,40,41,42,43,44,45,46,63,79,81,82,83,85,86,232,233,234,236,:
79:19,20,21,39,40,41,42,43,45,78,80,81,82,83,84,85,86,233,:
80:39,40,41,42,43,79,81,82,83,84,85,173,176,177,228,:
81:39,40,41,42,43,44,45,46,78,79,80,82,84,85,86,89,164,173,180,225,:
82:21,39,40,41,42,43,44,45,63,78,79,80,81,83,84,85,86,89,159,160,162,163,164,165,172,173,174,176,177,180,:
83:17,18,19,20,21,39,40,41,42,61,63,78,79,80,82,84,85,162,331,527,:
84:39,40,41,42,79,80,81,82,83,85,196,331,527,:
85:19,21,39,40,41,42,43,44,61,63,78,79,80,81,82,83,84,159,160,162,164,173,176,:
86:4,21,39,40,41,43,44,45,46,49,78,79,81,82,87,88,89,229,230,231,232,233,:
87:43,44,45,46,49,86,88,89,171,230,233,377,378,379,:
88:3,4,43,44,45,46,48,49,86,87,89,169,171,373,377,378,379,:
89:43,44,45,46,81,82,86,87,88,164,168,169,171,377,378,379,:
90:91,92,93,94,95,96,644,646,647,648,649,650,:
91:90,92,93,94,95,96,646,647,650,652,:
92:90,91,93,94,95,96,97,644,645,646,:
93:90,91,92,94,95,96,107,108,:
94:90,91,92,93,95,107,108,113,:
95:90,91,92,93,94,96,97,98,123,:
96:90,91,92,93,95,97,98,99,100,102,443,644,645,646,650,651,652,:
97:92,95,96,98,99,100,101,102,103,104,105,443,651,:
98:55,74,95,96,97,99,100,101,102,103,104,105,106,442,443,444,651,:
99:55,74,96,97,98,100,101,102,104,105,106,442,443,444,645,650,651,:
100:11,55,74,96,97,98,99,101,102,103,104,105,106,442,443,444,:
101:11,54,55,97,98,99,100,102,103,104,105,106,:
102:55,96,97,98,99,100,101,103,104,106,:
103:10,11,54,55,97,98,100,101,102,104,105,106,:
104:11,36,54,55,73,74,97,98,99,100,101,102,103,105,106,442,443,444,:
105:35,36,55,73,74,76,97,98,99,100,101,103,104,106,441,442,443,444,:
106:10,11,54,55,73,74,98,99,100,101,102,103,104,105,444,:
107:93,94,108,109,110,111,112,113,115,:
108:93,94,107,109,110,111,112,113,:
109:107,108,110,111,112,113,114,115,:
110:107,108,109,111,112,113,:
111:107,108,109,110,112,:
112:107,108,109,110,111,113,114,115,:
113:94,107,108,109,110,112,114,115,:
114:109,112,113,115,:
115:107,109,112,113,114,116,118,121,:
116:115,117,118,119,120,121,122,125,126,316,333,:
117:116,118,119,120,121,315,316,323,325,333,:
118:115,116,117,119,120,121,122,123,124,125,126,127,316,333,:
119:116,117,118,120,121,122,123,125,126,127,128,129,130,134,135,333,:
120:116,117,118,119,121,122,125,126,127,128,134,135,139,325,326,332,333,334,336,337,338,:
121:115,116,117,118,119,120,122,123,124,125,126,316,:
122:116,118,119,120,121,123,124,125,126,:
123:95,118,119,121,122,124,125,126,:
124:12,56,57,118,121,122,123,427,429,:
125:116,118,119,120,121,122,123,126,127,128,129,130,131,133,134,135,333,:
126:116,118,119,120,121,122,123,125,127,128,129,130,131,133,:
127:118,119,120,125,126,128,129,130,131,132,133,134,135,136,:
128:119,120,125,126,127,129,130,131,134,135,136,137,139,144,336,422,423,:
129:119,125,126,127,128,130,134,135,136,137,139,143,144,421,422,423,:
130:119,125,126,127,128,129,131,132,133,134,135,:
131:125,126,127,128,130,132,133,:
132:127,130,131,133,:
133:125,126,127,130,131,132,:
134:119,120,125,127,128,129,130,135,136,137,138,139,140,143,144,333,336,423,:
135:119,120,125,127,128,129,130,134,136,137,138,139,143,332,333,334,335,336,337,:
136:127,128,129,134,135,137,138,139,140,141,142,143,144,145,153,158,336,422,423,:
137:128,129,134,135,136,138,139,140,141,143,144,145,146,148,152,153,157,158,336,422,423,:
138:134,135,136,137,139,140,141,143,144,145,146,147,152,153,157,158,159,161,162,336,343,347,:
139:120,128,129,134,135,136,137,138,140,141,142,143,144,153,158,330,336,:
140:24,57,61,66,134,136,137,138,139,141,142,143,152,153,157,158,162,414,425,426,427,:
141:17,24,61,66,136,137,138,139,140,142,143,144,146,152,153,154,155,157,158,413,414,423,425,426,427,:
142:13,14,15,17,24,57,58,59,61,66,136,139,140,141,162,330,427,:
143:129,134,135,136,137,138,139,140,141,144,145,146,147,148,149,150,151,152,153,158,417,422,423,426,:
144:128,129,134,136,137,138,139,141,143,145,146,148,149,150,151,152,153,416,417,418,421,422,423,424,425,426,:
145:136,137,138,143,144,146,147,148,149,150,151,152,153,154,158,417,:
146:137,138,141,143,144,145,147,148,149,150,151,152,153,154,155,157,158,:
147:138,143,145,146,148,149,150,152,153,154,155,157,158,352,353,355,:
148:137,143,144,145,146,147,149,150,151,152,153,402,417,422,:
149:143,144,145,146,147,148,150,151,152,153,401,402,407,409,410,416,417,421,422,424,:
150:143,144,145,146,147,148,149,151,152,153,154,401,402,407,409,410,416,417,:
151:143,144,145,146,148,149,150,417,422,424,:
152:137,138,140,141,143,144,145,146,147,148,149,150,153,154,155,156,157,158,413,414,417,426,:
153:24,66,136,137,138,139,140,141,143,144,145,146,147,148,149,150,152,154,155,157,158,409,413,414,416,417,425,426,:
154:24,62,64,66,141,145,146,147,150,152,153,155,156,157,158,159,397,413,414,415,:
155:18,21,24,62,63,64,66,141,146,147,152,153,154,156,157,158,159,160,162,:
156:2,18,19,21,23,44,47,62,63,64,152,154,155,157,158,159,160,164,397,:
157:62,63,137,138,140,141,146,147,152,153,154,155,156,158,159,160,161,162,163,164,:
158:136,137,138,139,140,141,143,145,146,147,152,153,154,155,156,157,159,160,161,162,:
159:21,44,63,82,85,138,154,155,156,157,158,160,161,162,163,164,165,173,:
160:44,82,85,155,156,157,158,159,161,162,163,164,165,166,167,168,172,173,347,:
161:138,157,158,159,160,162,163,164,165,166,167,172,173,343,344,346,347,348,351,352,355,:
162:42,63,82,83,85,138,140,142,155,157,158,159,160,161,163,164,173,176,330,343,:
163:43,44,82,157,159,160,161,162,164,165,166,167,168,169,170,172,173,347,:
164:21,39,41,43,44,45,63,81,82,85,89,156,157,159,160,161,162,163,165,166,168,169,170,171,172,173,:
165:44,82,159,160,161,163,164,166,167,168,169,170,171,172,173,174,347,355,361,:
166:160,161,163,164,165,167,168,169,172,173,174,175,176,177,178,179,347,:
167:160,161,163,165,166,168,172,173,174,175,177,178,179,346,347,:
168:44,89,160,163,164,165,166,167,169,170,171,172,173,361,378,:
169:44,46,88,89,163,164,165,166,168,170,171,360,361,362,371,372,377,378,:
170:44,163,164,165,168,169,171,354,355,356,360,361,362,369,370,371,372,373,377,378,:
171:44,46,87,88,89,164,165,168,169,170,361,371,372,373,377,378,379,:
172:82,160,161,163,164,165,166,167,168,173,174,175,176,177,178,179,180,181,182,:
173:41,44,80,81,82,85,159,160,161,162,163,164,165,166,167,168,172,174,175,176,177,178,179,180,:
174:82,165,166,167,172,173,175,176,177,178,179,180,181,182,183,:
175:166,167,172,173,174,176,177,178,181,182,183,184,185,186,187,188,342,343,:
176:80,82,85,162,166,172,173,174,175,177,181,182,183,184,188,190,191,341,342,343,:
177:80,82,166,167,172,173,174,175,176,178,179,180,181,182,286,:
178:166,167,172,173,174,175,177,179,180,209,210,:
179:166,167,172,173,174,177,178,180,209,210,:
180:81,82,172,173,174,177,178,179,207,209,210,:
181:172,174,175,176,177,182,183,184,185,186,187,188,189,190,191,342,:
182:172,174,175,176,177,181,183,184,185,186,187,188,:
183:174,175,176,181,182,184,185,186,187,188,189,190,191,192,327,341,342,:
184:175,176,181,182,183,185,186,187,189,190,191,192,193,195,279,280,327,:
185:175,181,182,183,184,186,189,190,191,192,193,195,279,280,281,283,284,285,:
186:175,181,182,183,184,185,187,188,189,190,191,327,341,342,:
187:175,181,182,183,184,186,188,189,327,334,335,341,342,343,345,:
188:175,176,181,182,183,186,187,189,341,342,343,344,345,:
189:181,183,184,185,186,187,188,190,191,327,342,:
190:176,181,183,184,185,186,189,191,192,193,194,195,196,197,280,324,327,:
191:176,181,183,184,185,186,189,190,192,193,194,195,196,323,324,325,326,327,328,330,:
192:183,184,185,190,191,193,194,195,196,197,280,283,324,:
193:184,185,190,191,192,194,195,196,197,283,324,:
194:190,191,192,193,195,196,197,296,314,315,323,324,325,327,328,:
195:184,185,190,191,192,193,194,196,197,283,:
196:84,190,191,192,193,194,195,197,324,328,331,:
197:190,192,193,194,195,196,283,293,296,:
198:199,200,201,202,203,204,211,212,:
199:198,200,201,202,203,211,:
200:198,199,201,202,203,204,205,211,212,213,:
201:198,199,200,202,203,204,211,212,213,214,215,216,217,:
202:198,199,200,201,203,211,212,213,214,216,217,274,:
203:198,199,200,201,202,204,205,206,211,212,:
204:198,200,201,203,205,206,207,211,212,215,:
205:200,203,204,206,207,208,209,210,:
206:203,204,205,207,208,209,210,:
207:180,204,205,206,208,209,210,:
208:205,206,207,209,210,:
209:178,179,180,205,206,207,208,210,286,:
210:178,179,180,205,206,207,208,209,:
211:198,199,200,201,202,203,204,212,213,214,215,216,217,220,221,:
212:198,200,201,202,203,204,211,213,214,215,216,217,220,:
213:200,201,202,211,212,214,215,216,217,218,220,221,222,274,:
214:201,202,211,212,213,215,216,217,220,221,222,223,224,225,227,274,:
215:201,204,211,212,213,214,216,220,221,222,223,225,227,:
216:201,202,211,212,213,214,215,217,218,219,220,221,:
217:201,202,211,212,213,214,216,218,219,:
218:213,216,217,219,273,274,:
219:216,217,218,:
220:211,212,213,214,215,216,221,222,223,224,225,226,227,229,230,271,274,:
221:211,213,214,215,216,220,222,223,224,225,226,227,270,271,273,274,:
222:213,214,215,220,221,223,224,225,226,227,228,229,230,231,271,:
223:214,215,220,221,222,224,225,226,227,229,230,231,232,233,264,266,268,271,:
224:214,220,221,222,223,225,226,229,230,231,232,260,261,263,264,266,270,271,274,276,:
225:81,214,215,220,221,222,223,224,226,227,228,229,230,:
226:220,221,222,223,224,225,227,228,271,274,276,:
227:214,215,220,221,222,223,225,226,228,286,:
228:80,222,225,226,227,:
229:86,220,222,223,224,225,230,231,232,233,234,235,264,266,268,:
230:86,87,220,222,223,224,225,229,231,232,233,266,268,:
231:86,222,223,224,229,230,232,233,234,235,236,257,264,266,268,:
232:50,78,86,223,224,229,230,231,233,234,235,236,237,238,257,:
233:5,39,43,45,46,50,78,79,86,87,223,229,230,231,232,234,235,236,:
234:50,78,229,231,232,233,235,236,237,238,239,240,254,257,:
235:229,231,232,233,234,236,237,238,239,253,254,255,256,257,531,:
236:5,6,20,50,51,78,231,232,233,234,235,237,238,239,240,241,257,:
237:50,51,232,234,235,236,238,239,240,241,242,243,244,248,249,254,257,531,:
238:50,232,234,235,236,237,239,240,241,242,243,248,249,253,254,257,592,:
239:51,234,235,236,237,238,240,241,242,243,244,245,246,247,248,249,254,522,531,:
240:20,51,60,234,236,237,238,239,241,242,243,244,245,521,522,531,:
241:236,237,238,239,240,242,243,244,245,246,247,248,249,250,254,:
242:237,238,239,240,241,243,244,245,246,248,249,250,251,253,254,531,:
243:237,238,239,240,241,242,244,246,248,249,250,251,253,254,516,517,518,519,521,522,530,531,532,535,536,539,:
244:237,239,240,241,242,243,245,246,247,248,249,518,:
245:51,70,239,240,241,242,244,246,247,:
246:239,241,242,243,244,245,247,248,249,560,:
247:239,241,244,245,246,580,583,584,585,593,621,:
248:237,238,239,241,242,243,244,246,249,250,251,252,253,254,559,:
249:237,238,239,241,242,243,244,246,248,250,251,253,254,559,:
250:241,242,243,248,249,251,252,253,254,255,535,539,559,:
251:242,243,248,249,250,252,253,254,255,256,257,533,534,:
252:248,250,251,253,254,255,256,533,534,:
253:235,238,242,243,248,249,250,251,252,254,255,256,257,258,259,531,532,:
254:234,235,237,238,239,241,242,243,248,249,250,251,252,253,255,256,257,531,:
255:235,250,251,252,253,254,256,257,258,259,260,:
256:235,251,252,253,254,255,257,258,259,260,261,262,263,264,265,:
257:231,232,234,235,236,237,238,251,253,254,255,256,258,259,260,261,530,531,532,:
258:253,255,256,257,259,260,261,262,263,264,265,270,271,:
259:253,255,256,257,258,260,261,262,263,264,265,:
260:224,255,256,257,258,259,261,262,263,264,265,266,270,271,272,:
261:224,256,257,258,259,260,262,263,264,270,271,272,273,274,275,277,:
262:256,258,259,260,261,263,270,271,272,275,277,:
263:224,256,258,259,260,261,262,264,265,266,267,268,270,271,:
264:223,224,229,231,256,258,259,260,261,263,265,266,267,268,269,:
265:256,258,259,260,263,264,266,267,268,269,:
266:223,224,229,230,231,260,263,264,265,267,268,269,:
267:263,264,265,266,268,269,:
268:223,229,230,231,263,264,265,266,267,269,:
269:264,265,266,267,268,:
270:221,224,258,260,261,262,263,271,272,273,274,275,276,277,:
271:220,221,222,223,224,226,258,260,261,262,263,270,272,273,274,275,276,277,:
272:260,261,262,270,271,273,274,275,276,277,278,:
273:218,221,261,270,271,272,274,275,276,277,:
274:202,213,214,218,220,221,224,226,261,270,271,272,273,275,276,:
275:261,262,270,271,272,273,274,276,277,278,:
276:224,226,270,271,272,273,274,275,277,278,528,:
277:261,262,270,271,272,273,275,276,278,525,532,:
278:272,275,276,277,528,:
279:184,185,280,281,282,283,284,285,287,:
280:184,185,190,192,279,281,282,283,284,285,287,:
281:185,279,280,282,283,284,285,286,287,:
282:279,280,281,283,284,285,:
283:185,192,193,195,197,279,280,281,282,284,:
284:185,279,280,281,282,283,285,286,287,:
285:185,279,280,281,282,284,286,287,:
286:177,209,227,281,284,285,287,:
287:279,280,281,284,285,286,:
288:289,290,291,292,293,294,295,296,297,:
289:288,290,291,292,293,296,:
290:288,289,291,292,293,294,295,296,297,298,303,305,:
291:288,289,290,292,293,294,295,296,297,298,299,301,302,303,304,305,:
292:288,289,290,291,293,294,295,296,297,298,299,300,303,304,305,:
293:197,288,289,290,291,292,294,295,296,297,303,305,308,529,:
294:288,290,291,292,293,295,296,297,303,304,305,307,308,331,529,:
295:288,290,291,292,293,294,296,297,298,299,302,303,304,305,306,307,308,310,529,:
296:194,197,288,289,290,291,292,293,294,295,305,308,:
297:288,290,291,292,293,294,295,298,299,300,301,302,303,304,305,:
298:290,291,292,295,297,299,300,301,302,303,304,305,306,:
299:291,292,295,297,298,300,301,302,303,304,305,306,307,308,309,310,:
300:292,297,298,299,301,304,305,306,309,:
301:53,291,297,298,299,300,302,303,304,305,:
302:9,52,53,291,295,297,298,299,301,303,304,305,:
303:290,291,292,293,294,295,297,298,299,301,302,304,305,:
304:291,292,294,295,297,298,299,300,301,302,303,305,306,307,308,309,310,311,312,313,:
305:290,291,292,293,294,295,296,297,298,299,300,301,302,303,304,306,307,308,309,310,312,:
306:295,298,299,300,304,305,307,308,309,310,311,312,313,314,:
307:294,295,299,304,305,306,308,309,310,311,312,313,314,315,316,317,323,324,:
308:293,294,295,296,299,304,305,306,307,309,310,311,312,313,314,315,316,323,324,329,331,:
309:299,300,304,305,306,307,308,310,311,312,313,:
310:7,8,9,10,11,12,58,295,299,304,305,306,307,308,309,311,312,:
311:304,306,307,308,309,310,312,313,316,:
312:304,305,306,307,308,309,310,311,313,314,315,316,317,318,319,320,322,323,324,:
313:304,306,307,308,309,311,312,314,315,316,317,318,319,320,322,:
314:194,306,307,308,312,313,315,316,317,318,319,320,322,323,324,325,:
315:117,194,307,308,312,313,314,316,317,318,323,324,325,326,328,329,:
316:116,117,118,121,307,308,311,312,313,314,315,317,323,324,325,326,328,329,333,:
317:307,312,313,314,315,316,318,319,320,321,322,323,324,:
318:312,313,314,315,317,319,320,321,322,:
319:312,313,314,317,318,320,321,322,:
320:312,313,314,317,318,319,321,322,:
321:317,318,319,320,322,:
322:312,313,314,317,318,319,320,321,:
323:117,191,194,307,308,312,314,315,316,317,324,325,326,327,328,329,330,332,333,:
324:190,191,192,193,194,196,307,308,312,314,315,316,317,323,325,326,327,328,329,:
325:117,120,191,194,314,315,316,323,324,326,327,328,329,330,331,332,333,334,:
326:120,191,315,316,323,324,325,327,328,329,330,332,333,334,335,336,337,338,341,342,:
327:183,184,186,187,189,190,191,194,323,324,325,326,328,330,332,333,334,335,341,342,:
328:191,194,196,315,316,323,324,325,326,327,329,330,331,332,333,:
329:58,308,315,316,323,324,325,326,328,330,331,:
330:139,142,162,191,323,325,326,327,328,329,331,332,333,335,:
331:13,57,58,83,84,196,294,308,325,328,329,330,527,529,:
332:120,135,323,325,326,327,328,330,333,334,335,336,337,338,339,340,341,342,:
333:116,117,118,119,120,125,134,135,316,323,325,326,327,328,330,332,334,335,336,337,338,341,:
334:120,135,187,325,326,327,332,333,335,336,337,338,339,340,341,342,343,:
335:135,187,326,327,330,332,333,334,336,337,338,339,341,342,343,344,345,:
336:120,128,134,135,136,137,138,139,326,332,333,334,335,337,339,341,342,343,344,345,:
337:120,135,326,332,333,334,335,336,338,339,340,341,342,:
338:120,326,332,333,334,335,337,339,340,:
339:332,334,335,336,337,338,340,341,342,:
340:332,334,337,338,339,:
341:176,183,186,187,188,326,327,332,333,334,335,336,337,339,342,343,344,345,346,347,:
342:175,176,181,183,186,187,188,189,326,327,332,334,335,336,337,339,341,343,344,345,:
343:138,161,162,175,176,187,188,334,335,336,341,342,344,345,346,347,348,:
344:161,188,335,336,341,342,343,345,346,347,348,349,351,:
345:187,188,335,336,341,342,343,344,346,347,348,349,350,:
346:161,167,341,343,344,345,347,348,349,350,351,352,:
347:138,160,161,163,165,166,167,341,343,344,345,346,348,349,351,352,:
348:161,343,344,345,346,347,349,350,351,352,353,:
349:344,345,346,347,348,350,351,352,:
350:345,346,348,349,351,:
351:161,344,346,347,348,349,350,352,353,354,355,356,357,358,:
352:147,161,346,347,348,349,351,353,354,355,356,357,358,:
353:147,348,351,352,354,355,356,357,358,359,360,361,:
354:170,351,352,353,355,356,357,358,359,360,361,362,363,365,369,:
355:147,161,165,170,351,352,353,354,356,357,358,360,361,362,365,369,:
356:170,351,352,353,354,355,357,358,359,360,361,362,363,364,365,369,:
357:351,352,353,354,355,356,358,359,360,361,362,363,:
358:351,352,353,354,355,356,357,359,360,362,:
359:353,354,356,357,358,360,361,362,:
360:169,170,353,354,355,356,357,358,359,361,362,363,364,369,372,:
361:165,168,169,170,171,353,354,355,356,357,359,360,362,369,370,371,372,:
362:169,170,354,355,356,357,358,359,360,361,364,:
363:354,356,357,360,364,365,366,367,368,369,:
364:356,360,362,363,365,366,367,368,369,:
365:354,355,356,363,364,366,367,368,369,370,:
366:363,364,365,367,368,369,380,381,:
367:363,364,365,366,368,380,381,386,:
368:363,364,365,366,367,369,370,371,396,:
369:170,354,355,356,360,361,363,364,365,366,368,370,371,372,373,375,:
370:170,361,365,368,369,371,372,373,374,375,376,377,378,:
371:48,169,170,171,361,368,369,370,372,373,374,375,376,377,378,379,:
372:169,170,171,360,361,369,370,371,373,374,375,377,378,379,:
373:48,88,170,171,369,370,371,372,374,375,376,377,378,379,:
374:48,370,371,372,373,375,376,377,378,379,:
375:48,369,370,371,372,373,374,376,377,379,:
376:3,48,370,371,373,374,375,377,378,379,:
377:3,46,48,87,88,89,169,170,171,370,371,372,373,374,375,376,378,379,:
378:46,48,87,88,89,168,169,170,171,370,371,372,373,374,376,377,379,:
379:3,46,48,49,87,88,89,171,371,372,373,374,375,376,377,378,:
380:366,367,381,382,383,384,385,386,388,:
381:366,367,380,382,383,384,385,386,:
382:380,381,383,384,385,386,387,388,:
383:380,381,382,384,385,386,:
384:380,381,382,383,385,:
385:380,381,382,383,384,386,387,388,:
386:367,380,381,382,383,385,387,388,:
387:382,385,386,388,:
388:380,382,385,386,387,389,391,394,396,:
389:388,390,391,392,393,394,395,398,399,605,606,623,:
390:389,391,392,393,394,605,606,613,615,623,:
391:388,389,390,392,393,394,395,396,397,398,399,400,606,623,:
392:389,390,391,393,394,395,396,398,399,400,401,402,403,407,408,623,:
393:389,390,391,392,394,395,398,399,400,401,407,408,412,615,616,622,623,624,626,627,628,:
394:388,389,390,391,392,393,395,396,397,398,399,606,:
395:389,391,392,393,394,396,397,398,399,:
396:368,388,391,392,394,395,397,399,:
397:2,47,64,154,156,391,394,395,396,:
398:389,391,392,393,394,395,399,400,401,402,403,404,406,407,408,623,:
399:389,391,392,393,394,395,396,398,400,401,402,403,404,406,:
400:391,392,393,398,399,401,402,403,404,405,406,407,408,409,:
401:149,150,392,393,398,399,400,402,403,404,407,408,409,410,412,417,626,:
402:148,149,150,392,398,399,400,401,403,407,408,409,410,412,417,:
403:392,398,399,400,401,402,404,405,406,407,408,:
404:398,399,400,401,403,405,406,:
405:400,403,404,406,:
406:398,399,400,403,404,405,:
407:149,150,392,393,398,400,401,402,403,408,409,410,411,412,413,416,417,623,626,:
408:392,393,398,400,401,402,403,407,409,410,411,412,416,622,623,624,625,626,:
409:149,150,153,400,401,402,407,408,410,411,412,413,414,415,416,417,418,426,431,626,:
410:149,150,401,402,407,408,409,411,412,413,414,416,417,418,419,421,425,426,430,431,626,:
411:407,408,409,410,412,413,414,416,417,418,419,420,425,426,430,431,432,434,435,626,633,637,:
412:66,393,401,402,407,408,409,410,411,413,414,415,416,417,426,431,620,626,:
413:24,25,64,66,67,141,152,153,154,407,409,410,411,412,414,415,416,425,426,430,431,435,:
414:24,25,66,140,141,152,153,154,409,410,411,412,413,415,416,417,419,425,426,427,428,430,431,:
415:16,17,18,22,23,24,25,62,64,65,66,67,154,409,412,413,414,435,620,:
416:144,149,150,153,407,408,409,410,411,412,413,414,417,418,419,420,421,422,423,424,425,426,431,:
417:143,144,145,148,149,150,151,152,153,401,402,407,409,410,411,412,414,416,418,419,421,422,423,424,425,426,:
418:144,409,410,411,416,417,419,420,421,422,423,424,425,426,427,431,:
419:410,411,414,416,417,418,420,421,422,423,424,425,426,427,428,430,431,:
420:411,416,418,419,421,422,423,425,426,427,428,430,431,642,643,645,:
421:129,144,149,410,416,417,418,419,420,422,423,424,425,426,:
422:128,129,136,137,143,144,148,149,151,416,417,418,419,420,421,423,424,425,426,:
423:128,129,134,136,137,141,143,144,416,417,418,419,420,421,422,424,425,426,427,:
424:144,149,151,416,417,418,419,421,422,423,:
425:140,141,144,153,410,411,413,414,416,417,418,419,420,421,422,423,426,427,428,429,430,431,:
426:24,66,140,141,143,144,152,153,409,410,411,412,413,414,416,417,418,419,420,421,422,423,425,427,428,430,431,:
427:59,124,140,141,142,414,418,419,420,423,425,426,428,429,430,431,432,:
428:56,59,68,414,419,420,425,426,427,429,430,431,432,433,434,435,:
429:12,15,26,28,36,56,57,59,68,74,124,425,427,428,430,431,432,433,437,:
430:59,68,410,411,413,414,419,420,425,426,427,428,429,431,432,433,434,435,436,437,:
431:409,410,411,412,413,414,416,418,419,420,425,426,427,428,429,430,432,433,434,435,:
432:28,32,36,68,411,427,428,429,430,431,433,434,435,436,437,438,446,:
433:36,428,429,430,431,432,434,435,436,437,438,439,440,441,445,446,637,645,:
434:411,428,430,431,432,433,435,436,437,438,439,440,445,446,633,634,636,637,638,641,642,645,:
435:25,32,33,70,71,411,413,415,428,430,431,432,433,434,436,437,446,449,620,:
436:31,36,74,76,430,432,433,434,435,437,438,439,440,441,442,443,444,445,446,637,645,:
437:28,29,30,31,35,36,37,38,68,74,76,429,430,432,433,434,435,436,438,439,441,442,443,444,445,446,:
438:74,432,433,434,436,437,439,440,441,442,443,444,445,446,447,637,645,651,:
439:433,434,436,437,438,440,441,442,445,446,447,448,449,450,451,452,637,654,:
440:433,434,436,438,439,441,445,446,447,448,450,451,452,636,637,641,653,654,658,660,:
441:36,74,76,105,433,436,437,438,439,440,442,443,444,445,446,650,651,:
442:36,74,76,98,99,100,104,105,436,437,438,439,441,443,444,645,650,651,652,:
443:36,74,96,97,98,99,100,104,105,436,437,438,441,442,444,644,645,646,650,651,652,:
444:35,36,38,74,76,98,99,100,104,105,106,436,437,438,441,442,443,651,:
445:34,37,72,75,433,434,436,437,438,439,440,441,446,447,448,449,450,451,452,453,454,455,:
446:30,31,33,34,37,72,75,76,432,433,434,435,436,437,438,439,440,441,445,447,448,449,450,451,452,453,:
447:34,72,75,438,439,440,445,446,448,449,450,451,452,453,454,455,456,654,660,:
448:34,72,439,440,445,446,447,449,450,451,454,455,456,457,458,459,460,461,631,632,633,660,:
449:33,34,71,72,435,439,445,446,447,448,450,454,455,456,457,461,463,464,631,632,633,:
450:34,37,72,75,439,440,445,446,447,448,449,451,452,453,454,455,491,576,:
451:37,75,439,440,445,446,447,448,450,452,453,489,491,492,:
452:439,440,445,446,447,450,451,453,489,491,492,:
453:37,75,445,446,447,450,451,452,488,489,490,491,492,:
454:72,445,447,448,449,450,455,456,457,458,459,460,461,462,463,464,632,660,:
455:445,447,448,449,450,454,456,457,458,459,460,461,632,659,660,661,662,:
456:447,448,449,454,455,457,458,459,460,461,462,463,464,465,617,631,632,660,:
457:448,449,454,455,456,458,459,460,462,463,464,465,466,468,470,570,617,:
458:448,454,455,456,457,459,462,463,464,465,466,468,470,569,570,571,573,574,575,:
459:448,454,455,456,457,458,460,461,462,463,464,617,631,632,660,662,:
460:448,454,455,456,457,459,461,462,617,624,625,631,632,633,635,659,660,662,:
461:448,449,454,455,456,459,460,462,631,632,633,634,635,654,659,660,661,662,:
462:454,456,457,458,459,460,461,463,464,617,632,:
463:449,454,456,457,458,459,462,464,465,466,467,468,469,470,471,472,570,614,617,:
464:449,454,456,457,458,459,462,463,465,466,467,468,470,471,613,614,615,616,617,618,620,:
465:456,457,458,463,464,466,467,468,469,470,471,472,473,570,573,614,:
466:457,458,463,464,465,467,468,469,470,471,472,473,474,475,476,477,479,573,613,614,:
467:463,464,465,466,468,469,471,472,473,474,476,479,586,598,604,605,613,614,615,617,618,:
468:71,457,458,463,464,465,466,467,469,470,471,472,:
469:463,465,466,467,468,470,471,472,573,583,:
470:33,34,71,72,457,458,463,464,465,466,468,469,510,574,576,:
471:463,464,465,466,467,468,469,472,473,474,475,476,477,479,572,573,614,:
472:463,465,466,467,468,469,471,473,474,475,476,477,570,572,573,:
473:465,466,467,471,472,474,475,476,477,478,479,573,609,614,:
474:466,467,471,472,473,475,476,477,586,609,:
475:466,471,472,473,474,476,573,586,:
476:466,467,471,472,473,474,475,477,478,479,609,:
477:466,471,472,473,474,476,478,479,:
478:473,476,477,479,:
479:466,467,471,473,476,477,478,607,608,609,614,:
480:481,482,483,484,485,486,493,494,562,565,:
481:480,482,483,484,485,493,561,562,564,565,:
482:480,481,483,484,485,486,487,493,494,495,:
483:480,481,482,484,485,486,493,494,495,496,497,498,499,562,568,:
484:480,481,482,483,485,486,493,494,495,496,498,499,556,561,562,563,564,565,568,:
485:480,481,482,483,484,486,487,488,493,494,568,:
486:480,482,483,484,485,487,488,489,493,494,497,:
487:482,485,486,488,489,490,491,492,:
488:453,485,486,487,489,490,491,492,:
489:451,452,453,486,487,488,490,491,492,:
490:453,487,488,489,491,492,:
491:450,451,452,453,487,488,489,490,492,576,:
492:451,452,453,487,488,489,490,491,:
493:480,481,482,483,484,485,486,494,495,496,497,498,499,502,503,:
494:480,482,483,484,485,486,493,495,496,497,498,499,502,:
495:482,483,484,493,494,496,497,498,499,502,503,504,556,:
496:483,484,493,494,495,497,498,499,502,503,504,505,506,507,509,556,:
497:483,486,493,494,495,496,498,502,503,504,505,507,509,:
498:483,484,493,494,495,496,497,499,500,501,502,503,:
499:483,484,493,494,495,496,498,500,501,:
500:498,499,501,:
501:498,499,500,545,555,556,:
502:493,494,495,496,497,498,503,504,505,506,507,508,509,511,512,553,556,:
503:493,495,496,497,498,502,504,505,506,507,508,509,552,553,555,556,:
504:495,496,497,502,503,505,506,507,508,509,510,511,512,513,553,:
505:496,497,502,503,504,506,507,508,509,511,512,513,514,515,548,553,:
506:496,502,503,504,505,507,508,511,512,513,514,517,542,543,545,546,548,552,553,556,:
507:75,77,496,497,502,503,504,505,506,508,509,510,511,512,:
508:502,503,504,505,506,507,509,510,553,556,558,:
509:37,75,496,497,502,503,504,505,507,508,510,576,:
510:34,72,470,504,507,508,509,560,567,:
511:77,502,504,505,506,507,512,513,514,515,516,517,548,550,:
512:77,502,504,505,506,507,511,513,514,515,:
513:504,505,506,511,512,514,515,516,517,518,539,546,548,550,:
514:69,505,506,511,512,513,515,516,517,518,519,520,539,:
515:9,27,29,35,38,53,69,73,77,505,511,512,513,514,516,517,518,519,:
516:69,243,511,513,514,515,517,518,519,520,521,522,536,538,539,:
517:243,506,511,513,514,515,516,518,519,520,521,535,536,537,538,539,540,:
518:27,52,53,69,243,244,513,514,515,516,517,519,520,521,522,523,536,539,:
519:52,53,243,514,515,516,517,518,520,521,522,523,524,525,526,530,531,536,539,:
520:52,53,514,516,517,518,519,521,522,523,524,525,530,531,535,536,539,:
521:52,240,243,516,517,518,519,520,522,523,524,525,526,527,528,529,530,531,536,:
522:27,52,239,240,243,516,518,519,520,521,523,524,526,527,528,530,531,:
523:52,518,519,520,521,522,524,525,526,527,528,529,530,531,532,536,:
524:519,520,521,522,523,525,526,527,528,530,531,532,533,535,536,:
525:277,519,520,521,523,524,526,528,530,531,532,533,535,536,:
526:519,521,522,523,524,525,527,528,529,530,531,:
527:52,83,84,331,521,522,523,524,526,528,529,:
528:276,278,521,522,523,524,525,526,527,529,530,531,:
529:52,293,294,295,331,521,523,526,527,528,:
530:243,257,519,520,521,522,523,524,525,526,528,531,532,533,534,535,536,:
531:235,237,239,240,242,243,253,254,257,519,520,521,522,523,524,525,526,528,530,532,533,535,536,:
532:243,253,257,277,523,524,525,530,531,533,534,535,536,537,:
533:251,252,524,525,530,531,532,534,535,536,537,538,539,:
534:251,252,530,532,533,535,536,537,538,:
535:243,250,517,520,524,525,530,531,532,533,534,536,537,538,539,540,541,:
536:243,516,517,518,519,520,521,523,524,525,530,531,532,533,534,535,537,538,539,:
537:517,532,533,534,535,536,538,539,540,541,542,:
538:516,517,533,534,535,536,537,539,540,541,542,543,544,545,546,547,:
539:243,250,513,514,516,517,518,519,520,533,535,536,537,538,540,541,542,543,545,547,:
540:517,535,537,538,539,541,542,543,544,545,546,547,552,553,:
541:535,537,538,539,540,542,543,544,545,546,547,:
542:506,537,538,539,540,541,543,544,545,546,547,548,552,553,554,:
543:506,538,539,540,541,542,544,545,546,552,553,554,555,556,557,559,:
544:538,540,541,542,543,545,552,553,554,557,559,:
545:501,506,538,539,540,541,542,543,544,546,547,548,549,550,552,553,:
546:506,513,538,540,541,542,543,545,547,548,549,550,551,:
547:538,539,540,541,542,545,546,548,549,550,551,:
548:505,506,511,513,542,545,546,547,549,550,551,:
549:545,546,547,548,550,551,:
550:511,513,545,546,547,548,549,551,:
551:546,547,548,549,550,:
552:503,506,540,542,543,544,545,553,554,555,556,557,558,559,:
553:502,503,504,505,506,508,540,542,543,544,545,552,554,555,556,557,558,559,:
554:542,543,544,552,553,555,556,557,558,559,560,:
555:501,503,543,552,553,554,556,557,558,559,:
556:484,495,496,501,502,503,506,508,543,552,553,554,555,557,558,561,562,:
557:543,544,552,553,554,555,556,558,559,560,:
558:508,552,553,554,555,556,557,559,560,:
559:248,249,250,543,544,552,553,554,555,557,558,560,:
560:246,510,554,557,558,559,567,:
561:481,484,556,562,563,564,565,566,567,568,:
562:480,481,483,484,556,561,563,564,565,566,567,568,:
563:484,561,562,564,565,566,567,568,:
564:481,484,561,562,563,565,566,567,568,:
565:480,481,484,561,562,563,564,566,568,:
566:561,562,563,564,565,567,568,:
567:510,560,561,562,563,564,566,568,:
568:483,484,485,561,562,563,564,565,566,567,:
569:458,570,571,572,573,574,575,577,:
570:457,458,463,465,472,569,571,572,573,574,575,:
571:458,569,570,572,573,574,575,576,577,:
572:471,472,569,570,571,573,574,575,:
573:458,465,466,469,471,472,473,475,569,570,571,572,574,:
574:458,470,569,570,571,572,573,575,576,577,:
575:458,569,570,571,572,574,576,577,:
576:72,450,470,491,509,571,574,575,577,:
577:569,571,574,575,576,:
578:579,580,581,582,583,584,585,586,587,:
579:578,580,581,582,583,586,:
580:247,578,579,581,582,583,584,585,586,587,588,593,595,:
581:578,579,580,582,583,584,585,586,587,588,589,591,592,593,594,595,:
582:578,579,580,581,583,584,585,586,587,588,589,590,593,594,595,:
583:247,469,578,579,580,581,582,584,585,586,587,593,595,598,:
584:247,578,580,581,582,583,585,586,587,593,594,595,597,598,621,:
585:247,578,580,581,582,583,584,586,587,588,589,593,594,595,596,597,598,:
586:467,474,475,578,579,580,581,582,583,584,585,587,595,597,598,:
587:578,580,581,582,583,584,585,586,588,589,590,591,592,593,594,595,:
588:580,581,582,585,587,589,590,591,592,593,594,595,596,:
589:581,582,585,587,588,590,591,592,593,594,595,596,597,598,599,600,601,:
590:582,587,588,589,591,594,595,596,599,600,:
591:5,50,581,587,588,589,590,592,593,594,595,:
592:5,50,238,581,587,588,589,591,593,595,:
593:247,580,581,582,583,584,585,587,588,589,591,592,594,595,:
594:581,582,584,585,587,588,589,590,591,593,595,596,597,598,599,600,601,602,603,:
595:580,581,582,583,584,585,586,587,588,589,590,591,592,593,594,596,597,598,599,600,601,602,:
596:585,588,589,590,594,595,597,598,599,600,601,602,603,604,:
597:584,585,586,589,594,595,596,598,599,600,601,602,603,604,605,606,607,613,614,:
598:467,583,584,585,586,589,594,595,596,597,599,601,602,603,604,605,606,613,614,619,621,:
599:589,590,594,595,596,597,598,600,601,602,603,:
600:589,590,594,595,596,597,599,601,:
601:1,2,47,65,589,594,595,596,597,598,599,600,602,:
602:594,595,596,597,598,599,601,603,604,605,606,607,608,609,610,612,613,614,:
603:594,596,597,598,599,602,604,605,606,607,608,609,610,612,:
604:467,596,597,598,602,603,605,606,607,608,609,610,612,613,614,615,:
605:389,390,467,597,598,602,603,604,606,607,608,613,614,615,616,618,619,:
606:389,390,391,394,597,598,602,603,604,605,607,613,614,615,616,618,619,623,:
607:479,597,602,603,604,605,606,608,609,610,611,612,613,614,:
608:479,602,603,604,605,607,609,610,611,612,:
609:473,474,476,479,602,603,604,607,608,610,611,612,:
610:602,603,604,607,608,609,611,612,:
611:607,608,609,610,612,:
612:602,603,604,607,608,609,610,611,:
613:390,464,466,467,597,598,602,604,605,606,607,614,615,616,617,618,619,620,622,623,:
614:463,464,465,466,467,471,473,479,597,598,602,604,605,606,607,613,615,616,617,618,619,:
615:390,393,464,467,604,605,606,613,614,616,617,618,619,620,621,622,623,624,:
616:393,464,605,606,613,614,615,617,618,619,620,622,623,624,625,626,627,628,630,631,632,:
617:456,457,459,460,462,463,464,467,613,614,615,616,618,620,622,623,624,625,630,631,632,:
618:464,467,605,606,613,614,615,616,617,619,620,621,622,623,:
619:65,598,605,606,613,614,615,616,618,620,621,:
620:71,412,415,435,464,613,615,616,617,618,619,621,622,623,625,:
621:22,23,65,67,71,247,584,598,615,618,619,620,:
622:393,408,613,615,616,617,618,620,623,624,625,626,627,628,629,630,631,632,:
623:389,390,391,392,393,398,407,408,606,613,615,616,617,618,620,622,624,625,626,627,628,630,631,:
624:393,408,460,615,616,617,622,623,625,626,627,628,629,630,631,632,633,:
625:408,460,616,617,620,622,623,624,626,627,628,629,631,632,633,634,635,:
626:393,401,407,408,409,410,411,412,616,622,623,624,625,627,629,631,632,633,634,635,:
627:393,616,622,623,624,625,626,628,629,630,631,632,:
628:393,616,622,623,624,625,627,629,630,:
629:622,624,625,626,627,628,630,631,632,:
630:616,617,622,623,624,627,628,629,:
631:448,449,456,459,460,461,616,617,622,623,624,625,626,627,629,632,633,634,635,636,637,:
632:448,449,454,455,456,459,460,461,462,616,617,622,624,625,626,627,629,631,633,634,635,660,:
633:411,434,448,449,460,461,624,625,626,631,632,634,635,636,637,638,654,:
634:434,461,625,626,631,632,633,635,636,637,638,639,640,641,653,654,660,:
635:460,461,625,626,631,632,633,634,636,637,638,639,640,653,654,656,660,:
636:434,440,631,633,634,635,637,638,639,640,641,642,653,654,:
637:411,433,434,436,438,439,440,631,633,634,635,636,638,639,641,642,653,654,:
638:434,633,634,635,636,637,639,640,641,642,643,653,654,655,:
639:634,635,636,637,638,640,641,642,653,654,655,656,657,658,:
640:634,635,636,638,639,641,653,654,655,656,657,:
641:434,440,634,636,637,638,639,640,642,643,644,645,646,647,648,653,654,:
642:420,434,636,637,638,639,641,643,644,645,646,647,648,:
643:420,638,641,642,644,645,646,647,648,649,650,651,:
644:90,92,96,443,641,642,643,645,646,647,648,649,650,651,652,:
645:92,96,99,420,433,434,436,438,442,443,641,642,643,644,646,647,648,650,651,652,:
646:90,91,92,96,443,641,642,643,644,645,647,648,649,650,651,652,:
647:90,91,641,642,643,644,645,646,648,649,650,651,652,:
648:90,641,642,643,644,645,646,647,649,650,652,:
649:90,643,644,646,647,648,650,651,652,:
650:90,91,96,99,441,442,443,643,644,645,646,647,648,649,651,652,:
651:96,97,98,99,438,441,442,443,444,643,644,645,646,647,649,650,652,:
652:91,96,442,443,644,645,646,647,648,649,650,651,:
653:440,634,635,636,637,638,639,640,641,654,655,656,657,658,659,660,:
654:439,440,447,461,633,634,635,636,637,638,639,640,641,653,655,656,658,659,660,:
655:638,639,640,653,654,656,657,658,659,660,661,663,:
656:635,639,640,653,654,655,657,658,659,660,661,663,:
657:639,640,653,655,656,658,659,663,:
658:440,639,653,654,655,656,657,659,660,661,662,663,:
659:455,460,461,653,654,655,656,657,658,660,661,662,663,:
660:440,447,448,454,455,456,459,460,461,632,634,635,653,654,655,656,658,659,661,662,663,:
661:455,461,655,656,658,659,660,662,663,:
662:455,459,460,461,658,659,660,661,663,:
663:655,656,657,658,659,660,661,662,:
