1:2,3,4,5,6,7,8,10,11,18,19,20,23,24,25,26,199,282,283,295,:
2:1,3,4,5,6,7,8,9,10,11,12,18,19,20,21,22,24,25,26,282,295,296,:
3:1,2,4,5,6,7,8,9,12,13,18,19,20,21,22,25,27,296,:
4:1,2,3,5,6,7,9,12,18,19,20,21,22,242,243,275,:
5:1,2,3,4,6,7,8,9,18,19,20,22,24,207,242,243,269,274,275,:
6:1,2,3,4,5,8,9,10,11,18,19,20,23,24,25,201,269,:
7:1,2,3,4,5,9,12,13,14,15,17,18,21,22,27,29,30,:
8:1,2,3,5,6,10,11,18,20,23,24,25,26,194,198,199,201,202,283,:
9:2,3,4,5,6,7,12,17,19,22,85,241,242,243,275,:
10:1,2,6,8,11,18,20,23,24,25,26,192,193,194,196,198,199,200,201,202,283,360,364,:
11:1,2,6,8,10,18,20,23,24,25,26,192,194,199,297,311,312,315,319,:
12:2,3,4,7,9,13,14,15,16,17,18,21,22,27,28,29,30,:
13:3,7,12,14,15,16,17,21,22,27,28,29,30,:
14:7,12,13,15,16,17,21,27,28,29,30,218,:
15:7,12,13,14,16,17,21,27,28,29,30,:
16:12,13,14,15,17,27,28,29,30,:
17:7,9,12,13,14,15,16,22,27,28,29,:
18:1,2,3,4,5,6,7,8,10,11,12,21,25,26,295,296,297,298,299,312,319,:
19:1,2,3,4,5,6,9,20,22,207,236,237,238,241,242,243,269,274,275,:
20:1,2,3,4,5,6,8,10,11,19,23,24,198,200,201,202,203,269,:
21:2,3,4,7,12,13,14,15,18,22,27,28,29,30,299,:
22:2,3,4,5,7,9,12,13,17,19,21,29,210,212,223,241,242,243,:
23:1,6,8,10,11,20,24,25,26,192,193,194,195,196,198,199,201,202,358,359,360,:
24:1,2,5,6,8,10,11,20,23,26,193,196,198,199,200,201,202,283,360,364,383,:
25:1,2,3,6,8,10,11,18,23,26,194,199,297,298,311,312,313,315,319,:
26:1,2,8,10,11,18,23,24,25,192,193,194,199,311,312,315,321,:
27:3,7,12,13,14,15,16,17,21,28,29,30,:
28:12,13,14,15,16,17,21,27,29,30,218,:
29:7,12,13,14,15,16,17,21,22,27,28,30,215,216,217,218,:
30:7,12,13,14,15,16,21,27,28,29,215,218,:
31:32,33,34,35,36,37,38,39,40,41,42,43,123,124,204,233,234,235,:
32:31,33,34,35,36,37,38,39,41,124,204,232,233,234,235,:
33:31,32,34,35,36,37,38,39,42,43,120,122,123,124,203,204,208,233,234,235,:
34:31,32,33,35,36,37,38,39,42,123,124,234,235,:
35:31,32,33,34,36,37,38,39,40,41,42,43,44,124,190,235,:
36:31,32,33,34,35,37,38,39,40,42,43,44,45,46,47,49,124,190,:
37:31,32,33,34,35,36,38,40,42,43,44,45,124,:
38:31,32,33,34,35,36,37,39,40,41,42,43,:
39:31,32,33,34,35,36,38,40,41,233,234,235,:
40:31,35,36,37,38,39,41,42,43,:
41:31,32,35,38,39,40,233,234,235,:
42:31,33,34,35,36,37,38,40,43,44,45,46,47,48,49,187,190,:
43:31,33,35,36,37,38,40,42,44,45,46,47,49,186,187,188,189,190,195,197,:
44:35,36,37,42,43,45,46,47,48,49,187,190,:
45:36,37,42,43,44,46,47,48,49,187,:
46:36,42,43,44,45,47,48,175,176,186,187,190,:
47:36,42,43,44,45,46,48,49,187,190,:
48:42,44,45,46,47,49,132,325,:
49:36,42,43,44,45,47,48,124,:
50:51,52,53,54,55,56,58,62,63,:
51:50,52,53,55,56,58,62,63,66,:
52:50,51,53,54,55,56,57,58,62,63,64,:
53:50,51,52,54,55,56,57,62,63,64,65,67,68,:
54:50,52,53,55,56,57,62,63,64,67,68,:
55:50,51,52,53,54,56,57,58,59,60,62,63,:
56:50,51,52,53,54,55,57,58,59,60,61,62,63,:
57:52,53,54,55,56,58,59,60,61,62,63,67,68,:
58:50,51,52,55,56,57,59,60,61,63,:
59:55,56,57,58,60,61,67,90,:
60:55,56,57,58,59,61,:
61:56,57,58,59,60,90,:
62:50,51,52,53,54,55,56,57,63,64,65,66,67,68,:
63:50,51,52,53,54,55,56,57,58,62,64,65,66,67,:
64:52,53,54,62,63,65,66,67,68,226,240,:
65:53,62,63,64,66,67,240,:
66:51,62,63,64,65,67,:
67:53,54,57,59,62,63,64,65,66,68,91,92,240,:
68:53,54,57,62,64,67,88,91,92,240,241,:
69:70,71,72,73,74,246,261,:
70:69,71,72,73,74,91,92,244,246,247,248,:
71:69,70,72,73,74,76,87,106,109,:
72:69,70,71,73,74,75,76,86,87,109,:
73:69,70,71,72,74,75,76,86,87,88,91,:
74:69,70,71,72,73,76,82,84,87,108,109,110,244,245,246,261,267,:
75:72,73,76,77,78,79,80,81,82,86,87,109,:
76:71,72,73,74,75,77,78,80,81,82,84,86,87,108,109,110,:
77:75,76,78,79,80,81,82,83,86,87,88,:
78:75,76,77,79,80,81,82,83,86,87,88,89,91,:
79:75,77,78,80,81,83,86,87,88,89,:
80:75,76,77,78,79,81,82,83,84,85,86,87,:
81:75,76,77,78,79,80,82,83,84,85,86,87,:
82:74,75,76,77,78,80,81,83,84,85,108,109,110,:
83:77,78,79,80,81,82,84,85,:
84:74,76,80,81,82,83,85,110,241,275,:
85:9,80,81,82,83,84,241,242,243,275,:
86:72,73,75,76,77,78,79,80,81,87,88,89,90,91,92,:
87:71,72,73,74,75,76,77,78,79,80,81,86,88,89,91,92,:
88:68,73,77,78,79,86,87,89,90,91,92,:
89:78,79,86,87,88,90,91,:
90:59,61,86,88,89,91,:
91:67,68,70,73,78,86,87,88,89,90,92,:
92:67,68,70,86,87,88,91,239,240,:
93:94,95,96,97,98,99,101,:
94:93,95,96,98,99,101,:
95:93,94,96,97,98,99,100,101,:
96:93,94,95,97,98,99,103,:
97:93,95,96,98,102,103,107,:
98:93,94,95,96,97,99,100,101,:
99:93,94,95,96,98,100,101,:
100:95,98,99,101,284,285,286,:
101:93,94,95,98,99,100,:
102:97,103,104,105,106,107,108,:
103:96,97,102,104,105,106,107,:
104:102,103,105,106,107,108,109,110,:
105:102,103,104,106,107,108,109,:
106:71,102,103,104,105,107,108,109,110,:
107:97,102,103,104,105,106,108,109,110,277,278,:
108:74,76,82,102,104,105,106,107,109,110,277,278,:
109:71,72,74,75,76,82,104,105,106,107,108,110,278,:
110:74,76,82,84,104,106,107,108,109,273,276,277,278,:
111:112,113,114,115,116,117,118,:
112:111,113,114,115,116,117,:
113:111,112,114,115,116,117,118,119,:
114:111,112,113,115,116,117,118,:
115:111,112,113,114,116,118,:
116:111,112,113,114,115,117,118,119,:
117:111,112,113,114,116,118,119,:
118:111,113,114,115,116,117,119,:
119:113,116,117,118,382,383,384,:
120:33,121,122,123,124,125,126,146,148,214,:
121:120,122,123,124,125,126,146,148,210,213,214,:
122:33,120,121,123,124,125,126,127,128,146,148,214,:
123:31,33,34,120,121,122,124,125,126,127,:
124:31,32,33,34,35,36,37,49,120,121,122,123,125,126,208,:
125:120,121,122,123,124,126,127,128,129,130,209,214,:
126:120,121,122,123,124,125,127,128,129,130,:
127:122,123,125,126,128,129,130,:
128:122,125,126,127,129,130,:
129:125,126,127,128,130,:
130:125,126,127,128,129,209,:
131:132,133,134,135,136,137,138,:
132:48,131,133,134,136,137,:
133:131,132,134,135,136,137,138,317,:
134:131,132,133,135,136,137,138,:
135:131,133,134,136,137,138,336,337,:
136:131,132,133,134,135,137,138,317,336,337,:
137:131,132,133,134,135,136,138,316,317,333,335,336,337,:
138:131,133,134,135,136,137,314,315,316,317,320,322,323,324,325,333,335,336,337,:
139:140,141,142,143,144,145,146,147,:
140:139,141,142,143,144,145,147,:
141:139,140,142,143,144,145,146,147,:
142:139,140,141,143,144,145,:
143:139,140,141,142,144,:
144:139,140,141,142,143,145,146,147,148,149,:
145:139,140,141,142,144,146,147,148,149,150,:
146:120,121,122,139,141,144,145,147,148,149,150,151,152,:
147:139,140,141,144,145,146,148,149,150,151,:
148:120,121,122,144,145,146,147,149,150,151,152,214,:
149:144,145,146,147,148,150,151,152,:
150:145,146,147,148,149,151,152,221,:
151:146,147,148,149,150,152,217,219,220,221,:
152:146,148,149,150,151,214,215,216,217,219,220,221,:
153:154,155,156,157,158,159,160,161,:
154:153,155,156,157,158,159,161,:
155:153,154,156,157,158,159,160,161,:
156:153,154,155,157,158,159,:
157:153,154,155,156,158,:
158:153,154,155,156,157,159,160,161,162,163,:
159:153,154,155,156,158,160,161,162,163,164,:
160:153,155,158,159,161,162,163,164,165,293,294,348,:
161:153,154,155,158,159,160,162,163,164,165,166,370,:
162:158,159,160,161,163,164,165,166,293,301,305,348,:
163:158,159,160,161,162,164,165,166,354,370,:
164:159,160,161,162,163,165,166,301,354,:
165:160,161,162,163,164,166,297,298,300,301,305,340,341,342,343,351,353,354,:
166:161,162,163,164,165,297,298,300,301,341,342,351,353,354,370,:
167:168,169,170,171,172,362,379,381,:
168:167,169,170,171,172,358,359,360,361,362,379,381,:
169:167,168,170,171,172,:
170:167,168,169,171,172,359,:
171:167,168,169,170,172,355,358,359,360,362,381,384,:
172:167,168,169,170,171,379,381,:
173:174,175,176,177,178,179,186,187,325,:
174:173,175,176,177,178,179,186,325,:
175:46,173,174,176,177,178,179,180,186,187,188,:
176:46,173,174,175,177,178,179,186,187,188,189,190,191,:
177:173,174,175,176,178,186,187,188,191,:
178:173,174,175,176,177,179,180,181,186,187,:
179:173,174,175,176,178,180,181,182,:
180:175,178,179,181,182,183,184,185,:
181:178,179,180,182,183,184,185,:
182:179,180,181,183,184,185,:
183:180,181,182,184,185,:
184:180,181,182,183,185,:
185:180,181,182,183,184,:
186:43,46,173,174,175,176,177,178,187,188,189,190,191,192,195,196,:
187:42,43,44,45,46,47,173,175,176,177,178,186,188,189,190,191,195,:
188:43,175,176,177,186,187,189,190,191,192,193,194,195,196,197,199,:
189:43,176,186,187,188,190,191,192,193,195,196,197,198,199,200,202,:
190:35,36,42,43,44,46,47,176,186,187,188,189,191,195,196,197,198,199,:
191:176,177,186,187,188,189,190,192,193,194,195,196,199,320,321,322,325,:
192:10,11,23,26,186,188,189,191,193,194,195,196,199,202,320,321,359,:
193:10,23,24,26,188,189,191,192,194,195,196,197,199,201,202,358,359,360,383,384,:
194:8,10,11,23,25,26,188,191,192,193,195,196,199,315,316,320,321,322,:
195:23,43,186,187,188,189,190,191,192,193,194,196,197,198,199,200,201,202,203,204,:
196:10,23,24,186,188,189,190,191,192,193,194,195,197,198,199,200,201,202,383,384,:
197:43,188,189,190,193,195,196,198,199,200,201,202,203,204,205,235,:
198:8,10,20,23,24,189,190,195,196,197,199,200,201,202,203,204,205,206,207,208,235,:
199:1,8,10,11,23,24,25,26,188,189,190,191,192,193,194,195,196,197,198,200,201,202,203,204,205,208,319,:
200:10,20,24,189,195,196,197,198,199,201,202,203,204,235,269,383,:
201:6,8,10,20,23,24,193,195,196,197,198,199,200,202,203,204,269,380,382,383,384,:
202:8,10,20,23,24,189,192,193,195,196,197,198,199,200,201,380,382,383,384,:
203:20,33,195,197,198,199,200,201,204,205,206,207,208,210,211,232,233,235,:
204:31,32,33,195,197,198,199,200,201,203,205,206,207,208,210,228,232,233,234,235,:
205:197,198,199,203,204,206,207,208,209,210,211,212,235,319,:
206:198,203,204,205,207,208,209,210,211,212,213,214,215,222,228,235,:
207:5,19,198,203,204,205,206,208,210,211,212,213,214,222,223,225,227,228,229,232,233,235,236,237,243,:
208:33,124,198,199,203,204,205,206,207,209,210,211,318,319,:
209:125,130,205,206,208,210,211,318,319,:
210:22,121,203,204,205,206,207,208,209,211,212,213,214,215,216,222,223,228,319,:
211:203,205,206,207,208,209,210,212,213,214,215,319,:
212:22,205,206,207,210,211,213,214,215,216,217,222,223,224,228,:
213:121,206,207,210,211,212,214,215,216,222,223,224,225,227,228,237,:
214:120,121,122,125,148,152,206,207,210,211,212,213,215,216,222,223,224,225,227,228,:
215:29,30,152,206,210,211,212,213,214,216,217,218,219,221,222,223,:
216:29,152,210,212,213,214,215,217,218,219,220,221,222,223,:
217:29,151,152,212,215,216,218,219,220,221,:
218:14,28,29,30,215,216,217,219,220,221,:
219:151,152,215,216,217,218,220,221,:
220:151,152,216,217,218,219,221,:
221:150,151,152,215,216,217,218,219,220,:
222:206,207,210,212,213,214,215,216,223,224,225,226,227,228,236,237,242,243,:
223:22,207,210,212,213,214,215,216,222,224,225,226,227,228,236,237,241,242,243,:
224:212,213,214,222,223,225,226,227,228,229,237,:
225:207,213,214,222,223,224,226,227,228,229,230,232,236,237,:
226:64,222,223,224,225,227,228,229,230,236,237,:
227:207,213,214,222,223,224,225,226,228,229,230,231,232,233,234,235,236,237,238,:
228:204,206,207,210,212,213,214,222,223,224,225,226,227,229,230,232,233,234,235,236,237,242,243,:
229:207,224,225,226,227,228,230,231,232,233,234,235,236,237,238,:
230:225,226,227,228,229,231,232,233,236,237,238,239,240,241,242,244,250,268,269,:
231:227,229,230,232,236,237,238,239,240,244,245,247,249,250,251,268,269,270,:
232:32,203,204,207,225,227,228,229,230,231,233,234,235,236,237,:
233:31,32,33,39,41,203,204,207,227,228,229,230,232,234,235,:
234:31,32,33,34,39,41,204,227,228,229,232,233,235,:
235:31,32,33,34,35,39,41,197,198,200,203,204,205,206,207,227,228,229,232,233,234,:
236:19,207,222,223,225,226,227,228,229,230,231,232,237,238,239,240,241,242,243,244,245,250,269,:
237:19,207,213,222,223,224,225,226,227,228,229,230,231,232,236,238,239,240,241,242,243,:
238:19,227,229,230,231,236,237,239,240,241,242,243,244,245,246,250,267,268,269,:
239:92,230,231,236,237,238,240,241,242,244,245,246,247,249,250,267,:
240:64,65,67,68,92,230,231,236,237,238,239,241,244,245,246,247,249,250,:
241:9,19,22,68,84,85,223,230,236,237,238,239,240,242,243,244,245,:
242:4,5,9,19,22,85,222,223,228,230,236,237,238,239,241,243,:
243:4,5,9,19,22,85,207,222,223,228,236,237,238,241,242,:
244:70,74,230,231,236,238,239,240,241,245,246,247,248,249,250,266,267,268,:
245:74,231,236,238,239,240,241,244,246,247,249,250,261,263,264,265,266,267,268,269,271,:
246:69,70,74,238,239,240,244,245,247,248,249,250,251,261,267,:
247:70,231,239,240,244,245,246,248,249,250,251,252,253,261,264,:
248:70,244,246,247,249,250,251,252,253,261,:
249:231,239,240,244,245,246,247,248,250,251,252,253,264,268,:
250:230,231,236,238,239,240,244,245,246,247,248,249,251,252,253,263,264,267,268,270,:
251:231,246,247,248,249,250,252,253,264,:
252:247,248,249,250,251,253,264,270,:
253:247,248,249,250,251,252,256,257,261,263,264,270,:
254:255,256,257,258,259,260,261,263,264,:
255:254,256,257,258,259,260,263,374,376,:
256:253,254,255,257,258,259,260,261,262,263,264,265,:
257:253,254,255,256,258,259,260,261,263,264,265,266,267,268,271,272,378,:
258:254,255,256,257,259,261,263,264,265,266,267,271,272,273,276,373,374,376,377,378,:
259:254,255,256,257,258,260,261,262,263,264,:
260:254,255,256,257,259,261,262,:
261:69,74,245,246,247,248,253,254,256,257,258,259,260,262,263,264,267,:
262:256,259,260,261,:
263:245,250,253,254,255,256,257,258,259,261,264,265,266,267,268,269,270,271,272,378,:
264:245,247,249,250,251,252,253,254,256,257,258,259,261,263,265,266,267,268,270,:
265:245,256,257,258,263,264,266,267,268,269,270,271,272,273,378,380,:
266:244,245,257,258,263,264,265,267,268,269,270,271,272,273,274,276,:
267:74,238,239,244,245,246,250,257,258,261,263,264,265,266,268,269,271,272,273,274,276,:
268:230,231,238,244,245,249,250,257,263,264,265,266,267,269,270,271,272,:
269:5,6,19,20,200,201,230,231,236,238,245,263,265,266,267,268,270,271,272,:
270:231,250,252,253,263,264,265,266,268,269,380,:
271:245,257,258,263,265,266,267,268,269,272,273,274,275,276,277,278,279,280,367,:
272:257,258,263,265,266,267,268,269,271,273,274,275,276,279,280,366,367,373,378,:
273:110,258,265,266,267,271,272,274,275,276,277,278,279,280,281,367,:
274:5,19,266,267,271,272,273,275,276,277,278,279,280,281,282,284,285,286,367,:
275:4,5,9,19,84,85,271,272,273,274,276,277,278,279,280,281,284,:
276:110,258,266,267,271,272,273,274,275,277,278,279,280,286,367,:
277:107,108,110,271,273,274,275,276,278,279,280,286,:
278:107,108,109,110,271,273,274,275,276,277,:
279:271,272,273,274,275,276,277,280,281,282,283,284,285,286,295,296,364,367,:
280:271,272,273,274,275,276,277,279,281,282,283,284,285,286,363,364,365,366,367,368,:
281:273,274,275,279,280,282,283,284,285,286,287,295,296,297,364,:
282:1,2,274,279,280,281,283,284,285,287,291,295,296,297,298,299,363,364,:
283:1,8,10,24,279,280,281,282,284,285,295,296,297,360,361,363,364,365,366,367,368,370,:
284:100,274,275,279,280,281,282,283,285,286,287,288,290,291,295,296,:
285:100,274,279,280,281,282,283,284,286,287,288,289,290,291,292,293,295,296,:
286:100,274,276,277,279,280,281,284,285,287,288,289,290,291,292,368,:
287:281,282,284,285,286,288,289,290,291,292,293,294,295,296,368,370,:
288:284,285,286,287,289,290,291,292,294,368,369,:
289:285,286,287,288,290,292,368,369,:
290:284,285,286,287,288,289,291,292,293,294,368,369,370,:
291:282,284,285,286,287,288,290,292,293,294,295,296,297,:
292:285,286,287,288,289,290,291,293,294,369,370,:
293:160,162,285,287,290,291,292,294,:
294:160,287,288,290,291,292,293,370,:
295:1,2,18,279,281,282,283,284,285,287,291,296,297,298,299,300,301,364,:
296:2,3,18,279,281,282,283,284,285,287,291,295,297,298,299,300,:
297:11,18,25,165,166,281,282,283,291,295,296,298,299,300,301,302,364,:
298:18,25,165,166,282,295,296,297,299,300,301,302,303,304,305,308,309,312,:
299:18,21,282,295,296,297,298,300,301,302,303,308,309,:
300:165,166,295,296,297,298,299,301,302,303,304,305,306,307,308,309,312,:
301:162,164,165,166,295,297,298,299,300,302,303,304,305,308,:
302:297,298,299,300,301,303,304,305,306,307,308,309,310,:
303:298,299,300,301,302,304,305,306,307,308,309,310,311,312,:
304:298,300,301,302,303,305,306,307,308,309,310,311,312,313,314,332,343,:
305:162,165,298,300,301,302,303,304,306,307,308,309,345,:
306:300,302,303,304,305,307,308,309,:
307:300,302,303,304,305,306,308,309,:
308:298,299,300,301,302,303,304,305,306,307,309,310,311,312,313,314,:
309:298,299,300,302,303,304,305,306,307,308,310,311,312,:
310:302,303,304,308,309,311,312,313,314,315,:
311:11,25,26,303,304,308,309,310,312,313,314,315,316,318,319,:
312:11,18,25,26,298,300,303,304,308,309,310,311,313,314,315,318,319,:
313:25,304,308,310,311,312,314,315,316,317,318,319,320,321,327,337,:
314:138,304,308,310,311,312,313,315,316,317,318,319,320,332,335,337,:
315:11,25,26,138,194,310,311,312,313,314,316,317,318,319,320,321,322,327,337,:
316:137,138,194,311,313,314,315,317,318,320,321,322,323,325,326,327,337,:
317:133,136,137,138,313,314,315,316,318,320,321,322,323,324,325,326,327,335,336,337,:
318:208,209,311,312,313,314,315,316,317,319,320,321,:
319:11,18,25,199,205,208,209,210,211,311,312,313,314,315,318,:
320:138,191,192,194,313,314,315,316,317,318,321,322,323,324,325,326,327,:
321:26,191,192,194,313,315,316,317,318,320,322,323,325,326,327,:
322:138,191,194,315,316,317,320,321,323,324,325,326,327,328,:
323:138,316,317,320,321,322,324,325,326,327,328,329,330,331,337,:
324:138,317,320,322,323,325,326,327,328,329,330,:
325:48,138,173,174,191,316,317,320,321,322,323,324,326,327,:
326:316,317,320,321,322,323,324,325,327,328,329,330,331,332,333,335,337,:
327:313,315,316,317,320,321,322,323,324,325,326,328,329,330,331,332,333,337,342,:
328:322,323,324,326,327,329,330,331,332,333,334,335,337,:
329:323,324,326,327,328,330,331,332,339,:
330:323,324,326,327,328,329,331,338,339,340,341,342,343,:
331:323,326,327,328,329,330,332,333,334,335,337,:
332:304,314,326,327,328,329,331,333,334,335,336,337,:
333:137,138,326,327,328,331,332,334,335,336,337,:
334:328,331,332,333,335,336,337,:
335:137,138,314,317,326,328,331,332,333,334,336,337,:
336:135,136,137,138,317,332,333,334,335,337,:
337:135,136,137,138,313,314,315,316,317,323,326,327,328,331,332,333,334,335,336,:
338:330,339,340,341,342,343,344,345,351,357,:
339:329,330,338,340,341,342,343,344,351,357,:
340:165,330,338,339,341,342,343,344,345,351,352,357,:
341:165,166,330,338,339,340,342,343,344,351,352,353,354,355,356,357,:
342:165,166,327,330,338,339,340,341,343,351,352,353,354,357,:
343:165,304,330,338,339,340,341,342,344,345,346,351,:
344:338,339,340,341,343,345,346,347,:
345:305,338,340,343,344,346,347,348,349,350,:
346:343,344,345,347,348,349,350,:
347:344,345,346,348,349,350,:
348:160,162,345,346,347,349,350,:
349:345,346,347,348,350,:
350:345,346,347,348,349,:
351:165,166,338,339,340,341,342,343,352,353,354,355,356,357,358,359,:
352:340,341,342,351,353,354,355,356,357,358,359,360,:
353:165,166,341,342,351,352,354,355,356,357,358,359,360,361,362,:
354:163,164,165,166,341,342,351,352,353,355,356,357,358,359,360,361,362,363,364,:
355:171,341,351,352,353,354,356,357,358,359,:
356:341,351,352,353,354,355,357,:
357:338,339,340,341,342,351,352,353,354,355,356,:
358:23,168,171,193,351,352,353,354,355,359,360,361,362,363,364,:
359:23,168,170,171,192,193,351,352,353,354,355,358,360,361,362,:
360:10,23,24,168,171,193,283,352,353,354,358,359,361,362,363,364,365,381,:
361:168,283,353,354,358,359,360,362,363,364,365,366,367,368,370,379,381,:
362:167,168,171,353,354,358,359,360,361,363,364,365,366,368,370,379,381,:
363:280,282,283,354,358,360,361,362,364,365,366,367,368,369,370,371,372,379,381,:
364:10,24,279,280,281,282,283,295,297,354,358,360,361,362,363,365,366,367,368,370,:
365:280,283,360,361,362,363,364,366,367,368,369,370,371,372,373,379,:
366:272,280,283,361,362,363,364,365,367,368,369,370,371,372,373,374,376,377,379,:
367:271,272,273,274,276,279,280,283,361,363,364,365,366,368,369,371,372,373,374,376,377,378,379,:
368:280,283,286,287,288,289,290,361,362,363,364,365,366,367,369,370,371,372,:
369:288,289,290,292,363,365,366,367,368,370,371,372,:
370:161,163,166,283,287,290,292,294,361,362,363,364,365,366,368,369,:
371:363,365,366,367,368,369,372,373,374,375,376,377,378,379,:
372:363,365,366,367,368,369,371,373,374,375,376,377,379,:
373:258,272,365,366,367,371,372,374,375,376,377,378,379,:
374:255,258,366,367,371,372,373,375,376,377,:
375:371,372,373,374,376,:
376:255,258,366,367,371,372,373,374,375,377,378,379,380,381,:
377:258,366,367,371,372,373,374,376,378,379,380,381,382,:
378:257,258,263,265,272,367,371,373,376,377,379,380,381,382,383,:
379:167,168,172,361,362,363,365,366,367,371,372,373,376,377,378,380,381,382,383,384,:
380:201,202,265,270,376,377,378,379,381,382,383,384,:
381:167,168,171,172,360,361,362,363,376,377,378,379,380,382,383,384,:
382:119,201,202,377,378,379,380,381,383,384,:
383:24,119,193,196,200,201,202,378,379,380,381,382,384,:
384:119,171,193,196,201,202,379,380,381,382,383,:
