1:2,3,4,5,6,7,8,9,26,27,28,29,30,396,397,:
2:1,3,4,5,6,7,11,12,13,14,26,27,28,29,34,382,391,396,397,:
3:1,2,4,5,6,11,12,13,14,26,27,28,29,33,34,184,382,:
4:1,2,3,5,6,7,11,12,13,14,26,27,28,29,34,161,184,276,:
5:1,2,3,4,6,7,8,9,26,27,28,29,160,161,162,:
6:1,2,3,4,5,7,8,9,10,26,27,28,29,30,161,:
7:1,2,4,5,6,8,9,10,15,16,21,26,29,30,31,32,162,:
8:1,5,6,7,9,10,15,16,21,26,29,30,31,32,162,:
9:1,5,6,7,8,10,15,16,20,21,26,30,31,32,:
10:6,7,8,9,15,16,17,19,20,21,25,26,30,31,32,:
11:2,3,4,12,13,14,27,28,33,34,184,185,256,382,387,:
12:2,3,4,11,13,14,27,33,34,184,185,207,208,256,258,382,387,388,:
13:2,3,4,11,12,14,28,33,34,184,185,254,255,256,276,348,349,461,:
14:2,3,4,11,12,13,27,28,33,34,374,375,381,382,387,389,459,:
15:7,8,9,10,16,17,18,19,20,21,22,24,25,30,31,32,:
16:7,8,9,10,15,17,18,19,20,21,22,23,25,30,31,32,:
17:10,15,16,18,19,20,21,22,23,24,411,:
18:15,16,17,19,20,21,22,23,24,25,:
19:10,15,16,17,18,20,22,23,24,25,32,:
20:9,10,15,16,17,18,19,21,23,24,25,30,31,32,:
21:7,8,9,10,15,16,17,18,20,22,30,31,32,:
22:15,16,17,18,19,21,23,314,411,429,:
23:16,17,18,19,20,22,24,:
24:15,17,18,19,20,23,25,:
25:10,15,16,18,19,20,24,31,32,:
26:1,2,3,4,5,6,7,8,9,10,27,30,396,397,:
27:1,2,3,4,5,6,11,12,14,26,33,34,377,381,382,390,391,392,395,396,397,398,:
28:1,2,3,4,5,6,11,13,14,29,161,184,274,275,276,:
29:1,2,3,4,5,6,7,8,28,160,161,162,275,276,:
30:1,6,7,8,9,10,15,16,20,21,26,31,32,397,:
31:7,8,9,10,15,16,20,21,25,30,32,:
32:7,8,9,10,15,16,19,20,21,25,30,31,:
33:3,11,12,13,14,27,34,185,206,207,208,217,255,256,258,382,386,387,388,:
34:2,3,4,11,12,13,14,27,33,183,184,185,207,208,256,382,387,388,398,:
35:36,37,38,39,40,41,46,47,:
36:35,37,38,39,40,41,:
37:35,36,38,39,40,41,42,43,46,47,48,:
38:35,36,37,39,40,41,42,46,47,48,49,50,51,:
39:35,36,37,38,40,46,47,48,49,50,:
40:35,36,37,38,39,41,42,43,44,45,46,47,:
41:35,36,37,38,40,42,43,44,45,46,47,50,:
42:37,38,40,41,43,44,45,46,47,49,50,53,124,:
43:37,40,41,42,44,45,47,:
44:40,41,42,43,45,47,50,53,55,56,57,123,124,:
45:40,41,42,43,44,47,53,55,56,:
46:35,37,38,39,40,41,42,47,48,49,50,51,52,53,:
47:35,37,38,39,40,41,42,43,44,45,46,48,49,50,51,52,53,55,:
48:37,38,39,46,47,49,50,51,52,53,54,:
49:38,39,42,46,47,48,50,51,52,54,58,:
50:38,39,41,42,44,46,47,48,49,51,52,54,58,124,:
51:38,46,47,48,49,50,52,53,54,55,57,58,:
52:46,47,48,49,50,51,53,54,55,56,57,58,59,60,404,:
53:42,44,45,46,47,48,51,52,54,55,56,57,58,59,403,404,:
54:48,49,50,51,52,53,55,56,57,58,59,60,61,404,405,:
55:44,45,47,51,52,53,54,56,57,58,59,61,403,:
56:44,45,52,53,54,55,57,59,403,:
57:44,51,52,53,54,55,56,58,59,60,61,122,124,403,404,405,:
58:49,50,51,52,53,54,55,57,59,60,61,122,405,:
59:52,53,54,55,56,57,58,60,61,120,121,122,123,124,:
60:52,54,57,58,59,61,72,73,74,120,122,405,:
61:54,55,57,58,59,60,119,120,121,122,123,124,395,:
62:63,64,65,66,67,68,69,70,:
63:62,64,65,66,67,68,70,:
64:62,63,65,66,67,68,69,70,:
65:62,63,64,66,67,68,:
66:62,63,64,65,67,:
67:62,63,64,65,66,68,69,70,71,72,:
68:62,63,64,65,67,69,70,71,72,73,464,:
69:62,64,67,68,70,71,72,73,74,75,464,465,:
70:62,63,64,67,68,69,71,72,73,74,464,467,:
71:67,68,69,70,72,73,74,75,464,465,466,:
72:60,67,68,69,70,71,73,74,75,464,467,:
73:60,68,69,70,71,72,74,75,464,465,466,467,:
74:60,69,70,71,72,73,75,398,465,466,:
75:69,71,72,73,74,398,466,:
76:77,78,79,80,81,82,83,84,:
77:76,78,79,80,81,82,84,:
78:76,77,79,80,81,82,83,84,:
79:76,77,78,80,81,82,:
80:76,77,78,79,81,:
81:76,77,78,79,80,82,83,84,85,86,:
82:76,77,78,79,81,83,84,85,86,87,:
83:76,78,81,82,84,85,86,87,407,:
84:76,77,78,81,82,83,85,86,87,403,404,:
85:81,82,83,84,86,87,:
86:81,82,83,84,85,87,403,404,:
87:82,83,84,85,86,403,:
88:89,90,91,92,93,94,95,96,365,370,371,485,486,:
89:88,90,91,92,93,94,95,364,365,369,370,371,376,484,485,486,:
90:88,89,91,92,93,94,95,96,97,98,99,102,365,370,:
91:88,89,90,92,93,94,95,96,97,98,99,100,101,102,389,484,485,:
92:88,89,90,91,93,96,97,102,371,383,389,480,481,483,484,485,486,:
93:88,89,90,91,92,94,95,96,97,364,365,368,370,371,389,455,456,:
94:88,89,90,91,93,95,364,365,368,453,455,456,457,:
95:88,89,90,91,93,94,364,365,453,455,456,:
96:88,90,91,92,93,97,98,99,100,101,102,389,:
97:90,91,92,93,96,98,99,100,101,102,229,:
98:90,91,96,97,99,100,101,102,:
99:90,91,96,97,98,100,101,102,:
100:91,96,97,98,99,101,102,212,213,214,219,221,225,226,227,228,229,:
101:91,96,97,98,99,100,102,211,212,213,214,477,:
102:90,91,92,96,97,98,99,100,101,389,477,480,:
103:104,105,106,107,108,109,110,115,126,129,:
104:103,105,106,108,109,110,111,115,126,128,129,132,:
105:103,104,106,107,108,109,110,111,115,:
106:103,104,105,107,108,109,110,114,115,126,:
107:103,105,106,108,109,110,114,115,121,123,:
108:103,104,105,106,107,109,110,111,112,113,115,:
109:103,104,105,106,107,108,110,111,112,113,115,126,129,:
110:103,104,105,106,107,108,109,111,112,113,114,115,116,117,119,120,121,125,126,128,129,:
111:104,105,108,109,110,112,113,137,138,139,140,:
112:108,109,110,111,113,126,137,138,139,140,:
113:108,109,110,111,112,137,138,139,140,:
114:106,107,110,115,116,117,118,119,120,121,122,125,126,:
115:103,104,105,106,107,108,109,110,114,116,117,119,120,121,125,126,127,129,:
116:110,114,115,117,118,119,120,121,122,125,126,127,:
117:110,114,115,116,118,119,120,125,126,127,128,129,130,472,:
118:114,116,117,119,125,126,127,130,467,468,470,471,472,:
119:61,110,114,115,116,117,118,120,121,122,123,124,125,126,:
120:59,60,61,110,114,115,116,117,119,121,122,123,124,:
121:59,61,107,110,114,115,116,119,120,122,123,124,:
122:57,58,59,60,61,114,116,119,120,121,123,124,:
123:44,59,61,107,119,120,121,122,124,:
124:42,44,50,57,59,61,119,120,121,122,123,:
125:110,114,115,116,117,118,119,126,127,128,129,130,472,:
126:103,104,106,109,110,112,114,115,116,117,118,119,125,127,128,129,130,:
127:115,116,117,118,125,126,128,129,130,470,471,472,:
128:104,110,117,125,126,127,129,130,:
129:103,104,109,110,115,117,125,126,127,128,130,:
130:117,118,125,126,127,128,129,190,470,471,472,:
131:132,133,134,135,136,137,139,140,141,:
132:104,131,133,134,135,136,137,139,141,:
133:131,132,134,135,136,137,138,139,140,141,167,:
134:131,132,133,135,136,137,141,167,:
135:131,132,133,134,136,:
136:131,132,133,134,135,137,138,139,140,141,:
137:111,112,113,131,132,133,134,136,138,139,140,141,161,:
138:111,112,113,133,136,137,139,140,141,160,161,162,:
139:111,112,113,131,132,133,136,137,138,140,141,161,180,181,:
140:111,112,113,131,133,136,137,138,139,141,161,180,181,182,:
141:131,132,133,134,136,137,138,139,140,167,177,180,181,:
142:143,144,145,146,147,148,149,151,152,273,:
143:142,144,145,147,149,151,152,272,273,277,279,:
144:142,143,145,146,147,148,149,150,151,152,153,273,:
145:142,143,144,146,147,148,149,151,152,153,154,156,157,:
146:142,144,145,147,148,151,152,153,156,:
147:142,143,144,145,146,148,149,150,151,152,:
148:142,144,145,146,147,149,150,151,:
149:142,143,144,145,147,148,150,151,152,157,273,:
150:144,147,148,149,295,:
151:142,143,144,145,146,147,148,149,152,153,154,155,156,157,163,164,273,:
152:142,143,144,145,146,147,149,151,153,154,155,156,157,163,269,270,271,272,273,274,:
153:144,145,146,151,152,154,155,156,157,158,159,163,164,165,:
154:145,151,152,153,155,156,157,158,159,163,164,165,166,167,168,270,:
155:151,152,153,154,156,157,158,159,163,164,165,168,253,262,263,269,270,271,273,274,276,:
156:145,146,151,152,153,154,155,157,158,159,160,162,163,164,:
157:145,149,151,152,153,154,155,156,158,159,160,161,162,163,:
158:153,154,155,156,157,159,160,161,162,163,182,276,:
159:153,154,155,156,157,158,160,161,162,163,164,165,166,167,175,181,182,184,276,:
160:5,29,138,156,157,158,159,161,162,182,:
161:4,5,6,28,29,137,138,139,140,157,158,159,160,162,182,184,:
162:5,7,8,29,138,156,157,158,159,160,161,:
163:151,152,153,154,155,156,157,158,159,164,165,166,167,168,169,171,175,176,270,:
164:151,153,154,155,156,159,163,165,166,167,168,169,171,175,:
165:153,154,155,159,163,164,166,167,168,169,170,171,175,176,177,253,270,:
166:154,159,163,164,165,167,168,169,170,175,176,177,178,179,180,181,182,253,:
167:133,134,141,154,159,163,164,165,166,168,169,170,175,176,177,180,:
168:154,155,163,164,165,166,167,169,170,171,172,173,175,176,253,262,268,:
169:163,164,165,166,167,168,170,171,172,173,174,175,176,:
170:165,166,167,168,169,171,172,173,174,175,176,247,:
171:163,164,165,168,169,170,172,173,174,:
172:168,169,170,171,173,174,195,:
173:168,169,170,171,172,174,:
174:169,170,171,172,173,:
175:159,163,164,165,166,167,168,169,170,176,177,178,179,180,181,182,186,187,250,253,:
176:163,165,166,167,168,169,170,175,177,178,179,180,181,182,183,184,186,247,249,250,251,252,253,:
177:141,165,166,167,175,176,178,179,180,181,182,183,186,187,188,:
178:166,175,176,177,179,180,181,182,183,186,187,188,189,190,191,192,193,250,:
179:166,175,176,177,178,180,181,183,186,187,188,189,191,192,193,234,242,243,247,249,250,251,253,:
180:139,140,141,166,167,175,176,177,178,179,181,182,183,184,185,186,187,:
181:139,140,141,159,166,175,176,177,178,179,180,182,183,184,185,186,187,:
182:140,158,159,160,161,166,175,176,177,178,180,181,183,184,185,253,:
183:34,176,177,178,179,180,181,182,184,185,186,187,206,208,:
184:3,4,11,12,13,28,34,159,161,176,180,181,182,183,185,254,256,276,:
185:11,12,13,33,34,180,181,182,183,184,206,207,208,254,255,256,:
186:175,176,177,178,179,180,181,183,187,188,189,190,191,192,193,198,199,250,:
187:175,177,178,179,180,181,183,186,188,189,190,191,192,193,198,:
188:177,178,179,186,187,189,190,191,192,193,194,198,199,200,234,:
189:178,179,186,187,188,190,191,192,198,199,200,201,202,203,204,206,234,:
190:130,178,186,187,188,189,191,198,199,200,201,203,204,206,470,471,:
191:178,179,186,187,188,189,190,192,193,194,195,196,198,199,234,:
192:178,179,186,187,188,189,191,193,194,195,196,197,:
193:178,179,186,187,188,191,192,194,195,196,197,:
194:188,191,192,193,195,196,197,245,:
195:172,191,192,193,194,196,197,:
196:191,192,193,194,195,197,245,247,:
197:192,193,194,195,196,247,:
198:186,187,188,189,190,191,199,200,201,202,203,204,206,231,234,:
199:186,188,189,190,191,198,200,201,202,203,204,206,230,231,232,233,234,:
200:188,189,190,198,199,201,202,203,204,205,206,231,469,471,:
201:189,190,198,199,200,202,203,204,231,469,:
202:189,198,199,200,201,203,230,231,234,:
203:189,190,198,199,200,201,202,204,205,206,207,208,215,231,466,:
204:189,190,198,199,200,201,203,205,206,207,208,215,216,217,218,466,:
205:200,203,204,206,207,208,216,217,218,466,:
206:33,183,185,189,190,198,199,200,203,204,205,207,208,215,216,217,256,258,:
207:12,33,34,185,203,204,205,206,208,216,217,218,387,388,466,:
208:12,33,34,183,185,203,204,205,206,207,216,217,256,258,388,:
209:210,211,212,213,214,215,219,220,223,237,238,:
210:209,211,212,214,215,219,220,223,235,236,237,238,239,:
211:101,209,210,212,213,214,215,216,219,220,221,238,477,:
212:100,101,209,210,211,213,214,215,219,220,221,222,223,224,238,:
213:100,101,209,211,212,214,219,220,221,222,223,:
214:100,101,209,210,211,212,213,215,216,217,218,219,220,238,:
215:203,204,206,209,210,211,212,214,216,217,218,388,474,:
216:204,205,206,207,208,211,214,215,217,218,258,386,387,388,473,474,:
217:33,204,205,206,207,208,214,215,216,218,256,258,259,386,387,388,389,:
218:204,205,207,214,215,216,217,386,387,388,473,474,475,478,:
219:100,209,210,211,212,213,214,220,221,222,223,224,225,226,237,238,:
220:209,210,211,212,213,214,219,221,222,223,224,225,226,237,238,239,:
221:100,211,212,213,219,220,222,223,224,225,226,227,238,:
222:212,213,219,220,221,223,224,225,:
223:209,210,212,213,219,220,221,222,224,238,:
224:212,219,220,221,222,223,225,226,227,228,229,238,:
225:100,219,220,221,222,224,226,227,228,229,239,:
226:100,219,220,221,224,225,227,228,229,237,238,239,:
227:100,221,224,225,226,228,229,:
228:100,224,225,226,227,229,239,454,458,460,:
229:97,100,224,225,226,227,228,:
230:199,202,231,232,233,234,235,236,240,241,:
231:198,199,200,201,202,203,230,232,233,234,235,240,:
232:199,230,231,233,234,235,236,237,240,241,242,:
233:199,230,231,232,234,235,236,240,241,242,243,244,245,:
234:179,188,189,191,198,199,202,230,231,232,233,235,236,240,241,242,243,250,:
235:210,230,231,232,233,234,236,237,238,239,240,241,:
236:210,230,232,233,234,235,237,238,239,240,241,257,259,:
237:209,210,219,220,226,232,235,236,238,239,259,:
238:209,210,211,212,214,219,220,221,223,224,226,235,236,237,239,:
239:210,220,225,226,228,235,236,237,238,257,258,259,:
240:230,231,232,233,234,235,236,241,242,243,244,245,246,249,250,:
241:230,232,233,234,235,236,240,242,243,244,245,:
242:179,232,233,234,240,241,243,244,245,246,247,248,249,250,251,:
243:179,233,234,240,241,242,244,245,246,247,249,250,251,252,254,255,257,261,:
244:233,240,241,242,243,245,246,249,250,251,252,254,255,257,261,354,361,362,:
245:194,196,233,240,241,242,243,244,246,247,248,249,250,:
246:240,242,243,244,245,247,248,249,250,:
247:170,176,179,196,197,242,243,245,246,248,249,250,:
248:242,245,246,247,:
249:176,179,240,242,243,244,245,246,247,250,251,252,253,254,255,257,260,261,:
250:175,176,178,179,186,234,240,242,243,244,245,246,247,249,251,252,253,254,255,260,:
251:176,179,242,243,244,249,250,252,253,254,255,256,257,260,261,262,348,354,:
252:176,243,244,249,250,251,253,254,255,260,261,262,263,264,265,266,269,270,354,:
253:155,165,166,168,175,176,179,182,249,250,251,252,254,260,261,262,263,269,270,:
254:13,184,185,243,244,249,250,251,252,253,255,256,257,258,259,260,261,348,:
255:13,33,185,243,244,249,250,251,252,254,256,257,258,259,348,461,:
256:11,12,13,33,34,184,185,206,208,217,251,254,255,257,258,259,461,:
257:236,239,243,244,249,251,254,255,256,258,259,460,461,:
258:12,33,206,208,216,217,239,254,255,256,257,259,388,461,:
259:217,236,237,239,254,255,256,257,258,460,461,:
260:249,250,251,252,253,254,261,262,263,264,265,266,267,269,270,351,354,:
261:243,244,249,251,252,253,254,260,262,263,264,265,266,267,269,348,350,351,352,353,354,355,:
262:155,168,251,252,253,260,261,263,264,265,266,267,268,269,270,271,351,354,:
263:155,252,253,260,261,262,264,265,266,269,270,271,272,273,274,276,284,286,351,:
264:252,260,261,262,263,265,269,270,271,272,277,278,284,286,340,344,345,348,350,351,352,354,355,:
265:252,260,261,262,263,264,266,267,268,269,270,286,351,354,355,:
266:252,260,261,262,263,265,267,268,:
267:260,261,262,265,266,268,:
268:168,262,265,266,267,:
269:152,155,252,253,260,261,262,263,264,265,270,271,272,273,274,275,276,277,278,:
270:152,154,155,163,165,252,253,260,262,263,264,265,269,271,272,273,274,276,:
271:152,155,262,263,264,269,270,272,273,274,275,276,277,278,279,284,340,:
272:143,152,263,264,269,270,271,273,274,275,276,277,278,279,280,281,282,283,284,340,:
273:142,143,144,149,151,152,155,263,269,270,271,272,274,275,277,278,279,282,283,284,:
274:28,152,155,263,269,270,271,272,273,275,276,277,278,:
275:28,29,269,271,272,273,274,276,277,278,:
276:4,13,28,29,155,158,159,184,263,269,270,271,272,274,275,:
277:143,264,269,271,272,273,274,275,278,279,280,281,282,283,284,337,340,:
278:264,269,271,272,273,274,275,277,279,280,281,282,283,284,336,337,339,340,342,:
279:143,271,272,273,277,278,280,281,282,283,284,285,337,340,:
280:272,277,278,279,281,282,283,337,340,:
281:272,277,278,279,280,282,329,330,332,335,336,337,338,340,:
282:272,273,277,278,279,280,281,283,284,285,286,287,337,340,:
283:272,273,277,278,279,280,282,284,285,286,287,340,:
284:263,264,271,272,273,277,278,279,282,283,285,286,287,340,351,:
285:279,282,283,284,286,287,:
286:263,264,265,282,283,284,285,287,351,:
287:282,283,284,285,286,:
288:289,290,291,292,293,294,295,296,297,302,:
289:288,290,291,293,294,295,296,297,:
290:288,289,291,292,293,294,295,296,297,298,302,:
291:288,289,290,292,293,294,295,296,297,298,299,300,301,302,308,:
292:288,290,291,293,294,296,297,298,299,300,301,302,303,304,306,307,308,313,314,:
293:288,289,290,291,292,294,295,296,297,:
294:288,289,290,291,292,293,295,:
295:150,288,289,290,291,293,294,297,:
296:288,289,290,291,292,293,297,298,299,300,302,:
297:288,289,290,291,292,293,295,296,298,299,:
298:290,291,292,296,297,299,300,302,308,:
299:291,292,296,297,298,300,301,302,308,314,:
300:291,292,296,298,299,301,302,307,308,314,316,321,322,323,:
301:291,292,299,300,302,303,304,305,306,307,308,316,:
302:288,290,291,292,296,298,299,300,301,303,304,306,307,308,:
303:292,301,302,304,305,306,307,308,309,316,:
304:292,301,302,303,305,306,307,308,309,310,312,315,316,:
305:301,303,304,306,307,308,309,310,311,315,316,:
306:292,301,302,303,304,305,307,308,:
307:292,300,301,302,303,304,305,306,308,309,310,311,312,313,314,315,316,:
308:291,292,298,299,300,301,302,303,304,305,306,307,309,310,312,313,314,315,316,:
309:303,304,305,307,308,310,311,312,313,314,315,316,317,437,:
310:304,305,307,308,309,311,312,313,314,315,316,317,318,320,321,:
311:305,307,309,310,312,314,315,316,317,318,436,437,:
312:304,307,308,309,310,311,313,314,315,316,429,:
313:292,307,308,309,310,312,314,:
314:22,292,299,300,307,308,309,310,311,312,313,315,316,:
315:304,305,307,308,309,310,311,312,314,316,317,318,319,320,321,:
316:300,301,303,304,305,307,308,309,310,311,312,314,315,317,318,320,321,:
317:309,310,311,315,316,318,319,320,321,322,326,:
318:310,311,315,316,317,319,320,321,:
319:315,317,318,320,:
320:310,315,316,317,318,319,321,322,323,324,325,326,:
321:300,310,315,316,317,318,320,322,323,324,325,326,:
322:300,317,320,321,323,324,325,326,:
323:300,320,321,322,324,325,326,:
324:320,321,322,323,325,326,:
325:320,321,322,323,324,326,:
326:317,320,321,322,323,324,325,:
327:328,329,330,331,332,333,335,336,337,435,:
328:327,329,330,331,332,333,434,435,438,440,:
329:281,327,328,330,331,332,333,334,335,336,337,338,435,:
330:281,327,328,329,331,332,333,336,337,338,339,341,435,:
331:327,328,329,330,332,336,337,338,341,435,440,441,:
332:281,327,328,329,330,331,333,334,335,336,337,435,445,:
333:327,328,329,330,332,334,335,:
334:329,332,333,335,380,:
335:281,327,329,332,333,334,:
336:278,281,327,329,330,331,332,337,338,339,340,341,342,343,:
337:277,278,279,280,281,282,327,329,330,331,332,336,338,339,340,341,342,:
338:281,329,330,331,336,337,339,340,341,342,343,344,:
339:278,330,336,337,338,340,341,342,343,344,345,346,347,349,:
340:264,271,272,277,278,279,280,281,282,283,284,336,337,338,339,341,342,343,344,345,347,349,351,:
341:330,331,336,337,338,339,340,342,343,:
342:278,336,337,338,339,340,341,343,344,345,346,347,348,349,350,351,444,:
343:336,338,339,340,341,342,344,345,346,347,349,444,448,:
344:264,338,339,340,342,343,345,346,347,348,349,350,351,352,:
345:264,339,340,342,343,344,346,347,348,349,350,351,352,353,354,355,359,360,:
346:339,342,343,344,345,347,348,350,351,352,353,359,360,448,449,458,:
347:339,340,342,343,344,345,346,348,349,350,351,458,460,461,:
348:13,251,254,255,261,264,342,344,345,346,347,349,350,351,460,461,:
349:13,339,340,342,343,344,345,347,348,444,:
350:261,264,342,344,345,346,347,348,351,352,353,354,355,356,359,360,:
351:260,261,262,263,264,265,284,286,340,342,344,345,346,347,348,350,352,353,354,355,:
352:261,264,344,345,346,350,351,353,354,355,356,357,358,359,360,361,:
353:261,345,346,350,351,352,354,355,356,359,360,361,362,363,:
354:244,251,252,260,261,262,264,265,345,350,351,352,353,355,356,359,360,361,362,:
355:261,264,265,345,350,351,352,353,354,356,357,358,359,360,:
356:350,352,353,354,355,357,358,:
357:352,355,356,358,:
358:352,355,356,357,:
359:345,346,350,352,353,354,355,360,361,362,363,:
360:345,346,350,352,353,354,355,359,361,362,363,:
361:244,352,353,354,359,360,362,363,:
362:244,353,354,359,360,361,363,:
363:353,359,360,361,362,:
364:89,93,94,95,365,366,367,368,369,370,371,372,373,439,455,456,:
365:88,89,90,93,94,95,364,366,367,368,369,370,371,372,453,455,456,:
366:364,365,367,368,369,370,371,372,373,374,376,426,432,439,456,:
367:364,365,366,368,369,370,371,372,373,374,375,376,377,381,426,445,455,456,:
368:93,94,364,365,366,367,369,370,371,372,373,374,375,376,381,382,445,455,456,457,459,:
369:89,364,365,366,367,368,370,371,372,373,376,417,425,426,:
370:88,89,90,93,364,365,366,367,368,369,371,372,373,375,376,486,:
371:88,89,92,93,364,365,366,367,368,369,370,372,373,374,375,376,381,485,486,:
372:364,365,366,367,368,369,370,371,373,374,375,376,377,378,380,381,382,426,445,:
373:364,366,367,368,369,370,371,372,374,375,376,377,378,379,380,416,417,422,423,424,425,426,432,:
374:14,366,367,368,371,372,373,375,376,377,378,379,380,381,382,383,391,:
375:14,367,368,370,371,372,373,374,376,377,378,381,382,383,384,386,389,390,391,:
376:89,366,367,368,369,370,371,372,373,374,375,377,381,382,383,384,390,391,415,421,485,:
377:27,367,372,373,374,375,376,378,379,380,381,382,391,394,414,423,:
378:372,373,374,375,377,379,380,422,423,426,:
379:373,374,377,378,380,414,422,423,427,:
380:334,372,373,374,377,378,379,445,:
381:14,27,367,368,371,372,374,375,376,377,382,383,384,385,386,387,388,389,390,391,:
382:2,3,11,12,14,27,33,34,368,372,374,375,376,377,381,383,384,386,387,388,389,390,391,:
383:92,374,375,376,381,382,384,385,386,387,388,389,390,391,392,485,:
384:375,376,381,382,383,385,386,387,388,389,390,391,392,393,394,395,398,421,:
385:381,383,384,386,387,388,390,391,392,393,395,398,421,478,480,:
386:33,216,217,218,375,381,382,383,384,385,387,388,389,390,391,:
387:11,12,14,33,34,207,216,217,218,381,382,383,384,385,386,388,389,390,391,:
388:12,33,34,207,208,215,216,217,218,258,381,382,383,384,385,386,387,389,:
389:14,91,92,93,96,102,217,375,381,382,383,384,386,387,388,459,:
390:27,375,376,381,382,383,384,385,386,387,391,392,393,394,395,396,397,398,399,421,:
391:2,27,374,375,376,377,381,382,383,384,385,386,387,390,392,393,394,395,396,397,398,399,:
392:27,383,384,385,390,391,393,394,395,396,397,398,399,400,405,421,:
393:384,385,390,391,392,394,395,396,397,398,399,400,401,402,403,404,405,406,413,414,419,421,:
394:377,384,390,391,392,393,395,396,397,399,400,401,402,405,406,408,413,414,415,419,421,:
395:27,61,384,385,390,391,392,393,394,396,397,398,399,402,405,:
396:1,2,26,27,390,391,392,393,394,395,397,398,399,402,:
397:1,2,26,27,30,390,391,392,393,394,395,396,398,399,400,401,402,:
398:27,34,74,75,384,385,390,391,392,393,395,396,397,:
399:390,391,392,393,394,395,396,397,400,401,402,403,404,405,406,413,414,419,421,:
400:392,393,394,397,399,401,402,403,404,405,406,407,408,412,413,414,419,:
401:393,394,397,399,400,402,403,404,405,406,407,408,410,411,412,413,414,:
402:393,394,395,396,397,399,400,401,403,405,406,407,412,414,:
403:53,55,56,57,84,86,87,393,399,400,401,402,404,405,406,407,:
404:52,53,54,57,84,86,393,399,400,401,403,405,:
405:54,57,58,60,392,393,394,395,399,400,401,402,403,404,:
406:393,394,399,400,401,402,403,407,408,409,410,411,412,413,414,:
407:83,400,401,402,403,406,408,409,410,411,412,413,414,415,423,:
408:394,400,401,406,407,409,410,411,412,413,414,415,416,418,419,422,423,:
409:406,407,408,410,411,413,414,415,416,417,418,419,422,423,:
410:401,406,407,408,409,411,412,413,414,428,:
411:17,22,401,406,407,408,409,410,412,413,414,423,428,429,:
412:400,401,402,406,407,408,410,411,413,414,:
413:393,394,399,400,401,406,407,408,409,410,411,412,414,415,416,417,418,419,421,422,423,:
414:377,379,393,394,399,400,401,402,406,407,408,409,410,411,412,413,415,416,418,419,421,422,423,:
415:376,394,407,408,409,413,414,416,417,418,419,420,421,422,423,424,:
416:373,408,409,413,414,415,417,418,419,422,423,424,425,426,427,:
417:369,373,409,413,415,416,418,422,423,424,425,426,:
418:408,409,413,414,415,416,417,419,420,421,422,423,:
419:393,394,399,400,408,409,413,414,415,416,418,420,421,:
420:415,418,419,421,:
421:376,384,385,390,392,393,394,399,413,414,415,418,419,420,483,484,485,486,:
422:373,378,379,408,409,413,414,415,416,417,418,423,424,425,426,427,428,430,:
423:373,377,378,379,407,408,409,411,413,414,415,416,417,418,422,424,425,426,427,428,429,430,:
424:373,415,416,417,422,423,425,426,427,428,429,430,432,:
425:369,373,416,417,422,423,424,426,427,428,431,432,:
426:366,367,369,372,373,378,416,417,422,423,424,425,427,431,432,437,:
427:379,416,422,423,424,425,426,428,429,430,437,:
428:410,411,422,423,424,425,427,429,430,:
429:22,312,411,423,424,427,428,430,:
430:422,423,424,427,428,429,:
431:425,426,432,433,434,435,436,437,438,439,:
432:366,373,424,425,426,431,433,434,435,436,437,438,439,445,:
433:431,432,434,435,436,437,438,439,440,:
434:328,431,432,433,435,436,437,438,439,440,441,443,445,:
435:327,328,329,330,331,332,431,432,433,434,436,437,438,439,440,441,443,445,:
436:311,431,432,433,434,435,437,438,439,:
437:309,311,426,427,431,432,433,434,435,436,438,:
438:328,431,432,433,434,435,436,437,439,440,441,442,443,444,445,:
439:364,366,431,432,433,434,435,436,438,440,441,442,443,445,:
440:328,331,433,434,435,438,439,441,442,443,444,445,:
441:331,434,435,438,439,440,442,443,444,445,446,447,:
442:438,439,440,441,443,444,446,447,:
443:434,435,438,439,440,441,442,444,445,455,456,:
444:342,343,349,438,440,441,442,443,445,446,452,453,455,456,457,:
445:332,367,368,372,380,432,434,435,438,439,440,441,443,444,:
446:441,442,444,447,448,449,450,451,452,453,:
447:441,442,446,448,449,450,451,452,453,:
448:343,346,446,447,449,450,451,452,453,454,458,:
449:346,446,447,448,450,451,452,:
450:446,447,448,449,451,:
451:446,447,448,449,450,452,453,454,455,457,458,:
452:444,446,447,448,449,451,453,454,455,456,457,458,459,460,:
453:94,95,365,444,446,447,448,451,452,454,455,456,457,458,459,:
454:228,448,451,452,453,455,456,457,458,459,460,461,:
455:93,94,95,364,365,367,368,443,444,451,452,453,454,456,457,458,459,461,:
456:93,94,95,364,365,366,367,368,443,444,452,453,454,455,457,459,:
457:94,368,444,451,452,453,454,455,456,458,459,460,461,:
458:228,346,347,448,451,452,453,454,455,457,459,460,461,:
459:14,368,389,452,453,454,455,456,457,458,460,461,:
460:228,257,259,347,348,452,454,457,458,459,461,:
461:13,255,256,257,258,259,347,348,454,455,457,458,459,460,:
462:463,464,465,466,467,468,469,:
463:462,464,465,466,467,468,469,470,:
464:68,69,70,71,72,73,462,463,465,466,467,468,469,470,:
465:69,71,73,74,462,463,464,466,467,468,469,:
466:71,73,74,75,203,204,205,207,462,463,464,465,467,468,469,470,:
467:70,72,73,118,462,463,464,465,466,468,469,470,471,472,:
468:118,462,463,464,465,466,467,469,470,471,472,:
469:200,201,462,463,464,465,466,467,468,470,471,472,:
470:118,127,130,190,463,464,466,467,468,469,471,472,:
471:118,127,130,190,200,467,468,469,470,472,:
472:117,118,125,127,130,467,468,469,470,471,:
473:216,218,474,475,476,477,478,479,:
474:215,216,218,473,475,476,477,478,:
475:218,473,474,476,477,478,479,480,:
476:473,474,475,477,478,479,:
477:101,102,211,473,474,475,476,478,479,:
478:218,385,473,474,475,476,477,479,480,481,482,:
479:473,475,476,477,478,480,481,482,483,485,:
480:92,102,385,475,478,479,481,482,483,484,485,486,487,488,:
481:92,478,479,480,482,483,484,485,486,487,488,489,:
482:478,479,480,481,483,484,485,487,488,489,:
483:92,421,479,480,481,482,484,485,486,487,488,489,:
484:89,91,92,421,480,481,482,483,485,486,487,488,489,:
485:88,89,91,92,371,376,383,421,479,480,481,482,483,484,486,487,489,:
486:88,89,92,370,371,421,480,481,483,484,485,487,488,489,:
487:480,481,482,483,484,485,486,488,489,:
488:480,481,482,483,484,486,487,489,:
489:481,482,483,484,485,486,487,488,:
