1:2,3,4,5,6,9,12,13,14,15,33,34,35,36,37,42,43,44,46,358,360,361,:
2:1,3,4,5,9,12,13,14,15,16,33,34,35,36,37,42,43,44,45,46,48,139,176,178,:
3:1,2,4,5,6,7,9,10,11,12,13,14,33,34,35,36,37,38,39,42,44,358,361,:
4:1,2,3,5,6,7,9,10,11,12,13,33,34,35,36,37,38,41,42,178,358,456,458,:
5:1,2,3,4,6,7,8,9,30,33,34,35,36,37,38,39,91,139,:
6:1,3,4,5,7,8,9,11,30,31,32,33,35,36,37,38,39,91,456,458,:
7:3,4,5,6,8,11,30,31,32,35,36,37,38,39,467,:
8:5,6,7,30,31,32,36,38,39,467,492,493,:
9:1,2,3,4,5,6,10,11,12,13,34,35,38,40,41,42,358,361,456,467,:
10:3,4,9,11,12,13,41,42,178,179,425,427,428,429,454,455,456,458,467,588,:
11:3,4,6,7,9,10,12,13,34,35,38,340,358,361,427,466,467,468,:
12:1,2,3,4,9,10,11,13,34,40,41,42,46,285,286,352,355,357,358,429,587,588,:
13:1,2,3,4,9,10,11,12,34,35,40,41,42,340,352,353,357,358,361,428,429,:
14:1,2,3,15,16,17,33,34,37,42,43,44,45,46,47,48,49,50,300,:
15:1,2,14,16,17,18,33,34,42,43,44,45,46,47,48,49,50,52,:
16:2,14,15,17,18,19,43,44,45,46,47,48,49,50,51,52,53,55,:
17:14,15,16,18,19,20,43,44,45,46,47,48,49,50,51,52,53,54,55,251,254,255,256,604,:
18:15,16,17,19,20,21,43,47,48,49,50,51,52,53,54,55,56,57,58,185,187,603,604,:
19:16,17,18,20,21,22,43,48,49,50,51,52,53,54,55,56,57,58,59,60,261,602,603,604,:
20:17,18,19,21,22,23,48,49,51,52,53,54,55,56,57,58,59,60,61,62,136,138,:
21:18,19,20,22,23,24,51,52,53,54,55,56,57,58,59,60,61,62,63,136,:
22:19,20,21,23,24,25,53,54,55,56,57,58,59,60,61,62,63,64,65,66,601,:
23:20,21,22,24,25,26,55,56,57,58,59,60,61,62,63,64,65,66,105,106,:
24:21,22,23,25,26,27,58,59,60,61,62,63,64,65,66,67,68,70,105,106,107,631,633,:
25:22,23,24,26,27,28,59,60,61,62,63,64,65,66,67,68,69,70,106,107,633,:
26:23,24,25,27,28,29,62,63,64,65,66,67,68,69,70,71,72,74,106,107,632,682,:
27:24,25,26,28,29,63,65,66,67,68,69,70,71,72,73,74,75,:
28:25,26,27,29,66,67,68,69,70,71,72,73,74,75,748,:
29:26,27,28,69,70,71,72,73,74,75,747,:
30:5,6,7,8,31,32,38,39,91,492,493,494,495,497,:
31:6,7,8,30,32,38,39,452,453,455,456,457,458,459,460,462,467,492,:
32:6,7,8,30,31,38,39,462,467,492,493,495,:
33:1,2,3,4,5,6,14,15,34,35,36,37,43,44,139,360,361,362,368,370,:
34:1,2,3,4,5,9,11,12,13,14,15,33,35,36,37,40,42,43,44,46,300,357,358,359,360,361,362,:
35:1,2,3,4,5,6,7,9,11,13,33,34,36,37,38,39,42,358,360,361,362,372,:
36:1,2,3,4,5,6,7,8,33,34,35,37,38,39,91,139,370,:
37:1,2,3,4,5,6,7,14,33,34,35,36,38,39,43,91,139,176,:
38:3,4,5,6,7,8,9,11,30,31,32,35,36,37,39,466,467,:
39:3,5,6,7,8,30,31,32,35,36,37,38,91,:
40:9,12,13,34,41,42,46,283,284,285,286,352,353,355,357,358,429,:
41:4,9,10,12,13,40,42,46,286,358,429,586,587,588,:
42:1,2,3,4,9,10,12,13,14,15,34,35,40,41,44,45,46,178,285,358,:
43:1,2,14,15,16,17,18,19,33,34,37,44,45,46,47,48,49,50,52,53,55,139,300,:
44:1,2,3,14,15,16,17,33,34,42,43,45,46,48,49,295,298,299,300,:
45:2,14,15,16,17,42,43,44,46,47,48,49,50,249,250,284,293,:
46:1,2,12,14,15,16,17,34,40,41,42,43,44,45,47,48,49,50,176,178,222,:
47:14,15,16,17,18,43,45,46,48,49,50,51,52,180,182,185,222,251,:
48:2,14,15,16,17,18,19,20,43,44,45,46,47,49,50,51,52,53,55,135,139,176,181,:
49:14,15,16,17,18,19,20,43,44,45,46,47,48,50,51,52,53,54,55,56,254,256,259,261,300,:
50:14,15,16,17,18,19,43,45,46,47,48,49,51,52,53,54,248,249,250,251,254,255,256,259,603,604,:
51:16,17,18,19,20,21,47,48,49,50,52,53,54,55,57,185,186,187,188,189,602,603,604,:
52:15,16,17,18,19,20,21,43,47,48,49,50,51,53,54,55,56,57,58,134,135,136,181,185,604,:
53:16,17,18,19,20,21,22,43,48,49,50,51,52,54,55,56,57,59,261,603,604,:
54:17,18,19,20,21,22,49,50,51,52,53,55,56,57,58,59,60,261,599,602,603,604,:
55:16,17,18,19,20,21,22,23,43,48,49,51,52,53,54,56,57,58,59,62,133,134,135,136,137,138,139,:
56:18,19,20,21,22,23,49,52,53,54,55,57,58,59,60,62,66,136,138,:
57:18,19,20,21,22,23,51,52,53,54,55,56,58,59,60,61,62,152,154,599,602,603,604,:
58:18,19,20,21,22,23,24,52,54,55,56,57,59,60,61,62,104,133,134,135,136,140,141,142,152,:
59:19,20,21,22,23,24,25,53,54,55,56,57,58,60,61,62,63,64,65,66,633,635,:
60:19,20,21,22,23,24,25,54,56,57,58,59,61,62,63,64,66,599,600,601,602,633,638,:
61:20,21,22,23,24,25,57,58,59,60,62,63,64,65,66,102,103,104,105,649,651,:
62:20,21,22,23,24,25,26,55,56,57,58,59,60,61,63,64,65,66,102,104,105,106,107,136,138,:
63:21,22,23,24,25,26,27,59,60,61,62,64,65,66,67,68,70,601,630,631,632,633,637,638,639,:
64:22,23,24,25,26,59,60,61,62,63,65,66,67,68,105,106,107,632,637,639,649,684,:
65:22,23,24,25,26,27,59,61,62,63,64,66,67,68,69,70,105,106,107,758,759,:
66:22,23,24,25,26,27,28,56,59,60,61,62,63,64,65,67,68,69,70,633,634,635,:
67:24,25,26,27,28,63,64,65,66,68,69,70,71,72,107,631,632,633,678,682,683,684,:
68:24,25,26,27,28,63,64,65,66,67,69,70,71,72,74,105,106,107,682,683,684,751,752,756,:
69:25,26,27,28,29,65,66,67,68,70,71,72,73,74,75,753,756,758,:
70:24,25,26,27,28,29,63,65,66,67,68,69,71,72,73,74,75,633,634,636,:
71:26,27,28,29,67,68,69,70,72,73,74,75,632,673,677,678,:
72:26,27,28,29,67,68,69,70,71,73,74,75,679,682,745,746,748,751,752,:
73:27,28,29,69,70,71,72,74,75,675,719,747,783,:
74:26,27,28,29,68,69,70,71,72,73,75,746,747,751,753,:
75:27,28,29,69,70,71,72,73,74,:
76:77,78,79,80,81,82,83,84,536,538,539,:
77:76,78,79,80,81,83,84,536,538,539,:
78:76,77,79,80,81,82,83,84,85,539,:
79:76,77,78,80,81,82,83,84,535,536,537,538,539,:
80:76,77,78,79,81,82,83,84,85,535,536,538,539,:
81:76,77,78,79,80,82,83,84,85,86,87,88,499,539,:
82:76,78,79,80,81,83,84,85,86,88,497,498,499,500,535,539,:
83:76,77,78,79,80,81,82,84,85,86,87,88,89,90,92,93,539,:
84:76,77,78,79,80,81,82,83,85,86,87,88,90,539,:
85:78,80,81,82,83,84,86,87,88,89,90,91,92,93,94,499,:
86:81,82,83,84,85,87,88,89,90,92,93,94,95,96,97,:
87:81,83,84,85,86,88,89,90,92,93,94,95,97,759,:
88:81,82,83,84,85,86,87,89,90,91,92,93,:
89:83,85,86,87,88,90,91,92,93,96,:
90:83,84,85,86,87,88,89,91,92,:
91:5,6,30,36,37,39,85,88,89,90,137,139,:
92:83,85,86,87,88,89,90,93,94,95,96,97,98,99,100,101,:
93:83,85,86,87,88,89,92,94,95,96,97,98,99,126,130,:
94:85,86,87,92,93,95,96,97,98,99,100,101,102,109,126,759,:
95:86,87,92,93,94,96,97,98,99,100,101,102,103,104,105,108,109,125,126,132,759,:
96:86,89,92,93,94,95,97,98,100,101,102,103,104,108,109,125,126,127,128,130,131,132,133,136,137,138,759,:
97:86,87,92,93,94,95,96,98,99,100,101,109,126,:
98:92,93,94,95,96,97,99,100,101,108,109,113,125,126,127,130,:
99:92,93,94,95,97,98,108,109,113,125,126,130,:
100:92,94,95,96,97,98,101,102,103,104,105,106,107,108,109,126,132,759,:
101:92,94,95,96,97,98,100,102,103,105,106,107,108,109,686,759,:
102:61,62,94,95,96,100,101,103,104,105,106,107,108,109,110,126,132,:
103:61,95,96,100,101,102,104,105,106,108,109,110,111,112,113,125,126,131,132,140,141,651,:
104:58,61,62,95,96,100,102,103,105,108,109,110,111,112,125,126,131,132,133,134,136,140,141,142,145,651,:
105:23,24,61,62,64,65,68,95,100,101,102,103,104,106,107,108,109,651,684,685,686,:
106:23,24,25,26,62,64,65,68,100,101,102,103,105,107,684,685,686,752,756,759,:
107:24,25,26,62,64,65,67,68,100,101,102,105,106,683,684,685,686,687,752,756,:
108:95,96,98,99,100,101,102,103,104,105,109,110,111,112,113,114,125,126,132,141,:
109:94,95,96,97,98,99,100,101,102,103,104,105,108,110,111,113,114,115,125,126,:
110:102,103,104,108,109,111,112,113,114,115,125,126,127,132,141,:
111:103,104,108,109,110,112,113,114,125,126,127,128,129,130,131,132,140,141,157,:
112:103,104,108,110,111,113,125,126,127,128,129,131,132,140,141,142,143,145,156,157,158,161,:
113:98,99,103,108,109,110,111,112,114,115,116,117,125,126,:
114:108,109,110,111,113,115,116,117,118,120,:
115:109,110,113,114,116,117,118,119,120,121,122,123,:
116:113,114,115,117,118,119,120,121,122,123,124,:
117:113,114,115,116,118,119,120,122,123,124,:
118:114,115,116,117,119,120,121,122,123,124,:
119:115,116,117,118,120,121,122,123,124,:
120:114,115,116,117,118,119,121,122,124,:
121:115,116,118,119,120,122,123,124,:
122:115,116,117,118,119,120,121,123,124,:
123:115,116,117,118,119,121,122,124,:
124:116,117,118,119,120,121,122,123,:
125:95,96,98,99,103,104,108,109,110,111,112,113,126,127,128,129,130,131,132,141,157,:
126:93,94,95,96,97,98,99,100,102,103,104,108,109,110,111,112,113,125,127,128,130,131,132,141,:
127:96,98,110,111,112,125,126,128,129,130,131,132,133,141,157,:
128:96,111,112,125,126,127,129,130,131,132,133,134,135,136,140,141,156,157,169,:
129:111,112,125,127,128,130,131,132,133,134,135,140,141,156,157,158,159,161,168,169,170,173,:
130:93,96,98,99,111,125,126,127,128,129,131,132,:
131:96,103,104,111,112,125,126,127,128,129,130,132,133,134,135,136,137,140,141,157,169,:
132:95,96,100,102,103,104,108,110,111,112,125,126,127,128,129,130,131,133,134,136,137,140,141,:
133:55,58,96,104,127,128,129,131,132,134,135,136,137,138,139,140,141,142,157,169,:
134:52,55,58,104,128,129,131,132,133,135,136,137,140,141,142,143,144,145,156,157,168,169,180,181,:
135:48,52,55,58,128,129,131,133,134,136,140,141,142,143,144,156,157,168,169,170,171,173,180,181,182,185,:
136:20,21,52,55,56,58,62,96,104,128,131,132,133,134,135,137,138,139,140,141,:
137:55,91,96,131,132,133,134,136,138,139,:
138:20,55,56,62,96,133,136,137,139,759,:
139:2,5,33,36,37,43,48,55,91,133,136,137,138,:
140:58,103,104,111,112,128,129,131,132,133,134,135,136,141,142,143,144,145,146,156,157,169,181,:
141:58,103,104,108,110,111,112,125,126,127,128,129,131,132,133,134,135,136,140,142,143,145,156,157,:
142:58,104,112,133,134,135,140,141,143,144,145,146,147,148,152,156,157,158,169,181,:
143:112,134,135,140,141,142,144,145,146,147,156,157,158,159,160,161,168,169,180,181,198,:
144:134,135,140,142,143,145,146,147,156,157,158,159,160,168,169,180,181,182,183,185,197,198,199,202,:
145:104,112,134,140,141,142,143,144,146,147,148,149,151,152,156,157,:
146:140,142,143,144,145,147,148,149,150,151,152,153,154,156,:
147:142,143,144,145,146,148,149,150,151,152,153,:
148:142,145,146,147,149,150,151,152,153,154,155,:
149:145,146,147,148,150,151,152,153,155,:
150:146,147,148,149,151,153,:
151:145,146,147,148,149,150,152,153,154,155,192,:
152:57,58,142,145,146,147,148,149,151,153,154,155,:
153:146,147,148,149,150,151,152,154,155,191,192,193,615,616,617,618,619,621,:
154:57,146,148,151,152,153,155,600,601,602,:
155:148,149,151,152,153,154,191,192,611,615,616,617,618,:
156:112,128,129,134,135,140,141,142,143,144,145,146,157,158,159,160,161,162,163,168,169,181,198,:
157:111,112,125,127,128,129,131,133,134,135,140,141,142,143,144,145,156,158,159,161,162,168,169,181,:
158:112,129,142,143,144,156,157,159,160,161,162,163,164,165,167,168,169,170,181,198,:
159:129,143,144,156,157,158,160,161,162,168,169,170,171,172,173,180,181,197,198,202,206,:
160:143,144,156,158,159,161,162,167,168,169,170,171,172,180,181,183,197,198,199,200,202,205,206,210,211,:
161:112,129,143,156,157,158,159,160,162,163,164,165,167,168,169,:
162:156,157,158,159,160,161,163,164,165,166,167,:
163:156,158,161,162,164,165,166,167,:
164:158,161,162,163,165,166,167,:
165:158,161,162,163,164,166,167,202,204,:
166:162,163,164,165,167,202,203,204,:
167:158,160,161,162,163,164,165,166,202,203,204,:
168:129,134,135,143,144,156,157,158,159,160,161,169,170,171,172,173,174,180,181,198,206,:
169:128,129,131,133,134,135,140,142,143,144,156,157,158,159,160,161,168,170,171,173,180,181,198,:
170:129,135,158,159,160,168,169,171,172,173,174,175,176,180,181,182,198,206,563,:
171:135,159,160,168,169,170,172,173,174,175,176,180,181,182,183,184,185,197,198,205,206,215,:
172:159,160,168,170,171,173,174,175,180,181,182,183,184,197,198,200,205,206,207,208,210,214,215,219,220,222,:
173:129,135,159,168,169,170,171,172,174,175,176,177,178,180,181,563,:
174:168,170,171,172,173,175,176,177,178,179,180,:
175:170,171,172,173,174,176,177,178,179,458,561,562,:
176:2,37,46,48,170,171,173,174,175,177,178,179,458,:
177:173,174,175,176,178,179,458,560,570,572,:
178:2,4,10,42,46,173,174,175,176,177,179,222,456,458,:
179:10,174,175,176,177,178,222,456,458,570,587,588,:
180:47,134,135,143,144,159,160,168,169,170,171,172,173,174,181,182,183,184,185,186,197,198,206,215,:
181:48,52,134,135,140,142,143,144,156,157,158,159,160,168,169,170,171,172,173,180,182,183,185,197,198,:
182:47,135,144,170,171,172,180,181,183,184,185,186,187,197,198,199,206,215,:
183:144,160,171,172,180,181,182,184,185,186,197,198,199,200,201,202,205,206,214,215,224,:
184:171,172,180,182,183,185,186,197,198,199,200,201,205,206,214,215,216,217,219,223,224,225,228,229,252,:
185:18,47,51,52,135,144,171,180,181,182,183,184,186,187,188,192,197,198,:
186:51,180,182,183,184,185,187,188,189,190,191,192,197,198,251,252,604,:
187:18,51,182,185,186,188,189,190,191,192,193,194,195,602,603,604,:
188:51,185,186,187,189,190,191,192,193,194,195,196,602,603,604,:
189:51,186,187,188,190,191,192,194,195,196,253,255,598,602,603,604,:
190:186,187,188,189,191,192,193,194,195,196,604,:
191:153,155,186,187,188,189,190,192,193,194,195,196,620,:
192:151,153,155,185,186,187,188,189,190,191,193,194,196,:
193:153,187,188,190,191,192,194,195,196,615,619,620,621,:
194:187,188,189,190,191,192,193,195,196,234,:
195:187,188,189,190,191,193,194,196,234,:
196:188,189,190,191,192,193,194,195,231,232,234,613,614,619,620,:
197:144,159,160,171,172,180,181,182,183,184,185,186,198,199,200,201,202,203,205,206,215,224,:
198:143,144,156,158,159,160,168,169,170,171,172,180,181,182,183,184,185,186,197,199,200,202,203,205,206,:
199:144,160,182,183,184,197,198,200,201,202,203,204,205,206,207,215,224,:
200:160,172,183,184,197,198,199,201,202,203,204,205,206,207,208,209,210,214,215,223,224,:
201:183,184,197,199,200,202,203,205,206,207,208,209,214,215,223,224,225,226,228,:
202:144,159,160,165,166,167,183,197,198,199,200,201,203,204,205,206,:
203:166,167,197,198,199,200,201,202,204,205,206,:
204:165,166,167,199,200,202,203,:
205:160,171,172,183,184,197,198,199,200,201,202,203,206,207,208,209,210,211,214,215,224,:
206:159,160,168,170,171,172,180,182,183,184,197,198,199,200,201,202,203,205,207,208,210,211,214,215,:
207:172,199,200,201,205,206,208,209,210,211,214,215,216,224,:
208:172,200,201,205,206,207,209,210,211,214,215,216,217,218,219,223,224,:
209:200,201,205,207,208,210,214,215,216,217,218,223,224,576,:
210:160,172,200,205,206,207,208,209,211,212,214,215,:
211:160,205,206,207,208,210,212,213,:
212:210,211,213,559,560,561,:
213:211,212,561,:
214:172,183,184,200,201,205,206,207,208,209,210,215,216,217,218,219,220,221,223,224,:
215:171,172,180,182,183,184,197,199,200,201,205,206,207,208,209,210,214,216,217,219,220,222,223,224,:
216:184,207,208,209,214,215,217,218,219,220,221,222,223,224,225,:
217:184,208,209,214,215,216,218,219,220,221,223,224,225,226,227,228,:
218:208,209,214,216,217,219,221,223,224,225,226,227,:
219:172,184,208,214,215,216,217,218,220,221,222,223,224,252,:
220:172,214,215,216,217,219,221,222,:
221:214,216,217,218,219,220,222,223,224,252,291,:
222:46,47,172,178,179,215,216,219,220,221,587,:
223:184,200,201,208,209,214,215,216,217,218,219,221,224,225,226,227,228,229,230,:
224:183,184,197,199,200,201,205,207,208,209,214,215,216,217,218,219,221,223,225,226,228,229,230,:
225:184,201,216,217,218,223,224,226,227,228,229,230,:
226:201,217,218,223,224,225,227,228,229,:
227:217,218,223,225,226,228,:
228:184,201,217,223,224,225,226,227,229,230,231,:
229:184,223,224,225,226,228,230,231,232,252,:
230:223,224,225,228,229,231,232,233,234,235,252,253,:
231:196,228,229,230,232,233,234,235,:
232:196,229,230,231,233,234,235,:
233:230,231,232,234,235,:
234:194,195,196,230,231,232,233,235,243,:
235:230,231,232,233,234,:
236:237,238,239,240,241,242,243,244,247,253,278,280,:
237:236,238,239,240,241,242,244,247,253,273,277,278,279,280,:
238:236,237,239,240,241,242,243,244,247,248,253,280,:
239:236,237,238,240,241,242,247,248,249,250,251,252,253,254,255,263,264,272,273,278,280,:
240:236,237,238,239,241,247,248,249,250,253,254,255,257,263,264,265,266,268,272,273,274,277,278,279,280,282,:
241:236,237,238,239,240,242,243,244,245,246,247,268,:
242:236,237,238,239,241,243,244,245,246,:
243:234,236,238,241,242,244,245,246,:
244:236,237,238,241,242,243,245,246,:
245:241,242,243,244,246,:
246:241,242,243,244,245,:
247:236,237,238,239,240,241,248,249,250,251,252,253,254,255,264,273,:
248:50,238,239,240,247,249,250,251,252,253,254,255,256,273,282,289,:
249:45,50,239,240,247,248,250,251,252,253,254,255,256,257,258,259,263,264,272,273,281,282,:
250:45,50,239,240,247,248,249,251,254,255,256,257,258,263,264,272,273,274,275,281,282,283,284,286,289,293,294,:
251:17,47,50,186,239,247,248,249,250,252,253,254,255,:
252:184,186,219,221,229,230,239,247,248,249,251,253,255,:
253:189,230,236,237,238,239,240,247,248,249,251,252,255,:
254:17,49,50,239,240,247,248,249,250,251,255,256,257,258,259,260,263,264,273,282,604,:
255:17,50,189,239,240,247,248,249,250,251,252,253,254,256,257,259,263,264,603,604,:
256:17,49,50,248,249,250,254,255,257,258,259,260,261,262,263,264,265,273,282,294,298,:
257:240,249,250,254,255,256,258,259,260,263,264,265,266,267,268,272,273,282,293,294,298,:
258:249,250,254,256,257,259,260,263,264,265,266,267,272,273,281,282,293,294,295,298,:
259:49,50,249,254,255,256,257,258,260,261,262,263,264,598,603,604,:
260:254,256,257,258,259,261,262,263,298,:
261:19,49,53,54,256,259,260,262,298,299,300,301,302,303,:
262:256,259,260,261,589,590,591,592,593,597,598,:
263:239,240,249,250,254,255,256,257,258,259,260,264,265,266,267,268,269,272,273,282,:
264:239,240,247,249,250,254,255,256,257,258,259,263,265,266,268,272,273,:
265:240,256,257,258,263,264,266,267,268,269,272,273,274,:
266:240,257,258,263,264,265,267,268,269,272,273,274,275,277,279,281,282,294,:
267:257,258,263,265,266,268,269,272,273,274,275,276,:
268:240,241,257,263,264,265,266,267,269,270,271,272,273,:
269:263,265,266,267,268,270,271,272,273,:
270:268,269,271,:
271:268,269,270,:
272:239,240,249,250,257,258,263,264,265,266,267,268,269,273,274,275,276,277,278,279,280,281,282,294,:
273:237,239,240,247,248,249,250,254,256,257,258,263,264,265,266,267,268,269,272,274,275,277,278,279,280,281,282,:
274:240,250,265,266,267,272,273,275,276,277,278,279,280,281,282,283,:
275:250,266,267,272,273,274,276,277,278,281,282,283,284,286,287,288,289,293,294,:
276:267,272,274,275,277,281,282,283,284,286,287,288,294,320,:
277:237,240,266,272,273,274,275,276,278,279,280,281,282,289,291,:
278:236,237,239,240,272,273,274,275,277,279,280,:
279:237,240,266,272,273,274,277,278,280,:
280:236,237,238,239,240,272,273,274,277,278,279,:
281:249,250,258,266,272,273,274,275,276,277,282,283,284,285,286,287,288,289,293,294,:
282:240,248,249,250,254,256,257,258,263,266,272,273,274,275,276,277,281,283,284,286,287,289,293,294,:
283:40,250,274,275,276,281,282,284,285,286,287,288,289,293,294,295,305,:
284:40,45,250,275,276,281,282,283,285,286,287,293,294,295,296,298,304,305,316,:
285:12,40,42,281,283,284,286,293,294,295,296,304,305,316,352,353,354,355,357,358,359,:
286:12,40,41,250,275,276,281,282,283,284,285,287,288,289,290,291,293,294,:
287:275,276,281,282,283,284,286,288,289,290,291,292,:
288:275,276,281,283,286,287,289,290,291,292,585,:
289:248,250,275,277,281,282,283,286,287,288,290,291,292,:
290:286,287,288,289,291,292,388,389,:
291:221,277,286,287,288,289,290,292,:
292:287,288,289,290,291,:
293:45,250,257,258,275,281,282,283,284,285,286,294,295,296,297,298,299,304,305,:
294:250,256,257,258,266,272,275,276,281,282,283,284,285,286,293,295,296,298,304,305,:
295:44,258,283,284,285,293,294,296,297,298,299,300,301,303,304,305,306,359,:
296:284,285,293,294,295,297,298,299,300,301,303,304,305,306,307,309,315,316,354,359,:
297:293,295,296,298,299,300,301,302,303,304,305,306,309,316,354,359,363,:
298:44,256,257,258,260,261,284,293,294,295,296,297,299,300,301,302,303,304,305,:
299:44,261,293,295,296,297,298,300,301,302,303,:
300:14,34,43,44,49,261,295,296,297,298,299,301,302,303,363,:
301:261,295,296,297,298,299,300,302,303,:
302:261,297,298,299,300,301,303,:
303:261,295,296,297,298,299,300,301,302,:
304:284,285,293,294,295,296,297,298,305,306,307,308,309,310,314,315,316,354,:
305:283,284,285,293,294,295,296,297,298,304,306,307,308,309,315,316,317,354,:
306:295,296,297,304,305,307,308,309,310,311,312,313,314,315,316,317,354,:
307:296,304,305,306,308,309,310,312,313,314,315,316,317,318,320,354,:
308:304,305,306,307,309,310,311,312,313,314,315,316,317,318,320,:
309:296,297,304,305,306,307,308,310,311,312,313,314,315,:
310:304,306,307,308,309,311,312,313,314,:
311:306,308,309,310,312,313,314,:
312:306,307,308,309,310,311,313,314,315,:
313:306,307,308,309,310,311,312,314,:
314:304,306,307,308,309,310,311,312,313,315,316,:
315:296,304,305,306,307,308,309,312,314,316,317,318,319,320,321,354,:
316:284,285,296,297,304,305,306,307,308,314,315,317,318,319,320,352,353,354,355,:
317:305,306,307,308,315,316,318,319,320,321,322,323,:
318:307,308,315,316,317,319,320,321,322,351,354,355,:
319:315,316,317,318,320,321,322,329,330,336,337,350,351,352,353,354,355,356,397,:
320:276,307,308,315,316,317,318,319,321,322,323,324,325,355,:
321:315,317,318,319,320,322,323,324,325,326,:
322:317,318,319,320,321,323,324,325,326,327,328,389,:
323:317,320,321,322,324,325,326,327,:
324:320,321,322,323,325,326,327,328,386,387,389,391,:
325:320,321,322,323,324,326,327,328,389,:
326:321,322,323,324,325,327,328,389,:
327:322,323,324,325,326,328,:
328:322,324,325,326,327,386,:
329:319,330,331,332,333,334,335,336,337,351,396,397,398,:
330:319,329,331,332,334,335,336,337,351,395,396,397,398,:
331:329,330,332,333,334,335,336,337,338,397,398,:
332:329,330,331,333,334,336,337,338,339,341,342,344,350,351,397,:
333:329,331,332,334,336,337,338,339,341,342,344,378,379,:
334:329,330,331,332,333,335,336,337,344,398,:
335:329,330,331,334,:
336:319,329,330,331,332,333,334,337,338,339,340,341,342,344,350,351,396,397,398,:
337:319,329,330,331,332,333,334,336,338,339,341,342,344,350,351,396,397,398,:
338:331,332,333,336,337,339,340,341,342,343,344,350,351,352,397,:
339:332,333,336,337,338,340,341,342,350,351,352,353,354,355,357,358,375,397,428,:
340:11,13,336,338,339,341,350,351,352,353,357,358,361,375,428,468,:
341:332,333,336,337,338,339,340,342,343,344,345,346,350,351,394,397,428,430,431,432,:
342:332,333,336,337,338,339,341,343,344,345,346,347,432,435,:
343:338,341,342,344,345,346,347,348,378,379,468,:
344:332,333,334,336,337,338,341,342,343,345,346,347,348,349,435,:
345:341,342,343,344,346,347,348,349,378,379,517,:
346:341,342,343,344,345,347,348,349,:
347:342,343,344,345,346,348,349,:
348:343,344,345,346,347,349,:
349:344,345,346,347,348,:
350:319,332,336,337,338,339,340,341,351,352,353,354,355,356,357,358,397,428,429,:
351:318,319,329,330,332,336,337,338,339,340,341,350,352,353,354,355,356,396,397,:
352:12,13,40,285,316,319,338,339,340,350,351,353,354,355,356,357,358,359,428,429,:
353:13,40,285,316,319,339,340,350,351,352,354,355,357,358,359,360,361,:
354:285,296,297,304,305,306,307,315,316,318,319,339,350,351,352,353,355,357,358,359,:
355:12,40,285,316,318,319,320,339,350,351,352,353,354,356,357,358,428,429,:
356:319,350,351,352,355,385,392,397,424,428,429,:
357:12,13,34,40,285,339,340,350,352,353,354,355,358,359,360,361,362,363,:
358:1,3,4,9,11,12,13,34,35,40,41,42,285,339,340,350,352,353,354,355,357,359,360,361,362,:
359:34,285,295,296,297,352,353,354,357,358,360,361,362,363,364,:
360:1,33,34,35,353,357,358,359,361,362,363,364,365,366,367,371,372,:
361:1,3,9,11,13,33,34,35,340,353,357,358,359,360,362,363,364,365,366,371,372,375,:
362:33,34,35,357,358,359,360,361,363,364,365,366,367,368,370,371,372,:
363:297,300,357,359,360,361,362,364,365,366,367,368,:
364:359,360,361,362,363,365,366,367,368,369,370,371,372,373,:
365:360,361,362,363,364,366,367,368,371,372,373,374,375,:
366:360,361,362,363,364,365,367,371,372,373,374,375,:
367:360,362,363,364,365,366,368,369,370,371,372,:
368:33,362,363,364,365,367,369,370,:
369:364,367,368,370,796,797,798,799,:
370:33,36,362,364,367,368,369,:
371:360,361,362,364,365,366,367,372,373,374,375,376,377,:
372:35,360,361,362,364,365,366,367,371,373,374,375,:
373:364,365,366,371,372,374,375,376,377,378,:
374:365,366,371,372,373,375,376,377,378,379,380,:
375:339,340,361,365,366,371,372,373,374,376,377,378,468,:
376:371,373,374,375,377,378,379,380,:
377:371,373,374,375,376,378,379,380,:
378:333,343,345,373,374,375,376,377,379,380,:
379:333,343,345,374,376,377,378,380,:
380:374,376,377,378,379,:
381:382,383,384,385,386,387,390,391,400,417,:
382:381,383,384,386,390,391,:
383:381,382,384,385,386,387,388,389,390,391,392,400,417,:
384:381,382,383,385,386,387,388,390,391,392,393,394,395,399,400,416,417,421,424,:
385:356,381,383,384,386,387,388,390,391,392,393,394,399,400,402,416,417,418,419,421,422,423,424,429,:
386:324,328,381,382,383,384,385,387,388,389,390,391,:
387:324,381,383,384,385,386,388,389,390,391,:
388:290,383,384,385,386,387,389,583,584,:
389:290,322,324,325,326,383,386,387,388,:
390:381,382,383,384,385,386,387,391,392,393,394,395,396,399,400,417,424,:
391:324,381,382,383,384,385,386,387,390,392,393,395,396,399,400,:
392:356,383,384,385,390,391,393,394,395,396,397,398,399,400,401,417,424,:
393:384,385,390,391,392,394,395,396,397,399,400,401,402,403,404,416,417,423,424,431,:
394:341,384,385,390,392,393,395,396,397,399,400,401,402,403,416,417,423,424,425,426,428,430,431,432,435,:
395:330,384,390,391,392,393,394,396,397,398,399,400,:
396:329,330,336,337,351,390,391,392,393,394,395,397,398,:
397:319,329,330,331,332,336,337,338,339,341,350,351,356,392,393,394,395,396,398,:
398:329,330,331,334,336,337,392,395,396,397,:
399:384,385,390,391,392,393,394,395,400,401,402,403,404,405,416,417,424,431,:
400:381,383,384,385,390,391,392,393,394,395,399,401,402,404,405,416,417,:
401:392,393,394,399,400,402,403,404,405,406,416,417,418,424,431,441,:
402:385,393,394,399,400,401,403,404,405,416,417,418,419,420,421,423,424,430,431,440,441,446,:
403:393,394,399,401,402,404,416,417,418,419,420,423,424,430,431,432,433,435,440,441,442,445,446,447,450,:
404:393,399,400,401,402,403,405,406,407,408,416,417,:
405:399,400,401,402,404,406,407,408,409,413,414,:
406:401,404,405,407,408,409,410,411,413,414,415,:
407:404,405,406,408,409,410,411,412,413,414,415,:
408:404,405,406,407,409,410,411,412,413,414,:
409:405,406,407,408,410,411,412,413,414,415,:
410:406,407,408,409,411,412,413,414,415,:
411:406,407,408,409,410,412,413,415,:
412:407,408,409,410,411,413,414,415,:
413:405,406,407,408,409,410,411,412,414,415,:
414:405,406,407,408,409,410,412,413,415,:
415:406,407,409,410,411,412,413,414,:
416:384,385,393,394,399,400,401,402,403,404,417,418,419,420,421,422,423,424,431,441,:
417:381,383,384,385,390,392,393,394,399,400,401,402,403,404,416,418,419,421,422,423,424,:
418:385,401,402,403,416,417,419,420,421,422,423,424,425,441,:
419:385,402,403,416,417,418,420,421,423,424,425,426,427,428,430,431,440,441,450,:
420:402,403,416,418,419,421,423,424,425,426,427,430,431,440,441,442,443,445,449,450,451,454,:
421:384,385,402,416,417,418,419,420,422,423,424,584,586,:
422:385,416,417,418,421,577,:
423:385,393,394,402,403,416,417,418,419,420,421,424,425,426,427,428,429,430,431,441,450,:
424:356,384,385,390,392,393,394,399,401,402,403,416,417,418,419,420,421,423,425,426,428,429,430,431,:
425:10,394,418,419,420,423,424,426,427,428,429,430,431,432,441,450,:
426:394,419,420,423,424,425,427,428,430,431,432,433,434,435,440,441,449,450,454,461,:
427:10,11,419,420,423,425,426,428,430,431,432,433,434,440,441,449,450,451,452,454,460,461,462,465,466,467,468,:
428:10,13,339,340,341,350,352,355,356,394,419,423,424,425,426,427,429,430,431,:
429:10,12,13,40,41,350,352,355,356,385,423,424,425,428,586,588,:
430:341,394,402,403,419,420,423,424,425,426,427,428,431,432,433,434,435,436,440,441,450,461,:
431:341,393,394,399,401,402,403,416,419,420,423,424,425,426,427,428,430,432,433,435,440,441,:
432:341,342,394,403,425,426,427,430,431,433,434,435,436,437,438,440,441,442,450,461,:
433:403,426,427,430,431,432,434,435,436,437,438,440,441,442,443,444,445,449,450,460,461,470,477,479,:
434:426,427,430,432,433,435,436,437,438,440,441,442,443,444,449,450,460,461,462,463,465,469,470,471,474,475,476,477,478,479,:
435:342,344,394,403,426,430,431,432,433,434,436,437,438,439,440,441,:
436:430,432,433,434,435,437,438,439,440,477,478,:
437:432,433,434,435,436,438,439,477,478,479,:
438:432,433,434,435,436,437,439,440,441,442,477,478,479,:
439:435,436,437,438,478,:
440:402,403,419,420,426,427,430,431,432,433,434,435,436,438,441,442,443,444,445,446,447,448,449,450,461,470,479,:
441:401,402,403,416,418,419,420,423,425,426,427,430,431,432,433,434,435,438,440,442,443,445,446,447,449,450,:
442:403,420,432,433,434,438,440,441,443,444,445,446,447,448,449,450,451,461,470,479,:
443:420,433,434,440,441,442,444,445,446,448,449,450,451,452,453,454,460,461,469,470,481,:
444:433,434,440,442,443,445,448,449,450,451,452,453,460,461,469,470,471,472,474,480,481,482,485,:
445:403,420,433,440,441,442,443,444,446,447,448,449,450,:
446:402,403,440,441,442,443,445,447,448,:
447:403,440,441,442,445,446,448,:
448:440,442,443,444,445,446,447,449,450,:
449:420,426,427,433,434,440,441,442,443,444,445,448,450,451,452,453,454,455,460,461,470,481,:
450:403,419,420,423,425,426,427,430,432,433,434,440,441,442,443,444,445,448,449,451,452,454,460,461,:
451:420,427,442,443,444,449,450,452,453,454,455,456,457,460,461,462,470,481,:
452:31,427,443,444,449,450,451,453,454,455,457,460,461,462,463,464,465,467,469,470,480,481,488,:
453:31,443,444,449,451,452,454,455,457,460,461,462,463,464,469,470,480,481,482,483,485,487,488,489,492,:
454:10,420,426,427,443,449,450,451,452,453,455,456,457,458,459,460,461,570,:
455:10,31,449,451,452,453,454,456,457,458,459,460,461,570,:
456:4,6,9,10,31,178,179,451,454,455,457,458,459,570,:
457:31,451,452,453,454,455,456,458,459,552,553,564,570,:
458:4,6,10,31,175,176,177,178,179,454,455,456,457,459,564,:
459:31,454,455,456,457,458,553,556,558,562,564,:
460:31,427,433,434,443,444,449,450,451,452,453,454,455,461,462,463,464,465,466,467,469,470,481,488,:
461:426,427,430,432,433,434,440,442,443,444,449,450,451,452,453,454,455,460,462,463,465,466,467,468,469,470,:
462:31,32,427,434,451,452,453,460,461,463,464,465,466,467,468,469,470,471,481,488,:
463:434,452,453,460,461,462,464,465,466,469,470,471,472,473,474,480,481,487,488,502,507,509,510,:
464:452,453,460,462,463,465,469,470,471,472,473,480,481,487,488,489,490,492,501,502,503,506,507,508,509,510,:
465:427,434,452,460,461,462,463,464,466,467,468,469,470,510,516,:
466:11,38,427,460,461,462,463,465,467,468,:
467:7,8,9,10,11,31,32,38,427,452,460,461,462,465,466,468,:
468:11,340,343,375,427,461,462,465,466,467,:
469:434,443,444,452,453,460,461,462,463,464,465,470,471,472,473,474,475,476,477,480,481,488,502,:
470:433,434,440,442,443,444,449,451,452,453,460,461,462,463,464,465,469,471,472,474,475,476,477,479,480,481,:
471:434,444,462,463,464,469,470,472,473,474,475,476,477,479,480,481,482,488,502,508,:
472:444,463,464,469,470,471,473,474,475,480,481,482,483,484,485,487,488,501,502,519,:
473:463,464,469,471,472,474,480,481,482,483,484,487,488,501,502,503,504,506,518,519,520,523,524,525,526,:
474:434,444,463,469,470,471,472,473,475,476,477,478,479,480,481,:
475:434,469,470,471,472,474,476,477,478,479,512,513,:
476:434,469,470,471,474,475,477,478,479,508,509,511,512,513,514,515,517,:
477:433,434,436,437,438,469,470,471,474,475,476,478,479,:
478:434,436,437,438,439,474,475,476,477,479,:
479:433,434,437,438,440,442,470,471,474,475,476,477,478,:
480:444,452,453,463,464,469,470,471,472,473,474,481,482,483,484,485,487,488,502,519,:
481:443,444,449,451,452,453,460,462,463,464,469,470,471,472,473,474,480,482,483,485,487,488,502,:
482:444,453,471,472,473,480,481,483,484,485,486,487,488,489,502,519,555,:
483:453,472,473,480,481,482,484,485,486,487,488,489,490,491,492,501,502,518,519,555,:
484:472,473,480,482,483,485,486,487,488,489,490,491,501,502,518,519,520,521,523,555,:
485:444,453,472,480,481,482,483,484,486,487,488,554,555,:
486:482,483,484,485,551,554,555,:
487:453,463,464,472,473,480,481,482,483,484,485,488,489,490,491,492,493,501,502,519,:
488:452,453,460,462,463,464,469,471,472,473,480,481,482,483,484,485,487,489,490,492,501,502,:
489:453,464,482,483,484,487,488,490,491,492,493,494,495,501,502,503,519,:
490:464,483,484,487,488,489,491,492,493,494,495,501,502,503,504,505,506,518,519,528,:
491:483,484,487,489,490,492,493,494,495,501,502,503,504,505,518,519,521,527,528,529,532,533,:
492:8,30,31,32,453,464,483,487,488,489,490,491,493,494,495,496,497,501,502,:
493:8,30,32,487,489,490,491,492,494,495,496,497,498,:
494:30,489,490,491,492,493,495,496,497,498,499,500,:
495:30,32,489,490,491,492,493,494,496,497,498,499,535,:
496:492,493,494,495,497,498,499,500,548,:
497:30,82,492,493,494,495,496,498,499,500,535,536,539,:
498:82,493,494,495,496,497,499,500,:
499:81,82,85,494,495,496,497,498,500,:
500:82,494,496,497,498,499,:
501:464,472,473,483,484,487,488,489,490,491,492,502,503,504,505,506,507,518,519,528,:
502:463,464,469,471,472,473,480,481,482,483,484,487,488,489,490,491,492,501,503,504,506,507,508,518,519,:
503:464,473,489,490,491,501,502,504,505,506,507,508,518,519,520,528,:
504:473,490,491,501,502,503,505,506,507,518,519,520,521,522,523,527,528,:
505:490,491,501,503,504,506,518,519,520,521,522,527,528,529,530,532,:
506:464,473,490,501,502,503,504,505,507,508,509,518,519,:
507:463,464,501,502,503,504,506,508,509,510,511,513,:
508:464,471,476,502,503,506,507,509,510,511,512,513,514,515,516,:
509:463,464,476,506,507,508,510,511,512,513,514,515,516,517,:
510:463,464,465,507,508,509,511,512,513,515,516,517,:
511:476,507,508,509,510,512,513,514,515,516,517,:
512:475,476,508,509,510,511,513,514,515,516,517,:
513:475,476,507,508,509,510,511,512,514,515,517,:
514:476,508,509,511,512,513,515,516,517,:
515:476,508,509,510,511,512,513,514,516,517,:
516:465,508,509,510,511,512,514,515,517,:
517:345,476,509,510,511,512,513,514,515,516,:
518:473,483,484,490,491,501,502,503,504,505,506,519,520,521,522,523,524,526,528,:
519:472,473,480,482,483,484,487,489,490,491,501,502,503,504,505,506,518,520,521,523,524,525,526,:
520:473,484,503,504,505,518,519,521,522,523,524,525,526,528,:
521:484,491,504,505,518,519,520,522,523,524,527,528,:
522:504,505,518,520,521,523,527,528,530,:
523:473,484,504,518,519,520,521,522,524,525,526,:
524:473,518,519,520,521,523,525,526,:
525:473,519,520,523,524,526,:
526:473,518,519,520,523,524,525,:
527:491,504,505,521,522,528,529,530,531,532,533,:
528:490,491,501,503,504,505,518,520,521,522,527,529,530,532,533,:
529:491,505,527,528,530,531,532,533,534,:
530:505,522,527,528,529,531,532,533,:
531:527,529,530,532,:
532:491,505,527,528,529,530,531,533,534,535,:
533:491,527,528,529,530,532,534,535,536,:
534:529,532,533,535,536,537,538,539,:
535:79,80,82,495,497,532,533,534,536,537,538,539,:
536:76,77,79,80,497,533,534,535,537,538,539,:
537:79,534,535,536,538,539,:
538:76,77,79,80,534,535,536,537,539,:
539:76,77,78,79,80,81,82,83,84,497,534,535,536,537,538,:
540:541,542,543,544,545,546,547,550,:
541:540,542,543,545,546,548,:
542:540,541,543,544,545,546,547,548,550,:
543:540,541,542,544,545,546,547,549,550,557,:
544:540,542,543,545,547,549,550,551,552,554,556,557,558,561,562,564,:
545:540,541,542,543,544,546,547,548,:
546:540,541,542,543,545,547,548,:
547:540,542,543,544,545,546,548,:
548:496,541,542,545,546,547,:
549:543,544,550,551,552,553,554,555,556,557,:
550:540,542,543,544,549,551,552,554,555,556,557,:
551:486,544,549,550,552,553,554,555,556,557,558,:
552:457,544,549,550,551,553,554,556,557,558,559,560,561,564,566,:
553:457,459,549,551,552,554,556,557,558,559,560,565,566,567,570,:
554:485,486,544,549,550,551,552,553,555,556,557,:
555:482,483,484,485,486,549,550,551,554,:
556:459,544,549,550,551,552,553,554,557,558,559,560,561,562,564,566,:
557:543,544,549,550,551,552,553,554,556,558,559,561,562,564,:
558:459,544,551,552,553,556,557,559,560,561,562,563,564,566,:
559:212,552,553,556,557,558,560,561,562,565,566,572,:
560:177,212,552,553,556,558,559,561,565,566,567,568,570,571,572,573,576,:
561:175,212,213,544,552,556,557,558,559,560,562,563,564,:
562:175,459,544,556,557,558,559,561,563,564,:
563:170,173,558,561,562,564,:
564:457,458,459,544,552,556,557,558,561,562,563,:
565:553,559,560,566,567,568,569,570,571,572,:
566:552,553,556,558,559,560,565,567,568,570,571,572,:
567:553,560,565,566,568,569,570,571,572,573,:
568:560,565,566,567,569,570,571,572,573,574,575,576,577,578,584,:
569:565,567,568,570,571,572,573,574,575,577,578,579,582,583,584,585,586,:
570:177,179,454,455,456,457,553,560,565,566,567,568,569,571,572,:
571:560,565,566,567,568,569,570,572,573,574,575,576,578,:
572:177,559,560,565,566,567,568,569,570,571,573,574,576,:
573:560,567,568,569,571,572,574,575,576,578,:
574:568,569,571,572,573,575,576,577,578,:
575:568,569,571,573,574,576,577,578,579,580,582,:
576:209,560,568,571,572,573,574,575,:
577:422,568,569,574,575,578,579,580,581,582,583,584,:
578:568,569,571,573,574,575,577,579,580,582,583,584,586,:
579:569,575,577,578,580,581,582,583,584,585,:
580:575,577,578,579,581,582,583,:
581:577,579,580,582,:
582:569,575,577,578,579,580,581,583,584,585,586,587,:
583:388,569,577,578,579,580,582,584,585,586,587,588,:
584:388,421,568,569,577,578,579,582,583,585,586,587,588,:
585:288,569,579,582,583,584,586,587,588,:
586:41,421,429,569,578,582,583,584,585,587,588,:
587:12,41,179,222,582,583,584,585,586,588,:
588:10,12,41,179,429,583,584,585,586,587,:
589:262,590,591,592,593,594,595,596,597,598,623,627,:
590:262,589,591,592,593,594,595,597,623,627,629,:
591:262,589,590,592,593,594,595,596,597,598,599,606,623,:
592:262,589,590,591,593,594,595,596,597,598,599,600,601,602,605,606,622,623,629,:
593:262,589,590,591,592,594,595,597,598,599,600,601,605,606,622,623,624,625,627,628,629,630,633,634,635,:
594:589,590,591,592,593,595,596,597,598,606,623,:
595:589,590,591,592,593,594,596,597,598,605,606,608,622,623,624,627,:
596:589,591,592,594,595,605,606,610,622,623,627,:
597:262,589,590,591,592,593,594,595,598,599,600,601,602,603,604,605,606,623,629,:
598:189,259,262,589,591,592,593,594,595,597,599,600,602,603,604,605,606,:
599:54,57,60,591,592,593,597,598,600,601,602,603,604,605,606,607,623,629,:
600:60,154,592,593,597,598,599,601,602,603,605,606,607,608,609,610,622,623,628,629,638,:
601:22,60,63,154,592,593,597,599,600,602,605,606,607,608,609,622,623,628,629,630,631,633,637,638,639,642,:
602:19,51,54,57,60,154,187,188,189,592,597,598,599,600,601,603,604,605,606,:
603:18,19,50,51,53,54,57,187,188,189,255,259,597,598,599,600,602,604,:
604:17,18,19,50,51,52,53,54,57,186,187,188,189,190,254,255,259,597,598,599,602,603,:
605:592,593,595,596,597,598,599,600,601,602,606,607,608,609,610,611,622,623,629,638,:
606:591,592,593,594,595,596,597,598,599,600,601,602,605,607,608,610,611,622,623,:
607:599,600,601,605,606,608,609,610,611,612,622,623,624,629,638,:
608:595,600,601,605,606,607,609,610,611,622,623,624,625,626,627,628,629,637,638,654,:
609:600,601,605,607,608,610,622,623,624,625,626,628,629,637,638,639,640,642,653,654,655,658,659,:
610:596,600,605,606,607,608,609,611,612,613,617,622,623,:
611:155,605,606,607,608,610,612,613,614,615,616,617,:
612:607,610,611,613,614,615,616,617,618,619,620,:
613:196,610,611,612,614,615,616,617,618,619,620,621,:
614:196,611,612,613,615,616,617,619,620,621,:
615:153,155,193,611,612,613,614,616,617,618,619,620,621,:
616:153,155,611,612,613,614,615,617,618,619,620,621,:
617:153,155,610,611,612,613,614,615,616,618,619,621,:
618:153,155,612,613,615,616,617,619,620,621,:
619:153,193,196,612,613,614,615,616,617,618,620,621,:
620:191,193,196,612,613,614,615,616,618,619,621,:
621:153,193,613,614,615,616,617,618,619,620,:
622:592,593,595,596,600,601,605,606,607,608,609,610,623,624,625,626,627,628,629,638,654,:
623:589,590,591,592,593,594,595,596,597,599,600,601,605,606,607,608,609,610,622,624,625,627,628,629,638,:
624:593,595,607,608,609,622,623,625,626,627,628,629,630,638,654,:
625:593,608,609,622,623,624,626,627,628,629,630,631,632,633,637,638,653,654,666,:
626:608,609,622,624,625,627,628,629,630,631,632,637,638,653,654,655,656,658,665,666,667,670,855,:
627:589,590,593,595,596,608,622,623,624,625,626,628,629,:
628:593,600,601,608,609,622,623,624,625,626,627,629,630,631,632,633,634,637,638,654,666,:
629:590,592,593,597,599,600,601,605,607,608,609,622,623,624,625,626,627,628,630,631,633,634,637,638,:
630:63,593,601,624,625,626,628,629,631,632,633,634,635,636,637,638,639,654,666,:
631:24,63,67,601,625,626,628,629,630,632,633,634,637,638,639,640,641,642,653,654,665,666,677,678,:
632:26,63,64,67,71,625,626,628,630,631,633,637,638,639,640,641,653,654,665,666,667,668,670,677,678,679,682,:
633:24,25,59,60,63,66,67,70,593,601,625,628,629,630,631,632,634,635,636,637,638,:
634:66,70,593,628,629,630,631,633,635,636,:
635:59,66,593,630,633,634,636,:
636:70,630,633,634,635,:
637:63,64,601,608,609,625,626,628,629,630,631,632,633,638,639,640,641,642,643,653,654,666,678,:
638:60,63,600,601,605,607,608,609,622,623,624,625,626,628,629,630,631,632,633,637,639,640,642,653,654,:
639:63,64,601,609,630,631,632,637,638,640,641,642,643,644,645,649,653,654,655,666,678,:
640:609,631,632,637,638,639,641,642,643,644,653,654,655,656,657,658,665,666,677,678,682,695,701,:
641:631,632,637,639,640,642,643,644,653,654,655,656,657,665,666,677,678,679,680,682,694,695,696,699,700,701,:
642:601,609,631,637,638,639,640,641,643,644,645,646,648,649,653,654,:
643:637,639,640,641,642,644,645,646,647,648,649,650,651,653,:
644:639,640,641,642,643,645,646,647,648,649,650,:
645:639,642,643,644,646,647,648,649,650,651,652,689,:
646:642,643,644,645,647,648,649,650,652,689,:
647:643,644,645,646,648,650,:
648:642,643,644,645,646,647,649,650,651,652,689,:
649:61,64,639,642,643,644,645,646,648,650,651,652,:
650:643,644,645,646,647,648,649,651,652,688,689,690,:
651:61,103,104,105,643,645,648,649,650,652,:
652:645,646,648,649,650,651,688,689,690,:
653:609,625,626,631,632,637,638,639,640,641,642,643,654,655,656,657,658,659,665,666,678,695,701,:
654:608,609,622,624,625,626,628,630,631,632,637,638,639,640,641,642,653,655,656,658,659,665,666,678,:
655:609,626,639,640,641,653,654,656,657,658,659,660,665,666,667,678,695,700,701,:
656:626,640,641,653,654,655,657,658,659,665,666,667,668,669,670,677,678,694,695,700,701,703,:
657:640,641,653,655,656,658,665,666,667,668,669,677,678,680,694,695,696,697,699,700,701,702,703,704,707,:
658:609,626,640,653,654,655,656,657,659,660,661,662,664,665,666,701,:
659:609,653,654,655,656,658,660,661,662,663,664,:
660:655,658,659,661,662,663,664,:
661:658,659,660,662,663,664,:
662:658,659,660,661,663,664,:
663:659,660,661,662,664,:
664:658,659,660,661,662,663,:
665:626,631,632,640,641,653,654,655,656,657,658,666,667,668,669,670,671,677,678,695,701,703,:
666:625,626,628,630,631,632,637,639,640,641,653,654,655,656,657,658,665,667,668,670,677,678,:
667:626,632,655,656,657,665,666,668,669,670,671,672,673,677,678,679,695,703,:
668:632,656,657,665,666,667,669,670,671,672,677,678,679,680,681,682,694,695,702,703,712,:
669:656,657,665,667,668,670,671,672,677,678,679,680,681,694,695,697,702,703,704,705,707,711,712,713,716,717,719,:
670:626,632,656,665,666,667,668,669,671,672,673,674,675,677,678,855,:
671:665,667,668,669,670,672,673,674,675,676,677,:
672:667,668,669,670,671,673,674,675,676,:
673:71,667,670,671,672,674,675,676,840,:
674:670,671,672,673,675,676,717,719,841,:
675:73,670,671,672,673,674,676,719,838,840,841,:
676:671,672,673,674,675,719,839,840,841,866,:
677:71,631,632,640,641,656,657,665,666,667,668,669,670,671,678,679,680,681,682,683,694,695,703,712,:
678:67,71,631,632,637,639,640,641,653,654,655,656,657,665,666,667,668,669,670,677,679,680,682,694,695,:
679:72,632,641,667,668,669,677,678,680,681,682,683,684,694,695,696,703,712,:
680:641,657,668,669,677,678,679,681,682,683,694,695,696,697,698,699,701,702,703,711,712,721,:
681:668,669,677,679,680,682,683,694,695,696,697,698,702,703,711,712,713,714,716,720,721,722,725,726,727,749,:
682:26,67,68,72,632,640,641,668,677,678,679,680,681,683,684,685,689,694,695,:
683:67,68,107,677,679,680,681,682,684,685,686,687,688,689,694,695,748,749,:
684:64,67,68,105,106,107,679,682,683,685,686,687,688,689,690,691,692,:
685:105,106,107,682,683,684,686,687,688,689,690,691,692,693,:
686:101,105,106,107,683,684,685,687,688,689,691,692,693,752,:
687:107,683,684,685,686,688,689,690,691,692,693,731,:
688:650,652,683,684,685,686,687,689,690,691,692,693,727,:
689:645,646,648,650,652,682,683,684,685,686,687,688,690,691,693,:
690:650,652,684,685,687,688,689,691,692,693,727,:
691:684,685,686,687,688,689,690,692,693,731,:
692:684,685,686,687,688,690,691,693,731,:
693:685,686,687,688,689,690,691,692,729,731,:
694:641,656,657,668,669,677,678,679,680,681,682,683,695,696,697,698,699,700,701,702,703,712,721,:
695:640,641,653,655,656,657,665,667,668,669,677,678,679,680,681,682,683,694,696,697,699,700,701,702,703,:
696:641,657,679,680,681,694,695,697,698,699,700,701,702,703,704,712,721,:
697:657,669,680,681,694,695,696,698,699,700,701,702,703,704,705,706,707,711,712,720,721,:
698:680,681,694,696,697,699,700,702,703,704,705,706,711,712,720,721,722,723,725,:
699:641,657,680,694,695,696,697,698,700,701,702,703,:
700:641,655,656,657,694,695,696,697,698,699,701,702,703,:
701:640,641,653,655,656,657,658,665,680,694,695,696,697,699,700,702,703,:
702:657,668,669,680,681,694,695,696,697,698,699,700,701,703,704,705,706,707,708,711,712,721,:
703:656,657,665,667,668,669,677,679,680,681,694,695,696,697,698,699,700,701,702,704,705,707,711,712,:
704:657,669,696,697,698,702,703,705,706,707,708,711,712,713,721,:
705:669,697,698,702,703,704,706,707,708,711,712,713,714,715,716,720,721,:
706:697,698,702,704,705,707,708,711,712,713,714,715,720,721,:
707:657,669,697,702,703,704,705,706,708,709,710,711,712,:
708:702,704,705,706,707,709,710,:
709:707,708,710,:
710:707,708,709,:
711:669,680,681,697,698,702,703,704,705,706,707,712,713,714,715,716,717,718,720,721,:
712:668,669,677,679,680,681,694,696,697,698,702,703,704,705,706,707,711,713,714,716,717,719,720,721,:
713:669,681,704,705,706,711,712,714,715,716,717,718,719,720,721,722,:
714:681,705,706,711,712,713,715,716,717,718,720,721,722,723,724,725,:
715:705,706,711,713,714,716,718,720,721,722,723,724,:
716:669,681,705,711,712,713,714,715,717,718,719,720,721,749,:
717:669,674,711,712,713,714,716,718,719,:
718:711,713,714,715,716,717,719,720,749,786,788,:
719:73,669,674,675,676,712,713,716,717,718,866,:
720:681,697,698,705,706,711,712,713,714,715,716,718,721,722,723,724,725,726,:
721:680,681,694,696,697,698,702,704,705,706,711,712,713,714,715,716,720,722,723,725,726,727,:
722:681,698,713,714,715,720,721,723,724,725,726,727,:
723:698,714,715,720,721,722,724,725,726,:
724:714,715,720,722,723,725,:
725:681,698,714,720,721,722,723,724,726,727,728,729,730,:
726:681,720,721,722,723,725,727,728,729,730,731,732,749,750,:
727:681,688,690,721,722,725,726,728,729,730,731,732,:
728:725,726,727,729,730,731,732,:
729:693,725,726,727,728,730,731,732,:
730:725,726,727,728,729,731,732,:
731:687,691,692,693,726,727,728,729,730,732,:
732:726,727,728,729,730,731,:
733:734,735,736,737,738,739,740,741,744,750,775,777,:
734:733,735,736,737,738,739,741,744,750,774,775,776,777,:
735:733,734,736,737,738,739,740,741,744,745,750,777,:
736:733,734,735,737,738,739,744,745,746,747,748,749,750,751,752,760,761,769,770,775,777,:
737:733,734,735,736,738,744,745,746,747,750,751,752,754,760,761,762,763,765,769,770,771,774,775,776,777,779,:
738:733,734,735,736,737,739,740,741,742,743,744,765,777,:
739:733,734,735,736,738,740,741,742,743,:
740:733,735,738,739,741,742,743,:
741:733,734,735,738,739,740,742,743,:
742:738,739,740,741,743,:
743:738,739,740,741,742,:
744:733,734,735,736,737,738,745,746,747,748,749,750,751,752,761,770,:
745:72,735,736,737,744,746,747,748,749,750,751,752,753,761,770,779,786,:
746:72,74,736,737,744,745,747,748,749,750,751,752,753,754,755,756,760,761,769,770,778,779,:
747:29,73,74,736,737,744,745,746,748,751,752,753,754,755,760,761,769,770,771,772,778,779,780,781,783,786,790,791,:
748:28,72,683,736,744,745,746,747,749,750,751,752,:
749:681,683,716,718,726,736,744,745,746,748,750,752,:
750:726,733,734,735,736,737,744,745,746,748,749,752,:
751:68,72,74,736,737,744,745,746,747,748,752,753,754,755,756,757,760,761,770,779,:
752:68,72,106,107,686,736,737,744,745,746,747,748,749,750,751,753,754,756,760,761,:
753:69,74,745,746,747,751,752,754,755,756,757,758,759,760,761,762,770,795,:
754:737,746,747,751,752,753,755,756,757,758,760,761,762,763,764,765,769,770,779,791,795,800,:
755:746,747,751,753,754,756,757,758,760,761,762,763,764,769,770,779,790,791,792,794,795,796,798,800,:
756:68,69,106,107,746,751,752,753,754,755,757,758,759,760,761,:
757:751,753,754,755,756,758,759,760,800,:
758:65,69,753,754,755,756,757,759,795,796,798,800,:
759:65,87,94,95,96,100,101,106,138,753,756,757,758,:
760:736,737,746,747,751,752,753,754,755,756,757,761,762,763,764,765,766,769,770,:
761:736,737,744,745,746,747,751,752,753,754,755,756,760,762,763,765,769,770,:
762:737,753,754,755,760,761,763,764,765,766,769,770,771,:
763:737,754,755,760,761,762,764,765,766,769,770,771,772,774,775,776,778,779,791,:
764:754,755,760,762,763,765,766,769,770,771,772,773,776,791,:
765:737,738,754,760,761,762,763,764,766,767,768,769,770,:
766:760,762,763,764,765,767,768,769,770,776,:
767:765,766,768,:
768:765,766,767,:
769:736,737,746,747,754,755,760,761,762,763,764,765,766,770,771,772,773,774,775,776,777,778,779,791,:
770:736,737,744,745,746,747,751,753,754,755,760,761,762,763,764,765,766,769,771,772,774,775,776,777,778,779,791,:
771:737,747,762,763,764,769,770,772,773,774,775,776,777,778,779,780,791,:
772:747,763,764,769,770,771,773,774,775,778,779,780,781,783,784,785,790,791,:
773:764,769,771,772,774,778,779,780,781,790,791,:
774:734,737,763,769,770,771,772,773,775,776,777,778,779,:
775:733,734,736,737,763,769,770,771,772,774,776,777,:
776:734,737,763,764,766,769,770,771,774,775,777,:
777:733,734,735,736,737,738,769,770,771,774,775,776,:
778:746,747,763,769,770,771,772,773,774,779,780,781,782,783,784,785,786,790,791,:
779:737,745,746,747,751,754,755,763,769,770,771,772,773,774,778,780,781,783,784,785,786,790,791,:
780:747,771,772,773,778,779,781,782,783,784,785,786,790,791,792,:
781:747,772,773,778,779,780,782,783,784,790,791,792,793,794,795,:
782:778,780,781,783,790,791,792,793,795,814,815,817,:
783:73,747,772,778,779,780,781,782,784,785,786,787,788,790,791,866,:
784:772,778,779,780,781,783,785,786,787,788,789,864,866,:
785:772,778,779,780,783,784,786,787,788,789,864,:
786:718,745,747,778,779,780,783,784,785,787,788,789,864,:
787:783,784,785,786,788,789,861,:
788:718,783,784,785,786,787,789,864,:
789:784,785,786,787,788,861,:
790:747,755,772,773,778,779,780,781,782,783,791,792,793,794,795,796,801,802,:
791:747,754,755,763,764,769,770,771,772,773,778,779,780,781,782,783,790,792,793,794,795,:
792:755,780,781,782,790,791,793,794,795,796,797,798,800,801,802,803,:
793:781,782,790,791,792,794,795,796,797,798,800,801,802,803,804,805,806,816,:
794:755,781,790,791,792,793,795,796,798,800,801,802,803,804,805,806,:
795:753,754,755,758,781,782,790,791,792,793,794,796,797,798,799,800,801,802,:
796:369,755,758,790,792,793,794,795,797,798,799,800,801,802,:
797:369,792,793,795,796,798,799,800,801,802,821,:
798:369,755,758,792,793,794,795,796,797,799,800,801,802,806,:
799:369,795,796,797,798,800,806,:
800:754,755,757,758,792,793,794,795,796,797,798,799,:
801:790,792,793,794,795,796,797,798,802,803,804,805,806,807,815,816,:
802:790,792,793,794,795,796,797,798,801,803,804,806,815,816,819,821,:
803:792,793,794,801,802,804,805,806,807,808,809,811,816,:
804:793,794,801,802,803,805,806,807,808,809,811,816,:
805:793,794,801,803,804,806,807,808,809,810,811,:
806:793,794,798,799,801,802,803,804,805,807,808,809,810,811,:
807:801,803,804,805,806,808,809,810,811,:
808:803,804,805,806,807,809,810,811,:
809:803,804,805,806,807,808,810,811,:
810:805,806,807,808,809,811,:
811:803,804,805,806,807,808,809,810,:
812:813,814,815,816,817,818,819,820,829,830,:
813:812,814,815,816,817,818,:
814:782,812,813,815,816,817,818,819,820,821,829,830,:
815:782,801,802,812,813,814,816,817,819,820,821,822,823,:
816:793,801,802,803,804,812,813,814,815,817,819,820,821,:
817:782,812,813,814,815,816,818,819,820,829,830,:
818:812,813,814,817,829,830,:
819:802,812,814,815,816,817,820,821,822,823,:
820:812,814,815,816,817,819,821,822,823,:
821:797,802,814,815,816,819,820,822,823,:
822:815,819,820,821,823,:
823:815,819,820,821,822,:
824:825,826,827,828,829,830,832,:
825:824,826,827,829,830,:
826:824,825,827,828,829,830,832,:
827:824,825,826,828,829,831,832,:
828:824,826,827,829,831,832,833,834,836,:
829:812,814,817,818,824,825,826,827,828,830,:
830:812,814,817,818,824,825,826,829,865,867,:
831:827,828,832,833,834,835,836,837,:
832:824,826,827,828,831,833,834,836,:
833:828,831,832,834,835,836,837,838,839,:
834:828,831,832,833,835,836,837,838,843,:
835:831,833,834,836,837,838,839,842,843,847,850,:
836:828,831,832,833,834,835,837,838,839,840,841,:
837:831,833,834,835,836,838,839,840,841,:
838:675,833,834,835,836,837,839,840,841,:
839:676,833,835,836,837,838,840,841,:
840:673,675,676,836,837,838,839,841,851,852,853,854,855,:
841:674,675,676,836,837,838,839,840,852,853,854,:
842:835,843,844,845,846,847,848,850,:
843:834,835,842,844,845,847,848,850,:
844:842,843,845,846,847,848,849,850,:
845:842,843,844,846,847,848,:
846:842,844,845,847,:
847:835,842,843,844,845,846,848,849,850,851,852,:
848:842,843,844,845,847,849,850,851,852,853,:
849:844,847,848,850,851,852,853,854,855,:
850:835,842,843,844,847,848,849,851,852,853,854,:
851:840,847,848,849,850,852,853,854,855,:
852:840,841,847,848,849,850,851,853,854,855,:
853:840,841,848,849,850,851,852,854,855,:
854:840,841,849,850,851,852,853,855,:
855:626,670,840,849,851,852,853,854,:
856:857,858,859,860,861,862,863,:
857:856,858,859,861,862,863,:
858:856,857,859,860,861,862,863,864,:
859:856,857,858,860,861,862,:
860:856,858,859,861,:
861:787,789,856,857,858,859,860,862,863,864,865,866,:
862:856,857,858,859,861,863,864,865,866,867,:
863:856,857,858,861,862,864,865,866,867,:
864:784,785,786,788,858,861,862,863,865,866,867,:
865:830,861,862,863,864,866,867,:
866:676,719,783,784,861,862,863,864,865,867,:
867:830,862,863,864,865,866,:
