1:2,3,4,5,6,7,8,9,10,11,13,15,16,17,18,19,20,27,227,312,:
2:1,3,4,5,7,8,9,10,11,12,13,15,16,17,18,19,25,217,225,226,227,:
3:1,2,4,5,6,7,9,10,11,12,13,15,16,17,18,19,25,26,59,60,62,226,459,461,:
4:1,2,3,5,6,9,11,12,13,14,15,16,17,18,19,20,21,25,26,57,59,60,62,455,481,:
5:1,2,3,4,6,10,11,12,13,14,15,16,17,18,19,20,21,26,27,419,453,454,455,456,458,:
6:1,3,4,5,12,13,14,18,19,20,21,26,27,364,399,418,419,453,454,481,:
7:1,2,3,8,9,10,13,15,16,17,22,23,24,215,217,306,310,345,346,460,:
8:1,2,7,9,10,22,23,24,214,215,217,239,241,244,245,246,247,304,305,306,307,309,345,346,460,:
9:1,2,3,4,7,8,10,11,13,15,16,17,22,23,24,25,215,217,225,226,:
10:1,2,3,5,7,8,9,13,15,16,17,19,22,23,24,306,310,312,343,344,345,346,456,457,458,460,:
11:1,2,3,4,5,9,12,16,17,18,25,26,56,57,59,60,61,62,149,151,152,217,226,:
12:2,3,4,5,6,11,13,17,18,19,20,21,25,26,56,57,58,59,60,62,452,453,455,459,479,480,481,:
13:1,2,3,4,5,6,7,9,10,12,14,15,16,17,18,19,20,21,27,418,419,420,422,:
14:4,5,6,13,19,20,21,27,341,343,362,363,364,399,416,418,419,420,422,454,:
15:1,2,3,4,5,7,9,10,13,16,17,18,19,225,227,310,312,313,422,:
16:1,2,3,4,5,7,9,10,11,13,15,17,18,25,152,217,224,225,226,227,:
17:1,2,3,4,5,7,9,10,11,12,13,15,16,18,19,25,26,59,62,455,458,459,460,461,462,:
18:1,2,3,4,5,6,11,12,13,15,16,17,19,20,21,25,26,59,60,62,181,481,:
19:1,2,3,4,5,6,10,12,13,14,15,17,18,20,21,26,27,343,452,453,454,455,456,457,458,459,460,:
20:1,4,5,6,12,13,14,18,19,21,27,399,416,418,419,481,:
21:4,5,6,12,13,14,18,19,20,26,27,364,399,419,452,453,454,479,480,481,:
22:7,8,9,10,23,24,214,215,216,217,239,240,241,242,243,244,245,246,307,309,:
23:7,8,9,10,22,24,214,239,241,245,247,303,304,305,306,307,308,309,310,311,312,313,345,346,:
24:7,8,9,10,22,23,217,239,241,242,244,245,246,247,248,345,346,460,462,:
25:2,3,4,9,11,12,16,17,18,26,56,57,58,59,60,61,62,101,149,151,152,459,461,:
26:3,4,5,6,11,12,17,18,19,21,25,54,56,57,58,59,60,61,62,455,459,479,480,481,:
27:1,5,6,13,14,19,20,21,341,343,364,373,416,418,419,420,422,:
28:29,30,31,32,33,34,64,439,:
29:28,30,31,32,33,431,432,439,:
30:28,29,31,32,33,34,64,66,67,68,439,:
31:28,29,30,32,33,34,67,438,439,:
32:28,29,30,31,33,34,38,432,433,438,439,440,442,443,:
33:28,29,30,31,32,34,35,36,67,68,69,70,432,439,:
34:28,30,31,32,33,35,36,66,67,68,69,70,71,72,73,75,:
35:33,34,36,70,72,73,460,462,:
36:33,34,35,37,435,438,439,455,458,459,460,461,462,:
37:36,38,39,40,41,42,43,75,442,:
38:32,37,39,40,41,42,439,441,442,471,:
39:37,38,40,41,42,43,44,45,75,79,442,:
40:37,38,39,41,42,43,44,47,469,470,:
41:37,38,39,40,42,43,44,468,469,470,471,:
42:37,38,39,40,41,43,44,45,442,449,459,463,464,469,470,:
43:37,39,40,41,42,44,45,46,47,51,53,57,58,463,464,469,470,:
44:39,40,41,42,43,45,46,47,53,58,82,464,469,470,:
45:39,42,43,44,46,47,51,52,53,56,57,58,59,449,450,459,463,464,469,:
46:43,44,45,47,48,49,50,51,52,53,469,470,:
47:40,43,44,45,46,48,49,51,52,53,58,469,470,:
48:46,47,49,50,51,52,53,469,:
49:46,47,48,50,51,52,470,:
50:46,48,49,51,:
51:43,45,46,47,48,49,50,52,53,54,58,464,466,467,469,470,472,474,:
52:45,46,47,48,49,51,53,54,55,56,57,58,119,121,472,478,479,:
53:43,44,45,46,47,48,51,52,54,55,56,57,58,59,60,61,118,119,121,:
54:26,51,52,53,55,56,57,58,59,60,61,62,98,99,100,101,118,119,120,121,:
55:52,53,54,56,57,58,60,61,62,98,99,100,101,103,112,118,119,120,121,122,:
56:11,12,25,26,45,52,53,54,55,57,58,59,60,61,62,99,100,101,119,121,481,:
57:4,11,12,25,26,43,45,52,53,54,55,56,58,59,60,61,62,101,459,461,479,480,481,:
58:12,25,26,43,44,45,47,51,52,53,54,55,56,57,59,60,62,459,461,464,479,480,481,:
59:3,4,11,12,17,18,25,26,45,53,54,56,57,58,60,61,62,455,459,461,479,480,481,:
60:3,4,11,12,18,25,26,53,54,55,56,57,58,59,61,62,99,100,101,121,149,151,481,:
61:11,25,26,53,54,55,56,57,59,60,62,99,100,101,103,119,121,149,151,181,:
62:3,4,11,12,17,18,25,26,54,55,56,57,58,59,60,61,100,101,149,151,181,481,:
63:64,65,66,67,68,69,:
64:28,30,63,65,66,67,68,:
65:63,64,66,67,68,69,70,71,:
66:30,34,63,64,65,67,68,69,71,75,:
67:30,31,33,34,63,64,65,66,68,69,71,75,:
68:30,33,34,63,64,65,66,67,69,70,71,72,73,:
69:33,34,63,65,66,67,68,70,71,72,73,:
70:33,34,35,65,68,69,71,72,73,280,282,:
71:34,65,66,67,68,69,70,72,73,128,131,:
72:34,35,68,69,70,71,73,131,196,198,246,280,282,:
73:34,35,68,69,70,71,72,128,129,130,131,194,196,198,:
74:75,76,77,78,79,80,:
75:34,37,39,66,67,74,76,77,78,79,:
76:74,75,77,78,79,80,81,82,86,:
77:74,75,76,78,79,80,82,85,86,:
78:74,75,76,77,79,80,82,85,86,:
79:39,74,75,76,77,78,80,81,82,83,84,:
80:74,76,77,78,79,81,82,83,84,131,461,:
81:76,79,80,82,83,84,130,131,132,461,462,:
82:44,76,77,78,79,80,81,83,84,86,89,101,461,:
83:79,80,81,82,84,89,101,130,131,132,141,243,461,462,:
84:79,80,81,82,83,89,98,99,101,461,:
85:77,78,86,87,88,89,90,91,92,93,94,127,:
86:76,77,78,82,85,87,88,89,90,91,92,93,127,134,:
87:85,86,88,89,90,91,92,93,94,95,:
88:85,86,87,89,90,91,92,93,94,95,96,97,98,:
89:82,83,84,85,86,87,88,90,91,92,93,94,95,98,99,101,134,138,:
90:85,86,87,88,89,91,92,93,94,134,:
91:85,86,87,88,89,90,92,93,133,134,:
92:85,86,87,88,89,90,91,93,94,133,134,135,137,138,:
93:85,86,87,88,89,90,91,92,94,95,96,97,98,99,102,103,146,:
94:85,87,88,89,90,92,93,95,96,97,98,102,:
95:87,88,89,93,94,96,97,98,99,100,101,102,103,104,112,146,:
96:88,93,94,95,97,98,99,100,102,103,104,105,107,111,112,145,146,:
97:88,93,94,95,96,98,102,103,104,105,106,111,112,146,:
98:54,55,84,88,89,93,94,95,96,97,99,100,101,102,103,112,119,:
99:54,55,56,60,61,84,89,93,95,96,98,100,101,102,103,147,148,149,:
100:54,55,56,60,61,62,95,96,98,99,101,102,103,104,107,108,110,112,119,147,148,149,151,:
101:25,54,55,56,57,60,61,62,82,83,84,89,95,98,99,100,103,147,148,149,151,:
102:93,94,95,96,97,98,99,100,103,104,105,106,107,108,109,110,111,112,119,146,:
103:55,61,93,95,96,97,98,99,100,101,102,104,105,107,108,109,110,111,112,119,146,149,:
104:95,96,97,100,102,103,105,106,107,108,109,110,111,112,113,119,:
105:96,97,102,103,104,106,107,108,111,112,113,114,116,117,118,119,:
106:97,102,104,105,107,111,112,113,114,:
107:96,100,102,103,104,105,106,108,109,110,111,112,119,:
108:100,102,103,104,105,107,109,110,144,:
109:102,103,104,107,108,110,143,144,145,:
110:100,102,103,104,107,108,109,144,148,149,:
111:96,97,102,103,104,105,106,107,112,113,114,115,116,117,118,119,:
112:55,95,96,97,98,100,102,103,104,105,106,107,111,113,114,116,117,118,119,120,:
113:104,105,106,111,112,114,115,116,117,118,119,:
114:105,106,111,112,113,115,116,117,:
115:111,113,114,116,:
116:105,111,112,113,114,115,117,118,119,120,:
117:105,111,112,113,114,116,118,119,120,121,122,:
118:53,54,55,105,111,112,113,116,117,119,120,121,122,:
119:52,53,54,55,56,61,98,100,102,103,104,105,107,111,112,113,116,117,118,120,121,122,:
120:54,55,112,116,117,118,119,121,122,:
121:52,53,54,55,56,60,61,117,118,119,120,122,166,:
122:55,117,118,119,120,121,153,155,163,:
123:124,125,126,127,128,129,189,:
124:123,125,126,127,128,:
125:123,124,126,127,128,129,130,189,191,192,193,:
126:123,124,125,127,128,129,133,134,192,:
127:85,86,123,124,125,126,128,129,134,:
128:71,73,123,124,125,126,127,129,130,131,132,192,193,194,:
129:73,123,125,126,127,128,130,131,132,191,192,193,194,195,199,200,:
130:73,81,83,125,128,129,131,132,195,197,200,242,243,:
131:71,72,73,80,81,83,128,129,130,132,242,243,244,246,:
132:81,83,128,129,130,131,135,138,139,141,199,200,201,240,242,243,244,:
133:91,92,126,134,135,136,137,138,139,:
134:86,89,90,91,92,126,127,133,135,136,137,138,139,:
135:92,132,133,134,136,137,138,139,140,141,205,:
136:133,134,135,137,138,139,140,:
137:92,133,134,135,136,138,:
138:89,92,132,133,134,135,136,137,139,140,141,147,:
139:132,133,134,135,136,138,140,141,147,201,205,210,216,243,:
140:135,136,138,139,141,201,202,204,205,206,209,210,216,:
141:83,132,135,138,139,140,147,148,150,205,210,215,216,217,243,:
142:143,144,145,146,147,148,150,:
143:109,142,144,145,147,148,150,:
144:108,109,110,142,143,145,146,147,148,149,150,:
145:96,109,142,143,144,146,147,148,:
146:93,95,96,97,102,103,142,144,145,147,:
147:99,100,101,138,139,141,142,143,144,145,146,148,149,150,151,152,:
148:99,100,101,110,141,142,143,144,145,147,149,150,151,152,:
149:11,25,60,61,62,99,100,101,103,110,144,147,148,150,151,152,:
150:141,142,143,144,147,148,149,151,152,213,215,216,217,226,:
151:11,25,60,61,62,100,101,147,148,149,150,152,180,181,184,226,:
152:11,16,25,147,148,149,150,151,180,184,215,217,223,224,225,226,:
153:122,154,155,156,157,158,159,160,161,162,163,:
154:153,155,156,157,158,159,160,161,162,163,:
155:122,153,154,156,157,158,159,160,161,162,163,164,:
156:153,154,155,157,158,159,160,161,162,163,164,165,166,167,168,:
157:153,154,155,156,158,159,160,162,163,164,165,166,:
158:153,154,155,156,157,159,160,161,162,163,478,:
159:153,154,155,156,157,158,160,161,162,:
160:153,154,155,156,157,158,159,161,162,163,:
161:153,154,155,156,158,159,160,:
162:153,154,155,156,157,158,159,160,163,164,165,166,167,168,175,176,:
163:122,153,154,155,156,157,158,160,162,164,165,166,167,168,:
164:155,156,157,162,163,165,166,167,168,169,172,175,176,177,:
165:156,157,162,163,164,166,167,168,175,176,177,178,179,180,181,:
166:121,156,157,162,163,164,165,167,175,176,177,180,181,:
167:156,162,163,164,165,166,168,169,170,171,172,175,176,:
168:156,162,163,164,165,167,169,170,171,172,173,174,176,:
169:164,167,168,170,171,172,173,174,:
170:167,168,169,171,172,173,174,:
171:167,168,169,170,172,173,174,:
172:164,167,168,169,170,171,173,174,176,:
173:168,169,170,171,172,174,:
174:168,169,170,171,172,173,:
175:162,164,165,166,167,176,177,178,179,180,181,182,183,184,:
176:162,164,165,166,167,168,172,175,177,178,179,180,181,182,:
177:164,165,166,175,176,178,179,180,181,182,183,184,185,:
178:165,175,176,177,179,180,181,182,183,184,185,186,:
179:165,175,176,177,178,180,182,183,184,185,186,:
180:151,152,165,166,175,176,177,178,179,181,182,183,184,226,:
181:18,61,62,151,165,166,175,176,177,178,180,182,226,:
182:175,176,177,178,179,180,181,183,184,225,226,227,:
183:175,177,178,179,180,182,184,185,186,187,:
184:151,152,175,177,178,179,180,182,183,185,186,222,:
185:177,178,179,183,184,186,187,222,:
186:178,179,183,184,185,187,:
187:183,185,186,:
188:189,190,191,192,193,194,:
189:123,125,188,190,191,192,193,:
190:188,189,191,192,193,194,195,196,200,:
191:125,129,188,189,190,192,193,194,195,199,200,:
192:125,126,128,129,188,189,190,191,193,194,195,199,200,:
193:125,128,129,188,189,190,191,192,194,195,196,197,198,200,:
194:73,128,129,188,190,191,192,193,195,196,197,198,200,:
195:129,130,190,191,192,193,194,196,197,198,199,200,201,:
196:72,73,190,193,194,195,197,198,280,:
197:130,193,194,195,196,198,199,200,201,230,231,233,234,240,242,243,244,:
198:72,73,193,194,195,196,197,280,:
199:129,132,191,192,195,197,200,201,202,203,204,205,234,:
200:129,130,132,190,191,192,193,194,195,197,199,201,202,203,:
201:132,139,140,195,197,199,200,202,203,204,205,206,210,234,240,242,243,:
202:140,199,200,201,203,204,205,206,207,209,210,233,234,240,:
203:199,200,201,202,204,205,206,207,209,210,230,231,233,234,238,240,:
204:140,199,201,202,203,205,206,207,208,209,210,216,234,240,:
205:135,139,140,141,199,201,202,203,204,206,207,209,210,216,:
206:140,201,202,203,204,205,207,208,209,210,211,:
207:202,203,204,205,206,208,209,210,211,212,213,214,216,:
208:204,206,207,209,210,211,212,213,265,266,:
209:140,202,203,204,205,206,207,208,210,211,212,213,214,215,216,218,219,240,:
210:139,140,141,201,202,203,204,205,206,207,208,209,211,212,213,214,215,216,217,239,240,:
211:206,207,208,209,210,212,213,214,215,216,217,218,219,220,268,:
212:207,208,209,210,211,213,214,215,216,217,218,219,220,221,222,223,224,:
213:150,207,208,209,210,211,212,214,215,216,217,218,219,220,221,222,223,:
214:8,22,23,207,209,210,211,212,213,215,216,217,218,219,238,239,240,268,308,:
215:7,8,9,22,141,150,152,209,210,211,212,213,214,216,217,218,240,242,:
216:22,139,140,141,150,204,205,207,209,210,211,212,213,214,215,217,240,242,243,:
217:2,7,8,9,11,16,22,24,141,150,152,210,211,212,213,214,215,216,224,226,:
218:209,211,212,213,214,215,219,220,221,222,223,224,:
219:209,211,212,213,214,218,220,221,223,224,266,267,268,311,:
220:211,212,213,218,219,221,222,223,224,225,:
221:212,213,218,219,220,222,223,224,:
222:184,185,212,213,218,220,221,223,:
223:152,212,213,218,219,220,221,222,224,225,226,227,:
224:16,152,212,217,218,219,220,221,223,225,226,227,311,313,:
225:2,9,15,16,152,182,220,223,224,226,227,313,:
226:2,3,9,11,16,150,151,152,180,181,182,217,223,224,225,227,:
227:1,2,15,16,182,223,224,225,226,313,:
228:229,230,231,232,233,234,:
229:228,230,231,232,233,273,:
230:197,203,228,229,231,232,233,234,235,237,:
231:197,203,228,229,230,232,233,234,235,236,237,238,272,273,:
232:228,229,230,231,233,234,235,236,237,249,272,273,274,277,:
233:197,202,203,228,229,230,231,232,234,235,236,237,238,239,240,241,249,250,273,:
234:197,199,201,202,203,204,228,230,231,232,233,235,236,237,238,239,240,:
235:230,231,232,233,234,236,237,238,239,240,241,245,249,250,251,261,273,276,:
236:231,232,233,234,235,237,238,239,249,250,251,252,254,260,261,273,276,:
237:230,231,232,233,234,235,236,238,249,250,251,252,253,260,261,262,263,273,:
238:203,214,231,233,234,235,236,237,239,240,241,242,244,245,249,250,261,268,305,307,308,:
239:8,22,23,24,210,214,233,234,235,236,238,240,241,242,243,244,245,246,247,:
240:22,132,197,201,202,203,204,209,210,214,215,216,233,234,235,238,239,241,242,243,244,245,246,:
241:8,22,23,24,233,235,238,239,240,242,243,244,245,246,247,248,:
242:22,24,130,131,132,197,201,215,216,238,239,240,241,243,244,245,246,248,:
243:22,83,130,131,132,139,141,197,201,216,239,240,241,242,244,246,:
244:8,22,24,131,132,197,238,239,240,241,242,243,245,246,247,248,:
245:8,22,23,24,235,238,239,240,241,242,244,246,247,248,276,277,278,279,280,305,:
246:8,22,24,72,131,239,240,241,242,243,244,245,247,248,460,462,:
247:8,23,24,239,241,244,245,246,248,278,279,280,281,282,283,346,:
248:24,241,242,244,245,246,247,279,280,281,282,346,460,462,:
249:232,233,235,236,237,238,250,251,252,253,254,255,256,260,261,268,272,273,275,276,308,:
250:233,235,236,237,238,249,251,252,254,255,256,260,261,268,272,273,275,276,284,286,299,305,307,308,:
251:235,236,237,249,250,252,253,254,255,256,257,260,261,262,276,:
252:236,237,249,250,251,253,254,255,256,257,260,261,262,263,264,265,:
253:237,249,251,252,254,255,257,260,261,262,263,264,:
254:236,249,250,251,252,253,255,256,257,258,259,260,261,276,286,:
255:249,250,251,252,253,254,256,257,258,259,260,261,270,286,291,299,:
256:249,250,251,252,254,255,257,258,259,270,276,286,287,291,298,299,304,305,307,308,315,:
257:251,252,253,254,255,256,258,259,260,269,270,291,:
258:254,255,256,257,259,269,270,271,291,298,299,304,305,307,308,314,315,:
259:254,255,256,257,258,269,270,271,299,:
260:236,237,249,250,251,252,253,254,255,257,261,262,263,264,265,266,267,268,269,:
261:235,236,237,238,249,250,251,252,253,254,255,260,262,263,265,266,267,268,269,270,308,:
262:237,251,252,253,260,261,263,264,265,266,267,268,269,:
263:237,252,253,260,261,262,264,265,266,:
264:252,253,260,262,263,265,:
265:208,252,260,261,262,263,264,266,267,268,269,271,:
266:208,219,260,261,262,263,265,267,268,269,270,271,:
267:219,260,261,262,265,266,268,269,270,271,307,308,311,:
268:211,214,219,238,249,250,260,261,262,265,266,267,269,270,271,305,307,308,309,311,:
269:257,258,259,260,261,262,265,266,267,268,270,271,307,308,309,311,:
270:255,256,257,258,259,261,266,267,268,269,271,305,306,307,308,309,311,:
271:258,259,265,266,267,268,269,270,308,:
272:231,232,249,250,273,274,275,276,277,278,284,285,:
273:229,231,232,233,235,236,237,249,250,272,274,275,276,277,:
274:232,272,273,275,276,277,278,279,284,285,286,:
275:249,250,272,273,274,276,277,278,284,285,286,287,288,289,298,299,:
276:235,236,245,249,250,251,254,256,272,273,274,275,277,278,284,285,286,287,298,299,305,:
277:232,245,272,273,274,275,276,278,279,280,281,284,285,:
278:245,247,272,274,275,276,277,279,280,281,282,283,284,285,325,:
279:245,247,248,274,277,278,280,281,282,283,325,:
280:70,72,196,198,245,247,248,277,278,279,281,282,283,:
281:247,248,277,278,279,280,282,283,324,325,326,:
282:70,72,247,248,278,279,280,281,283,325,436,:
283:247,278,279,280,281,282,324,325,326,436,:
284:250,272,274,275,276,277,278,285,286,287,288,289,290,298,299,320,:
285:272,274,275,276,277,278,284,286,287,288,289,320,:
286:250,254,255,256,274,275,276,284,285,287,288,289,290,291,292,298,299,300,315,320,:
287:256,275,276,284,285,286,288,289,290,291,292,298,299,300,301,303,314,315,320,325,326,:
288:275,284,285,286,287,289,290,292,298,299,300,301,303,315,319,320,321,322,323,324,325,326,:
289:275,284,285,286,287,288,290,291,292,293,294,298,299,315,320,:
290:284,286,287,288,289,291,292,293,294,295,298,299,314,315,:
291:255,256,257,258,286,287,289,290,292,293,294,295,296,298,299,314,315,:
292:286,287,288,289,290,291,293,294,295,296,297,298,314,315,:
293:289,290,291,292,294,295,296,297,314,315,316,:
294:289,290,291,292,293,295,296,297,314,315,316,317,318,:
295:290,291,292,293,294,296,297,314,315,316,317,:
296:291,292,293,294,295,297,315,316,317,:
297:292,293,294,295,296,:
298:256,258,275,276,284,286,287,288,289,290,291,292,299,300,301,302,303,304,305,314,315,326,:
299:250,255,256,258,259,275,276,284,286,287,288,289,290,291,298,300,301,302,303,304,305,306,307,314,315,:
300:286,287,288,298,299,301,302,303,304,305,306,314,315,316,323,326,328,:
301:287,288,298,299,300,302,303,304,306,310,314,315,316,317,318,328,:
302:298,299,300,301,303,304,306,310,314,315,316,317,318,327,328,332,:
303:23,287,288,298,299,300,301,302,304,305,306,307,309,310,314,315,323,326,344,345,346,:
304:8,23,256,258,298,299,300,301,302,303,305,306,307,308,309,310,311,312,345,:
305:8,23,238,245,250,256,258,268,270,276,298,299,300,303,304,306,307,308,309,310,311,:
306:7,8,10,23,270,299,300,301,302,303,304,305,307,308,309,310,311,312,313,345,:
307:8,22,23,238,250,256,258,267,268,269,270,299,303,304,305,306,308,309,310,311,313,:
308:23,214,238,249,250,256,258,261,267,268,269,270,271,304,305,306,307,309,311,:
309:8,22,23,268,269,270,303,304,305,306,307,308,310,311,312,313,:
310:7,10,15,23,301,302,303,304,305,306,307,309,311,312,313,345,424,:
311:23,219,224,267,268,269,270,304,305,306,307,308,309,310,312,313,:
312:1,10,15,23,304,306,309,310,311,313,424,:
313:15,23,224,225,227,306,307,309,310,311,312,:
314:258,287,290,291,292,293,294,295,298,299,300,301,302,303,315,316,317,318,328,:
315:256,258,286,287,288,289,290,291,292,293,294,295,296,298,299,300,301,302,303,314,316,317,318,:
316:293,294,295,296,300,301,302,314,315,317,318,328,:
317:294,295,296,301,302,314,315,316,318,328,:
318:294,301,302,314,315,316,317,327,328,:
319:288,320,321,322,323,324,325,326,:
320:284,285,286,287,288,289,319,321,322,323,324,325,326,:
321:288,319,320,322,323,324,325,326,:
322:288,319,320,321,323,324,325,326,327,:
323:288,300,303,319,320,321,322,324,325,326,327,328,340,342,:
324:281,283,288,319,320,321,322,323,325,326,436,:
325:278,279,281,282,283,287,288,319,320,321,322,323,324,326,:
326:281,283,287,288,298,300,303,319,320,321,322,323,324,325,342,345,:
327:302,318,322,323,328,329,330,331,332,:
328:300,301,302,314,316,317,318,323,327,329,330,332,:
329:327,328,330,331,332,339,340,342,:
330:327,328,329,331,332,334,430,:
331:327,329,330,332,334,338,339,373,430,:
332:302,327,328,329,330,331,422,424,430,:
333:334,335,336,337,338,339,340,347,348,:
334:330,331,333,335,336,337,338,339,340,:
335:333,334,336,337,338,339,340,341,347,348,349,357,363,366,434,:
336:333,334,335,337,338,339,347,348,349,350,352,356,357,363,365,366,434,:
337:333,334,335,336,338,347,348,349,350,351,356,357,365,366,367,370,:
338:331,333,334,335,336,337,339,340,341,342,343,347,348,357,363,366,373,:
339:329,331,333,334,335,336,338,340,341,342,343,344,363,457,:
340:323,329,333,334,335,338,339,341,342,343,344,345,436,437,457,:
341:14,27,335,338,339,340,342,343,344,345,346,363,373,454,456,457,:
342:323,326,329,338,339,340,341,343,344,345,346,436,457,:
343:10,14,19,27,338,339,340,341,342,344,345,346,454,456,457,:
344:10,303,339,340,341,342,343,345,346,456,457,:
345:7,8,10,23,24,303,304,306,310,326,340,341,342,343,344,346,456,457,:
346:7,8,10,23,24,247,248,303,341,342,343,344,345,456,457,458,460,:
347:333,335,336,337,338,348,349,350,351,352,353,355,356,357,363,366,434,:
348:333,335,336,337,338,347,349,350,352,353,354,355,356,357,431,433,434,438,:
349:335,336,337,347,348,350,351,352,353,354,355,356,357,358,366,434,:
350:336,337,347,348,349,351,352,353,356,357,358,359,361,365,366,445,:
351:337,347,349,350,352,356,357,358,359,365,366,445,:
352:336,347,348,349,350,351,353,354,355,356,357,434,445,:
353:347,348,349,350,352,354,355,434,:
354:348,349,352,353,355,:
355:347,348,349,352,353,354,:
356:336,337,347,348,349,350,351,352,357,358,359,360,361,362,363,365,366,445,448,:
357:335,336,337,338,347,348,349,350,351,352,356,358,359,361,362,363,364,365,366,434,448,:
358:349,350,351,356,357,359,360,361,362,363,364,365,366,367,:
359:350,351,356,357,358,360,361,362,363,364,365,366,367,368,369,370,374,392,393,:
360:356,358,359,361,362,364,365,366,367,368,369,374,375,389,390,392,393,394,396,:
361:350,356,357,358,359,360,362,363,364,365,366,447,448,451,:
362:14,356,357,358,359,360,361,363,364,365,366,447,448,452,454,:
363:14,335,336,338,339,341,347,356,357,358,359,361,362,364,365,366,448,454,:
364:6,14,21,27,357,358,359,360,361,362,363,399,419,448,452,453,454,:
365:336,337,350,351,356,357,358,359,360,361,362,363,366,367,368,369,370,371,374,375,393,:
366:335,336,337,338,347,349,350,351,356,357,358,359,360,361,362,363,365,367,368,369,370,:
367:337,358,359,360,365,366,368,369,370,371,372,373,374,375,376,393,396,:
368:359,360,365,366,367,369,370,371,374,375,376,377,378,379,393,396,:
369:359,360,365,366,367,368,370,374,375,376,377,378,:
370:337,359,365,366,367,368,369,371,372,373,374,375,:
371:365,367,368,370,372,373,374,375,396,426,:
372:367,370,371,373,375,395,396,401,403,410,425,426,430,:
373:27,331,338,341,367,370,371,372,418,419,420,426,430,:
374:359,360,365,367,368,369,370,371,375,376,377,378,379,380,393,395,396,:
375:360,365,367,368,369,370,371,372,374,376,377,378,379,380,392,393,394,395,396,401,:
376:367,368,369,374,375,377,378,379,380,381,396,:
377:368,369,374,375,376,378,379,380,:
378:368,369,374,375,376,377,379,:
379:368,374,375,376,377,378,380,381,382,396,:
380:374,375,376,377,379,381,382,383,390,391,395,396,:
381:376,379,380,382,383,384,385,386,396,:
382:379,380,381,383,384,385,386,391,:
383:380,381,382,384,385,386,:
384:381,382,383,385,386,408,:
385:381,382,383,384,386,:
386:381,382,383,384,385,:
387:388,389,390,391,392,393,487,488,489,:
388:387,389,390,391,487,488,489,490,:
389:360,387,388,390,391,392,393,394,488,489,:
390:360,380,387,388,389,391,392,393,394,395,396,397,398,400,:
391:380,382,387,388,389,390,392,393,394,395,397,400,490,:
392:359,360,375,387,389,390,391,393,394,395,396,397,398,400,401,402,:
393:359,360,365,367,368,374,375,387,389,390,391,392,394,395,396,397,398,:
394:360,375,389,390,391,392,393,395,396,397,398,399,400,401,402,403,410,:
395:372,374,375,380,390,391,392,393,394,396,397,398,401,402,403,404,406,407,408,409,410,:
396:360,367,368,371,372,374,375,376,379,380,381,390,392,393,394,395,397,401,402,403,406,:
397:390,391,392,393,394,395,396,398,399,400,401,402,410,416,:
398:390,392,393,394,395,397,399,400,:
399:6,14,20,21,364,394,397,398,400,416,419,:
400:390,391,392,394,397,398,399,490,:
401:372,375,392,394,395,396,397,402,403,404,405,406,407,408,409,410,:
402:392,394,395,396,397,401,403,404,405,406,407,408,409,410,411,:
403:372,394,395,396,401,402,404,405,406,407,408,409,410,411,426,:
404:395,401,402,403,405,406,407,408,409,410,411,412,413,414,425,426,:
405:401,402,403,404,406,407,408,409,410,411,412,413,425,426,428,:
406:395,396,401,402,403,404,405,407,408,409,410,:
407:395,401,402,403,404,405,406,408,409,410,:
408:384,395,401,402,403,404,405,406,407,409,410,:
409:395,401,402,403,404,405,406,407,408,410,411,412,413,414,415,416,425,426,:
410:372,394,395,397,401,402,403,404,405,406,407,408,409,411,412,414,415,416,418,425,426,:
411:402,403,404,405,409,410,412,413,414,415,416,417,421,425,426,427,:
412:404,405,409,410,411,413,414,415,417,421,425,426,427,428,430,:
413:404,405,409,411,412,414,415,417,421,425,426,427,428,:
414:404,409,410,411,412,413,415,416,417,418,420,421,425,426,:
415:409,410,411,412,413,414,416,417,418,419,420,421,422,423,425,426,:
416:14,20,27,397,399,409,410,411,414,415,417,418,419,420,421,422,425,426,:
417:411,412,413,414,415,416,418,419,420,421,422,423,424,425,426,:
418:6,13,14,20,27,373,410,414,415,416,417,419,420,421,422,424,426,:
419:5,6,13,14,20,21,27,364,373,399,415,416,417,418,420,422,:
420:13,14,27,373,414,415,416,417,418,419,421,422,423,424,426,:
421:411,412,413,414,415,416,417,418,420,422,423,424,425,426,427,430,:
422:13,14,15,27,332,415,416,417,418,419,420,421,423,424,:
423:415,417,420,421,422,424,:
424:310,312,332,417,418,420,421,422,423,:
425:372,404,405,409,410,411,412,413,414,415,416,417,421,426,427,428,429,430,:
426:371,372,373,403,404,405,409,410,411,412,413,414,415,416,417,418,420,421,425,427,428,430,:
427:411,412,413,421,425,426,428,429,430,:
428:405,412,413,425,426,427,429,430,:
429:425,427,428,430,:
430:330,331,332,372,373,412,421,425,426,427,428,429,:
431:29,348,432,433,434,435,436,437,438,439,:
432:29,32,33,431,433,434,435,436,437,438,439,440,:
433:32,348,431,432,434,435,436,437,438,439,440,441,443,447,448,:
434:335,336,347,348,349,352,353,357,431,432,433,435,436,437,438,439,440,441,443,448,:
435:36,431,432,433,434,436,437,438,439,456,457,:
436:282,283,324,340,342,431,432,433,434,435,437,457,:
437:340,431,432,433,434,435,436,:
438:31,32,36,348,431,432,433,434,435,439,440,441,442,443,444,447,448,:
439:28,29,30,31,32,33,36,38,431,432,433,434,435,438,440,441,442,443,447,448,:
440:32,432,433,434,438,439,441,442,443,444,445,446,447,448,449,:
441:38,433,434,438,439,440,442,443,444,445,447,448,449,450,451,452,:
442:32,37,38,39,42,438,439,440,441,443,444,447,448,449,450,451,463,471,:
443:32,433,434,438,439,440,441,442,444,445,446,447,448,:
444:438,440,441,442,443,445,446,447,:
445:350,351,352,356,440,441,443,444,446,447,448,451,:
446:440,443,444,445,:
447:361,362,433,438,439,440,441,442,443,444,445,448,449,450,451,452,453,454,455,463,464,:
448:356,357,361,362,363,364,433,434,438,439,440,441,442,443,445,447,449,450,451,452,453,454,456,:
449:42,45,440,441,442,447,448,450,451,452,453,454,455,459,463,464,465,:
450:45,441,442,447,448,449,451,452,453,463,464,465,466,468,471,472,473,:
451:361,441,442,445,447,448,449,450,452,463,464,465,466,468,471,472,473,:
452:12,19,21,362,364,441,447,448,449,450,451,453,454,455,456,458,459,463,464,473,480,:
453:5,6,12,19,21,364,447,448,449,450,452,454,455,456,457,458,459,460,461,:
454:5,6,14,19,21,341,343,362,363,364,447,448,449,452,453,455,456,457,458,459,460,:
455:4,5,12,17,19,26,36,59,447,449,452,453,454,456,457,458,459,460,461,462,:
456:5,10,19,341,343,344,345,346,435,448,452,453,454,455,457,458,459,460,462,:
457:10,19,339,340,341,342,343,344,345,346,435,436,453,454,455,456,458,460,:
458:5,10,17,19,36,346,452,453,454,455,456,457,459,460,461,462,:
459:3,12,17,19,25,26,36,42,45,57,58,59,449,452,453,454,455,456,458,460,461,462,:
460:7,8,10,17,19,24,35,36,246,248,346,453,454,455,456,457,458,459,461,462,:
461:3,17,25,36,57,58,59,80,81,82,83,84,453,455,458,459,460,462,:
462:17,24,35,36,81,83,246,248,455,456,458,459,460,461,:
463:42,43,45,442,447,449,450,451,452,464,465,466,467,468,469,470,471,472,473,480,:
464:42,43,44,45,51,58,447,449,450,451,452,463,465,466,467,468,469,470,471,472,473,480,:
465:449,450,451,463,464,466,467,468,469,470,471,472,473,474,483,:
466:51,450,451,463,464,465,467,468,469,470,471,472,473,474,475,476,477,482,483,:
467:51,463,464,465,466,468,469,470,472,473,474,475,476,482,483,:
468:41,450,451,463,464,465,466,467,469,470,471,472,:
469:40,41,42,43,44,45,46,47,48,51,463,464,465,466,467,468,470,471,:
470:40,41,42,43,44,46,47,49,51,463,464,465,466,467,468,469,471,:
471:38,41,442,450,451,463,464,465,466,468,469,470,:
472:51,52,450,451,463,464,465,466,467,468,473,474,475,476,477,478,479,480,482,483,:
473:450,451,452,463,464,465,466,467,472,474,475,477,478,479,480,482,483,:
474:51,465,466,467,472,473,475,476,477,478,479,480,482,483,484,:
475:466,467,472,473,474,476,477,478,482,483,484,485,487,489,490,:
476:466,467,472,474,475,477,482,483,484,485,:
477:466,472,473,474,475,476,478,479,480,481,482,483,:
478:52,158,472,473,474,475,477,479,480,481,:
479:12,21,26,52,57,58,59,472,473,474,477,478,480,481,:
480:12,21,26,57,58,59,452,463,464,472,473,474,477,478,479,481,:
481:4,6,12,18,20,21,26,56,57,58,59,60,62,477,478,479,480,:
482:466,467,472,473,474,475,476,477,483,484,485,486,487,488,489,490,:
483:465,466,467,472,473,474,475,476,477,482,484,485,487,488,489,490,:
484:474,475,476,482,483,485,486,487,488,489,490,:
485:475,476,482,483,484,486,487,488,489,490,:
486:482,484,485,487,488,489,:
487:387,388,475,482,483,484,485,486,488,489,490,:
488:387,388,389,482,483,484,485,486,487,489,490,:
489:387,388,389,475,482,483,484,485,486,487,488,490,:
490:388,391,400,475,482,483,484,485,487,488,489,:
