1:2,3,4,5,6,8,12,13,14,16,18,19,23,58,59,60,61,62,67,68,69,73,74,76,80,81,197,266,:
2:1,3,4,5,6,8,12,13,14,16,18,19,59,60,61,62,67,68,73,74,76,80,189,192,193,196,197,202,203,206,:
3:1,2,4,5,6,7,8,12,13,24,58,59,60,61,62,63,67,68,73,80,81,197,266,:
4:1,2,3,5,6,7,12,24,58,59,60,61,62,63,67,81,263,265,266,:
5:1,2,3,4,6,7,8,9,10,12,58,59,60,61,62,63,67,80,81,197,202,203,204,412,417,418,:
6:1,2,3,4,5,7,8,9,10,11,24,58,60,61,62,63,64,65,66,80,81,411,412,413,417,418,419,:
7:3,4,5,6,8,9,10,11,58,60,61,62,63,64,65,66,81,413,417,418,419,:
8:1,2,3,5,6,7,9,10,11,23,24,61,62,63,64,65,66,80,81,410,411,412,413,417,418,:
9:5,6,7,8,10,11,58,62,63,64,65,66,81,413,414,416,417,419,:
10:5,6,7,8,9,11,23,24,61,63,64,65,66,80,81,410,411,413,414,415,:
11:6,7,8,9,10,63,64,65,66,81,413,414,415,416,:
12:1,2,3,4,5,13,14,15,16,17,18,19,23,58,59,60,61,67,68,69,73,74,75,76,80,197,266,:
13:1,2,3,12,14,15,16,17,18,19,20,67,68,69,70,71,72,73,74,75,76,88,197,266,:
14:1,2,12,13,15,16,17,18,19,20,21,22,23,28,30,67,68,69,71,72,76,77,79,80,88,90,:
15:12,13,14,16,17,19,20,21,22,28,30,32,67,68,69,70,71,72,76,77,88,90,266,269,273,:
16:1,2,12,13,14,15,17,18,19,67,68,69,70,71,72,73,74,75,76,266,:
17:12,13,14,15,16,18,68,69,70,71,72,73,74,75,88,91,97,558,:
18:1,2,12,13,14,16,17,67,68,69,70,71,72,73,74,75,206,:
19:1,2,12,13,14,15,16,20,21,22,23,28,30,32,67,68,72,76,77,78,79,80,85,86,88,90,188,189,:
20:13,14,15,19,21,22,23,27,28,29,30,31,32,76,77,78,79,80,84,85,86,87,88,90,103,189,:
21:14,15,19,20,22,23,24,26,27,28,30,76,77,78,79,80,84,85,86,103,189,651,:
22:14,15,19,20,21,23,24,25,26,27,28,76,77,78,79,80,81,82,83,84,85,86,:
23:1,8,10,12,14,19,20,21,22,24,25,26,27,60,76,77,78,79,80,81,82,83,84,:
24:3,4,6,8,10,21,22,23,25,26,27,60,79,80,81,82,83,84,:
25:22,23,24,26,27,60,80,81,82,83,84,269,270,:
26:21,22,23,24,25,27,78,80,81,82,83,84,269,270,272,273,280,:
27:20,21,22,23,24,25,26,77,78,79,80,81,82,83,84,272,273,278,280,:
28:14,15,19,20,21,22,29,30,31,32,33,42,76,77,78,79,85,86,87,88,89,90,103,189,453,455,:
29:20,28,30,31,32,33,85,86,87,88,89,90,91,92,173,174,175,453,454,455,466,467,468,469,470,:
30:14,15,19,20,21,28,29,31,32,33,34,42,76,77,78,85,86,87,88,89,90,91,92,173,174,175,455,:
31:20,28,29,30,32,33,34,35,39,40,41,42,43,44,45,77,85,86,87,88,89,90,91,92,93,98,99,100,102,103,469,:
32:15,19,20,28,29,30,31,33,34,35,39,41,42,43,72,77,85,86,87,88,89,90,91,92,93,97,99,103,175,:
33:28,29,30,31,32,34,35,36,38,39,42,43,72,87,88,89,90,91,92,93,97,175,371,:
34:30,31,32,33,35,36,37,38,39,42,43,89,90,91,92,93,94,95,96,97,:
35:31,32,33,34,36,37,38,39,40,42,47,89,90,91,92,93,94,95,96,97,109,469,:
36:33,34,35,37,38,39,40,47,49,50,52,53,54,92,93,94,95,96,97,98,109,350,:
37:34,35,36,38,39,50,93,94,95,96,97,109,341,342,350,:
38:33,34,35,36,37,39,93,94,95,96,97,109,342,549,550,552,553,:
39:31,32,33,34,35,36,37,38,42,43,72,90,91,92,93,94,95,96,97,552,553,558,:
40:31,35,36,41,42,43,44,45,46,47,48,49,50,51,89,93,94,98,99,100,104,105,106,107,108,109,110,546,:
41:31,32,40,42,43,44,45,46,47,48,49,89,98,99,100,101,102,103,104,105,106,546,:
42:28,30,31,32,33,34,35,39,40,41,43,44,45,46,47,77,86,89,90,92,93,98,99,100,101,102,103,:
43:31,32,33,34,39,40,41,42,44,45,77,86,89,90,97,98,99,100,102,103,273,278,546,549,553,:
44:31,40,41,42,43,45,46,47,48,89,98,99,100,101,102,103,104,105,106,546,:
45:31,40,41,42,43,44,46,78,84,86,89,99,100,101,102,103,104,105,106,278,651,:
46:40,41,42,44,45,47,48,98,99,100,101,102,103,104,105,106,510,:
47:35,36,40,41,42,44,46,48,49,50,51,52,54,89,93,94,98,99,100,104,105,107,108,109,110,111,477,:
48:40,41,44,46,47,49,50,51,52,54,89,93,98,99,104,105,108,109,110,111,469,472,473,476,477,486,:
49:36,40,41,47,48,50,51,52,53,54,94,98,99,104,107,108,109,110,111,112,477,546,:
50:36,37,40,47,48,49,51,52,53,94,95,98,107,108,109,110,111,112,543,545,546,:
51:40,47,48,49,50,52,53,54,55,56,94,98,107,108,109,110,111,112,131,477,482,484,:
52:36,47,48,49,50,51,53,54,55,56,57,94,107,109,110,111,112,113,114,115,124,125,126,130,131,484,:
53:36,49,50,51,52,54,55,56,57,94,107,109,110,111,112,113,114,115,126,130,131,132,:
54:36,47,48,49,51,52,53,55,56,57,93,94,110,111,112,113,114,115,124,125,131,469,477,482,483,484,:
55:51,52,53,54,56,57,94,111,112,113,114,115,124,126,127,130,:
56:51,52,53,54,55,57,93,94,110,112,113,114,115,123,124,125,126,157,469,483,:
57:52,53,54,55,56,94,112,113,114,115,123,124,125,126,:
58:1,3,4,5,6,7,9,12,59,60,61,62,63,67,81,266,:
59:1,2,3,4,5,12,58,60,62,63,67,73,262,263,264,265,266,:
60:1,2,3,4,5,6,7,12,23,24,25,58,59,62,63,67,80,81,82,265,266,269,:
61:1,2,3,4,5,6,7,8,10,12,58,62,63,196,197,201,202,203,204,411,412,417,418,:
62:1,2,3,4,5,6,7,8,9,58,59,60,61,63,202,204,412,417,418,419,:
63:3,4,5,6,7,8,9,10,11,58,59,60,61,62,64,81,417,418,419,:
64:6,7,8,9,10,11,63,66,81,416,:
65:6,7,8,9,10,11,66,80,410,411,630,631,:
66:6,7,8,9,10,11,64,65,629,:
67:1,2,3,4,5,12,13,14,15,16,18,19,58,59,60,68,69,73,74,265,266,267,269,:
68:1,2,3,12,13,14,15,16,17,18,19,67,69,70,71,72,73,74,75,76,88,189,192,195,196,197,:
69:1,12,13,14,15,16,17,18,67,68,70,71,72,73,74,75,265,266,557,558,:
70:13,15,16,17,18,68,69,71,72,73,74,75,91,97,230,369,558,560,:
71:13,14,15,16,17,18,68,69,70,72,73,74,75,88,91,175,192,195,370,:
72:13,14,15,16,17,18,19,32,33,39,68,69,70,71,74,75,88,90,91,97,558,:
73:1,2,3,12,13,16,17,18,59,67,68,69,70,71,74,75,206,213,266,:
74:1,2,12,13,16,17,18,67,68,69,70,71,72,73,75,195,197,205,206,209,210,:
75:12,13,16,17,18,68,69,70,71,72,73,74,230,261,:
76:1,2,12,13,14,15,16,19,20,21,22,23,28,30,68,77,78,79,80,85,86,88,188,189,190,192,:
77:14,15,19,20,21,22,23,27,28,30,31,32,42,43,76,78,79,84,85,86,88,90,103,273,:
78:19,20,21,22,23,26,27,28,30,45,76,77,79,80,84,85,86,102,103,455,649,651,:
79:14,19,20,21,22,23,24,27,28,76,77,78,80,84,85,86,188,189,437,:
80:1,2,3,5,6,8,10,12,14,19,20,21,22,23,24,25,26,27,60,65,76,78,79,81,189,:
81:1,3,4,5,6,7,8,9,10,11,22,23,24,25,26,27,58,60,63,64,80,82,:
82:22,23,24,25,26,27,60,81,83,269,270,622,:
83:22,23,24,25,26,27,82,84,270,271,272,273,274,278,280,623,:
84:20,21,22,23,24,25,26,27,45,77,78,79,83,86,101,103,272,273,278,280,651,:
85:19,20,21,22,28,29,30,31,32,76,77,78,79,86,87,88,89,90,187,188,189,453,454,455,:
86:19,20,21,22,28,29,30,31,32,42,43,45,76,77,78,79,84,85,87,88,89,90,99,102,103,453,455,:
87:20,28,29,30,31,32,33,85,86,88,89,92,173,174,175,185,186,187,188,189,453,454,455,466,467,468,:
88:13,14,15,17,19,20,28,29,30,31,32,33,68,71,72,76,77,85,86,87,89,90,91,92,173,174,175,188,189,190,:
89:28,29,30,31,32,33,34,35,40,41,42,43,44,45,47,48,85,86,87,88,90,91,92,93,99,102,103,455,468,469,470,472,475,:
90:14,15,19,20,28,29,30,31,32,33,34,35,39,42,43,72,77,85,86,88,89,91,92,97,103,:
91:17,29,30,31,32,33,34,35,39,70,71,72,88,89,90,92,93,97,175,369,371,:
92:29,30,31,32,33,34,35,36,39,42,87,88,89,90,91,93,97,173,174,175,371,468,469,:
93:31,32,33,34,35,36,37,38,39,40,42,47,48,54,56,89,91,92,94,99,114,157,468,469,:
94:34,35,36,37,38,39,40,47,49,50,51,52,53,54,55,56,57,93,95,98,107,109,111,112,113,114,350,:
95:34,35,36,37,38,39,50,94,96,107,109,341,342,:
96:34,35,36,37,38,39,95,97,341,342,343,549,550,551,552,553,554,558,:
97:17,32,33,34,35,36,37,38,39,43,70,72,90,91,92,96,552,553,554,557,558,560,:
98:31,36,40,41,42,43,44,46,47,48,49,50,51,94,99,100,104,105,107,108,109,545,546,549,:
99:31,32,40,41,42,43,44,45,46,47,48,49,86,89,93,98,100,101,102,103,104,105,106,469,470,472,475,477,:
100:31,40,41,42,43,44,45,46,47,98,99,101,102,103,104,105,106,277,278,541,546,:
101:41,42,44,45,46,84,99,100,102,103,104,105,106,278,280,510,651,:
102:31,41,42,43,44,45,46,78,86,89,99,100,101,103,104,105,106,455,475,650,651,:
103:20,21,28,31,32,41,42,43,44,45,46,77,78,84,86,89,90,99,100,101,102,105,106,278,651,:
104:40,41,44,45,46,47,48,49,98,99,100,101,102,105,106,108,546,:
105:40,41,44,45,46,47,48,98,99,100,101,102,103,104,106,475,477,486,489,490,510,:
106:40,41,44,45,46,99,100,101,102,103,104,105,510,539,541,:
107:40,47,49,50,51,52,53,94,95,98,108,109,110,111,112,546,:
108:40,47,48,49,50,51,98,104,107,109,110,111,542,543,544,545,546,:
109:35,36,37,38,40,47,48,49,50,51,52,53,94,95,98,107,108,111,112,545,546,549,:
110:40,47,48,49,50,51,52,53,54,56,107,108,111,112,125,131,476,477,481,482,483,484,:
111:47,48,49,50,51,52,53,54,55,94,107,108,109,110,112,130,131,484,:
112:49,50,51,52,53,54,55,56,57,94,107,109,110,111,113,130,131,132,:
113:52,53,54,55,56,57,94,112,115,126,127,:
114:52,53,54,55,56,57,93,94,115,123,124,125,156,157,468,469,483,:
115:52,53,54,55,56,57,113,114,123,124,128,157,351,:
116:117,118,119,120,121,122,133,674,676,677,:
117:116,118,119,120,121,122,123,676,680,682,:
118:116,117,119,120,121,122,123,133,134,139,141,674,675,:
119:116,117,118,120,121,122,133,134,135,137,138,139,140,141,:
120:116,117,118,119,121,133,134,135,139,140,141,142,:
121:116,117,118,119,120,122,123,124,133,139,:
122:116,117,118,119,121,123,124,125,126,127,128,483,674,675,676,680,681,:
123:56,57,114,115,117,118,121,122,124,125,126,127,128,129,130,131,483,681,:
124:52,54,55,56,57,114,115,121,122,123,125,126,127,128,129,130,131,132,482,483,484,681,:
125:52,54,56,57,110,114,122,123,124,126,127,128,130,131,132,481,482,483,484,675,680,681,682,:
126:52,53,55,56,57,113,122,123,124,125,127,128,129,130,131,132,483,484,:
127:55,113,122,123,124,125,126,128,129,130,131,132,:
128:115,122,123,124,125,126,127,129,130,132,:
129:123,124,126,127,128,130,131,132,:
130:52,53,55,111,112,123,124,125,126,127,128,129,131,132,482,484,:
131:51,52,53,54,110,111,112,123,124,125,126,127,129,130,132,482,483,484,:
132:53,112,124,125,126,127,128,129,130,131,484,:
133:116,118,119,120,121,134,135,136,137,138,139,140,141,:
134:118,119,120,133,135,136,137,138,139,140,141,142,:
135:119,120,133,134,136,137,138,139,140,141,142,143,144,145,156,158,159,:
136:133,134,135,137,138,139,140,141,142,143,151,152,156,158,159,160,163,164,:
137:119,133,134,135,136,138,139,140,141,159,:
138:119,133,134,135,136,137,139,156,159,162,460,:
139:118,119,120,121,133,134,135,136,137,138,156,460,673,:
140:119,120,133,134,135,136,137,141,142,143,144,145,146,148,159,:
141:118,119,120,133,134,135,136,137,140,142,143,144,145,146,:
142:120,134,135,136,140,141,143,144,145,146,147,148,:
143:135,136,140,141,142,144,145,146,:
144:135,140,141,142,143,145,:
145:135,140,141,142,143,144,146,147,148,:
146:140,141,142,143,145,147,148,:
147:142,145,146,148,:
148:140,142,145,146,147,151,154,156,:
149:150,151,152,153,154,155,158,159,355,356,373,:
150:149,151,152,153,154,354,355,356,363,365,372,373,:
151:136,148,149,150,152,153,154,155,156,157,158,159,160,356,373,:
152:136,149,150,151,153,154,155,156,158,159,160,161,162,163,167,168,372,373,:
153:149,150,151,152,154,155,158,159,160,161,167,168,172,365,366,372,373,374,375,376,377,:
154:148,149,150,151,152,153,155,156,157,158,159,356,:
155:149,151,152,153,154,156,157,158,159,:
156:114,135,136,138,139,148,151,152,154,155,157,158,159,:
157:56,93,114,115,151,154,155,156,371,467,469,:
158:135,136,149,151,152,153,154,155,156,159,160,161,162,163,164,166,167,168,:
159:135,136,137,138,140,149,151,152,153,154,155,156,158,160,161,162,163,164,166,:
160:136,151,152,153,158,159,161,162,163,164,165,166,167,168,169,:
161:152,153,158,159,160,162,163,164,167,168,169,170,172,176,177,376,462,463,:
162:138,152,158,159,160,161,163,167,168,169,170,172,176,177,461,462,463,:
163:136,152,158,159,160,161,162,164,165,166,167,168,:
164:136,158,159,160,161,163,165,166,:
165:160,163,164,166,:
166:158,159,160,163,164,165,:
167:152,153,158,160,161,162,163,168,169,170,171,172,173,176,177,376,463,:
168:152,153,158,160,161,162,163,167,169,170,171,172,176,177,373,374,375,376,377,:
169:160,161,162,167,168,170,171,172,173,174,175,176,177,178,186,191,376,462,463,466,:
170:161,162,167,168,169,171,172,173,174,176,177,178,179,181,185,186,190,191,376,462,463,:
171:167,168,169,170,172,173,174,176,177,178,179,180,185,186,190,191,192,194,195,376,383,387,:
172:153,161,162,167,168,169,170,171,173,174,175,176,177,186,191,370,376,:
173:29,30,87,88,92,167,169,170,171,172,174,175,186,190,191,195,466,467,:
174:29,30,87,88,92,169,170,171,172,173,175,176,177,185,186,187,188,190,191,453,454,465,466,467,:
175:29,30,32,33,71,87,88,91,92,169,172,173,174,190,191,195,370,371,:
176:161,162,167,168,169,170,171,172,174,177,178,179,180,181,182,183,184,185,186,191,457,462,463,:
177:161,162,167,168,169,170,171,172,174,176,178,179,181,182,183,184,185,186,456,457,461,462,463,466,:
178:169,170,171,176,177,179,180,181,182,183,184,185,186,187,191,457,:
179:170,171,176,177,178,180,181,182,183,184,185,186,187,188,190,191,:
180:171,176,178,179,181,182,183,185,186,187,188,190,191,392,393,395,:
181:170,176,177,178,179,180,182,183,184,185,186,442,457,:
182:176,177,178,179,180,181,183,184,185,186,441,442,447,449,450,456,457,462,464,:
183:176,177,178,179,180,181,182,184,185,186,187,441,442,447,449,450,456,457,:
184:176,177,178,179,181,182,183,457,462,:
185:87,170,171,174,176,177,178,179,180,181,182,183,186,187,188,189,190,191,453,454,457,466,:
186:87,169,170,171,172,173,174,176,177,178,179,180,181,182,183,185,187,188,190,191,449,453,454,456,457,465,466,:
187:85,87,174,178,179,180,183,185,186,188,189,190,191,192,437,453,454,:
188:19,76,79,85,87,88,174,179,180,185,186,187,189,190,191,192,193,195,:
189:2,19,20,21,28,68,76,79,80,85,87,88,185,187,188,190,191,192,193,195,197,437,:
190:76,88,170,171,173,174,175,179,180,185,186,187,188,189,191,192,193,194,195,196,197,:
191:169,170,171,172,173,174,175,176,178,179,180,185,186,187,188,189,190,192,193,194,195,:
192:2,68,71,76,171,187,188,189,190,191,193,194,195,196,197,198,206,387,:
193:2,188,189,190,191,192,194,195,196,197,198,199,201,203,205,206,386,387,:
194:171,190,191,192,193,195,196,197,198,199,200,205,206,383,384,386,387,388,391,392,395,:
195:68,71,74,171,173,175,188,189,190,191,192,193,194,196,197,206,209,370,:
196:2,61,68,190,192,193,194,195,197,198,199,200,201,202,203,205,206,387,:
197:1,2,3,5,12,13,61,68,74,189,190,192,193,194,195,196,198,199,201,202,203,204,205,206,:
198:192,193,194,196,197,199,200,201,202,203,204,205,206,207,387,401,:
199:193,194,196,197,198,200,201,202,205,206,207,208,209,210,211,212,387,:
200:194,196,198,199,201,205,206,207,208,210,211,212,386,387,:
201:61,193,196,197,198,199,200,202,203,204,205,206,211,213,400,401,:
202:2,5,61,62,196,197,198,199,201,203,204,400,401,402,411,412,417,418,:
203:2,5,61,193,196,197,198,201,202,204,394,395,400,401,402,409,410,411,412,418,:
204:5,61,62,197,198,201,202,203,401,411,412,413,417,418,419,:
205:74,193,194,196,197,198,199,200,201,206,207,208,209,210,211,212,213,214,215,387,:
206:2,18,73,74,192,193,194,195,196,197,198,199,200,201,205,207,208,209,210,211,213,:
207:198,199,200,205,206,208,209,210,211,212,213,214,215,216,:
208:199,200,205,206,207,209,210,211,214,215,216,217,219,220,221,224,381,382,383,:
209:74,195,199,205,206,207,208,210,214,215,216,217,221,223,224,370,381,382,383,:
210:74,199,200,205,206,207,208,209,211,212,213,214,215,319,:
211:199,200,201,205,206,207,208,210,212,213,:
212:199,200,205,207,210,211,213,243,:
213:73,201,205,206,207,210,211,212,:
214:205,207,208,209,210,215,216,217,218,219,220,221,222,223,224,382,:
215:205,207,208,209,210,214,216,217,218,219,220,221,:
216:207,208,209,214,215,217,218,219,220,221,222,223,224,225,313,367,381,382,:
217:208,209,214,215,216,218,219,220,222,223,224,225,226,228,230,312,313,367,:
218:214,215,216,217,219,222,223,224,225,228,230,312,313,314,315,316,317,318,319,:
219:208,214,215,216,217,218,220,221,222,223,224,367,381,382,:
220:208,214,215,216,217,219,221,222,367,374,375,381,382,383,:
221:208,209,214,215,216,219,220,222,381,382,383,384,385,:
222:214,216,217,218,219,220,221,223,224,367,382,:
223:209,214,216,217,218,219,222,224,225,226,227,228,229,230,313,364,367,:
224:208,209,214,216,217,218,219,222,223,225,226,227,228,230,363,364,365,366,367,368,370,:
225:216,217,218,223,224,226,227,228,229,230,316,364,367,:
226:217,223,224,225,227,228,229,230,316,363,364,367,:
227:223,224,225,226,228,229,336,348,354,355,363,364,365,366,367,368,:
228:217,218,223,224,225,226,227,229,230,:
229:223,225,226,227,228,230,316,333,336,:
230:70,75,217,218,223,224,225,226,228,229,:
231:232,233,234,235,236,237,244,245,:
232:231,233,234,235,236,:
233:231,232,234,235,236,237,238,244,245,246,:
234:231,232,233,235,236,237,244,245,246,247,248,249,250,:
235:231,232,233,234,236,244,245,246,247,249,250,307,:
236:231,232,233,234,235,237,238,239,244,245,:
237:231,233,234,236,238,239,240,241,244,245,248,:
238:233,236,237,239,240,241,242,243,320,:
239:236,237,238,240,241,242,243,248,260,:
240:237,238,239,241,242,243,:
241:237,238,239,240,242,243,:
242:238,239,240,241,243,260,318,319,320,:
243:212,238,239,240,241,242,:
244:231,233,234,235,236,237,245,246,247,248,249,250,253,254,:
245:231,233,234,235,236,237,244,246,247,248,249,250,:
246:233,234,235,244,245,247,248,249,250,251,253,254,255,307,:
247:234,235,244,245,246,248,249,250,253,254,255,256,258,259,260,307,:
248:234,237,239,244,245,246,247,249,253,254,255,258,260,:
249:234,235,244,245,246,247,248,250,251,252,253,254,307,:
250:234,235,244,245,246,247,249,251,252,:
251:246,249,250,252,:
252:249,250,251,296,:
253:244,246,247,248,249,254,255,256,257,258,259,260,262,263,304,307,:
254:244,246,247,248,249,253,255,256,257,258,259,260,303,304,305,306,307,:
255:246,247,248,253,254,256,257,258,259,260,261,262,263,264,304,:
256:247,253,254,255,257,258,259,260,261,262,263,264,265,266,298,304,:
257:253,254,255,256,258,259,261,262,263,264,265,290,293,294,296,298,303,304,305,307,309,559,:
258:247,248,253,254,255,256,257,259,260,261,262,263,:
259:247,253,254,255,256,257,258,260,261,:
260:239,242,247,248,253,254,255,256,258,259,261,263,319,:
261:75,255,256,257,258,259,260,309,559,:
262:59,253,255,256,257,258,263,264,265,266,267,268,298,300,:
263:4,59,253,255,256,257,258,260,262,264,265,266,:
264:59,255,256,257,262,263,265,266,267,268,269,290,298,300,:
265:4,59,60,67,69,256,257,262,263,264,266,267,268,269,270,290,559,:
266:1,3,4,12,13,15,16,58,59,60,67,69,73,256,262,263,264,265,267,268,269,:
267:67,262,264,265,266,268,269,270,271,272,273,287,290,559,:
268:262,264,265,266,267,269,270,271,272,286,287,288,289,290,559,562,:
269:15,25,26,60,67,82,264,265,266,267,268,270,271,272,273,274,:
270:25,26,82,83,265,267,268,269,271,272,273,274,275,276,277,281,282,287,:
271:83,267,268,269,270,272,273,274,275,276,281,282,286,287,290,:
272:26,27,83,84,267,268,269,270,271,273,274,275,276,277,278,279,280,281,282,287,553,:
273:15,26,27,43,77,83,84,267,269,270,271,272,274,275,276,277,278,280,553,:
274:83,269,270,271,272,273,275,276,277,278,279,280,281,282,283,287,:
275:270,271,272,273,274,276,277,278,279,281,282,283,284,286,287,561,562,570,:
276:270,271,272,273,274,275,277,279,281,282,283,284,286,287,547,548,549,550,551,552,553,554,555,561,562,563,564,566,567,570,:
277:100,270,272,273,274,275,276,278,279,280,281,282,547,549,:
278:27,43,45,83,84,100,101,103,272,273,274,275,277,279,280,:
279:272,274,275,276,277,278,280,281,282,537,541,545,547,548,570,584,589,:
280:26,27,83,84,101,272,273,274,277,278,279,591,:
281:270,271,272,274,275,276,277,279,282,283,284,285,286,287,562,:
282:270,271,272,274,275,276,277,279,281,283,284,286,287,590,:
283:274,275,276,281,282,284,285,286,287,288,562,564,566,569,570,:
284:275,276,281,282,283,285,286,287,288,289,562,563,564,565,:
285:281,283,284,286,287,288,289,564,565,:
286:268,271,275,276,281,282,283,284,285,287,288,289,290,291,292,562,563,:
287:267,268,270,271,272,274,275,276,281,282,283,284,285,286,288,289,290,562,:
288:268,283,284,285,286,287,289,290,291,292,293,:
289:268,284,285,286,287,288,290,291,292,293,294,296,297,299,563,:
290:257,264,265,267,268,271,286,287,288,289,291,292,293,294,296,304,562,563,:
291:286,288,289,290,292,293,294,295,296,297,299,303,304,:
292:286,288,289,290,291,293,294,295,296,297,299,:
293:257,288,289,290,291,292,294,295,296,297,298,299,303,304,305,:
294:257,289,290,291,292,293,295,296,297,303,304,305,306,307,308,310,:
295:291,292,293,294,296,303,304,305,306,308,310,:
296:252,257,289,290,291,292,293,294,295,297,298,299,300,301,303,304,:
297:289,291,292,293,294,296,298,299,300,301,302,:
298:256,257,262,264,293,296,297,299,300,301,302,:
299:289,291,292,293,296,297,298,300,301,302,:
300:262,264,296,297,298,299,301,302,:
301:296,297,298,299,300,302,:
302:297,298,299,300,301,:
303:254,257,291,293,294,295,296,304,305,306,307,308,309,310,:
304:253,254,255,256,257,290,291,293,294,295,296,303,305,306,307,308,309,310,:
305:254,257,293,294,295,303,304,306,307,308,309,310,311,:
306:254,294,295,303,304,305,307,308,309,310,:
307:235,246,247,249,253,254,257,294,303,304,305,306,308,309,:
308:294,295,303,304,305,306,307,309,310,311,:
309:257,261,303,304,305,306,307,308,310,311,559,:
310:294,295,303,304,305,306,308,309,311,556,:
311:305,308,309,310,323,324,:
312:217,218,313,314,315,316,317,318,320,:
313:216,217,218,223,312,314,315,316,317,318,320,:
314:218,312,313,315,316,317,318,319,320,:
315:218,312,313,314,316,317,318,:
316:218,225,226,229,312,313,314,315,317,:
317:218,312,313,314,315,316,318,319,320,:
318:218,242,312,313,314,315,317,319,320,:
319:210,218,242,260,314,317,318,320,:
320:238,242,312,313,314,317,318,319,:
321:322,323,324,325,326,327,328,329,:
322:321,323,324,325,326,327,328,329,330,:
323:311,321,322,324,325,326,327,328,329,330,331,332,333,:
324:311,321,322,323,325,326,328,329,330,331,337,343,:
325:321,322,323,324,326,327,328,:
326:321,322,323,324,325,327,:
327:321,322,323,325,326,:
328:321,322,323,324,325,329,330,331,332,333,334,335,336,337,:
329:321,322,323,324,328,330,331,332,333,336,:
330:322,323,324,328,329,331,332,333,334,335,336,337,338,343,345,:
331:323,324,328,329,330,332,333,334,335,336,337,338,339,341,342,343,344,345,:
332:323,328,329,330,331,333,334,335,336,337,338,339,340,343,344,345,:
333:229,323,328,329,330,331,332,334,335,336,337,343,345,348,:
334:328,330,331,332,333,335,336,337,343,344,345,347,348,560,:
335:328,330,331,332,333,334,336,337,338,339,343,344,345,346,347,348,350,:
336:227,229,328,329,330,331,332,333,334,335,345,348,:
337:324,328,330,331,332,333,334,335,338,339,340,341,342,343,344,345,:
338:330,331,332,335,337,339,340,341,342,343,344,345,346,:
339:331,332,335,337,338,340,341,342,343,344,345,346,347,349,350,:
340:332,337,338,339,341,344,345,346,349,:
341:37,95,96,331,337,338,339,340,342,343,344,345,:
342:37,38,95,96,331,337,338,339,341,343,345,551,:
343:96,324,330,331,332,333,334,335,337,338,339,341,342,344,345,:
344:331,332,334,335,337,338,339,340,341,343,345,346,347,348,349,350,351,352,353,:
345:330,331,332,333,334,335,336,337,338,339,340,341,342,343,344,346,347,348,349,350,:
346:335,338,339,340,344,345,347,348,349,350,351,352,353,354,:
347:334,335,339,344,345,346,348,349,350,351,352,353,354,355,356,357,363,364,:
348:227,333,334,335,336,344,345,346,347,349,350,351,352,353,354,355,356,363,364,369,:
349:339,340,344,345,346,347,348,350,351,352,353,:
350:36,37,94,335,339,344,345,346,347,348,349,351,371,:
351:115,344,346,347,348,349,350,352,353,356,:
352:344,346,347,348,349,351,353,354,355,356,357,358,359,360,363,364,:
353:344,346,347,348,349,351,352,354,355,356,357,358,359,360,362,:
354:150,227,346,347,348,352,353,355,356,357,358,359,360,362,363,364,365,:
355:149,150,227,347,348,352,353,354,356,357,358,363,364,365,366,368,369,:
356:149,150,151,154,347,348,351,352,353,354,355,357,363,364,365,366,373,:
357:347,352,353,354,355,356,358,359,360,361,362,363,364,:
358:352,353,354,355,357,359,360,361,362,:
359:352,353,354,357,358,360,361,362,:
360:352,353,354,357,358,359,361,362,:
361:357,358,359,360,362,:
362:353,354,357,358,359,360,361,:
363:150,224,226,227,347,348,352,354,355,356,357,364,365,366,367,368,369,370,371,372,373,:
364:223,224,225,226,227,347,348,352,354,355,356,357,363,365,366,367,368,369,:
365:150,153,224,227,354,355,356,363,364,366,367,368,369,370,371,372,373,374,:
366:153,224,227,355,356,363,364,365,367,368,369,370,372,373,374,375,377,378,381,382,:
367:216,217,219,220,222,223,224,225,226,227,363,364,365,366,368,370,372,373,374,375,381,382,:
368:224,227,355,363,364,365,366,367,369,370,371,372,373,:
369:70,91,348,355,363,364,365,366,368,370,371,:
370:71,172,175,195,209,224,363,365,366,367,368,369,371,372,373,:
371:33,91,92,157,175,350,363,365,368,369,370,:
372:150,152,153,363,365,366,367,368,370,373,374,375,376,377,378,379,380,381,382,:
373:149,150,151,152,153,168,356,363,365,366,367,368,370,372,374,375,376,377,378,:
374:153,168,220,365,366,367,372,373,375,376,377,378,379,380,381,382,383,:
375:153,168,220,366,367,372,373,374,376,377,378,379,381,382,383,384,385,:
376:153,161,167,168,169,170,171,172,372,373,374,375,377,379,381,382,383,384,385,:
377:153,168,366,372,373,374,375,376,378,379,380,381,382,:
378:366,372,373,374,375,377,379,380,:
379:372,374,375,376,377,378,380,381,382,:
380:372,374,377,378,379,:
381:208,209,216,219,220,221,366,367,372,374,375,376,377,379,382,383,384,385,386,387,:
382:208,209,214,216,219,220,221,222,366,367,372,374,375,376,377,379,381,383,384,385,:
383:171,194,208,209,220,221,374,375,376,381,382,384,385,386,387,388,:
384:194,221,375,376,381,382,383,385,386,387,388,389,391,:
385:221,375,376,381,382,383,384,386,387,388,389,390,:
386:193,194,200,381,383,384,385,387,388,389,390,391,392,:
387:171,192,193,194,196,198,199,200,205,381,383,384,385,386,388,389,391,392,:
388:194,383,384,385,386,387,389,390,391,392,393,:
389:384,385,386,387,388,390,391,392,:
390:385,386,388,389,391,:
391:194,384,386,387,388,389,390,392,393,394,395,396,397,398,:
392:180,194,386,387,388,389,391,393,394,395,396,397,398,:
393:180,388,391,392,394,395,396,397,398,399,400,401,:
394:203,391,392,393,395,396,397,398,399,400,401,402,403,405,:
395:180,194,203,391,392,393,394,396,397,398,400,401,402,405,409,:
396:391,392,393,394,395,397,398,399,400,401,402,403,405,:
397:391,392,393,394,395,396,398,399,400,401,402,403,:
398:391,392,393,394,395,396,397,399,400,402,:
399:393,394,396,397,398,400,401,402,:
400:201,202,203,393,394,395,396,397,398,399,401,402,409,412,:
401:198,201,202,203,204,393,394,395,396,397,399,400,402,409,411,412,:
402:202,203,394,395,396,397,398,399,400,401,:
403:394,396,397,404,405,406,407,408,409,:
404:403,405,406,407,408,409,:
405:394,395,396,403,404,406,407,408,409,410,421,:
406:403,404,405,407,408,409,420,421,:
407:403,404,405,406,408,420,421,422,426,:
408:403,404,405,406,407,409,410,411,:
409:203,395,400,401,403,404,405,406,408,410,411,412,413,414,415,:
410:8,10,65,203,405,408,409,411,412,413,414,415,416,417,418,:
411:6,8,10,61,65,202,203,204,401,408,409,410,412,413,414,415,416,417,418,419,:
412:5,6,8,61,62,202,203,204,400,401,409,410,411,413,414,415,417,418,419,:
413:6,7,8,9,10,11,204,409,410,411,412,414,415,416,417,418,419,:
414:9,10,11,409,410,411,412,413,415,416,417,418,419,:
415:10,11,409,410,411,412,413,414,416,417,419,:
416:9,11,64,410,411,413,414,415,417,418,419,:
417:5,6,7,8,9,61,62,63,202,204,410,411,412,413,414,415,416,418,419,:
418:5,6,7,8,61,62,63,202,203,204,410,411,412,413,414,416,417,419,:
419:6,7,9,62,63,204,411,412,413,414,415,416,417,418,:
420:406,407,421,422,423,424,425,426,428,:
421:405,406,407,420,422,423,424,425,426,:
422:407,420,421,423,424,425,426,427,428,:
423:420,421,422,424,425,426,:
424:420,421,422,423,425,:
425:420,421,422,423,424,426,427,428,:
426:407,420,421,422,423,425,427,428,:
427:422,425,426,428,:
428:420,422,425,426,427,429,431,:
429:428,430,431,432,433,434,435,438,439,635,636,653,:
430:429,431,432,433,434,631,634,635,636,643,645,653,:
431:428,429,430,432,433,434,435,436,437,438,439,440,636,653,:
432:429,430,431,433,434,435,436,438,439,440,441,442,443,447,448,652,653,:
433:429,430,431,432,434,435,438,439,440,441,447,448,452,645,646,652,653,654,656,657,:
434:429,430,431,432,433,435,436,437,438,439,636,:
435:429,431,432,433,434,436,437,438,439,:
436:431,432,434,435,437,439,:
437:79,187,189,431,434,435,436,:
438:429,431,432,433,434,435,439,440,441,442,443,444,446,447,448,653,:
439:429,431,432,433,434,435,436,438,440,441,442,443,444,446,:
440:431,432,433,438,439,441,442,443,444,445,446,447,448,449,653,656,:
441:182,183,432,433,438,439,440,442,443,444,447,448,449,450,452,457,656,:
442:181,182,183,432,438,439,440,441,443,447,448,449,450,452,457,:
443:432,438,439,440,441,442,444,445,446,447,448,:
444:438,439,440,441,443,445,446,:
445:440,443,444,446,:
446:438,439,440,443,444,445,:
447:182,183,432,433,438,440,441,442,443,448,449,450,451,452,453,456,457,655,656,:
448:432,433,438,440,441,442,443,447,449,450,451,452,456,653,654,655,656,:
449:182,183,186,440,441,442,447,448,450,451,452,453,454,455,456,457,458,466,471,656,:
450:182,183,441,442,447,448,449,451,452,453,454,456,457,458,459,461,465,466,470,471,656,:
451:447,448,449,450,452,453,454,456,457,458,459,460,465,466,470,471,472,474,475,656,663,667,:
452:433,441,442,447,448,449,450,451,453,454,455,456,457,466,471,650,656,:
453:28,29,85,86,87,174,185,186,187,447,449,450,451,452,454,455,456,465,466,470,471,475,:
454:29,85,87,174,185,186,187,449,450,451,452,453,455,456,457,465,466,467,468,470,471,:
455:28,29,30,78,85,86,87,89,102,449,452,453,454,470,471,475,650,:
456:177,182,183,186,447,448,449,450,451,452,453,454,457,458,459,460,461,462,463,464,465,466,471,:
457:176,177,178,181,182,183,184,185,186,441,442,447,449,450,451,452,454,456,458,459,461,462,463,464,465,466,:
458:449,450,451,456,457,459,460,461,462,463,464,465,466,467,471,:
459:450,451,456,457,458,460,461,462,463,464,465,466,467,468,470,471,:
460:138,139,451,456,458,459,461,462,463,465,466,467,468,470,471,672,673,675,:
461:162,177,450,456,457,458,459,460,462,463,464,465,466,:
462:161,162,169,170,176,177,182,184,456,457,458,459,460,461,463,464,465,466,:
463:161,162,167,169,170,176,177,456,457,458,459,460,461,462,464,465,466,467,:
464:182,456,457,458,459,461,462,463,:
465:174,186,450,451,453,454,456,457,458,459,460,461,462,463,466,467,468,469,470,471,:
466:29,87,169,173,174,177,185,186,449,450,451,452,453,454,456,457,458,459,460,461,462,463,465,467,468,470,471,:
467:29,87,157,173,174,454,458,459,460,463,465,466,468,469,470,471,472,:
468:29,87,89,92,93,114,454,459,460,465,466,467,469,470,471,472,473,474,475,:
469:29,31,35,48,54,56,89,92,93,99,114,157,465,467,468,470,471,472,473,476,477,:
470:29,89,99,450,451,453,454,455,459,460,465,466,467,468,469,471,472,473,474,475,476,477,:
471:449,450,451,452,453,454,455,456,458,459,460,465,466,467,468,469,470,472,473,474,475,:
472:48,89,99,451,467,468,469,470,471,473,474,475,476,477,478,486,:
473:48,468,469,470,471,472,474,475,476,477,478,479,481,483,485,486,667,:
474:451,468,470,471,472,473,475,476,477,478,479,480,485,486,663,664,666,667,668,671,672,675,:
475:89,99,102,105,451,453,455,468,470,471,472,473,474,476,477,486,489,650,:
476:48,110,469,470,472,473,474,475,477,478,479,480,481,482,483,485,486,667,:
477:47,48,49,51,54,99,105,110,469,470,472,473,474,475,476,478,479,481,482,483,484,485,486,:
478:472,473,474,476,477,479,480,481,482,483,484,485,486,487,667,675,681,:
479:473,474,476,477,478,480,481,482,485,486,487,488,489,490,491,492,667,:
480:474,476,478,479,481,485,486,487,488,492,666,667,:
481:110,125,473,476,477,478,479,480,482,483,484,485,486,680,681,:
482:51,54,110,124,125,130,131,476,477,478,479,481,483,484,675,680,681,682,:
483:54,56,110,114,122,123,124,125,126,131,473,476,477,478,481,482,484,674,675,676,680,681,682,:
484:51,52,54,110,111,124,125,126,130,131,132,477,478,481,482,483,680,681,:
485:473,474,476,477,478,479,480,481,486,487,488,489,490,491,492,493,494,495,:
486:48,105,472,473,474,475,476,477,478,479,480,481,485,487,488,489,490,491,493,:
487:478,479,480,485,486,488,489,490,491,492,493,494,495,496,:
488:479,480,485,486,487,489,490,491,494,495,496,497,498,499,500,501,662,663,:
489:105,475,479,485,486,487,488,490,494,495,496,497,501,503,504,661,662,663,:
490:105,479,485,486,487,488,489,491,492,493,494,495,599,:
491:479,485,486,487,488,490,492,493,522,:
492:479,480,485,487,490,491,493,495,522,523,:
493:485,486,487,490,491,492,520,522,523,:
494:485,487,488,489,490,495,496,497,498,499,500,501,502,503,504,662,:
495:485,487,488,489,490,492,494,496,497,498,499,500,501,:
496:487,488,489,494,495,497,498,499,500,501,502,503,504,505,647,661,662,:
497:488,489,494,495,496,498,499,500,502,503,504,505,506,508,510,593,647,:
498:488,494,495,496,497,499,502,503,504,505,506,508,510,592,593,594,596,597,598,:
499:488,494,495,496,497,498,500,501,502,503,504,647,662,:
500:488,494,495,496,497,499,501,502,647,661,662,:
501:488,489,494,495,496,499,500,502,661,662,663,664,665,:
502:494,496,497,498,499,500,501,503,504,647,662,:
503:489,494,496,497,498,499,502,504,505,506,507,508,509,510,593,644,646,647,:
504:489,494,496,497,498,499,502,503,505,506,507,508,510,643,644,645,646,647,648,650,:
505:496,497,498,503,504,506,507,508,509,510,593,596,644,:
506:497,498,503,504,505,507,508,509,510,596,643,644,:
507:503,504,505,506,508,509,628,634,635,643,644,645,647,648,:
508:497,498,503,504,505,506,507,509,510,:
509:503,505,506,507,508,510,596,616,:
510:46,101,105,106,497,498,503,504,505,506,508,509,:
511:512,513,514,515,516,517,524,525,:
512:511,513,514,515,516,524,:
513:511,512,514,515,516,517,518,524,525,526,:
514:511,512,513,515,516,517,524,525,526,527,529,530,:
515:511,512,513,514,516,524,525,526,527,529,530,534,587,:
516:511,512,513,514,515,517,518,519,524,525,:
517:511,513,514,516,518,519,520,524,525,:
518:513,516,517,519,520,521,522,523,:
519:516,517,518,520,521,522,523,:
520:493,517,518,519,521,522,523,:
521:518,519,520,522,523,600,:
522:491,492,493,518,519,520,521,523,540,599,600,:
523:492,493,518,519,520,521,522,:
524:511,512,513,514,515,516,517,525,526,527,528,529,530,533,534,:
525:511,513,514,515,516,517,524,526,527,528,529,530,:
526:513,514,515,524,525,527,528,529,530,533,534,535,587,:
527:514,515,524,525,526,528,529,530,533,534,535,536,537,538,540,587,:
528:524,525,526,527,529,533,534,535,536,538,540,:
529:514,515,524,525,526,527,528,530,531,532,533,534,587,:
530:514,515,524,525,526,527,529,531,532,587,:
531:529,530,532,:
532:529,530,531,576,:
533:524,526,527,528,529,534,535,536,537,538,539,540,542,543,584,587,:
534:515,524,526,527,528,529,533,535,536,537,538,539,540,541,583,584,586,587,:
535:526,527,528,533,534,536,537,538,539,540,541,542,543,544,584,587,:
536:527,528,533,534,535,537,538,539,540,541,542,543,544,545,546,579,583,584,:
537:279,527,533,534,535,536,538,539,541,542,543,544,545,573,574,576,579,583,584,585,587,589,:
538:527,528,533,534,535,536,537,539,540,541,542,543,:
539:106,533,534,535,536,537,538,540,541,:
540:522,527,528,533,534,535,536,538,539,541,543,599,:
541:100,106,279,534,535,536,537,538,539,540,589,:
542:108,533,535,536,537,538,543,544,545,546,547,548,579,581,584,:
543:50,108,533,535,536,537,538,540,542,544,545,546,:
544:108,535,536,537,542,543,545,546,547,548,549,570,577,579,581,:
545:50,98,108,109,279,536,537,542,543,544,546,547,548,549,550,551,570,:
546:40,41,43,44,49,50,98,100,104,107,108,109,536,542,543,544,545,547,548,549,:
547:276,277,279,542,544,545,546,548,549,550,551,552,553,567,569,570,:
548:276,279,542,544,545,546,547,549,550,551,552,566,567,568,569,570,571,:
549:38,43,96,98,109,276,277,544,545,546,547,548,550,551,552,553,554,570,:
550:38,96,276,545,547,548,549,551,552,553,554,555,556,557,561,562,567,570,:
551:96,276,342,545,547,548,549,550,552,553,554,555,556,561,562,566,567,570,:
552:38,39,96,97,276,547,548,549,550,551,553,554,555,556,557,558,559,561,562,567,:
553:38,39,43,96,97,272,273,276,547,549,550,551,552,554,555,557,558,559,561,562,:
554:96,97,276,549,550,551,552,553,555,556,557,558,559,560,561,562,563,567,:
555:276,550,551,552,553,554,556,557,558,559,561,562,563,564,566,567,:
556:310,550,551,552,554,555,557,559,561,562,563,564,566,567,:
557:69,97,550,552,553,554,555,556,558,559,560,561,562,:
558:17,39,69,70,72,96,97,552,553,554,555,557,559,560,:
559:257,261,265,267,268,309,552,553,554,555,556,557,558,560,561,562,:
560:70,97,334,554,557,558,559,:
561:275,276,550,551,552,553,554,555,556,557,559,562,563,564,565,566,567,:
562:268,275,276,281,283,284,286,287,290,550,551,552,553,554,555,556,557,559,561,563,564,566,567,:
563:276,284,286,289,290,554,555,556,561,562,564,565,566,567,568,:
564:276,283,284,285,555,556,561,562,563,565,566,567,568,569,:
565:284,285,561,563,564,566,567,568,569,:
566:276,283,548,551,555,556,561,562,563,564,565,567,568,569,570,571,572,:
567:276,547,548,550,551,552,554,555,556,561,562,563,564,565,566,568,569,570,:
568:548,563,564,565,566,567,569,570,571,572,573,:
569:283,547,548,564,565,566,567,568,570,571,572,573,574,575,576,577,578,:
570:275,276,279,283,544,545,547,548,549,550,551,566,567,568,569,571,572,573,574,576,584,:
571:548,566,568,569,570,572,573,574,575,576,577,578,583,584,:
572:566,568,569,570,571,573,574,575,576,577,578,:
573:537,568,569,570,571,572,574,575,576,577,578,579,583,584,585,:
574:537,569,570,571,572,573,575,576,577,583,584,585,586,587,588,590,:
575:569,571,572,573,574,576,583,584,585,586,588,590,:
576:532,537,569,570,571,572,573,574,575,577,578,579,580,581,583,584,:
577:544,569,571,572,573,574,576,578,579,580,581,582,:
578:569,571,572,573,576,577,579,580,581,582,:
579:536,537,542,544,573,576,577,578,580,581,582,:
580:576,577,578,579,581,582,:
581:542,544,576,577,578,579,580,582,:
582:577,578,579,580,581,:
583:534,536,537,571,573,574,575,576,584,585,586,587,588,589,590,:
584:279,533,534,535,536,537,542,570,571,573,574,575,576,583,585,586,587,588,589,590,:
585:537,573,574,575,583,584,586,587,588,589,590,591,:
586:534,574,575,583,584,585,587,588,589,590,:
587:515,526,527,529,530,533,534,535,537,574,583,584,585,586,588,589,:
588:574,575,583,584,585,586,587,589,590,591,:
589:279,537,541,583,584,585,586,587,588,590,591,:
590:282,574,575,583,584,585,586,588,589,591,:
591:280,585,588,589,590,:
592:498,593,594,595,596,597,598,600,:
593:497,498,503,505,592,594,595,596,597,598,600,:
594:498,592,593,595,596,597,598,599,600,:
595:592,593,594,596,597,598,:
596:498,505,506,509,592,593,594,595,597,:
597:498,592,593,594,595,596,598,599,600,:
598:498,592,593,594,595,597,599,600,:
599:490,522,540,594,597,598,600,:
600:521,522,592,593,594,597,598,599,:
601:602,603,604,605,606,607,608,609,:
602:601,603,604,605,606,607,608,609,610,:
603:601,602,604,605,606,607,608,609,610,611,612,613,:
604:601,602,603,605,606,608,609,610,611,612,617,623,:
605:601,602,603,604,606,607,608,:
606:601,602,603,604,605,607,:
607:601,602,603,605,606,609,:
608:601,602,603,604,605,609,610,611,612,613,614,616,617,:
609:601,602,603,604,607,608,610,611,612,613,616,:
610:602,603,604,608,609,611,612,613,614,615,616,617,618,623,625,:
611:603,604,608,609,610,612,613,614,615,616,617,618,619,621,622,623,624,625,:
612:603,604,608,609,610,611,613,614,615,616,617,618,619,620,623,624,625,:
613:603,608,609,610,611,612,614,615,616,617,623,625,628,:
614:608,610,611,612,613,615,616,617,623,624,625,627,628,:
615:610,611,612,613,614,616,617,618,619,623,624,625,626,627,628,629,630,:
616:509,608,609,610,611,612,613,614,615,628,:
617:604,608,610,611,612,613,614,615,618,619,620,621,622,623,624,625,:
618:610,611,612,615,617,619,620,621,622,623,624,625,626,:
619:611,612,615,617,618,620,621,622,623,624,625,626,627,629,630,:
620:612,617,618,619,621,624,625,626,627,629,:
621:611,617,618,619,620,622,623,624,625,:
622:82,611,617,618,619,621,623,624,625,:
623:83,604,610,611,612,613,614,615,617,618,619,621,622,624,625,:
624:611,612,614,615,617,618,619,620,621,622,623,625,626,627,628,629,630,631,632,633,:
625:610,611,612,613,614,615,617,618,619,620,621,622,623,624,626,627,628,629,630,:
626:615,618,619,620,624,625,627,628,629,630,631,632,633,634,:
627:614,615,619,620,624,625,626,628,629,630,631,632,633,634,635,636,637,643,644,:
628:507,613,614,615,616,624,625,626,627,629,630,631,632,633,634,635,636,643,644,649,:
629:66,615,619,620,624,625,626,627,628,630,631,632,633,:
630:65,615,619,624,625,626,627,628,629,631,:
631:65,430,624,626,627,628,629,630,632,633,636,:
632:624,626,627,628,629,631,633,634,635,636,637,638,639,640,642,643,644,:
633:624,626,627,628,629,631,632,634,635,636,637,638,639,640,641,642,:
634:430,507,626,627,628,632,633,635,636,637,638,639,640,642,643,644,645,:
635:429,430,507,627,628,632,633,634,636,637,638,643,644,645,646,648,649,:
636:429,430,431,434,627,628,631,632,633,634,635,637,643,644,645,646,648,649,653,:
637:627,632,633,634,635,636,638,639,640,641,642,643,644,:
638:632,633,634,635,637,639,640,641,642,:
639:632,633,634,637,638,640,641,642,:
640:632,633,634,637,638,639,641,642,:
641:633,637,638,639,640,642,:
642:632,633,634,637,638,639,640,641,:
643:430,504,506,507,627,628,632,634,635,636,637,644,645,646,647,648,649,650,652,653,:
644:503,504,505,506,507,627,628,632,634,635,636,637,643,645,646,647,648,649,652,:
645:430,433,504,507,634,635,636,643,644,646,647,648,649,650,651,652,653,654,:
646:433,503,504,635,636,643,644,645,647,648,649,650,652,653,654,655,656,657,658,660,661,662,:
647:496,497,499,500,502,503,504,507,643,644,645,646,648,650,652,653,654,655,657,660,661,662,:
648:504,507,635,636,643,644,645,646,647,649,650,651,652,653,:
649:78,628,635,636,643,644,645,646,648,650,651,:
650:102,452,455,475,504,643,645,646,647,648,649,651,652,653,:
651:21,45,78,84,101,102,103,645,648,649,650,:
652:432,433,643,644,645,646,647,648,650,653,654,655,656,657,658,659,660,661,662,:
653:429,430,431,432,433,438,440,448,636,643,645,646,647,648,650,652,654,655,656,657,658,660,:
654:433,448,645,646,647,652,653,655,656,657,658,659,660,661,662,663,:
655:447,448,646,647,652,653,654,656,657,658,659,661,662,663,664,665,:
656:433,440,441,447,448,449,450,451,452,646,652,653,654,655,657,659,661,662,663,664,665,:
657:433,646,647,652,653,654,655,656,658,659,660,661,662,:
658:646,652,653,654,655,657,659,660,:
659:652,654,655,656,657,658,660,661,662,665,:
660:646,647,652,653,654,657,658,659,:
661:489,496,500,501,646,647,652,654,655,656,657,659,662,663,664,665,666,667,:
662:488,489,494,496,499,500,501,502,646,647,652,654,655,656,657,659,661,663,664,665,:
663:451,474,488,489,501,654,655,656,661,662,664,665,666,667,668,:
664:474,501,655,656,661,662,663,665,666,667,668,669,671,:
665:501,655,656,659,661,662,663,664,666,667,668,669,670,:
666:474,480,661,663,664,665,667,668,669,670,671,672,:
667:451,473,474,476,478,479,480,661,663,664,665,666,668,669,671,672,:
668:474,663,664,665,666,667,669,670,671,672,673,:
669:664,665,666,667,668,670,671,672,:
670:665,666,668,669,671,:
671:474,664,666,667,668,669,670,672,673,674,675,676,677,678,:
672:460,474,666,667,668,669,671,673,674,675,676,677,678,:
673:139,460,668,671,672,674,675,676,677,678,679,680,681,:
674:116,118,122,483,671,672,673,675,676,677,678,679,680,681,682,:
675:118,122,125,460,474,478,482,483,671,672,673,674,676,677,678,680,681,682,:
676:116,117,122,483,671,672,673,674,675,677,678,679,680,681,682,:
677:116,671,672,673,674,675,676,678,679,680,681,682,:
678:671,672,673,674,675,676,677,679,680,682,:
679:673,674,676,677,678,680,681,682,:
680:117,122,125,481,482,483,484,673,674,675,676,677,678,679,681,682,:
681:122,123,124,125,478,481,482,483,484,673,674,675,676,677,679,680,682,:
682:117,125,482,483,674,675,676,677,678,679,680,681,:
