1:2,3,4,5,6,8,11,12,13,14,15,16,17,18,151,164,165,169,170,171,315,372,373,374,:
2:1,3,4,5,6,7,8,11,12,13,14,15,16,17,18,151,165,170,171,203,297,302,303,313,315,373,374,:
3:1,2,4,5,6,8,11,12,13,14,15,16,17,18,102,151,164,165,170,171,201,203,204,206,296,297,302,:
4:1,2,3,5,6,8,11,12,13,14,15,17,18,102,151,157,158,164,165,166,169,170,171,200,201,202,203,204,206,297,:
5:1,2,3,4,6,7,8,9,10,11,12,13,14,15,16,17,18,60,61,293,313,314,315,372,373,374,:
6:1,2,3,4,5,7,8,9,10,11,12,13,15,16,17,18,19,20,58,59,60,151,374,:
7:2,5,6,8,9,10,16,17,18,19,20,57,58,59,60,61,270,:
8:1,2,3,4,5,6,7,9,10,12,13,16,17,18,19,20,100,102,143,150,151,152,:
9:5,6,7,8,10,17,18,19,20,54,55,56,57,58,59,98,100,270,:
10:5,6,7,8,9,13,18,19,20,56,58,98,100,102,142,143,146,151,152,:
11:1,2,3,4,5,6,13,14,15,16,17,18,101,102,165,200,201,203,204,205,206,290,291,293,296,297,302,304,:
12:1,2,3,4,5,6,8,13,14,15,16,17,18,151,170,171,315,372,373,374,:
13:1,2,3,4,5,6,8,10,11,12,14,15,16,17,18,150,151,152,164,165,170,171,372,373,374,:
14:1,2,3,4,5,11,12,13,15,16,18,151,164,165,166,169,170,171,203,303,373,374,:
15:1,2,3,4,5,6,11,12,13,14,16,17,170,171,296,297,301,302,303,306,312,313,314,315,373,:
16:1,2,3,5,6,7,8,11,12,13,14,15,17,18,59,60,61,312,313,314,315,367,371,372,373,374,:
17:1,2,3,4,5,6,7,8,9,11,12,13,15,16,18,293,294,297,306,312,313,314,315,:
18:1,2,3,4,5,6,7,8,9,10,11,12,13,14,16,17,20,100,102,142,143,149,150,151,152,155,157,165,:
19:6,7,8,9,10,20,38,54,55,56,57,58,59,98,270,:
20:6,7,8,9,10,18,19,98,100,142,143,145,146,147,150,151,152,:
21:22,23,24,25,26,27,28,29,30,31,111,:
22:21,23,24,25,26,29,30,111,:
23:21,22,24,25,26,27,28,29,30,31,32,81,134,144,145,:
24:21,22,23,25,26,27,28,29,30,31,32,33,35,81,145,:
25:21,22,23,24,26,29,30,31,32,33,35,:
26:21,22,23,24,25,27,28,29,30,31,80,81,134,:
27:21,23,24,26,28,29,30,31,79,80,81,133,134,144,145,:
28:21,23,24,26,27,29,30,31,79,80,81,133,134,139,141,144,145,146,:
29:21,22,23,24,25,26,27,28,30,80,81,:
30:21,22,23,24,25,26,27,28,29,31,32,33,34,35,36,81,145,146,:
31:21,23,24,25,26,27,28,30,32,33,34,35,36,81,141,144,145,146,:
32:23,24,25,30,31,33,34,35,36,37,38,40,145,:
33:24,25,30,31,32,34,35,36,37,38,39,40,46,80,81,:
34:30,31,32,33,35,36,37,38,39,40,46,48,49,78,79,80,81,146,:
35:24,25,30,31,32,33,34,36,37,38,40,46,91,92,145,146,:
36:30,31,32,33,34,35,37,38,39,40,45,46,91,92,:
37:32,33,34,35,36,38,39,40,44,45,46,47,92,:
38:19,32,33,34,35,36,37,40,45,46,92,96,:
39:33,34,36,37,40,41,42,43,44,45,46,47,48,49,78,:
40:32,33,34,35,36,37,38,39,41,42,43,44,45,46,47,48,49,:
41:39,40,42,43,44,45,46,47,48,49,50,:
42:39,40,41,43,44,45,46,47,48,49,50,51,53,78,:
43:39,40,41,42,44,45,46,48,49,50,51,53,55,334,338,:
44:37,39,40,41,42,43,45,46,47,48,334,:
45:36,37,38,39,40,41,42,43,44,46,47,333,334,:
46:33,34,35,36,37,38,39,40,41,42,43,44,45,47,334,:
47:37,39,40,41,42,44,45,46,:
48:34,39,40,41,42,43,44,49,50,51,52,53,54,78,:
49:34,39,40,41,42,43,48,50,51,52,53,75,77,78,:
50:41,42,43,48,49,51,52,53,54,55,56,75,78,:
51:42,43,48,49,50,52,53,54,62,63,74,75,78,:
52:48,49,50,51,53,54,56,62,63,64,65,67,74,75,78,:
53:42,43,48,49,50,51,52,54,55,56,57,58,75,:
54:9,19,48,50,51,52,53,55,56,57,58,59,:
55:9,19,43,50,53,54,56,57,58,59,60,61,338,339,:
56:9,10,19,50,52,53,54,55,57,58,59,60,153,:
57:7,9,19,53,54,55,56,58,59,60,61,339,342,344,:
58:6,7,9,10,19,53,54,55,56,57,59,60,61,374,390,:
59:6,7,9,16,19,54,55,56,57,58,60,61,367,390,:
60:5,6,7,16,55,56,57,58,59,61,359,366,367,368,371,372,373,374,:
61:5,7,16,55,57,58,59,60,342,343,344,356,357,359,366,367,371,:
62:51,52,63,64,65,66,67,68,69,70,74,75,:
63:51,52,62,64,65,67,68,70,74,75,:
64:52,62,63,65,66,67,68,69,70,74,75,76,83,:
65:52,62,63,64,66,67,68,74,75,76,77,79,82,83,:
66:62,64,65,67,74,75,76,79,82,83,84,87,88,:
67:52,62,63,64,65,66,68,69,70,71,72,74,75,83,88,90,153,154,231,232,:
68:62,63,64,65,67,69,70,71,72,73,153,154,231,232,:
69:62,64,67,68,70,71,72,73,153,154,228,229,230,231,232,:
70:62,63,64,67,68,69,71,72,73,153,154,232,:
71:67,68,69,70,72,73,154,226,228,230,231,232,:
72:67,68,69,70,71,73,385,386,:
73:68,69,70,71,72,228,:
74:51,52,62,63,64,65,66,67,75,76,77,78,79,80,:
75:49,50,51,52,53,62,63,64,65,66,67,74,76,77,78,79,:
76:64,65,66,74,75,77,78,79,80,81,:
77:49,65,74,75,76,78,79,80,81,:
78:34,39,42,48,49,50,51,52,74,75,76,77,79,80,:
79:27,28,34,65,66,74,75,76,77,78,80,81,:
80:26,27,28,29,33,34,74,76,77,78,79,81,:
81:23,24,26,27,28,29,30,31,33,34,76,77,79,80,:
82:65,66,83,84,85,86,87,88,89,:
83:64,65,66,67,82,84,85,87,88,89,90,:
84:66,82,83,85,86,87,88,89,90,:
85:82,83,84,86,87,88,:
86:82,84,85,87,137,:
87:66,82,83,84,85,86,88,89,90,137,:
88:66,67,82,83,84,85,87,89,90,137,148,231,232,:
89:82,83,84,87,88,90,148,154,229,230,231,232,:
90:67,83,84,87,88,89,133,134,139,141,142,147,148,153,154,231,232,:
91:35,36,92,93,94,95,96,97,:
92:35,36,37,38,91,93,94,96,97,:
93:91,92,94,95,96,97,98,99,104,110,:
94:91,92,93,95,96,97,98,99,103,104,:
95:91,93,94,96,97,98,99,103,104,105,108,109,110,113,:
96:38,91,92,93,94,95,97,98,99,100,101,270,:
97:91,92,93,94,95,96,98,99,100,101,102,270,:
98:9,10,19,20,93,94,95,96,97,99,100,101,102,110,146,:
99:93,94,95,96,97,98,100,101,102,270,275,286,287,:
100:8,9,10,18,20,96,97,98,99,101,102,143,146,:
101:11,96,97,98,99,100,102,204,205,206,286,287,290,:
102:3,4,8,10,11,18,97,98,99,100,101,162,204,206,:
103:94,95,104,105,106,107,108,109,112,113,:
104:93,94,95,103,105,106,108,109,112,113,:
105:95,103,104,106,107,108,109,111,112,113,114,:
106:103,104,105,107,108,109,112,113,114,115,116,117,129,:
107:103,105,106,108,112,113,114,115,116,129,:
108:95,103,104,105,106,107,109,110,111,112,113,:
109:95,103,104,105,106,108,110,111,:
110:93,95,98,108,109,111,128,144,145,:
111:21,22,105,108,109,110,:
112:103,104,105,106,107,108,113,114,115,116,117,118,119,129,:
113:95,103,104,105,106,107,108,112,114,115,117,118,:
114:105,106,107,112,113,115,116,117,118,119,120,129,:
115:106,107,112,113,114,116,117,118,119,:
116:106,107,112,114,115,117,119,:
117:106,112,113,114,115,116,118,119,120,:
118:112,113,114,115,117,119,120,129,:
119:112,114,115,116,117,118,120,:
120:114,117,118,119,199,:
121:122,123,124,125,126,127,128,130,131,:
122:121,123,124,125,126,127,130,:
123:121,122,124,125,126,127,128,129,130,131,132,:
124:121,122,123,125,126,127,128,130,131,132,133,135,136,139,140,:
125:121,122,123,124,126,128,130,131,132,133,135,136,140,:
126:121,122,123,124,125,127,128,129,130,131,:
127:121,122,123,124,126,128,129,:
128:110,121,123,124,125,126,127,129,130,131,140,144,163,:
129:106,107,112,114,118,123,126,127,128,:
130:121,122,123,124,125,126,128,131,132,133,134,135,136,137,139,140,:
131:121,123,124,125,126,128,130,132,133,134,135,136,139,140,:
132:123,124,125,130,131,133,134,135,136,137,138,139,140,141,:
133:27,28,90,124,125,130,131,132,134,135,136,137,139,140,141,142,144,148,:
134:23,26,27,28,90,130,131,132,133,135,137,139,140,141,144,:
135:124,125,130,131,132,133,134,136,137,138,139,140,:
136:124,125,130,131,132,133,135,137,138,:
137:86,87,88,130,132,133,134,135,136,138,139,140,:
138:132,135,136,137,:
139:28,90,124,130,131,132,133,134,135,137,140,141,142,143,144,145,146,147,148,156,:
140:124,125,128,130,131,132,133,134,135,137,139,141,142,143,144,147,148,155,156,160,:
141:28,31,90,132,133,134,139,140,142,143,144,145,146,147,148,149,156,:
142:10,18,20,90,133,139,140,141,143,144,145,146,147,148,149,150,151,152,153,155,156,:
143:8,10,18,20,100,139,140,141,142,144,145,146,147,148,149,150,151,152,155,156,:
144:23,27,28,31,110,128,133,134,139,140,141,142,143,145,146,147,:
145:20,23,24,27,28,30,31,32,35,110,139,141,142,143,144,146,:
146:10,20,28,30,31,34,35,98,100,139,141,142,143,144,145,:
147:20,90,139,140,141,142,143,144,148,149,150,151,152,153,154,155,156,231,232,:
148:88,89,90,133,139,140,141,142,143,147,149,150,152,153,154,155,156,231,232,:
149:18,141,142,143,147,148,150,151,152,153,154,155,156,157,231,232,430,:
150:8,13,18,20,142,143,147,148,149,151,152,153,155,156,157,158,159,160,164,165,427,430,:
151:1,2,3,4,6,8,10,12,13,14,18,20,142,143,147,149,150,152,155,156,157,158,164,165,430,:
152:8,10,13,18,20,142,143,147,148,149,150,151,153,154,155,231,232,:
153:56,67,68,69,70,90,142,147,148,149,150,152,154,228,230,231,232,:
154:67,68,69,70,71,89,90,147,148,149,152,153,228,230,231,232,:
155:18,140,142,143,147,148,149,150,151,152,156,157,158,159,160,161,164,165,427,432,:
156:139,140,141,142,143,147,148,149,150,151,155,157,158,159,160,427,432,435,:
157:4,18,149,150,151,155,156,158,159,160,161,162,163,164,165,166,432,:
158:4,150,151,155,156,157,159,160,161,162,164,165,166,167,168,169,172,202,203,424,427,432,:
159:150,155,156,157,158,160,161,164,165,166,167,168,172,173,217,424,425,427,431,432,435,:
160:140,150,155,156,157,158,159,161,162,163,164,165,432,435,:
161:155,157,158,159,160,162,163,164,202,217,:
162:102,157,158,160,161,163,200,201,202,203,:
163:128,157,160,161,162,217,:
164:1,3,4,13,14,150,151,155,157,158,159,160,161,165,166,167,168,169,170,171,172,173,201,202,203,:
165:1,2,3,4,11,13,14,18,150,151,155,157,158,159,160,164,166,167,168,169,170,171,201,202,203,:
166:4,14,157,158,159,164,165,167,168,169,170,171,172,173,174,201,202,203,421,:
167:158,159,164,165,166,168,169,170,172,173,174,175,176,177,178,181,182,201,202,421,:
168:158,159,164,165,166,167,169,172,173,174,175,181,182,189,197,201,202,203,217,218,:
169:1,4,14,158,164,165,166,167,168,170,171,172,173,201,202,203,409,421,:
170:1,2,3,4,12,13,14,15,164,165,166,167,169,171,203,409,:
171:1,2,3,4,12,13,14,15,164,165,166,169,170,303,409,:
172:158,159,164,166,167,168,169,173,174,175,176,177,178,179,181,182,421,:
173:159,164,166,167,168,169,172,174,175,176,177,178,180,420,421,422,424,:
174:166,167,168,172,173,175,176,177,178,179,180,181,182,183,217,218,421,:
175:167,168,172,173,174,176,177,178,179,181,182,183,184,185,186,189,:
176:167,172,173,174,175,177,179,181,182,183,184,186,189,:
177:167,172,173,174,175,176,178,179,180,181,182,421,:
178:167,172,173,174,175,177,179,180,213,215,421,425,431,:
179:172,174,175,176,177,178,180,181,182,213,214,:
180:173,174,177,178,179,425,426,431,:
181:167,168,172,174,175,176,177,179,182,183,184,185,186,187,188,189,:
182:167,168,172,174,175,176,177,179,181,183,184,185,186,187,188,189,191,195,216,218,:
183:174,175,176,181,182,184,185,186,187,188,189,191,:
184:175,176,181,182,183,185,186,187,188,189,190,191,:
185:175,181,182,183,184,186,187,188,190,191,192,193,195,:
186:175,176,181,182,183,184,185,187,188,189,191,:
187:181,182,183,184,185,186,188,189,190,191,192,195,196,197,:
188:181,182,183,184,185,186,187,189,190,191,195,196,197,198,:
189:168,175,176,181,182,183,184,186,187,188,304,395,408,:
190:184,185,187,188,191,192,193,194,195,196,:
191:182,183,184,185,186,187,188,190,192,193,195,196,197,:
192:185,187,190,191,193,194,195,196,197,:
193:185,190,191,192,194,195,196,:
194:190,192,193,195,:
195:182,185,187,188,190,191,192,193,194,196,197,198,216,218,:
196:187,188,190,191,192,193,195,197,198,199,200,202,:
197:168,187,188,191,192,195,196,198,199,200,201,202,203,204,205,:
198:188,195,196,197,199,200,201,202,203,204,205,206,:
199:120,196,197,198,200,201,202,204,205,206,:
200:4,11,162,196,197,198,199,201,202,203,204,205,206,304,:
201:3,4,11,162,164,165,166,167,168,169,197,198,199,200,202,203,204,205,206,304,:
202:4,158,161,162,164,165,166,167,168,169,196,197,198,199,200,201,203,204,206,:
203:2,3,4,11,14,158,162,164,165,166,168,169,170,197,198,200,201,202,204,205,206,297,304,:
204:3,4,11,101,102,197,198,199,200,201,202,203,205,206,287,290,291,296,297,304,:
205:11,101,197,198,199,200,201,203,204,206,286,287,290,291,297,:
206:3,4,11,101,102,198,199,200,201,202,203,204,205,287,290,291,296,297,304,:
207:208,209,210,211,212,213,214,:
208:207,209,210,211,212,213,214,:
209:207,208,210,211,212,213,214,215,:
210:207,208,209,211,212,213,:
211:207,208,209,210,212,:
212:207,208,209,210,211,213,214,215,216,217,:
213:178,179,207,208,209,210,212,214,215,216,217,218,:
214:179,207,208,209,212,213,215,216,217,218,:
215:178,209,212,213,214,216,217,218,435,:
216:182,195,212,213,214,215,217,218,:
217:159,161,163,168,174,212,213,214,215,216,218,:
218:168,174,182,195,213,214,215,216,217,:
219:220,221,222,223,224,225,226,227,233,234,423,428,429,:
220:219,221,222,223,224,225,226,227,233,422,423,424,425,426,427,428,429,:
221:219,220,222,223,224,225,226,227,233,234,235,423,429,:
222:219,220,221,223,224,225,226,233,234,235,236,237,238,423,429,:
223:219,220,221,222,224,225,226,233,234,235,236,237,419,420,422,423,424,426,428,429,:
224:219,220,221,222,223,225,226,227,228,229,233,234,:
225:219,220,221,222,223,224,226,227,228,229,230,233,234,428,429,:
226:71,219,220,221,222,223,224,225,227,228,229,230,231,232,233,237,428,429,:
227:219,220,221,224,225,226,228,229,230,231,428,429,:
228:69,71,73,153,154,224,225,226,227,229,230,231,232,428,429,430,:
229:69,89,224,225,226,227,228,230,231,232,428,429,:
230:69,71,89,153,154,225,226,227,228,229,231,232,428,429,:
231:67,68,69,71,88,89,90,147,148,149,152,153,154,226,227,228,229,230,232,:
232:67,68,69,70,71,88,89,90,147,148,149,152,153,154,226,228,229,230,231,:
233:219,220,221,222,223,224,225,226,234,235,236,237,238,239,240,:
234:219,221,222,223,224,225,233,235,236,237,238,:
235:221,222,223,233,234,236,237,238,239,240,241,419,:
236:222,223,233,234,235,237,238,239,240,241,242,244,:
237:222,223,226,233,234,235,236,238,239,240,241,244,:
238:222,233,234,235,236,237,239,240,:
239:233,235,236,237,238,240,241,242,243,244,245,246,:
240:233,235,236,237,238,239,241,242,243,244,245,246,417,418,419,:
241:235,236,237,239,240,242,243,244,245,246,247,:
242:236,239,240,241,243,244,245,246,247,248,249,250,251,252,:
243:239,240,241,242,244,245,246,247,248,249,:
244:236,237,239,240,241,242,243,245,246,372,374,430,:
245:239,240,241,242,243,244,246,247,248,249,250,251,252,253,254,255,:
246:239,240,241,242,243,244,245,247,248,249,250,251,252,253,:
247:241,242,243,245,246,248,249,250,251,252,253,254,255,256,:
248:242,243,245,246,247,249,250,251,254,255,256,257,258,259,260,261,375,376,:
249:242,243,245,246,247,248,250,254,255,256,257,261,368,369,375,376,377,380,:
250:242,245,246,247,248,249,251,252,253,254,255,383,:
251:242,245,246,247,248,250,252,253,:
252:242,245,246,247,250,251,253,:
253:245,246,247,250,251,252,:
254:245,247,248,249,250,255,256,257,258,259,260,261,376,:
255:245,247,248,249,250,254,256,257,258,259,260,261,:
256:247,248,249,254,255,257,258,259,260,261,316,358,376,:
257:248,249,254,255,256,258,259,260,358,376,:
258:248,254,255,256,257,259,:
259:248,254,255,256,257,258,260,261,314,316,358,:
260:248,254,255,256,257,259,261,311,312,314,315,316,358,412,414,:
261:248,249,254,255,256,259,260,314,315,316,373,411,412,414,:
262:263,264,265,266,267,268,271,272,294,295,:
263:262,264,265,266,267,294,295,343,349,:
264:262,263,265,266,267,268,269,270,271,272,273,294,295,:
265:262,263,264,266,267,268,269,271,272,273,274,275,276,283,284,289,294,295,:
266:262,263,264,265,267,268,271,272,273,274,275,283,284,288,289,290,293,294,295,318,322,:
267:262,263,264,265,266,268,269,270,271,272,294,295,344,:
268:262,264,265,266,267,269,270,271,272,275,:
269:264,265,267,268,270,271,272,333,334,:
270:7,9,19,96,97,99,264,267,268,269,344,:
271:262,264,265,266,267,268,269,272,273,274,275,276,277,283,284,289,295,:
272:262,264,265,266,267,268,269,271,273,274,275,276,277,:
273:264,265,266,271,272,274,275,276,277,278,283,284,285,289,324,325,326,:
274:265,266,271,272,273,275,276,277,283,284,285,286,288,289,325,:
275:99,265,266,268,271,272,273,274,276,277,283,284,285,286,288,289,:
276:265,271,272,273,274,275,277,278,279,280,282,283,284,:
277:271,272,273,274,275,276,278,279,280,281,282,283,284,326,:
278:273,276,277,279,280,281,282,:
279:276,277,278,280,281,282,:
280:276,277,278,279,281,282,326,:
281:277,278,279,280,282,:
282:276,277,278,279,280,281,324,326,:
283:265,266,271,273,274,275,276,277,284,285,286,287,288,289,295,324,325,:
284:265,266,271,273,274,275,276,277,283,285,286,288,289,295,322,323,324,325,326,:
285:273,274,275,283,284,286,287,288,289,290,325,:
286:99,101,205,274,275,283,284,285,287,288,289,290,291,292,293,295,:
287:99,101,204,205,206,283,285,286,288,289,290,291,292,:
288:266,274,275,283,284,285,286,287,289,290,291,292,293,294,295,296,297,318,:
289:265,266,271,273,274,275,283,284,285,286,287,288,290,291,292,293,294,295,318,322,325,:
290:11,101,204,205,206,266,285,286,287,288,289,291,292,293,294,295,296,297,298,306,318,:
291:11,204,205,206,286,287,288,289,290,292,293,294,295,296,297,298,299,301,302,305,306,317,318,328,:
292:286,287,288,289,290,291,293,294,295,296,297,298,299,300,305,306,317,318,319,322,327,328,:
293:5,11,17,266,286,288,289,290,291,292,294,295,296,297,305,306,313,318,:
294:17,262,263,264,265,266,267,288,289,290,291,292,293,295,296,297,305,306,307,310,313,317,318,322,:
295:262,263,264,265,266,267,271,283,284,286,288,289,290,291,292,293,294,306,317,318,322,:
296:3,11,15,204,206,288,290,291,292,293,294,297,298,299,300,301,302,303,304,305,306,318,:
297:2,3,4,11,15,17,203,204,205,206,288,290,291,292,293,294,296,298,299,301,302,303,304,305,306,313,:
298:290,291,292,296,297,299,300,301,302,303,304,305,306,307,318,328,:
299:291,292,296,297,298,300,301,302,303,304,305,306,307,308,309,310,317,318,327,328,:
300:292,296,298,299,301,302,305,306,307,308,309,317,318,327,328,329,330,332,414,:
301:15,291,296,297,298,299,300,302,303,304,305,306,395,412,:
302:2,3,11,15,291,296,297,298,299,300,301,303,304,305,306,312,313,314,315,412,414,:
303:2,14,15,171,296,297,298,299,301,302,304,305,306,314,315,407,412,:
304:11,189,200,201,203,204,206,296,297,298,299,301,302,303,395,:
305:291,292,293,294,296,297,298,299,300,301,302,303,306,307,308,309,310,311,312,313,317,318,328,:
306:15,17,290,291,292,293,294,295,296,297,298,299,300,301,302,303,305,307,308,310,311,312,313,314,317,318,:
307:294,298,299,300,305,306,308,309,310,311,312,313,317,318,319,:
308:299,300,305,306,307,309,310,311,317,318,319,320,321,322,327,328,:
309:299,300,305,307,308,310,317,318,319,320,321,327,328,:
310:294,299,305,306,307,308,309,311,312,313,314,317,318,349,353,:
311:260,305,306,307,308,310,312,313,314,315,316,348,349,351,353,354,356,:
312:15,16,17,260,302,305,306,307,310,311,313,314,315,316,356,:
313:2,5,15,16,17,293,294,297,302,305,306,307,310,311,312,314,315,316,:
314:5,15,16,17,259,260,261,302,303,306,310,311,312,313,315,316,356,357,366,367,372,373,:
315:1,2,5,12,15,16,17,260,261,302,303,311,312,313,314,316,357,366,367,368,372,373,374,:
316:256,259,260,261,311,312,313,314,315,356,357,358,366,373,:
317:291,292,294,295,299,300,305,306,307,308,309,310,318,319,320,321,322,323,327,328,:
318:266,288,289,290,291,292,293,294,295,296,298,299,300,305,306,307,308,309,310,317,319,320,322,327,328,:
319:292,307,308,309,317,318,320,321,322,323,324,327,328,329,:
320:308,309,317,318,319,321,322,323,327,328,329,330,331,332,:
321:308,309,317,319,320,322,323,327,328,329,330,331,:
322:266,284,289,292,294,295,308,317,318,319,320,321,323,324,325,326,327,328,:
323:284,317,319,320,321,322,324,325,326,327,328,:
324:273,282,283,284,319,322,323,325,326,:
325:273,274,283,284,285,289,322,323,324,326,:
326:273,277,280,282,284,322,323,324,325,:
327:292,299,300,308,309,317,318,319,320,321,322,323,328,329,330,331,332,:
328:291,292,298,299,300,305,308,309,317,318,319,320,321,322,323,327,329,330,332,:
329:300,319,320,321,327,328,330,331,332,:
330:300,320,321,327,328,329,331,332,400,:
331:320,321,327,329,330,332,400,:
332:300,320,327,328,329,330,331,:
333:45,269,334,335,336,337,338,339,:
334:43,44,45,46,269,333,335,336,338,:
335:333,334,336,337,338,339,340,342,344,:
336:333,334,335,337,338,339,340,:
337:333,335,336,338,339,340,341,:
338:43,55,333,334,335,336,337,339,340,341,342,343,344,:
339:55,57,333,335,336,337,338,340,341,342,343,344,:
340:335,336,337,338,339,341,342,343,344,359,:
341:337,338,339,340,342,343,344,359,360,361,362,:
342:57,61,335,338,339,340,341,343,344,359,:
343:61,263,338,339,340,341,342,344,349,359,:
344:57,61,267,270,335,338,339,340,341,342,343,:
345:346,347,348,349,350,351,354,355,362,363,364,:
346:345,347,348,349,350,354,362,:
347:345,346,348,349,350,351,352,353,354,355,356,363,364,:
348:311,345,346,347,349,350,351,352,354,355,356,357,358,359,360,361,362,363,364,:
349:263,310,311,343,345,346,347,348,350,351,354,355,356,359,361,362,:
350:345,346,347,348,349,351,352,353,354,355,:
351:311,345,347,348,349,350,352,353,354,355,:
352:347,348,350,351,353,355,:
353:310,311,347,350,351,352,:
354:311,345,346,347,348,349,350,351,355,356,357,358,359,360,361,362,363,364,365,366,367,:
355:345,347,348,349,350,351,352,354,356,357,358,359,360,361,362,363,364,365,366,:
356:61,311,312,314,316,347,348,349,354,355,357,358,359,360,361,362,363,365,366,367,368,:
357:61,314,315,316,348,354,355,356,358,359,360,365,366,367,368,369,370,371,375,376,:
358:256,257,259,260,316,348,354,355,356,357,359,360,365,366,367,368,369,370,375,376,:
359:60,61,340,341,342,343,348,349,354,355,356,357,358,360,361,362,363,365,366,367,:
360:341,348,354,355,356,357,358,359,361,362,363,364,365,366,367,370,:
361:341,348,349,354,355,356,359,360,362,363,364,365,:
362:341,345,346,348,349,354,355,356,359,360,361,363,364,365,:
363:345,347,348,354,355,356,359,360,361,362,364,365,:
364:345,347,348,354,355,360,361,362,363,365,:
365:354,355,356,357,358,359,360,361,362,363,364,:
366:60,61,314,315,316,354,355,356,357,358,359,360,367,368,369,370,371,372,373,375,376,:
367:16,59,60,61,314,315,354,356,357,358,359,360,366,368,369,370,371,372,373,374,:
368:60,249,315,356,357,358,366,367,369,370,371,372,373,374,375,376,377,:
369:249,357,358,366,367,368,370,371,372,375,376,377,378,379,380,386,:
370:357,358,360,366,367,368,369,371,375,376,377,378,379,385,386,387,388,390,:
371:16,60,61,357,366,367,368,369,370,372,373,374,375,376,386,:
372:1,5,12,13,16,60,244,314,315,366,367,368,369,371,373,374,:
373:1,2,5,12,13,14,15,16,60,261,314,315,316,366,367,368,371,372,374,:
374:1,2,5,6,12,13,14,16,58,60,244,315,367,368,371,372,373,:
375:248,249,357,358,366,368,369,370,371,376,377,378,379,380,381,386,:
376:248,249,254,256,257,357,358,366,368,369,370,371,375,377,378,380,381,:
377:249,368,369,370,375,376,378,379,380,381,382,386,:
378:369,370,375,376,377,379,380,381,385,386,:
379:369,370,375,377,378,380,381,385,386,:
380:249,369,375,376,377,378,379,381,382,383,384,:
381:375,376,377,378,379,380,382,383,384,:
382:377,380,381,383,384,:
383:250,380,381,382,384,:
384:380,381,382,383,:
385:72,370,378,379,386,387,388,389,390,:
386:72,369,370,371,375,377,378,379,385,387,388,390,:
387:370,385,386,388,389,390,:
388:370,385,386,387,389,390,:
389:385,387,388,390,:
390:58,59,370,385,386,387,388,389,:
391:392,393,394,395,396,397,399,405,406,:
392:391,393,394,396,397,399,405,406,:
393:391,392,394,395,396,397,398,399,405,406,407,:
394:391,392,393,395,396,397,405,406,407,408,410,411,412,:
395:189,301,304,391,393,394,396,405,406,407,408,410,:
396:391,392,393,394,395,397,398,399,400,401,405,406,:
397:391,392,393,394,396,398,399,400,401,402,:
398:393,396,397,399,400,401,402,403,404,:
399:391,392,393,396,397,398,400,401,402,403,:
400:330,331,396,397,398,399,401,402,403,404,:
401:396,397,398,399,400,402,403,404,:
402:397,398,399,400,401,403,404,:
403:398,399,400,401,402,404,:
404:398,400,401,402,403,:
405:391,392,393,394,395,396,406,407,408,409,410,411,412,413,:
406:391,392,393,394,395,396,405,407,408,410,411,412,413,:
407:303,393,394,395,405,406,408,409,410,411,412,413,:
408:189,394,395,405,406,407,409,410,411,:
409:169,170,171,405,407,408,410,:
410:394,395,405,406,407,408,409,411,412,413,414,415,:
411:261,394,405,406,407,408,410,412,413,414,415,416,:
412:260,261,301,302,303,394,405,406,407,410,411,413,414,415,416,:
413:405,406,407,410,411,412,414,415,416,:
414:260,261,300,302,410,411,412,413,415,416,:
415:410,411,412,413,414,416,:
416:411,412,413,414,415,:
417:240,418,419,420,421,422,423,:
418:240,417,419,420,421,:
419:223,235,240,417,418,420,421,422,423,424,:
420:173,223,417,418,419,421,422,423,424,425,426,427,429,430,:
421:166,167,169,172,173,174,177,178,417,418,419,420,422,423,424,425,427,430,:
422:173,220,223,417,419,420,421,423,424,425,426,427,428,429,430,431,432,:
423:219,220,221,222,223,417,419,420,421,422,424,425,426,427,428,429,430,:
424:158,159,173,220,223,419,420,421,422,423,425,426,427,428,429,430,431,432,433,:
425:159,178,180,220,420,421,422,423,424,426,427,428,429,430,431,432,433,434,435,:
426:180,220,223,420,422,423,424,425,427,428,429,431,432,433,:
427:150,155,156,158,159,220,420,421,422,423,424,425,426,428,429,430,431,432,:
428:219,220,223,225,226,227,228,229,230,422,423,424,425,426,427,429,430,431,432,:
429:219,220,221,222,223,225,226,227,228,229,230,420,422,423,424,425,426,427,428,430,:
430:149,150,151,228,244,420,421,422,423,424,425,427,428,429,:
431:159,178,180,422,424,425,426,427,428,432,433,434,435,:
432:155,156,157,158,159,160,422,424,425,426,427,428,431,433,434,435,:
433:424,425,426,431,432,434,435,:
434:425,431,432,433,435,:
435:156,159,160,215,425,431,432,433,434,:
