1:2,3,4,5,14,15,16,26,31,32,88,89,201,202,230,545,:
2:1,3,4,15,16,26,32,85,87,88,89,199,200,201,202,:
3:1,2,4,5,6,13,14,15,16,26,31,32,89,201,202,544,545,546,:
4:1,2,3,5,6,7,12,13,14,15,16,17,26,27,31,32,544,545,546,548,:
5:1,3,4,6,7,8,11,12,13,14,15,26,27,247,541,542,543,544,545,546,548,:
6:3,4,5,7,8,9,10,11,12,13,14,17,26,27,29,30,247,248,249,541,543,546,547,:
7:4,5,6,8,9,10,11,12,13,27,28,29,30,113,115,248,249,255,540,541,543,:
8:5,6,7,9,10,11,12,27,28,29,30,115,249,250,254,255,256,523,525,:
9:6,7,8,10,11,27,28,29,113,114,115,254,255,256,523,525,:
10:6,7,8,9,11,12,13,27,28,29,30,250,251,253,254,256,523,525,:
11:5,6,7,8,9,10,12,13,14,17,18,22,23,24,25,27,28,29,30,250,251,252,:
12:4,5,6,7,8,10,11,13,14,15,17,18,22,23,25,27,29,30,33,247,248,:
13:3,4,5,6,7,10,11,12,14,15,16,17,18,19,21,22,23,25,30,31,33,:
14:1,3,4,5,6,11,12,13,15,16,17,18,22,23,25,26,31,32,33,548,:
15:1,2,3,4,5,12,13,14,16,17,18,22,25,26,31,32,33,350,435,:
16:1,2,3,4,13,14,15,26,31,32,88,89,230,434,435,436,:
17:4,6,11,12,13,14,15,18,19,20,21,22,23,24,25,30,31,33,34,35,36,:
18:11,12,13,14,15,17,19,20,21,22,23,30,31,33,34,35,36,550,:
19:13,17,18,20,21,22,31,33,34,35,36,416,:
20:17,18,19,21,22,23,33,34,35,36,348,349,413,414,416,:
21:13,17,18,19,20,22,23,24,25,30,33,34,35,36,348,349,351,352,:
22:11,12,13,14,15,17,18,19,20,21,23,24,25,30,31,33,34,35,36,252,349,351,352,:
23:11,12,13,14,17,18,20,21,22,24,25,30,36,247,250,251,252,253,273,351,352,:
24:11,17,21,22,23,25,30,36,250,251,252,253,273,274,:
25:11,12,13,14,15,17,21,22,23,24,30,31,36,247,248,250,251,252,273,352,:
26:1,2,3,4,5,6,14,15,16,201,202,542,544,545,546,566,:
27:4,5,6,7,8,9,10,11,12,28,113,114,115,249,540,541,542,543,:
28:7,8,9,10,11,27,29,113,115,129,254,256,523,525,526,:
29:6,7,8,9,10,11,12,28,30,251,253,256,523,525,526,:
30:6,7,8,10,11,12,13,17,18,21,22,23,24,25,29,33,251,252,253,:
31:1,3,4,13,14,15,16,17,18,19,22,25,32,33,347,348,350,352,433,435,:
32:1,2,3,4,14,15,16,31,88,89,231,434,435,436,:
33:12,13,14,15,17,18,19,20,21,22,30,31,34,430,431,433,548,549,550,:
34:17,18,19,20,21,22,33,35,413,416,430,489,:
35:17,18,19,20,21,22,34,36,349,413,414,415,416,510,511,512,:
36:17,18,19,20,21,22,23,24,25,35,274,349,351,352,:
37:38,39,40,41,42,43,44,45,47,151,155,156,522,524,526,:
38:37,39,40,41,42,43,44,45,47,155,156,521,522,523,524,525,526,:
39:37,38,40,41,42,43,44,45,47,138,139,140,149,151,155,522,524,526,:
40:37,38,39,41,42,43,44,45,46,47,149,151,154,155,156,524,:
41:37,38,39,40,42,43,44,45,46,47,524,:
42:37,38,39,40,41,43,44,45,47,:
43:37,38,39,40,41,42,44,45,47,151,:
44:37,38,39,40,41,42,43,45,46,47,:
45:37,38,39,40,41,42,43,44,46,47,:
46:40,41,44,45,47,:
47:37,38,39,40,41,42,43,44,45,46,:
48:49,50,51,52,53,54,:
49:48,50,51,52,53,:
50:48,49,51,52,53,54,55,56,:
51:48,49,50,52,53,54,55,56,60,61,:
52:48,49,50,51,53,54,60,61,:
53:48,49,50,51,52,54,55,56,57,58,:
54:48,50,51,52,53,55,56,57,58,59,:
55:50,51,53,54,56,57,58,59,:
56:50,51,53,54,55,57,58,59,:
57:53,54,55,56,58,59,:
58:53,54,55,56,57,59,72,:
59:54,55,56,57,58,:
60:51,52,61,62,63,64,65,66,:
61:51,52,60,62,63,65,:
62:60,61,63,64,65,66,67,68,72,77,:
63:60,61,62,64,65,66,67,76,77,:
64:60,62,63,65,66,67,76,77,78,81,:
65:60,61,62,63,64,66,67,68,69,71,72,:
66:60,62,63,64,65,67,68,69,70,71,72,73,74,:
67:62,63,64,65,66,68,69,70,71,72,73,:
68:62,65,66,67,69,70,71,72,73,74,75,:
69:65,66,67,68,70,71,72,73,75,210,:
70:66,67,68,69,71,73,210,:
71:65,66,67,68,69,70,72,73,74,75,84,210,:
72:58,62,65,66,67,68,69,71,73,74,75,84,:
73:66,67,68,69,70,71,72,74,75,84,86,210,303,:
74:66,68,71,72,73,75,84,86,327,:
75:68,69,71,72,73,74,84,86,303,307,:
76:63,64,77,78,79,80,81,82,:
77:62,63,64,76,78,79,80,81,82,:
78:64,76,77,79,80,81,82,83,84,:
79:76,77,78,80,81,82,83,194,:
80:76,77,78,79,81,82,194,210,:
81:64,76,77,78,79,80,82,83,84,85,86,:
82:76,77,78,79,80,81,83,84,85,86,87,:
83:78,79,81,82,84,85,86,87,88,89,199,200,202,:
84:71,72,73,74,75,78,81,82,83,85,86,87,88,210,:
85:2,81,82,83,84,86,87,88,89,197,198,199,200,201,202,:
86:73,74,75,81,82,83,84,85,87,88,89,:
87:2,82,83,84,85,86,88,89,199,202,:
88:1,2,16,32,83,84,85,86,87,89,199,202,304,436,:
89:1,2,3,16,32,83,85,86,87,88,199,200,201,202,434,436,:
90:91,92,93,94,95,96,97,174,176,177,:
91:90,92,93,94,95,96,97,173,174,175,176,177,:
92:90,91,93,94,95,96,97,98,174,177,:
93:90,91,92,94,95,96,173,174,177,:
94:90,91,92,93,95,106,107,159,160,162,173,174,175,176,177,:
95:90,91,92,93,94,96,97,98,99,101,102,564,:
96:90,91,92,93,95,97,98,99,100,101,102,103,104,:
97:90,91,92,95,96,98,99,100,101,102,103,196,198,:
98:92,95,96,97,99,100,101,102,103,104,105,:
99:95,96,97,98,100,101,102,103,105,196,198,:
100:96,97,98,99,101,103,196,:
101:95,96,97,98,99,100,102,103,104,105,:
102:95,96,97,98,99,101,103,104,105,:
103:96,97,98,99,100,101,102,104,105,464,:
104:96,98,101,102,103,105,462,464,:
105:98,99,101,102,103,104,464,:
106:94,107,108,109,110,111,112,:
107:94,106,108,109,110,111,157,159,162,:
108:106,107,109,110,111,112,113,117,555,567,:
109:106,107,108,110,111,112,116,117,555,:
110:106,107,108,109,111,112,116,117,:
111:106,107,108,109,110,112,113,114,115,567,:
112:106,108,109,110,111,113,114,115,117,120,552,555,:
113:7,9,27,28,108,111,112,114,115,:
114:9,27,111,112,113,115,132,255,:
115:7,8,9,27,28,111,112,113,114,127,129,540,:
116:109,110,117,118,119,120,121,122,123,552,555,:
117:108,109,110,112,116,118,119,120,121,122,551,552,553,554,555,556,:
118:116,117,119,120,121,122,123,124,:
119:116,117,118,120,121,122,123,124,125,126,127,128,552,:
120:112,116,117,118,119,121,122,123,124,127,537,538,551,552,553,555,556,:
121:116,117,118,119,120,122,123,556,558,:
122:116,117,118,119,120,121,123,124,125,126,127,128,135,136,:
123:116,118,119,120,121,122,124,125,126,127,128,135,:
124:118,119,120,122,123,125,126,127,128,129,135,136,137,531,:
125:119,122,123,124,126,127,128,135,136,137,138,139,140,531,:
126:119,122,123,124,125,127,128,135,136,137,138,139,:
127:115,119,120,122,123,124,125,126,128,129,130,135,136,139,531,:
128:119,122,123,124,125,126,127,129,130,131,132,133,134,135,139,:
129:28,115,124,127,128,130,131,132,133,134,139,:
130:127,128,129,131,132,133,134,:
131:128,129,130,132,133,134,:
132:114,128,129,130,131,133,134,:
133:128,129,130,131,132,134,:
134:128,129,130,131,132,133,:
135:122,123,124,125,126,127,128,136,137,138,139,140,141,143,526,528,531,:
136:122,124,125,126,127,135,137,138,139,140,141,143,524,525,526,527,528,529,530,531,:
137:124,125,126,135,136,138,139,140,141,142,143,528,:
138:39,125,126,135,136,137,139,140,141,526,:
139:39,125,126,127,128,129,135,136,137,138,140,524,526,:
140:39,125,135,136,137,138,139,141,142,143,144,145,524,526,528,:
141:135,136,137,138,140,142,143,144,145,146,527,528,:
142:137,140,141,143,144,145,146,147,148,518,527,528,:
143:135,136,137,140,141,142,144,145,146,147,528,:
144:140,141,142,143,145,146,147,148,528,:
145:140,141,142,143,144,146,147,148,:
146:141,142,143,144,145,147,148,534,:
147:142,143,144,145,146,148,:
148:142,144,145,146,147,:
149:39,40,150,151,152,153,154,155,156,:
150:149,151,152,153,154,155,:
151:37,39,40,43,149,150,152,153,154,155,156,:
152:149,150,151,153,154,155,:
153:149,150,151,152,154,:
154:40,149,150,151,152,153,155,156,:
155:37,38,39,40,149,150,151,152,154,156,:
156:37,38,40,149,151,154,155,:
157:107,158,159,160,161,162,163,165,169,173,174,:
158:157,159,160,161,162,163,165,169,173,:
159:94,107,157,158,160,161,162,163,164,165,173,174,175,:
160:94,157,158,159,161,162,163,164,173,174,175,176,177,178,:
161:157,158,159,160,162,163,164,173,174,175,176,178,242,243,:
162:94,107,157,158,159,160,161,163,164,165,166,168,169,173,174,:
163:157,158,159,160,161,162,164,165,166,167,168,169,170,171,173,174,:
164:159,160,161,162,163,165,166,167,168,169,170,173,188,:
165:157,158,159,162,163,164,166,167,168,169,170,171,172,:
166:162,163,164,165,167,168,169,170,172,188,:
167:163,164,165,166,168,170,185,186,188,:
168:162,163,164,165,166,167,169,170,171,172,:
169:157,158,162,163,164,165,166,168,170,171,172,:
170:163,164,165,166,167,168,169,171,172,:
171:163,165,168,169,170,172,:
172:165,166,168,169,170,171,:
173:91,93,94,157,158,159,160,161,162,163,164,174,175,176,177,178,179,180,:
174:90,91,92,93,94,157,159,160,161,162,163,173,175,176,177,178,:
175:91,94,159,160,161,173,174,176,177,178,179,180,181,236,:
176:90,91,94,160,161,173,174,175,177,178,179,180,181,182,184,185,236,:
177:90,91,92,93,94,160,173,174,175,176,178,179,180,181,182,184,185,:
178:160,161,173,174,175,176,177,179,180,:
179:173,175,176,177,178,180,181,182,183,184,185,189,190,233,235,236,:
180:173,175,176,177,178,179,181,182,183,184,185,232,233,234,235,236,237,240,:
181:175,176,177,179,180,182,183,184,185,186,189,190,191,233,236,:
182:176,177,179,180,181,183,184,185,189,190,191,192,194,195,233,:
183:179,180,181,182,184,189,190,191,192,194,215,226,227,232,233,234,236,237,:
184:176,177,179,180,181,182,183,185,186,187,188,189,190,:
185:167,176,177,179,180,181,182,184,186,187,188,:
186:167,181,184,185,187,188,:
187:184,185,186,188,:
188:164,166,167,184,185,186,187,:
189:179,181,182,183,184,190,191,192,193,194,195,196,197,:
190:179,181,182,183,184,189,191,192,193,194,195,196,:
191:181,182,183,189,190,192,193,194,195,196,197,215,:
192:182,183,189,190,191,193,194,195,215,:
193:189,190,191,192,194,:
194:79,80,182,183,189,190,191,192,193,195,196,197,198,199,209,:
195:182,189,190,191,192,194,196,197,198,199,200,:
196:97,99,100,189,190,191,194,195,197,198,199,200,201,:
197:85,189,191,194,195,196,198,199,200,201,202,209,:
198:85,97,99,194,195,196,197,199,200,201,202,:
199:2,83,85,87,88,89,194,195,196,197,198,200,201,202,230,231,:
200:2,83,85,89,195,196,197,198,199,201,202,:
201:1,2,3,26,85,89,196,197,198,199,200,202,566,:
202:1,2,3,26,83,85,87,88,89,197,198,199,200,201,566,:
203:204,205,206,207,208,209,210,211,212,300,303,:
204:203,205,206,207,208,210,211,299,300,301,302,303,:
205:203,204,206,207,208,209,210,211,212,213,300,:
206:203,204,205,207,208,209,210,211,212,213,214,215,216,224,299,300,:
207:203,204,205,206,208,209,211,212,213,214,224,225,231,292,293,298,299,300,301,303,304,:
208:203,204,205,206,207,209,210,211,212,:
209:194,197,203,205,206,207,208,210,211,212,214,215,:
210:69,70,71,73,80,84,203,204,205,206,208,209,:
211:203,204,205,206,207,208,209,212,213,214,215,216,217,224,225,300,:
212:203,205,206,207,208,209,211,213,214,215,216,:
213:205,206,207,211,212,214,215,216,217,218,224,225,226,289,:
214:206,207,209,211,212,213,215,216,217,224,225,226,227,228,229,231,232,233,289,:
215:183,191,192,206,209,211,212,213,214,216,217,224,225,226,227,232,233,:
216:206,211,212,213,214,215,217,218,219,224,225,:
217:211,213,214,215,216,218,219,220,224,225,239,:
218:213,216,217,219,220,221,222,223,:
219:216,217,218,220,221,222,223,282,283,284,:
220:217,218,219,221,222,223,282,284,:
221:218,219,220,222,223,284,:
222:218,219,220,221,223,282,283,284,:
223:218,219,220,221,222,282,284,:
224:206,207,211,213,214,215,216,217,225,226,227,228,229,230,231,232,233,286,288,289,:
225:207,211,213,214,215,216,217,224,226,227,228,229,231,232,285,286,287,288,289,290,292,:
226:183,213,214,215,224,225,227,228,229,230,231,232,233,234,286,289,:
227:183,214,215,224,225,226,228,229,230,231,232,233,234,235,237,238,239,286,289,:
228:214,224,225,226,227,229,230,232,233,234,235,239,241,270,277,278,285,286,289,:
229:214,224,225,226,227,228,230,231,232,233,286,289,:
230:1,16,199,224,226,227,228,229,231,232,233,:
231:32,199,207,214,224,225,226,227,229,230,304,:
232:180,183,214,215,224,225,226,227,228,229,230,233,234,235,236,237,238,239,240,241,:
233:179,180,181,182,183,214,215,224,226,227,228,229,230,232,234,235,236,237,238,239,:
234:180,183,226,227,228,232,233,235,236,237,238,239,240,241,242,270,:
235:179,180,227,228,232,233,234,236,237,238,239,240,241,242,243,244,245,246,270,:
236:175,176,179,180,181,183,232,233,234,235,237,240,241,242,243,245,:
237:180,183,227,232,233,234,235,236,238,239,240,241,283,:
238:227,232,233,234,235,237,239,282,283,:
239:217,227,228,232,233,234,235,237,238,280,281,282,283,284,:
240:180,232,234,235,236,237,241,242,243,244,245,246,267,269,270,:
241:228,232,234,235,236,237,240,242,243,244,245,246,266,267,268,269,270,275,:
242:161,234,235,236,240,241,243,244,245,246,267,270,:
243:161,235,236,240,241,242,244,245,246,267,:
244:235,240,241,242,243,245,266,267,270,:
245:235,236,240,241,242,243,244,246,247,248,249,250,255,270,:
246:235,240,241,242,243,245,247,248,249,250,255,:
247:5,6,12,23,25,245,246,248,249,250,251,252,254,255,:
248:6,7,12,25,245,246,247,249,250,251,252,253,254,255,256,:
249:6,7,8,27,245,246,247,248,250,251,252,254,255,256,:
250:8,10,11,23,24,25,245,246,247,248,249,251,252,253,254,255,256,:
251:10,11,23,24,25,29,30,247,248,249,250,252,253,254,255,256,:
252:11,22,23,24,25,30,247,248,249,250,251,253,254,256,273,:
253:10,23,24,29,30,248,250,251,252,254,255,256,:
254:8,9,10,28,247,248,249,250,251,252,253,255,256,264,:
255:7,8,9,114,245,246,247,248,249,250,251,253,254,256,264,:
256:8,9,10,28,29,248,249,250,251,252,253,254,255,264,:
257:258,259,260,261,262,263,264,:
258:257,259,260,261,262,:
259:257,258,260,261,262,263,264,265,:
260:257,258,259,261,262,263,:
261:257,258,259,260,262,:
262:257,258,259,260,261,263,264,265,:
263:257,259,260,262,264,265,:
264:254,255,256,257,259,262,263,265,:
265:259,262,263,264,:
266:241,244,267,268,269,270,271,272,275,276,:
267:240,241,242,243,244,266,268,269,270,271,275,:
268:241,266,267,269,270,271,272,275,276,277,:
269:240,241,266,267,268,270,271,272,273,275,276,277,278,279,280,281,:
270:228,234,235,240,241,242,244,245,266,267,268,269,271,272,275,276,277,278,280,:
271:266,267,268,269,270,272,273,275,276,:
272:266,268,269,270,271,273,274,275,276,369,371,372,:
273:23,24,25,252,269,271,272,274,279,351,352,368,369,:
274:24,36,272,273,351,368,369,371,372,373,:
275:241,266,267,268,269,270,271,272,276,277,278,279,280,281,285,286,:
276:266,268,269,270,271,272,275,277,278,279,280,281,369,370,376,:
277:228,268,269,270,275,276,278,279,280,281,282,285,286,287,:
278:228,269,270,275,276,277,279,280,281,285,286,287,288,289,:
279:269,273,275,276,277,278,280,285,286,287,366,367,368,369,370,:
280:239,269,270,275,276,277,278,279,281,282,283,284,285,286,:
281:239,269,275,276,277,278,280,282,283,284,:
282:219,220,222,223,238,239,277,280,281,283,284,:
283:219,222,237,238,239,280,281,282,284,:
284:219,220,221,222,223,239,280,281,282,283,:
285:225,228,275,277,278,279,280,286,287,288,289,290,291,:
286:224,225,226,227,228,229,275,277,278,279,280,285,287,288,289,290,:
287:225,277,278,279,285,286,288,289,290,291,292,352,357,:
288:224,225,278,285,286,287,289,290,291,292,293,294,295,296,357,:
289:213,214,224,225,226,227,228,229,278,285,286,287,288,290,291,292,293,295,296,:
290:225,285,286,287,288,289,291,292,293,294,295,296,297,298,299,300,354,356,357,:
291:285,287,288,289,290,292,293,294,295,296,299,353,354,355,356,357,358,:
292:207,225,287,288,289,290,291,293,294,295,296,297,298,299,300,301,354,357,:
293:207,288,289,290,291,292,294,295,296,298,299,300,301,302,303,304,353,354,:
294:288,290,291,292,293,295,298,299,300,301,302,304,332,344,345,353,354,355,357,:
295:288,289,290,291,292,293,294,296,297,298,299,300,:
296:288,289,290,291,292,293,295,297,298,:
297:290,292,295,296,298,:
298:207,290,292,293,294,295,296,297,299,300,:
299:204,206,207,290,291,292,293,294,295,298,300,301,302,303,304,305,306,:
300:203,204,205,206,207,211,290,292,293,294,295,298,299,301,302,303,304,:
301:204,207,292,293,294,299,300,302,303,304,305,306,307,313,332,:
302:204,293,294,299,300,301,303,304,305,306,307,308,309,310,311,313,332,:
303:73,75,203,204,207,293,299,300,301,302,304,305,306,307,310,313,:
304:88,207,231,293,294,299,300,301,302,303,305,306,326,332,:
305:299,301,302,303,304,306,307,308,309,310,311,313,315,326,329,332,:
306:299,301,302,303,304,305,307,308,309,310,311,313,315,326,328,329,330,331,332,333,:
307:75,301,302,303,305,306,308,309,310,311,312,313,329,:
308:302,305,306,307,309,310,311,312,326,328,329,:
309:302,305,306,307,308,310,311,312,321,322,326,328,329,330,332,333,:
310:302,303,305,306,307,308,309,311,312,313,314,315,:
311:302,305,306,307,308,309,310,312,313,314,315,316,:
312:307,308,309,310,311,313,314,315,316,317,318,:
313:301,302,303,305,306,307,310,311,312,314,315,316,317,332,:
314:310,311,312,313,315,316,317,318,336,:
315:305,306,310,311,312,313,314,316,317,318,:
316:311,312,313,314,315,317,318,333,405,:
317:312,313,314,315,316,318,402,404,405,406,:
318:312,314,315,316,317,402,403,404,405,406,407,:
319:320,321,322,323,324,325,326,328,329,426,429,:
320:319,321,322,323,324,325,425,426,427,428,429,437,:
321:309,319,320,322,323,324,325,326,327,328,329,330,426,429,:
322:309,319,320,321,323,324,325,326,328,329,330,331,332,333,425,426,:
323:319,320,321,322,324,326,328,329,330,331,342,343,412,419,420,425,426,427,428,429,433,435,:
324:319,320,321,322,323,325,326,327,328,329,435,436,:
325:319,320,321,322,324,326,327,:
326:304,305,306,308,309,319,321,322,323,324,325,327,328,329,332,435,436,:
327:74,321,324,325,326,434,436,:
328:306,308,309,319,321,322,323,324,326,329,330,331,332,333,334,336,342,343,426,:
329:305,306,307,308,309,319,321,322,323,324,326,328,330,331,332,333,334,336,:
330:306,309,321,322,323,328,329,331,332,333,334,335,336,342,343,344,412,:
331:306,322,323,328,329,330,332,333,334,342,343,344,345,346,347,412,:
332:294,301,302,304,305,306,309,313,322,326,328,329,330,331,333,342,343,344,345,347,:
333:306,309,316,322,328,329,330,331,332,334,335,336,337,338,342,343,:
334:328,329,330,331,333,335,336,337,338,339,405,:
335:330,333,334,336,337,338,339,340,341,401,403,424,:
336:314,328,329,330,333,334,335,337,338,339,340,405,:
337:333,334,335,336,338,339,340,341,403,405,424,:
338:333,334,335,336,337,339,340,341,405,407,:
339:334,335,336,337,338,340,341,403,404,405,407,:
340:335,336,337,338,339,341,407,:
341:335,337,338,339,340,407,:
342:323,328,330,331,332,333,343,344,345,346,347,348,353,354,409,412,:
343:323,328,330,331,332,333,342,344,345,346,347,408,409,410,411,412,417,426,433,:
344:294,330,331,332,342,343,345,346,347,348,349,350,353,354,355,409,412,:
345:294,331,332,342,343,344,346,347,348,349,353,354,355,356,358,409,:
346:331,342,343,344,345,347,348,349,353,354,355,356,358,382,397,398,408,409,410,412,415,:
347:31,331,332,342,343,344,345,346,348,349,350,351,352,353,354,412,435,:
348:20,21,31,342,344,345,346,347,349,350,351,352,353,354,:
349:20,21,22,35,36,344,345,346,347,348,350,351,352,353,354,:
350:15,31,344,347,348,349,351,352,354,:
351:21,22,23,36,273,274,347,348,349,350,352,:
352:21,22,23,25,31,36,273,287,347,348,349,350,351,:
353:291,293,294,342,344,345,346,347,348,349,354,355,356,357,358,359,360,361,362,:
354:290,291,292,293,294,342,344,345,346,347,348,349,350,353,355,356,357,358,361,:
355:291,294,344,345,346,353,354,356,357,358,359,360,361,362,363,382,:
356:290,291,345,346,353,354,355,357,358,359,360,361,362,363,364,366,382,:
357:287,288,290,291,292,294,353,354,355,356,358,359,360,361,362,363,366,:
358:291,345,346,353,354,355,356,357,359,360,361,362,:
359:353,355,356,357,358,360,361,362,382,:
360:353,355,356,357,358,359,361,362,363,364,382,:
361:353,354,355,356,357,358,359,360,362,363,364,365,366,367,379,382,:
362:353,355,356,357,358,359,360,361,363,364,365,366,378,379,380,381,382,:
363:355,356,357,360,361,362,364,365,366,367,368,379,382,:
364:356,360,361,362,363,365,366,367,378,379,:
365:361,362,363,364,366,367,378,379,380,382,:
366:279,356,357,361,362,363,364,365,367,368,369,:
367:279,361,363,364,365,366,368,369,370,371,373,:
368:273,274,279,363,366,367,369,370,371,372,373,374,375,:
369:272,273,274,276,279,366,367,368,370,371,372,373,374,375,376,377,:
370:276,279,367,368,369,371,372,373,375,376,377,:
371:272,274,367,368,369,370,372,373,374,375,376,377,:
372:272,274,368,369,370,371,373,374,375,376,377,389,390,391,:
373:274,367,368,369,370,371,372,374,375,377,389,390,391,:
374:368,369,371,372,373,375,376,377,391,:
375:368,369,370,371,372,373,374,376,377,:
376:276,369,370,371,372,374,375,377,:
377:369,370,371,372,373,374,375,376,:
378:362,364,365,379,380,381,382,383,384,395,396,:
379:361,362,363,364,365,378,380,381,382,383,384,:
380:362,365,378,379,381,382,383,384,385,395,396,397,:
381:362,378,379,380,382,383,384,395,396,397,398,400,415,:
382:346,355,356,359,360,361,362,363,365,378,379,380,381,383,395,396,397,398,400,415,:
383:378,379,380,381,382,384,385,386,395,396,:
384:378,379,380,381,383,385,386,387,388,389,390,:
385:380,383,384,386,387,388,389,390,391,392,393,:
386:383,384,385,387,388,389,390,391,392,393,394,:
387:384,385,386,388,389,390,392,393,394,:
388:384,385,386,387,389,390,391,392,393,394,:
389:372,373,384,385,386,387,388,390,391,392,393,394,:
390:372,373,384,385,386,387,388,389,391,392,394,:
391:372,373,374,385,386,388,389,390,392,393,394,:
392:385,386,387,388,389,390,391,393,394,:
393:385,386,387,388,389,391,392,394,:
394:386,387,388,389,390,391,392,393,:
395:378,380,381,382,383,396,397,398,399,400,401,408,409,415,:
396:378,380,381,382,383,395,397,398,399,400,408,:
397:346,380,381,382,395,396,398,399,400,401,402,408,409,410,415,:
398:346,381,382,395,396,397,399,400,401,408,409,410,411,413,414,415,:
399:395,396,397,398,400,401,408,409,410,411,413,414,415,:
400:381,382,395,396,397,398,399,401,402,403,408,409,:
401:335,395,397,398,399,400,402,403,404,405,408,409,:
402:317,318,397,400,401,403,404,405,406,407,:
403:318,335,337,339,400,401,402,404,405,406,407,:
404:317,318,339,401,402,403,405,406,407,:
405:316,317,318,334,336,337,338,339,401,402,403,404,406,407,:
406:317,318,402,403,404,405,407,:
407:318,338,339,340,341,402,403,404,405,406,:
408:343,346,395,396,397,398,399,400,401,409,410,411,412,413,414,415,416,417,418,:
409:342,343,344,345,346,395,397,398,399,400,401,408,410,411,412,413,414,415,417,:
410:343,346,397,398,399,408,409,411,412,413,414,415,416,417,418,419,:
411:343,398,399,408,409,410,412,413,414,415,416,417,418,419,420,421,422,424,425,426,:
412:323,330,331,342,343,344,346,347,408,409,410,411,413,416,417,418,419,420,421,425,426,:
413:20,34,35,398,399,408,409,410,411,412,414,415,416,417,418,:
414:20,35,398,399,408,409,410,411,413,415,416,510,511,512,:
415:35,346,381,382,395,397,398,399,408,409,410,411,413,414,416,:
416:19,20,34,35,408,410,411,412,413,414,415,417,418,421,511,:
417:343,408,409,410,411,412,413,416,418,419,420,421,422,423,424,425,426,:
418:408,410,411,412,413,416,417,419,420,421,422,424,:
419:323,410,411,412,417,418,420,421,422,423,424,425,426,427,:
420:323,411,412,417,418,419,421,422,423,424,425,426,427,428,429,430,:
421:411,412,416,417,418,419,420,422,423,425,426,427,428,430,489,493,:
422:411,417,418,419,420,421,423,424,425,426,:
423:417,419,420,421,422,424,425,426,429,:
424:335,337,411,417,418,419,420,422,423,:
425:320,322,323,411,412,417,419,420,421,422,423,426,427,428,429,430,431,433,437,438,:
426:319,320,321,322,323,328,343,411,412,417,419,420,421,422,423,425,427,428,429,430,431,433,435,:
427:320,323,419,420,421,425,426,428,429,430,431,432,433,437,438,439,474,:
428:320,323,420,421,425,426,427,429,430,431,432,433,437,438,439,440,441,442,443,445,447,474,:
429:319,320,321,323,420,423,425,426,427,428,430,431,432,437,438,439,440,442,443,444,:
430:33,34,420,421,425,426,427,428,429,431,432,433,434,435,437,438,474,489,550,:
431:33,425,426,427,428,429,430,432,433,434,435,436,437,438,:
432:427,428,429,430,431,433,434,435,436,437,438,548,550,:
433:31,33,323,343,425,426,427,428,430,431,432,434,435,436,:
434:16,32,89,327,430,431,432,433,435,436,:
435:15,16,31,32,323,324,326,347,426,430,431,432,433,434,436,:
436:16,32,88,89,324,326,327,431,432,433,434,435,:
437:320,425,427,428,429,430,431,432,438,439,440,441,442,443,444,445,447,448,449,471,474,:
438:425,427,428,429,430,431,432,437,439,440,441,442,443,445,447,470,471,472,473,474,:
439:427,428,429,437,438,440,441,442,443,444,445,447,448,449,450,471,474,:
440:428,429,437,438,439,441,442,443,448,449,450,451,452,453,455,471,:
441:428,437,438,439,440,442,448,449,450,451,467,468,470,471,472,474,:
442:428,429,437,438,439,440,441,443,444,445,446,447,448,449,474,:
443:428,429,437,438,439,440,442,444,445,446,447,:
444:429,437,439,442,443,445,446,447,:
445:428,437,438,439,442,443,444,446,447,:
446:442,443,444,445,447,:
447:428,437,438,439,442,443,444,445,446,474,478,:
448:437,439,440,441,442,449,450,451,452,453,454,455,:
449:437,439,440,441,442,448,450,451,452,453,455,:
450:439,440,441,448,449,451,452,453,454,455,:
451:440,441,448,449,450,452,453,454,455,:
452:440,448,449,450,451,453,454,:
453:440,448,449,450,451,452,454,455,:
454:448,450,451,452,453,455,463,:
455:440,448,449,450,451,453,454,:
456:457,458,459,460,461,462,463,560,563,:
457:456,458,459,460,461,462,559,560,561,562,563,564,:
458:456,457,459,460,461,462,463,464,560,:
459:456,457,458,460,461,462,463,466,560,:
460:456,457,458,459,461,463,466,539,553,554,559,560,561,563,:
461:456,457,458,459,460,462,463,464,:
462:104,456,457,458,459,461,463,464,:
463:454,456,458,459,460,461,462,464,:
464:103,104,105,458,461,462,463,:
465:466,467,468,469,470,471,536,538,539,:
466:459,460,465,467,468,469,535,536,537,538,539,541,542,544,546,551,:
467:441,465,466,468,469,470,471,472,536,539,544,546,548,:
468:441,465,466,467,469,470,471,472,473,475,536,543,546,547,548,:
469:465,466,467,468,470,471,472,475,520,529,530,533,535,536,539,543,547,:
470:438,441,465,467,468,469,471,472,473,474,475,476,484,485,549,550,:
471:437,438,439,440,441,465,467,468,469,470,472,473,474,475,484,548,550,:
472:438,441,467,468,469,470,471,473,474,475,476,477,478,484,485,486,520,:
473:438,468,470,471,472,474,475,476,477,478,484,485,486,487,488,489,520,:
474:427,428,430,437,438,439,441,442,447,470,471,472,473,475,476,478,484,485,486,489,:
475:468,469,470,471,472,473,474,476,477,478,479,480,484,485,520,:
476:470,472,473,474,475,477,478,479,480,481,484,485,520,:
477:472,473,475,476,478,479,480,481,482,483,484,485,517,520,534,:
478:447,472,473,474,475,476,477,479,480,481,482,484,485,:
479:475,476,477,478,480,481,482,483,517,:
480:475,476,477,478,479,481,482,483,497,:
481:476,477,478,479,480,482,483,488,497,:
482:477,478,479,480,481,483,497,:
483:477,479,480,481,482,:
484:470,471,472,473,474,475,476,477,478,485,486,487,488,489,490,491,492,493,517,520,549,:
485:470,472,473,474,475,476,477,478,484,486,487,488,489,490,491,492,516,517,518,519,520,521,549,:
486:472,473,474,484,485,487,488,489,490,491,492,493,494,517,:
487:473,484,485,486,488,489,490,491,492,493,494,495,497,517,:
488:473,481,484,485,486,487,489,490,491,492,493,494,497,516,517,518,520,:
489:34,421,430,473,474,484,485,486,487,488,490,491,492,493,:
490:484,485,486,487,488,489,491,492,517,521,549,:
491:484,485,486,487,488,489,490,492,493,494,516,517,521,:
492:484,485,486,487,488,489,490,491,493,494,495,496,497,499,500,:
493:421,484,486,487,488,489,491,492,494,495,496,497,499,:
494:486,487,488,491,492,493,495,496,497,498,499,500,501,:
495:487,492,493,494,496,497,498,499,500,501,502,504,505,:
496:492,493,494,495,497,499,500,501,504,505,:
497:480,481,482,487,488,492,493,494,495,496,498,499,500,:
498:494,495,497,499,500,:
499:492,493,494,495,496,497,498,500,501,502,503,504,505,:
500:492,494,495,496,497,498,499,501,502,503,504,505,:
501:494,495,496,499,500,502,503,504,505,506,:
502:495,499,500,501,503,504,505,:
503:499,500,501,502,504,:
504:495,496,499,500,501,502,503,505,506,507,508,:
505:495,496,499,500,501,502,504,506,507,508,509,511,:
506:501,504,505,507,508,509,510,511,512,513,514,:
507:504,505,506,508,509,510,511,512,513,514,515,:
508:504,505,506,507,509,510,511,513,514,515,:
509:505,506,507,508,510,511,512,513,514,515,:
510:35,414,506,507,508,509,511,512,513,514,515,:
511:35,414,416,505,506,507,508,509,510,512,513,515,:
512:35,414,506,507,509,510,511,513,514,515,:
513:506,507,508,509,510,511,512,514,515,:
514:506,507,508,509,510,512,513,515,:
515:507,508,509,510,511,512,513,514,:
516:485,488,491,517,518,519,520,521,522,527,528,:
517:477,479,484,485,486,487,488,490,491,516,518,519,520,521,527,:
518:142,485,488,516,517,519,520,521,522,523,524,527,528,529,:
519:485,516,517,518,520,521,522,523,524,527,528,529,530,531,532,534,:
520:469,472,473,475,476,477,484,485,488,516,517,518,519,521,522,527,528,529,530,532,534,549,:
521:38,485,490,491,516,517,518,519,520,522,523,524,525,526,527,528,:
522:37,38,39,516,518,519,520,521,523,524,525,526,527,528,:
523:8,9,10,28,29,38,518,519,521,522,524,525,526,527,528,531,547,:
524:37,38,39,40,41,136,139,140,518,519,521,522,523,525,526,527,528,:
525:8,9,10,28,29,38,136,521,522,523,524,526,531,:
526:28,29,37,38,39,135,136,138,139,140,521,522,523,524,525,528,:
527:136,141,142,516,517,518,519,520,521,522,523,524,528,529,530,531,532,533,534,535,536,:
528:135,136,137,140,141,142,143,144,516,518,519,520,521,522,523,524,526,527,529,530,531,532,534,535,:
529:136,469,518,519,520,527,528,530,531,532,533,534,535,536,537,:
530:136,469,519,520,527,528,529,531,532,533,534,535,536,537,538,539,540,547,:
531:124,125,127,135,136,519,523,525,527,528,529,530,532,533,535,536,537,540,:
532:519,520,527,528,529,530,531,533,534,535,536,:
533:469,527,529,530,531,532,534,535,536,:
534:146,477,519,520,527,528,529,530,532,533,:
535:466,469,527,528,529,530,531,532,533,536,537,538,539,540,541,543,547,551,552,:
536:465,466,467,468,469,527,529,530,531,532,533,535,537,538,539,540,541,542,543,547,551,:
537:120,466,529,530,531,535,536,538,539,540,541,542,543,547,551,552,553,:
538:120,465,466,530,535,536,537,539,540,541,542,551,552,553,554,556,558,:
539:460,465,466,467,469,530,535,536,537,538,540,541,542,551,552,553,554,556,558,560,:
540:7,27,115,530,531,535,536,537,538,539,541,542,543,544,546,547,551,552,:
541:5,6,7,27,466,535,536,537,538,539,540,542,543,544,545,546,547,548,549,551,:
542:5,26,27,466,536,537,538,539,540,541,543,544,545,546,547,548,565,567,:
543:5,6,7,27,468,469,535,536,537,540,541,542,544,545,546,547,548,549,550,:
544:3,4,5,26,466,467,540,541,542,543,545,546,547,548,550,:
545:1,3,4,5,26,541,542,543,544,546,548,566,:
546:3,4,5,6,26,466,467,468,540,541,542,543,544,545,547,548,549,550,:
547:6,468,469,523,530,535,536,537,540,541,542,543,544,546,548,549,550,:
548:4,5,14,33,432,467,468,471,541,542,543,544,545,546,547,549,550,:
549:33,470,484,485,490,520,541,543,546,547,548,550,:
550:18,33,430,432,470,471,543,544,546,547,548,549,:
551:117,120,466,535,536,537,538,539,540,541,552,553,554,555,556,557,558,559,560,:
552:112,116,117,119,120,535,537,538,539,540,551,553,554,555,556,558,559,:
553:117,120,460,537,538,539,551,552,554,555,556,557,558,559,560,561,:
554:117,460,538,539,551,552,553,555,556,557,558,559,560,561,562,563,564,565,567,:
555:108,109,112,116,117,120,551,552,553,554,556,557,559,560,561,562,564,567,:
556:117,120,121,538,539,551,552,553,554,555,557,558,559,560,:
557:551,553,554,555,556,558,559,560,:
558:121,538,539,551,552,553,554,556,557,:
559:457,460,551,552,553,554,555,556,557,560,561,562,563,564,565,567,:
560:456,457,458,459,460,539,551,553,554,555,556,557,559,561,562,563,564,565,:
561:457,460,553,554,555,559,560,562,563,564,565,566,567,:
562:457,554,555,559,560,561,563,564,565,:
563:456,457,460,554,559,560,561,562,564,:
564:95,457,554,555,559,560,561,562,563,565,566,567,:
565:542,554,559,560,561,562,564,566,567,:
566:26,201,202,545,561,564,565,567,:
567:108,111,542,554,555,559,561,564,565,566,:
