1:2,3,4,5,6,7,8,16,17,23,24,25,26,27,28,29,30,35,36,37,38,39,40,:
2:1,3,4,5,6,7,16,17,23,24,25,26,27,28,35,36,37,38,39,40,:
3:1,2,4,5,6,16,17,18,23,24,25,26,27,28,36,37,509,:
4:1,2,3,5,6,16,18,23,24,25,26,27,28,36,41,42,43,:
5:1,2,3,4,6,7,8,16,17,18,23,24,25,26,27,28,29,30,35,36,38,41,42,43,:
6:1,2,3,4,5,7,8,9,16,17,18,23,24,25,26,27,28,29,30,35,36,37,38,39,40,41,42,43,44,:
7:1,2,5,6,8,9,10,16,17,18,19,29,30,31,35,36,38,39,41,42,43,44,45,46,:
8:1,5,6,7,9,10,11,16,17,18,19,29,30,31,35,39,41,44,45,46,334,:
9:6,7,8,10,11,12,19,29,30,31,32,44,45,46,333,334,:
10:7,8,9,11,12,13,19,30,31,32,33,44,45,46,47,201,291,333,:
11:8,9,10,12,13,14,19,20,31,32,33,34,45,46,47,48,49,201,332,333,:
12:9,10,11,13,14,15,20,31,32,33,34,47,48,49,201,236,291,:
13:10,11,12,14,15,20,21,22,32,33,34,47,48,49,88,:
14:11,12,13,15,20,21,22,32,33,34,47,48,49,78,88,:
15:12,13,14,20,21,22,34,48,49,77,78,82,88,90,355,:
16:1,2,3,4,5,6,7,8,17,23,24,26,30,35,36,37,38,39,40,544,:
17:1,2,3,5,6,7,8,16,23,24,29,35,36,37,38,39,40,334,544,554,:
18:3,4,5,6,7,8,27,28,29,30,41,42,43,170,172,173,174,208,:
19:7,8,9,10,11,29,30,31,32,44,45,46,333,334,385,390,:
20:11,12,13,14,15,22,32,33,34,47,48,49,:
21:13,14,15,22,34,72,73,77,78,79,82,88,90,317,321,322,:
22:13,14,15,20,21,34,48,49,77,78,79,82,89,90,354,355,356,:
23:1,2,3,4,5,6,16,17,24,25,26,27,28,36,37,38,39,40,512,516,517,:
24:1,2,3,4,5,6,16,17,23,25,26,35,36,37,38,39,40,507,512,544,:
25:1,2,3,4,5,6,23,24,26,27,28,491,507,509,517,:
26:1,2,3,4,5,6,16,23,24,25,27,28,36,37,507,509,:
27:1,2,3,4,5,6,18,23,25,26,28,41,42,43,173,174,479,481,491,:
28:1,2,3,4,5,6,18,23,25,26,27,36,41,42,43,173,210,:
29:1,5,6,7,8,9,17,18,19,30,35,38,39,41,44,45,46,483,:
30:1,5,6,7,8,9,10,16,18,19,29,31,35,36,39,41,44,:
31:7,8,9,10,11,12,19,30,32,33,45,46,201,291,:
32:9,10,11,12,13,14,19,20,31,33,44,45,46,47,48,49,201,333,:
33:10,11,12,13,14,20,31,32,34,47,201,236,289,291,:
34:11,12,13,14,15,20,21,22,33,48,49,88,236,315,:
35:1,2,5,6,7,8,16,17,24,29,30,36,37,38,39,40,334,:
36:1,2,3,4,5,6,7,16,17,23,24,26,28,30,35,37,39,40,:
37:1,2,3,6,16,17,23,24,26,35,36,38,39,40,544,:
38:1,2,5,6,7,16,17,23,24,29,35,37,39,40,482,483,554,:
39:1,2,6,7,8,16,17,23,24,29,30,35,36,37,38,40,44,334,335,:
40:1,2,6,16,17,23,24,35,36,37,38,39,334,544,552,554,:
41:4,5,6,7,8,18,27,28,29,30,42,43,402,404,:
42:4,5,6,7,18,27,28,41,43,170,173,174,404,481,:
43:4,5,6,7,18,27,28,41,42,170,171,172,173,174,208,210,:
44:6,7,8,9,10,19,29,30,32,39,45,46,334,384,385,390,:
45:7,8,9,10,11,19,29,31,32,44,46,47,389,390,:
46:7,8,9,10,11,19,29,31,32,44,45,47,332,333,334,385,390,:
47:10,11,12,13,14,20,32,33,45,46,48,49,365,:
48:11,12,13,14,15,20,22,32,34,47,49,88,97,99,:
49:11,12,13,14,15,20,22,32,34,47,48,314,329,365,:
50:51,52,53,54,55,56,62,68,:
51:50,52,53,55,:
52:50,51,53,54,55,56,57,58,62,67,68,325,:
53:50,51,52,54,55,56,57,58,61,62,68,71,:
54:50,52,53,55,56,57,58,61,62,63,68,70,71,76,:
55:50,51,52,53,54,56,57,58,59,60,:
56:50,52,53,54,55,57,58,59,60,:
57:52,53,54,55,56,58,59,60,76,319,325,:
58:52,53,54,55,56,57,59,60,:
59:55,56,57,58,60,76,350,351,352,:
60:55,56,57,58,59,76,351,352,358,:
61:53,54,62,63,64,65,66,67,68,69,70,71,:
62:50,52,53,54,61,63,64,66,67,68,69,70,71,:
63:54,61,62,64,65,66,67,68,69,70,71,72,326,:
64:61,62,63,65,66,67,68,69,70,71,72,73,74,75,253,321,323,324,326,:
65:61,63,64,66,67,68,70,71,72,73,74,77,78,248,249,250,251,252,253,320,321,322,323,324,326,:
66:61,62,63,64,65,67,68,69,70,71,250,323,324,326,:
67:52,61,62,63,64,65,66,68,69,70,320,323,324,325,326,:
68:50,52,53,54,61,62,63,64,65,66,67,69,70,71,324,325,326,:
69:61,62,63,64,66,67,68,:
70:54,61,62,63,64,65,66,67,68,71,72,73,74,75,76,77,78,323,326,:
71:53,54,61,62,63,64,65,66,68,70,72,73,74,75,76,:
72:21,63,64,65,70,71,73,74,75,76,77,78,79,90,321,322,323,:
73:21,64,65,70,71,72,74,75,77,78,79,80,81,82,89,90,:
74:64,65,70,71,72,73,75,77,78,79,80,81,89,90,:
75:64,70,71,72,73,74,76,77,78,89,90,93,354,355,356,:
76:54,57,59,60,70,71,72,75,318,319,320,353,354,355,356,:
77:15,21,22,65,70,72,73,74,75,78,79,80,81,82,83,89,90,252,:
78:14,15,21,22,65,70,72,73,74,75,77,79,80,82,88,89,90,321,322,:
79:21,22,72,73,74,77,78,80,81,82,83,84,88,89,90,91,252,254,256,:
80:73,74,77,78,79,81,82,83,89,90,91,92,94,95,:
81:73,74,77,79,80,82,83,89,90,91,92,94,95,96,104,120,:
82:15,21,22,73,77,78,79,80,81,83,84,85,86,87,88,89,90,254,256,:
83:77,79,80,81,82,84,85,86,87,88,89,256,:
84:79,82,83,85,86,87,88,99,199,200,228,230,:
85:82,83,84,86,87,88,99,198,199,200,228,230,:
86:82,83,84,85,87,88,199,200,201,228,236,:
87:82,83,84,85,86,88,194,197,198,199,200,201,231,232,233,236,:
88:13,14,15,21,34,48,78,79,82,83,84,85,86,87,199,200,201,231,233,236,:
89:22,73,74,75,77,78,79,80,81,82,83,90,91,92,93,94,95,97,103,104,356,:
90:15,21,22,72,73,74,75,77,78,79,80,81,82,89,91,92,93,94,95,103,354,355,356,:
91:79,80,81,89,90,92,93,94,95,96,97,103,104,105,120,356,:
92:80,81,89,90,91,93,94,95,103,104,105,106,107,108,110,120,354,356,359,:
93:75,89,90,91,92,94,103,104,105,106,107,130,353,354,355,356,357,359,:
94:80,81,89,90,91,92,93,95,96,97,98,99,103,104,129,130,356,:
95:80,81,89,90,91,92,94,96,97,98,99,100,129,:
96:81,91,94,95,97,98,99,100,101,120,:
97:48,89,91,94,95,96,98,99,100,101,102,394,:
98:94,95,96,97,99,100,101,102,:
99:48,84,85,94,95,96,97,98,100,101,102,392,394,:
100:95,96,97,98,99,101,102,394,:
101:96,97,98,99,100,102,417,418,419,:
102:97,98,99,100,101,392,393,394,417,418,419,:
103:89,90,91,92,93,94,104,105,106,107,108,109,110,111,113,119,120,356,359,:
104:81,89,91,92,93,94,103,105,106,107,108,109,110,111,113,117,118,119,120,121,:
105:91,92,93,103,104,106,107,108,109,110,111,113,359,:
106:92,93,103,104,105,107,108,109,110,111,112,113,123,130,357,359,:
107:92,93,103,104,105,106,108,109,110,112,113,114,115,117,122,123,124,127,128,130,359,:
108:92,103,104,105,106,107,109,110,111,113,:
109:103,104,105,106,107,108,110,111,112,113,117,118,119,120,:
110:92,103,104,105,106,107,108,109,111,112,113,114,117,118,119,120,121,:
111:103,104,105,106,108,109,110,120,:
112:106,107,109,110,113,114,115,116,117,118,122,123,:
113:103,104,105,106,107,108,109,110,112,114,115,117,118,119,122,123,:
114:107,110,112,113,115,116,117,118,119,122,123,124,:
115:107,112,113,114,116,117,118,122,123,124,125,126,127,:
116:112,114,115,117,122,123,124,125,126,:
117:104,107,109,110,112,113,114,115,116,118,119,120,121,122,123,:
118:104,109,110,112,113,114,115,117,119,120,121,:
119:103,104,109,110,113,114,117,118,120,121,:
120:81,91,92,96,103,104,109,110,111,117,118,119,121,:
121:104,110,117,118,119,120,:
122:107,112,113,114,115,116,117,123,124,125,126,127,128,129,:
123:106,107,112,113,114,115,116,117,122,124,125,127,128,129,130,:
124:107,114,115,116,122,123,125,126,127,128,129,130,:
125:115,116,122,123,124,126,127,128,:
126:115,116,122,124,125,127,:
127:107,115,122,123,124,125,126,128,129,130,:
128:107,122,123,124,125,127,129,130,:
129:94,95,122,123,124,127,128,130,394,:
130:93,94,106,107,123,124,127,128,129,353,354,356,357,359,:
131:132,133,134,135,136,137,140,141,157,:
132:131,133,134,136,140,141,:
133:131,132,134,135,136,137,138,139,140,141,142,157,164,:
134:131,132,133,135,136,137,138,140,141,142,143,144,145,156,157,169,492,:
135:131,133,134,136,137,138,140,141,142,143,144,156,157,158,159,161,168,169,170,173,174,:
136:131,132,133,134,135,137,138,139,140,141,:
137:131,133,134,135,136,138,139,140,492,:
138:133,134,135,136,137,139,164,:
139:133,136,137,138,467,474,484,485,490,:
140:131,132,133,134,135,136,137,141,142,143,144,145,146,147,157,169,492,:
141:131,132,133,134,135,136,140,142,143,145,146,147,492,:
142:133,134,135,140,141,143,144,145,146,147,148,152,157,169,492,:
143:134,135,140,141,142,144,145,146,156,157,168,169,175,176,:
144:134,135,140,142,143,145,156,157,168,169,170,171,173,175,176,177,180,:
145:134,140,141,142,143,144,146,147,148,149,151,152,:
146:140,141,142,143,145,147,148,149,150,151,152,153,154,492,:
147:140,141,142,145,146,148,149,150,151,152,153,492,:
148:142,145,146,147,149,150,151,152,153,154,155,:
149:145,146,147,148,150,151,152,153,155,488,492,:
150:146,147,148,149,151,153,486,487,488,489,492,499,500,:
151:145,146,147,148,149,150,152,153,154,155,492,:
152:142,145,146,147,148,149,151,153,154,155,:
153:146,147,148,149,150,151,152,154,155,:
154:146,148,151,152,153,155,601,602,:
155:148,149,151,152,153,154,:
156:134,135,143,144,157,158,159,160,161,162,168,169,176,182,:
157:131,133,134,135,140,142,143,144,156,158,159,161,162,168,169,:
158:135,156,157,159,160,161,162,163,168,169,170,176,182,:
159:135,156,157,158,160,161,162,168,169,170,171,172,173,175,176,181,182,191,:
160:156,158,159,161,168,169,170,171,172,175,176,181,182,183,184,186,190,191,195,:
161:135,156,157,158,159,160,162,163,164,165,167,168,169,416,:
162:156,157,158,159,161,163,164,165,166,167,416,:
163:158,161,162,164,165,166,167,416,:
164:133,138,161,162,163,165,166,167,:
165:161,162,163,164,166,167,414,415,416,:
166:162,163,164,165,167,414,415,416,:
167:161,162,163,164,165,166,414,415,416,:
168:135,143,144,156,157,158,159,160,161,169,170,171,172,173,174,175,176,182,191,:
169:134,135,140,142,143,144,156,157,158,159,160,161,168,170,171,173,174,175,176,:
170:18,42,43,135,144,158,159,160,168,169,171,172,173,174,175,176,177,182,191,:
171:43,144,159,160,168,169,170,172,173,175,176,177,178,179,180,181,182,190,191,203,:
172:18,43,159,160,168,170,171,173,175,176,177,178,179,181,182,190,191,192,193,195,202,203,204,207,208,210,:
173:18,27,28,42,43,135,144,159,168,169,170,171,172,174,175,176,:
174:18,27,42,43,135,168,169,170,173,479,491,:
175:143,144,159,160,168,169,170,171,172,173,176,177,178,179,180,181,182,191,203,:
176:143,144,156,158,159,160,168,169,170,171,172,173,175,177,178,180,181,182,:
177:144,170,171,172,175,176,178,179,180,181,182,183,203,218,597,599,:
178:171,172,175,176,177,179,180,181,182,183,184,185,186,190,191,202,203,212,217,218,:
179:171,172,175,177,178,180,181,182,183,184,185,190,191,202,203,204,205,207,211,212,213,216,217,218,597,:
180:144,171,175,176,177,178,179,181,182,599,:
181:159,160,171,172,175,176,177,178,179,180,182,183,184,185,186,187,188,190,191,203,212,218,:
182:156,158,159,160,168,170,171,172,175,176,177,178,179,180,181,183,184,186,187,190,191,:
183:160,177,178,179,181,182,184,185,186,187,188,189,190,191,192,203,212,218,:
184:160,178,179,181,182,183,185,186,187,188,190,191,192,193,194,195,202,203,211,212,220,221,:
185:178,179,181,183,184,186,188,190,191,192,193,194,202,203,211,212,213,214,216,220,221,222,225,:
186:160,178,181,182,183,184,185,187,188,189,190,191,:
187:181,182,183,184,186,188,189,:
188:181,183,184,185,186,187,189,190,191,:
189:183,186,187,188,:
190:160,171,172,178,179,181,182,183,184,185,186,188,191,192,193,194,195,196,202,203,212,221,:
191:159,160,168,170,171,172,175,178,179,181,182,183,184,185,186,188,190,192,193,195,202,203,:
192:172,183,184,185,190,191,193,194,195,196,197,198,199,202,203,204,212,221,:
193:172,184,185,190,191,192,194,195,196,197,199,201,202,203,204,205,206,207,211,212,220,221,225,232,:
194:87,184,185,190,192,193,195,196,197,198,199,200,201,202,203,204,205,206,211,212,220,221,222,223,225,231,232,233,236,:
195:160,172,184,190,191,192,193,194,196,197,198,199,201,202,203,404,:
196:190,192,193,194,195,197,198,199,200,201,202,203,404,:
197:87,192,193,194,195,196,198,199,200,201,:
198:85,87,192,194,195,196,197,199,200,201,408,:
199:84,85,86,87,88,192,193,194,195,196,197,198,200,201,:
200:84,85,86,87,88,194,196,197,198,199,201,:
201:10,11,12,31,32,33,86,87,88,193,194,195,196,197,198,199,200,232,236,:
202:172,178,179,184,185,190,191,192,193,194,195,196,203,204,205,206,207,208,209,211,212,221,232,:
203:171,172,175,177,178,179,181,183,184,185,190,191,192,193,194,195,196,202,204,205,207,208,211,212,:
204:172,179,192,193,194,202,203,205,206,207,208,209,210,211,212,213,221,232,:
205:179,193,194,202,203,204,206,207,208,209,211,212,213,214,215,216,218,220,221,231,232,237,238,:
206:193,194,202,204,205,207,209,211,212,213,214,215,220,221,223,231,232,233,234,236,237,238,239,242,243,245,:
207:172,179,193,202,203,204,205,206,208,209,210,211,212,:
208:18,43,172,202,203,204,205,207,209,210,:
209:202,204,205,206,207,208,210,211,212,245,275,:
210:28,43,172,204,207,208,209,588,:
211:179,184,185,193,194,202,203,204,205,206,207,209,212,213,214,215,216,217,218,219,220,221,232,238,:
212:178,179,181,183,184,185,190,192,193,194,202,203,204,205,206,207,209,211,213,214,216,217,218,220,221,:
213:179,185,204,205,206,211,212,214,215,216,217,218,219,220,221,222,232,238,:
214:185,205,206,211,212,213,215,216,217,219,220,221,222,223,224,225,231,232,237,238,:
215:205,206,211,213,214,216,219,220,221,222,223,224,231,232,234,237,238,239,240,242,:
216:179,185,205,211,212,213,214,215,217,218,219,220,221,:
217:178,179,211,212,213,214,216,218,219,590,594,595,597,:
218:177,178,179,181,183,205,211,212,213,216,217,219,594,595,597,599,:
219:211,213,214,215,216,217,218,220,221,:
220:184,185,193,194,205,206,211,212,213,214,215,216,219,221,222,223,224,225,226,231,232,238,:
221:184,185,190,192,193,194,202,204,205,206,211,212,213,214,215,216,219,220,222,223,225,226,231,232,:
222:185,194,213,214,215,220,221,223,224,225,226,227,228,231,232,233,238,:
223:194,206,214,215,220,221,222,224,225,226,227,231,232,233,234,236,237,238,247,:
224:214,215,220,222,223,225,226,227,231,232,233,234,235,237,238,246,247,254,:
225:185,193,194,214,220,221,222,223,224,226,227,228,229,230,231,232,:
226:220,221,222,223,224,225,227,228,229,230,231,:
227:222,223,224,225,226,228,229,230,256,:
228:84,85,86,222,225,226,227,229,230,:
229:225,226,227,228,230,256,:
230:84,85,225,226,227,228,229,:
231:87,88,194,205,206,214,215,220,221,222,223,224,225,226,232,233,234,235,236,237,238,:
232:87,193,194,201,202,204,205,206,211,213,214,215,220,221,222,223,224,225,231,233,234,236,237,238,:
233:87,88,194,206,222,223,224,231,232,234,235,236,237,238,239,247,:
234:206,215,223,224,231,232,233,235,236,237,238,239,240,241,242,246,247,261,292,:
235:224,231,233,234,236,237,238,239,240,241,246,247,248,249,251,260,261,267,292,:
236:12,33,34,86,87,88,194,201,206,223,231,232,233,234,235,237,238,291,292,:
237:205,206,214,215,223,224,231,232,233,234,235,236,238,239,240,241,242,243,244,247,261,292,:
238:205,206,211,213,214,215,220,222,223,224,231,232,233,234,235,236,237,239,240,242,243,:
239:206,215,233,234,235,237,238,240,241,242,243,244,245,247,261,292,:
240:215,234,235,237,238,239,241,242,243,244,246,247,260,261,:
241:234,235,237,239,240,242,244,246,247,249,260,261,262,263,265,:
242:206,215,234,237,238,239,240,241,243,244,245,:
243:206,237,238,239,240,242,244,245,292,:
244:237,239,240,241,242,243,245,:
245:206,209,239,242,243,244,:
246:224,234,235,240,241,247,248,249,250,251,252,254,260,261,:
247:223,224,233,234,235,237,239,240,241,246,248,249,251,252,254,260,261,:
248:65,235,246,247,249,250,251,252,253,254,260,261,262,323,:
249:65,235,241,246,247,248,250,251,252,260,261,262,263,264,265,321,323,:
250:65,66,246,248,249,251,260,261,262,263,264,321,323,326,:
251:65,235,246,247,248,249,250,252,253,254,255,256,260,261,321,322,323,:
252:65,77,79,246,247,248,249,251,253,254,255,256,257,:
253:64,65,248,251,252,254,255,256,257,258,259,:
254:79,82,224,246,247,248,251,252,253,255,256,257,258,:
255:251,252,253,254,256,257,258,259,:
256:79,82,83,227,229,251,252,253,254,255,257,258,259,:
257:252,253,254,255,256,258,259,:
258:253,254,255,256,257,259,:
259:253,255,256,257,258,:
260:235,240,241,246,247,248,249,250,251,261,262,263,264,265,266,267,321,323,:
261:234,235,237,239,240,241,246,247,248,249,250,251,260,262,263,265,267,:
262:241,248,249,250,260,261,263,264,265,266,267,323,:
263:241,249,250,260,261,262,264,265,266,267,:
264:249,250,260,262,263,265,266,:
265:241,249,260,261,262,263,264,266,267,:
266:260,262,263,264,265,267,282,283,:
267:235,260,261,262,263,265,266,282,283,292,322,:
268:269,270,271,272,273,274,278,286,:
269:268,270,271,273,:
270:268,269,271,272,273,274,275,276,278,286,:
271:268,269,270,272,273,274,275,277,278,285,286,294,577,:
272:268,270,271,273,274,275,277,278,280,285,286,287,288,290,293,294,295,298,577,:
273:268,269,270,271,272,274,275,276,577,:
274:268,270,271,272,273,275,276,577,:
275:209,270,271,272,273,274,276,:
276:270,273,274,275,577,583,584,585,:
277:271,272,278,279,280,281,282,283,284,285,286,294,303,:
278:268,270,271,272,277,279,280,282,284,285,286,:
279:277,278,280,281,282,283,284,285,286,287,294,303,:
280:272,277,278,279,281,282,283,284,285,286,287,288,289,290,293,294,302,303,311,:
281:277,279,280,282,283,285,286,287,288,289,293,294,296,302,303,304,305,307,310,311,312,315,316,:
282:266,267,277,278,279,280,281,283,284,285,286,:
283:266,267,277,279,280,281,282,284,285,286,:
284:277,278,279,280,282,283,:
285:271,272,277,278,279,280,281,282,283,286,287,288,289,290,291,292,293,294,303,311,:
286:268,270,271,272,277,278,279,280,281,282,283,285,287,288,290,292,293,294,:
287:272,279,280,281,285,286,288,289,290,291,292,293,294,295,303,311,:
288:272,280,281,285,286,287,289,290,291,292,293,294,295,296,297,298,302,303,310,311,327,328,:
289:33,280,281,285,287,288,290,291,293,294,295,296,297,302,303,310,311,312,313,315,327,328,329,332,:
290:272,280,285,286,287,288,289,291,292,293,294,:
291:10,12,31,33,236,285,287,288,289,290,292,293,294,:
292:234,235,236,237,239,243,267,285,286,287,288,290,291,:
293:272,280,281,285,286,287,288,289,290,291,294,295,296,297,298,299,302,303,311,328,:
294:271,272,277,279,280,281,285,286,287,288,289,290,291,293,295,296,298,302,303,:
295:272,287,288,289,293,294,296,297,298,299,300,301,302,303,304,311,328,:
296:281,288,289,293,294,295,297,298,299,300,302,303,304,305,306,307,310,311,327,328,337,:
297:288,289,293,295,296,298,299,300,302,303,304,305,306,310,311,327,328,329,332,336,337,342,:
298:272,288,293,294,295,296,297,299,300,301,302,303,:
299:293,295,296,297,298,300,301,302,:
300:295,296,297,298,299,301,335,:
301:295,298,299,300,568,569,:
302:280,281,288,289,293,294,295,296,297,298,299,303,304,305,306,307,308,309,310,311,328,:
303:277,279,280,281,285,287,288,289,293,294,295,296,297,298,302,304,305,307,309,310,311,328,:
304:281,295,296,297,302,303,305,306,307,308,309,310,311,312,328,337,:
305:281,296,297,302,303,304,306,307,308,309,310,311,312,313,314,315,327,328,336,337,:
306:296,297,302,304,305,307,308,310,311,312,313,314,327,328,336,337,338,341,342,344,:
307:281,296,302,303,304,305,306,308,309,310,311,:
308:302,304,305,306,307,309,310,311,:
309:302,303,304,305,307,308,:
310:281,288,289,296,297,302,303,304,305,306,307,308,311,312,313,314,315,316,327,328,337,:
311:280,281,285,287,288,289,293,295,296,297,302,303,304,305,306,307,308,310,312,313,315,316,327,328,:
312:281,289,304,305,306,310,311,313,314,315,316,317,327,328,329,337,344,:
313:289,305,306,310,311,312,314,315,316,327,328,329,330,331,332,336,337,343,344,:
314:49,305,306,310,312,313,315,327,328,329,330,331,336,337,339,343,344,345,348,349,350,355,360,361,:
315:34,281,289,305,310,311,312,313,314,316,317,318,327,328,:
316:281,310,311,312,313,315,317,318,319,320,322,:
317:21,312,315,316,318,319,320,321,322,323,324,325,:
318:76,315,316,317,319,320,321,322,323,324,325,326,:
319:57,76,316,317,318,320,321,322,324,325,326,:
320:65,67,76,316,317,318,319,321,322,323,324,325,326,:
321:21,64,65,72,78,249,250,251,260,317,318,319,320,322,323,324,325,326,:
322:21,65,72,78,251,267,316,317,318,319,320,321,323,324,326,:
323:64,65,66,67,70,72,248,249,250,251,260,262,317,318,320,321,322,324,325,326,:
324:64,65,66,67,68,317,318,319,320,321,322,323,325,326,:
325:52,57,67,68,317,318,319,320,321,323,324,326,:
326:63,64,65,66,67,68,70,250,318,319,320,321,322,323,324,325,:
327:288,289,296,297,305,306,310,311,312,313,314,315,328,329,330,331,332,333,336,337,344,:
328:288,289,293,295,296,297,302,303,304,305,306,310,311,312,313,314,315,327,329,330,332,336,337,:
329:49,289,297,312,313,314,327,328,330,331,332,333,336,337,338,344,361,:
330:313,314,327,328,329,331,332,333,336,337,338,339,341,343,344,360,361,:
331:313,314,327,329,330,332,333,336,337,338,339,340,343,344,346,360,361,362,363,364,365,366,367,371,:
332:11,46,289,297,313,327,328,329,330,331,333,334,335,336,337,:
333:9,10,11,19,32,46,327,329,330,331,332,334,335,336,385,:
334:8,9,17,19,35,39,40,44,46,332,333,335,385,:
335:39,300,332,333,334,543,562,:
336:297,305,306,313,314,327,328,329,330,331,332,333,337,338,339,340,341,342,343,344,361,:
337:296,297,304,305,306,310,312,313,314,327,328,329,330,331,332,336,338,339,341,342,343,344,:
338:306,329,330,331,336,337,339,340,341,342,343,344,345,361,:
339:314,330,331,336,337,338,340,341,343,344,345,346,348,360,361,366,367,:
340:331,336,338,339,341,343,344,345,346,347,360,361,366,367,371,:
341:306,330,336,337,338,339,340,342,343,344,:
342:297,306,336,337,338,341,559,562,:
343:313,314,330,331,336,337,338,339,340,341,344,345,346,347,348,349,360,361,367,:
344:306,312,313,314,327,329,330,331,336,337,338,339,340,341,343,345,346,348,349,350,360,361,:
345:314,338,339,340,343,344,346,347,348,349,350,360,361,362,367,:
346:331,339,340,343,344,345,347,348,349,360,361,362,363,365,366,367,:
347:340,343,345,346,348,360,361,362,363,365,366,367,:
348:314,339,343,344,345,346,347,349,350,351,352,353,354,355,360,361,:
349:314,343,344,345,346,348,350,351,352,353,354,355,:
350:59,314,344,345,348,349,351,352,353,354,355,356,357,358,:
351:59,60,348,349,350,352,353,354,355,356,357,358,359,:
352:59,60,348,349,350,351,353,354,355,357,358,359,:
353:76,93,130,348,349,350,351,352,354,355,356,357,358,359,:
354:22,75,76,90,92,93,130,348,349,350,351,352,353,355,356,357,358,359,:
355:15,22,75,76,90,93,314,348,349,350,351,352,353,354,356,357,359,:
356:22,75,76,89,90,91,92,93,94,103,130,350,351,353,354,355,357,358,359,:
357:93,106,130,350,351,352,353,354,355,356,358,359,:
358:60,350,351,352,353,354,356,357,359,:
359:92,93,103,105,106,107,130,351,352,353,354,355,356,357,358,:
360:314,330,331,339,340,343,344,345,346,347,348,361,362,363,364,365,366,367,:
361:314,329,330,331,336,338,339,340,343,344,345,346,347,348,360,362,363,364,365,366,367,:
362:331,345,346,347,360,361,363,364,365,366,367,368,447,448,:
363:331,346,347,360,361,362,364,365,366,367,368,369,370,371,387,445,447,448,:
364:331,360,361,362,363,365,366,367,368,369,371,380,381,385,386,387,388,391,445,446,447,:
365:47,49,331,346,347,360,361,362,363,364,366,367,387,391,394,:
366:331,339,340,346,347,360,361,362,363,364,365,367,368,369,370,371,372,:
367:331,339,340,343,345,346,347,360,361,362,363,364,365,366,368,369,370,371,:
368:362,363,364,366,367,369,370,371,372,373,374,:
369:363,364,366,367,368,370,371,372,373,:
370:363,366,367,368,369,371,372,373,:
371:331,340,363,364,366,367,368,369,370,372,373,374,375,376,:
372:366,368,369,370,371,373,374,375,376,377,562,:
373:368,369,370,371,372,374,375,376,377,:
374:368,371,372,373,375,376,377,383,562,:
375:371,372,373,374,376,377,:
376:371,372,373,374,375,377,551,553,:
377:372,373,374,375,376,549,:
378:379,380,381,382,383,384,385,386,387,449,450,452,453,:
379:378,380,381,382,383,384,449,450,451,452,453,:
380:364,378,379,381,382,383,384,385,386,387,388,450,:
381:364,378,379,380,382,383,384,385,386,387,388,389,390,391,395,396,437,443,449,450,:
382:378,379,380,381,383,384,386,387,388,389,390,395,396,426,437,438,449,450,453,471,:
383:374,378,379,380,381,382,384,385,386,387,:
384:44,378,379,380,381,382,383,385,386,453,556,:
385:19,44,46,333,334,364,378,380,381,383,384,386,387,:
386:364,378,380,381,382,383,384,385,387,388,389,390,391,392,395,396,443,:
387:363,364,365,378,380,381,382,383,385,386,388,389,390,391,443,445,:
388:364,380,381,382,386,387,389,390,391,392,393,394,395,396,397,426,:
389:45,381,382,386,387,388,390,391,392,393,395,396,397,398,400,426,:
390:19,44,45,46,381,382,386,387,388,389,391,392,395,396,397,400,:
391:364,365,381,386,387,388,389,390,392,393,394,395,396,:
392:99,102,386,388,389,390,391,393,394,395,396,:
393:102,388,389,391,392,394,395,396,418,419,420,421,422,423,424,425,426,:
394:97,99,100,102,129,365,388,391,392,393,:
395:381,382,386,388,389,390,391,392,393,396,397,398,399,400,401,407,408,423,425,426,:
396:381,382,386,388,389,390,391,392,393,395,397,398,399,400,407,422,423,424,425,426,435,437,:
397:388,389,390,395,396,398,399,400,401,402,403,407,408,409,423,426,:
398:389,395,396,397,399,400,401,402,403,407,408,409,410,411,412,413,417,418,423,426,:
399:395,396,397,398,400,401,403,407,408,409,410,411,412,417,418,422,423,425,426,:
400:389,390,395,396,397,398,399,401,402,403,404,405,407,408,471,:
401:395,397,398,399,400,402,403,404,405,406,407,408,:
402:41,397,398,400,401,403,404,405,406,407,408,:
403:397,398,399,400,401,402,404,405,406,413,470,:
404:41,42,195,196,400,401,402,403,405,406,:
405:400,401,402,403,404,406,413,414,415,416,:
406:401,402,403,404,405,413,:
407:395,396,397,398,399,400,401,402,408,409,410,411,412,413,417,418,423,:
408:198,395,397,398,399,400,401,402,407,409,410,412,413,417,418,:
409:397,398,399,407,408,410,411,412,413,414,417,418,419,423,:
410:398,399,407,408,409,411,412,413,417,418,419,420,422,423,:
411:398,399,407,409,410,412,417,418,419,420,422,423,:
412:398,399,407,408,409,410,411,413,414,415,416,417,:
413:398,403,405,406,407,408,409,410,412,414,415,416,:
414:165,166,167,405,409,412,413,415,416,:
415:165,166,167,405,412,413,414,416,:
416:161,162,163,165,166,167,405,412,413,414,415,:
417:101,102,398,399,407,408,409,410,411,412,418,419,420,421,422,423,:
418:101,102,393,398,399,407,408,409,410,411,417,419,420,422,423,:
419:101,102,393,409,410,411,417,418,420,421,422,423,424,:
420:393,410,411,417,418,419,421,422,423,424,425,426,427,428,:
421:393,417,419,420,422,423,424,427,428,:
422:393,396,399,410,411,417,418,419,420,421,423,424,425,426,427,428,435,436,:
423:393,395,396,397,398,399,407,409,410,411,417,418,419,420,421,422,424,425,426,427,428,435,:
424:393,396,419,420,421,422,423,425,426,427,428,429,435,436,437,:
425:393,395,396,399,420,422,423,424,426,427,428,435,436,437,438,439,440,442,:
426:382,388,389,393,395,396,397,398,399,420,422,423,424,425,427,435,436,437,438,449,450,:
427:420,421,422,423,424,425,426,428,429,430,435,436,:
428:420,421,422,423,424,425,427,429,430,431,432,433,434,:
429:424,427,428,430,431,432,433,434,:
430:427,428,429,431,432,433,434,:
431:428,429,430,432,433,434,:
432:428,429,430,431,433,434,:
433:428,429,430,431,432,434,:
434:428,429,430,431,432,433,:
435:396,422,423,424,425,426,427,436,437,438,439,440,441,442,449,450,:
436:422,424,425,426,427,435,437,438,439,440,441,442,:
437:381,382,396,424,425,426,435,436,438,439,440,441,442,443,449,450,451,:
438:382,425,426,435,436,437,439,440,441,449,450,451,452,:
439:425,435,436,437,438,440,449,450,451,:
440:425,435,436,437,438,439,441,442,443,444,445,449,450,:
441:435,436,437,438,440,442,443,444,445,446,:
442:425,435,436,437,440,441,443,444,445,446,447,:
443:381,386,387,437,440,441,442,444,445,446,447,448,:
444:440,441,442,443,445,446,447,448,:
445:363,364,387,440,441,442,443,444,446,447,448,:
446:364,441,442,443,444,445,447,448,:
447:362,363,364,442,443,444,445,446,448,:
448:362,363,443,444,445,446,447,:
449:378,379,381,382,426,435,437,438,439,440,450,451,452,453,471,:
450:378,379,380,381,382,426,435,437,438,439,440,449,451,452,453,471,:
451:379,437,438,439,449,450,452,453,470,471,:
452:378,379,438,449,450,451,453,471,:
453:378,379,382,384,449,450,451,452,471,:
454:455,456,457,458,459,460,464,555,556,:
455:454,456,457,459,460,555,556,:
456:454,455,457,458,459,460,461,464,473,555,556,:
457:454,455,456,458,459,460,461,463,464,472,473,:
458:454,456,457,459,460,461,462,463,464,466,472,473,474,475,477,480,:
459:454,455,456,457,458,460,461,462,516,555,556,:
460:454,455,456,457,458,459,461,462,526,527,528,:
461:456,457,458,459,460,462,527,:
462:458,459,460,461,526,527,528,:
463:457,458,464,465,466,467,468,469,472,473,:
464:454,456,457,458,463,465,466,468,469,472,473,:
465:463,464,466,467,468,469,472,473,474,:
466:458,463,464,465,467,468,469,472,473,474,475,477,478,:
467:139,463,465,466,468,469,472,473,474,475,:
468:463,464,465,466,467,469,470,471,472,473,:
469:463,464,465,466,467,468,470,471,472,:
470:403,451,468,469,471,:
471:382,400,449,450,451,452,453,468,469,470,482,483,:
472:457,458,463,464,465,466,467,468,469,473,474,475,476,477,478,479,480,:
473:456,457,458,463,464,465,466,467,468,472,474,475,477,478,480,:
474:139,458,465,466,467,472,473,475,476,477,478,479,480,485,:
475:458,466,467,472,473,474,476,477,478,484,485,:
476:472,474,475,477,484,485,486,489,490,:
477:458,466,472,473,474,475,476,478,479,480,481,482,491,517,:
478:466,472,473,474,475,477,479,480,481,482,483,:
479:27,174,472,474,477,478,480,481,482,483,:
480:458,472,473,474,477,478,479,481,482,483,516,:
481:27,42,477,478,479,480,482,483,:
482:38,471,477,478,479,480,481,483,556,:
483:29,38,471,478,479,480,481,482,:
484:139,475,476,485,486,487,488,489,490,492,:
485:139,474,475,476,484,486,487,489,490,494,:
486:150,476,484,485,487,488,489,490,491,492,494,500,:
487:150,484,485,486,488,489,490,493,494,499,500,:
488:149,150,484,486,487,489,493,494,499,500,:
489:150,476,484,485,486,487,488,490,491,492,494,500,:
490:139,476,484,485,486,487,489,491,492,:
491:25,27,174,477,486,489,490,492,:
492:134,137,140,141,142,146,147,149,150,151,484,486,489,490,491,:
493:487,488,494,495,496,497,498,499,500,:
494:485,486,487,488,489,493,495,496,497,498,499,500,:
495:493,494,496,497,498,499,500,502,:
496:493,494,495,497,498,499,500,501,502,511,:
497:493,494,495,496,498,501,502,503,504,506,510,511,515,517,:
498:493,494,495,496,497,499,500,502,:
499:150,487,488,493,494,495,496,498,500,:
500:150,486,487,488,489,493,494,495,496,498,499,:
501:496,497,502,503,504,505,506,507,510,511,519,530,:
502:495,496,497,498,501,503,504,506,510,511,:
503:497,501,502,504,505,506,507,508,509,510,511,512,530,:
504:497,501,502,503,505,506,507,508,510,511,512,513,514,515,518,519,529,530,540,:
505:501,503,504,506,507,508,510,511,512,513,514,518,519,521,529,530,531,532,534,539,540,541,544,:
506:497,501,502,503,504,505,507,508,509,510,511,:
507:24,25,26,501,503,504,505,506,508,509,510,511,:
508:503,504,505,506,507,509,567,:
509:3,25,26,503,506,507,508,:
510:497,501,502,503,504,505,506,507,511,512,513,514,515,516,517,518,519,530,540,:
511:496,497,501,502,503,504,505,506,507,510,512,513,515,517,518,519,:
512:23,24,503,504,505,510,511,513,514,515,516,517,518,519,520,530,540,:
513:504,505,510,511,512,514,515,516,517,518,519,520,521,522,523,528,529,530,539,540,546,:
514:504,505,510,512,513,515,516,518,519,520,521,522,528,529,530,532,539,540,541,542,544,545,546,547,550,551,552,:
515:497,504,510,511,512,513,514,516,517,518,519,:
516:23,459,480,510,512,513,514,515,517,518,519,552,554,:
517:23,25,477,497,510,511,512,513,515,516,:
518:504,505,510,511,512,513,514,515,516,519,520,521,522,523,524,526,528,529,530,540,546,:
519:501,504,505,510,511,512,513,514,515,516,518,520,521,523,524,525,526,528,529,530,:
520:512,513,514,518,519,521,522,523,524,525,526,527,528,529,530,531,540,546,:
521:505,513,514,518,519,520,522,523,524,528,529,530,531,532,533,534,539,540,545,546,:
522:513,514,518,520,521,523,528,529,530,531,532,533,539,540,545,546,547,548,550,:
523:513,518,519,520,521,522,524,525,526,527,528,529,530,:
524:518,519,520,521,523,525,526,527,528,:
525:519,520,523,524,526,527,528,:
526:460,462,518,519,520,523,524,525,527,528,:
527:460,461,462,520,523,524,525,526,528,:
528:460,462,513,514,518,519,520,521,522,523,524,525,526,527,:
529:504,505,513,514,518,519,520,521,522,523,530,531,532,533,534,535,539,540,546,:
530:501,503,504,505,510,512,513,514,518,519,520,521,522,523,529,531,532,534,535,539,540,:
531:505,520,521,522,529,530,532,533,534,535,536,539,540,541,546,:
532:505,514,521,522,529,530,531,533,534,535,539,540,541,542,543,544,545,546,:
533:521,522,529,531,532,534,539,540,541,542,543,545,546,:
534:505,521,529,530,531,532,533,535,536,537,538,539,540,:
535:529,530,531,532,534,536,537,538,:
536:531,534,535,537,538,:
537:534,535,536,538,:
538:534,535,536,537,:
539:505,513,514,521,522,529,530,531,532,533,534,540,541,542,543,544,545,546,:
540:504,505,510,512,513,514,518,520,521,522,529,530,531,532,533,534,539,541,542,544,545,546,:
541:505,514,531,532,533,539,540,542,543,544,545,546,547,:
542:514,532,533,539,540,541,543,544,545,546,547,548,549,550,558,:
543:335,532,533,539,541,542,544,545,546,547,548,549,557,558,559,562,:
544:16,17,24,37,40,505,514,532,539,540,541,542,543,545,546,:
545:514,521,522,532,533,539,540,541,542,543,544,546,547,548,549,550,551,552,558,:
546:513,514,518,520,521,522,529,531,532,533,539,540,541,542,543,544,545,547,548,550,551,552,:
547:514,522,541,542,543,545,546,548,549,550,551,552,553,558,:
548:522,542,543,545,546,547,549,550,551,557,558,:
549:377,542,543,545,547,548,550,557,558,559,560,562,:
550:514,522,542,545,546,547,548,549,551,552,553,554,555,:
551:376,514,545,546,547,548,550,552,553,554,555,556,:
552:40,514,516,545,546,547,550,551,553,554,555,556,:
553:376,547,550,551,552,554,555,556,:
554:17,38,40,516,550,551,552,553,555,556,:
555:454,455,456,459,550,551,552,553,554,556,:
556:384,454,455,456,459,482,551,552,553,554,555,:
557:543,548,549,558,559,560,561,562,:
558:542,543,545,547,548,549,557,559,560,562,:
559:342,543,549,557,558,560,561,562,:
560:549,557,558,559,561,562,:
561:557,559,560,562,:
562:335,342,372,374,543,549,557,558,559,560,561,:
563:564,565,566,567,568,569,570,571,572,:
564:563,565,566,568,570,571,572,:
565:563,564,566,567,568,569,570,571,572,573,:
566:563,564,565,567,568,569,570,571,572,573,574,576,579,:
567:508,563,565,566,568,569,571,572,573,574,575,578,579,580,583,:
568:301,563,564,565,566,567,569,570,571,572,:
569:301,563,565,566,567,568,570,571,572,:
570:563,564,565,566,568,569,:
571:563,564,565,566,567,568,569,572,573,574,575,576,577,579,:
572:563,564,565,566,567,568,569,571,573,574,576,577,:
573:565,566,567,571,572,574,575,576,577,579,:
574:566,567,571,572,573,575,576,578,579,583,:
575:567,571,573,574,576,578,579,580,581,583,:
576:566,571,572,573,574,575,577,:
577:271,272,273,274,276,571,572,573,576,:
578:567,574,575,579,580,581,582,583,584,:
579:566,567,571,573,574,575,578,580,581,583,:
580:567,575,578,579,581,582,583,584,585,586,:
581:575,578,579,580,582,583,584,585,586,:
582:578,580,581,583,584,585,586,:
583:276,567,574,575,578,579,580,581,582,584,585,586,587,588,:
584:276,578,580,581,582,583,585,586,587,588,602,:
585:276,580,581,582,583,584,586,587,588,602,:
586:580,581,582,583,584,585,587,588,601,602,:
587:583,584,585,586,588,600,601,602,:
588:210,583,584,585,586,587,599,600,601,602,:
589:590,591,592,593,594,595,:
590:217,589,591,592,594,:
591:589,590,592,593,594,595,596,597,:
592:589,590,591,593,594,595,596,:
593:589,591,592,594,595,596,:
594:217,218,589,590,591,592,593,595,596,597,598,599,:
595:217,218,589,591,592,593,594,596,597,598,599,600,:
596:591,592,593,594,595,597,598,599,600,601,:
597:177,179,217,218,591,594,595,596,598,599,600,601,602,:
598:594,595,596,597,599,600,601,602,:
599:177,180,218,588,594,595,596,597,598,600,601,602,:
600:587,588,595,596,597,598,599,601,602,:
601:154,586,587,588,596,597,598,599,600,602,:
602:154,584,585,586,587,588,597,598,599,600,601,:
