1:2,3,4,5,6,7,8,9,11,25,26,27,28,29,30,31,238,244,321,322,334,:
2:1,3,4,5,6,7,8,9,10,25,26,27,30,31,240,308,320,321,322,:
3:1,2,4,5,6,7,10,11,12,25,26,27,30,32,38,281,282,308,313,314,320,:
4:1,2,3,5,6,10,11,12,13,23,25,26,27,32,33,38,245,249,281,282,314,:
5:1,2,3,4,6,7,10,11,12,13,25,26,27,29,32,33,38,249,250,335,:
6:1,2,3,4,5,7,8,9,10,11,12,25,26,27,28,29,33,334,335,351,358,:
7:1,2,3,5,6,8,9,25,27,28,29,30,31,231,232,233,237,238,240,241,322,336,351,:
8:1,2,6,7,9,27,28,29,30,31,231,232,233,238,336,350,351,354,360,:
9:1,2,6,7,8,25,28,29,30,31,231,232,233,234,235,237,238,240,241,322,399,403,:
10:2,3,4,5,6,11,12,13,14,22,23,26,32,33,38,249,251,281,282,314,:
11:1,3,4,5,6,10,12,13,14,22,27,32,33,34,38,249,250,:
12:3,4,5,6,10,11,13,14,15,21,22,23,32,33,34,38,251,254,282,:
13:4,5,10,11,12,14,15,16,20,21,22,23,32,33,34,37,38,251,254,255,282,:
14:10,11,12,13,15,16,17,20,21,22,23,33,34,35,36,37,38,254,255,256,257,258,260,:
15:12,13,14,16,17,18,19,20,21,22,34,35,36,37,255,256,257,258,259,260,:
16:13,14,15,17,18,19,20,21,34,35,36,37,256,257,258,259,260,:
17:14,15,16,18,19,20,35,36,37,256,258,259,260,:
18:15,16,17,19,20,35,36,37,259,:
19:15,16,17,18,20,35,36,37,256,257,258,259,260,:
20:13,14,15,16,17,18,19,21,22,23,24,34,35,36,37,255,256,258,259,260,:
21:12,13,14,15,16,20,22,23,24,34,37,38,255,258,260,:
22:10,11,12,13,14,15,20,21,23,24,32,34,37,38,87,255,282,:
23:4,10,12,13,14,20,21,22,24,32,38,85,86,87,262,280,281,282,:
24:20,21,22,23,37,38,85,87,:
25:1,2,3,4,5,6,7,9,26,30,31,239,240,241,308,322,:
26:1,2,3,4,5,6,10,25,32,38,275,276,277,280,281,282,308,310,313,314,318,:
27:1,2,3,4,5,6,7,8,11,28,29,33,334,335,336,337,338,350,351,358,:
28:1,6,7,8,9,27,29,30,31,231,232,233,238,351,354,360,:
29:1,5,6,7,8,9,27,28,31,232,336,337,338,350,351,352,354,357,358,:
30:1,2,3,7,8,9,25,28,31,233,234,235,236,237,238,239,240,241,322,399,403,422,:
31:1,2,7,8,9,25,28,29,30,230,231,232,233,234,235,238,240,241,397,398,399,:
32:3,4,5,10,11,12,13,22,23,26,38,87,251,262,276,280,281,282,314,:
33:4,5,6,10,11,12,13,14,27,34,250,:
34:11,12,13,14,15,16,20,21,22,33,35,36,254,256,257,:
35:14,15,16,17,18,19,20,34,36,37,256,257,258,259,260,:
36:14,15,16,17,18,19,20,34,35,37,259,:
37:13,14,15,16,17,18,19,20,21,22,24,35,36,256,258,259,260,:
38:3,4,5,10,11,12,13,14,21,22,23,24,26,32,85,86,87,262,280,281,282,314,:
39:40,41,42,43,44,45,46,226,228,229,:
40:39,41,42,43,44,46,225,226,227,228,229,234,236,:
41:39,40,42,43,44,45,46,226,229,:
42:39,40,41,43,44,45,46,226,:
43:39,40,41,42,44,45,214,215,225,226,229,:
44:39,40,41,42,43,45,46,226,229,364,:
45:39,41,42,43,44,46,364,:
46:39,40,41,42,44,45,153,:
47:48,49,50,51,52,53,54,59,60,:
48:47,49,50,52,53,54,55,56,59,60,63,:
49:47,48,50,51,52,53,54,55,59,60,61,:
50:47,48,49,51,52,53,55,59,60,61,62,63,64,65,:
51:47,49,50,52,53,55,59,60,61,64,65,:
52:47,48,49,50,51,53,54,55,56,57,59,60,119,:
53:47,48,49,50,51,52,54,55,56,57,58,59,60,118,119,121,:
54:47,48,49,52,53,55,56,57,58,60,118,119,:
55:48,49,50,51,52,53,54,56,57,58,59,60,64,65,:
56:48,52,53,54,55,57,58,116,117,119,:
57:52,53,54,55,56,58,64,92,:
58:53,54,55,56,57,92,115,116,117,:
59:47,48,49,50,51,52,53,55,60,61,62,63,64,65,66,67,:
60:47,48,49,50,51,52,53,54,55,59,61,62,63,64,66,:
61:49,50,51,59,60,62,63,64,65,66,67,68,265,279,:
62:50,59,60,61,63,64,66,67,68,69,70,279,:
63:48,50,59,60,61,62,64,66,67,68,69,70,:
64:50,51,55,57,59,60,61,62,63,65,66,67,70,93,94,279,:
65:50,51,55,59,61,64,67,90,93,94,279,280,:
66:59,60,61,62,63,64,67,68,69,70,279,:
67:59,61,62,63,64,65,66,68,69,70,265,269,270,275,278,279,283,285,286,288,289,:
68:61,62,63,66,67,69,70,279,288,:
69:62,63,66,67,68,70,286,287,288,290,:
70:62,63,64,66,67,68,69,279,285,286,287,288,:
71:72,73,74,75,76,285,300,:
72:71,73,74,75,76,93,94,283,285,286,287,:
73:71,72,74,75,76,78,89,135,138,:
74:71,72,73,75,76,77,78,88,89,138,:
75:71,72,73,74,76,77,78,88,89,90,93,95,96,:
76:71,72,73,74,75,78,89,135,137,138,139,283,284,285,:
77:74,75,78,79,80,81,82,83,84,88,89,96,137,138,:
78:73,74,75,76,77,79,80,82,83,84,88,89,137,138,139,:
79:77,78,80,81,82,83,84,85,88,89,90,96,:
80:77,78,79,81,82,83,85,88,89,90,91,93,95,96,:
81:77,79,80,82,83,85,88,89,90,91,95,96,:
82:77,78,79,80,81,83,84,85,86,87,88,89,138,:
83:77,78,79,80,81,82,84,85,86,87,88,139,:
84:77,78,79,82,83,85,86,87,137,138,139,314,317,:
85:23,24,38,79,80,81,82,83,84,86,87,282,:
86:23,38,82,83,84,85,87,139,280,281,282,314,:
87:22,23,24,32,38,82,83,84,85,86,280,281,282,314,:
88:74,75,77,78,79,80,81,82,83,89,90,91,92,93,94,95,96,:
89:73,74,75,76,77,78,79,80,81,82,88,90,91,93,94,95,96,:
90:65,75,79,80,81,88,89,91,92,93,94,95,96,97,:
91:80,81,88,89,90,92,93,95,96,97,98,99,100,109,:
92:57,58,88,90,91,93,95,96,97,98,99,109,110,:
93:64,65,72,75,80,88,89,90,91,92,94,95,96,:
94:64,65,72,88,89,90,93,278,279,280,:
95:75,80,81,88,89,90,91,92,93,96,97,98,99,100,101,109,110,:
96:75,77,79,80,81,88,89,90,91,92,93,95,97,98,99,100,:
97:90,91,92,95,96,98,99,100,101,102,103,109,110,111,:
98:91,92,95,96,97,99,100,101,102,103,104,109,110,111,112,113,114,115,:
99:91,92,95,96,97,98,100,101,102,109,110,111,114,:
100:91,95,96,97,98,99,101,102,103,104,105,109,110,:
101:95,97,98,99,100,102,103,104,105,106,109,110,:
102:97,98,99,100,101,103,104,105,106,107,108,109,110,111,:
103:97,98,100,101,102,104,105,106,107,109,110,:
104:98,100,101,102,103,105,106,107,108,109,111,:
105:100,101,102,103,104,106,107,108,110,113,:
106:101,102,103,104,105,107,108,:
107:102,103,104,105,106,108,:
108:102,104,105,106,107,:
109:91,92,95,97,98,99,100,101,102,103,104,110,111,112,113,114,115,:
110:92,95,97,98,99,100,101,102,103,105,109,111,112,113,114,115,:
111:97,98,99,102,104,109,110,112,113,114,115,116,:
112:98,109,110,111,113,114,115,:
113:98,105,109,110,111,112,114,115,:
114:98,99,109,110,111,112,113,115,116,117,:
115:58,98,109,110,111,112,113,114,116,117,118,:
116:56,58,111,114,115,117,118,119,120,121,:
117:56,58,114,115,116,118,119,120,121,:
118:53,54,115,116,117,119,120,121,:
119:52,53,54,56,116,117,118,120,121,:
120:116,117,118,119,121,:
121:53,116,117,118,119,120,:
122:123,124,125,126,127,128,130,:
123:122,124,125,127,128,130,:
124:122,123,125,126,127,128,129,130,:
125:122,123,124,126,127,128,132,:
126:122,124,125,127,131,132,133,136,:
127:122,123,124,125,126,128,129,130,325,:
128:122,123,124,125,127,129,130,:
129:124,127,128,130,317,323,324,325,:
130:122,123,124,127,128,129,:
131:126,132,133,134,135,136,137,:
132:125,126,131,133,134,135,136,:
133:126,131,132,134,135,136,137,138,139,:
134:131,132,133,135,136,137,138,:
135:73,76,131,132,133,134,136,137,138,139,:
136:126,131,132,133,134,135,137,138,139,316,317,:
137:76,77,78,84,131,133,134,135,136,138,139,316,317,:
138:73,74,76,77,78,82,84,133,134,135,136,137,139,317,:
139:76,78,83,84,86,133,135,136,137,138,312,315,316,317,:
140:141,142,143,144,145,146,147,184,187,:
141:140,142,143,144,145,146,183,184,185,186,187,:
142:140,141,143,144,145,146,147,148,184,187,:
143:140,141,142,144,145,146,147,183,184,187,:
144:140,141,142,143,145,147,183,184,185,186,187,188,:
145:140,141,142,143,144,146,147,148,187,:
146:140,141,142,143,145,147,148,:
147:140,142,143,144,145,146,148,:
148:142,145,146,147,421,422,423,:
149:150,151,152,153,154,155,177,179,253,:
150:149,151,152,153,154,155,177,179,252,253,263,:
151:149,150,152,153,154,155,156,157,159,177,179,:
152:149,150,151,153,154,155,156,:
153:46,149,150,151,152,154,155,247,:
154:149,150,151,152,153,155,156,157,158,159,179,248,253,:
155:149,150,151,152,153,154,156,157,158,159,162,:
156:151,152,154,155,157,158,159,162,163,:
157:151,154,155,156,158,159,162,168,:
158:154,155,156,157,159,160,162,165,168,:
159:151,154,155,156,157,158,248,:
160:158,161,162,163,164,165,166,167,168,:
161:160,162,163,164,165,166,167,168,:
162:155,156,157,158,160,161,163,164,165,166,167,168,:
163:156,160,161,162,164,165,166,167,168,:
164:160,161,162,163,165,166,167,:
165:158,160,161,162,163,164,166,167,168,178,182,:
166:160,161,162,163,164,165,167,168,:
167:160,161,162,163,164,165,166,168,:
168:157,158,160,161,162,163,165,166,167,182,:
169:170,171,172,173,174,175,176,177,:
170:169,171,172,173,174,175,176,:
171:169,170,172,173,174,175,176,177,:
172:169,170,171,173,174,175,:
173:169,170,171,172,174,:
174:169,170,171,172,173,175,176,177,178,179,:
175:169,170,171,172,174,176,177,178,179,180,:
176:169,170,171,174,175,177,178,179,180,181,182,:
177:149,150,151,169,171,174,175,176,178,179,180,181,:
178:165,174,175,176,177,179,180,181,182,:
179:149,150,151,154,174,175,176,177,178,180,181,182,:
180:175,176,177,178,179,181,182,:
181:176,177,178,179,180,182,:
182:165,168,176,178,179,180,181,:
183:141,143,144,184,185,186,187,188,189,:
184:140,141,142,143,144,183,185,186,187,188,:
185:141,144,183,184,186,187,188,189,190,:
186:141,144,183,184,185,187,188,189,190,:
187:140,141,142,143,144,145,183,184,185,186,188,189,:
188:144,183,184,185,186,187,189,190,191,:
189:183,185,186,187,188,190,191,:
190:185,186,188,189,191,217,:
191:188,189,190,215,225,226,227,228,229,:
192:193,194,195,196,197,198,199,200,:
193:192,194,195,196,197,198,200,:
194:192,193,195,196,197,198,199,200,:
195:192,193,194,196,197,198,:
196:192,193,194,195,197,:
197:192,193,194,195,196,198,199,200,201,202,:
198:192,193,194,195,197,199,200,201,202,203,333,:
199:192,194,197,198,200,201,202,203,204,332,333,346,387,:
200:192,193,194,197,198,199,201,202,203,204,205,409,:
201:197,198,199,200,202,203,204,205,332,340,345,346,384,387,:
202:197,198,199,200,201,203,204,205,393,396,409,:
203:198,199,200,201,202,204,205,340,393,:
204:199,200,201,202,203,205,336,337,339,340,344,345,379,380,381,382,390,392,393,:
205:200,201,202,203,204,336,337,339,340,380,381,390,392,393,:
206:207,208,209,210,211,401,418,420,:
207:206,208,209,210,211,397,398,399,400,401,418,420,:
208:206,207,209,210,211,:
209:206,207,208,210,211,398,:
210:206,207,208,209,211,394,397,398,401,420,423,:
211:206,207,208,209,210,418,420,:
212:213,214,215,216,217,218,225,226,364,:
213:212,214,215,216,217,218,225,:
214:43,212,213,215,216,217,218,219,225,226,227,:
215:43,191,212,213,214,216,217,218,225,226,227,228,230,:
216:212,213,214,215,217,225,226,227,230,:
217:190,212,213,214,215,216,218,219,220,222,225,226,:
218:212,213,214,215,217,219,220,221,222,223,224,:
219:214,217,218,220,221,222,223,224,:
220:217,218,219,221,222,223,224,:
221:218,219,220,222,223,224,:
222:217,218,219,220,221,223,224,:
223:218,219,220,221,222,224,:
224:218,219,220,221,222,223,:
225:40,43,191,212,213,214,215,216,217,226,227,228,229,230,231,234,:
226:39,40,41,42,43,44,191,212,214,215,216,217,225,227,228,229,230,234,:
227:40,191,214,215,216,225,226,228,229,230,231,232,233,234,235,236,238,:
228:39,40,191,215,225,226,227,229,230,231,233,234,235,236,237,238,239,241,:
229:39,40,41,43,44,191,225,226,227,228,230,234,235,236,237,238,:
230:31,215,216,225,226,227,228,229,231,232,233,234,235,238,359,360,361,364,:
231:7,8,9,28,31,225,227,228,230,232,233,234,235,238,241,359,360,398,:
232:7,8,9,28,29,31,227,230,231,233,235,238,354,355,359,360,361,:
233:7,8,9,28,30,31,227,228,230,231,232,234,235,238,240,241,360,397,398,399,422,:
234:9,30,31,40,225,226,227,228,229,230,231,233,235,236,237,238,239,240,241,242,243,:
235:9,30,31,227,228,229,230,231,232,233,234,236,237,238,239,240,241,422,423,:
236:30,40,227,228,229,234,235,237,238,239,240,241,242,243,244,274,:
237:7,9,30,228,229,234,235,236,238,239,240,241,242,243,244,245,246,247,274,:
238:1,7,8,9,28,30,31,227,228,229,230,231,232,233,234,235,236,237,239,240,241,242,243,244,247,357,358,:
239:25,30,228,234,235,236,237,238,240,241,242,243,274,308,422,:
240:2,7,9,25,30,31,233,234,235,236,237,238,239,241,242,243,308,419,421,422,423,:
241:7,9,25,30,31,228,231,233,234,235,236,237,238,239,240,419,421,422,423,:
242:234,236,237,238,239,240,243,244,245,246,247,249,250,271,272,274,:
243:234,236,237,238,239,240,242,244,245,246,247,249,267,271,272,273,274,:
244:1,236,237,238,242,243,245,246,247,248,249,250,251,274,358,:
245:4,237,242,243,244,246,247,248,249,250,251,252,253,254,261,266,267,274,:
246:237,242,243,244,245,247,249,250,251,252,253,261,262,264,266,267,268,271,272,274,275,276,:
247:153,237,238,242,243,244,245,246,248,249,250,357,358,:
248:154,159,244,245,247,249,250,357,358,:
249:4,5,10,11,242,243,244,245,246,247,248,250,251,252,253,254,255,261,262,267,358,:
250:5,11,33,242,244,245,246,247,248,249,251,252,253,254,358,:
251:10,12,13,32,244,245,246,249,250,252,253,254,255,256,261,262,263,267,:
252:150,245,246,249,250,251,253,254,255,261,262,263,264,266,267,276,:
253:149,150,154,245,246,249,250,251,252,254,255,261,262,263,264,266,267,:
254:12,13,14,34,245,249,250,251,252,253,255,256,257,258,261,262,:
255:13,14,15,20,21,22,249,251,252,253,254,256,257,258,259,260,261,262,:
256:14,15,16,17,19,20,34,35,37,251,254,255,257,258,259,260,:
257:14,15,16,19,34,35,254,255,256,258,259,260,:
258:14,15,16,17,19,20,21,35,37,254,255,256,257,259,260,:
259:15,16,17,18,19,20,35,36,37,255,256,257,258,260,:
260:14,15,16,17,19,20,21,35,37,255,256,257,258,259,:
261:245,246,249,251,252,253,254,255,262,263,264,265,266,267,276,:
262:23,32,38,246,249,251,252,253,254,255,261,263,264,265,266,267,275,276,281,282,:
263:150,251,252,253,261,262,264,265,266,267,268,276,:
264:246,252,253,261,262,263,265,266,267,268,269,271,275,276,:
265:61,67,261,262,263,264,266,267,268,269,275,276,:
266:245,246,252,253,261,262,263,264,265,267,268,269,270,271,272,273,274,275,276,:
267:243,245,246,249,251,252,253,261,262,263,264,265,266,268,269,271,272,273,274,275,276,:
268:246,263,264,265,266,267,269,270,271,272,273,274,275,276,277,:
269:67,264,265,266,267,268,270,271,272,275,276,277,278,279,280,283,289,307,308,:
270:67,266,268,269,271,275,276,277,278,279,283,284,288,289,290,307,308,309,:
271:242,243,246,264,266,267,268,269,270,272,273,274,275,276,:
272:242,243,246,266,267,268,269,271,273,274,:
273:243,266,267,268,271,272,274,:
274:236,237,239,242,243,244,245,246,266,267,268,271,272,273,:
275:26,67,246,262,264,265,266,267,268,269,270,271,276,277,278,279,280,281,282,283,284,289,308,:
276:26,32,246,252,261,262,263,264,265,266,267,268,269,270,271,275,277,278,279,280,281,282,:
277:26,268,269,270,275,276,278,279,280,281,282,283,284,285,289,306,307,308,:
278:67,94,269,270,275,276,277,279,280,281,283,284,285,286,288,289,306,:
279:61,62,64,65,66,67,68,70,94,269,270,275,276,277,278,280,283,284,285,286,288,289,:
280:23,26,32,38,65,86,87,94,269,275,276,277,278,279,281,282,283,284,306,:
281:3,4,10,23,26,32,38,86,87,262,275,276,277,278,280,282,314,:
282:3,4,10,12,13,22,23,26,32,38,85,86,87,262,275,276,277,280,281,314,:
283:67,72,76,269,270,275,277,278,279,280,284,285,286,287,288,289,303,305,306,307,:
284:76,270,275,277,278,279,280,283,285,286,288,289,300,302,303,304,305,306,307,:
285:67,70,71,72,76,277,278,279,283,284,286,287,288,289,290,300,306,:
286:67,69,70,72,278,279,283,284,285,287,288,289,290,291,292,300,303,:
287:69,70,72,283,285,286,288,289,290,291,292,300,:
288:67,68,69,70,270,278,279,283,284,285,286,287,289,290,291,292,303,:
289:67,269,270,275,277,278,279,283,284,285,286,287,288,290,291,292,303,307,309,:
290:69,270,285,286,287,288,289,291,292,303,:
291:286,287,288,289,290,292,303,309,:
292:286,287,288,289,290,291,295,296,302,303,307,309,:
293:294,295,296,297,298,299,300,302,303,:
294:293,295,296,297,298,299,302,413,415,:
295:292,293,294,296,297,298,299,300,301,302,303,304,:
296:292,293,294,295,297,298,299,300,302,303,304,305,306,307,310,311,417,:
297:293,294,295,296,298,300,302,303,304,305,306,310,311,315,412,413,415,416,417,:
298:293,294,295,296,297,299,300,301,302,303,:
299:293,294,295,296,298,300,301,:
300:71,284,285,286,287,293,295,296,297,298,299,301,302,303,306,:
301:295,298,299,300,:
302:284,292,293,294,295,296,297,298,300,303,304,305,306,307,308,309,310,311,417,:
303:283,284,286,288,289,290,291,292,293,295,296,297,298,300,302,304,305,306,307,309,:
304:284,295,296,297,302,303,305,306,307,308,309,310,311,312,417,419,:
305:283,284,296,297,302,303,304,306,307,308,309,310,311,312,313,315,:
306:277,278,280,283,284,285,296,297,300,302,303,304,305,307,308,310,311,312,313,315,:
307:269,270,277,283,284,289,292,296,302,303,304,305,306,308,309,310,311,:
308:2,3,25,26,239,240,269,270,275,277,302,304,305,306,307,309,310,311,:
309:270,289,291,292,302,303,304,305,307,308,419,:
310:26,296,297,302,304,305,306,307,308,311,312,313,314,315,316,317,318,319,406,:
311:296,297,302,304,305,306,307,308,310,312,313,314,315,318,319,405,406,410,412,417,:
312:139,304,305,306,310,311,313,314,315,316,317,318,319,320,406,:
313:3,26,305,306,310,311,312,314,315,316,317,318,319,320,321,322,323,324,325,406,:
314:3,4,10,26,32,38,84,86,87,281,282,310,311,312,313,315,316,317,318,319,320,323,:
315:139,297,305,306,310,311,312,313,314,316,317,318,319,325,406,:
316:136,137,139,310,312,313,314,315,317,318,319,325,:
317:84,129,136,137,138,139,310,312,313,314,315,316,318,325,:
318:26,310,311,312,313,314,315,316,317,319,320,321,322,323,324,325,334,335,403,406,:
319:310,311,312,313,314,315,316,318,320,321,322,323,324,325,327,334,402,403,404,405,406,407,:
320:2,3,312,313,314,318,319,321,322,323,324,325,326,334,335,336,:
321:1,2,313,318,319,320,322,323,324,326,330,334,335,336,337,338,402,403,:
322:1,2,7,9,25,30,313,318,319,320,321,323,324,326,334,335,336,399,400,402,403,404,405,406,407,409,:
323:129,313,314,318,319,320,321,322,324,325,326,327,329,330,334,335,:
324:129,313,318,319,320,321,322,323,325,326,327,328,329,330,331,332,334,335,:
325:127,129,313,315,316,317,318,319,320,323,324,326,327,328,329,330,331,:
326:320,321,322,323,324,325,327,328,329,330,331,332,333,334,335,407,:
327:319,323,324,325,326,328,329,330,331,333,407,408,:
328:324,325,326,327,329,331,407,408,:
329:323,324,325,326,327,328,330,331,332,333,407,408,409,:
330:321,323,324,325,326,327,329,331,332,333,334,335,336,:
331:324,325,326,327,328,329,330,332,333,408,409,:
332:199,201,324,326,329,330,331,333,:
333:198,199,326,327,329,330,331,332,409,:
334:1,6,27,318,319,320,321,322,323,324,326,330,335,336,337,338,339,340,403,:
335:5,6,27,318,320,321,322,323,324,326,330,334,336,337,338,339,:
336:7,8,27,29,204,205,320,321,322,330,334,335,337,338,339,340,341,403,:
337:27,29,204,205,321,334,335,336,338,339,340,341,342,343,344,345,347,348,351,:
338:27,29,321,334,335,336,337,339,340,341,342,347,348,351,:
339:204,205,334,335,336,337,338,340,341,342,343,344,345,346,347,348,351,:
340:201,203,204,205,334,336,337,338,339,341,342,343,344,345,346,347,381,382,393,:
341:336,337,338,339,340,342,343,344,345,346,347,348,349,351,:
342:337,338,339,340,341,343,344,345,347,348,349,350,351,352,:
343:337,339,340,341,342,344,347,348,349,350,351,352,371,382,:
344:204,337,339,340,341,342,343,345,346,347,348,384,:
345:201,204,337,339,340,341,342,344,346,:
346:199,201,339,340,341,344,345,384,385,386,387,:
347:337,338,339,340,341,342,343,344,348,349,350,351,352,353,:
348:337,338,339,341,342,343,344,347,349,350,351,:
349:341,342,343,347,348,350,351,352,353,354,:
350:8,27,29,342,343,347,348,349,351,352,353,354,355,356,357,358,:
351:6,7,8,27,28,29,337,338,339,341,342,343,347,348,349,350,352,353,354,357,358,:
352:29,342,343,347,349,350,351,353,354,355,356,357,358,359,360,366,376,:
353:347,349,350,351,352,354,355,356,357,358,359,371,374,376,:
354:8,28,29,232,349,350,351,352,353,355,356,357,358,359,360,361,366,376,:
355:232,350,352,353,354,356,357,359,360,361,362,364,365,366,374,376,:
356:350,352,353,354,355,357,359,360,361,362,363,364,365,366,371,372,374,375,376,:
357:29,238,247,248,350,351,352,353,354,355,356,358,359,360,:
358:6,27,29,238,244,247,248,249,250,350,351,352,353,354,357,:
359:230,231,232,352,353,354,355,356,357,360,361,362,363,364,365,366,:
360:8,28,230,231,232,233,352,354,355,356,357,359,361,362,364,365,366,:
361:230,232,354,355,356,359,360,362,363,364,365,366,367,:
362:355,356,359,360,361,363,364,365,366,367,368,369,370,376,:
363:356,359,361,362,364,365,366,367,368,369,:
364:44,45,212,230,355,356,359,360,361,362,363,365,:
365:355,356,359,360,361,362,363,364,366,367,368,369,370,371,372,374,376,:
366:352,354,355,356,359,360,361,362,363,365,367,368,369,370,371,372,376,381,:
367:361,362,363,365,366,368,369,370,371,372,373,374,376,:
368:362,363,365,366,367,369,370,371,378,:
369:362,363,365,366,367,368,370,377,378,379,380,381,382,:
370:362,365,366,367,368,369,371,372,373,374,376,:
371:343,353,356,365,366,367,368,370,372,373,374,375,376,:
372:356,365,366,367,370,371,373,374,375,376,:
373:367,370,371,372,374,375,376,:
374:353,355,356,365,367,370,371,372,373,375,376,:
375:356,371,372,373,374,376,:
376:352,353,354,355,356,362,365,366,367,370,371,372,373,374,375,:
377:369,378,379,380,381,382,383,384,390,396,:
378:368,369,377,379,380,381,382,383,390,396,:
379:204,369,377,378,380,381,382,383,384,390,391,396,:
380:204,205,369,377,378,379,381,382,383,390,391,392,393,394,395,396,:
381:204,205,340,366,369,377,378,379,380,382,390,391,392,393,396,:
382:204,340,343,369,377,378,379,380,381,383,384,385,390,:
383:377,378,379,380,382,384,385,386,:
384:201,344,346,377,379,382,383,385,386,387,388,389,:
385:346,382,383,384,386,387,388,389,:
386:346,383,384,385,387,388,389,:
387:199,201,346,384,385,386,388,389,:
388:384,385,386,387,389,:
389:384,385,386,387,388,:
390:204,205,377,378,379,380,381,382,391,392,393,394,395,396,397,398,:
391:379,380,381,390,392,393,394,395,396,397,398,399,:
392:204,205,380,381,390,391,393,394,395,396,397,398,399,400,401,:
393:202,203,204,205,340,380,381,390,391,392,394,395,396,397,398,399,400,401,402,403,:
394:210,380,390,391,392,393,395,396,397,398,:
395:380,390,391,392,393,394,396,:
396:202,377,378,379,380,381,390,391,392,393,394,395,:
397:31,207,210,233,390,391,392,393,394,398,399,400,401,402,403,:
398:31,207,209,210,231,233,390,391,392,393,394,397,399,400,401,:
399:9,30,31,207,233,322,391,392,393,397,398,400,401,402,403,404,420,:
400:207,322,392,393,397,398,399,401,402,403,404,405,406,407,409,418,420,:
401:206,207,210,392,393,397,398,399,400,402,403,404,405,407,409,411,418,420,:
402:319,321,322,393,397,399,400,401,403,404,405,406,407,408,409,410,411,418,420,:
403:9,30,318,319,321,322,334,336,393,397,399,400,401,402,404,405,406,407,409,410,:
404:319,322,399,400,401,402,403,405,406,407,408,409,410,411,412,418,:
405:311,319,322,400,401,402,403,404,406,407,408,409,410,411,412,413,414,415,416,418,:
406:310,311,312,313,315,318,319,322,400,402,403,404,405,407,408,410,411,412,415,416,417,418,:
407:319,322,326,327,328,329,400,401,402,403,404,405,406,408,409,410,411,:
408:327,328,329,331,402,404,405,406,407,409,410,411,:
409:200,202,322,329,331,333,400,401,402,403,404,405,407,408,:
410:311,402,403,404,405,406,407,408,411,412,413,414,415,416,417,418,:
411:401,402,404,405,406,407,408,410,412,413,414,415,416,418,:
412:297,311,404,405,406,410,411,413,414,415,416,417,418,:
413:294,297,405,410,411,412,414,415,416,:
414:405,410,411,412,413,415,:
415:294,297,405,406,410,411,412,413,414,416,417,418,419,420,:
416:297,405,406,410,411,412,413,415,417,418,419,420,421,:
417:296,297,302,304,311,406,410,412,415,416,418,419,420,421,422,:
418:206,207,211,400,401,402,404,405,406,410,411,412,415,416,417,419,420,421,422,423,:
419:240,241,304,309,415,416,417,418,420,421,422,423,:
420:206,207,210,211,399,400,401,402,415,416,417,418,419,421,422,423,:
421:148,240,241,416,417,418,419,420,422,423,:
422:30,148,233,235,239,240,241,417,418,419,420,421,423,:
423:148,210,235,240,241,418,419,420,421,422,:
