1:2,3,4,5,6,7,11,12,13,14,15,16,17,53,54,55,56,60,61,62,64,179,181,:
2:1,3,4,5,6,7,11,12,13,16,17,53,54,55,61,62,179,:
3:1,2,4,5,6,7,11,12,13,53,54,55,56,60,61,62,:
4:1,2,3,5,6,7,8,9,11,53,54,55,56,:
5:1,2,3,4,6,7,8,9,10,53,54,55,56,57,58,59,:
6:1,2,3,4,5,7,8,9,10,53,54,55,56,57,58,59,:
7:1,2,3,4,5,6,8,9,10,53,54,55,56,57,58,59,179,181,:
8:4,5,6,7,9,10,54,55,56,57,58,59,:
9:4,5,6,7,8,10,55,56,57,58,59,179,181,:
10:5,6,7,8,9,55,56,57,58,59,223,:
11:1,2,3,4,12,13,14,15,16,17,18,60,61,62,63,64,65,66,67,:
12:1,2,3,11,13,14,15,16,17,60,61,62,63,64,65,66,181,185,:
13:1,2,3,11,12,14,15,16,17,18,20,60,61,62,63,64,65,66,67,69,168,:
14:1,11,12,13,15,16,17,18,60,61,62,63,64,65,66,67,160,165,167,168,:
15:1,11,12,13,14,16,17,60,61,62,63,64,65,66,83,84,:
16:1,2,11,12,13,14,15,17,18,19,20,21,23,24,62,63,64,65,67,68,69,70,72,168,:
17:1,2,11,12,13,14,15,16,18,19,20,21,23,62,63,65,67,68,69,70,79,82,83,:
18:11,13,14,16,17,19,20,21,22,23,24,34,62,63,64,65,67,68,69,70,71,72,73,85,165,167,168,:
19:16,17,18,20,21,22,25,26,67,68,69,70,71,72,73,74,75,76,77,78,79,193,:
20:13,16,17,18,19,21,22,23,24,34,35,63,67,68,69,70,71,72,73,74,82,85,86,165,168,:
21:16,17,18,19,20,22,23,24,25,34,67,68,69,70,71,72,73,74,85,168,390,391,392,393,:
22:18,19,20,21,23,25,26,67,68,69,70,71,72,73,74,75,76,85,193,392,:
23:16,17,18,20,21,22,24,28,31,34,35,36,37,43,63,67,69,70,71,72,73,82,85,86,88,165,:
24:16,18,20,21,23,28,34,35,36,43,63,67,70,71,72,85,86,150,151,153,164,165,168,381,:
25:19,21,22,26,68,69,70,73,74,75,76,77,78,79,:
26:19,22,25,68,69,75,76,77,78,79,:
27:28,29,30,35,36,38,39,40,43,46,80,81,86,87,88,89,90,91,92,144,145,382,:
28:23,24,27,29,34,35,38,39,43,71,80,81,85,86,89,91,92,145,370,372,380,381,382,391,393,436,:
29:27,28,34,35,36,38,39,43,80,81,85,86,87,88,89,92,435,436,553,555,556,557,:
30:27,38,39,40,46,47,48,49,50,51,52,80,81,89,90,91,92,96,98,99,100,103,:
31:23,32,33,34,35,36,37,41,42,70,82,83,84,85,86,87,88,93,94,:
32:31,33,36,37,41,42,65,82,83,84,93,94,:
33:31,32,37,41,42,65,82,83,84,93,94,:
34:18,20,21,23,24,28,29,31,35,36,37,43,70,71,73,82,85,86,87,88,:
35:20,23,24,27,28,29,31,34,36,37,41,43,70,80,81,82,85,86,87,88,93,145,557,:
36:23,24,27,29,31,32,34,35,37,41,42,43,80,81,82,85,86,87,88,93,145,:
37:23,31,32,33,34,35,36,41,42,80,82,83,84,85,86,87,88,93,94,:
38:27,28,29,30,39,40,43,46,47,48,80,81,87,89,90,91,92,98,99,:
39:27,28,29,30,38,40,43,46,47,80,81,89,90,91,92,98,370,372,382,:
40:27,30,38,39,44,45,46,47,48,51,52,80,81,89,90,91,96,97,98,100,142,146,147,:
41:31,32,33,35,36,37,42,82,83,84,86,87,88,93,94,145,153,155,:
42:31,32,33,36,37,41,82,83,84,87,93,94,153,154,155,:
43:23,24,27,28,29,34,35,36,38,39,80,81,85,86,87,88,89,91,92,145,382,436,557,:
44:40,45,48,51,52,95,96,97,100,147,309,:
45:40,44,46,48,49,51,52,95,96,97,100,101,102,:
46:27,30,38,39,40,45,47,48,49,50,51,52,80,89,90,91,96,98,99,100,101,102,103,104,:
47:30,38,39,40,46,48,49,50,51,52,89,90,98,99,100,101,102,103,104,584,596,:
48:30,38,40,44,45,46,47,49,50,51,52,89,96,97,98,99,100,101,102,103,104,:
49:30,45,46,47,48,50,51,52,98,99,100,101,102,103,104,584,:
50:30,46,47,48,49,51,52,89,98,99,100,101,102,103,104,583,584,645,646,:
51:30,40,44,45,46,47,48,49,50,52,95,96,97,100,101,102,103,:
52:30,40,44,45,46,47,48,49,50,51,90,91,95,96,97,100,101,103,663,:
53:1,2,3,4,5,6,7,54,55,56,:
54:1,2,3,4,5,6,7,8,53,55,56,:
55:1,2,3,4,5,6,7,8,9,10,53,54,57,:
56:1,3,4,5,6,7,8,9,10,53,54,58,61,179,181,185,:
57:5,6,7,8,9,10,55,59,:
58:5,6,7,8,9,10,56,59,179,181,:
59:5,6,7,8,9,10,57,58,221,223,:
60:1,3,11,12,13,14,15,61,64,65,66,185,:
61:1,2,3,11,12,13,14,15,56,60,62,63,64,65,66,179,181,182,183,184,185,:
62:1,2,3,11,12,13,14,15,16,17,18,61,63,64,65,67,68,69,167,168,172,174,178,179,187,:
63:11,12,13,14,15,16,17,18,20,23,24,61,62,64,65,66,67,153,160,164,165,166,167,168,:
64:1,11,12,13,14,15,16,18,60,61,62,63,65,66,67,160,162,164,165,166,167,168,172,173,174,178,179,180,181,182,183,:
65:11,12,13,14,15,16,17,18,32,33,60,61,62,63,64,66,83,84,:
66:11,12,13,14,15,60,61,63,64,65,84,156,160,162,:
67:11,13,14,16,17,18,19,20,21,22,23,24,62,63,64,68,69,70,71,72,164,165,166,167,168,172,174,:
68:16,17,18,19,20,21,22,25,26,62,67,69,70,71,72,73,74,75,76,77,78,79,193,:
69:13,16,17,18,19,20,21,22,23,25,26,62,67,68,70,71,72,73,74,75,76,77,78,79,:
70:16,17,18,19,20,21,22,23,24,25,31,34,35,67,68,69,71,72,73,74,75,82,85,:
71:18,19,20,21,22,23,24,28,34,67,68,69,70,72,73,74,85,389,390,391,392,393,435,436,:
72:16,18,19,20,21,22,23,24,67,68,69,70,71,73,74,165,168,193,389,390,391,392,393,:
73:18,19,20,21,22,23,25,34,68,69,70,71,72,74,75,76,85,433,435,:
74:19,20,21,22,25,68,69,70,71,72,73,75,76,193,390,392,393,419,427,:
75:19,22,25,26,68,69,70,73,74,76,77,78,79,:
76:19,22,25,26,68,69,73,74,75,77,78,79,419,421,513,:
77:19,25,26,68,69,75,76,78,79,:
78:19,25,26,68,69,75,76,77,79,421,:
79:17,19,25,26,68,69,75,76,77,78,:
80:27,28,29,30,35,36,37,38,39,40,43,46,81,86,87,88,89,91,92,93,142,145,:
81:27,28,29,30,35,36,38,39,40,43,80,86,87,89,90,91,92,142,143,144,145,146,382,:
82:17,20,23,31,32,33,34,35,36,37,41,42,70,83,85,86,87,88,481,:
83:15,17,31,32,33,37,41,42,65,82,84,:
84:15,31,32,33,37,41,42,65,66,83,94,:
85:18,20,21,22,23,24,28,29,31,34,35,36,37,43,70,71,73,82,86,87,88,435,481,557,:
86:20,23,24,27,28,29,31,34,35,36,37,41,43,80,81,82,85,87,88,93,144,145,148,150,153,165,:
87:27,29,31,34,35,36,37,38,41,42,43,80,81,82,85,86,88,93,145,:
88:23,27,29,31,34,35,36,37,41,43,80,82,85,86,87,93,481,556,557,:
89:27,28,29,30,38,39,40,43,46,47,48,50,80,81,90,91,92,98,99,553,555,556,557,:
90:27,30,38,39,40,46,47,52,81,89,91,92,98,103,653,654,:
91:27,28,30,38,39,40,43,46,52,80,81,89,90,92,146,352,370,382,:
92:27,28,29,30,38,39,43,80,81,89,90,91,98,368,370,371,372,382,:
93:31,32,33,35,36,37,41,42,80,86,87,88,94,142,144,145,153,155,:
94:31,32,33,37,41,42,84,93,153,154,155,157,158,:
95:44,45,51,52,96,97,100,308,309,:
96:30,40,44,45,46,48,51,52,95,97,100,147,:
97:40,44,45,48,51,52,95,96,100,147,308,309,316,:
98:30,38,39,40,46,47,48,49,50,89,90,92,99,102,103,104,551,553,555,584,:
99:30,38,46,47,48,49,50,89,98,100,101,102,103,104,553,555,584,594,595,596,:
100:30,40,44,45,46,47,48,49,50,51,52,95,96,97,99,101,102,103,:
101:45,46,47,48,49,50,51,52,99,100,102,103,104,:
102:45,46,47,48,49,50,51,98,99,100,101,103,104,584,586,594,:
103:30,46,47,48,49,50,51,52,90,98,99,100,101,102,104,583,584,644,645,646,647,:
104:46,47,48,49,50,98,99,101,102,103,579,582,583,584,586,645,646,:
105:106,107,108,109,110,111,112,422,:
106:105,107,108,109,110,112,:
107:105,106,108,109,110,111,112,113,422,:
108:105,106,107,109,110,111,112,:
109:105,106,107,108,110,112,:
110:105,106,107,108,109,111,112,113,:
111:105,107,108,110,112,113,424,:
112:105,106,107,108,109,110,111,113,:
113:107,110,111,112,119,120,122,190,:
114:115,116,117,118,119,120,121,122,:
115:114,116,117,119,120,122,:
116:114,115,117,118,119,120,121,122,200,203,:
117:114,115,116,118,119,120,199,200,:
118:114,116,117,119,196,197,199,200,201,204,:
119:113,114,115,116,117,118,120,121,122,123,124,200,:
120:113,114,115,116,117,119,121,122,123,124,125,:
121:114,116,119,120,122,123,124,125,126,127,203,:
122:113,114,115,116,119,120,121,123,124,125,126,:
123:119,120,121,122,124,125,126,127,:
124:119,120,121,122,123,125,126,127,:
125:120,121,122,123,124,126,127,:
126:121,122,123,124,125,127,:
127:121,123,124,125,126,:
128:129,130,131,132,133,134,136,137,:
129:128,130,131,132,133,136,158,271,272,:
130:128,129,131,132,133,134,135,136,137,138,289,290,:
131:128,129,130,132,133,134,135,136,137,138,139,140,158,290,:
132:128,129,130,131,133,134,136,137,138,139,140,155,157,158,:
133:128,129,130,131,132,134,135,136,137,:
134:128,130,131,132,133,135,136,137,:
135:130,131,133,134,:
136:128,129,130,131,132,133,134,137,138,139,140,141,142,287,289,290,:
137:128,130,131,132,133,134,136,138,139,140,287,288,289,290,291,292,:
138:130,131,132,136,137,139,140,141,142,143,290,:
139:131,132,136,137,138,140,141,142,143,144,145,146,147,148,149,283,316,:
140:131,132,136,137,138,139,141,142,143,144,146,149,268,269,270,271,272,273,282,283,287,316,:
141:136,138,139,140,142,143,144,145,146,147,148,149,316,:
142:40,80,81,93,136,138,139,140,141,143,144,145,146,147,148,316,:
143:81,138,139,140,141,142,144,145,146,147,148,149,150,269,316,:
144:27,81,86,93,139,140,141,142,143,145,146,148,149,150,151,153,154,155,269,380,381,382,:
145:27,28,35,36,41,43,80,81,86,87,93,139,141,142,143,144,146,148,149,150,153,380,382,:
146:40,81,91,139,140,141,142,143,144,145,147,148,149,315,316,352,382,:
147:40,44,96,97,139,141,142,143,146,312,315,316,352,:
148:86,139,141,142,143,144,145,146,149,150,151,152,153,154,155,156,164,165,266,269,380,381,382,:
149:139,140,141,143,144,145,146,148,150,151,152,153,154,155,156,164,265,266,267,268,269,270,380,381,:
150:24,86,143,144,145,148,149,151,152,153,154,155,156,160,164,165,166,266,380,381,:
151:24,144,148,149,150,152,153,154,156,160,164,165,166,167,168,169,265,266,380,381,:
152:148,149,150,151,153,154,156,160,164,165,166,169,259,260,265,266,267,269,270,381,:
153:24,41,42,63,86,93,94,144,145,148,149,150,151,152,154,155,156,157,159,160,164,165,:
154:42,94,144,148,149,150,151,152,153,155,156,157,158,159,160,161,162,164,270,:
155:41,42,93,94,132,144,148,149,150,153,154,156,157,158,159,160,161,270,271,:
156:66,148,149,150,151,152,153,154,155,157,158,159,160,161,162,163,266,270,:
157:94,132,153,154,155,156,158,159,160,161,163,270,271,:
158:94,129,131,132,154,155,156,157,159,161,270,271,272,:
159:153,154,155,156,157,158,160,161,162,163,270,271,:
160:14,63,64,66,150,151,152,153,154,155,156,157,159,161,162,163,164,166,266,:
161:154,155,156,157,158,159,160,162,163,270,:
162:64,66,154,156,159,160,161,163,182,249,250,:
163:156,157,159,160,161,162,250,253,:
164:24,63,64,67,148,149,150,151,152,153,154,160,165,166,167,168,169,170,171,172,173,266,381,:
165:14,18,20,23,24,63,64,67,72,86,148,150,151,152,153,164,166,167,168,169,172,381,:
166:63,64,67,150,151,152,160,164,165,167,168,169,170,171,172,173,174,176,249,381,:
167:14,18,62,63,64,67,151,164,165,166,168,169,170,171,172,173,174,175,176,177,:
168:13,14,16,18,20,21,24,62,63,64,67,72,151,164,165,166,167,169,170,171,172,173,174,175,176,186,:
169:151,152,164,165,166,167,168,170,171,172,173,176,377,381,388,395,:
170:164,166,167,168,169,171,172,173,175,176,264,377,388,394,395,396,399,:
171:164,166,167,168,169,170,172,173,174,175,176,244,377,386,388,394,395,396,399,:
172:62,64,67,164,165,166,167,168,169,170,171,173,174,175,176,177,178,179,180,186,187,:
173:64,164,166,167,168,169,170,171,172,174,175,176,177,178,180,182,244,249,:
174:62,64,67,166,167,168,171,172,173,175,176,177,178,179,180,186,187,188,:
175:167,168,170,171,172,173,174,176,177,178,186,187,188,189,190,191,193,194,195,:
176:166,167,168,169,170,171,172,173,174,175,177,186,187,188,189,194,195,386,387,388,394,395,396,:
177:167,172,173,174,175,176,178,179,180,181,182,186,187,244,:
178:62,64,172,173,174,175,177,179,180,181,182,183,224,:
179:1,2,7,9,56,58,61,62,64,172,174,177,178,180,181,182,183,184,185,:
180:64,172,173,174,177,178,179,181,182,183,184,224,246,249,:
181:1,7,9,12,56,58,61,64,177,178,179,180,182,183,184,185,:
182:61,64,162,173,177,178,179,180,181,183,184,185,246,:
183:61,64,178,179,180,181,182,184,185,:
184:61,179,180,181,182,183,185,:
185:12,56,60,61,179,181,182,183,184,:
186:168,172,174,175,176,177,187,188,189,190,191,192,193,194,195,:
187:62,172,174,175,176,177,186,188,189,190,191,193,:
188:174,175,176,186,187,189,190,191,192,193,194,195,196,386,387,:
189:175,176,186,187,188,190,191,192,193,194,195,196,197,198,387,:
190:113,175,186,187,188,189,191,192,194,195,196,197,198,:
191:175,186,187,188,189,190,192,193,194,195,:
192:186,188,189,190,191,193,194,195,387,400,403,404,421,:
193:19,22,68,72,74,175,186,187,188,189,191,192,404,419,421,:
194:175,176,186,188,189,190,191,192,195,196,197,198,199,200,386,387,397,398,:
195:175,176,186,188,189,190,191,192,194,196,197,198,386,387,394,396,397,398,:
196:118,188,189,190,194,195,197,198,199,200,201,387,397,398,:
197:118,189,190,194,195,196,198,199,200,201,202,203,204,216,217,243,398,:
198:189,190,194,195,196,197,199,200,201,202,216,217,240,241,242,243,244,398,:
199:117,118,194,196,197,198,200,201,202,203,204,205,216,217,243,398,:
200:116,117,118,119,194,196,197,198,199,201,202,203,204,:
201:118,196,197,198,199,200,202,203,204,205,206,216,217,218,226,241,243,:
202:197,198,199,200,201,203,204,205,216,217,218,219,221,223,225,226,241,:
203:116,121,197,199,200,201,202,204,205,216,217,218,219,225,226,:
204:118,197,199,200,201,202,203,205,206,207,208,209,216,217,226,:
205:199,201,202,203,204,206,207,208,209,210,211,216,217,225,226,:
206:201,204,205,207,208,209,210,211,212,213,214,:
207:204,205,206,208,209,210,211,212,213,214,215,:
208:204,205,206,207,209,210,211,213,214,215,:
209:204,205,206,207,208,210,211,212,213,214,215,:
210:205,206,207,208,209,211,212,213,214,215,:
211:205,206,207,208,209,210,212,213,215,226,227,230,:
212:206,207,209,210,211,213,214,215,:
213:206,207,208,209,210,211,212,214,215,:
214:206,207,208,209,210,212,213,215,:
215:207,208,209,210,211,212,213,214,:
216:197,198,199,201,202,203,204,205,217,218,219,220,221,222,223,225,226,240,241,243,:
217:197,198,199,201,202,203,204,205,216,218,219,221,222,223,224,225,226,240,241,242,243,:
218:201,202,203,216,217,219,220,221,222,223,224,225,226,227,232,241,:
219:202,203,216,217,218,220,221,222,223,225,226,227,228,229,230,231,232,:
220:216,218,219,221,222,225,226,227,228,229,230,231,232,:
221:59,202,216,217,218,219,220,222,223,224,225,226,241,:
222:216,217,218,219,220,221,223,224,225,226,229,238,240,241,:
223:10,59,202,216,217,218,219,221,222,224,:
224:178,180,217,218,221,222,223,238,:
225:202,203,205,216,217,218,219,220,221,222,226,227,228,229,230,231,232,241,:
226:201,202,203,204,205,211,216,217,218,219,220,221,222,225,227,228,229,230,232,241,:
227:211,218,219,220,225,226,228,229,230,231,232,:
228:219,220,225,226,227,229,230,231,232,:
229:219,220,222,225,226,227,228,230,231,232,:
230:211,219,220,225,226,227,228,229,231,232,:
231:219,220,225,227,228,229,230,232,:
232:218,219,220,225,226,227,228,229,230,231,:
233:234,235,236,237,238,239,245,246,:
234:233,235,236,237,238,239,:
235:233,234,236,237,238,239,240,245,246,247,:
236:233,234,235,237,238,239,245,246,247,248,249,250,251,:
237:233,234,235,236,238,239,245,246,247,248,:
238:222,224,233,234,235,236,237,239,240,241,242,244,245,246,:
239:233,234,235,236,237,238,240,241,242,243,244,:
240:198,216,217,222,235,238,239,241,242,243,244,:
241:198,201,202,216,217,218,221,222,225,226,238,239,240,242,243,244,:
242:198,217,238,239,240,241,243,244,:
243:197,198,199,201,216,217,239,240,241,242,244,398,:
244:171,173,177,198,238,239,240,241,242,243,399,:
245:233,235,236,237,238,246,247,248,249,250,251,257,258,:
246:180,182,233,235,236,237,238,245,247,248,249,250,251,:
247:235,236,237,245,246,248,249,250,251,252,257,258,259,:
248:236,237,245,246,247,249,250,251,257,258,259,260,261,262,264,266,:
249:162,166,173,180,236,245,246,247,248,250,257,258,259,260,262,264,266,:
250:162,163,236,245,246,247,248,249,251,252,253,254,256,257,258,:
251:236,245,246,247,248,250,252,253,254,255,256,:
252:247,250,251,253,254,255,256,:
253:163,250,251,252,254,255,256,:
254:250,251,252,253,255,256,:
255:251,252,253,254,256,:
256:250,251,252,253,254,255,:
257:245,247,248,249,250,258,259,260,261,262,263,264,265,266,:
258:245,247,248,249,250,257,259,260,261,262,264,265,:
259:152,247,248,249,257,258,260,261,262,263,264,265,266,267,:
260:152,248,249,257,258,259,261,262,263,264,265,266,267,268,269,270,:
261:248,257,258,259,260,262,263,265,266,267,268,273,274,:
262:248,249,257,258,259,260,261,263,264,265,266,:
263:257,259,260,261,262,264,265,266,378,:
264:170,248,249,257,258,259,260,262,263,:
265:149,151,152,257,258,259,260,261,262,263,266,267,268,269,270,271,272,273,274,:
266:148,149,150,151,152,156,160,164,248,249,257,259,260,261,262,263,265,267,268,269,270,:
267:149,152,259,260,261,265,266,268,269,270,271,272,273,274,275,:
268:140,149,260,261,265,266,267,269,270,271,272,273,274,275,276,278,279,282,283,:
269:140,143,144,148,149,152,260,265,266,267,268,270,271,273,274,275,278,279,281,283,:
270:140,149,152,154,155,156,157,158,159,161,260,265,266,267,268,269,271,272,273,274,:
271:129,140,155,157,158,159,265,267,268,269,270,272,273,274,283,:
272:129,140,158,265,267,268,270,271,273,274,283,:
273:140,261,265,267,268,269,270,271,272,274,275,276,277,278,279,282,283,:
274:261,265,267,268,269,270,271,272,273,275,276,277,278,279,282,283,:
275:267,268,269,273,274,276,277,278,279,280,281,282,283,284,315,316,:
276:268,273,274,275,277,278,279,282,283,284,285,286,287,315,316,:
277:273,274,275,276,278,282,283,284,285,286,324,:
278:268,269,273,274,275,276,277,279,280,281,282,315,:
279:268,269,273,274,275,276,278,280,281,:
280:275,278,279,281,:
281:269,275,278,279,280,314,315,378,379,:
282:140,268,273,274,275,276,277,278,283,284,285,286,287,288,315,316,:
283:139,140,268,269,271,272,273,274,275,276,277,282,284,285,286,287,288,315,316,:
284:275,276,277,282,283,285,286,287,288,289,:
285:276,277,282,283,284,286,287,288,294,295,311,:
286:276,277,282,283,284,285,287,288,294,295,305,306,310,311,312,315,317,318,324,:
287:136,137,140,276,282,283,284,285,286,288,289,290,291,295,316,:
288:137,282,283,284,285,286,287,289,290,291,292,293,295,:
289:130,136,137,284,287,288,290,291,292,293,:
290:130,131,136,137,138,287,288,289,291,292,293,:
291:137,287,288,289,290,292,293,:
292:137,288,289,290,291,293,:
293:288,289,290,291,292,295,:
294:285,286,295,296,297,298,299,300,302,304,305,306,:
295:285,286,287,288,293,294,296,297,298,299,300,302,304,305,306,:
296:294,295,297,298,299,300,301,302,304,305,306,307,:
297:294,295,296,298,299,300,305,306,307,308,311,:
298:294,295,296,297,299,305,306,307,:
299:294,295,296,297,298,300,301,302,303,304,305,306,:
300:294,295,296,297,299,301,302,303,304,:
301:296,299,300,302,303,304,:
302:294,295,296,299,300,301,303,304,:
303:299,300,301,302,304,:
304:294,295,296,299,300,301,302,303,:
305:286,294,295,296,297,298,299,306,307,308,309,310,311,318,:
306:286,294,295,296,297,298,299,305,307,308,309,310,311,312,317,318,:
307:296,297,298,305,306,308,309,310,311,312,318,:
308:95,97,297,305,306,307,309,310,311,312,313,315,316,317,318,335,:
309:44,95,97,305,306,307,308,310,311,312,313,315,318,333,335,351,:
310:286,305,306,307,308,309,311,312,313,314,315,316,317,318,:
311:285,286,297,305,306,307,308,309,310,312,313,315,316,317,318,:
312:147,286,306,307,308,309,310,311,313,314,315,316,317,318,319,326,351,:
313:308,309,310,311,312,314,315,317,318,319,320,322,324,325,326,351,:
314:281,310,312,313,315,317,318,319,320,325,326,329,349,350,351,352,354,:
315:146,147,275,276,278,281,282,283,286,308,309,310,311,312,313,314,316,317,318,:
316:97,139,140,141,142,143,146,147,275,276,282,283,287,308,310,311,312,315,:
317:286,306,308,310,311,312,313,314,315,318,319,320,321,322,323,324,325,326,:
318:286,305,306,307,308,309,310,311,312,313,314,315,317,319,320,321,322,324,325,326,:
319:312,313,314,317,318,320,321,322,323,324,325,326,327,:
320:313,314,317,318,319,321,322,323,324,325,326,327,328,329,330,331,332,333,:
321:317,318,319,320,322,323,325,326,327,328,330,331,332,:
322:313,317,318,319,320,321,323,324,325,326,:
323:317,319,320,321,322,324,:
324:277,286,313,317,318,319,320,322,323,:
325:313,314,317,318,319,320,321,322,326,327,328,329,330,331,332,333,354,361,:
326:312,313,314,317,318,319,320,321,322,325,327,328,329,330,331,333,345,349,350,351,354,359,361,:
327:319,320,321,325,326,328,329,330,331,332,333,345,:
328:320,321,325,326,327,329,330,331,339,340,344,345,354,359,361,:
329:314,320,325,326,327,328,330,339,340,342,344,345,346,347,349,353,354,355,358,359,361,:
330:320,321,325,326,327,328,329,331,332,333,334,335,340,345,350,351,660,:
331:320,321,325,326,327,328,330,332,333,334,335,336,660,:
332:320,321,325,327,330,331,333,334,335,336,337,338,:
333:309,320,325,326,327,330,331,332,334,335,336,337,351,660,:
334:330,331,332,333,335,336,337,338,:
335:308,309,330,331,332,333,334,336,337,338,:
336:331,332,333,334,335,337,338,:
337:332,333,334,335,336,338,:
338:332,334,335,336,337,:
339:328,329,340,341,342,343,344,345,354,:
340:328,329,330,339,341,342,344,345,:
341:339,340,342,343,344,345,346,354,523,651,:
342:329,339,340,341,343,344,345,346,347,348,349,350,353,354,363,650,651,:
343:339,341,342,344,345,346,347,348,353,354,362,363,364,367,521,523,651,652,:
344:328,329,339,340,341,342,343,345,346,347,348,349,350,351,352,353,354,363,:
345:326,327,328,329,330,339,340,341,342,343,344,346,347,349,350,351,353,354,657,:
346:329,341,342,343,344,345,347,348,349,350,351,352,353,354,355,363,367,:
347:329,342,343,344,345,346,348,349,350,352,353,354,355,356,357,358,362,363,367,374,:
348:342,343,344,346,347,349,352,353,354,355,356,357,362,363,364,365,367,373,374,375,378,379,:
349:314,326,329,342,344,345,346,347,348,350,351,352,353,354,:
350:314,326,330,342,344,345,346,347,349,351,352,655,656,657,660,:
351:309,312,313,314,326,330,333,344,345,346,349,350,352,656,657,660,:
352:91,146,147,314,344,346,347,348,349,350,351,353,:
353:329,342,343,344,345,346,347,348,349,352,354,355,356,357,358,359,360,363,374,:
354:314,325,326,328,329,339,341,342,343,344,345,346,347,348,349,353,355,356,358,359,361,:
355:329,346,347,348,353,354,356,357,358,359,360,361,363,374,:
356:347,348,353,354,355,357,358,359,360,362,363,373,374,:
357:347,348,353,355,356,358,360,362,363,373,374,375,376,378,:
358:329,347,353,354,355,356,357,359,360,361,:
359:326,328,329,353,354,355,356,358,360,361,:
360:353,355,356,357,358,359,361,:
361:325,326,328,329,354,355,358,359,360,:
362:343,347,348,356,357,363,364,365,366,367,368,373,374,:
363:342,343,344,346,347,348,353,355,356,357,362,364,365,367,368,373,374,521,:
364:343,348,362,363,365,366,367,368,369,370,373,374,375,:
365:348,362,363,364,366,367,368,370,373,374,375,376,377,378,384,:
366:362,364,365,367,368,370,373,374,375,376,377,383,384,389,391,531,532,:
367:343,346,347,348,362,363,364,365,366,368,369,370,371,372,373,374,519,:
368:92,362,363,364,365,366,367,369,370,371,372,373,374,519,:
369:364,367,368,370,371,372,518,519,526,531,652,653,:
370:28,39,91,92,364,365,366,367,368,369,371,372,373,374,380,382,391,393,:
371:92,367,368,369,370,372,434,436,519,526,527,528,653,:
372:28,39,92,367,368,369,370,371,391,393,434,436,:
373:348,356,357,362,363,364,365,366,367,368,370,374,375,376,377,378,379,380,384,:
374:347,348,353,355,356,357,362,363,364,365,366,367,368,370,373,375,376,378,379,380,:
375:348,357,364,365,366,373,374,376,377,378,379,380,381,382,384,:
376:357,365,366,373,374,375,377,378,379,383,384,388,395,:
377:169,170,171,365,366,373,375,376,378,383,384,385,386,388,394,395,:
378:263,281,348,357,365,373,374,375,376,377,379,380,381,382,:
379:281,348,373,374,375,376,378,380,381,382,:
380:28,144,145,148,149,150,151,370,373,374,375,378,379,381,382,:
381:24,28,144,148,149,150,151,152,164,165,166,169,375,378,379,380,382,391,:
382:27,28,39,43,81,91,92,144,145,146,148,370,375,378,379,380,381,:
383:366,376,377,384,385,386,387,388,389,390,394,395,401,:
384:365,366,373,375,376,377,383,385,386,388,389,390,391,394,395,:
385:377,383,384,386,387,388,389,390,391,394,395,396,401,404,:
386:171,176,188,194,195,377,383,384,385,387,388,389,394,395,396,397,398,399,401,:
387:176,188,189,192,194,195,196,383,385,386,388,394,395,396,397,398,400,401,:
388:169,170,171,176,376,377,383,384,385,386,387,389,390,391,392,393,394,395,:
389:71,72,366,383,384,385,386,388,390,391,392,393,404,:
390:21,71,72,74,383,384,385,388,389,391,392,393,403,404,532,:
391:21,28,71,72,366,370,372,381,384,385,388,389,390,392,393,:
392:21,22,71,72,74,388,389,390,391,393,404,434,436,532,:
393:21,28,71,72,74,370,372,388,389,390,391,392,434,435,436,:
394:170,171,176,195,377,383,384,385,386,387,388,395,396,397,398,399,:
395:169,170,171,176,376,377,383,384,385,386,387,388,394,396,397,399,:
396:170,171,176,195,385,386,387,394,395,397,398,399,:
397:194,195,196,386,387,394,395,396,398,399,:
398:194,195,196,197,198,199,243,386,387,394,396,397,399,:
399:170,171,244,386,394,395,396,397,398,:
400:192,387,401,402,403,404,405,406,407,412,413,:
401:383,385,386,387,400,402,403,404,405,406,407,:
402:400,401,403,404,405,406,407,408,412,413,414,:
403:192,390,400,401,402,404,405,406,412,413,414,415,416,417,418,:
404:192,193,385,389,390,392,400,401,402,403,405,412,413,414,415,416,532,:
405:400,401,402,403,404,406,407,408,409,410,412,413,:
406:400,401,402,403,405,407,408,409,410,411,413,:
407:400,401,402,405,406,408,409,410,411,:
408:402,405,406,407,409,410,411,:
409:405,406,407,408,410,411,:
410:405,406,407,408,409,411,:
411:406,407,408,409,410,:
412:400,402,403,404,405,413,414,415,416,417,418,419,420,426,:
413:400,402,403,404,405,406,412,414,415,416,417,418,420,:
414:402,403,404,412,413,415,416,417,418,419,420,426,427,428,:
415:403,404,412,413,414,416,417,418,426,427,428,429,430,431,532,:
416:403,404,412,413,414,415,417,426,427,428,429,430,529,530,532,:
417:403,412,413,414,415,416,418,419,420,421,422,426,427,512,514,:
418:403,412,413,414,415,417,419,420,421,422,423,427,512,514,:
419:74,76,193,412,414,417,418,420,421,422,423,424,425,:
420:412,413,414,417,418,419,421,422,423,424,:
421:76,78,192,193,417,418,419,420,422,423,424,425,:
422:105,107,417,418,419,420,421,423,424,425,:
423:418,419,420,421,422,424,425,:
424:111,419,420,421,422,423,425,:
425:419,421,422,423,424,:
426:412,414,415,416,417,427,428,429,430,431,432,433,434,454,455,:
427:74,414,415,416,417,418,426,428,429,430,431,432,433,434,454,455,514,:
428:414,415,416,426,427,429,430,431,432,433,434,438,449,454,455,528,:
429:415,416,426,427,428,430,431,432,437,438,448,449,454,455,528,:
430:415,416,426,427,428,429,431,437,438,448,449,450,454,455,:
431:415,426,427,428,429,430,432,433,434,435,436,438,444,446,449,454,455,528,:
432:426,427,428,429,431,433,434,435,436,446,528,:
433:73,426,427,428,431,432,434,435,436,446,556,557,:
434:371,372,392,393,426,427,428,431,432,433,435,436,528,:
435:29,71,73,85,393,431,432,433,434,436,553,555,556,557,:
436:28,29,43,71,371,372,392,393,431,432,433,434,435,553,557,:
437:429,430,438,439,440,441,442,443,444,448,449,541,:
438:428,429,430,431,437,439,440,442,443,444,446,448,449,528,535,539,541,545,:
439:437,438,440,441,442,443,444,445,448,449,450,:
440:437,438,439,441,442,443,444,445,448,449,450,451,453,456,:
441:437,439,440,442,443,445,448,449,450,451,453,456,:
442:437,438,439,440,441,443,444,445,446,447,448,449,542,543,545,:
443:437,438,439,440,441,442,444,445,446,447,448,449,545,:
444:431,437,438,439,440,442,443,445,446,447,544,545,549,550,552,:
445:439,440,441,442,443,444,446,447,448,456,:
446:431,432,433,438,442,443,444,445,447,545,550,551,552,553,554,555,:
447:442,443,444,445,446,456,478,550,552,554,:
448:429,430,437,438,439,440,441,442,443,445,449,450,451,452,453,454,455,456,:
449:428,429,430,431,437,438,439,440,441,442,443,448,450,451,453,454,455,456,:
450:430,439,440,441,448,449,451,452,453,454,455,456,507,:
451:440,441,448,449,450,452,453,454,455,456,507,514,:
452:448,450,451,453,454,455,506,507,508,511,512,514,:
453:440,441,448,449,450,451,452,454,455,456,501,507,512,514,:
454:426,427,428,429,430,431,448,449,450,451,452,453,455,456,512,513,514,:
455:426,427,428,429,430,431,448,449,450,451,452,453,454,456,507,512,513,514,:
456:440,441,445,447,448,449,450,451,453,454,455,478,487,488,489,500,501,:
457:458,459,460,461,462,463,465,:
458:457,459,460,461,462,:
459:457,458,460,461,462,463,464,465,467,482,483,484,:
460:457,458,459,461,462,463,466,467,475,482,484,:
461:457,458,459,460,462,463,466,467,474,475,476,479,480,482,483,484,486,492,494,:
462:457,458,459,460,461,463,464,465,482,483,484,:
463:457,459,460,461,462,464,465,482,483,484,591,592,594,:
464:459,462,463,465,482,483,484,:
465:457,459,462,463,464,:
466:460,461,467,468,469,470,471,472,473,474,475,486,:
467:459,460,461,466,468,469,471,472,473,474,475,:
468:466,467,469,470,471,472,473,474,475,476,486,498,503,505,:
469:466,467,468,470,471,472,474,475,476,477,479,485,486,497,498,505,:
470:466,468,469,471,474,475,476,477,485,486,497,498,499,502,503,505,:
471:466,467,468,469,470,472,473,474,475,505,:
472:466,467,468,469,471,473,505,:
473:466,467,468,471,472,:
474:461,466,467,468,469,470,471,475,476,477,478,479,480,481,482,484,485,486,498,:
475:460,461,466,467,468,469,470,471,474,476,477,479,480,481,482,483,484,485,486,:
476:461,468,469,470,474,475,477,478,479,480,481,482,484,485,486,487,498,:
477:469,470,474,475,476,478,479,480,485,486,487,488,490,491,492,497,498,:
478:447,456,474,476,477,479,485,486,487,488,490,497,498,:
479:461,469,474,475,476,477,478,480,481,482,483,484,485,486,556,:
480:461,474,475,476,477,479,481,482,483,484,556,595,:
481:82,85,88,474,475,476,479,480,482,483,484,556,557,:
482:459,460,461,462,463,464,474,475,476,479,480,481,483,484,:
483:459,461,462,463,464,475,479,480,481,482,484,:
484:459,460,461,462,463,464,474,475,476,479,480,481,482,483,:
485:469,470,474,475,476,477,478,479,486,487,488,489,490,491,492,497,498,:
486:461,466,468,469,470,474,475,476,477,478,479,485,487,488,489,490,491,492,497,498,:
487:456,476,477,478,485,486,488,489,490,491,492,493,497,498,499,:
488:456,477,478,485,486,487,489,490,491,497,498,499,500,501,502,:
489:456,485,486,487,488,490,497,498,499,500,501,:
490:477,478,485,486,487,488,489,491,492,493,494,495,497,498,:
491:477,485,486,487,488,490,492,493,494,495,496,:
492:461,477,485,486,487,490,491,493,494,495,496,:
493:487,490,491,492,494,495,496,:
494:461,490,491,492,493,495,496,593,:
495:490,491,492,493,494,496,628,:
496:491,492,493,494,495,581,593,628,:
497:469,470,477,478,485,486,487,488,489,490,498,499,500,501,502,503,504,:
498:468,469,470,474,476,477,478,485,486,487,488,489,490,497,499,500,501,502,503,504,505,:
499:470,487,488,489,497,498,500,501,502,503,504,505,:
500:456,488,489,497,498,499,501,502,503,506,:
501:453,456,488,489,497,498,499,500,502,506,507,:
502:470,488,497,498,499,500,501,503,504,505,:
503:468,470,497,498,499,500,502,504,505,:
504:497,498,499,502,503,505,:
505:468,469,470,471,472,498,499,502,503,504,:
506:452,500,501,507,508,509,510,511,512,513,514,:
507:450,451,452,453,455,501,506,508,509,510,511,512,513,514,:
508:452,506,507,509,510,511,512,513,514,:
509:506,507,508,510,511,512,:
510:506,507,508,509,511,:
511:452,506,507,508,509,510,512,513,514,:
512:417,418,452,453,454,455,506,507,508,509,511,513,514,:
513:76,454,455,506,507,508,511,512,514,:
514:417,418,427,451,452,453,454,455,506,507,508,511,512,513,:
515:516,517,518,519,520,521,522,524,525,534,:
516:515,517,518,520,522,524,525,:
517:515,516,518,519,520,521,522,523,524,525,526,534,:
518:369,515,516,517,519,520,521,522,524,525,526,527,529,530,533,534,:
519:367,368,369,371,515,517,518,520,521,522,524,525,526,527,533,534,652,653,:
520:515,516,517,518,519,521,522,523,524,525,:
521:343,363,515,517,518,519,520,522,523,:
522:515,516,517,518,519,520,521,523,524,525,530,531,:
523:341,343,517,520,521,522,:
524:515,516,517,518,519,520,522,525,526,527,528,529,530,531,533,534,:
525:515,516,517,518,519,520,522,524,526,527,529,530,531,533,534,:
526:369,371,517,518,519,524,525,527,528,529,530,531,533,534,535,:
527:371,518,519,524,525,526,528,529,530,533,534,535,536,537,538,:
528:371,428,429,431,432,434,438,524,526,527,529,533,534,535,536,:
529:416,518,524,525,526,527,528,530,531,532,533,534,:
530:416,518,522,524,525,526,527,529,531,532,:
531:366,369,522,524,525,526,529,530,532,:
532:366,390,392,404,415,416,529,530,531,:
533:518,519,524,525,526,527,528,529,534,535,536,537,538,539,544,545,:
534:515,517,518,519,524,525,526,527,528,529,533,535,536,537,538,:
535:438,526,527,528,533,534,536,537,538,539,540,541,544,545,546,:
536:527,528,533,534,535,537,538,539,540,544,545,546,547,548,549,:
537:527,533,534,535,536,538,544,545,546,547,548,653,654,:
538:527,533,534,535,536,537,539,540,541,542,543,544,545,:
539:438,533,535,536,538,540,541,542,543,544,545,548,:
540:535,536,538,539,541,542,543,544,545,547,548,:
541:437,438,535,538,539,540,542,543,:
542:442,538,539,540,541,543,545,548,:
543:442,538,539,540,541,542,:
544:444,533,535,536,537,538,539,540,545,546,547,548,549,550,551,558,559,:
545:438,442,443,444,446,533,535,536,537,538,539,540,542,544,546,547,548,549,550,551,:
546:535,536,537,544,545,547,548,549,550,551,552,558,559,560,:
547:536,537,540,544,545,546,548,549,550,558,559,560,561,562,634,:
548:536,537,539,540,542,544,545,546,547,549,558,559,560,561,562,634,:
549:444,536,544,545,546,547,548,550,551,552,553,554,558,559,562,582,583,:
550:444,446,447,544,545,546,547,549,551,552,553,554,555,559,582,583,:
551:98,446,544,545,546,549,550,552,553,554,555,556,557,:
552:444,446,447,546,549,550,551,553,554,555,556,582,583,:
553:29,89,98,99,435,436,446,549,550,551,552,554,555,556,557,:
554:446,447,549,550,551,552,553,555,556,557,593,595,:
555:29,89,98,99,435,446,550,551,552,553,554,556,557,595,:
556:29,88,89,433,435,479,480,481,551,552,553,554,555,557,595,596,:
557:29,35,43,85,88,89,433,435,436,481,551,553,554,555,556,595,:
558:544,546,547,548,549,559,560,561,562,583,584,633,634,641,645,646,:
559:544,546,547,548,549,550,558,560,561,562,578,582,583,584,641,644,645,646,647,:
560:546,547,548,558,559,561,562,564,630,632,633,634,639,645,646,:
561:547,548,558,559,560,562,563,564,578,:
562:547,548,549,558,559,560,561,563,564,577,578,582,583,:
563:561,562,564,565,566,567,568,569,570,571,577,578,622,:
564:560,561,562,563,565,566,568,569,571,577,578,:
565:563,564,566,567,568,569,570,571,577,578,579,622,:
566:563,564,565,567,568,569,577,578,579,580,581,582,585,586,597,598,627,628,:
567:563,565,566,568,577,578,579,580,581,585,586,587,588,597,598,599,602,612,615,628,:
568:563,564,565,566,567,569,570,571,572,573,577,578,612,614,615,616,:
569:563,564,565,566,568,570,571,572,573,574,:
570:563,565,568,569,571,572,573,574,575,576,:
571:563,564,565,568,569,570,572,573,574,575,:
572:568,569,570,571,573,574,575,576,:
573:568,569,570,571,572,574,575,576,:
574:569,570,571,572,573,575,576,:
575:570,571,572,573,574,576,:
576:570,572,573,574,575,:
577:562,563,564,565,566,567,568,578,579,580,581,582,583,584,585,586,598,627,628,:
578:559,561,562,563,564,565,566,567,568,577,579,580,581,582,583,584,627,628,:
579:104,565,566,567,577,578,580,581,582,583,584,585,586,587,598,627,628,:
580:566,567,577,578,579,581,582,583,584,585,586,587,588,590,591,593,597,598,627,628,:
581:496,566,567,577,578,579,580,582,585,586,587,588,589,590,591,593,597,598,626,627,628,629,:
582:104,549,550,552,559,562,566,577,578,579,580,581,583,584,585,586,628,:
583:50,103,104,549,550,552,558,559,562,577,578,579,580,582,584,645,646,:
584:47,49,50,98,99,102,103,104,558,559,577,578,579,580,582,583,645,646,647,:
585:566,567,577,579,580,581,582,586,587,588,589,590,591,592,593,597,598,628,:
586:102,104,566,567,577,579,580,581,582,585,587,588,590,591,592,593,597,598,:
587:567,579,580,581,585,586,588,589,590,591,592,593,597,598,599,:
588:567,580,581,585,586,587,589,590,591,597,598,599,600,601,602,629,:
589:581,585,587,588,590,597,598,599,600,601,629,:
590:580,581,585,586,587,588,589,591,592,593,594,595,597,:
591:463,580,581,585,586,587,588,590,592,593,594,595,596,:
592:463,585,586,587,590,591,593,594,595,596,:
593:494,496,554,580,581,585,586,587,590,591,592,594,595,596,:
594:99,102,463,590,591,592,593,595,596,:
595:99,480,554,555,556,557,590,591,592,593,594,596,:
596:47,99,556,591,592,593,594,595,:
597:566,567,580,581,585,586,587,588,589,590,598,599,600,601,602,603,629,:
598:566,567,577,579,580,581,585,586,587,588,589,597,599,600,601,602,603,:
599:567,587,588,589,597,598,600,601,602,603,604,629,:
600:588,589,597,598,599,601,602,603,604,:
601:588,589,597,598,599,600,602,603,606,:
602:567,588,597,598,599,600,601,603,604,605,629,:
603:597,598,599,600,601,602,604,605,:
604:599,600,602,603,605,607,:
605:602,603,604,606,607,608,609,610,611,:
606:601,605,607,608,609,610,611,:
607:604,605,606,608,609,610,611,612,613,617,:
608:605,606,607,609,610,611,613,617,:
609:605,606,607,608,610,611,617,:
610:605,606,607,608,609,611,612,613,614,616,617,:
611:605,606,607,608,609,610,612,613,614,615,616,617,618,619,:
612:567,568,607,610,611,613,614,615,616,617,618,:
613:607,608,610,611,612,614,615,616,617,618,619,620,:
614:568,610,611,612,613,615,616,617,618,620,:
615:567,568,611,612,613,614,616,618,647,668,:
616:568,610,611,612,613,614,615,617,618,619,620,:
617:607,608,609,610,611,612,613,614,616,618,619,620,:
618:611,612,613,614,615,616,617,619,620,667,668,:
619:611,613,616,617,618,620,:
620:613,614,616,617,618,619,:
621:622,623,624,625,626,627,628,629,:
622:563,565,621,623,624,626,627,628,629,:
623:621,622,624,625,626,627,628,629,:
624:621,622,623,625,626,627,628,629,:
625:621,623,624,626,627,:
626:581,621,622,623,624,625,627,628,629,:
627:566,577,578,579,580,581,621,622,623,624,625,626,628,629,:
628:495,496,566,567,577,578,579,580,581,582,585,621,622,623,624,626,627,629,:
629:581,588,589,597,599,602,621,622,623,624,626,627,628,:
630:560,631,632,633,634,635,636,637,638,639,640,:
631:630,632,633,634,635,636,637,638,639,:
632:560,630,631,633,634,635,636,637,638,639,640,641,:
633:558,560,630,631,632,634,635,636,637,638,639,640,641,642,643,644,:
634:547,548,558,560,630,631,632,633,635,636,639,640,641,642,643,:
635:630,631,632,633,634,636,637,638,639,640,674,677,:
636:630,631,632,633,634,635,637,638,639,640,:
637:630,631,632,633,635,636,638,674,:
638:630,631,632,633,635,636,637,:
639:560,630,631,632,633,634,635,636,640,641,642,643,644,645,646,647,648,:
640:630,632,633,634,635,636,639,641,642,643,644,645,647,674,675,677,:
641:558,559,632,633,634,639,640,642,643,644,645,646,647,648,649,654,656,670,:
642:633,634,639,640,641,643,644,645,648,649,650,651,652,653,654,655,656,669,670,:
643:633,634,639,640,641,642,644,648,649,650,651,654,655,656,657,658,669,670,671,672,674,:
644:103,559,633,639,640,641,642,643,645,646,647,648,654,656,663,665,666,668,:
645:50,103,104,558,559,560,583,584,639,640,641,642,644,646,647,665,668,:
646:50,103,104,558,559,560,583,584,639,641,644,645,647,654,:
647:103,559,584,615,639,640,641,644,645,646,665,666,667,668,:
648:639,641,642,643,644,649,650,651,652,653,654,655,656,670,:
649:641,642,643,648,650,651,652,653,654,655,656,657,670,:
650:342,642,643,648,649,651,652,653,654,655,656,657,658,660,669,670,:
651:341,342,343,642,643,648,649,650,652,655,656,657,658,659,669,670,671,672,:
652:343,369,519,642,648,649,650,651,653,654,655,656,:
653:90,369,371,519,537,642,648,649,650,652,654,656,:
654:90,537,641,642,643,644,646,648,649,650,652,653,655,656,:
655:350,642,643,648,649,650,651,652,654,656,657,658,659,660,661,663,669,670,:
656:350,351,641,642,643,644,648,649,650,651,652,653,654,655,657,658,660,661,662,663,665,669,670,:
657:345,350,351,643,649,650,651,655,656,658,659,660,661,662,663,669,670,671,:
658:643,650,651,655,656,657,659,660,661,662,669,670,671,672,674,:
659:651,655,657,658,660,661,662,669,670,671,672,:
660:330,331,333,350,351,650,655,656,657,658,659,661,662,663,664,665,669,670,:
661:655,656,657,658,659,660,662,663,664,665,666,669,670,:
662:656,657,658,659,660,661,663,664,665,666,667,669,670,:
663:52,644,655,656,657,660,661,662,664,665,666,667,668,:
664:660,661,662,663,665,666,667,668,675,676,677,:
665:644,645,647,656,660,661,662,663,664,666,667,668,:
666:644,647,661,662,663,664,665,667,668,:
667:618,647,662,663,664,665,666,668,:
668:615,618,644,645,647,663,664,665,666,667,:
669:642,643,650,651,655,656,657,658,659,660,661,662,670,671,672,673,674,675,676,:
670:641,642,643,648,649,650,651,655,656,657,658,659,660,661,662,669,671,672,674,675,:
671:643,651,657,658,659,669,670,672,673,674,675,676,677,:
672:643,651,658,659,669,670,671,673,674,675,676,:
673:669,671,672,674,:
674:635,637,640,643,658,669,670,671,672,673,675,676,677,:
675:640,664,669,670,671,672,674,676,677,:
676:664,669,671,672,674,675,677,:
677:635,640,664,671,674,675,676,:
