1:2,3,4,5,6,7,24,25,32,205,206,210,214,215,220,221,223,224,229,241,246,247,:
2:1,3,4,5,6,24,25,32,206,208,210,214,215,216,219,220,221,222,223,224,229,:
3:1,2,4,5,6,25,199,200,205,206,207,208,210,214,215,216,217,220,221,223,224,225,228,229,241,:
4:1,2,3,5,6,24,25,125,220,221,224,228,229,231,233,240,241,242,245,246,247,:
5:1,2,3,4,6,7,8,9,13,15,24,25,26,27,32,206,215,247,:
6:1,2,3,4,5,7,8,9,10,11,13,24,25,26,27,28,32,246,247,:
7:1,5,6,8,9,10,11,12,13,14,15,24,25,26,27,28,29,30,31,32,247,:
8:5,6,7,9,10,11,12,13,14,15,23,24,25,26,27,28,29,31,32,:
9:5,6,7,8,10,11,12,13,14,15,24,25,26,27,28,29,30,31,32,187,192,:
10:6,7,8,9,11,12,13,25,26,27,28,29,30,176,177,178,185,186,187,189,192,:
11:6,7,8,9,10,12,13,14,15,22,23,26,27,28,29,30,31,32,185,186,187,195,:
12:7,8,9,10,11,13,14,22,26,27,28,29,30,31,185,186,187,:
13:5,6,7,8,9,10,11,12,14,15,16,17,22,23,24,26,27,28,29,30,31,32,:
14:7,8,9,11,12,13,15,16,17,18,21,22,23,27,29,31,32,195,424,:
15:5,7,8,9,11,13,14,16,17,18,22,23,27,29,31,32,195,210,318,424,:
16:13,14,15,17,18,19,20,22,23,32,195,210,213,314,315,316,318,423,424,:
17:13,14,15,16,18,19,20,21,22,23,29,31,32,33,34,195,315,318,417,420,421,422,423,424,:
18:14,15,16,17,19,20,21,22,23,33,34,315,317,318,415,417,418,420,421,422,423,424,425,426,429,431,:
19:16,17,18,20,21,23,33,314,315,316,317,318,405,411,412,415,417,420,421,425,426,427,429,431,:
20:16,17,18,19,21,22,23,33,34,318,415,416,417,418,419,420,422,425,426,428,429,431,:
21:14,17,18,19,20,22,23,33,34,418,419,420,422,429,468,469,472,:
22:11,12,13,14,15,16,17,18,20,21,23,29,31,33,34,422,424,469,:
23:8,11,13,14,15,16,17,18,19,20,21,22,29,31,32,33,34,195,422,424,:
24:1,2,4,5,6,7,8,9,13,25,26,27,32,125,246,247,:
25:1,2,3,4,5,6,7,8,9,10,24,26,27,28,125,241,245,246,247,248,:
26:5,6,7,8,9,10,11,12,13,24,25,27,28,29,30,31,246,247,:
27:5,6,7,8,9,10,11,12,13,14,15,24,25,26,28,29,30,31,32,187,189,191,192,195,:
28:6,7,8,9,10,11,12,13,25,26,27,29,30,176,177,178,185,186,187,:
29:7,8,9,10,11,12,13,14,15,17,22,23,26,27,28,30,31,32,185,186,187,189,195,:
30:7,9,10,11,12,13,26,27,28,29,31,185,186,187,:
31:7,8,9,11,12,13,14,15,17,22,23,26,27,29,30,32,:
32:1,2,5,6,7,8,9,11,13,14,15,16,17,23,24,27,29,31,206,210,211,213,:
33:17,18,19,20,21,22,23,34,412,415,416,417,418,419,420,425,426,427,428,429,430,431,434,459,472,:
34:17,18,20,21,22,23,33,418,419,420,422,429,456,457,459,468,469,470,471,472,476,:
35:36,37,38,39,40,41,42,43,44,45,77,78,165,:
36:35,37,38,39,40,41,43,44,76,77,78,162,164,165,:
37:35,36,38,39,40,41,42,43,44,45,46,77,78,165,:
38:35,36,37,39,40,41,42,44,45,46,47,48,49,72,77,78,:
39:35,36,37,38,40,42,44,45,46,47,48,53,66,67,71,72,73,76,77,78,:
40:35,36,37,38,39,41,42,43,44,45,165,177,178,:
41:35,36,37,38,40,42,43,165,:
42:35,37,38,39,40,41,43,44,45,48,97,102,103,177,178,:
43:35,36,37,40,41,42,103,:
44:35,36,37,38,39,40,42,45,46,47,48,49,50,52,53,78,:
45:35,37,38,39,40,42,44,46,47,48,49,50,79,81,97,:
46:37,38,39,44,45,47,48,49,50,51,52,53,54,55,56,:
47:38,39,44,45,46,48,49,50,53,54,55,56,58,66,67,86,91,97,:
48:38,39,42,44,45,46,47,49,53,54,55,67,81,86,91,96,97,:
49:38,44,45,46,47,48,50,51,52,53,55,:
50:44,45,46,47,49,51,52,:
51:46,49,50,52,:
52:44,46,49,50,51,:
53:39,44,46,47,48,49,54,55,56,57,58,59,66,67,91,:
54:46,47,48,53,55,56,58,59,66,67,90,91,92,:
55:46,47,48,49,53,54,56,57,58,59,60,66,67,68,:
56:46,47,53,54,55,57,58,59,66,67,68,69,71,72,:
57:53,55,56,58,66,67,68,69,70,71,72,:
58:47,53,54,55,56,57,59,60,61,66,67,:
59:53,54,55,56,58,60,61,62,:
60:55,58,59,61,62,63,64,65,508,528,533,534,:
61:58,59,60,62,63,64,65,94,508,:
62:59,60,61,63,64,65,507,508,509,:
63:60,61,62,64,65,506,507,508,509,534,:
64:60,61,62,63,65,507,508,509,528,:
65:60,61,62,63,64,507,508,509,:
66:39,47,53,54,55,56,57,58,67,68,69,70,71,72,530,532,:
67:39,47,48,53,54,55,56,57,58,66,68,69,71,72,532,:
68:55,56,57,66,67,69,70,71,72,73,185,186,530,531,532,:
69:56,57,66,67,68,70,71,72,73,74,76,184,185,186,:
70:57,66,68,69,71,72,73,74,184,452,:
71:39,56,57,66,67,68,69,70,72,73,74,75,76,77,78,184,:
72:38,39,56,57,66,67,68,69,70,71,73,74,76,77,78,:
73:39,68,69,70,71,72,74,75,76,77,78,:
74:69,70,71,72,73,75,76,77,78,:
75:71,73,74,76,77,78,:
76:36,39,69,71,72,73,74,75,77,78,165,171,172,179,180,:
77:35,36,37,38,39,71,72,73,74,75,76,78,165,:
78:35,36,37,38,39,44,71,72,73,74,75,76,77,165,:
79:45,80,81,82,83,84,85,96,97,:
80:79,81,82,83,84,85,:
81:45,48,79,80,82,83,84,85,86,96,97,98,:
82:79,80,81,83,84,85,86,96,97,98,99,100,101,102,:
83:79,80,81,82,84,85,96,97,98,99,101,104,:
84:79,80,81,82,83,85,86,87,88,96,97,:
85:79,80,81,82,83,84,86,87,88,89,90,91,96,97,:
86:47,48,81,82,84,85,87,88,89,90,91,92,93,94,96,97,:
87:84,85,86,88,89,90,91,92,93,94,95,:
88:84,85,86,87,89,90,91,93,94,95,:
89:85,86,87,88,90,91,92,93,94,95,111,115,:
90:54,85,86,87,88,89,91,92,93,94,95,100,111,115,:
91:47,48,53,54,85,86,87,88,89,90,92,93,95,96,97,99,100,111,:
92:54,86,87,89,90,91,93,94,95,100,111,115,:
93:86,87,88,89,90,91,92,94,95,114,115,116,:
94:61,86,87,88,89,90,92,93,95,114,115,116,:
95:87,88,89,90,91,92,93,94,114,115,116,117,:
96:48,79,81,82,83,84,85,86,91,97,98,99,100,101,102,104,105,106,:
97:42,45,47,48,79,81,82,83,84,85,86,91,96,98,99,100,101,102,:
98:81,82,83,96,97,99,100,101,102,103,104,105,106,107,:
99:82,83,91,96,97,98,100,101,102,105,106,107,108,110,111,:
100:82,90,91,92,96,97,98,99,101,105,106,107,108,110,111,119,:
101:82,83,96,97,98,99,100,102,103,104,105,106,:
102:42,82,96,97,98,99,101,103,104,:
103:42,43,98,101,102,104,248,282,283,:
104:83,96,98,101,102,103,284,:
105:96,98,99,100,101,106,107,108,109,110,111,118,119,:
106:96,98,99,100,101,105,107,108,109,110,111,118,159,:
107:98,99,100,105,106,108,109,110,111,112,118,119,120,:
108:99,100,105,106,107,109,110,111,118,119,120,121,122,123,124,135,:
109:105,106,107,108,110,118,119,120,121,127,133,135,154,155,159,:
110:99,100,105,106,107,108,109,111,112,113,114,115,118,119,139,:
111:89,90,91,92,99,100,105,106,107,108,110,112,113,114,115,116,117,:
112:107,110,111,113,114,115,116,117,139,:
113:110,111,112,114,115,116,117,138,139,:
114:93,94,95,110,111,112,113,115,116,117,138,139,:
115:89,90,92,93,94,95,110,111,112,113,114,116,117,139,:
116:93,94,95,111,112,113,114,115,117,:
117:95,111,112,113,114,115,116,138,139,:
118:105,106,107,108,109,110,119,120,121,122,123,124,125,126,127,:
119:100,105,107,108,109,110,118,120,121,122,123,124,:
120:107,108,109,118,119,121,122,123,124,125,126,127,128,:
121:108,109,118,119,120,122,123,124,126,127,128,129,131,132,133,141,:
122:108,118,119,120,121,123,126,127,128,131,132,133,141,:
123:108,118,119,120,121,122,124,125,126,127,238,246,247,:
124:108,118,119,120,121,123,125,159,236,238,242,245,246,247,248,:
125:4,24,25,118,120,123,124,159,236,238,240,241,242,245,246,247,248,:
126:118,120,121,122,123,127,128,129,130,131,132,133,140,141,:
127:109,118,120,121,122,123,126,128,129,130,131,132,133,140,152,238,:
128:120,121,122,126,127,129,130,131,132,133,134,140,141,142,:
129:121,126,127,128,130,131,132,140,141,142,143,144,145,:
130:126,127,128,129,131,140,141,142,143,239,:
131:121,122,126,127,128,129,130,132,133,134,135,136,140,141,:
132:121,122,126,127,128,129,131,133,134,135,136,137,:
133:109,121,122,126,127,128,131,132,134,135,136,137,138,139,:
134:128,131,132,133,135,136,137,138,:
135:108,109,131,132,133,134,136,137,138,139,:
136:131,132,133,134,135,137,138,139,:
137:132,133,134,135,136,138,139,:
138:113,114,117,133,134,135,136,137,139,:
139:110,112,113,114,115,117,133,135,136,137,138,:
140:126,127,128,129,130,131,141,142,143,144,145,146,:
141:121,122,126,128,129,130,131,140,142,143,144,145,146,:
142:128,129,130,140,141,143,144,145,146,147,:
143:129,130,140,141,142,144,145,146,:
144:129,140,141,142,143,145,:
145:129,140,141,142,143,144,146,147,148,149,:
146:140,141,142,143,145,147,148,149,150,151,234,235,236,237,:
147:142,145,146,148,149,150,151,220,233,234,:
148:145,146,147,149,150,151,220,221,222,:
149:145,146,147,148,150,151,219,220,221,233,234,235,:
150:146,147,148,149,151,219,220,221,222,229,233,:
151:146,147,148,149,150,220,230,233,234,235,236,237,:
152:127,153,154,155,156,157,158,:
153:152,154,155,156,157,:
154:109,152,153,155,156,157,158,159,160,:
155:109,152,153,154,156,157,158,159,:
156:152,153,154,155,157,158,:
157:152,153,154,155,156,158,159,160,:
158:152,154,155,156,157,159,160,:
159:106,109,124,125,154,155,157,158,160,:
160:154,157,158,159,270,272,277,278,279,282,:
161:162,163,164,165,166,167,168,169,170,:
162:36,161,163,164,165,166,168,:
163:161,162,164,165,166,167,168,169,170,171,:
164:36,161,162,163,165,166,167,168,169,170,171,172,173,174,:
165:35,36,37,40,41,76,77,78,161,162,163,164,166,167,169,170,171,172,174,:
166:161,162,163,164,165,167,168,169,170,:
167:161,163,164,165,166,168,169,170,:
168:161,162,163,164,166,167,:
169:161,163,164,165,166,167,170,171,172,173,174,175,179,180,:
170:161,163,164,165,166,167,169,171,172,173,174,289,291,:
171:76,163,164,165,169,170,172,173,174,175,176,177,179,180,181,:
172:76,164,165,169,170,171,173,174,175,176,177,179,180,181,182,183,184,187,188,189,:
173:164,169,170,171,172,174,179,180,181,182,183,188,291,292,294,295,296,:
174:164,165,169,170,171,172,173,175,176,177,178,179,180,:
175:169,171,172,174,176,177,178,179,180,189,192,256,:
176:10,28,171,172,174,175,177,178,179,180,187,189,:
177:10,28,40,42,171,172,174,175,176,178,179,180,185,187,189,:
178:10,28,40,42,174,175,176,177,248,:
179:76,169,171,172,173,174,175,176,177,180,181,182,183,184,185,187,188,189,:
180:76,169,171,172,173,174,175,176,177,179,181,182,184,185,186,187,188,189,:
181:171,172,173,179,180,182,183,184,185,186,187,188,189,190,467,:
182:172,173,179,180,181,183,184,185,187,188,189,190,191,193,195,295,296,299,464,466,467,:
183:172,173,179,181,182,184,188,189,190,193,295,296,298,299,464,465,466,467,:
184:69,70,71,172,179,180,181,182,183,185,186,187,188,189,464,467,:
185:10,11,12,28,29,30,68,69,177,179,180,181,182,184,186,187,188,189,195,:
186:10,11,12,28,29,30,68,69,180,181,184,185,187,189,:
187:9,10,11,12,27,28,29,30,172,176,177,179,180,181,182,184,185,186,188,189,190,192,195,:
188:172,173,179,180,181,182,183,184,185,187,189,190,191,192,193,194,195,197,198,295,296,299,467,:
189:10,27,29,172,175,176,177,179,180,181,182,183,184,185,186,187,188,190,191,192,193,195,197,:
190:181,182,183,187,188,189,191,192,193,194,195,196,197,198,199,295,296,299,302,:
191:27,182,188,189,190,192,193,194,195,197,198,199,200,201,202,204,205,206,295,296,302,:
192:9,10,27,175,187,188,189,190,191,193,194,195,197,198,199,200,202,206,:
193:182,183,188,189,190,191,192,194,195,196,197,198,302,464,:
194:188,190,191,192,193,195,196,197,198,201,302,303,304,:
195:11,14,15,16,17,23,27,29,182,185,187,188,189,190,191,192,193,194,196,464,:
196:190,193,194,195,303,304,312,314,433,:
197:188,189,190,191,192,193,194,198,199,200,201,202,203,204,205,206,295,296,302,:
198:188,190,191,192,193,194,197,199,200,201,202,204,295,296,301,302,307,:
199:3,190,191,192,197,198,200,201,202,203,204,205,206,207,:
200:3,191,192,197,198,199,201,202,203,204,205,206,207,208,209,210,307,:
201:191,194,197,198,199,200,202,203,205,206,207,208,209,210,306,307,312,:
202:191,192,197,198,199,200,201,203,204,205,206,:
203:197,199,200,201,202,204,205,206,223,224,225,368,:
204:191,197,198,199,200,202,203,256,295,:
205:1,3,191,197,199,200,201,202,203,206,207,208,209,210,211,214,215,224,:
206:1,2,3,5,32,191,192,197,199,200,201,202,203,205,207,208,209,210,214,215,223,224,:
207:3,199,200,201,205,206,208,209,210,211,212,213,214,215,216,224,:
208:2,3,200,201,205,206,207,209,210,211,212,214,215,216,217,219,223,224,:
209:200,201,205,206,207,208,210,212,214,215,216,217,218,223,224,327,350,:
210:1,2,3,15,16,32,200,201,205,206,207,208,209,211,212,213,214,215,316,:
211:32,205,207,208,210,212,213,214,215,313,314,315,316,342,343,344,:
212:207,208,209,210,211,213,214,215,313,316,326,327,337,342,343,:
213:16,32,207,210,211,212,215,314,315,316,318,342,343,344,:
214:1,2,3,205,206,207,208,209,210,211,212,215,216,217,218,219,220,221,222,223,224,229,:
215:1,2,3,5,205,206,207,208,209,210,211,212,213,214,216,217,219,220,221,222,223,224,229,:
216:2,3,207,208,209,214,215,217,218,219,220,221,222,223,224,225,229,354,:
217:3,208,209,214,215,216,218,219,220,221,222,223,224,225,226,228,229,354,:
218:209,214,216,217,219,220,223,224,225,226,228,229,347,348,353,354,355,358,359,360,361,:
219:2,149,150,208,214,215,216,217,218,220,221,222,223,224,229,332,:
220:1,2,3,4,147,148,149,150,151,214,215,216,217,218,219,221,222,223,224,228,229,230,233,:
221:1,2,3,4,148,149,150,214,215,216,217,219,220,222,223,224,228,229,233,:
222:2,148,150,214,215,216,217,219,220,221,332,338,:
223:1,2,3,203,206,208,209,214,215,216,217,218,219,220,221,224,225,226,227,228,229,:
224:1,2,3,4,203,205,206,207,208,209,214,215,216,217,218,219,220,221,223,225,226,228,229,:
225:3,203,216,217,218,223,224,226,227,228,229,230,265,360,362,:
226:217,218,223,224,225,227,228,229,230,231,232,233,240,241,250,259,264,265,360,361,362,:
227:223,225,226,228,229,230,231,232,240,241,249,250,252,258,259,260,263,264,265,360,361,362,:
228:3,4,217,218,220,221,223,224,225,226,227,229,230,231,232,233,234,240,241,250,259,265,362,:
229:1,2,3,4,150,214,215,216,217,218,219,220,221,223,224,225,226,227,228,230,231,233,240,241,:
230:151,220,225,226,227,228,229,231,232,233,234,235,236,240,241,242,259,265,:
231:4,226,227,228,229,230,232,233,234,235,236,240,241,242,243,244,245,249,250,258,259,268,:
232:226,227,228,230,231,233,234,235,236,240,241,242,243,244,249,250,258,259,260,261,263,267,268,269,272,273,278,:
233:4,147,149,150,151,220,221,226,228,229,230,231,232,234,235,236,237,238,240,241,:
234:146,147,149,151,228,230,231,232,233,235,236,237,238,239,240,241,:
235:146,149,151,230,231,232,233,234,236,237,238,239,:
236:124,125,146,151,230,231,232,233,234,235,237,238,239,240,241,242,246,:
237:146,151,233,234,235,236,238,239,:
238:123,124,125,127,233,234,235,236,237,239,:
239:130,234,235,236,237,238,:
240:4,125,226,227,228,229,230,231,232,233,234,236,241,242,243,244,245,246,247,248,249,250,259,268,:
241:1,3,4,25,125,226,227,228,229,230,231,232,233,234,236,240,242,243,245,246,247,249,250,:
242:4,124,125,230,231,232,236,240,241,243,244,245,246,247,248,249,250,251,259,268,:
243:231,232,240,241,242,244,245,246,248,249,250,251,252,254,258,259,267,268,278,:
244:231,232,240,242,243,245,248,249,250,251,252,253,258,259,267,268,270,277,278,279,282,:
245:4,25,124,125,231,240,241,242,243,244,246,247,248,249,250,:
246:1,4,6,24,25,26,123,124,125,236,240,241,242,243,245,247,248,:
247:1,4,5,6,7,24,25,26,123,124,125,240,241,242,245,246,248,:
248:25,103,124,125,178,240,242,243,244,245,246,247,249,250,:
249:227,231,232,240,241,242,243,244,245,248,250,251,252,253,254,255,257,258,259,268,278,:
250:226,227,228,231,232,240,241,242,243,244,245,248,249,251,252,254,255,258,259,:
251:242,243,244,249,250,252,253,254,255,256,257,258,259,260,278,:
252:227,243,244,249,250,251,253,254,255,258,259,260,261,262,263,265,267,268,277,278,371,:
253:244,249,251,252,254,258,259,260,261,262,267,268,277,278,280,:
254:243,249,250,251,252,253,255,256,257,258,259,371,372,:
255:249,250,251,252,254,256,257,:
256:175,204,251,254,255,257,:
257:249,251,254,255,256,:
258:227,231,232,243,244,249,250,251,252,253,254,259,260,261,262,263,264,265,266,267,268,278,371,:
259:226,227,228,230,231,232,240,242,243,244,249,250,251,252,253,254,258,260,261,263,264,265,267,268,362,371,:
260:227,232,251,252,253,258,259,261,262,263,264,265,266,267,268,269,278,371,:
261:232,252,253,258,259,260,262,263,264,265,266,267,268,269,270,271,272,277,278,:
262:252,253,258,260,261,263,266,267,268,269,270,271,277,278,:
263:227,232,252,258,259,260,261,262,264,265,266,267,268,361,362,363,:
264:226,227,258,259,260,261,263,265,266,359,360,361,362,363,369,371,:
265:225,226,227,228,230,252,258,259,260,261,263,264,266,359,360,361,362,363,369,370,371,:
266:258,260,261,262,263,264,265,267,268,362,363,:
267:232,243,244,252,253,258,259,260,261,262,263,266,268,269,270,271,272,273,274,277,278,:
268:231,232,240,242,243,244,249,252,253,258,259,260,261,262,263,266,267,269,270,272,273,277,278,:
269:232,260,261,262,267,268,270,271,272,273,274,275,276,277,278,279,:
270:160,244,261,262,267,268,269,271,272,273,277,278,279,280,281,282,:
271:261,262,267,269,270,272,277,278,279,280,281,:
272:160,232,261,267,268,269,270,271,273,274,275,276,277,278,:
273:232,267,268,269,270,272,274,275,276,:
274:267,269,272,273,275,276,:
275:269,272,273,274,276,:
276:269,272,273,274,275,:
277:160,244,252,253,261,262,267,268,269,270,271,272,278,279,280,281,282,283,:
278:160,232,243,244,249,251,252,253,258,260,261,262,267,268,269,270,271,272,277,279,280,282,:
279:160,244,269,270,271,277,278,280,281,282,283,284,285,:
280:253,270,271,277,278,279,281,282,283,284,285,:
281:270,271,277,279,280,282,283,284,285,:
282:103,160,244,270,277,278,279,280,281,283,284,285,286,287,:
283:103,277,279,280,281,282,284,285,286,287,288,:
284:104,279,280,281,282,283,285,286,287,288,:
285:279,280,281,282,283,284,286,287,288,:
286:282,283,284,285,287,288,:
287:282,283,284,285,286,288,:
288:283,284,285,286,287,:
289:170,290,291,292,293,294,295,296,297,:
290:289,291,292,293,294,297,:
291:170,173,289,290,292,293,294,295,296,297,:
292:173,289,290,291,293,294,295,296,297,298,299,:
293:289,290,291,292,294,295,296,297,298,299,:
294:173,289,290,291,292,293,295,296,297,299,302,:
295:173,182,183,188,190,191,197,198,204,289,291,292,293,294,296,297,298,299,302,:
296:173,182,183,188,190,191,197,198,289,291,292,293,294,295,297,298,299,300,301,302,:
297:289,290,291,292,293,294,295,296,302,:
298:183,292,293,295,296,299,300,301,302,303,304,305,466,467,:
299:182,183,188,190,292,293,294,295,296,298,300,301,302,303,305,466,467,:
300:296,298,299,301,302,303,304,305,:
301:198,296,298,299,300,302,303,304,305,:
302:190,191,193,194,197,198,294,295,296,297,298,299,300,301,303,304,:
303:194,196,298,299,300,301,302,304,305,466,:
304:194,196,298,300,301,302,303,305,379,380,381,:
305:298,299,300,301,303,304,466,467,:
306:201,307,308,309,310,311,312,374,:
307:198,200,201,306,308,309,310,311,312,:
308:306,307,309,310,311,312,313,374,377,:
309:306,307,308,310,311,312,319,320,377,:
310:306,307,308,309,311,319,320,327,:
311:306,307,308,309,310,312,313,314,:
312:196,201,306,307,308,309,311,313,314,315,:
313:211,212,308,311,312,314,315,316,317,318,399,402,405,:
314:16,19,196,211,213,311,312,313,315,316,317,318,405,:
315:16,17,18,19,211,213,312,313,314,316,317,318,404,405,421,:
316:16,19,210,211,212,213,313,314,315,317,318,343,405,421,423,:
317:18,19,313,314,315,316,318,401,402,403,404,405,409,411,421,426,:
318:15,16,17,18,19,20,213,313,314,315,316,317,405,411,417,421,423,426,:
319:309,310,320,321,322,323,324,325,327,:
320:309,310,319,321,322,323,324,327,:
321:319,320,322,323,324,325,326,327,329,:
322:319,320,321,323,324,325,326,327,328,329,346,:
323:319,320,321,322,324,325,327,328,329,346,:
324:319,320,321,322,323,325,326,327,329,346,398,400,:
325:319,321,322,323,324,326,327,328,329,330,333,337,346,398,400,:
326:212,321,322,324,325,327,328,329,333,334,336,337,346,398,399,400,:
327:209,212,310,319,320,321,322,323,324,325,326,346,350,:
328:322,323,325,326,329,330,331,332,333,334,345,346,:
329:321,322,323,324,325,326,328,330,331,333,334,337,345,346,:
330:325,328,329,331,332,333,334,335,345,346,347,:
331:328,329,330,332,333,334,345,346,347,348,349,350,:
332:219,222,328,330,331,333,345,346,347,348,349,353,354,:
333:325,326,328,329,330,331,332,334,335,336,337,338,345,346,:
334:326,328,329,330,331,333,335,336,337,338,340,:
335:330,333,334,336,337,338,339,340,341,342,:
336:326,333,334,335,337,338,339,340,341,342,343,344,:
337:212,325,326,329,333,334,335,336,338,339,340,342,343,344,:
338:222,333,334,335,336,337,339,340,341,342,343,344,:
339:335,336,337,338,340,341,342,343,344,:
340:334,335,336,337,338,339,341,342,344,:
341:335,336,338,339,340,342,343,344,:
342:211,212,213,335,336,337,338,339,340,341,343,344,:
343:211,212,213,316,336,337,338,339,341,342,344,:
344:211,213,336,337,338,339,340,341,342,343,:
345:328,329,330,331,332,333,346,347,348,349,350,351,352,353,354,:
346:322,323,324,325,326,327,328,329,330,331,332,333,345,347,348,349,350,351,:
347:218,330,331,332,345,346,348,349,350,351,352,353,354,355,:
348:218,331,332,345,346,347,349,350,351,352,353,354,355,356,358,:
349:331,332,345,346,347,348,350,351,352,353,354,355,356,:
350:209,327,331,345,346,347,348,349,351,352,353,354,:
351:345,346,347,348,349,350,352,353,354,355,356,365,:
352:345,347,348,349,350,351,353,354,355,356,365,:
353:218,332,345,347,348,349,350,351,352,354,355,356,357,358,359,360,365,:
354:216,217,218,332,345,347,348,349,350,351,352,353,355,356,358,359,360,361,365,:
355:218,347,348,349,351,352,353,354,356,357,358,359,360,361,365,:
356:348,349,351,352,353,354,355,357,358,359,360,364,365,:
357:353,355,356,358,359,360,364,365,:
358:218,348,353,354,355,356,357,359,360,361,362,363,365,:
359:218,264,265,353,354,355,356,357,358,360,361,362,363,364,365,:
360:218,225,226,227,264,265,353,354,355,356,357,358,359,361,362,363,364,365,366,369,:
361:218,226,227,263,264,265,354,355,358,359,360,362,363,365,:
362:225,226,227,228,259,263,264,265,266,358,359,360,361,363,:
363:263,264,265,266,358,359,360,361,362,:
364:356,357,359,360,365,366,367,368,369,370,:
365:351,352,353,354,355,356,357,358,359,360,361,364,366,367,368,369,:
366:360,364,365,367,368,369,370,371,372,:
367:364,365,366,368,369,370,372,:
368:203,364,365,366,367,369,370,372,:
369:264,265,360,364,365,366,367,368,370,371,372,:
370:265,364,366,367,368,369,371,372,:
371:252,254,258,259,260,264,265,366,369,370,372,:
372:254,366,367,368,369,370,371,:
373:374,375,376,377,378,379,380,382,383,:
374:306,308,373,375,376,377,378,379,380,:
375:373,374,376,377,378,379,380,381,382,383,384,:
376:373,374,375,377,378,379,380,382,383,384,385,386,387,:
377:308,309,373,374,375,376,378,379,382,383,384,385,386,392,:
378:373,374,375,376,377,379,380,381,382,383,386,:
379:304,373,374,375,376,377,378,380,381,382,383,386,:
380:304,373,374,375,376,378,379,381,:
381:304,375,378,379,380,386,432,:
382:373,375,376,377,378,379,383,384,385,386,387,388,392,393,:
383:373,375,376,377,378,379,382,384,385,386,387,388,:
384:375,376,377,382,383,385,386,387,388,389,392,393,394,:
385:376,377,382,383,384,386,387,388,392,393,394,395,397,401,402,:
386:376,377,378,379,381,382,383,384,385,387,388,392,393,394,395,401,402,408,:
387:376,382,383,384,385,386,388,389,390,391,392,393,:
388:382,383,384,385,386,387,389,390,391,392,393,:
389:384,387,388,390,391,:
390:387,388,389,391,:
391:387,388,389,390,:
392:377,382,384,385,386,387,388,393,394,395,396,397,398,401,402,:
393:382,384,385,386,387,388,392,394,395,396,397,:
394:384,385,386,392,393,395,396,397,398,399,400,401,402,403,:
395:385,386,392,393,394,396,397,398,399,401,402,403,404,405,406,407,408,:
396:392,393,394,395,397,398,399,400,401,402,403,406,407,:
397:385,392,393,394,395,396,398,399,400,401,:
398:324,325,326,392,394,395,396,397,399,400,:
399:313,326,394,395,396,397,398,400,401,:
400:324,325,326,394,396,397,398,399,:
401:317,385,386,392,394,395,396,397,399,402,403,404,405,406,407,408,409,:
402:313,317,385,386,392,394,395,396,401,403,404,405,406,407,408,409,:
403:317,394,395,396,401,402,404,405,406,407,408,409,410,411,:
404:315,317,395,401,402,403,405,406,407,408,409,410,411,412,413,414,425,:
405:19,313,314,315,316,317,318,395,401,402,403,404,406,408,409,410,411,412,425,426,432,:
406:395,396,401,402,403,404,405,407,408,409,410,:
407:395,396,401,402,403,404,406,408,:
408:386,395,401,402,403,404,405,406,407,409,:
409:317,401,402,403,404,405,406,408,410,411,412,413,414,415,425,426,:
410:403,404,405,406,409,411,412,413,414,:
411:19,317,318,403,404,405,409,410,412,413,414,415,416,417,421,425,426,427,:
412:19,33,404,405,409,410,411,413,414,415,416,425,426,427,428,429,430,432,551,:
413:404,409,410,411,412,414,415,425,426,427,428,430,432,550,551,552,555,:
414:404,409,410,411,412,413,415,416,417,418,420,421,425,426,575,:
415:18,19,20,33,409,411,412,413,414,416,417,418,419,420,421,422,423,425,426,:
416:20,33,411,412,414,415,417,418,419,420,421,422,425,426,429,558,:
417:17,18,19,20,33,318,411,414,415,416,418,419,420,421,422,423,424,426,:
418:18,20,21,33,34,414,415,416,417,419,420,421,422,424,429,472,484,:
419:20,21,33,34,415,416,417,418,420,422,429,440,471,472,477,479,482,484,:
420:17,18,19,20,21,33,34,414,415,416,417,418,419,421,422,423,424,472,:
421:17,18,19,315,316,317,318,411,414,415,416,417,418,420,422,423,424,:
422:17,18,20,21,22,23,34,415,416,417,418,419,420,421,423,424,:
423:16,17,18,316,318,415,417,420,421,422,424,:
424:14,15,16,17,18,22,23,417,418,420,421,422,423,:
425:18,19,20,33,404,405,409,411,412,413,414,415,416,426,427,428,429,430,431,432,434,435,551,:
426:18,19,20,33,317,318,405,409,411,412,413,414,415,416,417,425,427,428,429,430,431,432,:
427:19,33,411,412,413,425,426,428,429,430,431,432,433,434,435,436,548,551,:
428:20,33,412,413,425,426,427,429,430,431,432,434,435,436,437,438,439,440,459,548,:
429:18,19,20,21,33,34,412,416,418,419,425,426,427,428,430,431,434,435,436,439,440,459,:
430:33,412,413,425,426,427,428,429,431,432,433,434,435,542,548,:
431:18,19,20,33,425,426,427,428,429,430,432,433,434,460,:
432:381,405,412,413,425,426,427,428,430,431,433,:
433:196,427,430,431,432,460,461,462,463,464,465,542,:
434:33,425,427,428,429,430,431,435,436,437,438,439,440,441,442,459,545,548,:
435:425,427,428,429,430,434,436,437,438,439,440,441,442,544,545,546,547,548,:
436:427,428,429,434,435,437,438,439,440,441,442,443,444,458,459,545,548,:
437:428,434,435,436,438,439,440,441,442,443,444,445,446,458,459,544,545,:
438:428,434,435,436,437,439,441,442,443,444,445,446,538,539,544,545,546,547,548,549,:
439:428,429,434,435,436,437,438,440,441,442,443,:
440:419,428,429,434,435,436,437,439,441,482,557,:
441:434,435,436,437,438,439,440,442,443,545,548,:
442:434,435,436,437,438,439,441,443,444,445,446,455,457,458,459,545,:
443:436,437,438,439,441,442,444,445,446,454,455,456,457,458,459,:
444:436,437,438,442,443,445,446,448,455,458,545,:
445:437,438,442,443,444,446,447,448,454,455,:
446:437,438,442,443,444,445,447,448,450,454,455,456,458,459,460,461,:
447:445,446,448,449,450,451,452,453,454,455,522,523,:
448:444,445,446,447,449,450,452,453,454,455,521,522,523,:
449:447,448,450,451,452,453,454,455,456,521,523,531,:
450:446,447,448,449,451,452,454,455,456,457,458,459,468,531,:
451:447,449,450,452,454,455,456,457,458,468,469,525,526,529,530,531,532,:
452:70,447,448,449,450,451,453,454,455,:
453:447,448,449,452,:
454:443,445,446,447,448,449,450,451,452,455,456,457,458,459,460,461,462,468,469,:
455:442,443,444,445,446,447,448,449,450,451,452,454,456,457,458,459,460,461,462,:
456:34,443,446,449,450,451,454,455,457,458,459,460,461,462,468,469,470,:
457:34,442,443,450,451,454,455,456,458,459,460,468,469,470,471,472,473,:
458:436,437,442,443,444,446,450,451,454,455,456,457,459,468,469,470,471,473,519,521,:
459:33,34,428,429,434,436,437,442,443,446,450,454,455,456,457,458,460,461,462,463,464,468,469,:
460:431,433,446,454,455,456,457,459,461,462,463,464,465,:
461:433,446,454,455,456,459,460,462,463,464,465,466,:
462:433,454,455,456,459,460,461,463,464,465,466,467,:
463:433,459,460,461,462,464,465,466,467,543,:
464:182,183,184,193,195,433,459,460,461,462,463,465,466,467,:
465:183,433,460,461,462,463,464,466,467,:
466:182,183,298,299,303,305,461,462,463,464,465,467,:
467:181,182,183,184,188,298,299,305,462,463,464,465,466,:
468:21,34,450,451,454,456,457,458,459,469,470,471,472,473,474,476,477,478,:
469:21,22,34,451,454,456,457,458,459,468,470,471,472,473,474,476,532,:
470:34,456,457,458,468,469,471,472,473,474,475,476,477,478,479,514,:
471:34,419,457,458,468,469,470,472,473,474,475,476,477,478,479,480,482,490,514,:
472:21,33,34,418,419,420,457,468,469,470,471,473,474,475,476,477,478,479,482,:
473:457,458,468,469,470,471,472,474,475,476,477,478,500,501,502,514,525,527,529,530,533,:
474:468,469,470,471,472,473,475,476,477,478,500,501,529,530,532,533,534,535,:
475:470,471,472,473,474,476,477,478,480,489,490,491,492,500,501,502,533,534,535,:
476:34,468,469,470,471,472,473,474,475,501,529,530,532,533,535,:
477:419,468,470,471,472,473,474,475,478,479,480,481,482,483,489,490,501,511,514,:
478:468,470,471,472,473,474,475,477,479,480,481,482,489,490,500,501,503,510,511,512,513,514,:
479:419,470,471,472,477,478,480,481,482,483,484,485,489,490,491,501,511,:
480:471,475,477,478,479,481,482,483,484,485,489,490,491,492,493,494,495,500,501,510,511,:
481:477,478,479,480,482,483,485,489,490,491,492,493,494,500,501,503,510,511,512,514,515,:
482:419,440,471,472,477,478,479,480,481,483,484,485,486,487,489,490,557,:
483:477,479,480,481,482,484,485,486,487,488,489,490,557,558,:
484:418,419,479,480,482,483,485,486,487,488,490,558,:
485:479,480,481,482,483,484,486,487,488,499,557,:
486:482,483,484,485,487,488,498,558,570,571,572,:
487:482,483,484,485,486,488,497,498,499,561,563,:
488:483,484,485,486,487,497,498,499,571,:
489:475,477,478,479,480,481,482,483,490,491,492,493,494,495,496,497,500,501,511,:
490:471,475,477,478,479,480,481,482,483,484,489,491,492,494,495,496,500,501,:
491:475,479,480,481,489,490,492,493,494,495,496,497,500,501,502,511,:
492:475,480,481,489,490,491,493,494,495,500,501,502,503,505,506,510,511,:
493:480,481,489,491,492,494,500,501,502,503,505,506,510,511,:
494:480,481,489,490,491,492,493,495,496,497,498,499,500,:
495:480,489,490,491,492,494,496,497,498,499,:
496:489,490,491,494,495,497,498,499,:
497:487,488,489,491,494,495,496,498,499,:
498:486,487,488,494,495,496,497,499,:
499:485,487,488,494,495,496,497,498,:
500:473,474,475,478,480,481,489,490,491,492,493,494,501,502,503,504,505,506,507,510,511,:
501:473,474,475,476,477,478,479,480,481,489,490,491,492,493,500,502,503,505,506,507,510,511,:
502:473,475,491,492,493,500,501,503,504,505,506,507,508,510,511,512,:
503:478,481,492,493,500,501,502,504,505,506,510,511,512,513,514,515,:
504:500,502,503,505,510,511,512,513,520,:
505:492,493,500,501,502,503,504,506,507,508,509,510,511,:
506:63,492,493,500,501,502,503,505,507,508,509,534,:
507:62,63,64,65,500,501,502,505,506,508,509,528,533,534,:
508:60,61,62,63,64,65,502,505,506,507,509,527,528,529,533,534,535,:
509:62,63,64,65,505,506,507,508,533,534,:
510:478,480,481,492,493,500,501,502,503,504,505,511,512,513,514,515,516,:
511:477,478,479,480,481,489,491,492,493,500,501,502,503,504,505,510,512,513,514,515,:
512:478,481,502,503,504,510,511,513,514,515,516,517,520,:
513:478,503,504,510,511,512,514,515,516,517,519,520,:
514:470,471,473,477,478,481,503,510,511,512,513,515,516,519,520,:
515:481,503,510,511,512,513,514,516,517,:
516:510,512,513,514,515,517,518,:
517:512,513,515,516,518,:
518:516,517,:
519:458,513,514,520,521,522,523,524,525,:
520:504,512,513,514,519,521,522,524,525,:
521:448,449,458,519,520,522,523,524,525,526,:
522:447,448,519,520,521,523,524,525,:
523:447,448,449,519,521,522,524,:
524:519,520,521,522,523,525,526,527,:
525:451,473,519,520,521,522,524,526,527,528,529,530,531,:
526:451,521,524,525,527,528,529,530,531,532,533,:
527:473,508,524,525,526,528,529,530,531,532,533,534,535,:
528:60,64,507,508,525,526,527,529,530,531,533,534,535,:
529:451,473,474,476,508,525,526,527,528,530,531,532,533,534,535,:
530:66,68,451,473,474,476,525,526,527,528,529,531,532,533,534,535,:
531:68,449,450,451,525,526,527,528,529,530,532,533,535,:
532:66,67,68,451,469,474,476,526,527,529,530,531,533,534,535,:
533:60,473,474,475,476,507,508,509,526,527,528,529,530,531,532,534,535,:
534:60,63,474,475,506,507,508,509,527,528,529,530,532,533,535,:
535:474,475,476,508,527,528,529,530,531,532,533,534,:
536:537,538,539,540,541,542,543,544,545,:
537:536,538,539,540,541,543,:
538:438,536,537,539,540,541,542,543,544,545,546,:
539:438,536,537,538,540,541,542,543,544,545,546,547,548,549,:
540:536,537,538,539,541,542,544,545,546,547,549,:
541:536,537,538,539,540,542,543,544,545,:
542:430,433,536,538,539,540,541,543,544,545,:
543:463,536,537,538,539,541,542,:
544:435,437,438,536,538,539,540,541,542,545,546,547,548,549,:
545:434,435,436,437,438,441,442,444,536,538,539,540,541,542,544,546,547,548,549,:
546:435,438,538,539,540,544,545,547,548,549,:
547:435,438,539,540,544,545,546,548,549,:
548:427,428,430,434,435,436,438,441,539,544,545,546,547,549,550,551,:
549:438,539,540,544,545,546,547,548,:
550:413,548,551,552,553,554,555,556,:
551:412,413,425,427,548,550,552,553,554,555,:
552:413,550,551,553,554,555,556,557,558,:
553:550,551,552,554,555,556,557,:
554:550,551,552,553,555,556,:
555:413,550,551,552,553,554,556,557,558,:
556:550,552,553,554,555,557,558,565,:
557:440,482,483,485,552,553,555,556,558,:
558:416,483,484,486,552,555,556,557,565,567,569,570,571,573,:
559:560,561,562,563,564,565,:
560:559,561,562,564,565,:
561:487,559,560,562,563,564,565,566,:
562:559,560,561,563,564,565,:
563:487,559,561,562,564,:
564:559,560,561,562,563,565,566,567,:
565:556,558,559,560,561,562,564,566,567,568,569,570,571,:
566:561,564,565,567,568,569,570,571,572,573,574,:
567:558,564,565,566,568,569,570,571,572,573,574,575,:
568:565,566,567,569,570,571,573,574,575,:
569:558,565,566,567,568,570,571,572,573,574,575,:
570:486,558,565,566,567,568,569,571,572,573,574,575,:
571:486,488,558,565,566,567,568,569,570,572,573,575,:
572:486,566,567,569,570,571,573,574,575,:
573:558,566,567,568,569,570,571,572,574,575,:
574:566,567,568,569,570,572,573,575,:
575:414,567,568,569,570,571,572,573,574,:
