1:2,3,4,5,6,7,9,10,11,12,21,22,24,30,31,32,90,125,129,:
2:1,3,4,5,6,10,11,21,22,23,24,165,:
3:1,2,4,5,6,7,11,21,22,23,24,165,233,293,:
4:1,2,3,5,6,22,23,24,163,164,165,232,290,291,292,293,:
5:1,2,3,4,6,7,8,10,11,21,22,23,24,25,26,231,232,233,265,268,293,:
6:1,2,3,4,5,7,8,9,10,11,12,21,22,23,24,25,26,27,28,29,30,31,322,:
7:1,3,5,6,8,9,10,11,15,24,25,26,27,28,29,30,243,268,:
8:5,6,7,9,10,11,12,14,15,16,25,26,27,28,29,30,35,36,37,:
9:1,6,7,8,10,11,12,13,14,15,16,17,18,20,25,26,27,28,29,30,31,32,33,34,35,36,37,42,44,:
10:1,2,5,6,7,8,9,11,12,13,14,15,20,21,25,26,27,28,29,30,31,32,33,34,35,42,322,:
11:1,2,3,5,6,7,8,9,10,12,13,15,21,22,24,25,26,27,28,29,30,31,32,322,:
12:1,6,8,9,10,11,13,14,15,18,20,21,29,30,31,32,33,34,35,42,43,89,90,91,:
13:9,10,11,12,14,15,16,17,18,19,20,29,30,31,32,33,34,35,40,41,42,43,44,91,:
14:8,9,10,12,13,15,16,17,18,19,20,29,30,31,32,33,34,35,36,37,38,39,40,41,42,43,44,:
15:7,8,9,10,11,12,13,14,16,17,18,19,20,27,28,29,30,31,32,33,34,35,36,37,38,39,40,42,43,44,:
16:8,9,13,14,15,17,18,19,20,27,28,29,35,36,37,38,39,40,42,43,44,370,:
17:9,13,14,15,16,18,19,20,34,35,36,37,38,39,40,41,43,44,369,370,:
18:9,12,13,14,15,16,17,19,20,33,34,35,36,37,38,39,40,41,42,43,44,:
19:13,14,15,16,17,18,20,33,34,37,38,39,40,41,42,43,44,71,462,468,:
20:9,10,12,13,14,15,16,17,18,19,29,31,33,34,35,37,39,40,41,42,43,44,:
21:1,2,3,5,6,10,11,12,22,30,31,32,88,89,90,91,124,125,126,129,:
22:1,2,3,4,5,6,11,21,23,118,120,121,123,124,125,126,129,163,165,:
23:2,3,4,5,6,22,24,163,164,165,230,231,232,233,261,265,287,288,290,291,292,293,:
24:1,2,3,4,5,6,7,11,23,25,26,230,231,232,233,237,239,261,265,266,268,293,:
25:5,6,7,8,9,10,11,24,26,27,28,29,30,243,268,322,399,:
26:5,6,7,8,9,10,11,24,25,27,28,29,207,237,239,242,243,245,:
27:6,7,8,9,10,11,15,16,25,26,28,29,30,35,36,322,323,399,:
28:6,7,8,9,10,11,15,16,25,26,27,29,30,35,36,37,243,245,:
29:6,7,8,9,10,11,12,13,14,15,16,20,25,26,27,28,30,31,32,35,36,37,42,43,44,207,:
30:1,6,7,8,9,10,11,12,13,14,15,21,25,27,28,29,31,32,33,34,35,91,93,322,323,:
31:1,6,9,10,11,12,13,14,15,20,21,29,30,32,33,34,35,42,43,44,90,129,:
32:1,9,10,11,12,13,14,15,21,29,30,31,33,34,35,42,88,89,90,91,95,:
33:9,10,12,13,14,15,18,19,20,30,31,32,34,35,40,41,42,43,44,101,102,:
34:9,10,12,13,14,15,17,18,19,20,30,31,32,33,35,40,41,42,43,91,92,93,:
35:8,9,10,12,13,14,15,16,17,18,20,27,28,29,30,31,32,33,34,36,37,38,39,40,42,44,369,370,:
36:8,9,14,15,16,17,18,27,28,29,35,37,38,39,40,44,370,378,379,:
37:8,9,14,15,16,17,18,19,20,28,29,35,36,38,39,40,42,43,44,208,433,435,:
38:14,15,16,17,18,19,35,36,37,39,40,41,44,369,370,379,461,462,:
39:14,15,16,17,18,19,20,35,36,37,38,40,41,43,44,433,434,435,460,461,462,466,467,:
40:13,14,15,16,17,18,19,20,33,34,35,36,37,38,39,41,43,44,70,71,369,:
41:13,14,17,18,19,20,33,34,38,39,40,42,43,44,71,462,:
42:9,10,12,13,14,15,16,18,19,20,29,31,32,33,34,35,37,41,43,44,207,:
43:12,13,14,15,16,17,18,19,20,29,31,33,34,37,39,40,41,42,44,471,472,:
44:9,13,14,15,16,17,18,19,20,29,31,33,35,36,37,38,39,40,41,42,43,208,435,:
45:46,47,48,49,50,51,53,:
46:45,47,48,49,50,51,53,:
47:45,46,48,49,50,51,52,53,:
48:45,46,47,49,50,51,:
49:45,46,47,48,50,326,329,:
50:45,46,47,48,49,51,52,53,122,:
51:45,46,47,48,50,52,53,:
52:47,50,51,53,142,143,144,156,158,162,:
53:45,46,47,50,51,52,:
54:55,56,57,58,59,60,63,64,73,78,:
55:54,56,57,59,63,64,:
56:54,55,57,58,59,60,63,64,65,78,:
57:54,55,56,58,59,60,63,64,65,66,67,68,72,73,77,78,87,:
58:54,56,57,59,60,63,64,65,66,67,72,73,75,77,78,79,80,82,86,87,88,91,92,93,:
59:54,55,56,57,58,60,61,62,63,64,:
60:54,56,57,58,59,61,62,63,64,93,:
61:59,60,62,:
62:59,60,61,344,346,:
63:54,55,56,57,58,59,60,64,65,66,67,68,69,70,72,73,78,87,:
64:54,55,56,57,58,59,60,63,65,66,68,69,72,73,:
65:56,57,58,63,64,66,67,68,69,70,72,73,74,78,87,96,:
66:57,58,63,64,65,67,68,69,72,73,74,75,76,77,78,86,87,95,96,102,:
67:57,58,63,65,66,68,72,73,74,75,76,77,78,80,86,87,88,89,91,95,96,97,100,101,102,105,:
68:57,63,64,65,66,67,69,70,71,72,73,:
69:63,64,65,66,68,70,71,345,346,:
70:40,63,65,68,69,71,:
71:19,40,41,68,69,70,462,464,:
72:57,58,63,64,65,66,67,68,73,74,75,76,77,78,87,96,:
73:54,57,58,63,64,65,66,67,68,72,74,75,77,78,:
74:65,66,67,72,73,75,76,77,78,79,96,:
75:58,66,67,72,73,74,76,77,78,79,80,81,82,86,87,95,96,105,:
76:66,67,72,74,75,77,78,79,80,81,86,87,95,96,98,104,105,106,109,:
77:57,58,66,67,72,73,74,75,76,78,79,80,81,82,83,84,86,87,96,105,:
78:54,56,57,58,63,65,66,67,72,73,74,75,76,77,79,80,82,83,84,85,86,87,:
79:58,74,75,76,77,78,80,81,82,83,84,85,86,87,88,96,105,:
80:58,67,75,76,77,78,79,81,82,83,86,87,88,89,90,91,95,96,104,105,116,:
81:75,76,77,79,80,82,86,87,88,89,90,95,96,104,105,106,107,109,115,116,117,120,:
82:58,75,77,78,79,80,81,83,84,85,86,87,:
83:77,78,79,80,82,84,85,:
84:77,78,79,82,83,85,:
85:78,79,82,83,84,:
86:58,66,67,75,76,77,78,79,80,81,82,87,88,89,90,91,92,94,95,96,105,116,:
87:57,58,63,65,66,67,72,75,76,77,78,79,80,81,82,86,88,89,91,92,93,94,95,96,:
88:21,32,58,67,79,80,81,86,87,89,90,91,92,93,94,95,96,97,105,116,:
89:12,21,32,67,80,81,86,87,88,90,91,92,95,96,97,98,99,100,102,104,105,115,116,125,:
90:1,12,21,31,32,80,81,86,88,89,91,95,96,97,98,99,104,105,115,116,117,118,120,124,125,126,129,:
91:12,13,21,30,32,34,58,67,80,86,87,88,89,90,92,93,94,95,96,:
92:34,58,86,87,88,89,91,93,94,:
93:30,34,58,60,87,88,91,92,94,:
94:86,87,88,91,92,93,318,320,322,323,:
95:32,66,67,75,76,80,81,86,87,88,89,90,91,96,97,98,99,100,101,102,103,104,105,116,125,:
96:65,66,67,72,74,75,76,77,79,80,81,86,87,88,89,90,91,95,97,98,100,101,102,104,105,:
97:67,88,89,90,95,96,98,99,100,101,102,103,104,105,106,116,125,:
98:76,89,90,95,96,97,99,100,101,103,104,105,106,107,108,109,115,116,124,125,131,:
99:89,90,95,97,98,100,103,104,105,106,107,108,115,116,124,125,126,127,129,130,131,132,135,136,137,138,:
100:67,89,95,96,97,98,99,101,102,103,104,105,:
101:33,67,95,96,97,98,100,102,103,:
102:33,66,67,89,95,96,97,100,101,103,:
103:95,97,98,99,100,101,102,104,105,137,:
104:76,80,81,89,90,95,96,97,98,99,100,103,105,106,107,108,109,110,115,116,125,131,:
105:67,75,76,77,79,80,81,86,88,89,90,95,96,97,98,99,100,103,104,106,107,109,115,116,:
106:76,81,97,98,99,104,105,107,108,109,110,111,112,114,115,116,117,131,:
107:81,98,99,104,105,106,108,109,110,111,112,114,115,116,117,118,119,120,124,125,130,131,140,151,:
108:98,99,104,106,107,109,110,111,112,113,114,115,116,117,118,119,124,125,130,131,132,133,135,139,140,144,145,146,151,:
109:76,81,98,104,105,106,107,108,110,111,112,113,114,115,116,:
110:104,106,107,108,109,111,112,113,114,115,146,151,:
111:106,107,108,109,110,112,113,114,146,:
112:106,107,108,109,110,111,113,114,115,146,147,149,150,151,152,:
113:108,109,110,111,112,114,145,146,147,149,150,151,152,:
114:106,107,108,109,110,111,112,113,115,116,117,146,149,150,151,152,:
115:81,89,90,98,99,104,105,106,107,108,109,110,112,114,116,117,118,119,120,121,124,125,131,140,151,:
116:80,81,86,88,89,90,95,97,98,99,104,105,106,107,108,109,114,115,117,118,120,124,125,:
117:81,90,106,107,108,114,115,116,118,119,120,121,122,123,124,125,126,131,140,151,:
118:22,90,107,108,115,116,117,119,120,121,122,124,125,126,127,128,129,130,131,139,140,157,162,165,:
119:107,108,115,117,118,120,121,122,124,125,126,127,128,130,131,133,139,140,141,142,144,156,157,158,161,162,163,165,:
120:22,81,90,107,115,116,117,118,119,121,122,123,124,125,:
121:22,115,117,118,119,120,122,123,124,125,165,:
122:50,117,118,119,120,121,123,:
123:22,117,120,121,122,315,316,317,:
124:21,22,90,98,99,107,108,115,116,117,118,119,120,121,125,126,127,128,129,130,131,140,157,165,:
125:1,21,22,89,90,95,97,98,99,104,107,108,115,116,117,118,119,120,121,124,126,127,129,130,131,:
126:21,22,90,99,117,118,119,124,125,127,128,129,130,131,132,140,157,165,:
127:99,118,119,124,125,126,128,129,130,131,132,133,134,135,139,140,156,157,167,:
128:118,119,124,126,127,129,130,131,132,133,134,139,140,142,156,157,158,159,161,166,167,168,171,:
129:1,21,22,31,90,99,118,124,125,126,127,128,130,131,235,:
130:99,107,108,118,119,124,125,126,127,128,129,131,132,133,134,135,136,138,139,140,157,167,:
131:98,99,104,106,107,108,115,117,118,119,124,125,126,127,128,129,130,132,133,135,136,137,138,139,140,:
132:99,108,126,127,128,130,131,133,134,135,136,137,138,139,140,141,157,167,:
133:108,119,127,128,130,131,132,134,135,136,139,140,141,142,143,144,156,157,166,167,:
134:127,128,130,132,133,135,139,140,141,142,143,156,157,166,167,168,171,:
135:99,108,127,130,131,132,133,134,136,137,138,139,140,:
136:99,130,131,132,133,135,137,138,:
137:99,103,131,132,135,136,138,:
138:99,130,131,132,135,136,137,:
139:108,118,119,127,128,130,131,132,133,134,135,140,141,142,143,144,145,156,157,167,:
140:107,108,115,117,118,119,124,126,127,128,130,131,132,133,134,135,139,141,142,144,145,146,156,157,:
141:119,132,133,134,139,140,142,143,144,145,146,156,157,158,167,:
142:52,119,128,133,134,139,140,141,143,144,145,156,157,158,159,161,166,167,:
143:52,133,134,139,141,142,144,156,157,158,159,160,166,167,:
144:52,108,119,133,139,140,141,142,143,145,146,147,148,149,156,157,:
145:108,113,139,140,141,142,144,146,147,148,149,151,:
146:108,110,111,112,113,114,140,141,144,145,147,148,149,150,151,152,153,154,:
147:112,113,144,145,146,148,149,150,151,152,153,154,155,:
148:144,145,146,147,149,150,151,153,154,155,:
149:112,113,114,144,145,146,147,148,150,151,152,153,154,155,:
150:112,113,114,146,147,148,149,151,152,153,154,155,:
151:107,108,110,112,113,114,115,117,145,146,147,148,149,150,152,153,155,:
152:112,113,114,146,147,149,150,151,153,154,155,:
153:146,147,148,149,150,151,152,154,155,:
154:146,147,148,149,150,152,153,155,:
155:147,148,149,150,151,152,153,154,:
156:52,119,127,128,133,134,139,140,141,142,143,144,157,158,159,160,161,162,166,167,:
157:118,119,124,126,127,128,130,132,133,134,139,140,141,142,143,144,156,158,159,161,162,166,167,:
158:52,119,128,141,142,143,156,157,159,160,161,162,163,166,167,168,:
159:128,142,143,156,157,158,160,161,162,166,167,168,169,170,171,175,176,:
160:143,156,158,159,161,166,167,168,169,170,175,176,177,180,:
161:119,128,142,156,157,158,159,160,162,163,164,165,166,167,236,:
162:52,118,119,156,157,158,159,161,163,164,165,:
163:4,22,23,119,158,161,162,164,165,:
164:4,23,161,162,163,165,290,293,:
165:2,3,4,22,23,118,119,121,124,126,161,162,163,164,293,:
166:128,133,134,142,143,156,157,158,159,160,161,167,168,169,170,171,172,176,:
167:127,128,130,132,133,134,139,141,142,143,156,157,158,159,160,161,166,168,169,171,:
168:128,134,158,159,160,166,167,169,170,171,172,173,174,176,180,:
169:159,160,166,167,168,170,171,172,173,175,176,180,:
170:159,160,166,168,169,171,172,173,175,176,177,178,180,:
171:128,134,159,166,167,168,169,170,172,173,174,:
172:166,168,169,170,171,173,174,:
173:168,169,170,171,172,174,:
174:168,171,172,173,189,:
175:159,160,169,170,176,177,178,179,180,181,:
176:159,160,166,168,169,170,175,177,178,180,:
177:160,170,175,176,178,179,180,181,:
178:170,175,176,177,179,180,181,:
179:175,177,178,180,181,:
180:160,168,169,170,175,176,177,178,179,181,182,183,:
181:175,177,178,179,180,182,183,:
182:180,181,183,186,189,:
183:180,181,182,186,187,188,224,226,229,234,236,:
184:185,186,187,188,189,190,191,200,201,210,220,:
185:184,186,187,189,190,191,200,201,:
186:182,183,184,185,187,188,189,190,191,192,200,201,202,210,220,:
187:183,184,185,186,188,189,190,191,192,196,200,201,202,203,204,205,209,210,219,220,229,:
188:183,184,186,187,189,190,196,200,201,202,203,204,209,210,219,220,221,222,224,228,229,230,233,234,:
189:174,182,184,185,186,187,188,190,191,192,193,195,196,200,201,:
190:184,185,186,187,188,189,191,192,193,194,195,196,197,198,200,201,:
191:184,185,186,187,189,190,192,193,194,195,196,197,200,201,:
192:186,187,189,190,191,193,194,195,196,197,198,199,200,201,202,:
193:189,190,191,192,194,195,196,197,199,201,444,:
194:190,191,192,193,195,197,443,444,:
195:189,190,191,192,193,194,196,197,198,199,200,201,:
196:187,188,189,190,191,192,193,195,197,198,199,200,201,202,235,:
197:190,191,192,193,194,195,196,198,199,473,:
198:190,192,195,196,197,199,235,:
199:192,193,195,196,197,198,473,:
200:184,185,186,187,188,189,190,191,192,195,196,201,202,203,204,205,206,209,210,220,229,:
201:184,185,186,187,188,189,190,191,192,193,195,196,200,202,203,205,209,210,:
202:186,187,188,192,196,200,201,203,204,205,206,207,208,209,210,211,220,229,:
203:187,188,200,201,202,204,205,206,207,209,210,211,212,213,214,219,220,228,229,238,:
204:187,188,200,202,203,205,206,207,209,210,211,212,213,219,220,228,229,230,231,233,237,238,239,242,243,:
205:187,200,201,202,203,204,206,207,208,209,210,416,417,:
206:200,202,203,204,205,207,208,209,416,:
207:26,29,42,202,203,204,205,206,208,:
208:37,44,202,205,206,207,414,416,436,437,:
209:187,188,200,201,202,203,204,205,206,210,211,212,213,214,215,219,220,229,238,416,417,:
210:184,186,187,188,200,201,202,203,204,205,209,211,212,214,215,216,219,220,416,417,:
211:202,203,204,209,210,212,213,214,215,216,219,220,221,229,238,:
212:203,204,209,210,211,213,214,215,219,220,221,222,223,224,228,229,237,238,247,:
213:203,204,209,211,212,214,219,220,221,222,223,228,229,237,238,239,240,242,246,247,248,251,253,:
214:203,209,210,211,212,213,215,216,217,218,219,220,:
215:209,210,211,212,214,216,217,218,415,416,417,:
216:210,211,214,215,217,218,417,:
217:214,215,216,218,:
218:214,215,216,217,417,:
219:187,188,203,204,209,210,211,212,213,214,220,221,222,223,224,225,226,228,229,238,247,:
220:184,186,187,188,200,202,203,204,209,210,211,212,213,214,219,221,222,224,225,227,228,229,238,:
221:188,211,212,213,219,220,222,223,224,225,226,227,228,229,230,238,247,:
222:188,212,213,219,220,221,223,224,225,226,228,229,230,231,232,233,237,238,246,247,253,256,:
223:212,213,219,221,222,224,226,228,229,230,231,232,237,238,246,247,253,255,256,257,:
224:183,188,212,219,220,221,222,223,225,226,227,228,229,:
225:219,220,221,222,224,226,227,:
226:183,219,221,222,223,224,225,227,228,229,:
227:220,221,224,225,226,:
228:188,203,204,212,213,219,220,221,222,223,224,226,229,230,231,232,233,234,236,237,238,247,256,:
229:183,187,188,200,202,203,204,209,211,212,213,219,220,221,222,223,224,226,228,230,231,233,234,236,237,238,:
230:23,24,188,204,221,222,223,228,229,231,232,233,234,235,236,237,238,239,256,:
231:5,23,24,204,222,223,228,229,230,232,233,234,237,238,239,240,241,242,246,247,255,256,261,:
232:4,5,23,24,222,223,228,230,231,233,237,238,239,240,241,246,247,255,256,257,258,260,261,262,265,:
233:3,5,23,24,188,204,222,228,229,230,231,232,234,235,236,237,238,:
234:183,188,228,229,230,231,233,235,236,:
235:129,196,198,230,233,234,236,:
236:161,183,228,229,230,233,234,235,:
237:24,26,204,212,213,222,223,228,229,230,231,232,233,238,239,240,241,242,243,246,247,256,261,:
238:203,204,209,211,212,213,219,220,221,222,223,228,229,230,231,232,233,237,239,240,242,243,246,247,:
239:24,26,204,213,230,231,232,237,238,240,241,242,243,246,247,248,256,261,:
240:213,231,232,237,238,239,241,242,243,246,247,248,249,250,251,255,256,260,261,269,270,:
241:231,232,237,239,240,242,246,247,248,249,250,255,256,258,260,261,262,263,265,269,270,271,274,276,:
242:26,204,213,231,237,238,239,240,241,243,244,246,247,400,:
243:7,25,26,28,204,237,238,239,240,242,244,245,400,:
244:242,243,245,404,405,406,410,412,:
245:26,28,243,244,404,405,:
246:213,222,223,231,232,237,238,239,240,241,242,247,248,249,250,251,252,253,255,256,261,270,:
247:212,213,219,221,222,223,228,231,232,237,238,239,240,241,242,246,248,249,251,253,255,256,:
248:213,239,240,241,246,247,249,250,251,252,253,254,255,256,257,270,:
249:240,241,246,247,248,250,251,252,253,255,256,257,258,259,260,261,269,270,:
250:240,241,246,248,249,251,252,253,255,256,257,258,259,260,261,269,270,271,272,274,:
251:213,240,246,247,248,249,250,252,253,254,255,256,:
252:246,248,249,250,251,253,254,:
253:213,222,223,246,247,248,249,250,251,252,254,255,256,:
254:248,251,252,253,:
255:223,231,232,240,241,246,247,248,249,250,251,253,256,257,258,259,260,261,270,:
256:222,223,228,230,231,232,237,239,240,241,246,247,248,249,250,251,253,255,257,258,260,261,:
257:223,232,248,249,250,255,256,258,259,260,261,262,270,290,:
258:232,241,249,250,255,256,257,259,260,261,262,263,264,265,269,270,278,288,289,290,:
259:249,250,255,257,258,260,261,262,263,264,269,270,272,277,278,279,282,283,288,289,:
260:232,240,241,249,250,255,256,257,258,259,261,262,263,264,265,266,269,270,278,287,288,289,290,:
261:23,24,231,232,237,239,240,241,246,249,250,255,256,257,258,259,260,262,263,265,269,270,288,290,:
262:232,241,257,258,259,260,261,263,264,265,266,267,268,269,270,271,278,287,288,290,291,293,:
263:241,258,259,260,261,262,264,265,266,267,269,270,271,272,273,274,277,278,:
264:258,259,260,262,263,265,266,267,269,270,271,272,273,277,278,279,280,282,:
265:5,23,24,232,241,258,260,261,262,263,264,266,267,268,269,270,291,293,:
266:24,260,262,263,264,265,267,268,269,270,:
267:262,263,264,265,266,268,291,292,306,307,312,314,:
268:5,7,24,25,262,265,266,267,322,323,:
269:240,241,249,250,258,259,260,261,262,263,264,265,266,270,271,272,273,274,275,276,278,:
270:240,241,246,248,249,250,255,257,258,259,260,261,262,263,264,265,266,269,271,272,274,276,:
271:241,250,262,263,264,269,270,272,273,274,275,276,278,:
272:250,259,263,264,269,270,271,273,274,275,276,277,278,:
273:263,264,269,271,272,274,275,277,278,:
274:241,250,263,269,270,271,272,273,275,276,:
275:269,271,272,273,274,276,:
276:241,269,270,271,272,274,275,396,400,:
277:259,263,264,272,273,278,279,280,281,282,283,:
278:258,259,260,262,263,264,269,271,272,273,277,279,280,282,283,:
279:259,264,277,278,280,281,282,283,284,:
280:264,277,278,279,281,282,283,:
281:277,279,280,282,310,:
282:259,264,277,278,279,280,281,283,284,285,286,307,:
283:259,277,278,279,280,282,284,285,286,287,288,289,:
284:279,282,283,285,286,287,288,289,290,291,292,307,:
285:282,283,284,286,287,288,289,290,291,292,293,307,316,:
286:282,283,284,285,287,288,289,291,292,293,306,307,311,312,314,315,316,324,:
287:23,260,262,283,284,285,286,288,289,290,291,292,293,307,316,:
288:23,258,259,260,261,262,283,284,285,286,287,289,290,291,292,293,:
289:258,259,260,283,284,285,286,287,288,290,291,293,:
290:4,23,164,257,258,260,261,262,284,285,287,288,289,291,292,293,:
291:4,23,262,265,267,284,285,286,287,288,289,290,292,293,307,314,315,316,:
292:4,23,267,284,285,286,287,288,290,291,293,306,307,312,314,315,316,317,324,:
293:3,4,5,23,24,164,165,262,265,285,286,287,288,289,290,291,292,316,:
294:295,296,297,298,299,300,302,303,304,:
295:294,296,297,298,299,300,303,:
296:294,295,297,298,299,300,301,302,303,304,305,:
297:294,295,296,298,299,300,303,304,305,306,308,312,313,:
298:294,295,296,297,299,303,304,305,306,312,313,319,334,:
299:294,295,296,297,298,300,301,302,303,304,319,321,:
300:294,295,296,297,299,301,302,:
301:296,299,300,302,321,386,388,:
302:294,296,299,300,301,:
303:294,295,296,297,298,299,304,305,306,307,308,309,312,313,:
304:294,296,297,298,299,303,305,306,307,308,312,313,:
305:296,297,298,303,304,306,307,308,309,310,311,312,313,314,325,334,:
306:267,286,292,297,298,303,304,305,307,308,309,311,312,313,314,315,316,317,324,325,334,:
307:267,282,284,285,286,287,291,292,303,304,305,306,308,309,311,312,313,314,315,316,324,325,:
308:297,303,304,305,306,307,309,310,311,312,:
309:303,305,306,307,308,310,311,328,:
310:281,305,308,309,311,:
311:286,305,306,307,308,309,310,324,325,326,327,328,:
312:267,286,292,297,298,303,304,305,306,307,308,313,314,315,316,317,318,319,324,325,334,:
313:297,298,303,304,305,306,307,312,314,315,317,318,319,324,325,333,334,:
314:267,286,291,292,305,306,307,312,313,315,316,317,318,319,320,324,325,326,334,:
315:123,286,291,292,306,307,312,313,314,316,317,318,324,325,326,327,328,329,:
316:123,285,286,287,291,292,293,306,307,312,314,315,317,324,325,326,329,:
317:123,292,306,312,313,314,315,316,318,319,320,321,322,324,325,334,:
318:94,312,313,314,315,317,319,320,321,322,323,:
319:298,299,312,313,314,317,318,320,321,322,323,:
320:94,314,317,318,319,321,322,323,:
321:299,301,317,318,319,320,322,323,391,:
322:6,10,11,25,27,30,94,268,317,318,319,320,321,323,:
323:27,30,94,268,318,319,320,321,322,391,:
324:286,292,306,307,311,312,313,314,315,316,317,325,326,327,328,329,334,:
325:305,306,307,311,312,313,314,315,316,317,324,326,327,328,329,331,332,333,334,335,:
326:49,311,314,315,316,324,325,327,328,329,331,:
327:311,315,324,325,326,328,329,330,331,:
328:309,311,315,324,325,326,327,329,330,331,332,333,334,335,:
329:49,315,316,324,325,326,327,328,331,335,:
330:327,328,331,332,333,334,335,336,:
331:325,326,327,328,329,330,332,333,334,335,:
332:325,328,330,331,333,334,335,336,337,338,:
333:313,325,328,330,331,332,334,335,336,337,:
334:298,305,306,312,313,314,317,324,325,328,330,331,332,333,335,336,:
335:325,328,329,330,331,332,333,334,336,337,338,:
336:330,332,333,334,335,337,338,:
337:332,333,335,336,338,:
338:332,335,336,337,:
339:340,341,342,343,344,345,346,347,348,:
340:339,341,342,343,344,346,347,:
341:339,340,342,343,344,345,346,347,348,349,:
342:339,340,341,343,344,345,346,347,348,349,350,351,352,357,363,:
343:339,340,341,342,344,345,347,348,349,350,351,357,358,362,363,364,367,:
344:62,339,340,341,342,343,345,346,347,348,:
345:69,339,341,342,343,344,346,347,348,351,465,:
346:62,69,339,340,341,342,344,345,:
347:339,340,341,342,343,344,345,348,349,350,351,352,353,354,356,357,358,363,:
348:339,341,342,343,344,345,347,349,350,351,352,353,354,356,:
349:341,342,343,347,348,350,351,352,353,354,355,356,357,358,359,363,:
350:342,343,347,348,349,351,352,353,357,358,359,360,362,363,:
351:342,343,345,347,348,349,350,352,357,358,359,360,362,363,463,465,:
352:342,347,348,349,350,351,353,354,355,356,357,358,:
353:347,348,349,350,352,354,355,356,:
354:347,348,349,352,353,355,356,:
355:349,352,353,354,356,358,:
356:347,348,349,352,353,354,355,:
357:342,343,347,349,350,351,352,358,359,360,361,362,363,:
358:343,347,349,350,351,352,355,357,359,360,362,363,:
359:349,350,351,357,358,360,361,362,363,364,:
360:350,351,357,358,359,361,362,363,364,365,367,372,463,:
361:357,359,360,362,363,364,365,366,371,372,377,379,:
362:343,350,351,357,358,359,360,361,363,364,365,366,367,368,:
363:342,343,347,349,350,351,357,358,359,360,361,362,364,365,367,:
364:343,359,360,361,362,363,365,366,367,368,369,370,372,:
365:360,361,362,363,364,366,367,368,371,372,381,:
366:361,362,364,365,367,368,370,371,372,373,374,376,380,381,382,385,386,387,:
367:343,360,362,363,364,365,366,368,369,370,:
368:362,364,365,366,367,369,370,387,389,:
369:17,35,38,40,364,367,368,370,389,:
370:16,17,35,36,38,364,366,367,368,369,376,378,387,389,:
371:361,365,366,372,373,374,375,376,377,378,380,381,:
372:360,361,364,365,366,371,373,374,376,377,379,380,381,:
373:366,371,372,374,375,376,377,378,379,380,381,382,:
374:366,371,372,373,375,376,377,378,380,381,382,383,384,385,393,:
375:371,373,374,376,378,380,381,382,383,384,392,393,394,397,398,399,:
376:366,370,371,372,373,374,375,377,378,379,380,381,:
377:361,371,372,373,374,376,378,379,:
378:36,370,371,373,374,375,376,377,379,380,381,399,:
379:36,38,361,372,373,376,377,378,421,422,433,:
380:366,371,372,373,374,375,376,378,381,382,383,384,385,386,387,393,:
381:365,366,371,372,373,374,375,376,378,380,382,383,385,386,387,:
382:366,373,374,375,380,381,383,384,385,386,387,388,393,:
383:374,375,380,381,382,384,385,386,392,393,:
384:374,375,380,382,383,385,392,393,394,395,397,:
385:366,374,380,381,382,383,384,386,387,388,389,390,:
386:301,366,380,381,382,383,385,387,388,389,390,391,:
387:366,368,370,380,381,382,385,386,388,389,390,391,:
388:301,382,385,386,387,389,390,391,:
389:368,369,370,385,386,387,388,390,391,:
390:385,386,387,388,389,391,:
391:321,323,386,387,388,389,390,:
392:375,383,384,393,394,395,396,397,398,408,:
393:374,375,380,382,383,384,392,394,395,397,398,399,408,:
394:375,384,392,393,395,396,397,398,399,400,408,:
395:384,392,393,394,396,397,398,:
396:276,392,394,395,397,:
397:375,384,392,393,394,395,396,398,399,400,:
398:375,392,393,394,395,397,399,400,408,:
399:25,27,375,378,393,394,397,398,400,:
400:242,243,276,394,397,398,399,408,409,:
401:402,403,404,405,406,407,410,411,419,:
402:401,403,404,406,407,410,411,:
403:401,402,404,405,406,407,410,411,412,419,:
404:244,245,401,402,403,405,406,407,410,411,412,413,414,415,418,419,431,432,:
405:244,245,401,403,404,406,410,411,412,413,414,418,419,420,421,423,431,432,433,:
406:244,401,402,403,404,405,407,408,409,410,411,:
407:401,402,403,404,406,408,409,:
408:392,393,394,398,400,406,407,409,:
409:400,406,407,408,:
410:244,401,402,403,404,405,406,411,412,413,414,415,416,419,432,:
411:401,402,403,404,405,406,410,412,413,415,416,:
412:244,403,404,405,410,411,413,414,415,416,417,419,432,437,:
413:404,405,410,411,412,414,415,416,417,418,419,431,432,436,437,442,:
414:208,404,405,410,412,413,415,416,418,419,421,431,432,433,434,436,437,438,441,442,446,:
415:215,404,410,411,412,413,414,416,417,:
416:205,206,208,209,210,215,410,411,412,413,414,415,417,444,:
417:205,209,210,215,216,218,412,413,415,416,444,:
418:404,405,413,414,419,420,421,422,423,424,425,431,432,437,446,:
419:401,403,404,405,410,412,413,414,418,420,421,423,424,431,432,:
420:405,418,419,421,422,423,424,425,431,432,433,437,446,:
421:379,405,414,418,419,420,422,423,424,431,432,433,434,435,436,437,445,446,456,:
422:379,418,420,421,423,431,432,433,434,435,436,437,445,446,447,448,450,455,456,460,:
423:405,418,419,420,421,422,424,425,426,431,432,:
424:418,419,420,421,423,425,426,427,:
425:418,420,423,424,426,427,428,429,430,:
426:423,424,425,427,428,429,430,:
427:424,425,426,428,429,430,:
428:425,426,427,429,430,:
429:425,426,427,428,430,453,:
430:425,426,427,428,429,:
431:404,405,413,414,418,419,420,421,422,423,432,433,434,435,436,437,446,456,:
432:404,405,410,412,413,414,418,419,420,421,422,423,431,433,434,436,437,446,:
433:37,39,379,405,414,420,421,422,431,432,434,435,436,437,438,446,456,:
434:39,414,421,422,431,432,433,435,436,437,438,439,440,441,445,446,455,456,466,467,:
435:37,39,44,421,422,431,433,434,436,437,438,439,440,445,446,455,456,457,458,460,466,467,468,471,476,:
436:208,413,414,421,422,431,432,433,434,435,437,438,439,440,441,442,443,445,446,456,467,:
437:208,412,413,414,418,420,421,422,431,432,433,434,435,436,438,439,441,442,445,446,:
438:414,433,434,435,436,437,439,440,441,442,443,445,446,447,456,467,476,:
439:434,435,436,437,438,440,441,442,445,446,447,448,449,450,455,456,466,467,475,476,:
440:434,435,436,438,439,441,445,446,447,448,449,455,456,466,467,468,469,471,475,476,477,480,:
441:414,434,436,437,438,439,440,442,443,445,446,:
442:413,414,436,437,438,439,441,443,444,:
443:194,436,438,441,442,444,:
444:193,194,416,417,442,443,:
445:421,422,434,435,436,437,438,439,440,441,446,447,448,449,450,451,455,456,467,476,:
446:414,418,420,421,422,431,432,433,434,435,436,437,438,439,440,441,445,447,448,450,451,455,456,:
447:422,438,439,440,445,446,448,449,450,451,452,455,456,457,476,:
448:422,439,440,445,446,447,449,450,451,455,456,457,458,459,460,466,467,475,476,490,:
449:439,440,445,447,448,450,455,456,457,458,459,466,467,475,476,477,478,480,489,490,491,494,495,496,:
450:422,439,445,446,447,448,449,451,452,453,454,455,456,:
451:445,446,447,448,450,452,453,454,:
452:447,450,451,453,454,:
453:429,450,451,452,454,:
454:450,451,452,453,:
455:422,434,435,439,440,445,446,447,448,449,450,456,457,458,459,460,461,466,467,476,490,:
456:421,422,431,433,434,435,436,438,439,440,445,446,447,448,449,450,455,457,458,460,466,467,:
457:435,447,448,449,455,456,458,459,460,461,462,463,466,467,468,490,495,496,:
458:435,448,449,455,456,457,459,460,461,462,466,467,468,469,470,471,475,476,489,490,495,496,498,:
459:448,449,455,457,458,460,461,462,466,467,468,469,470,475,476,489,490,491,494,495,496,497,498,503,:
460:39,422,435,448,455,456,457,458,459,461,462,463,464,465,466,467,:
461:38,39,455,457,458,459,460,462,463,464,465,466,467,:
462:19,38,39,41,71,457,458,459,460,461,463,464,465,466,:
463:351,360,457,460,461,462,464,465,:
464:71,460,461,462,463,465,505,:
465:345,351,460,461,462,463,464,:
466:39,434,435,439,440,448,449,455,456,457,458,459,460,461,462,467,468,469,470,471,472,475,476,490,496,:
467:39,434,435,436,438,439,440,445,448,449,455,456,457,458,459,460,461,466,468,469,471,475,476,:
468:19,435,440,457,458,459,466,467,469,470,471,472,473,474,475,476,477,490,498,:
469:440,458,459,466,467,468,470,471,472,474,475,476,477,478,480,489,490,497,498,507,:
470:458,459,466,468,469,471,472,474,475,476,477,478,489,490,497,498,499,502,506,507,:
471:43,435,440,458,466,467,468,469,470,472,473,474,475,476,:
472:43,466,468,469,470,471,473,474,475,:
473:197,199,468,471,472,474,:
474:468,469,470,471,472,473,475,512,513,514,:
475:439,440,448,449,458,459,466,467,468,469,470,471,472,474,476,477,478,479,480,481,489,490,498,:
476:435,438,439,440,445,447,448,449,455,458,459,466,467,468,469,470,471,475,477,478,480,489,490,:
477:440,449,468,469,470,475,476,478,479,480,481,482,483,489,490,491,498,:
478:449,469,470,475,476,477,479,480,481,482,489,490,491,492,494,497,498,:
479:475,477,478,480,481,482,483,484,489,490,491,492,497,498,510,:
480:440,449,469,475,476,477,478,479,481,482,483,484,485,489,490,:
481:475,477,478,479,480,482,483,484,485,486,:
482:477,478,479,480,481,483,484,485,486,487,:
483:477,479,480,481,482,484,485,486,487,488,:
484:479,480,481,482,483,485,486,487,488,:
485:480,481,482,483,484,486,487,488,:
486:481,482,483,484,485,487,488,:
487:482,483,484,485,486,488,:
488:483,484,485,486,487,:
489:449,458,459,469,470,475,476,477,478,479,480,490,491,492,493,494,495,496,497,498,:
490:448,449,455,457,458,459,466,468,469,470,475,476,477,478,479,480,489,491,492,494,495,496,497,498,:
491:449,459,477,478,479,489,490,492,493,494,495,496,497,498,499,:
492:478,479,489,490,491,493,494,495,496,497,498,499,500,501,502,503,:
493:489,491,492,494,495,496,497,498,499,500,501,:
494:449,459,478,489,490,491,492,493,495,496,497,498,:
495:449,457,458,459,489,490,491,492,493,494,496,497,498,504,:
496:449,457,458,459,466,489,490,491,492,493,494,495,497,498,503,504,:
497:459,469,470,478,479,489,490,491,492,493,494,495,496,498,499,500,501,502,503,504,506,507,:
498:458,459,468,469,470,475,477,478,479,489,490,491,492,493,494,495,496,497,499,500,502,503,504,506,507,:
499:470,491,492,493,497,498,500,501,502,503,504,506,507,508,510,:
500:492,493,497,498,499,501,502,503,506,507,508,509,510,511,:
501:492,493,497,499,500,502,506,507,508,509,510,:
502:470,492,497,498,499,500,501,503,504,506,507,:
503:459,492,496,497,498,499,500,502,504,505,507,:
504:495,496,497,498,499,502,503,505,:
505:464,503,504,:
506:470,497,498,499,500,501,502,507,508,509,510,511,512,:
507:469,470,497,498,499,500,501,502,503,506,508,509,510,511,512,:
508:499,500,501,506,507,509,510,511,512,513,:
509:500,501,506,507,508,510,511,512,:
510:479,499,500,501,506,507,508,509,511,:
511:500,506,507,508,509,510,512,513,514,:
512:474,506,507,508,509,511,513,514,515,:
513:474,508,511,512,514,515,516,517,518,:
514:474,511,512,513,515,516,517,518,:
515:512,513,514,516,517,518,:
516:513,514,515,517,518,:
517:513,514,515,516,518,:
518:513,514,515,516,517,:
