1:2,3,4,11,12,13,39,40,41,45,46,47,48,49,60,61,62,63,64,89,90,91,94,:
2:1,3,4,5,6,11,12,13,14,39,40,41,45,46,47,48,49,50,60,61,62,63,64,65,89,90,91,94,238,241,:
3:1,2,4,5,6,7,11,12,13,14,15,39,46,47,48,49,50,60,61,62,63,64,65,66,67,69,161,:
4:1,2,3,5,6,7,8,9,10,11,12,14,15,17,47,48,49,50,52,53,54,55,56,58,59,60,65,66,69,70,238,:
5:2,3,4,6,7,9,10,11,14,15,17,47,48,49,50,54,55,56,57,58,59,60,65,69,70,241,245,524,:
6:2,3,4,5,7,8,9,10,11,14,47,48,49,50,51,52,53,54,55,56,57,58,59,60,65,169,238,:
7:3,4,5,6,8,9,10,49,50,51,52,53,54,55,56,57,58,59,65,:
8:4,6,7,9,10,50,51,52,53,54,55,56,57,58,59,169,178,181,:
9:4,5,6,7,8,10,50,51,52,53,54,55,56,57,58,59,65,70,167,342,531,:
10:4,5,6,7,8,9,50,51,52,53,54,55,56,57,58,59,233,238,529,:
11:1,2,3,4,5,6,12,13,14,15,16,17,46,47,48,49,50,60,61,62,63,64,65,66,67,69,70,161,:
12:1,2,3,4,11,13,14,15,39,46,47,48,49,60,61,62,63,64,65,66,67,89,161,417,:
13:1,2,3,11,12,14,39,40,46,47,48,49,60,61,62,63,64,66,89,90,621,:
14:2,3,4,5,6,11,12,13,15,16,17,18,47,49,50,60,61,62,65,66,67,68,69,70,147,160,161,162,417,:
15:3,4,5,11,12,14,16,17,18,19,26,27,28,60,61,62,65,66,67,68,69,70,71,146,147,415,416,417,:
16:11,14,15,17,18,26,60,61,65,66,67,68,69,70,71,79,145,146,147,415,416,417,428,429,430,431,432,:
17:4,5,11,14,15,16,18,19,20,26,27,28,56,60,65,66,67,68,69,70,71,72,73,79,147,:
18:14,15,16,17,19,20,21,25,26,27,28,29,67,68,69,70,71,72,73,74,78,79,80,147,431,:
19:15,17,18,20,21,22,24,25,26,27,28,68,69,70,71,72,73,74,78,79,342,531,:
20:17,18,19,21,22,23,24,25,26,27,28,71,72,73,74,75,76,77,78,79,81,:
21:18,19,20,22,23,24,25,26,28,71,72,73,74,75,76,77,78,79,81,129,431,:
22:19,20,21,23,24,25,31,74,75,76,77,78,81,105,106,109,111,:
23:20,21,22,24,25,74,75,76,77,78,81,108,109,111,:
24:19,20,21,22,23,25,72,74,75,76,77,78,81,315,517,:
25:18,19,20,21,22,23,24,26,27,28,72,73,74,75,76,77,78,81,315,520,:
26:15,16,17,18,19,20,21,25,27,28,29,30,37,38,67,68,69,70,71,72,73,74,78,79,80,81,88,431,:
27:15,17,18,19,20,25,26,28,29,37,38,60,67,69,70,71,72,78,79,80,88,245,250,520,524,:
28:15,17,18,19,20,21,25,26,27,29,30,31,32,33,37,38,67,68,69,71,72,74,79,80,81,82,88,430,431,434,:
29:18,26,27,28,30,31,32,33,34,36,37,38,71,79,80,81,82,83,84,88,439,517,:
30:26,28,29,31,32,33,34,37,38,79,80,81,82,83,84,439,517,:
31:22,28,29,30,32,33,38,75,79,80,81,82,83,84,110,431,434,435,438,439,440,443,444,445,446,:
32:28,29,30,31,33,34,35,37,38,80,81,82,83,84,85,439,514,517,:
33:28,29,30,31,32,34,35,36,37,38,80,81,82,83,84,85,86,87,88,439,448,:
34:29,30,32,33,35,36,37,38,83,84,85,86,87,88,439,447,448,452,455,509,511,512,:
35:32,33,34,36,37,38,85,86,87,88,448,450,451,471,512,:
36:29,33,34,35,37,38,85,86,87,88,437,448,451,471,:
37:26,27,28,29,30,32,33,34,35,36,38,79,80,85,86,87,88,252,434,437,:
38:26,27,28,29,30,31,32,33,34,35,36,37,79,80,81,82,83,84,85,86,87,88,252,434,439,:
39:1,2,3,12,13,40,41,42,44,45,46,47,48,63,64,89,90,91,94,593,:
40:1,2,13,39,41,42,43,44,45,46,47,48,64,89,90,91,92,93,94,238,593,:
41:1,2,39,40,42,43,44,45,46,48,89,90,91,92,93,94,390,:
42:39,40,41,43,44,45,91,92,93,390,:
43:40,41,42,44,45,91,92,93,94,238,:
44:39,40,41,42,43,45,48,89,91,92,93,94,236,237,238,:
45:1,2,39,40,41,42,43,44,46,47,48,89,90,91,92,93,94,237,238,239,242,243,593,594,:
46:1,2,3,11,12,13,39,40,41,45,47,48,49,60,61,62,63,64,89,90,91,:
47:1,2,3,4,5,6,11,12,13,14,39,40,45,46,48,49,60,61,62,63,64,89,90,94,238,241,242,244,245,:
48:1,2,3,4,5,6,11,12,13,39,40,41,44,45,46,47,49,50,60,64,89,90,91,94,237,238,239,241,:
49:1,2,3,4,5,6,7,11,12,13,14,46,47,48,50,60,61,62,65,66,160,161,164,169,:
50:2,3,4,5,6,7,8,9,10,11,14,48,49,51,52,53,54,55,56,58,59,65,164,167,168,169,:
51:6,7,8,9,10,50,52,53,54,55,56,57,58,59,178,181,182,233,:
52:4,6,7,8,9,10,50,51,53,54,55,57,58,59,169,178,185,:
53:4,6,7,8,9,10,50,51,52,54,55,56,57,59,164,165,167,168,169,177,178,179,180,181,182,:
54:4,5,6,7,8,9,10,50,51,52,53,55,56,57,58,59,201,342,529,531,:
55:4,5,6,7,8,9,10,50,51,52,53,54,56,57,58,65,70,164,167,341,342,:
56:4,5,6,7,8,9,10,17,50,51,53,54,55,57,58,59,65,69,70,72,342,529,531,:
57:5,6,7,8,9,10,51,52,53,54,55,56,58,59,230,231,233,528,529,530,:
58:4,5,6,7,8,9,10,50,51,52,54,55,56,57,59,237,238,239,241,528,529,530,531,:
59:4,5,6,7,8,9,10,50,51,52,53,54,56,57,58,228,230,231,233,234,235,237,238,:
60:1,2,3,4,5,6,11,12,13,14,15,16,17,27,46,47,48,49,61,62,63,64,65,66,67,69,70,245,:
61:1,2,3,11,12,13,14,15,16,46,47,49,60,62,63,64,65,66,67,88,415,417,619,621,:
62:1,2,3,11,12,13,14,15,46,47,49,60,61,63,64,65,66,67,159,160,161,399,417,:
63:1,2,3,11,12,13,39,46,47,60,61,62,64,89,90,399,601,619,621,:
64:1,2,3,11,12,13,39,40,46,47,48,60,61,62,63,89,90,251,621,:
65:2,3,4,5,6,7,9,11,12,14,15,16,17,49,50,55,56,60,61,62,66,67,68,69,70,145,147,160,161,162,164,167,:
66:3,4,11,12,13,14,15,16,17,49,60,61,62,65,67,68,69,70,146,147,158,159,160,161,162,163,164,415,416,417,:
67:3,11,12,14,15,16,17,18,26,27,28,60,61,62,65,66,68,69,70,71,79,88,415,417,:
68:14,15,16,17,18,19,26,28,65,66,67,69,70,71,79,145,146,147,415,416,417,427,428,429,430,431,432,433,434,:
69:3,4,5,11,14,15,16,17,18,19,26,27,28,56,60,65,66,67,68,70,71,72,73,524,:
70:4,5,9,11,14,15,16,17,18,19,26,27,55,56,60,65,66,67,68,69,71,72,73,145,147,342,:
71:15,16,17,18,19,20,21,26,27,28,29,67,68,69,70,72,73,74,79,147,429,430,431,:
72:17,18,19,20,21,24,25,26,27,28,56,69,70,71,73,74,78,342,523,524,531,:
73:17,18,19,20,21,25,26,69,70,71,72,74,78,147,340,342,531,:
74:18,19,20,21,22,23,24,25,26,28,71,72,73,75,79,129,430,431,:
75:20,21,22,23,24,25,31,74,76,81,82,102,103,104,105,106,107,108,109,110,111,129,:
76:20,21,22,23,24,25,75,77,81,105,106,108,109,110,111,:
77:20,21,22,23,24,25,76,78,314,315,517,:
78:18,19,20,21,22,23,24,25,26,27,72,73,77,315,520,521,522,523,524,531,:
79:16,17,18,19,20,21,26,27,28,29,30,31,37,38,67,68,71,74,80,81,82,88,430,431,432,434,439,:
80:18,26,27,28,29,30,31,32,33,37,38,79,81,83,84,88,250,252,516,517,518,520,:
81:20,21,22,23,24,25,26,28,29,30,31,32,33,38,75,76,79,80,82,83,84,110,439,516,517,:
82:28,29,30,31,32,33,38,75,79,81,83,84,104,109,110,431,438,439,440,443,444,445,446,:
83:29,30,31,32,33,34,38,80,81,82,84,85,507,509,513,514,515,516,517,:
84:29,30,31,32,33,34,38,80,81,82,83,85,438,439,443,444,446,448,455,:
85:32,33,34,35,36,37,38,83,84,86,447,448,449,452,453,455,509,511,512,:
86:33,34,35,36,37,38,85,87,448,449,450,451,452,456,465,470,471,512,:
87:33,34,35,36,37,38,86,88,437,451,471,618,619,620,621,:
88:26,27,28,29,33,34,35,36,37,38,61,67,79,80,87,251,437,621,:
89:1,2,12,13,39,40,41,44,45,46,47,48,63,64,90,91,94,242,593,594,595,:
90:1,2,13,39,40,41,45,46,47,48,63,64,89,91,94,593,601,:
91:1,2,39,40,41,42,43,44,45,46,48,89,90,384,387,388,389,390,:
92:40,41,42,43,44,45,93,274,:
93:40,41,42,43,44,45,92,94,236,237,238,239,243,272,274,:
94:1,2,39,40,41,43,44,45,47,48,89,90,93,237,238,239,241,242,243,244,593,594,:
95:96,97,98,99,100,101,644,646,647,650,:
96:95,97,98,99,100,101,646,650,652,:
97:95,96,98,99,100,101,102,644,645,646,:
98:95,96,97,99,100,101,112,113,:
99:95,96,97,98,100,112,113,118,:
100:95,96,97,98,99,101,102,103,128,:
101:95,96,97,98,100,102,103,104,105,107,445,645,650,651,:
102:75,97,100,101,103,104,105,106,107,108,109,110,445,:
103:75,100,101,102,104,105,106,107,108,109,110,111,444,445,446,651,:
104:75,82,101,102,103,105,106,107,109,110,111,444,445,446,650,651,:
105:22,75,76,101,102,103,104,106,107,108,109,110,111,445,446,:
106:22,75,76,102,103,104,105,107,108,109,110,111,:
107:75,101,102,103,104,105,106,108,109,111,:
108:23,75,76,102,103,105,106,107,109,110,111,:
109:22,23,75,76,82,102,103,104,105,106,107,108,110,111,444,445,446,:
110:31,75,76,81,82,102,103,104,105,106,108,109,111,444,445,446,:
111:22,23,75,76,103,104,105,106,107,108,109,110,446,:
112:98,99,113,114,115,116,117,118,120,:
113:98,99,112,114,115,116,117,118,:
114:112,113,115,116,117,118,119,120,:
115:112,113,114,116,117,118,:
116:112,113,114,115,117,:
117:112,113,114,115,116,118,119,120,:
118:99,112,113,114,115,117,119,120,:
119:114,117,118,120,:
120:112,114,117,118,119,121,123,126,128,:
121:120,122,123,124,125,126,127,130,131,326,327,344,:
122:121,123,124,125,126,326,327,334,336,344,:
123:120,121,122,124,125,126,127,128,129,130,131,132,327,344,:
124:121,122,123,125,126,127,128,130,131,132,133,134,135,139,140,344,:
125:121,122,123,124,126,127,130,131,132,133,139,140,144,336,337,343,344,345,346,347,348,:
126:120,121,122,123,124,125,127,128,129,130,131,327,:
127:121,123,124,125,126,128,129,130,131,:
128:100,120,123,124,126,127,129,130,131,:
129:21,74,75,123,126,127,128,429,431,:
130:121,123,124,125,126,127,128,131,132,133,134,135,136,138,139,140,344,:
131:121,123,124,125,126,127,128,130,132,133,134,135,136,138,:
132:123,124,125,130,131,133,134,135,136,137,138,139,140,141,347,:
133:124,125,130,131,132,134,135,136,139,140,141,142,144,149,347,424,425,:
134:124,130,131,132,133,135,139,140,141,142,144,149,423,424,425,:
135:124,130,131,132,133,134,136,137,138,139,140,:
136:130,131,132,133,135,137,138,:
137:132,135,136,138,:
138:130,131,132,135,136,137,:
139:124,125,130,132,133,134,135,140,141,142,143,144,145,148,149,347,424,425,:
140:124,125,130,132,133,134,135,139,141,142,143,144,148,344,346,347,:
141:132,133,134,139,140,142,143,144,145,146,147,148,149,150,158,163,347,424,425,428,:
142:133,134,139,140,141,143,144,145,146,148,149,150,151,153,157,158,162,163,347,424,425,:
143:139,140,141,142,144,145,146,148,149,150,151,152,157,158,162,163,164,166,167,347,354,:
144:125,133,134,139,140,141,142,143,145,146,147,148,149,158,163,167,341,347,:
145:16,65,68,70,139,141,142,143,144,146,147,148,158,162,163,167,416,427,428,429,:
146:15,16,66,68,141,142,143,144,145,147,148,149,151,157,158,159,160,162,163,415,416,425,427,428,429,:
147:14,15,16,17,18,65,66,68,70,71,73,141,144,145,146,163,167,341,429,:
148:139,140,141,142,143,144,145,146,149,150,151,152,153,154,155,156,157,158,163,419,424,425,428,:
149:133,134,139,141,142,143,144,146,148,150,151,153,154,155,156,157,158,418,419,420,421,423,424,425,426,427,428,:
150:141,142,143,148,149,151,152,153,154,155,156,157,158,159,163,419,424,:
151:142,143,146,148,149,150,152,153,154,155,156,157,158,159,160,162,163,:
152:143,148,150,151,153,154,155,157,158,159,160,162,163,363,364,366,:
153:142,148,149,150,151,152,154,155,156,157,158,404,419,424,:
154:148,149,150,151,152,153,155,156,157,158,403,404,409,411,412,418,419,420,423,424,426,:
155:148,149,150,151,152,153,154,156,157,158,159,403,404,409,411,412,414,416,418,419,:
156:148,149,150,151,153,154,155,419,424,426,:
157:142,143,146,148,149,150,151,152,153,154,155,158,159,160,161,162,163,411,415,416,419,428,:
158:66,141,142,143,144,145,146,148,149,150,151,152,153,154,155,157,159,160,162,163,411,412,415,416,418,419,427,428,:
159:62,66,146,150,151,152,155,157,158,160,161,162,163,164,399,415,416,417,:
160:14,49,62,65,66,146,151,152,157,158,159,161,162,163,164,165,166,167,:
161:3,11,12,14,49,62,65,66,157,159,160,162,163,164,165,168,169,399,:
162:14,65,66,142,143,145,146,151,152,157,158,159,160,161,163,164,165,166,167,168,169,:
163:66,141,142,143,144,145,146,147,148,150,151,152,157,158,159,160,161,162,164,165,166,167,:
164:49,50,53,55,65,66,143,159,160,161,162,163,165,166,167,168,169,170,178,:
165:53,160,161,162,163,164,166,167,168,169,170,171,172,173,177,178,357,358,366,:
166:143,160,162,163,164,165,167,168,169,170,171,172,177,178,354,355,357,358,359,362,363,366,:
167:9,50,53,55,65,143,144,145,147,160,162,163,164,165,166,168,169,178,181,341,354,:
168:50,53,161,162,164,165,166,167,169,170,171,172,173,174,175,177,178,358,366,:
169:6,8,49,50,52,53,161,162,164,165,166,167,168,170,171,173,174,175,176,177,178,:
170:164,165,166,168,169,171,172,173,174,175,176,177,178,179,358,366,371,372,:
171:165,166,168,169,170,172,173,174,177,178,179,180,181,182,183,184,357,358,:
172:165,166,168,170,171,173,177,178,179,180,184,357,358,:
173:165,168,169,170,171,172,174,175,176,177,178,184,371,372,389,:
174:168,169,170,171,173,175,176,371,372,373,382,383,388,389,:
175:168,169,170,173,174,176,365,366,367,371,372,373,380,381,382,383,384,388,389,:
176:169,170,173,174,175,372,382,383,384,388,389,390,:
177:53,165,166,168,169,170,171,172,173,178,179,180,181,182,183,184,185,186,187,358,:
178:8,51,52,53,164,165,166,167,168,169,170,171,172,173,177,179,180,181,182,183,184,185,:
179:53,170,171,172,177,178,180,181,182,183,184,185,186,187,188,:
180:53,171,172,177,178,179,181,182,183,186,187,188,189,190,191,192,193,353,354,:
181:8,51,53,167,171,177,178,179,180,182,186,187,188,189,193,196,341,352,353,354,:
182:51,53,171,177,178,179,180,181,183,184,185,186,187,214,299,:
183:171,177,178,179,180,182,184,185,212,213,214,215,299,:
184:171,172,173,177,178,179,182,183,185,212,213,214,215,:
185:52,177,178,179,182,183,184,211,212,213,214,215,232,299,:
186:177,179,180,181,182,187,188,189,190,191,192,193,194,195,196,353,:
187:177,179,180,181,182,186,188,189,190,191,192,193,:
188:179,180,181,186,187,189,190,191,192,193,194,195,196,197,338,352,353,:
189:180,181,186,187,188,190,191,192,194,195,196,197,198,200,293,338,:
190:180,186,187,188,189,191,194,195,196,197,200,292,293,294,296,297,298,:
191:180,186,187,188,189,190,192,193,194,195,196,338,353,:
192:180,186,187,188,189,191,193,194,345,346,352,353,354,356,:
193:180,181,186,187,188,191,192,194,352,353,354,355,356,:
194:186,188,189,190,191,192,193,195,196,338,353,:
195:186,188,189,190,191,194,196,197,198,199,200,201,202,293,335,338,:
196:181,186,188,189,190,191,194,195,197,198,199,200,201,334,335,336,337,338,339,341,:
197:188,189,190,195,196,198,199,200,201,202,293,296,335,:
198:189,195,196,197,199,200,201,202,296,335,338,:
199:195,196,197,198,200,201,202,308,321,325,326,334,335,336,338,339,:
200:189,190,195,196,197,198,199,201,202,308,:
201:54,195,196,197,198,199,200,202,307,308,335,339,342,:
202:195,197,198,199,200,201,296,306,308,309,:
203:204,205,206,207,208,209,216,217,285,288,:
204:203,205,206,207,208,216,284,285,287,288,:
205:203,204,206,207,208,209,210,216,217,218,285,288,:
206:203,204,205,207,208,209,216,217,218,219,220,221,222,285,:
207:203,204,205,206,208,216,217,218,219,226,279,284,285,286,287,288,291,:
208:203,204,205,206,207,209,210,211,216,217,291,:
209:203,205,206,208,210,211,212,216,217,220,:
210:205,208,209,211,212,213,214,215,232,:
211:185,208,209,210,212,213,214,215,:
212:183,184,185,209,210,211,213,214,215,:
213:183,184,185,210,211,212,214,215,:
214:182,183,184,185,210,211,212,213,215,232,299,:
215:183,184,185,210,211,212,213,214,:
216:203,204,205,206,207,208,209,217,218,219,220,221,222,225,226,:
217:203,205,206,207,208,209,216,218,219,220,221,222,:
218:205,206,207,216,217,219,220,221,222,223,225,226,227,279,:
219:206,207,216,217,218,220,221,222,225,226,227,228,229,230,232,279,:
220:206,209,216,217,218,219,221,225,226,227,228,230,232,:
221:206,216,217,218,219,220,222,223,224,225,226,:
222:206,216,217,218,219,221,223,224,:
223:218,221,222,224,278,279,:
224:221,222,223,268,:
225:216,218,219,220,221,226,227,228,229,230,231,232,234,235,271,276,279,:
226:207,216,218,219,220,221,225,227,228,229,230,231,232,275,276,277,278,279,:
227:218,219,220,225,226,228,229,230,231,232,233,234,235,236,276,:
228:59,219,220,225,226,227,229,230,231,232,234,235,236,237,238,271,273,276,:
229:219,225,226,227,228,230,231,234,235,236,237,240,262,265,266,268,269,271,275,276,279,:
230:57,59,219,220,225,226,227,228,229,231,232,233,234,235,:
231:57,59,225,226,227,228,229,230,232,233,276,279,281,:
232:185,210,214,219,220,225,226,227,228,230,231,233,299,:
233:10,51,57,59,227,230,231,232,290,:
234:59,225,227,228,229,230,235,236,237,238,239,240,271,273,:
235:59,225,227,228,229,230,234,236,237,238,273,:
236:44,93,227,228,229,234,235,237,238,239,240,241,262,269,271,273,274,:
237:44,45,48,58,59,93,94,228,229,234,235,236,238,239,240,241,242,243,262,:
238:2,4,6,10,40,43,44,45,47,48,58,59,93,94,228,234,235,236,237,239,240,241,242,:
239:45,48,58,93,94,234,236,237,238,240,241,242,243,244,245,259,261,262,527,530,:
240:229,234,236,237,238,239,241,242,243,244,258,259,260,261,262,263,265,527,530,:
241:2,5,47,48,58,94,236,237,238,239,240,242,243,244,245,246,254,259,262,527,528,:
242:45,47,89,94,237,238,239,240,241,243,244,245,246,247,248,249,253,254,258,259,262,527,:
243:45,93,94,237,239,240,241,242,244,245,246,247,248,253,254,258,259,262,594,:
244:47,94,239,240,241,242,243,245,246,247,248,249,250,251,253,254,259,527,:
245:5,27,47,60,239,241,242,243,244,246,247,249,250,251,253,254,523,524,527,:
246:241,242,243,244,245,247,248,249,250,251,252,253,254,255,259,594,595,:
247:242,243,244,245,246,248,249,250,251,253,254,255,256,258,259,:
248:242,243,244,246,247,249,250,253,254,255,256,258,259,561,594,595,:
249:242,244,245,246,247,248,250,251,252,253,254,:
250:27,80,244,245,246,247,248,249,251,252,253,254,518,519,520,:
251:64,88,244,245,246,247,249,250,252,621,:
252:37,38,80,246,249,250,251,508,510,516,517,518,519,520,:
253:242,243,244,245,246,247,248,249,250,254,255,256,257,258,259,527,541,:
254:241,242,243,244,245,246,247,248,249,250,253,255,256,258,259,519,521,523,524,526,527,538,541,:
255:246,247,248,253,254,256,257,258,259,260,527,535,537,540,541,:
256:247,248,253,254,255,257,258,259,260,261,262,527,534,535,536,:
257:253,255,256,258,259,260,261,534,535,536,:
258:240,242,243,247,248,253,254,255,256,257,259,260,261,262,263,264,527,534,:
259:239,240,241,242,243,244,246,247,248,253,254,255,256,257,258,260,261,262,527,:
260:240,255,256,257,258,259,261,262,263,264,265,:
261:239,240,256,257,258,259,260,262,263,264,265,266,267,268,269,270,534,:
262:229,236,237,239,240,241,242,243,256,258,259,260,261,263,264,265,266,526,527,534,:
263:240,258,260,261,262,264,265,266,267,268,269,270,275,276,:
264:258,260,261,262,263,265,266,267,268,269,270,:
265:229,240,260,261,262,263,264,266,267,268,269,270,271,275,276,277,:
266:229,261,262,263,264,265,267,268,269,275,276,277,278,279,280,282,:
267:261,263,264,265,266,268,275,276,277,280,282,:
268:224,229,261,263,264,265,266,267,269,270,271,272,273,275,276,:
269:229,236,261,263,264,265,266,268,270,271,272,273,274,:
270:261,263,264,265,268,269,271,272,273,274,:
271:225,228,229,234,236,265,268,269,270,272,273,274,:
272:93,268,269,270,271,273,274,:
273:228,234,235,236,268,269,270,271,272,274,:
274:92,93,236,269,270,271,272,273,:
275:226,229,263,265,266,267,268,276,277,278,279,280,281,282,:
276:225,226,227,228,229,231,263,265,266,267,268,275,277,278,279,280,281,282,:
277:226,265,266,267,275,276,278,279,280,281,282,283,:
278:223,226,266,275,276,277,279,280,281,282,:
279:207,218,219,223,225,226,229,231,266,275,276,277,278,280,281,284,285,:
280:266,267,275,276,277,278,279,281,282,283,:
281:231,275,276,277,278,279,280,282,283,530,:
282:266,267,275,276,277,278,280,281,283,530,532,533,534,:
283:277,280,281,282,530,:
284:204,207,279,285,286,287,288,289,290,291,:
285:203,204,205,206,207,279,284,286,287,288,289,290,291,:
286:207,284,285,287,288,289,290,291,:
287:204,207,284,285,286,288,289,290,291,:
288:203,204,205,207,284,285,286,287,289,291,:
289:284,285,286,287,288,290,291,:
290:233,284,285,286,287,289,291,:
291:207,208,284,285,286,287,288,289,290,297,:
292:190,293,294,295,296,297,298,300,:
293:189,190,195,197,292,294,295,296,297,298,300,:
294:190,292,293,295,296,297,298,299,300,:
295:292,293,294,296,297,298,:
296:190,197,198,202,292,293,294,295,297,:
297:190,291,292,293,294,295,296,298,299,300,:
298:190,292,293,294,295,297,299,300,:
299:182,183,185,214,232,294,297,298,300,:
300:292,293,294,297,298,299,:
301:302,303,304,305,306,307,309,310,:
302:301,303,304,305,306,307,309,:
303:301,302,304,305,306,307,308,309,310,311,316,318,:
304:301,302,303,305,306,307,308,309,310,311,312,314,315,316,317,318,:
305:301,302,303,304,306,307,309,310,311,312,313,316,317,318,:
306:202,301,302,303,304,305,307,308,309,310,316,318,321,:
307:201,301,302,303,304,305,306,308,309,310,316,317,318,320,321,342,529,531,:
308:199,200,201,202,303,304,306,307,309,310,317,318,320,321,340,342,531,:
309:202,301,302,303,304,305,306,307,308,318,320,321,:
310:301,303,304,305,306,307,308,311,312,313,314,315,316,317,318,:
311:303,304,305,310,312,313,314,315,316,317,318,319,:
312:304,305,310,311,313,314,315,316,317,318,319,320,322,:
313:305,310,311,312,314,317,318,319,322,:
314:77,304,310,311,312,313,315,316,317,318,:
315:24,25,77,78,304,310,311,312,314,316,317,318,521,522,:
316:303,304,305,306,307,310,311,312,314,315,317,318,:
317:304,305,307,308,310,311,312,313,314,315,316,318,319,320,321,322,323,324,:
318:303,304,305,306,307,308,309,310,311,312,313,314,315,316,317,319,320,321,322,323,:
319:311,312,313,317,318,320,321,322,323,324,325,:
320:307,308,309,312,317,318,319,321,322,323,324,325,326,327,328,334,335,:
321:199,306,307,308,309,317,318,319,320,322,323,324,325,326,327,334,335,340,342,:
322:312,313,317,318,319,320,321,323,324,:
323:317,318,319,320,321,322,324,325,326,327,328,329,330,331,334,335,:
324:317,319,320,321,322,323,325,326,327,328,329,330,331,333,:
325:199,319,320,321,323,324,326,327,328,329,330,331,333,334,335,336,:
326:121,122,199,320,321,323,324,325,327,328,329,334,335,336,337,339,340,:
327:121,122,123,126,320,321,323,324,325,326,328,334,335,336,337,339,340,344,:
328:320,323,324,325,326,327,329,330,331,332,333,334,335,:
329:323,324,325,326,328,330,331,332,333,:
330:323,324,325,328,329,331,332,333,:
331:323,324,325,328,329,330,332,333,:
332:328,329,330,331,333,:
333:324,325,328,329,330,331,332,:
334:122,196,199,320,321,323,325,326,327,328,335,336,337,338,339,340,341,343,344,:
335:195,196,197,198,199,201,320,321,323,325,326,327,328,334,336,337,338,339,340,343,:
336:122,125,196,199,325,326,327,334,335,337,338,339,340,341,342,343,344,345,:
337:125,196,326,327,334,335,336,338,339,340,341,343,344,345,346,347,348,349,351,352,353,:
338:188,189,191,194,195,196,198,199,334,335,336,337,339,341,343,344,345,346,352,353,:
339:196,199,201,326,327,334,335,336,337,338,340,341,342,343,344,:
340:73,308,321,326,327,334,335,336,337,339,341,342,:
341:55,144,147,167,181,196,334,336,337,338,339,340,342,343,344,346,:
342:9,19,54,55,56,70,72,73,201,307,308,321,336,339,340,341,531,:
343:125,334,335,336,337,338,339,341,344,345,346,347,348,349,350,351,352,353,:
344:121,122,123,124,125,130,140,327,334,336,337,338,339,341,343,345,346,347,348,349,351,:
345:125,192,336,337,338,343,344,346,347,348,349,350,351,352,353,354,:
346:125,140,192,337,338,341,343,344,345,347,348,349,350,352,353,354,355,356,:
347:125,132,133,139,140,141,142,143,144,337,343,344,345,346,348,350,352,353,354,355,356,:
348:125,337,343,344,345,346,347,349,350,351,352,353,:
349:337,343,344,345,346,348,350,351,:
350:343,345,346,347,348,349,351,352,353,:
351:337,343,344,345,348,349,350,:
352:181,188,192,193,337,338,343,345,346,347,348,350,353,354,355,356,357,358,:
353:180,181,186,188,191,192,193,194,337,338,343,345,346,347,348,350,352,354,355,356,:
354:143,166,167,180,181,192,193,345,346,347,352,353,355,356,357,358,359,:
355:166,193,346,347,352,353,354,356,357,358,359,360,361,362,:
356:192,193,346,347,352,353,354,355,357,358,359,360,361,:
357:165,166,171,172,352,354,355,356,358,359,360,361,362,363,:
358:165,166,168,170,171,172,177,352,354,355,356,357,359,360,362,363,:
359:166,354,355,356,357,358,360,361,362,363,364,:
360:355,356,357,358,359,361,362,363,:
361:355,356,357,359,360,362,:
362:166,355,357,358,359,360,361,363,364,365,366,367,368,369,:
363:152,166,357,358,359,360,362,364,365,366,367,368,369,:
364:152,359,362,363,365,366,367,368,369,370,371,372,:
365:175,362,363,364,366,367,368,369,370,371,372,373,374,376,380,:
366:152,165,166,168,170,175,362,363,364,365,367,368,369,371,372,373,376,380,:
367:175,362,363,364,365,366,368,369,370,371,372,373,374,375,376,380,:
368:362,363,364,365,366,367,369,370,371,372,373,374,375,:
369:362,363,364,365,366,367,368,370,371,373,374,:
370:364,365,367,368,369,371,372,373,374,375,:
371:170,173,174,175,364,365,366,367,368,369,370,372,373,374,375,380,383,:
372:170,173,174,175,176,364,365,366,367,368,370,371,373,380,381,382,383,:
373:174,175,365,366,367,368,369,370,371,372,375,:
374:365,367,368,369,370,371,375,376,377,378,379,380,:
375:367,368,370,371,373,374,376,377,378,379,380,:
376:365,366,367,374,375,377,378,379,380,381,:
377:374,375,376,378,379,380,:
378:374,375,376,377,379,:
379:374,375,376,377,378,380,381,382,398,:
380:175,365,366,367,371,372,374,375,376,377,379,381,382,383,384,386,:
381:175,372,376,379,380,382,383,384,385,386,387,388,389,:
382:174,175,176,372,379,380,381,383,384,385,386,387,388,389,390,:
383:174,175,176,371,372,380,381,382,384,385,386,388,389,390,:
384:91,175,176,380,381,382,383,385,386,387,388,389,390,:
385:381,382,383,384,386,387,388,389,390,:
386:380,381,382,383,384,385,387,388,390,:
387:91,381,382,384,385,386,388,389,390,:
388:91,174,175,176,381,382,383,384,385,386,387,389,390,:
389:91,173,174,175,176,381,382,383,384,385,387,388,390,:
390:41,42,91,176,382,383,384,385,386,387,388,389,:
391:392,393,394,395,396,397,400,401,606,623,:
392:391,393,394,395,396,605,606,613,615,623,:
393:391,392,394,395,396,397,398,399,400,401,402,606,623,:
394:391,392,393,395,396,397,398,400,401,402,403,404,405,409,410,623,:
395:391,392,393,394,396,397,400,401,402,403,409,410,414,615,616,622,623,624,626,627,:
396:391,392,393,394,395,397,398,399,400,401,606,:
397:391,393,394,395,396,398,399,400,401,:
398:379,393,394,396,397,399,401,:
399:62,63,159,161,393,396,397,398,:
400:391,393,394,395,396,397,401,402,403,404,405,406,408,409,410,623,:
401:391,393,394,395,396,397,398,400,402,403,404,405,406,408,:
402:393,394,395,400,401,403,404,405,406,407,408,409,410,411,626,:
403:154,155,394,395,400,401,402,404,405,406,409,410,411,412,414,419,626,:
404:153,154,155,394,400,401,402,403,405,409,410,411,412,414,419,:
405:394,400,401,402,403,404,406,407,408,409,410,:
406:400,401,402,403,405,407,408,:
407:402,405,406,408,:
408:400,401,402,405,406,407,627,:
409:154,155,394,395,400,402,403,404,405,410,411,412,413,414,415,418,419,626,:
410:394,395,400,402,403,404,405,409,411,412,413,414,418,623,625,626,:
411:154,155,157,158,402,403,404,409,410,412,413,414,415,416,417,418,419,420,428,433,626,:
412:154,155,158,403,404,409,410,411,413,414,415,416,418,419,420,421,423,427,428,432,433,626,:
413:409,410,411,412,414,415,416,418,419,420,421,422,427,428,432,433,434,436,437,626,633,:
414:155,395,403,404,409,410,411,412,413,415,416,417,418,419,428,433,437,620,626,:
415:15,16,61,66,67,68,146,157,158,159,409,411,412,413,414,416,417,418,427,428,432,433,437,:
416:15,16,66,68,145,146,155,157,158,159,411,412,413,414,415,417,418,419,421,427,428,429,430,432,433,:
417:12,14,15,16,61,62,66,67,68,159,411,414,415,416,433,437,620,:
418:149,154,155,158,409,410,411,412,413,414,415,416,419,420,421,422,423,424,425,426,427,428,433,:
419:148,149,150,153,154,155,156,157,158,403,404,409,411,412,413,414,416,418,420,421,423,424,425,426,427,428,:
420:149,154,411,412,413,418,419,421,422,423,424,425,426,427,428,429,433,:
421:149,412,413,416,418,419,420,422,423,424,425,426,427,428,429,430,432,433,:
422:413,418,420,421,423,424,425,427,428,429,430,432,433,642,643,645,:
423:134,149,154,412,418,419,420,421,422,424,425,426,427,428,:
424:133,134,139,141,142,148,149,150,153,154,156,418,419,420,421,422,423,425,426,427,428,:
425:133,134,139,141,142,146,148,149,418,419,420,421,422,423,424,426,427,428,429,:
426:149,154,156,418,419,420,421,423,424,425,:
427:68,145,146,149,158,412,413,415,416,418,419,420,421,422,423,424,425,428,429,430,431,432,433,:
428:16,68,141,145,146,148,149,157,158,411,412,413,414,415,416,418,419,420,421,422,423,424,425,427,429,430,432,433,:
429:16,68,71,129,145,146,147,416,420,421,422,425,427,428,430,431,432,433,434,:
430:16,28,68,71,74,79,416,421,422,427,428,429,431,432,433,434,435,436,437,:
431:16,18,21,26,28,31,68,71,74,79,82,129,427,429,430,432,433,434,435,438,439,:
432:16,68,79,412,413,415,416,421,422,427,428,429,430,431,433,434,435,436,437,438,439,:
433:68,411,412,413,414,415,416,417,418,420,421,422,427,428,429,430,431,432,434,435,436,437,:
434:28,31,37,38,68,79,413,429,430,431,432,433,435,436,437,438,439,440,448,:
435:31,430,431,432,433,434,436,437,438,439,440,441,442,443,447,448,637,:
436:413,430,432,433,434,435,437,438,439,440,441,442,447,448,633,634,636,637,638,641,642,645,:
437:36,37,87,88,413,414,415,417,430,432,433,434,435,436,438,439,448,451,620,633,:
438:31,82,84,431,432,434,435,436,437,439,440,441,442,443,444,445,446,447,448,637,:
439:29,30,31,32,33,34,38,79,81,82,84,431,432,434,435,436,437,438,440,441,443,444,445,446,447,448,:
440:31,82,434,435,436,438,439,441,442,443,444,445,446,447,448,449,637,645,650,651,:
441:435,436,438,439,440,442,443,444,447,448,449,450,451,452,453,454,636,637,654,:
442:435,436,438,440,441,443,447,448,449,450,452,453,454,636,637,653,654,:
443:31,82,84,435,438,439,440,441,442,444,445,446,447,448,650,651,:
444:31,82,84,103,104,109,110,438,439,440,441,443,445,446,650,651,652,:
445:31,82,101,102,103,104,105,109,110,438,439,440,443,444,446,644,645,646,650,651,652,:
446:31,82,84,103,104,105,109,110,111,438,439,440,443,444,445,651,:
447:34,85,435,436,438,439,440,441,442,443,448,449,450,451,452,453,454,455,456,457,637,:
448:33,34,35,36,84,85,86,434,435,436,437,438,439,440,441,442,443,447,449,450,451,452,453,454,455,456,:
449:85,86,440,441,442,447,448,450,451,452,453,454,455,456,457,458,463,660,:
450:35,86,441,442,447,448,449,451,452,453,456,457,458,459,460,461,462,463,631,632,633,660,:
451:35,36,86,87,437,441,447,448,449,450,452,456,457,458,459,463,466,631,632,633,:
452:34,85,86,441,442,447,448,449,450,451,453,454,455,456,457,578,:
453:85,441,442,447,448,449,450,452,454,455,490,:
454:441,442,447,448,449,452,453,455,:
455:34,84,85,447,448,449,452,453,454,490,494,511,:
456:86,447,448,449,450,451,452,457,458,459,460,461,462,463,464,465,466,632,660,:
457:447,449,450,451,452,456,458,459,460,461,462,463,659,660,661,662,:
458:449,450,451,456,457,459,460,461,462,463,464,465,466,467,617,631,632,:
459:450,451,456,457,458,460,461,462,464,465,466,467,468,470,572,617,:
460:450,456,457,458,459,461,464,465,466,467,470,571,572,573,575,576,577,578,:
461:450,456,457,458,459,460,462,463,464,465,466,617,632,660,662,:
462:450,456,457,458,459,461,463,464,624,625,631,632,633,635,659,660,662,:
463:449,450,451,456,457,458,461,462,464,631,632,633,634,635,654,659,660,661,662,:
464:456,458,459,460,461,462,463,465,466,617,630,632,:
465:86,456,458,459,460,461,464,466,467,468,469,470,471,472,473,474,572,614,617,:
466:451,456,458,459,460,461,464,465,467,468,469,470,471,473,613,614,615,616,617,618,620,:
467:458,459,460,465,466,468,469,470,471,472,473,474,475,572,575,614,:
468:459,465,466,467,469,470,471,472,473,474,475,476,477,478,479,481,575,614,617,:
469:465,466,467,468,470,471,472,473,474,475,476,478,479,481,587,600,604,605,613,614,615,617,618,:
470:86,459,460,465,466,467,468,469,471,472,473,474,575,:
471:35,36,86,87,465,466,467,468,469,470,472,586,587,:
472:465,467,468,469,470,471,473,474,575,585,588,:
473:465,466,467,468,469,470,472,474,475,476,477,478,479,480,481,574,575,614,:
474:465,467,468,469,470,472,473,475,476,477,478,479,574,575,:
475:467,468,469,473,474,476,477,478,479,480,481,575,609,:
476:468,469,473,474,475,477,478,479,480,588,609,:
477:468,473,474,475,476,478,480,575,588,:
478:468,469,473,474,475,476,477,479,480,481,609,:
479:468,469,473,474,475,476,478,480,481,:
480:473,475,476,477,478,479,481,609,:
481:468,469,473,475,478,479,480,607,614,:
482:483,484,485,486,487,488,495,496,564,567,:
483:482,484,485,486,487,495,563,564,566,567,:
484:482,483,485,486,487,488,489,495,496,497,564,:
485:482,483,484,486,487,488,495,496,497,498,499,500,501,564,:
486:482,483,484,485,487,495,496,497,498,500,501,563,564,565,566,567,570,:
487:482,483,484,485,486,488,489,490,495,496,570,:
488:482,484,485,487,489,490,491,492,493,495,496,499,:
489:484,487,488,490,491,492,493,494,578,579,:
490:453,455,487,488,489,491,492,493,494,511,:
491:488,489,490,492,493,494,:
492:488,489,490,491,493,494,499,:
493:488,489,490,491,492,494,:
494:455,489,490,491,492,493,:
495:482,483,484,485,486,487,488,496,497,498,499,500,501,504,505,:
496:482,484,485,486,487,488,495,497,498,499,500,501,:
497:484,485,486,495,496,498,499,500,501,504,505,506,558,:
498:485,486,495,496,497,499,500,501,504,505,506,507,508,509,511,558,:
499:485,488,492,495,496,497,498,500,504,505,506,507,509,511,:
500:485,486,495,496,497,498,499,501,502,503,504,505,:
501:485,486,495,496,497,498,500,502,503,:
502:500,501,503,:
503:500,501,502,:
504:495,497,498,499,500,505,506,507,508,509,510,511,513,514,550,555,558,:
505:495,497,498,499,500,504,506,507,508,509,510,511,513,554,555,556,557,558,:
506:497,498,499,504,505,507,508,509,510,511,512,513,514,515,555,:
507:83,498,499,504,505,506,508,509,510,511,513,514,515,516,517,550,552,555,:
508:252,498,504,505,506,507,509,510,513,514,515,516,519,544,545,547,548,550,554,555,558,:
509:34,83,85,498,499,504,505,506,507,508,510,511,512,513,514,:
510:252,504,505,506,507,508,509,511,512,555,558,560,:
511:34,85,455,490,498,499,504,505,506,507,509,510,512,578,:
512:34,35,85,86,506,509,510,511,:
513:83,504,505,506,507,508,509,514,515,516,517,518,519,550,552,:
514:32,83,504,506,507,508,509,513,515,516,517,550,552,:
515:83,506,507,508,513,514,516,517,518,519,520,541,548,550,552,553,:
516:80,81,83,252,507,508,513,514,515,517,518,519,520,521,522,541,:
517:24,29,30,32,77,80,81,83,252,507,513,514,515,516,518,519,520,:
518:80,250,252,513,515,516,517,519,520,521,522,523,524,538,541,:
519:250,252,254,508,513,515,516,517,518,520,521,522,523,537,538,539,540,541,542,:
520:25,27,78,80,250,252,515,516,517,518,519,521,522,523,524,525,541,:
521:78,254,315,516,518,519,520,522,523,524,525,526,527,528,532,538,541,:
522:78,315,516,518,519,520,521,523,524,525,526,527,532,533,537,538,539,541,:
523:72,78,245,254,518,519,520,521,522,524,525,526,527,528,529,530,531,532,533,538,:
524:5,27,69,72,78,245,254,518,520,521,522,523,525,526,527,528,529,531,:
525:520,521,522,523,524,526,527,528,529,530,531,532,533,534,538,:
526:254,262,521,522,523,524,525,527,528,529,530,532,533,534,535,537,538,:
527:239,240,241,242,244,245,253,254,255,256,258,259,262,521,522,523,524,525,526,528,530,532,533,534,535,537,538,:
528:57,58,241,521,523,524,525,526,527,529,530,531,532,533,:
529:10,54,56,57,58,307,523,524,525,526,528,530,531,:
530:57,58,239,240,281,282,283,523,525,526,527,528,529,531,532,533,:
531:9,19,54,56,58,72,73,78,307,308,342,523,524,525,528,529,530,:
532:282,521,522,523,525,526,527,528,530,533,534,535,536,537,538,:
533:282,522,523,525,526,527,528,530,532,534,535,536,537,538,:
534:256,257,258,261,262,282,525,526,527,532,533,535,536,537,538,539,:
535:255,256,257,526,527,532,533,534,536,537,538,539,540,541,:
536:256,257,532,533,534,535,537,538,539,540,:
537:255,519,522,526,527,532,533,534,535,536,538,539,540,541,542,543,:
538:254,518,519,521,522,523,525,526,527,532,533,534,535,536,537,539,540,541,:
539:519,522,534,535,536,537,538,540,541,542,543,544,:
540:255,519,535,536,537,538,539,541,542,543,544,545,546,547,548,549,:
541:253,254,255,515,516,518,519,520,521,522,535,537,538,539,540,542,543,544,545,:
542:519,537,539,540,541,543,544,545,546,547,548,549,554,555,:
543:537,539,540,541,542,544,545,546,547,548,549,:
544:508,539,540,541,542,543,545,546,547,548,549,550,554,555,556,:
545:508,540,541,542,543,544,546,547,548,554,555,556,557,558,559,561,:
546:540,542,543,544,545,547,554,555,556,557,559,561,:
547:508,540,542,543,544,545,546,548,549,550,551,552,554,555,:
548:508,515,540,542,543,544,545,547,549,550,551,552,553,:
549:540,542,543,544,547,548,550,551,552,553,:
550:504,507,508,513,514,515,544,547,548,549,551,552,553,:
551:547,548,549,550,552,553,:
552:507,513,514,515,547,548,549,550,551,553,:
553:515,548,549,550,551,552,:
554:505,508,542,544,545,546,547,555,556,557,558,559,560,561,:
555:504,505,506,507,508,510,542,544,545,546,547,554,556,557,558,559,560,561,:
556:505,544,545,546,554,555,557,558,559,560,561,562,:
557:505,545,546,554,555,556,558,559,560,561,:
558:497,498,504,505,508,510,545,554,555,556,557,559,560,563,564,:
559:545,546,554,555,556,557,558,560,561,562,:
560:510,554,555,556,557,558,559,561,562,:
561:248,545,546,554,555,556,557,559,560,562,:
562:556,559,560,561,580,582,:
563:483,486,558,564,565,566,567,568,569,570,:
564:482,483,484,485,486,558,563,565,566,567,568,569,570,:
565:486,563,564,566,567,568,569,570,:
566:483,486,563,564,565,567,568,569,570,:
567:482,483,486,563,564,565,566,568,570,:
568:563,564,565,566,567,569,570,:
569:563,564,565,566,568,570,:
570:486,487,563,564,565,566,567,568,569,576,:
571:460,572,573,574,575,576,577,579,:
572:459,460,465,467,571,573,574,575,576,577,579,:
573:460,571,572,574,575,576,577,578,579,:
574:473,474,571,572,573,575,576,577,:
575:460,467,468,470,472,473,474,475,477,571,572,573,574,576,:
576:460,570,571,572,573,574,575,577,578,579,:
577:460,571,572,573,574,576,578,579,:
578:452,460,489,511,573,576,577,579,:
579:489,571,572,573,576,577,578,:
580:562,581,582,583,584,585,586,588,589,:
581:580,582,583,584,585,588,:
582:562,580,581,583,584,585,586,587,588,589,590,595,597,:
583:580,581,582,584,585,586,587,588,589,590,591,593,594,595,596,597,:
584:580,581,582,583,585,586,588,589,590,591,592,595,596,597,:
585:472,580,581,582,583,584,586,587,588,589,595,597,600,:
586:471,580,582,583,584,585,587,588,589,595,596,597,598,599,600,621,:
587:469,471,582,583,585,586,588,589,596,597,598,599,600,619,621,:
588:472,476,477,580,581,582,583,584,585,586,587,597,599,600,:
589:580,582,583,584,585,586,587,590,591,592,593,594,595,596,597,:
590:582,583,584,589,591,592,593,594,595,596,597,598,:
591:583,584,589,590,592,593,594,595,596,597,598,599,601,:
592:584,589,590,591,593,596,597,598,601,:
593:39,40,45,89,90,94,583,589,590,591,592,594,595,596,597,:
594:45,89,94,243,246,248,583,589,590,591,593,595,:
595:89,246,248,582,583,584,585,586,589,590,591,593,594,596,597,:
596:583,584,586,587,589,590,591,592,593,595,597,598,599,600,601,602,603,:
597:582,583,584,585,586,587,588,589,590,591,592,593,595,596,598,599,600,601,602,:
598:586,587,590,591,592,596,597,599,600,601,602,603,604,:
599:586,587,588,591,596,597,598,600,601,602,603,604,605,606,607,613,614,:
600:469,585,586,587,588,596,597,598,599,601,602,603,604,605,606,613,614,619,621,:
601:63,90,591,592,596,597,598,599,600,602,603,:
602:596,597,598,599,600,601,603,604,605,606,607,608,609,610,613,614,:
603:596,598,599,600,601,602,604,605,606,607,608,609,610,612,:
604:469,598,599,600,602,603,605,606,607,608,609,610,612,613,614,615,:
605:392,469,599,600,602,603,604,606,607,608,613,614,615,616,618,619,:
606:391,392,393,396,599,600,602,603,604,605,607,613,614,615,616,618,619,:
607:481,599,602,603,604,605,606,608,609,610,611,612,613,614,:
608:602,603,604,605,607,609,610,611,612,:
609:475,476,478,480,602,603,604,607,608,610,611,612,:
610:602,603,604,607,608,609,611,612,:
611:607,608,609,610,612,:
612:603,604,607,608,609,610,611,:
613:392,466,469,599,600,602,604,605,606,607,614,615,616,617,618,619,620,622,623,:
614:465,466,467,468,469,473,481,599,600,602,604,605,606,607,613,615,616,617,618,619,622,:
615:392,395,466,469,604,605,606,613,614,616,617,618,619,620,621,622,623,624,:
616:395,466,605,606,613,614,615,617,618,619,620,622,623,624,625,626,627,628,630,631,632,:
617:458,459,461,464,465,466,468,469,613,614,615,616,618,620,622,623,624,625,630,631,632,:
618:87,466,469,605,606,613,614,615,616,617,619,620,621,622,623,:
619:61,63,87,587,600,605,606,613,614,615,616,618,620,621,:
620:87,414,417,437,466,613,615,616,617,618,619,621,622,623,:
621:13,61,63,64,87,88,251,586,587,600,615,618,619,620,:
622:395,613,614,615,616,617,618,620,623,624,625,626,627,628,629,630,631,632,:
623:391,392,393,394,395,400,410,613,615,616,617,618,620,622,624,625,626,627,628,630,631,:
624:395,462,615,616,617,622,623,625,626,627,628,629,630,631,632,633,:
625:410,462,616,617,622,623,624,626,627,628,629,631,632,633,634,635,:
626:395,402,403,409,410,411,412,413,414,616,622,623,624,625,627,629,631,632,633,634,635,:
627:395,408,616,622,623,624,625,626,628,629,630,631,632,:
628:616,622,623,624,625,627,629,630,:
629:622,624,625,626,627,628,630,631,632,:
630:464,616,617,622,623,624,627,628,629,:
631:450,451,458,462,463,616,617,622,623,624,625,626,627,629,632,633,634,635,636,637,:
632:450,451,456,458,461,462,463,464,616,617,622,624,625,626,627,629,631,633,634,635,660,:
633:413,436,437,450,451,462,463,624,625,626,631,632,634,635,636,637,638,654,:
634:436,463,625,626,631,632,633,635,636,637,638,639,640,641,653,654,660,:
635:462,463,625,626,631,632,633,634,636,637,638,639,640,653,654,656,660,:
636:436,441,442,631,633,634,635,637,638,639,640,641,642,653,654,:
637:435,436,438,440,441,442,447,631,633,634,635,636,638,639,641,642,653,654,:
638:436,633,634,635,636,637,639,640,641,642,643,653,654,655,:
639:634,635,636,637,638,640,641,642,653,654,655,656,657,658,:
640:634,635,636,638,639,641,653,654,655,656,657,:
641:436,634,636,637,638,639,640,642,643,644,645,646,647,648,653,654,:
642:422,436,636,637,638,639,641,643,644,645,646,647,648,:
643:422,638,641,642,644,645,646,647,648,649,650,:
644:95,97,445,641,642,643,645,646,647,648,649,650,651,652,:
645:97,101,422,436,440,445,641,642,643,644,646,647,648,650,651,652,:
646:95,96,97,445,641,642,643,644,645,647,648,649,650,651,652,:
647:95,641,642,643,644,645,646,648,649,650,651,652,:
648:641,642,643,644,645,646,647,649,650,652,:
649:643,644,646,647,648,650,651,652,:
650:95,96,101,104,440,443,444,445,643,644,645,646,647,648,649,651,652,:
651:101,103,104,440,443,444,445,446,644,645,646,647,649,650,652,:
652:96,444,445,644,645,646,647,648,649,650,651,:
653:442,634,635,636,637,638,639,640,641,654,655,656,657,658,659,660,:
654:441,442,463,633,634,635,636,637,638,639,640,641,653,655,656,658,659,660,:
655:638,639,640,653,654,656,657,658,659,660,661,663,:
656:635,639,640,653,654,655,657,658,659,660,661,663,:
657:639,640,653,655,656,658,659,:
658:639,653,654,655,656,657,659,660,661,662,663,:
659:457,462,463,653,654,655,656,657,658,660,661,662,663,:
660:449,450,456,457,461,462,463,632,634,635,653,654,655,656,658,659,661,662,663,:
661:457,463,655,656,658,659,660,662,663,:
662:457,461,462,463,658,659,660,661,663,:
663:655,656,658,659,660,661,662,:
