1:2,3,4,5,6,7,8,9,82,83,84,88,95,96,100,101,113,114,120,:
2:1,3,4,5,6,8,30,76,82,83,84,88,96,210,:
3:1,2,4,5,67,82,83,84,85,87,88,93,94,95,96,97,98,100,101,102,105,106,108,114,:
4:1,2,3,5,6,7,8,83,96,100,101,102,103,105,113,114,115,118,119,120,:
5:1,2,3,4,6,7,8,9,10,29,30,37,83,84,85,95,96,97,98,100,101,113,114,122,128,:
6:1,2,4,5,7,8,9,10,11,29,30,32,34,37,96,97,114,122,127,128,210,:
7:1,4,5,6,8,9,10,34,37,96,97,98,99,100,101,113,114,115,116,118,121,122,123,126,127,128,208,:
8:1,2,4,5,6,7,9,10,30,32,118,120,128,202,203,205,208,209,210,:
9:1,5,6,7,8,10,11,12,13,15,17,18,19,29,30,31,32,34,37,95,96,97,127,128,312,:
10:5,6,7,8,9,11,12,13,14,15,17,29,30,31,32,34,37,84,85,86,312,:
11:6,9,10,12,13,14,15,16,17,18,29,30,31,32,33,34,35,36,37,309,311,312,:
12:9,10,11,13,14,15,16,17,18,19,27,28,29,30,31,32,33,34,35,36,37,308,309,311,312,:
13:9,10,11,12,14,15,16,17,18,29,30,31,32,33,34,35,36,:
14:10,11,12,13,15,16,17,30,31,32,33,34,35,36,:
15:9,10,11,12,13,14,16,17,18,19,28,31,32,33,34,35,36,37,127,128,:
16:11,12,13,14,15,17,18,32,33,34,35,36,180,395,396,:
17:9,10,11,12,13,14,15,16,18,19,20,21,27,28,29,31,32,33,34,35,36,37,:
18:9,11,12,13,15,16,17,19,20,21,22,25,27,28,34,35,36,37,308,:
19:9,12,15,17,18,20,21,22,27,28,34,36,37,97,126,127,128,308,381,383,:
20:17,18,19,21,22,23,24,27,28,34,37,97,126,127,374,378,379,381,382,383,:
21:17,18,19,20,22,23,24,25,27,28,36,37,38,301,306,374,381,383,:
22:18,19,20,21,23,24,25,26,27,28,38,40,300,301,302,306,328,373,374,383,385,:
23:20,21,22,24,25,28,38,300,301,302,306,328,367,368,371,373,374,375,378,381,383,385,:
24:20,21,22,23,25,26,27,28,38,39,40,301,302,306,327,328,329,371,374,385,:
25:18,21,22,23,24,26,27,28,36,38,39,40,328,329,391,392,:
26:22,24,25,27,28,38,39,40,327,328,329,391,392,:
27:12,17,18,19,20,21,22,24,25,26,28,36,38,39,40,392,:
28:12,15,17,18,19,20,21,22,23,24,25,26,27,34,36,37,38,39,306,308,:
29:5,6,9,10,11,12,13,17,30,31,32,37,84,85,86,95,96,308,309,310,311,312,:
30:2,5,6,8,9,10,11,12,13,14,29,31,32,84,86,312,:
31:9,10,11,12,13,14,15,17,29,30,32,33,34,36,309,311,312,:
32:6,8,9,10,11,12,13,14,15,16,17,29,30,31,33,34,35,36,205,206,207,:
33:11,12,13,14,15,16,17,31,32,34,35,36,:
34:6,7,9,10,11,12,13,14,15,16,17,18,19,20,28,31,32,33,35,36,37,126,127,128,:
35:11,12,13,14,15,16,17,18,32,33,34,36,393,396,:
36:11,12,13,14,15,16,17,18,19,21,25,27,28,31,32,33,34,35,:
37:5,6,7,9,10,11,12,15,17,18,19,20,21,28,29,34,95,97,122,126,127,128,383,:
38:21,22,23,24,25,26,27,28,39,40,301,302,322,327,328,329,331,370,371,372,374,385,:
39:24,25,26,27,28,38,40,329,391,392,:
40:22,24,25,26,27,38,39,327,328,329,331,391,392,:
41:42,43,44,45,46,47,48,49,50,246,:
42:41,43,44,45,46,48,49,246,251,:
43:41,42,44,45,46,47,48,49,50,51,246,:
44:41,42,43,45,46,47,48,49,50,51,52,53,54,246,:
45:41,42,43,44,46,47,49,50,51,52,54,107,238,239,245,246,247,249,250,251,:
46:41,42,43,44,45,47,48,49,50,:
47:41,43,44,45,46,48,49,50,267,:
48:41,42,43,44,46,47,147,:
49:41,42,43,44,45,46,47,50,51,52,53,54,55,56,57,58,59,246,:
50:41,43,44,45,46,47,49,51,52,53,54,57,260,:
51:43,44,45,49,50,52,53,54,55,56,57,58,59,60,107,:
52:44,45,49,50,51,53,54,55,56,57,58,59,60,61,62,107,260,:
53:44,49,50,51,52,54,55,56,57,58,59,60,259,260,261,263,264,:
54:44,45,49,50,51,52,53,55,56,57,58,59,:
55:49,51,52,53,54,56,57,58,59,60,:
56:49,51,52,53,54,55,57,58,59,60,61,256,:
57:49,50,51,52,53,54,55,56,58,59,:
58:49,51,52,53,54,55,56,57,59,60,61,62,63,64,107,111,260,:
59:49,51,52,53,54,55,56,57,58,60,61,62,63,107,109,110,111,249,254,256,:
60:51,52,53,55,56,58,59,61,62,63,64,65,107,111,260,263,:
61:52,56,58,59,60,62,63,64,65,66,67,68,93,94,107,111,256,:
62:52,58,59,60,61,63,64,65,66,67,73,107,108,109,110,111,112,254,255,256,:
63:58,59,60,61,62,64,65,66,67,68,69,73,74,93,94,:
64:58,60,61,62,63,65,66,67,68,69,93,94,263,:
65:60,61,62,63,64,66,67,68,69,70,73,74,75,94,:
66:61,62,63,64,65,67,68,69,73,74,75,76,77,78,80,82,88,93,94,:
67:3,61,62,63,64,65,66,68,73,74,75,76,77,82,83,87,88,89,92,93,94,:
68:61,63,64,65,66,67,69,70,71,72,73,74,77,:
69:63,64,65,66,68,70,71,72,:
70:65,68,69,71,72,:
71:68,69,70,72,:
72:68,69,70,71,:
73:62,63,65,66,67,68,74,75,76,77,78,79,80,81,82,83,88,:
74:63,65,66,67,68,73,75,76,77,78,79,80,:
75:65,66,67,73,74,76,77,78,79,80,81,82,83,84,88,:
76:2,66,67,73,74,75,77,78,79,80,81,82,83,84,85,87,88,:
77:66,67,68,73,74,75,76,78,81,82,83,84,85,87,88,:
78:66,73,74,75,76,77,79,80,81,82,83,:
79:73,74,75,76,78,80,81,:
80:66,73,74,75,76,78,79,81,:
81:73,75,76,77,78,79,80,82,83,216,219,221,:
82:1,2,3,66,67,73,75,76,77,78,81,83,84,85,86,87,88,96,:
83:1,2,3,4,5,67,73,75,76,77,78,81,82,84,85,87,88,96,:
84:1,2,3,5,10,29,30,75,76,77,82,83,85,86,87,88,89,96,:
85:3,5,10,29,76,77,82,83,84,86,87,88,89,90,92,94,95,96,310,312,:
86:10,29,30,82,84,85,87,88,89,90,91,95,96,308,309,310,311,312,:
87:3,67,76,77,82,83,84,85,86,88,89,90,91,92,93,94,95,96,:
88:1,2,3,66,67,73,75,76,77,82,83,84,85,86,87,89,90,92,93,94,95,96,101,:
89:67,84,85,86,87,88,90,91,92,93,94,95,96,97,269,298,:
90:85,86,87,88,89,91,92,93,94,95,96,97,98,100,101,297,298,:
91:86,87,89,90,92,93,95,96,97,98,266,273,296,297,298,299,:
92:67,85,87,88,89,90,91,93,94,95,96,263,266,269,:
93:3,61,63,64,66,67,87,88,89,90,91,92,94,95,96,101,106,263,266,:
94:3,61,63,64,65,66,67,85,87,88,89,90,92,93,95,96,101,106,:
95:1,3,5,9,29,37,85,86,87,88,89,90,91,92,93,94,96,97,98,99,100,101,298,:
96:1,2,3,4,5,6,7,9,29,82,83,84,85,86,87,88,89,90,91,92,93,94,95,97,98,100,101,:
97:3,5,6,7,9,19,20,37,89,90,91,95,96,98,99,100,101,102,122,298,382,383,:
98:3,5,7,90,91,95,96,97,99,100,101,102,103,104,105,113,114,121,122,130,382,:
99:7,95,97,98,100,101,102,103,104,113,114,121,122,124,126,129,130,131,134,381,382,383,:
100:1,3,4,5,7,90,95,96,97,98,99,101,102,103,104,105,106,113,114,122,130,:
101:1,3,4,5,7,88,90,93,94,95,96,97,98,99,100,102,103,105,106,113,114,:
102:3,4,97,98,99,100,101,103,104,105,106,107,113,114,115,122,130,:
103:4,98,99,100,101,102,104,105,106,113,114,115,116,117,118,120,121,122,129,130,142,:
104:98,99,100,102,103,105,113,114,115,116,117,121,122,129,130,131,132,134,141,142,143,146,147,149,:
105:3,4,98,100,101,102,103,104,106,107,108,113,114,:
106:3,93,94,100,101,102,103,105,107,108,109,:
107:45,51,52,58,59,60,61,62,102,105,106,108,109,110,111,112,243,249,:
108:3,62,105,106,107,109,110,111,112,243,249,:
109:59,62,106,107,108,110,111,112,243,248,249,254,255,:
110:59,62,107,108,109,111,112,243,245,246,247,248,249,254,255,:
111:58,59,60,61,62,107,108,109,110,112,248,249,254,255,256,:
112:62,107,108,109,110,111,243,249,254,255,:
113:1,4,5,7,98,99,100,101,102,103,104,105,114,115,116,117,118,119,120,121,122,130,142,:
114:1,3,4,5,6,7,98,99,100,101,102,103,104,105,113,115,116,118,119,120,121,122,:
115:4,7,102,103,104,113,114,116,117,118,119,120,121,122,123,130,142,186,:
116:7,103,104,113,114,115,117,118,119,121,122,123,124,125,126,128,129,130,141,142,151,158,160,:
117:103,104,113,115,116,118,121,122,123,124,125,129,130,141,142,143,144,146,150,151,152,155,156,157,158,159,160,:
118:4,7,8,103,113,114,115,116,117,119,120,121,122,185,186,191,208,:
119:4,113,114,115,116,118,120,186,191,244,:
120:1,4,8,103,113,114,115,118,119,244,:
121:7,98,99,103,104,113,114,115,116,117,118,122,123,124,125,126,127,128,129,130,142,151,:
122:5,6,7,37,97,98,99,100,102,103,104,113,114,115,116,117,118,121,123,124,126,127,128,129,130,:
123:7,115,116,117,121,122,124,125,126,127,128,129,130,131,142,151,160,168,177,179,:
124:99,116,117,121,122,123,125,126,127,129,130,131,132,133,134,141,142,150,151,161,162,167,168,379,380,:
125:116,117,121,123,124,126,129,130,131,132,133,141,142,150,151,152,153,155,161,162,163,166,167,168,:
126:7,19,20,34,37,99,116,121,122,123,124,125,127,128,129,130,179,378,379,381,383,:
127:6,7,9,15,19,20,34,37,121,122,123,124,126,128,178,179,208,:
128:5,6,7,8,9,15,19,34,37,116,121,122,123,126,127,179,205,208,:
129:99,103,104,116,117,121,122,123,124,125,126,130,131,132,133,134,135,141,142,151,162,168,379,380,381,382,:
130:98,99,100,102,103,104,113,115,116,117,121,122,123,124,125,126,129,131,132,134,141,142,379,380,381,382,383,:
131:99,104,123,124,125,129,130,132,133,134,135,136,137,141,142,143,151,162,379,380,382,:
132:104,124,125,129,130,131,133,134,135,136,137,141,142,143,144,145,146,150,151,161,162,:
133:124,125,129,131,132,134,135,136,137,141,142,143,144,145,150,151,161,162,163,164,166,:
134:99,104,124,129,130,131,132,133,135,136,137,138,139,141,142,267,380,382,:
135:129,131,132,133,134,136,137,138,139,140,141,142,267,:
136:131,132,133,134,135,137,138,139,140,380,433,:
137:131,132,133,134,135,136,138,139,140,141,142,:
138:134,135,136,137,139,140,431,433,:
139:134,135,136,137,138,140,:
140:135,136,137,138,139,:
141:104,116,117,124,125,129,130,131,132,133,134,135,137,142,143,144,145,146,147,148,150,151,162,:
142:103,104,113,115,116,117,121,123,124,125,129,130,131,132,133,134,135,137,141,143,144,146,147,150,151,:
143:104,117,131,132,133,141,142,144,145,146,147,148,149,150,151,152,162,:
144:117,132,133,141,142,143,145,146,147,148,150,151,152,153,154,155,161,162,:
145:132,133,141,143,144,146,148,150,151,152,153,154,161,162,:
146:104,117,132,141,142,143,144,145,147,148,149,150,151,:
147:48,104,141,142,143,144,146,148,149,:
148:141,143,144,145,146,147,149,150,151,227,:
149:104,143,146,147,148,238,241,:
150:117,124,125,132,133,141,142,143,144,145,146,148,151,152,153,154,155,156,157,158,161,162,:
151:116,117,121,123,124,125,129,131,132,133,141,142,143,144,145,146,148,150,152,153,155,156,157,158,160,161,162,:
152:117,125,143,144,145,150,151,153,154,155,156,157,158,160,161,162,163,:
153:125,144,145,150,151,152,154,155,156,161,162,163,164,165,166,168,:
154:144,145,150,152,153,155,161,162,163,164,165,:
155:117,125,144,150,151,152,153,154,156,157,158,159,160,161,162,177,:
156:117,150,151,152,153,155,157,158,159,160,177,181,182,185,:
157:117,150,151,152,155,156,158,159,160,181,182,183,185,186,:
158:116,117,150,151,152,155,156,157,159,160,172,176,177,181,182,184,185,:
159:117,155,156,157,158,160,177,181,182,183,184,185,186,208,:
160:116,117,123,151,152,155,156,157,158,159,172,175,176,177,178,185,208,:
161:124,125,132,133,144,145,150,151,152,153,154,155,162,163,164,165,166,167,168,169,:
162:124,125,129,131,132,133,141,143,144,145,150,151,152,153,154,155,161,163,164,166,167,168,:
163:125,133,152,153,154,161,162,164,165,166,167,168,169,:
164:133,153,154,161,162,163,165,166,167,169,:
165:153,154,161,163,164,166,169,:
166:125,133,153,161,162,163,164,165,167,168,169,:
167:124,125,161,162,163,164,166,168,169,375,376,377,378,:
168:123,124,125,129,153,161,162,163,166,167,169,377,378,:
169:161,163,164,165,166,167,168,432,433,:
170:171,172,173,174,175,176,177,178,:
171:170,172,173,175,176,177,178,180,:
172:158,160,170,171,173,174,175,176,177,178,180,:
173:170,171,172,174,175,176,:
174:170,172,173,175,201,:
175:160,170,171,172,173,174,176,177,178,179,180,208,:
176:158,160,170,171,172,173,175,177,178,179,180,208,:
177:123,155,156,158,159,160,170,171,172,175,176,178,179,180,208,:
178:127,160,170,171,172,175,176,177,179,180,208,:
179:123,126,127,128,175,176,177,178,180,:
180:16,171,172,175,176,177,178,179,:
181:156,157,158,159,182,183,184,185,186,187,188,232,:
182:156,157,158,159,181,183,184,185,186,:
183:157,159,181,182,184,185,186,187,188,189,232,233,234,:
184:158,159,181,182,183,185,186,187,188,189,190,191,192,200,201,:
185:118,156,157,158,159,160,181,182,183,184,186,187,188,189,190,191,200,201,208,:
186:115,118,119,157,159,181,182,183,184,185,187,188,231,232,233,:
187:181,183,184,185,186,188,189,190,191,192,193,200,201,:
188:181,183,184,185,186,187,189,190,191,192,193,234,:
189:183,184,185,187,188,190,191,192,193,194,200,201,202,:
190:184,185,187,188,189,191,192,193,200,201,202,203,204,205,209,210,:
191:118,119,184,185,187,188,189,190,192,200,201,202,203,209,210,213,:
192:184,187,188,189,190,191,193,194,195,200,201,:
193:187,188,189,190,192,194,195,196,:
194:189,192,193,195,196,197,198,199,:
195:192,193,194,196,197,198,199,:
196:193,194,195,197,198,199,:
197:194,195,196,198,199,:
198:194,195,196,197,199,:
199:194,195,196,197,198,:
200:184,185,187,189,190,191,192,201,202,203,204,205,206,207,208,209,210,:
201:174,184,185,187,189,190,191,192,200,202,203,204,205,206,207,208,:
202:8,189,190,191,200,201,203,204,205,206,207,208,209,210,211,:
203:8,190,191,200,201,202,204,205,206,207,208,209,210,211,212,213,:
204:190,200,201,202,203,205,206,207,209,210,211,:
205:8,32,128,190,200,201,202,203,204,206,207,208,209,210,:
206:32,200,201,202,203,204,205,207,208,:
207:32,200,201,202,203,204,205,206,208,209,:
208:7,8,118,127,128,159,160,175,176,177,178,185,200,201,202,203,205,206,207,:
209:8,190,191,200,202,203,204,205,207,210,211,212,213,214,215,:
210:2,6,8,190,191,200,202,203,204,205,209,211,212,213,214,:
211:202,203,204,209,210,212,213,214,215,216,:
212:203,209,210,211,213,214,215,216,217,218,219,:
213:191,203,209,210,211,212,214,215,216,217,218,:
214:209,210,211,212,213,215,216,217,218,219,220,221,:
215:209,211,212,213,214,216,217,219,221,:
216:81,211,212,213,214,215,217,218,219,220,221,:
217:212,213,214,215,216,218,219,220,221,:
218:212,213,214,216,217,219,220,:
219:81,212,214,215,216,217,218,220,221,:
220:214,216,217,218,219,221,:
221:81,214,215,216,217,219,220,:
222:223,224,225,226,227,228,229,:
223:222,224,225,226,227,228,229,:
224:222,223,225,226,227,228,229,230,:
225:222,223,224,226,227,228,:
226:222,223,224,225,227,:
227:148,222,223,224,225,226,228,229,230,231,232,:
228:222,223,224,225,227,229,230,231,232,233,:
229:222,223,224,227,228,230,231,232,233,234,235,237,:
230:224,227,228,229,231,232,233,234,:
231:186,227,228,229,230,232,233,234,235,237,241,:
232:181,183,186,227,228,229,230,231,233,234,235,:
233:183,186,228,229,230,231,232,234,235,:
234:183,188,229,230,231,232,233,235,:
235:229,231,232,233,234,:
236:237,238,239,240,241,242,245,246,:
237:229,231,236,238,239,240,241,:
238:45,149,236,237,239,240,241,242,243,244,245,246,247,:
239:45,236,237,238,240,241,242,243,245,246,247,248,249,250,251,253,:
240:236,237,238,239,241,242,243,245,246,247,248,253,:
241:149,231,236,237,238,239,240,242,243,244,245,246,:
242:236,238,239,240,241,243,244,245,246,:
243:107,108,109,110,112,238,239,240,241,242,244,245,246,248,249,:
244:119,120,238,241,242,243,:
245:45,110,236,238,239,240,241,242,243,246,247,248,249,250,251,253,:
246:41,42,43,44,45,49,110,236,238,239,240,241,242,243,245,247,248,249,250,251,253,:
247:45,110,238,239,240,245,246,248,249,250,251,252,253,:
248:109,110,111,239,240,243,245,246,247,249,250,251,254,:
249:45,59,107,108,109,110,111,112,239,243,245,246,247,248,250,254,255,:
250:45,239,245,246,247,248,249,251,252,253,:
251:42,45,239,245,246,247,248,250,252,253,:
252:247,250,251,253,:
253:239,240,245,246,247,250,251,252,:
254:59,62,109,110,111,112,248,249,255,256,257,258,:
255:62,109,110,111,112,249,254,256,257,258,:
256:56,59,61,62,111,254,255,257,258,:
257:254,255,256,258,:
258:254,255,256,257,:
259:53,260,261,262,263,264,265,266,:
260:50,52,53,58,60,259,261,262,263,264,265,:
261:53,259,260,262,263,264,265,266,267,:
262:259,260,261,263,264,265,266,:
263:53,60,64,92,93,259,260,261,262,264,266,:
264:53,259,260,261,262,263,265,266,267,:
265:259,260,261,262,264,266,267,:
266:91,92,93,259,261,262,263,264,265,267,297,298,299,:
267:47,134,135,261,264,265,266,:
268:269,270,271,272,273,292,297,:
269:89,92,268,270,271,273,:
270:268,269,271,272,273,292,295,297,298,:
271:268,269,270,272,273,282,283,284,295,:
272:268,270,271,273,281,282,283,284,285,286,287,288,289,290,295,:
273:91,268,269,270,271,272,297,298,306,307,308,310,:
274:275,276,277,278,279,280,291,292,:
275:274,276,277,278,279,291,357,:
276:274,275,277,278,279,280,281,291,292,293,:
277:274,275,276,278,279,280,281,291,292,293,294,295,296,299,357,:
278:274,275,276,277,279,280,281,286,291,292,293,294,295,319,356,357,358,360,:
279:274,275,276,277,278,280,281,282,291,292,:
280:274,276,277,278,279,281,282,283,284,286,:
281:272,276,277,278,279,280,282,283,284,285,286,287,288,289,291,292,295,:
282:271,272,279,280,281,283,284,285,286,287,288,289,290,295,:
283:271,272,280,281,282,284,285,286,288,289,290,:
284:271,272,280,281,282,283,285,286,287,288,289,290,295,344,346,:
285:272,281,282,283,284,286,287,288,289,290,294,295,303,304,313,315,319,344,346,:
286:272,278,280,281,282,283,284,285,287,288,290,294,295,300,302,303,304,313,314,315,318,319,346,:
287:272,281,282,284,285,286,288,289,290,295,303,304,313,315,339,343,344,345,346,:
288:272,281,282,283,284,285,286,287,289,290,344,345,346,:
289:272,281,282,283,284,285,287,288,290,345,346,:
290:272,282,283,284,285,286,287,288,289,343,344,345,346,:
291:274,275,276,277,278,279,281,292,293,294,295,296,297,298,299,300,301,357,:
292:268,270,274,276,277,278,279,281,291,293,294,295,296,297,298,299,:
293:276,277,278,291,292,294,295,296,297,298,299,300,301,302,314,357,360,:
294:277,278,285,286,291,292,293,295,296,297,298,299,300,301,302,303,305,306,313,314,360,:
295:270,271,272,277,278,281,282,284,285,286,287,291,292,293,294,296,297,300,301,302,303,304,305,306,313,314,:
296:91,277,291,292,293,294,295,297,298,299,300,301,382,:
297:90,91,266,268,270,273,291,292,293,294,295,296,298,299,300,301,306,:
298:89,90,91,95,97,266,270,273,291,292,293,294,296,297,299,306,382,:
299:91,266,277,291,292,293,294,296,297,298,301,363,381,382,:
300:22,23,286,291,293,294,295,296,297,301,302,303,304,305,306,313,314,360,:
301:21,22,23,24,38,291,293,294,295,296,297,299,300,302,303,305,306,313,314,360,367,374,:
302:22,23,24,38,286,293,294,295,300,301,303,304,305,306,307,313,314,315,322,328,331,:
303:285,286,287,294,295,300,301,302,304,305,306,313,314,315,316,317,318,321,322,328,330,331,339,:
304:285,286,287,295,300,302,303,305,313,314,315,316,317,321,322,324,328,330,331,332,335,338,339,346,:
305:294,295,300,301,302,303,304,306,307,308,313,314,:
306:21,22,23,24,28,273,294,295,297,298,300,301,302,303,305,307,308,309,:
307:273,302,305,306,308,309,310,311,312,:
308:12,18,19,28,29,86,273,305,306,307,309,310,311,312,:
309:11,12,29,31,86,306,307,308,310,311,312,:
310:29,85,86,273,307,308,309,311,312,:
311:11,12,29,31,86,307,308,309,310,312,:
312:9,10,11,12,29,30,31,85,86,307,308,309,310,311,:
313:285,286,287,294,295,300,301,302,303,304,305,314,315,316,317,318,319,320,321,322,328,331,360,:
314:286,293,294,295,300,301,302,303,304,305,313,315,316,318,319,320,321,322,328,359,360,:
315:285,286,287,302,303,304,313,314,316,317,318,319,320,321,322,323,331,339,346,:
316:303,304,313,314,315,317,318,319,320,321,322,323,324,325,326,328,330,331,338,339,:
317:303,304,313,315,316,318,320,321,322,323,324,325,330,331,338,339,340,341,343,:
318:286,303,313,314,315,316,317,319,320,321,322,360,:
319:278,285,286,313,314,315,316,318,320,356,357,360,:
320:313,314,315,316,317,318,319,321,322,356,358,359,360,414,415,417,:
321:303,304,313,314,315,316,317,318,320,322,323,324,325,326,327,328,330,331,339,:
322:38,302,303,304,313,314,315,316,317,318,320,321,323,324,326,327,328,329,330,331,370,371,372,:
323:315,316,317,321,322,324,325,326,327,328,329,330,331,332,339,420,421,:
324:304,316,317,321,322,323,325,326,327,328,329,330,331,332,333,334,335,338,339,348,353,354,:
325:316,317,321,323,324,326,327,330,331,332,333,334,338,339,347,348,349,352,353,354,:
326:316,321,322,323,324,325,327,328,329,330,331,370,371,372,420,421,:
327:24,26,38,40,321,322,323,324,325,326,328,329,330,331,370,371,372,:
328:22,23,24,25,26,38,40,302,303,304,313,314,316,321,322,323,324,326,327,329,330,331,370,371,372,:
329:24,25,26,38,39,40,322,323,324,326,327,328,330,331,371,372,:
330:303,304,316,317,321,322,323,324,325,326,327,328,329,331,332,333,334,335,336,338,339,348,354,:
331:38,40,302,303,304,313,315,316,317,321,322,323,324,325,326,327,328,329,330,332,333,335,336,338,339,:
332:304,323,324,325,330,331,333,334,335,336,337,338,339,340,348,:
333:324,325,330,331,332,334,335,336,337,338,339,340,341,342,343,347,348,:
334:324,325,330,332,333,335,336,338,339,340,341,342,347,348,352,:
335:304,324,330,331,332,333,334,336,337,338,339,:
336:330,331,332,333,334,335,337,338,:
337:332,333,335,336,:
338:304,316,317,324,325,330,331,332,333,334,335,336,339,340,341,342,343,344,346,348,:
339:287,303,304,315,316,317,321,323,324,325,330,331,332,333,334,335,338,340,341,343,344,346,:
340:317,332,333,334,338,339,341,342,343,344,345,346,348,:
341:317,333,334,338,339,340,342,343,344,347,348,:
342:333,334,338,340,341,343,347,348,:
343:287,290,317,333,338,339,340,341,342,344,345,346,:
344:284,285,287,288,290,338,339,340,341,343,345,346,:
345:287,288,289,290,340,343,344,346,:
346:284,285,286,287,288,289,290,304,315,338,339,340,343,344,345,:
347:325,333,334,341,342,348,349,350,351,352,353,354,355,:
348:324,325,330,332,333,334,338,340,341,342,347,349,350,352,353,354,:
349:325,347,348,350,351,352,353,354,355,:
350:347,348,349,351,352,353,355,:
351:347,349,350,352,355,:
352:325,334,347,348,349,350,351,353,354,355,:
353:324,325,347,348,349,350,352,354,355,:
354:324,325,330,347,348,349,352,353,355,:
355:347,349,350,351,352,353,354,:
356:278,319,320,357,358,359,360,361,362,363,365,366,:
357:275,277,278,291,293,319,356,358,359,360,361,362,363,365,:
358:278,320,356,357,359,360,361,362,363,364,365,366,367,413,:
359:314,320,356,357,358,360,361,362,363,365,366,367,368,370,:
360:278,293,294,300,301,313,314,318,319,320,356,357,358,359,361,362,363,365,366,367,370,:
361:356,357,358,359,360,362,363,364,365,366,422,423,430,:
362:356,357,358,359,360,361,363,364,365,366,:
363:299,356,357,358,359,360,361,362,364,365,366,432,:
364:358,361,362,363,428,429,430,432,:
365:356,357,358,359,360,361,362,363,366,367,368,369,370,371,373,374,415,:
366:356,358,359,360,361,362,363,365,367,368,369,370,373,415,430,:
367:23,301,358,359,360,365,366,368,369,370,371,372,373,374,375,385,398,:
368:23,359,365,366,367,369,370,371,372,373,374,375,376,378,384,385,397,398,:
369:365,366,367,368,370,371,373,374,375,376,377,384,385,397,398,399,400,401,430,432,:
370:38,322,326,327,328,359,360,365,366,367,368,369,371,372,373,374,385,398,415,417,:
371:23,24,38,322,326,327,328,329,365,367,368,369,370,372,373,374,384,385,386,387,389,397,398,:
372:38,322,326,327,328,329,367,368,370,371,384,385,386,387,389,397,398,402,:
373:22,23,365,366,367,368,369,370,371,374,375,376,377,378,379,380,381,383,384,385,398,:
374:20,21,22,23,24,38,301,365,367,368,369,370,371,373,375,376,378,379,380,381,382,383,384,385,:
375:23,167,367,368,369,373,374,376,377,378,379,380,381,383,384,385,386,398,:
376:167,368,369,373,374,375,377,378,379,384,385,386,387,389,397,398,:
377:167,168,369,373,375,376,378,384,385,386,387,397,398,:
378:20,23,126,167,168,368,373,374,375,376,377,379,380,381,382,383,384,385,:
379:20,124,126,129,130,131,373,374,375,376,378,380,381,382,383,:
380:124,129,130,131,134,136,373,374,375,378,379,381,382,383,432,:
381:19,20,21,23,99,126,129,130,299,373,374,375,378,379,380,382,383,:
382:20,97,98,99,129,130,131,134,296,298,299,374,378,379,380,381,383,:
383:19,20,21,22,23,37,97,99,126,130,373,374,375,378,379,380,381,382,:
384:368,369,371,372,373,374,375,376,377,378,385,386,387,388,389,390,397,398,:
385:22,23,24,38,367,368,369,370,371,372,373,374,375,376,377,378,384,386,387,389,390,397,398,:
386:371,372,375,376,377,384,385,387,388,389,390,391,397,398,399,:
387:371,372,376,377,384,385,386,388,389,390,397,398,399,400,402,:
388:384,386,387,389,397,398,399,402,:
389:371,372,376,384,385,386,387,388,390,391,392,397,398,:
390:384,385,386,387,389,391,392,393,394,395,396,:
391:25,26,39,40,386,389,390,392,393,394,395,396,:
392:25,26,27,39,40,389,390,391,393,394,395,396,:
393:35,390,391,392,394,395,396,:
394:390,391,392,393,395,396,:
395:16,390,391,392,393,394,396,:
396:16,35,390,391,392,393,394,395,:
397:368,369,371,372,376,377,384,385,386,387,388,389,398,399,400,401,402,403,407,:
398:367,368,369,370,371,372,373,375,376,377,384,385,386,387,388,389,397,399,400,401,402,:
399:369,386,387,388,397,398,400,401,402,403,404,405,406,407,:
400:369,387,397,398,399,401,402,403,405,406,407,:
401:369,397,398,399,400,402,403,404,405,406,407,:
402:372,387,388,397,398,399,400,401,403,404,405,406,407,:
403:397,399,400,401,402,404,405,406,407,:
404:399,401,402,403,405,406,407,:
405:399,400,401,402,403,404,406,407,:
406:399,400,401,402,403,404,405,407,:
407:397,399,400,401,402,403,404,405,406,:
408:409,410,411,412,413,414,415,416,423,:
409:408,410,411,412,413,414,416,:
410:408,409,411,412,413,414,415,416,423,:
411:408,409,410,412,413,414,422,423,:
412:408,409,410,411,413,422,423,:
413:358,408,409,410,411,412,414,415,416,417,418,423,:
414:320,408,409,410,411,413,415,416,417,418,419,:
415:320,365,366,370,408,410,413,414,416,417,418,419,420,421,:
416:408,409,410,413,414,415,417,418,419,420,:
417:320,370,413,414,415,416,418,419,420,421,:
418:413,414,415,416,417,419,420,421,:
419:414,415,416,417,418,420,421,:
420:323,326,415,416,417,418,419,421,:
421:323,326,415,417,418,419,420,:
422:361,411,412,423,424,425,426,427,428,:
423:361,408,410,411,412,413,422,424,425,427,428,:
424:422,423,425,426,427,428,429,430,:
425:422,423,424,426,427,428,429,:
426:422,424,425,427,428,429,:
427:422,423,424,425,426,428,429,430,431,432,:
428:364,422,423,424,425,426,427,429,430,431,432,433,:
429:364,424,425,426,427,428,430,431,432,433,:
430:361,364,366,369,424,427,428,429,431,432,433,:
431:138,427,428,429,430,432,433,:
432:169,363,364,369,380,427,428,429,430,431,433,:
433:136,138,169,428,429,430,431,432,:
