1:2,3,4,5,7,8,9,10,12,13,14,15,18,19,20,335,336,337,339,368,385,386,387,395,396,397,:
2:1,3,4,5,6,7,8,9,10,11,12,13,14,15,16,17,18,19,20,21,22,385,386,387,396,397,:
3:1,2,4,5,6,7,8,11,12,13,14,15,16,17,18,19,141,142,165,339,341,386,:
4:1,2,3,5,6,7,8,11,12,13,14,15,16,18,111,139,141,142,143,164,165,166,385,386,387,:
5:1,2,3,4,6,7,8,11,13,14,15,16,17,18,19,142,164,165,174,175,176,306,307,308,:
6:2,3,4,5,7,8,9,11,13,14,15,16,17,18,19,165,174,175,176,238,239,306,307,308,:
7:1,2,3,4,5,6,8,9,10,11,12,13,14,16,17,18,19,20,21,22,236,238,239,240,242,271,308,:
8:1,2,3,4,5,6,7,9,10,12,13,14,16,17,18,19,20,21,22,242,271,:
9:1,2,6,7,8,10,12,13,17,18,19,20,21,22,242,244,270,271,395,396,397,415,417,:
10:1,2,7,8,9,12,13,17,18,19,20,21,22,268,270,271,272,395,396,397,417,:
11:2,3,4,5,6,7,14,15,16,19,142,162,163,164,165,166,173,174,175,176,306,307,308,:
12:1,2,3,4,7,8,9,10,13,14,19,20,21,22,335,336,339,368,385,386,387,394,395,396,397,:
13:1,2,3,4,5,6,7,8,9,10,12,14,15,17,18,19,20,21,22,385,386,387,395,396,397,:
14:1,2,3,4,5,6,7,8,11,12,13,15,19,141,142,143,145,165,337,339,340,341,386,:
15:1,2,3,4,5,6,11,13,14,111,139,141,142,143,145,164,165,166,386,:
16:2,3,4,5,6,7,8,11,17,18,19,173,174,175,176,236,238,239,306,307,308,:
17:2,3,5,6,7,8,9,10,13,16,18,19,20,21,22,235,236,237,238,239,240,241,242,244,270,271,272,308,:
18:1,2,3,4,5,6,7,8,9,10,13,16,17,19,20,21,22,270,271,272,:
19:1,2,3,5,6,7,8,9,10,11,12,13,14,16,17,18,20,21,240,242,244,308,332,333,334,335,336,337,339,:
20:1,2,7,8,9,10,12,13,17,18,19,21,22,244,271,333,335,336,395,396,397,415,417,:
21:2,7,8,9,10,12,13,17,18,19,20,22,237,240,241,242,243,244,270,271,415,417,420,:
22:2,7,8,9,10,12,13,17,18,20,21,268,269,270,271,272,395,396,397,415,417,418,419,420,:
23:24,25,26,27,28,29,31,33,51,:
24:23,25,26,27,28,29,31,33,:
25:23,24,26,27,28,29,30,31,33,51,54,:
26:23,24,25,27,28,29,34,35,54,:
27:23,24,25,26,28,35,344,345,347,:
28:23,24,25,26,27,29,30,31,32,33,338,340,:
29:23,24,25,26,28,30,31,32,33,62,293,338,340,:
30:25,28,29,31,32,33,55,56,57,60,61,62,63,293,338,340,:
31:23,24,25,28,29,30,32,33,62,292,293,301,305,326,328,338,:
32:28,29,30,31,33,62,292,293,299,301,304,305,:
33:23,24,25,28,29,30,31,32,293,326,327,328,331,:
34:26,35,36,37,38,39,40,41,54,:
35:26,27,34,36,37,39,40,41,:
36:34,35,37,38,39,40,41,42,46,79,:
37:34,35,36,38,39,40,41,42,46,:
38:34,36,37,39,40,42,46,:
39:34,35,36,37,38,40,41,42,43,45,46,79,80,147,:
40:34,35,36,37,38,39,41,42,43,44,45,46,47,48,146,:
41:34,35,36,37,39,40,42,43,44,45,46,47,351,352,367,:
42:36,37,38,39,40,41,43,44,45,46,47,48,49,146,:
43:39,40,41,42,44,45,46,47,49,351,352,356,357,362,363,366,367,:
44:40,41,42,43,45,47,348,350,351,352,353,356,357,362,363,366,367,:
45:39,40,41,42,43,44,46,47,48,49,363,366,:
46:36,37,38,39,40,41,42,43,45,47,48,49,146,:
47:40,41,42,43,44,45,46,48,49,375,:
48:40,42,45,46,47,49,:
49:42,43,45,46,47,48,:
50:51,52,53,54,55,56,:
51:23,25,50,52,53,54,55,:
52:50,51,53,54,55,56,57,:
53:50,51,52,54,55,56,:
54:25,26,34,50,51,52,53,55,56,:
55:30,50,51,52,53,54,56,57,58,62,:
56:30,50,52,53,54,55,57,58,59,60,61,62,75,77,:
57:30,52,55,56,58,59,60,61,62,63,64,65,293,296,297,:
58:55,56,57,59,60,61,62,63,64,65,66,75,295,296,297,298,:
59:56,57,58,60,61,62,64,65,66,75,296,297,298,:
60:30,56,57,58,59,61,62,63,64,65,66,75,77,163,296,298,307,:
61:30,56,57,58,59,60,62,63,64,65,66,77,80,163,305,306,307,:
62:29,30,31,32,55,56,57,58,59,60,61,63,64,66,80,293,305,306,307,340,:
63:30,57,58,60,61,62,64,65,66,80,162,163,305,306,307,338,340,:
64:57,58,59,60,61,62,63,65,66,158,162,163,168,218,219,298,307,:
65:57,58,59,60,61,63,64,66,158,163,168,196,198,296,298,:
66:58,59,60,61,62,63,64,65,158,161,162,163,168,218,307,:
67:68,69,70,71,72,73,75,:
68:67,69,70,71,72,73,74,75,77,:
69:67,68,70,71,72,73,74,75,:
70:67,68,69,71,72,73,74,:
71:67,68,69,70,72,73,74,:
72:67,68,69,70,71,73,74,75,76,77,:
73:67,68,69,70,71,72,74,75,76,77,78,:
74:68,69,70,71,72,73,75,76,77,78,79,156,157,161,:
75:56,58,59,60,67,68,69,72,73,74,76,77,78,79,80,:
76:72,73,74,75,77,78,79,80,161,:
77:56,60,61,68,72,73,74,75,76,78,79,80,:
78:73,74,75,76,77,79,80,:
79:36,39,74,75,76,77,78,80,147,:
80:39,61,62,63,75,76,77,78,79,147,340,341,:
81:82,83,84,85,86,87,92,93,157,:
82:81,83,84,85,86,92,:
83:81,82,84,85,86,87,88,89,92,93,94,105,157,160,:
84:81,82,83,85,86,87,88,92,93,94,95,96,97,104,105,108,160,:
85:81,82,83,84,86,87,92,93,94,95,96,104,105,108,:
86:81,82,83,84,85,87,88,89,90,91,92,93,105,108,154,155,:
87:81,83,84,85,86,88,89,90,91,92,93,104,105,108,154,155,161,164,166,:
88:83,84,86,87,89,90,91,92,93,104,105,106,108,109,111,142,160,161,162,164,165,166,:
89:83,86,87,88,90,91,105,108,133,138,139,140,141,142,143,144,145,148,149,153,154,155,166,:
90:86,87,88,89,91,133,138,139,140,141,142,143,144,145,146,147,149,154,164,166,:
91:86,87,88,89,90,133,138,140,143,144,145,146,148,149,150,153,154,155,:
92:81,82,83,84,85,86,87,88,93,94,95,96,97,98,104,105,160,:
93:81,83,84,85,86,87,88,92,94,95,97,104,105,156,157,158,159,160,:
94:83,84,85,92,93,95,96,97,98,99,100,104,105,106,160,:
95:84,85,92,93,94,96,97,98,100,104,105,106,107,108,109,110,:
96:84,85,92,94,95,97,98,99,100,104,105,106,107,108,:
97:84,92,93,94,95,96,98,99,100,101,102,104,105,160,170,171,178,:
98:92,94,95,96,97,99,100,101,102,103,171,178,:
99:94,96,97,98,100,101,102,103,177,178,:
100:94,95,96,97,98,99,101,102,103,115,117,119,171,178,:
101:97,98,99,100,102,103,177,178,181,:
102:97,98,99,100,101,103,182,184,:
103:98,99,100,101,102,178,181,182,:
104:84,85,87,88,92,93,94,95,96,97,105,106,107,108,109,110,111,112,120,:
105:83,84,85,86,87,88,89,92,93,94,95,96,97,104,106,107,108,109,110,111,160,166,:
106:88,94,95,96,104,105,107,108,109,110,111,112,116,120,121,122,133,:
107:95,96,104,105,106,108,109,110,120,121,122,123,125,128,132,133,:
108:84,85,86,87,88,89,95,96,104,105,106,107,109,120,121,122,123,132,133,149,:
109:88,95,104,105,106,107,108,110,111,112,113,115,116,120,121,128,133,139,142,:
110:95,104,105,106,107,109,111,112,113,114,115,116,117,118,121,:
111:4,15,88,104,105,106,109,110,112,113,114,115,116,117,142,164,165,166,175,:
112:104,106,109,110,111,113,114,115,116,117,118,119,:
113:109,110,111,112,114,115,116,117,119,172,174,175,:
114:110,111,112,113,115,117,172,173,174,175,176,:
115:100,109,110,111,112,113,114,116,117,118,119,175,:
116:106,109,110,111,112,113,115,117,118,119,:
117:100,110,111,112,113,114,115,116,118,119,185,186,:
118:110,112,115,116,117,119,:
119:100,112,113,115,116,117,118,:
120:104,106,107,108,109,121,122,123,124,125,126,127,128,132,133,:
121:106,107,108,109,110,120,122,123,125,126,127,128,132,133,:
122:106,107,108,120,121,123,124,125,126,127,128,132,133,134,149,:
123:107,108,120,121,122,124,125,126,127,128,132,133,134,135,137,148,149,:
124:120,122,123,125,126,132,133,134,135,148,149,:
125:107,120,121,122,123,124,126,127,128,129,131,132,133,:
126:120,121,122,123,124,125,127,128,129,130,131,132,133,:
127:120,121,122,123,125,126,128,129,130,131,:
128:107,109,120,121,122,123,125,126,127,129,130,131,132,133,:
129:125,126,127,128,130,131,381,:
130:126,127,128,129,131,381,382,:
131:125,126,127,128,129,130,:
132:107,108,120,121,122,123,124,125,126,128,133,134,135,136,137,138,139,148,149,:
133:89,90,91,106,107,108,109,120,121,122,123,124,125,126,128,132,134,135,137,138,139,140,141,148,149,:
134:122,123,124,132,133,135,136,137,138,139,140,148,149,150,:
135:123,124,132,133,134,136,137,138,140,144,148,149,150,151,153,:
136:132,134,135,137,138,144,148,149,150,151,153,:
137:123,132,133,134,135,136,138,139,140,141,143,144,148,149,377,381,383,384,:
138:89,90,91,132,133,134,135,136,137,139,140,141,142,143,144,145,146,148,149,366,383,384,:
139:4,15,89,90,109,132,133,134,137,138,140,141,142,143,144,145,383,384,385,386,387,:
140:89,90,91,133,134,135,137,138,139,141,142,143,144,145,146,147,148,149,366,367,:
141:3,4,14,15,89,90,133,137,138,139,140,142,143,144,145,147,165,166,385,386,:
142:3,4,5,11,14,15,88,89,90,109,111,138,139,140,141,143,145,164,165,166,385,386,:
143:4,14,15,89,90,91,137,138,139,140,141,142,144,145,146,147,166,367,:
144:89,90,91,135,136,137,138,139,140,141,143,145,146,147,148,366,:
145:14,15,89,90,91,138,139,140,141,142,143,144,146,147,164,165,166,:
146:40,42,46,90,91,138,140,143,144,145,147,:
147:39,79,80,90,140,141,143,144,145,146,:
148:89,91,123,124,132,133,134,135,136,137,138,140,144,149,150,151,152,153,154,155,:
149:89,90,91,108,122,123,124,132,133,134,135,136,137,138,140,148,150,151,152,153,154,155,:
150:91,134,135,136,148,149,151,152,153,154,155,:
151:135,136,148,149,150,152,153,154,155,:
152:148,149,150,151,153,154,155,:
153:89,91,135,136,148,149,150,151,152,154,155,:
154:86,87,89,90,91,148,149,150,151,152,153,155,:
155:86,87,89,91,148,149,150,151,152,153,154,:
156:74,93,157,158,159,160,161,162,167,168,:
157:74,81,83,93,156,158,159,160,161,:
158:64,65,66,93,156,157,159,160,161,162,163,164,166,167,168,169,:
159:93,156,157,158,160,161,162,163,164,166,167,168,169,170,171,172,173,:
160:83,84,88,92,93,94,97,105,156,157,158,159,161,162,164,166,167,168,169,170,171,172,:
161:66,74,76,87,88,156,157,158,159,160,162,163,164,165,166,167,168,:
162:11,63,64,66,88,156,158,159,160,161,163,164,165,166,167,168,173,307,:
163:11,60,61,63,64,65,66,158,159,161,162,164,165,166,167,168,173,307,:
164:4,5,11,15,87,88,90,111,142,145,158,159,160,161,162,163,165,166,:
165:3,4,5,6,11,14,15,88,111,141,142,145,161,162,163,164,166,173,174,307,:
166:4,11,15,87,88,89,90,105,111,141,142,143,145,158,159,160,161,162,163,164,165,:
167:156,158,159,160,161,162,163,168,169,170,171,172,173,197,198,:
168:64,65,66,156,158,159,160,161,162,163,167,169,170,172,173,196,197,198,218,:
169:158,159,160,167,168,170,171,172,173,174,198,:
170:97,159,160,167,168,169,171,172,173,177,178,:
171:97,98,100,159,160,167,169,170,172,177,178,183,207,:
172:113,114,159,160,167,168,169,170,171,173,174,175,176,205,207,:
173:11,16,114,159,162,163,165,167,168,169,170,172,174,175,176,205,216,218,:
174:5,6,11,16,113,114,165,169,172,173,175,176,205,206,216,218,:
175:5,6,11,16,111,113,114,115,172,173,174,176,205,206,:
176:5,6,11,16,114,172,173,174,175,205,214,215,216,218,238,239,306,307,308,:
177:99,101,170,171,178,179,180,181,182,183,:
178:97,98,99,100,101,103,170,171,177,179,180,181,182,183,:
179:177,178,180,181,182,183,184,:
180:177,178,179,181,182,183,:
181:101,103,177,178,179,180,182,:
182:102,103,177,178,179,180,181,183,184,185,:
183:171,177,178,179,180,182,184,185,186,187,189,207,:
184:102,179,182,183,185,186,187,188,189,190,191,192,207,:
185:117,182,183,184,186,187,188,189,190,191,192,193,206,207,208,:
186:117,183,184,185,187,188,189,191,192,193,206,207,208,:
187:183,184,185,186,188,189,190,191,192,193,207,208,:
188:184,185,186,187,189,190,191,192,193,:
189:183,184,185,186,187,188,190,191,193,:
190:184,185,187,188,189,191,192,193,:
191:184,185,186,187,188,189,190,192,193,206,207,208,283,:
192:184,185,186,187,188,190,191,193,206,207,208,283,:
193:185,186,187,188,189,190,191,192,208,283,:
194:195,196,197,198,:
195:194,196,197,:
196:65,168,194,195,197,198,298,:
197:167,168,194,195,196,198,298,:
198:65,167,168,169,194,196,197,199,200,218,219,298,:
199:198,200,201,202,203,204,205,:
200:198,199,201,202,204,205,206,207,:
201:199,200,202,203,204,205,206,209,210,214,215,:
202:199,200,201,203,204,205,209,210,:
203:199,201,202,204,209,210,211,213,:
204:199,200,201,202,203,205,206,207,208,210,:
205:172,173,174,175,176,199,200,201,202,204,206,207,208,216,:
206:174,175,185,186,191,192,200,201,204,205,207,208,:
207:171,172,183,184,185,186,187,191,192,200,204,205,206,208,:
208:185,186,187,191,192,193,204,205,206,207,283,:
209:201,202,203,210,211,212,213,214,215,217,220,221,:
210:201,202,203,204,209,211,212,213,214,215,217,220,:
211:203,209,210,212,213,214,215,216,217,220,221,222,300,303,:
212:209,210,211,213,214,215,220,221,222,223,225,226,303,:
213:203,209,210,211,212,214,220,221,222,223,225,226,286,288,:
214:176,201,209,210,211,212,213,215,216,217,218,219,220,221,239,303,304,:
215:176,201,209,210,211,212,214,216,217,218,219,239,300,304,305,306,:
216:173,174,176,205,211,214,215,217,218,219,239,304,305,306,307,308,:
217:209,210,211,214,215,216,218,219,290,295,298,299,300,305,:
218:64,66,168,173,174,176,198,214,215,216,217,219,298,305,306,307,:
219:64,198,214,215,216,217,218,295,296,298,305,:
220:209,210,211,212,213,214,221,222,223,224,225,226,229,230,303,:
221:209,211,212,213,214,220,222,223,224,225,226,229,302,303,309,311,314,:
222:211,212,213,220,221,223,224,225,226,229,230,231,288,:
223:212,213,220,221,222,224,225,226,229,230,231,232,234,235,236,237,:
224:220,221,222,223,225,229,230,231,234,235,236,237,240,241,303,311,314,321,322,:
225:212,213,220,221,222,223,224,226,227,228,229,230,:
226:212,213,220,221,222,223,225,227,228,:
227:225,226,228,:
228:225,226,227,:
229:220,221,222,223,224,225,230,231,232,233,234,235,236,237,284,286,287,288,:
230:220,222,223,224,225,229,231,232,233,234,235,281,284,285,286,287,288,:
231:222,223,224,229,230,232,233,234,235,236,237,241,246,263,:
232:223,229,230,231,233,234,235,245,246,262,263,274,281,:
233:229,230,231,232,234,245,246,248,262,263,264,265,267,273,274,275,278,279,280,281,282,284,285,:
234:223,224,229,230,231,232,233,235,236,237,238,240,241,263,267,268,269,282,283,284,:
235:17,223,224,229,230,231,232,234,236,237,238,239,240,241,242,243,:
236:7,16,17,223,224,229,231,234,235,237,238,239,240,241,242,:
237:17,21,223,224,229,231,234,235,236,238,239,240,241,242,243,244,:
238:6,7,16,17,176,234,235,236,237,239,240,241,242,244,304,308,:
239:6,7,16,17,176,214,215,216,235,236,237,238,240,242,304,305,306,308,:
240:7,17,19,21,224,234,235,236,237,238,239,241,242,243,244,308,:
241:17,21,224,231,234,235,236,237,238,240,242,243,244,269,322,325,417,418,419,420,:
242:7,8,9,17,19,21,235,236,237,238,239,240,241,243,244,308,331,332,333,:
243:21,235,237,240,241,242,244,321,322,323,324,325,413,414,415,416,417,418,420,:
244:9,17,19,20,21,237,238,240,241,242,243,312,321,322,323,331,332,333,:
245:232,233,246,247,248,249,250,251,262,263,274,:
246:231,232,233,245,247,248,250,262,263,274,420,:
247:245,246,248,249,250,251,252,262,263,264,274,:
248:233,245,246,247,249,250,251,252,260,262,263,264,265,266,267,269,273,274,:
249:245,247,248,250,251,252,260,262,263,264,265,266,273,274,:
250:245,246,247,248,249,251,252,253,254,262,263,419,:
251:245,247,248,249,250,252,253,254,255,260,:
252:247,248,249,250,251,253,254,255,256,257,259,260,261,262,:
253:250,251,252,254,255,256,257,258,259,260,261,419,:
254:250,251,252,253,255,256,257,258,259,260,419,:
255:251,252,253,254,256,257,258,259,260,261,269,418,419,420,:
256:252,253,254,255,257,258,259,260,261,404,405,406,417,418,419,420,:
257:252,253,254,255,256,258,259,261,404,405,416,417,418,419,:
258:253,254,255,256,257,259,260,261,404,405,406,417,418,419,:
259:252,253,254,255,256,257,258,260,261,269,419,:
260:248,249,251,252,253,254,255,256,258,259,261,262,264,269,:
261:252,253,255,256,257,258,259,260,269,:
262:232,233,245,246,247,248,249,250,252,260,263,264,265,266,267,268,269,273,274,420,:
263:231,232,233,234,245,246,247,248,249,250,262,264,265,267,268,269,273,274,419,420,:
264:233,247,248,249,260,262,263,265,266,267,268,269,270,272,273,274,275,:
265:233,248,249,262,263,264,266,267,268,273,274,275,276,278,279,280,:
266:248,249,262,264,265,267,273,274,275,276,:
267:233,234,248,262,263,264,265,266,268,269,270,271,272,273,274,280,:
268:10,22,234,262,263,264,265,267,269,270,271,272,419,420,:
269:22,234,241,248,255,259,260,261,262,263,264,267,268,270,271,272,417,418,419,420,:
270:9,10,17,18,21,22,264,267,268,269,271,272,420,:
271:7,8,9,10,17,18,20,21,22,267,268,269,270,272,397,417,420,:
272:10,17,18,22,264,267,268,269,270,271,:
273:233,248,249,262,263,264,265,266,267,274,275,276,277,278,279,280,:
274:232,233,245,246,247,248,249,262,263,264,265,266,267,273,275,276,278,279,280,281,:
275:233,264,265,266,273,274,276,277,278,279,280,281,:
276:265,266,273,274,275,277,278,279,:
277:273,275,276,278,:
278:233,265,273,274,275,276,277,279,280,281,282,284,285,:
279:233,265,273,274,275,276,278,280,281,282,283,284,285,286,287,:
280:233,265,267,273,274,275,278,279,281,282,283,284,285,286,:
281:230,232,233,274,275,278,279,280,282,283,284,285,286,287,288,:
282:233,234,278,279,280,281,283,284,285,286,288,:
283:191,192,193,208,234,279,280,281,282,284,286,:
284:229,230,233,234,278,279,280,281,282,283,285,286,287,288,:
285:230,233,278,279,280,281,282,284,286,287,288,:
286:213,229,230,279,280,281,282,283,284,285,287,288,:
287:229,230,279,281,284,285,286,288,:
288:213,222,229,230,281,282,284,285,286,287,:
289:290,291,292,293,294,295,299,300,:
290:217,289,291,292,294,295,299,300,:
291:289,290,292,293,294,295,296,299,300,301,:
292:31,32,289,290,291,293,294,295,299,300,301,302,304,305,:
293:29,30,31,32,33,57,62,289,291,292,294,295,299,300,301,304,305,:
294:289,290,291,292,293,295,296,297,298,299,300,:
295:58,217,219,289,290,291,292,293,294,296,297,298,299,300,:
296:57,58,59,60,65,219,291,294,295,297,298,:
297:57,58,59,294,295,296,298,:
298:58,59,60,64,65,196,197,198,217,218,219,294,295,296,297,:
299:32,217,289,290,291,292,293,294,295,300,301,302,303,304,305,309,310,:
300:211,215,217,289,290,291,292,293,294,295,299,301,302,303,304,305,309,:
301:31,32,291,292,293,299,300,302,303,304,305,306,309,310,311,:
302:221,292,299,300,301,303,304,305,309,310,311,312,314,317,:
303:211,212,214,220,221,224,299,300,301,302,304,309,310,311,314,:
304:32,214,215,216,238,239,292,293,299,300,301,302,303,305,306,307,308,309,310,:
305:31,32,61,62,63,215,216,217,218,219,239,292,293,299,300,301,302,304,306,307,308,338,:
306:5,6,11,16,61,62,63,176,215,216,218,239,301,304,305,307,308,338,340,:
307:5,6,11,16,60,61,62,63,64,66,162,163,165,176,216,218,304,305,306,308,338,340,:
308:5,6,7,11,16,17,19,176,216,238,239,240,242,304,305,306,307,338,:
309:221,299,300,301,302,303,304,310,311,312,313,314,315,317,321,322,326,327,:
310:299,301,302,303,304,309,311,312,313,314,315,317,321,326,327,328,331,:
311:221,224,301,302,303,309,310,312,313,314,315,316,317,321,322,323,327,:
312:244,302,309,310,311,313,314,315,316,317,321,322,323,324,326,327,:
313:309,310,311,312,314,315,316,317,321,322,323,326,327,328,329,330,331,:
314:221,224,302,303,309,310,311,312,313,315,316,317,318,319,321,322,:
315:309,310,311,312,313,314,316,317,318,319,320,321,:
316:311,312,313,314,315,317,318,319,320,:
317:302,309,310,311,312,313,314,315,316,318,319,320,:
318:314,315,316,317,319,320,:
319:314,315,316,317,318,320,:
320:315,316,317,318,319,:
321:224,243,244,309,310,311,312,313,314,315,322,323,324,325,327,:
322:224,241,243,244,309,311,312,313,314,321,323,324,325,:
323:243,244,311,312,313,321,322,324,325,330,:
324:243,312,321,322,323,325,:
325:241,243,321,322,323,324,:
326:31,33,309,310,312,313,327,328,329,330,331,332,342,344,:
327:33,309,310,311,312,313,321,326,328,329,330,331,342,:
328:31,33,310,313,326,327,329,330,331,332,333,334,342,343,344,347,:
329:313,326,327,328,330,331,332,333,342,343,344,345,346,347,:
330:313,323,326,327,328,329,331,332,333,342,343,344,411,412,:
331:33,242,244,310,313,326,327,328,329,330,332,333,334,335,337,338,342,:
332:19,242,244,326,328,329,330,331,333,334,335,336,337,338,339,340,342,347,:
333:19,20,242,244,328,329,330,331,332,334,335,336,337,338,339,342,347,412,:
334:19,328,331,332,333,335,336,337,338,339,340,341,347,:
335:1,12,19,20,331,332,333,334,336,337,338,339,341,347,352,:
336:1,12,19,20,332,333,334,335,337,339,352,360,368,396,:
337:1,14,19,331,332,333,334,335,336,338,339,340,341,347,352,:
338:28,29,30,31,63,305,306,307,308,331,332,333,334,335,337,339,340,341,:
339:1,3,12,14,19,332,333,334,335,336,337,338,340,341,352,367,368,:
340:14,28,29,30,62,63,80,306,307,332,334,337,338,339,341,:
341:3,14,80,334,335,337,338,339,340,:
342:326,327,328,329,330,331,332,333,343,344,345,346,347,411,:
343:328,329,330,342,344,345,346,347,410,411,:
344:27,326,328,329,330,342,343,345,346,347,:
345:27,329,342,343,344,346,347,:
346:329,342,343,344,345,347,411,:
347:27,328,329,332,333,334,335,337,342,343,344,345,346,350,351,352,:
348:44,349,350,351,352,353,354,:
349:348,350,351,353,354,:
350:44,347,348,349,351,352,353,354,355,:
351:41,43,44,347,348,349,350,352,353,354,355,356,357,358,362,:
352:41,43,44,335,336,337,339,347,348,350,351,353,354,355,356,357,362,367,368,:
353:44,348,349,350,351,352,354,355,356,357,358,359,360,361,362,:
354:348,349,350,351,352,353,355,356,357,358,359,360,361,:
355:350,351,352,353,354,356,357,358,359,360,361,362,363,368,:
356:43,44,351,352,353,354,355,357,358,359,362,363,364,365,366,367,368,:
357:43,44,351,352,353,354,355,356,358,362,363,364,365,368,:
358:351,353,354,355,356,357,359,360,361,362,399,:
359:353,354,355,356,358,360,361,398,399,407,408,:
360:336,353,354,355,358,359,361,398,399,400,401,403,407,408,409,410,412,:
361:353,354,355,358,359,360,398,399,407,408,:
362:43,44,351,352,353,355,356,357,358,363,364,365,366,367,368,369,:
363:43,44,45,355,356,357,362,364,365,366,367,368,369,370,375,377,384,:
364:356,357,362,363,365,366,367,368,369,370,371,373,374,375,376,377,384,389,:
365:356,357,362,363,364,366,368,369,370,371,375,376,377,384,388,389,390,391,392,:
366:43,44,45,138,140,144,356,362,363,364,365,367,368,369,375,377,384,:
367:41,43,44,140,143,339,352,356,362,363,364,366,368,384,386,:
368:1,12,336,339,352,355,356,357,362,363,364,365,366,367,384,386,:
369:362,363,364,365,366,370,371,372,373,374,375,376,377,384,389,:
370:363,364,365,369,371,372,373,374,375,376,377,378,389,:
371:364,365,369,370,372,373,374,375,376,377,378,379,381,384,388,389,:
372:369,370,371,373,376,377,378,379,388,389,:
373:364,369,370,371,372,374,375,376,377,:
374:364,369,370,371,373,375,:
375:47,363,364,365,366,369,370,371,373,374,376,377,:
376:364,365,369,370,371,372,373,375,377,378,379,380,381,382,383,384,388,389,:
377:137,363,364,365,366,369,370,371,372,373,375,376,378,379,381,382,383,384,388,389,:
378:370,371,372,376,377,379,380,381,382,383,384,388,389,390,:
379:371,372,376,377,378,380,381,382,383,384,388,389,390,391,392,393,394,:
380:376,378,379,381,382,383,388,389,390,393,394,:
381:129,130,137,371,376,377,378,379,380,382,383,384,385,388,389,:
382:130,376,377,378,379,380,381,383,384,385,386,387,388,389,:
383:137,138,139,376,377,378,379,380,381,382,384,385,386,387,388,389,394,:
384:137,138,139,363,364,365,366,367,368,369,371,376,377,378,379,381,382,383,385,386,387,388,389,:
385:1,2,4,12,13,139,141,142,381,382,383,384,386,387,394,395,396,397,:
386:1,2,3,4,12,13,14,15,139,141,142,367,368,382,383,384,385,387,395,396,397,:
387:1,2,4,12,13,139,382,383,384,385,386,394,395,396,397,:
388:365,371,372,376,377,378,379,380,381,382,383,384,389,390,391,392,393,394,:
389:364,365,369,370,371,372,376,377,378,379,380,381,382,383,384,388,390,391,392,393,394,:
390:365,378,379,380,388,389,391,392,393,394,395,:
391:365,379,388,389,390,392,393,394,:
392:365,379,388,389,390,391,393,:
393:379,380,388,389,390,391,392,394,395,396,397,405,:
394:12,379,380,383,385,387,388,389,390,391,393,395,396,397,405,:
395:1,9,10,12,13,20,22,385,386,387,390,393,394,396,397,405,:
396:1,2,9,10,12,13,20,22,336,385,386,387,393,394,395,397,:
397:1,2,9,10,12,13,20,22,271,385,386,387,393,394,395,396,:
398:359,360,361,399,400,401,402,403,404,407,408,:
399:358,359,360,361,398,400,401,403,407,408,:
400:360,398,399,401,402,403,404,407,408,409,:
401:360,398,399,400,402,403,404,407,408,409,410,412,413,414,:
402:398,400,401,403,404,407,408,409,410,412,413,414,:
403:360,398,399,400,401,402,404,405,406,407,408,:
404:256,257,258,398,400,401,402,403,405,406,407,408,415,:
405:256,257,258,393,394,395,403,404,406,415,417,:
406:256,258,403,404,405,:
407:359,360,361,398,399,400,401,402,403,404,408,409,410,411,412,413,414,415,:
408:359,360,361,398,399,400,401,402,403,404,407,409,410,412,413,:
409:360,400,401,402,407,408,410,411,412,413,414,415,:
410:343,360,401,402,407,408,409,411,412,413,:
411:330,342,343,346,407,409,410,412,:
412:330,333,360,401,402,407,408,409,410,411,413,414,415,416,417,:
413:243,401,402,407,408,409,410,412,414,415,416,417,418,:
414:243,401,402,407,409,412,413,415,416,417,418,419,:
415:9,20,21,22,243,404,405,407,409,412,413,414,416,417,418,419,420,:
416:243,257,412,413,414,415,417,418,419,420,:
417:9,10,20,21,22,241,243,256,257,258,269,271,405,412,413,414,415,416,418,419,420,:
418:22,241,243,255,256,257,258,269,413,414,415,416,417,419,420,:
419:22,241,250,253,254,255,256,257,258,259,263,268,269,414,415,416,417,418,420,:
420:21,22,241,243,246,255,256,262,263,268,269,270,271,415,416,417,418,419,:
