1:2,3,4,5,7,8,18,19,20,21,22,24,25,26,27,28,201,212,254,255,256,257,286,287,288,:
2:1,3,4,5,6,7,8,18,19,20,21,22,23,24,25,26,27,28,126,149,151,200,201,212,257,286,287,288,:
3:1,2,4,5,6,7,8,9,17,18,19,20,21,22,23,24,25,26,27,28,112,115,126,287,288,311,:
4:1,2,3,5,6,7,9,17,20,21,22,23,24,26,111,112,113,114,115,124,125,126,150,151,:
5:1,2,3,4,6,7,8,9,10,17,18,19,20,21,22,23,24,25,26,27,28,29,30,35,112,114,115,308,:
6:2,3,4,5,7,8,9,10,11,13,14,17,22,23,24,25,26,29,30,34,35,112,113,114,115,307,308,309,311,:
7:1,2,3,4,5,6,8,9,17,18,19,20,21,22,23,24,25,26,27,28,29,35,287,307,308,348,349,350,351,:
8:1,2,3,5,6,7,18,19,20,21,22,24,25,26,27,28,212,255,269,287,349,350,351,:
9:3,4,5,6,7,10,11,12,13,14,15,17,23,24,25,26,29,30,31,32,33,34,35,36,112,113,114,115,308,:
10:5,6,9,11,12,13,14,15,16,17,24,29,30,31,32,33,34,35,36,88,91,99,101,112,113,115,307,308,:
11:6,9,10,12,13,14,15,16,17,29,30,31,32,33,34,35,36,37,99,100,101,:
12:9,10,11,13,14,15,16,17,29,30,31,32,33,34,36,37,99,101,113,181,:
13:6,9,10,11,12,15,16,17,24,29,30,31,32,33,34,37,113,114,115,179,:
14:6,9,10,11,12,15,17,25,29,30,31,35,36,88,89,91,101,305,307,308,309,341,342,:
15:9,10,11,12,13,14,16,30,31,32,35,36,37,89,91,98,99,100,101,102,:
16:10,11,12,13,15,17,31,32,33,34,36,37,101,:
17:3,4,5,6,7,9,10,11,12,13,14,16,23,24,25,29,30,31,32,33,34,35,99,112,113,114,115,179,:
18:1,2,3,5,7,8,19,20,21,22,24,25,26,27,28,212,254,255,256,257,269,285,286,287,288,:
19:1,2,3,5,7,8,18,20,21,22,24,26,27,28,201,210,212,254,255,256,257,258,286,287,288,:
20:1,2,3,4,5,7,8,18,19,21,22,23,24,26,27,28,147,149,151,200,201,202,210,212,257,:
21:1,2,3,4,5,7,8,18,19,20,22,23,24,26,28,125,126,198,199,200,201,202,212,223,256,257,258,286,287,288,:
22:1,2,3,4,5,6,7,8,18,19,20,21,23,24,25,26,28,115,125,126,286,287,288,307,308,309,311,313,:
23:2,3,4,5,6,7,9,17,20,21,22,24,30,86,111,112,113,114,115,124,126,311,:
24:1,2,3,4,5,6,7,8,9,10,13,17,18,19,20,21,22,23,25,26,27,28,29,33,34,112,114,115,149,151,:
25:1,2,3,5,6,7,8,9,14,17,18,22,24,26,27,28,29,35,307,308,344,347,348,349,350,351,:
26:1,2,3,4,5,6,7,8,9,18,19,20,21,22,24,25,27,28,29,35,268,269,286,287,305,307,308,309,311,347,349,:
27:1,2,3,5,7,8,18,19,20,24,25,26,28,255,267,269,287,349,350,351,:
28:1,2,3,5,7,8,18,19,20,21,22,24,25,26,27,212,350,351,:
29:5,6,7,9,10,11,12,13,14,17,24,25,26,30,31,32,33,34,35,308,344,348,350,:
30:5,6,9,10,11,12,13,14,15,17,23,29,31,32,34,35,36,86,88,89,91,98,99,100,101,112,113,114,115,308,:
31:9,10,11,12,13,14,15,16,17,29,30,32,33,34,35,36,37,101,341,:
32:9,10,11,12,13,15,16,17,29,30,31,33,34,36,37,98,99,100,101,112,113,114,178,179,180,181,:
33:9,10,11,12,13,16,17,24,29,31,32,34,37,114,178,179,180,181,:
34:6,9,10,11,12,13,16,17,24,29,30,31,32,33,37,348,:
35:5,6,7,9,10,11,14,15,17,25,26,29,30,31,36,88,89,91,305,307,308,309,311,:
36:9,10,11,12,14,15,16,30,31,32,35,37,88,89,90,91,100,101,102,:
37:11,12,13,15,16,31,32,33,34,36,101,:
38:39,40,41,42,43,68,314,315,:
39:38,40,41,42,43,300,301,314,315,316,:
40:38,39,41,42,43,68,71,315,:
41:38,39,40,42,43,71,:
42:38,39,40,41,43,316,:
43:38,39,40,41,42,306,310,312,314,315,:
44:45,46,47,48,49,83,:
45:44,46,47,48,49,:
46:44,45,47,48,49,51,:
47:44,45,46,48,49,50,51,:
48:44,45,46,47,49,50,51,52,53,55,:
49:44,45,46,47,48,51,60,64,65,66,90,:
50:47,48,51,52,53,54,55,56,59,:
51:46,47,48,49,50,52,53,55,56,59,:
52:48,50,51,53,54,55,56,57,58,59,:
53:48,50,51,52,54,55,56,:
54:50,52,53,55,56,:
55:48,50,51,52,53,54,56,57,58,59,60,:
56:50,51,52,53,54,55,57,58,59,60,62,:
57:52,55,56,58,59,60,61,62,63,64,65,326,:
58:52,55,56,57,59,60,61,62,63,64,65,66,:
59:50,51,52,55,56,57,58,60,61,62,64,65,66,:
60:49,55,56,57,58,59,61,62,63,64,65,66,326,:
61:57,58,59,60,62,63,64,65,66,321,324,325,326,:
62:56,57,58,59,60,61,63,64,66,321,324,325,326,327,:
63:57,58,60,61,62,64,65,66,321,322,323,324,325,326,:
64:49,57,58,59,60,61,62,63,65,66,:
65:49,57,58,59,60,61,63,64,66,:
66:49,58,59,60,61,62,63,64,65,90,:
67:68,69,70,71,72,73,74,75,76,77,:
68:38,40,67,69,70,71,72,73,74,:
69:67,68,70,71,72,73,74,75,76,77,78,:
70:67,68,69,71,72,73,75,76,77,78,79,80,81,82,83,:
71:40,41,67,68,69,70,72,75,76,77,78,79,80,82,83,:
72:67,68,69,70,71,73,74,75,76,77,:
73:67,68,69,70,72,74,75,:
74:67,68,69,72,73,75,:
75:67,69,70,71,72,73,74,76,77,80,121,312,313,:
76:67,69,70,71,72,75,77,78,79,80,81,82,83,:
77:67,69,70,71,72,75,76,78,79,80,81,:
78:69,70,71,76,77,79,80,81,82,83,84,93,:
79:70,71,76,77,78,80,81,82,83,84,85,86,87,92,93,:
80:70,71,75,76,77,78,79,81,82,83,84,85,86,92,93,:
81:70,76,77,78,79,80,82,83,93,:
82:70,71,76,78,79,80,81,83,84,85,86,87,88,92,93,:
83:44,70,71,76,78,79,80,81,82,84,85,87,92,93,:
84:78,79,80,82,83,85,86,87,88,89,92,93,94,:
85:79,80,82,83,84,86,87,88,92,93,94,95,97,98,99,100,102,113,:
86:23,30,79,80,82,84,85,87,88,92,93,94,97,98,99,100,101,111,112,113,115,311,:
87:79,82,83,84,85,86,88,89,90,91,92,93,102,:
88:10,14,30,35,36,82,84,85,86,87,89,90,91,100,101,102,308,311,:
89:14,15,30,35,36,84,87,88,90,91,101,102,:
90:36,49,66,87,88,89,91,102,:
91:10,14,15,30,35,36,87,88,89,90,101,308,337,:
92:79,80,82,83,84,85,86,87,93,94,95,96,97,98,99,100,102,:
93:78,79,80,81,82,83,84,85,86,87,92,94,95,96,97,98,102,:
94:84,85,86,92,93,95,96,97,98,99,100,102,110,111,113,:
95:85,92,93,94,96,97,98,103,104,:
96:92,93,94,95,97,103,104,105,108,109,110,:
97:85,86,92,93,94,95,96,98,99,100,101,102,113,181,:
98:15,30,32,85,86,92,93,94,95,97,99,100,101,102,112,113,180,181,:
99:10,11,12,15,17,30,32,85,86,92,94,97,98,100,101,102,110,111,112,113,114,115,178,179,180,181,182,:
100:11,15,30,32,36,85,86,88,92,94,97,98,99,101,102,113,181,:
101:10,11,12,14,15,16,30,31,32,36,37,86,88,89,91,97,98,99,100,102,113,:
102:15,36,85,87,88,89,90,92,93,94,97,98,99,100,101,:
103:95,96,104,105,106,107,108,109,120,128,:
104:95,96,103,105,106,107,108,109,:
105:96,103,104,106,107,108,109,110,128,:
106:103,104,105,107,108,109,:
107:103,104,105,106,108,:
108:96,103,104,105,106,107,109,110,111,:
109:96,103,104,105,106,108,110,111,112,128,:
110:94,96,99,105,108,109,111,112,113,114,115,150,178,179,180,181,:
111:4,23,86,94,99,108,109,110,112,113,114,115,124,126,150,179,181,:
112:3,4,5,6,9,10,17,23,24,30,32,86,98,99,109,110,111,113,114,115,150,151,178,179,180,181,:
113:4,6,9,10,12,13,17,23,30,32,85,86,94,97,98,99,100,101,110,111,112,114,115,178,179,180,181,:
114:4,5,6,9,13,17,23,24,30,32,33,99,110,111,112,113,115,150,151,178,179,180,181,:
115:3,4,5,6,9,10,13,17,22,23,24,30,86,99,110,111,112,113,114,179,:
116:117,118,119,120,121,122,127,184,:
117:116,118,119,120,121,127,:
118:116,117,119,120,121,122,123,124,127,128,129,132,:
119:116,117,118,120,121,122,123,124,127,128,129,130,131,132,135,:
120:103,116,117,118,119,121,122,124,127,128,129,:
121:75,116,117,118,119,120,122,123,124,125,126,127,191,:
122:116,118,119,120,121,123,124,125,126,127,132,191,:
123:118,119,121,122,124,125,126,132,188,189,191,223,:
124:4,23,111,118,119,120,121,122,123,125,126,:
125:4,21,22,121,122,123,124,126,132,191,200,201,221,222,223,288,:
126:2,3,4,21,22,23,111,121,122,123,124,125,288,:
127:116,117,118,119,120,121,122,128,129,130,131,132,133,135,:
128:103,105,109,118,119,120,127,129,130,131,132,135,:
129:118,119,120,127,128,130,131,132,133,134,135,187,:
130:119,127,128,129,131,132,133,134,135,187,:
131:119,127,128,129,130,132,133,135,:
132:118,119,122,123,125,127,128,129,130,131,133,134,135,187,:
133:127,129,130,131,132,134,135,186,187,188,197,:
134:129,130,132,133,135,185,186,187,188,197,:
135:119,127,128,129,130,131,132,133,134,148,202,:
136:137,138,139,140,141,142,152,153,:
137:136,138,139,140,141,152,:
138:136,137,139,140,141,142,143,144,152,153,154,164,193,:
139:136,137,138,140,141,142,143,152,153,154,155,157,163,164,:
140:136,137,138,139,141,142,152,153,154,155,156,163,164,167,:
141:136,137,138,139,140,142,143,144,145,147,148,152,153,164,202,:
142:136,138,139,140,141,143,144,145,146,147,148,149,150,152,153,163,164,167,197,200,202,:
143:138,139,141,142,144,145,146,147,148,149,152,153,159,161,163,164,195,196,197,200,202,208,:
144:138,141,142,143,145,146,147,148,149,150,151,163,164,167,168,200,201,202,:
145:141,142,143,144,146,147,148,149,151,153,159,161,164,168,200,201,202,208,209,210,211,:
146:142,143,144,145,147,149,159,161,162,164,200,201,202,208,209,210,211,212,:
147:20,141,142,143,144,145,146,148,149,150,151,164,168,200,201,202,210,211,:
148:135,141,142,143,144,145,147,149,150,151,164,166,167,202,:
149:2,20,24,142,143,144,145,146,147,148,150,151,168,170,200,201,202,210,211,212,:
150:4,110,111,112,114,142,144,147,148,149,151,167,179,202,:
151:2,4,20,24,112,114,144,145,147,148,149,150,168,170,179,202,:
152:136,137,138,139,140,141,142,143,153,154,155,156,157,158,159,163,164,:
153:136,138,139,140,141,142,143,145,152,154,155,157,158,159,161,163,164,196,:
154:138,139,140,152,153,155,156,157,158,159,160,163,164,165,:
155:139,140,152,153,154,156,157,158,159,160,163,164,165,166,167,168,:
156:140,152,154,155,157,158,160,163,164,165,166,:
157:139,152,153,154,155,156,158,159,160,161,162,163,164,:
158:152,153,154,155,156,157,159,160,161,162,163,164,:
159:143,145,146,152,153,154,155,157,158,160,161,162,163,164,207,:
160:154,155,156,157,158,159,161,162,163,164,168,:
161:143,145,146,153,157,158,159,160,162,164,207,208,211,:
162:146,157,158,159,160,161,168,:
163:139,140,142,143,144,152,153,154,155,156,157,158,159,160,164,165,166,167,168,169,171,172,:
164:138,139,140,141,142,143,144,145,146,147,148,152,153,154,155,156,157,158,159,160,161,163,165,166,167,168,:
165:154,155,156,163,164,166,167,168,169,170,171,172,173,:
166:148,155,156,163,164,165,167,168,169,170,171,172,173,174,175,176,177,:
167:140,142,144,148,150,155,163,164,165,166,168,171,172,173,174,175,176,:
168:144,145,147,149,151,155,160,162,163,164,165,166,167,169,170,171,172,:
169:163,165,166,168,170,171,172,:
170:149,151,165,166,168,169,171,172,:
171:163,165,166,167,168,169,170,172,173,174,175,176,177,:
172:163,165,166,167,168,169,170,171,173,174,176,177,:
173:165,166,167,171,172,174,175,176,177,178,:
174:166,167,171,172,173,175,176,177,:
175:166,167,171,173,174,176,:
176:166,167,171,172,173,174,175,177,178,179,180,182,:
177:166,171,172,173,174,176,178,179,180,181,182,:
178:32,33,99,110,112,113,114,173,176,177,179,180,181,182,:
179:13,17,32,33,99,110,111,112,113,114,115,150,151,176,177,178,180,181,182,:
180:32,33,98,99,110,112,113,114,176,177,178,179,181,182,:
181:12,32,33,97,98,99,100,110,111,112,113,114,177,178,179,180,182,:
182:99,176,177,178,179,180,181,:
183:184,185,186,187,188,189,190,:
184:116,183,185,186,187,188,189,190,191,:
185:134,183,184,186,187,188,189,190,191,:
186:133,134,183,184,185,187,188,189,:
187:129,130,132,133,134,183,184,185,186,188,:
188:123,133,134,183,184,185,186,187,189,190,191,:
189:123,183,184,185,186,188,190,191,218,219,:
190:183,184,185,188,189,191,218,219,:
191:121,122,123,125,184,185,188,189,190,219,221,222,223,:
192:193,194,195,196,197,198,203,204,214,:
193:138,192,194,195,196,197,203,:
194:192,193,195,196,197,198,199,200,202,203,204,205,214,217,:
195:143,192,193,194,196,197,198,199,200,203,204,205,206,207,208,209,217,:
196:143,153,192,193,194,195,197,198,203,204,205,206,207,208,:
197:133,134,142,143,192,193,194,195,196,198,199,200,201,202,203,204,:
198:21,192,194,195,196,197,199,200,201,202,203,204,209,221,223,257,258,:
199:21,194,195,197,198,200,201,202,203,204,209,216,217,218,219,221,222,223,256,257,258,:
200:2,20,21,125,142,143,144,145,146,147,149,194,195,197,198,199,201,202,209,210,212,223,257,:
201:1,2,19,20,21,125,144,145,146,147,149,197,198,199,200,202,209,210,211,212,223,256,257,258,:
202:20,21,135,141,142,143,144,145,146,147,148,149,150,151,194,197,198,199,200,201,210,212,:
203:192,193,194,195,196,197,198,199,204,205,206,207,208,209,217,:
204:192,194,195,196,197,198,199,203,205,206,208,209,214,216,217,224,226,229,230,231,232,:
205:194,195,196,203,204,206,207,208,209,210,217,230,231,232,:
206:195,196,203,204,205,207,208,209,232,:
207:159,161,195,196,203,205,206,208,:
208:143,145,146,161,195,196,203,204,205,206,207,209,210,211,212,231,:
209:145,146,195,198,199,200,201,203,204,205,206,208,210,211,212,231,240,242,256,257,258,:
210:19,20,145,146,147,149,200,201,202,205,208,209,211,212,240,242,256,257,:
211:145,146,147,149,161,201,208,209,210,212,242,257,:
212:1,2,8,18,19,20,21,28,146,149,200,201,202,208,209,210,211,240,254,255,256,257,258,:
213:214,215,216,217,218,219,224,225,:
214:192,194,204,213,215,216,217,218,:
215:213,214,216,217,218,219,220,221,223,224,225,226,:
216:199,204,213,214,215,217,218,219,220,221,223,224,225,226,227,228,229,258,:
217:194,195,199,203,204,205,213,214,215,216,218,219,224,225,226,229,230,258,:
218:189,190,199,213,214,215,216,217,219,220,221,222,223,224,225,258,:
219:189,190,191,199,213,215,216,217,218,220,221,222,223,224,225,253,258,276,277,:
220:215,216,218,219,221,222,223,224,225,253,258,275,276,277,278,:
221:125,191,198,199,215,216,218,219,220,222,223,253,254,256,258,276,277,288,:
222:125,191,199,218,219,220,221,223,253,254,256,257,258,276,277,285,286,287,288,:
223:21,123,125,191,198,199,200,201,215,216,218,219,220,221,222,256,257,258,288,:
224:204,213,215,216,217,218,219,220,225,226,227,228,229,230,233,234,248,258,:
225:213,215,216,217,218,219,220,224,226,227,228,229,233,248,258,:
226:204,215,216,217,224,225,227,228,229,230,231,232,233,234,235,256,258,:
227:216,224,225,226,228,229,230,231,233,234,235,236,237,238,248,253,254,256,258,:
228:216,224,225,226,227,229,233,234,235,236,238,247,248,249,252,253,254,258,:
229:204,216,217,224,225,226,227,228,230,231,232,233,234,:
230:204,205,217,224,226,227,229,231,232,233,234,:
231:204,205,208,209,226,227,229,230,232,233,234,235,237,240,:
232:204,205,206,226,229,230,231,234,:
233:224,225,226,227,228,229,230,231,234,235,236,237,238,239,240,248,254,256,:
234:224,226,227,228,229,230,231,232,233,235,236,237,238,239,240,241,242,:
235:226,227,228,231,233,234,236,237,238,239,240,241,248,:
236:227,228,233,234,235,237,238,239,240,241,:
237:227,231,233,234,235,236,238,239,241,:
238:227,228,233,234,235,236,237,239,240,241,242,243,252,254,255,:
239:233,234,235,236,237,238,240,241,242,243,244,255,:
240:209,210,212,231,233,234,235,236,238,239,241,242,243,244,245,255,257,:
241:234,235,236,237,238,239,240,242,243,244,245,246,:
242:209,210,211,234,238,239,240,241,243,244,245,246,:
243:238,239,240,241,242,244,245,246,:
244:239,240,241,242,243,245,246,:
245:240,241,242,243,244,246,:
246:241,242,243,244,245,:
247:228,248,249,250,251,252,253,271,276,277,:
248:224,225,227,228,233,235,247,249,250,252,253,277,:
249:228,247,248,250,251,252,253,254,271,276,277,279,280,:
250:247,248,249,251,252,253,259,260,271,279,280,:
251:247,249,250,252,259,260,271,279,280,281,282,283,284,:
252:228,238,247,248,249,250,251,253,254,255,256,258,260,267,269,:
253:219,220,221,222,227,228,247,248,249,250,252,254,255,256,257,258,276,277,285,286,287,288,:
254:1,18,19,212,221,222,227,228,233,238,249,252,253,255,256,257,258,286,287,288,:
255:1,8,18,19,27,212,238,239,240,252,253,254,256,257,258,267,269,286,287,:
256:1,18,19,21,199,201,209,210,212,221,222,223,226,227,233,252,253,254,255,257,258,288,:
257:1,2,18,19,20,21,198,199,200,201,209,210,211,212,222,223,240,253,254,255,256,258,:
258:19,21,198,199,201,209,212,216,217,218,219,220,221,222,223,224,225,226,227,228,252,253,254,255,256,257,288,:
259:250,251,260,261,262,263,264,265,266,267,290,:
260:250,251,252,259,261,262,263,264,265,267,:
261:259,260,262,263,264,265,266,267,290,293,296,:
262:259,260,261,263,264,265,293,:
263:259,260,261,262,264,:
264:259,260,261,262,263,265,266,267,268,269,296,365,:
265:259,260,261,262,264,266,267,268,269,283,296,349,:
266:259,261,264,265,267,268,269,283,295,296,297,345,346,349,:
267:27,252,255,259,260,261,264,265,266,268,269,287,349,:
268:26,264,265,266,267,269,282,283,284,287,295,296,297,345,346,347,349,:
269:8,18,26,27,252,255,264,265,266,267,268,283,284,286,287,349,:
270:271,272,273,274,275,276,277,278,279,280,:
271:247,249,250,251,270,272,273,275,276,277,278,279,280,:
272:270,271,273,274,275,276,277,278,279,280,281,:
273:270,271,272,274,275,276,277,278,279,280,281,282,284,285,:
274:270,272,273,275,276,279,280,281,284,285,310,312,:
275:220,270,271,272,273,274,276,277,278,279,280,:
276:219,220,221,222,247,249,253,270,271,272,273,274,275,277,278,279,280,285,:
277:219,220,221,222,247,248,249,253,270,271,272,273,275,276,278,285,:
278:220,270,271,272,273,275,276,277,:
279:249,250,251,270,271,272,273,274,275,276,280,281,282,283,284,285,:
280:249,250,251,270,271,272,273,274,275,276,279,281,282,283,284,285,:
281:251,272,273,274,279,280,282,283,284,285,286,303,310,:
282:251,268,273,279,280,281,283,284,285,289,290,298,299,303,:
283:251,265,266,268,269,279,280,281,282,284,289,290,295,296,297,299,303,:
284:251,268,269,273,274,279,280,281,282,283,285,286,287,288,306,310,:
285:18,222,253,273,274,276,277,279,280,281,282,284,286,287,288,306,310,312,:
286:1,2,18,19,21,22,26,222,253,254,255,269,281,284,285,287,288,:
287:1,2,3,7,8,18,19,21,22,26,27,222,253,254,255,267,268,269,284,285,286,288,:
288:1,2,3,18,19,21,22,125,126,221,222,223,253,254,256,258,284,285,286,287,:
289:282,283,290,291,292,293,294,295,296,297,299,:
290:259,261,282,283,289,291,292,293,294,295,296,:
291:289,290,292,293,294,295,296,297,:
292:289,290,291,293,294,295,296,:
293:261,262,289,290,291,292,294,295,296,:
294:289,290,291,292,293,295,296,297,:
295:266,268,283,289,290,291,292,293,294,296,297,345,346,:
296:261,264,265,266,268,283,289,290,291,292,293,294,295,297,346,:
297:266,268,283,289,291,294,295,296,303,335,343,345,346,:
298:282,299,300,301,302,303,304,314,315,:
299:282,283,289,298,300,301,302,303,314,315,:
300:39,298,299,301,302,303,304,305,306,310,314,315,316,:
301:39,298,299,300,302,303,304,305,314,315,316,317,318,:
302:298,299,300,301,303,304,305,314,315,316,317,335,:
303:281,282,283,297,298,299,300,301,302,304,305,306,307,309,310,314,:
304:298,300,301,302,303,305,306,307,308,309,310,311,312,:
305:14,26,35,300,301,302,303,304,306,307,308,309,310,311,343,345,346,:
306:43,284,285,300,303,304,305,307,308,309,310,311,312,313,:
307:6,7,10,14,22,25,26,35,303,304,305,306,308,309,310,311,313,:
308:5,6,7,9,10,14,22,25,26,29,30,35,88,91,304,305,306,307,309,311,:
309:6,14,22,26,35,303,304,305,306,307,308,310,311,312,313,:
310:43,274,281,284,285,300,303,304,305,306,307,309,311,312,313,:
311:3,6,22,23,26,35,86,88,304,305,306,307,308,309,310,312,313,:
312:43,75,274,285,304,306,309,310,311,313,:
313:22,75,306,307,309,310,311,312,:
314:38,39,43,298,299,300,301,302,303,315,316,317,318,:
315:38,39,40,43,298,299,300,301,302,314,316,317,318,:
316:39,42,300,301,302,314,315,317,318,:
317:301,302,314,315,316,318,:
318:301,314,315,316,317,:
319:320,321,322,323,324,325,326,327,328,329,:
320:319,321,322,324,325,326,327,328,329,:
321:61,62,63,319,320,322,323,324,325,326,327,328,329,330,:
322:63,319,320,321,323,324,325,328,329,330,331,332,333,:
323:63,319,321,322,324,328,329,330,331,332,336,337,:
324:61,62,63,319,320,321,322,323,325,326,327,328,329,:
325:61,62,63,319,320,321,322,324,326,327,:
326:57,60,61,62,63,319,320,321,324,325,327,:
327:62,319,320,321,324,325,326,:
328:319,320,321,322,323,324,329,330,331,332,333,334,335,336,337,:
329:319,320,321,322,323,324,328,330,331,332,333,334,:
330:321,322,323,328,329,331,332,333,334,335,336,337,338,352,353,:
331:322,323,328,329,330,332,333,334,335,336,337,338,339,341,352,353,:
332:322,323,328,329,330,331,333,334,336,337,338,339,340,352,353,355,:
333:322,328,329,330,331,332,334,335,336,337,352,353,355,:
334:328,329,330,331,332,333,335,336,337,339,343,352,353,354,355,356,357,:
335:297,302,328,330,331,333,334,336,337,343,345,346,352,353,:
336:323,328,330,331,332,333,334,335,337,338,339,340,341,342,343,352,353,:
337:91,323,328,330,331,332,333,334,335,336,338,339,341,342,343,352,353,:
338:330,331,332,336,337,339,340,341,342,343,344,352,353,354,:
339:331,332,334,336,337,338,340,341,342,343,344,352,353,354,355,357,358,:
340:332,336,338,339,341,342,352,353,354,357,358,:
341:14,31,331,336,337,338,339,340,342,343,344,345,347,348,352,353,:
342:14,336,337,338,339,340,341,343,344,345,346,347,348,349,350,352,353,358,:
343:297,305,334,335,336,337,338,339,341,342,344,345,346,347,348,349,352,353,358,:
344:25,29,338,339,341,342,343,345,346,347,348,349,350,351,358,361,:
345:266,268,295,297,305,335,341,342,343,344,346,347,348,349,351,353,358,359,:
346:266,268,295,296,297,305,335,342,343,344,345,347,349,:
347:25,26,268,341,342,343,344,345,346,348,349,350,351,358,359,360,361,:
348:7,25,29,34,341,342,343,344,345,347,349,350,351,361,:
349:7,8,25,26,27,265,266,267,268,269,342,343,344,345,346,347,348,350,351,359,360,361,362,363,366,:
350:7,8,25,27,28,29,342,344,347,348,349,351,360,361,366,367,:
351:7,8,25,27,28,344,345,347,348,349,350,360,361,362,366,367,368,:
352:330,331,332,333,334,335,336,337,338,339,340,341,342,343,353,354,355,356,357,358,:
353:330,331,332,333,334,335,336,337,338,339,340,341,342,343,345,352,354,355,356,357,358,:
354:334,338,339,340,352,353,355,356,357,358,359,:
355:332,333,334,339,352,353,354,356,357,358,:
356:334,352,353,354,355,357,:
357:334,339,340,352,353,354,355,356,358,359,360,:
358:339,340,342,343,344,345,347,352,353,354,355,357,359,360,361,362,364,:
359:345,347,349,354,357,358,360,361,362,363,364,365,366,367,:
360:347,349,350,351,357,358,359,361,362,363,364,365,366,367,368,:
361:344,347,348,349,350,351,358,359,360,362,363,364,366,367,368,:
362:349,351,358,359,360,361,363,364,365,366,367,368,:
363:349,359,360,361,362,364,365,366,367,368,:
364:358,359,360,361,362,363,365,366,368,:
365:264,359,360,362,363,364,366,367,368,:
366:349,350,351,359,360,361,362,363,364,365,367,368,:
367:350,351,359,360,361,362,363,365,366,368,:
368:351,360,361,362,363,364,365,366,367,:
