1:2,3,4,5,6,7,9,10,11,12,14,21,22,23,24,25,26,31,296,:
2:1,3,4,5,6,7,8,9,10,14,21,22,23,24,26,168,177,178,183,300,:
3:1,2,4,5,6,7,8,9,21,22,23,24,177,178,182,183,184,300,302,:
4:1,2,3,5,6,7,8,21,22,23,183,300,302,:
5:1,2,3,4,6,8,9,21,22,23,:
6:1,2,3,4,5,7,8,9,10,14,16,21,22,23,24,25,26,31,165,:
7:1,2,3,4,6,9,10,21,24,26,99,101,168,169,173,177,178,179,182,183,300,:
8:2,3,4,5,6,21,22,183,184,302,:
9:1,2,3,5,6,7,10,11,12,13,14,15,16,23,24,25,26,27,28,31,150,162,:
10:1,2,6,7,9,11,12,13,14,15,16,17,19,23,24,25,26,27,28,29,31,290,296,:
11:1,9,10,12,13,14,15,16,17,18,19,20,24,25,26,27,28,29,30,31,147,150,:
12:1,9,10,11,13,14,15,16,17,23,24,25,26,27,28,29,30,31,146,147,148,150,:
13:9,10,11,12,14,15,17,18,19,20,24,25,26,27,28,29,90,146,147,148,149,150,:
14:1,2,6,9,10,11,12,13,15,16,23,24,25,26,27,28,29,30,31,146,147,150,162,:
15:9,10,11,12,13,14,16,25,27,28,29,30,31,:
16:6,9,10,11,12,14,15,23,25,27,28,29,30,31,:
17:10,11,12,13,18,19,20,25,26,27,28,89,90,147,149,150,288,293,:
18:11,13,17,19,20,27,87,89,90,91,147,149,150,:
19:10,11,13,17,18,20,26,27,89,90,91,100,101,102,150,283,288,292,293,:
20:11,13,17,18,19,27,286,287,288,290,293,:
21:1,2,3,4,5,6,7,8,169,177,178,179,182,183,184,185,300,302,:
22:1,2,3,4,5,6,8,23,207,208,209,210,308,:
23:1,2,3,4,5,6,9,10,12,14,16,22,24,25,26,31,:
24:1,2,3,6,7,9,10,11,12,13,14,23,25,26,27,28,31,101,146,150,162,:
25:1,6,9,10,11,12,13,14,15,16,17,23,24,26,27,28,29,31,288,290,296,:
26:1,2,6,7,9,10,11,12,13,14,17,19,23,24,25,27,102,288,290,292,293,294,295,296,297,:
27:9,10,11,12,13,14,15,16,17,18,19,20,24,25,26,28,29,30,31,150,288,290,:
28:9,10,11,12,13,14,15,16,17,24,25,27,29,30,31,146,147,148,149,150,:
29:10,11,12,13,14,15,16,25,27,28,30,31,:
30:11,12,14,15,16,27,28,29,31,:
31:1,6,9,10,11,12,14,15,16,23,24,25,27,28,29,30,:
32:33,34,35,36,37,39,:
33:32,34,35,37,:
34:32,33,35,36,37,39,:
35:32,33,34,36,37,38,39,52,:
36:32,34,35,37,38,39,40,41,43,51,52,53,56,:
37:32,33,34,35,36,278,279,:
38:35,36,39,40,41,42,43,44,51,52,64,:
39:32,34,35,36,38,40,41,43,51,52,:
40:36,38,39,41,42,43,44,45,51,52,53,64,:
41:36,38,39,40,42,43,44,51,52,53,54,55,56,63,64,81,91,:
42:38,40,41,43,44,51,52,53,54,55,63,64,65,66,68,80,81,82,85,86,89,91,93,:
43:36,38,39,40,41,42,44,45,46,51,52,78,:
44:38,40,41,42,43,45,46,47,51,77,78,79,87,89,91,:
45:40,43,44,46,47,48,49,50,78,:
46:43,44,45,47,48,49,50,78,79,87,88,89,90,:
47:44,45,46,48,49,50,:
48:45,46,47,49,50,:
49:45,46,47,48,50,:
50:45,46,47,48,49,:
51:36,38,39,40,41,42,43,44,52,53,54,55,56,57,64,81,:
52:35,36,38,39,40,41,42,43,51,53,54,56,:
53:36,40,41,42,51,52,54,55,56,57,58,59,64,81,93,:
54:41,42,51,52,53,55,56,57,58,59,63,64,80,81,92,93,:
55:41,42,51,53,54,56,57,58,63,64,80,81,82,83,92,93,94,95,97,98,100,:
56:36,41,51,52,53,54,55,57,58,59,60,61,:
57:51,53,54,55,56,58,59,60,61,62,:
58:53,54,55,56,57,59,60,61,62,:
59:53,54,56,57,58,60,61,62,100,281,282,284,:
60:56,57,58,59,61,62,:
61:56,57,58,59,60,62,100,282,284,285,:
62:57,58,59,60,61,97,:
63:41,42,54,55,64,65,66,67,68,69,80,81,93,:
64:38,40,41,42,51,53,54,55,63,65,66,68,80,81,:
65:42,63,64,66,67,68,69,70,80,81,82,:
66:42,63,64,65,67,68,69,80,81,82,83,85,92,93,:
67:63,65,66,68,69,80,81,82,83,84,92,93,:
68:42,63,64,65,66,67,69,70,71,72,73,80,81,:
69:63,65,66,67,68,70,71,72,73,74,75,80,81,:
70:65,68,69,71,72,73,74,75,76,77,78,:
71:68,69,70,72,73,74,75,76,77,78,79,:
72:68,69,70,71,73,74,75,77,78,79,:
73:68,69,70,71,72,74,75,76,77,78,79,:
74:69,70,71,72,73,75,76,77,78,79,120,:
75:69,70,71,72,73,74,76,77,79,120,:
76:70,71,73,74,75,77,78,79,86,120,:
77:44,70,71,72,73,74,75,76,78,79,:
78:43,44,45,46,70,71,72,73,74,76,77,79,:
79:44,46,71,72,73,74,75,76,77,78,88,:
80:42,54,55,63,64,65,66,67,68,69,81,82,83,84,85,86,92,93,:
81:41,42,51,53,54,55,63,64,65,66,67,68,69,80,82,83,85,86,91,92,93,:
82:42,55,65,66,67,80,81,83,84,85,86,87,91,92,93,94,175,:
83:55,66,67,80,81,82,84,85,86,92,93,94,95,97,98,99,100,174,175,195,:
84:67,80,82,83,85,92,93,94,95,97,98,99,172,173,174,175,176,181,193,195,197,:
85:42,66,80,81,82,83,84,86,87,88,89,90,91,92,93,100,102,:
86:42,76,80,81,82,83,85,87,88,89,90,91,120,:
87:18,44,46,82,85,86,88,89,90,91,149,:
88:46,79,85,86,87,89,90,91,120,147,148,149,150,:
89:17,18,19,42,44,46,85,86,87,88,90,91,102,149,:
90:13,17,18,19,46,85,86,87,88,89,91,102,147,149,150,:
91:18,19,41,42,44,81,82,85,86,87,88,89,90,100,102,:
92:54,55,66,67,80,81,82,83,84,85,93,94,95,96,97,98,99,100,175,:
93:42,53,54,55,63,66,67,80,81,82,83,84,85,92,94,95,97,98,100,:
94:55,82,83,84,92,93,95,96,97,98,99,100,181,:
95:55,83,84,92,93,94,96,97,98,181,:
96:92,94,95,97,181,188,189,:
97:55,62,83,84,92,93,94,95,96,98,99,100,101,102,181,:
98:55,83,84,92,93,94,95,97,99,100,101,102,181,297,:
99:7,83,84,92,94,97,98,100,101,102,173,175,177,178,180,181,297,:
100:19,55,59,61,83,85,91,92,93,94,97,98,99,101,102,293,297,:
101:7,19,24,97,98,99,100,102,172,173,178,181,297,:
102:19,26,85,89,90,91,97,98,99,100,101,173,293,297,:
103:104,105,106,107,108,109,:
104:103,105,106,108,109,:
105:103,104,106,107,108,109,110,:
106:103,104,105,107,108,109,113,:
107:103,105,106,108,112,113,114,115,117,118,:
108:103,104,105,106,107,109,110,111,:
109:103,104,105,106,108,110,111,:
110:105,108,109,111,119,171,174,176,196,243,:
111:108,109,110,117,119,142,143,171,:
112:107,113,114,115,116,117,118,120,:
113:106,107,112,114,115,117,118,120,:
114:107,112,113,115,116,117,118,119,120,:
115:107,112,113,114,116,117,118,139,:
116:112,114,115,117,125,138,139,140,143,:
117:107,111,112,113,114,115,116,118,119,120,:
118:107,112,113,114,115,117,119,120,:
119:110,111,114,117,118,120,172,173,174,175,176,197,:
120:74,75,76,86,88,112,113,114,117,118,119,:
121:122,123,124,125,126,127,:
122:121,123,124,125,126,127,:
123:121,122,124,125,126,127,128,:
124:121,122,123,125,126,127,138,139,:
125:116,121,122,123,124,126,127,138,139,:
126:121,122,123,124,125,127,128,129,130,:
127:121,122,123,124,125,126,128,129,130,131,132,133,:
128:123,126,127,129,130,131,132,133,134,135,136,:
129:126,127,128,130,131,132,133,134,135,136,137,:
130:126,127,128,129,131,132,133,135,136,137,:
131:127,128,129,130,132,133,134,135,136,137,157,:
132:127,128,129,130,131,133,134,135,136,137,157,:
133:127,128,129,130,131,132,134,135,137,:
134:128,129,131,132,133,135,136,137,157,:
135:128,129,130,131,132,133,134,136,137,156,157,:
136:128,129,130,131,132,134,135,137,156,157,:
137:129,130,131,132,133,134,135,136,156,157,:
138:116,124,125,139,140,141,142,143,144,151,157,:
139:115,116,124,125,138,140,141,142,143,:
140:116,138,139,141,142,143,144,145,151,152,157,:
141:138,139,140,142,143,144,151,152,153,154,155,156,157,158,159,:
142:111,138,139,140,141,143,144,151,152,153,154,157,158,159,:
143:111,116,138,139,140,141,142,144,145,146,151,157,:
144:138,140,141,142,143,145,146,147,148,149,151,157,159,162,:
145:140,143,144,146,147,148,149,150,162,:
146:12,13,14,24,28,143,144,145,147,148,149,150,162,173,:
147:11,12,13,14,17,18,28,88,90,144,145,146,148,149,150,:
148:12,13,28,88,144,145,146,147,149,150,:
149:13,17,18,28,87,88,89,90,144,145,146,147,148,150,:
150:9,11,12,13,14,17,18,19,24,27,28,88,90,145,146,147,148,149,:
151:138,140,141,142,143,144,152,153,154,155,156,157,158,159,:
152:140,141,142,151,153,154,155,156,157,158,159,160,:
153:141,142,151,152,154,155,156,157,158,159,160,161,163,164,:
154:141,142,151,152,153,155,158,159,160,163,164,242,:
155:141,151,152,153,154,156,157,158,159,:
156:135,136,137,141,151,152,153,155,157,159,:
157:131,132,134,135,136,137,138,140,141,142,143,144,151,152,153,155,156,158,159,:
158:141,142,151,152,153,154,155,157,159,160,161,162,163,164,165,166,167,:
159:141,142,144,151,152,153,154,155,156,157,158,160,161,162,163,164,165,166,:
160:152,153,154,158,159,161,162,163,164,165,166,167,168,242,:
161:153,158,159,160,162,163,164,165,166,167,168,169,171,242,:
162:9,14,24,144,145,146,158,159,160,161,163,165,166,167,168,171,:
163:153,154,158,159,160,161,162,164,165,166,167,242,:
164:153,154,158,159,160,161,163,165,:
165:6,158,159,160,161,162,163,164,166,:
166:158,159,160,161,162,163,165,167,168,169,170,171,172,177,178,239,242,:
167:158,160,161,162,163,166,168,169,170,171,177,238,239,240,241,242,243,:
168:2,7,160,161,162,166,167,169,170,171,172,173,174,176,177,178,179,239,:
169:7,21,161,166,167,168,170,171,172,173,174,176,177,178,179,180,181,182,183,184,238,239,:
170:166,167,168,169,171,172,174,176,177,178,179,180,182,183,184,187,224,231,232,238,239,240,242,243,244,:
171:110,111,161,162,166,167,168,169,170,172,173,174,175,176,177,178,:
172:84,101,119,166,168,169,170,171,173,174,175,176,177,178,:
173:7,84,99,101,102,119,146,168,169,171,172,174,175,176,177,178,:
174:83,84,110,119,168,169,170,171,172,173,175,176,177,178,181,194,195,196,197,:
175:82,83,84,92,99,119,171,172,173,174,176,178,181,193,194,195,196,197,:
176:84,110,119,168,169,170,171,172,173,174,175,177,192,194,195,196,197,:
177:2,3,7,21,99,166,167,168,169,170,171,172,173,174,176,178,179,180,181,182,183,184,185,186,187,239,:
178:2,3,7,21,99,101,166,168,169,170,171,172,173,174,175,177,179,180,181,182,183,184,:
179:7,21,168,169,170,177,178,180,181,182,183,184,185,186,187,188,224,:
180:99,169,170,177,178,179,181,182,183,184,185,186,187,188,189,190,191,192,224,:
181:84,94,95,96,97,98,99,101,169,174,175,177,178,179,180,182,185,186,187,188,189,191,:
182:3,7,21,169,170,177,178,179,180,181,183,184,185,186,187,224,236,302,303,:
183:2,3,4,7,8,21,169,170,177,178,179,180,182,184,185,235,236,302,:
184:3,8,21,169,170,177,178,179,180,182,183,185,224,231,234,235,236,239,:
185:21,177,179,180,181,182,183,184,186,187,190,216,221,224,236,303,:
186:177,179,180,181,182,185,187,188,189,190,191,192,194,221,224,:
187:170,177,179,180,181,182,185,186,188,189,190,191,192,194,220,221,222,223,224,225,:
188:96,179,180,181,186,187,189,190,191,192,193,194,221,224,:
189:96,180,181,186,187,188,190,191,192,221,:
190:180,185,186,187,188,189,191,213,214,216,220,221,222,224,:
191:180,181,186,187,188,189,190,192,193,194,195,196,:
192:176,180,186,187,188,189,191,193,194,195,196,197,:
193:84,175,188,191,192,194,195,196,197,:
194:174,175,176,186,187,188,191,192,193,195,196,197,244,:
195:83,84,174,175,176,191,192,193,194,196,197,:
196:110,174,175,176,191,192,193,194,195,197,244,:
197:84,119,174,175,176,192,193,194,195,196,:
198:199,200,201,202,203,204,310,311,312,:
199:198,200,201,203,204,310,311,312,:
200:198,199,201,202,203,204,205,312,:
201:198,199,200,202,203,204,:
202:198,200,201,203,:
203:198,199,200,201,202,204,205,206,311,312,:
204:198,199,200,201,203,205,206,207,312,:
205:200,203,204,206,207,208,209,210,308,312,:
206:203,204,205,207,208,209,210,308,318,:
207:22,204,205,206,208,209,210,308,318,:
208:22,205,206,207,209,210,307,308,313,315,318,:
209:22,205,206,207,208,210,308,:
210:22,205,206,207,208,209,308,315,318,:
211:212,213,214,215,216,217,218,220,221,:
212:211,213,214,215,216,217,218,:
213:190,211,212,214,215,216,217,218,219,220,221,222,227,:
214:190,211,212,213,215,216,217,218,220,221,222,223,225,226,227,:
215:211,212,213,214,216,217,220,221,222,225,226,227,:
216:185,190,211,212,213,214,215,217,218,219,220,221,:
217:211,212,213,214,215,216,218,219,220,221,:
218:211,212,213,214,216,217,219,:
219:213,216,217,218,324,325,326,:
220:187,190,211,213,214,215,216,217,221,222,223,224,225,226,227,228,229,230,:
221:185,186,187,188,189,190,211,213,214,215,216,217,220,222,223,224,225,226,227,229,:
222:187,190,213,214,215,220,221,223,224,225,226,227,228,229,230,231,:
223:187,214,220,221,222,224,225,226,228,229,230,231,232,233,234,235,:
224:170,179,180,182,184,185,186,187,188,190,220,221,222,223,225,228,229,230,231,232,238,239,:
225:187,214,215,220,221,222,223,224,226,227,228,229,230,:
226:214,215,220,221,222,223,225,227,228,:
227:213,214,215,220,221,222,225,226,228,:
228:220,222,223,224,225,226,227,229,230,:
229:220,221,222,223,224,225,228,230,231,232,233,234,235,236,237,238,239,:
230:220,222,223,224,225,228,229,231,232,233,234,235,236,237,:
231:170,184,222,223,224,229,230,232,233,234,235,236,237,238,239,240,:
232:170,223,224,229,230,231,233,234,235,238,239,240,241,243,244,:
233:223,229,230,231,232,234,238,239,240,241,243,:
234:184,223,229,230,231,232,233,235,236,237,238,239,:
235:183,184,223,229,230,231,232,234,236,237,:
236:182,183,184,185,229,230,231,234,235,237,326,:
237:229,230,231,234,235,236,326,:
238:167,169,170,224,229,231,232,233,234,239,240,241,242,243,244,:
239:166,167,168,169,170,177,184,224,229,231,232,233,234,238,240,241,242,243,244,:
240:167,170,231,232,233,238,239,241,242,243,244,:
241:167,232,233,238,239,240,242,243,:
242:154,160,161,163,166,167,170,238,239,240,241,243,:
243:110,167,170,232,233,238,239,240,241,242,244,:
244:170,194,196,232,238,239,240,243,:
245:246,247,248,249,250,251,:
246:245,247,248,249,250,251,:
247:245,246,248,249,250,251,252,331,:
248:245,246,247,249,250,251,331,:
249:245,246,247,248,250,:
250:245,246,247,248,249,251,252,253,328,330,331,:
251:245,246,247,248,250,252,253,254,331,:
252:247,250,251,253,254,255,256,257,325,326,:
253:250,251,252,254,255,256,257,322,323,325,326,327,329,330,331,335,:
254:251,252,253,255,256,257,322,323,325,326,:
255:252,253,254,256,257,:
256:252,253,254,255,257,322,323,324,325,326,:
257:252,253,254,255,256,322,323,325,327,329,:
258:259,260,261,262,263,264,265,266,314,316,317,:
259:258,260,261,262,263,264,266,313,314,315,316,317,319,:
260:258,259,261,262,263,264,265,266,314,317,:
261:258,259,260,262,263,264,265,304,305,314,317,:
262:258,259,260,261,263,265,295,304,305,306,307,309,313,314,317,:
263:258,259,260,261,262,264,265,266,314,317,:
264:258,259,260,261,263,265,266,:
265:258,260,261,262,263,264,266,309,:
266:258,259,260,263,264,265,316,317,321,327,328,334,:
267:268,269,270,271,272,282,285,:
268:267,269,270,271,272,274,281,282,283,284,285,286,289,305,:
269:267,268,270,271,272,285,:
270:267,268,269,271,272,274,282,:
271:267,268,269,270,272,273,274,275,280,281,282,285,:
272:267,268,269,270,271,286,289,:
273:271,274,275,276,277,278,279,280,281,282,:
274:268,270,271,273,275,276,277,278,279,280,281,282,283,285,:
275:271,273,274,276,277,278,279,280,281,282,283,:
276:273,274,275,277,278,279,280,281,282,283,284,286,:
277:273,274,275,276,278,280,281,282,283,286,:
278:37,273,274,275,276,277,279,280,281,282,:
279:37,273,274,275,276,278,280,:
280:271,273,274,275,276,277,278,279,281,282,:
281:59,268,271,273,274,275,276,277,278,280,282,283,284,285,286,287,292,293,:
282:59,61,267,268,270,271,273,274,275,276,277,278,280,281,283,284,285,286,292,:
283:19,268,274,275,276,277,281,282,284,285,286,287,288,289,292,293,294,:
284:59,61,268,276,281,282,283,285,286,287,288,289,292,293,294,295,296,297,304,305,:
285:61,267,268,269,271,274,281,282,283,284,286,287,289,292,293,294,295,304,305,:
286:20,268,272,276,277,281,282,283,284,285,287,288,289,290,291,292,293,:
287:20,281,283,284,285,286,288,289,290,291,292,293,295,296,:
288:17,19,20,25,26,27,283,284,286,287,289,290,291,292,293,295,296,:
289:268,272,283,284,285,286,287,288,290,291,292,295,296,304,306,309,311,:
290:10,20,25,26,27,286,287,288,289,291,293,295,296,311,:
291:286,287,288,289,290,295,296,304,306,309,310,311,:
292:19,26,281,282,283,284,285,286,287,288,289,293,294,295,296,297,298,304,305,:
293:17,19,20,26,100,102,281,283,284,285,286,287,288,290,292,294,295,296,297,304,:
294:26,283,284,285,292,293,295,296,297,298,299,300,304,305,306,:
295:26,262,284,285,287,288,289,290,291,292,293,294,296,297,298,300,304,305,306,307,309,313,314,:
296:1,10,25,26,284,287,288,289,290,291,292,293,294,295,297,298,300,304,305,306,307,308,:
297:26,98,99,100,101,102,284,292,293,294,295,296,298,299,300,301,302,304,305,:
298:292,294,295,296,297,299,300,301,302,303,304,305,:
299:294,297,298,300,301,302,303,:
300:2,3,4,7,21,294,295,296,297,298,299,301,302,303,304,313,314,:
301:297,298,299,300,302,303,:
302:3,4,8,21,182,183,297,298,299,300,301,303,313,314,315,316,317,:
303:182,185,298,299,300,301,302,317,:
304:261,262,284,285,289,291,292,293,294,295,296,297,298,300,305,306,307,308,309,310,313,314,:
305:261,262,268,284,285,292,294,295,296,297,298,304,306,307,309,313,314,:
306:262,289,291,294,295,296,304,305,307,308,309,310,311,312,313,314,315,:
307:208,262,295,296,304,305,306,308,309,310,311,312,313,314,315,316,318,:
308:22,205,206,207,208,209,210,296,304,306,307,309,310,311,313,314,315,318,:
309:262,265,289,291,295,304,305,306,307,308,310,311,312,313,314,:
310:198,199,291,304,306,307,308,309,311,312,:
311:198,199,203,289,290,291,306,307,308,309,310,312,:
312:198,199,200,203,204,205,306,307,309,310,311,:
313:208,259,262,295,300,302,304,305,306,307,308,309,314,315,316,317,318,319,320,:
314:258,259,260,261,262,263,295,300,302,304,305,306,307,308,309,313,315,316,317,318,319,:
315:208,210,259,302,306,307,308,313,314,316,317,318,319,320,321,:
316:258,259,266,302,307,313,314,315,317,318,319,320,321,322,323,324,:
317:258,259,260,261,262,263,266,302,303,313,314,315,316,318,319,320,321,324,:
318:206,207,208,210,307,308,313,314,315,316,317,319,320,:
319:259,313,314,315,316,317,318,320,321,322,323,324,325,326,327,328,:
320:313,315,316,317,318,319,321,322,323,324,325,326,327,:
321:266,315,316,317,319,320,322,323,324,325,326,327,328,329,:
322:253,254,256,257,316,319,320,321,323,324,325,326,327,328,329,330,331,332,333,334,:
323:253,254,256,257,316,319,320,321,322,324,325,326,327,328,329,332,333,:
324:219,256,316,317,319,320,321,322,323,325,326,327,328,:
325:219,252,253,254,256,257,319,320,321,322,323,324,326,327,:
326:219,236,237,252,253,254,256,319,320,321,322,323,324,325,:
327:253,257,266,319,320,321,322,323,324,325,328,329,330,331,332,333,334,335,:
328:250,266,319,321,322,323,324,327,329,330,331,332,333,334,335,:
329:253,257,321,322,323,327,328,330,331,332,333,334,335,:
330:250,253,322,327,328,329,331,332,333,334,335,:
331:247,248,250,251,253,322,327,328,329,330,332,334,335,:
332:322,323,327,328,329,330,331,333,334,335,:
333:322,323,327,328,329,330,332,334,:
334:266,322,327,328,329,330,331,332,333,335,:
335:253,327,328,329,330,331,332,334,:
