1:2,3,4,5,6,7,8,10,11,12,26,27,28,29,30,31,64,105,108,267,268,269,368,370,:
2:1,3,4,5,6,7,8,9,11,12,13,14,26,27,28,29,30,31,32,257,267,269,366,367,368,369,370,371,:
3:1,2,4,5,6,7,8,9,10,13,14,15,26,27,28,29,30,31,32,269,339,367,369,371,373,538,539,:
4:1,2,3,5,6,8,9,10,17,18,26,27,28,29,30,31,32,33,35,269,371,372,373,474,475,538,539,:
5:1,2,3,4,6,7,8,9,10,17,18,19,22,24,25,27,28,29,30,31,32,33,35,53,54,55,56,267,268,269,475,:
6:1,2,3,4,5,7,8,9,10,11,12,17,22,24,25,26,27,28,29,30,31,53,54,55,56,64,148,267,268,269,:
7:1,2,3,5,6,11,12,26,30,31,63,64,102,103,105,106,108,148,267,269,368,370,:
8:1,2,3,4,5,6,9,13,14,15,16,26,27,28,29,32,35,249,257,267,269,339,535,536,538,539,:
9:2,3,4,5,6,8,10,15,17,18,27,28,29,32,33,35,373,474,475,476,535,536,537,538,539,:
10:1,3,4,5,6,9,17,18,19,20,21,22,23,24,25,28,29,30,31,32,33,34,35,53,54,55,56,475,608,:
11:1,2,6,7,12,26,31,64,102,103,104,105,106,108,264,267,269,365,368,:
12:1,2,6,7,11,26,30,31,59,62,63,64,102,103,105,106,107,108,148,269,368,370,:
13:2,3,8,14,15,16,26,27,32,248,249,250,251,257,259,338,339,500,501,502,535,536,539,:
14:2,3,8,13,15,16,26,27,244,245,248,249,250,251,252,253,255,256,257,258,259,337,338,339,501,:
15:3,8,9,13,14,16,27,32,251,257,337,338,339,498,499,500,501,502,535,536,537,538,539,:
16:8,13,14,15,180,244,247,248,249,251,259,339,500,501,502,535,539,:
17:4,5,6,9,10,18,19,20,21,22,23,24,25,29,30,31,32,33,34,35,53,54,55,56,210,641,:
18:4,5,9,10,17,19,20,21,22,23,24,25,29,32,33,34,35,208,209,210,213,533,534,548,549,575,:
19:5,10,17,18,20,21,22,23,24,33,34,35,53,55,56,548,549,572,575,594,595,605,608,640,641,643,:
20:10,17,18,19,21,22,23,24,52,53,54,55,56,572,594,595,605,607,608,609,640,641,642,:
21:10,17,18,19,20,22,23,33,34,35,56,547,548,549,569,570,571,572,573,575,593,594,595,605,640,641,:
22:5,6,10,17,18,19,20,21,23,24,25,29,31,33,34,35,53,55,56,136,208,210,211,213,267,268,549,640,641,643,:
23:10,17,18,19,20,21,22,24,25,34,35,55,122,135,136,207,208,210,211,212,213,547,549,639,640,641,642,643,:
24:5,6,10,17,18,19,20,22,23,25,29,30,31,51,52,53,54,55,56,135,136,140,141,147,148,267,268,640,641,642,643,:
25:5,6,10,17,18,22,23,24,29,31,33,34,35,55,135,136,137,207,208,209,210,211,213,265,266,267,268,269,:
26:1,2,3,4,6,7,8,11,12,13,14,27,28,105,256,257,269,365,366,367,368,369,370,371,:
27:1,2,3,4,5,6,8,9,13,14,15,26,28,29,32,257,338,339,366,367,369,370,371,372,373,536,538,539,:
28:1,2,3,4,5,6,8,9,10,26,27,29,30,31,32,369,370,371,372,373,474,475,538,:
29:1,2,3,4,5,6,8,9,10,17,18,22,24,25,27,28,30,31,32,33,34,35,55,210,265,267,268,269,:
30:1,2,3,4,5,6,7,10,12,17,24,28,29,31,53,54,55,56,63,64,269,370,373,:
31:1,2,3,4,5,6,7,10,11,12,17,22,24,25,28,29,30,53,54,55,56,64,148,265,267,268,269,:
32:2,3,4,5,8,9,10,13,15,17,18,27,28,29,33,35,475,476,534,535,536,537,538,539,:
33:4,5,9,10,17,18,19,21,22,25,29,32,34,35,210,475,476,532,533,534,535,538,548,569,570,572,573,574,575,:
34:10,17,18,19,21,22,23,25,29,33,35,207,208,209,210,211,213,532,533,534,541,547,548,549,572,575,:
35:4,5,8,9,10,17,18,19,21,22,23,25,29,32,33,34,208,209,210,268,533,534,535,538,:
36:37,38,39,40,41,42,43,44,45,80,401,402,403,406,:
37:36,38,39,40,41,42,80,401,402,:
38:36,37,39,40,41,42,43,44,45,46,58,66,80,401,403,406,407,408,:
39:36,37,38,40,41,42,43,44,45,46,47,48,49,57,58,65,66,73,74,79,80,408,:
40:36,37,38,39,41,42,43,44,45,46,47,48,57,58,65,66,68,73,74,75,78,79,80,:
41:36,37,38,39,40,42,43,44,45,58,65,66,70,72,403,:
42:36,37,38,39,40,41,43,44,45,57,58,59,60,62,65,66,67,70,72,74,:
43:36,38,39,40,41,42,44,45,57,58,59,62,65,66,407,408,:
44:36,38,39,40,41,42,43,45,46,47,48,49,50,57,58,66,74,80,407,408,:
45:36,38,39,40,41,42,43,44,46,47,49,57,58,406,407,408,409,:
46:38,39,40,44,45,47,48,49,50,51,57,58,59,74,408,:
47:39,40,44,45,46,48,49,50,51,57,58,59,60,61,62,65,66,73,74,82,:
48:39,40,44,46,47,49,50,51,57,58,59,60,61,65,66,68,73,74,75,76,78,81,82,86,:
49:39,44,45,46,47,48,50,51,52,57,58,408,:
50:44,46,47,48,49,51,52,53,57,58,117,:
51:24,46,47,48,49,50,52,53,54,55,56,57,58,117,146,147,148,:
52:20,24,49,50,51,53,54,55,56,117,652,:
53:5,6,10,17,19,20,22,24,30,31,50,51,52,54,55,56,608,:
54:5,6,10,17,20,24,30,31,51,52,53,55,56,63,64,608,:
55:5,6,10,17,19,20,22,23,24,25,29,30,31,51,52,53,54,56,147,148,:
56:5,6,10,17,19,20,21,22,24,30,31,51,52,53,54,55,607,608,609,641,:
57:39,40,42,43,44,45,46,47,48,49,50,51,58,59,60,61,62,63,64,65,66,74,:
58:38,39,40,41,42,43,44,45,46,47,48,49,50,51,57,59,60,62,63,64,65,66,408,:
59:12,42,43,46,47,48,57,58,60,61,62,63,64,65,66,67,74,106,107,108,:
60:42,47,48,57,58,59,61,62,63,64,65,66,67,68,69,70,73,74,82,93,106,107,108,:
61:47,48,57,59,60,62,65,66,67,68,69,73,74,81,82,92,93,97,98,99,102,106,107,108,:
62:12,42,43,47,57,58,59,60,61,63,64,65,66,106,107,108,:
63:7,12,30,54,57,58,59,60,62,64,108,370,:
64:1,6,7,11,12,30,31,54,57,58,59,60,62,63,106,107,108,368,370,:
65:39,40,41,42,43,47,48,57,58,59,60,61,62,66,67,68,69,70,71,72,73,74,82,107,:
66:38,39,40,41,42,43,44,47,48,57,58,59,60,61,62,65,67,68,70,72,73,74,:
67:42,59,60,61,65,66,68,69,70,71,72,73,74,75,93,:
68:40,48,60,61,65,66,67,69,70,71,72,73,74,75,76,77,78,80,81,82,92,93,:
69:60,61,65,67,68,70,71,73,74,75,76,77,81,82,92,93,94,95,97,:
70:41,42,60,65,66,67,68,69,71,72,73,74,:
71:65,67,68,69,70,72,73,74,:
72:41,42,65,66,67,68,70,71,:
73:39,40,47,48,60,61,65,66,67,68,69,70,71,74,75,76,77,78,79,80,81,82,93,:
74:39,40,42,44,46,47,48,57,59,60,61,65,66,67,68,69,70,71,73,75,76,78,79,80,81,82,:
75:40,48,67,68,69,73,74,76,77,78,79,80,81,82,83,93,:
76:48,68,69,73,74,75,77,78,79,81,82,83,84,85,86,92,93,:
77:68,69,73,75,76,78,81,82,83,84,85,92,93,:
78:40,48,68,73,74,75,76,77,79,80,81,82,:
79:39,40,73,74,75,76,78,80,:
80:36,37,38,39,40,44,68,73,74,75,78,79,:
81:48,61,68,69,73,74,75,76,77,78,82,83,84,85,86,87,88,92,93,:
82:47,48,60,61,65,68,69,73,74,75,76,77,78,81,83,84,86,87,88,92,93,:
83:75,76,77,81,82,84,85,86,87,88,89,92,93,94,:
84:76,77,81,82,83,85,86,87,92,93,94,95,96,97,:
85:76,77,81,83,84,86,92,93,94,95,96,:
86:48,76,81,82,83,84,85,87,88,89,90,91,92,93,144,145,146,:
87:81,82,83,84,86,88,89,90,91,113,146,:
88:81,82,83,86,87,89,90,91,113,:
89:83,86,87,88,90,91,112,113,146,147,:
90:86,87,88,89,91,111,112,113,114,146,147,:
91:86,87,88,89,90,113,141,142,143,144,145,146,147,149,150,:
92:61,68,69,76,77,81,82,83,84,85,86,93,94,95,96,97,98,:
93:60,61,67,68,69,73,75,76,77,81,82,83,84,85,86,92,94,95,97,98,107,:
94:69,83,84,85,92,93,95,96,97,98,99,:
95:69,84,85,92,93,94,96,97,98,:
96:84,85,92,94,95,97,:
97:61,69,84,92,93,94,95,96,98,99,100,107,:
98:61,92,93,94,95,97,99,100,101,102,106,107,:
99:61,94,97,98,100,101,102,103,104,106,107,108,390,398,:
100:97,98,99,101,102,103,104,105,106,107,108,390,392,393,394,397,398,399,:
101:98,99,100,102,103,104,105,106,107,298,299,364,386,390,392,393,394,397,398,399,400,:
102:7,11,12,61,98,99,100,101,103,104,105,106,107,108,398,399,:
103:7,11,12,99,100,101,102,104,105,106,107,108,297,298,299,364,365,393,398,399,:
104:11,99,100,101,102,103,105,106,108,296,297,298,299,363,364,365,392,393,397,398,399,:
105:1,7,11,12,26,100,101,102,103,104,106,107,108,364,365,366,368,:
106:7,11,12,59,60,61,62,64,98,99,100,101,102,103,104,105,107,108,:
107:12,59,60,61,62,64,65,93,97,98,99,100,101,102,103,105,106,108,:
108:1,7,11,12,59,60,61,62,63,64,99,100,102,103,104,105,106,107,148,:
109:110,111,112,113,114,115,116,635,:
110:109,111,112,114,115,116,633,634,635,:
111:90,109,110,112,113,114,115,116,117,134,635,:
112:89,90,109,110,111,113,114,115,:
113:87,88,89,90,91,109,111,112,114,:
114:90,109,110,111,112,113,115,116,117,134,635,:
115:109,110,111,112,114,116,117,131,134,635,637,640,642,643,:
116:109,110,111,114,115,117,119,121,129,131,134,635,637,638,639,640,642,643,:
117:50,51,52,111,114,115,116,147,635,637,639,640,641,642,643,:
118:119,120,121,122,123,124,125,126,128,129,130,:
119:116,118,120,121,122,123,124,126,128,129,130,:
120:118,119,121,122,123,124,125,126,128,129,130,131,196,:
121:116,118,119,120,122,123,124,129,130,131,132,134,135,136,196,639,643,:
122:23,118,119,120,121,123,129,130,131,132,135,136,196,211,212,213,549,639,640,642,643,:
123:118,119,120,121,122,124,125,126,127,128,129,130,639,:
124:118,119,120,121,123,125,126,127,128,:
125:118,120,123,124,126,127,128,189,:
126:118,119,120,123,124,125,127,128,:
127:123,124,125,126,128,:
128:118,119,120,123,124,125,126,127,:
129:116,118,119,120,121,122,123,130,131,132,133,134,135,136,196,:
130:118,119,120,121,122,123,129,131,132,133,134,:
131:115,116,120,121,122,129,130,132,133,134,135,136,137,141,150,643,:
132:121,122,129,130,131,133,134,135,136,137,138,139,140,141,149,150,156,196,:
133:129,130,131,132,134,135,136,137,138,139,140,141,149,150,151,152,154,155,156,157,160,196,:
134:111,114,115,116,121,129,130,131,132,133,135,136,150,154,:
135:23,24,25,121,122,129,131,132,133,134,136,137,138,139,140,141,147,150,156,196,213,643,:
136:22,23,24,25,121,122,129,131,132,133,134,135,137,138,140,141,147,211,212,213,640,642,643,:
137:25,131,132,133,135,136,138,139,140,141,142,150,156,165,179,213,266,268,:
138:132,133,135,136,137,139,140,141,142,143,145,147,149,150,155,156,165,266,268,:
139:132,133,135,137,138,140,141,142,143,149,150,152,155,156,157,158,164,165,166,169,171,179,187,266,:
140:24,132,133,135,136,137,138,139,141,142,143,144,145,146,147,148,149,150,156,266,268,:
141:24,91,131,132,133,135,136,137,138,139,140,142,143,145,146,147,148,149,150,268,:
142:91,137,138,139,140,141,143,144,145,146,147,148,149,150,151,187,:
143:91,138,139,140,141,142,144,145,146,147,148,149,150,151,152,154,155,156,186,187,:
144:86,91,140,142,143,145,146,149,150,151,152,154,185,186,187,:
145:86,91,138,140,141,142,143,144,146,147,148,149,150,:
146:51,86,87,89,90,91,140,141,142,143,144,145,147,148,149,150,:
147:24,51,55,89,90,91,117,135,136,138,140,141,142,143,145,146,148,149,150,:
148:6,7,12,24,31,51,55,108,140,141,142,143,145,146,147,267,268,:
149:91,132,133,138,139,140,141,142,143,144,145,146,147,150,151,152,153,154,155,156,165,187,:
150:91,131,132,133,134,135,137,138,139,140,141,142,143,144,145,146,147,149,151,152,153,154,155,156,165,:
151:133,142,143,144,149,150,152,153,154,155,156,157,:
152:133,139,143,144,149,150,151,153,154,155,156,157,158,159,160,164,165,187,:
153:149,150,151,152,154,155,156,157,158,159,164,165,181,183,187,:
154:133,134,143,144,149,150,151,152,153,155,156,:
155:133,138,139,143,149,150,151,152,153,154,156,157,158,159,160,161,164,165,:
156:132,133,135,137,138,139,140,143,149,150,151,152,153,154,155,157,158,160,164,165,:
157:133,139,151,152,153,155,156,158,159,160,161,162,164,165,166,:
158:139,152,153,155,156,157,159,160,161,162,164,165,166,167,168,169,181,187,:
159:152,153,155,157,158,160,161,162,164,165,166,167,168,181,:
160:133,152,155,156,157,158,159,161,162,163,164,165,:
161:155,157,158,159,160,162,163,164,165,195,:
162:157,158,159,160,161,163,:
163:160,161,162,194,:
164:139,152,153,155,156,157,158,159,160,161,165,166,167,168,169,170,171,181,187,:
165:137,138,139,149,150,152,153,155,156,157,158,159,160,161,164,166,167,169,170,171,181,187,:
166:139,157,158,159,164,165,167,168,169,170,171,181,182,187,:
167:158,159,164,165,166,168,169,170,181,182,183,184,185,186,187,305,:
168:158,159,164,166,167,169,181,182,183,184,187,305,:
169:139,158,164,165,166,167,168,170,171,172,179,181,187,262,263,266,:
170:164,165,166,167,169,171,172,173,174,178,179,263,266,277,279,:
171:139,164,165,166,169,170,172,173,174,175,176,178,179,180,266,:
172:169,170,171,173,174,175,176,177,178,179,180,217,279,:
173:170,171,172,174,175,176,177,178,179,216,217,279,:
174:170,171,172,173,175,176,177,178,179,180,209,217,266,279,:
175:171,172,173,174,176,177,178,179,180,206,209,216,217,:
176:171,172,173,174,175,177,178,180,200,201,202,214,215,216,217,219,220,:
177:172,173,174,175,176,178,179,180,206,208,209,217,:
178:170,171,172,173,174,175,176,177,179,180,208,209,210,248,263,265,266,:
179:137,139,169,170,171,172,173,174,175,177,178,180,263,264,265,266,267,268,:
180:16,171,172,174,175,176,177,178,179,208,209,210,248,249,264,265,266,267,:
181:153,158,159,164,165,166,167,168,169,182,183,184,185,186,187,305,:
182:166,167,168,181,183,184,185,186,187,305,:
183:153,167,168,181,182,184,185,186,187,:
184:167,168,181,182,183,185,:
185:144,167,181,182,183,184,186,187,314,:
186:143,144,167,181,182,183,185,187,314,:
187:139,142,143,144,149,152,153,158,164,165,166,167,168,169,181,182,183,185,186,:
188:189,190,191,192,193,194,:
189:125,188,190,191,193,:
190:188,189,191,192,193,194,195,198,:
191:188,189,190,192,193,194,195,197,198,:
192:188,190,191,193,194,195,197,198,201,202,:
193:188,189,190,191,192,194,195,196,:
194:163,188,190,191,192,193,195,196,:
195:161,190,191,192,193,194,196,:
196:120,121,122,129,132,133,135,193,194,195,212,:
197:191,192,198,199,200,201,202,203,214,:
198:190,191,192,197,199,200,201,202,203,:
199:197,198,200,201,202,203,204,206,214,215,220,:
200:176,197,198,199,201,202,203,214,215,216,217,218,219,220,:
201:176,192,197,198,199,200,202,214,215,216,217,220,:
202:176,192,197,198,199,200,201,203,204,205,206,214,220,:
203:197,198,199,200,202,204,205,206,207,212,523,531,:
204:199,202,203,205,206,207,208,209,211,212,213,530,531,:
205:202,203,204,206,207,208,209,210,211,212,213,523,529,530,531,:
206:175,177,199,202,203,204,205,207,208,209,210,211,212,522,523,529,530,:
207:23,25,34,203,204,205,206,208,209,210,211,212,213,549,:
208:18,22,23,25,34,35,177,178,180,204,205,206,207,209,210,211,212,213,:
209:18,25,34,35,174,175,177,178,180,204,205,206,207,208,210,211,213,523,533,:
210:17,18,22,23,25,29,33,34,35,178,180,205,206,207,208,209,211,212,213,267,268,:
211:22,23,25,34,122,136,204,205,206,207,208,209,210,212,213,547,549,643,:
212:23,122,136,196,203,204,205,206,207,208,210,211,213,547,549,:
213:18,22,23,25,34,122,135,136,137,204,205,207,208,209,210,211,212,547,548,549,640,641,643,:
214:176,197,199,200,201,202,215,216,217,218,219,220,:
215:176,199,200,201,214,216,217,218,219,220,:
216:173,175,176,200,201,214,215,217,218,219,220,281,:
217:172,173,174,175,176,177,200,201,214,215,216,218,219,220,279,281,:
218:200,214,215,216,217,219,220,:
219:176,200,214,215,216,217,218,220,:
220:176,199,200,201,202,214,215,216,217,218,219,523,524,:
221:222,223,224,225,226,227,:
222:221,223,224,226,227,:
223:221,222,224,225,226,227,228,235,:
224:221,222,223,225,226,227,228,229,231,233,234,235,243,317,325,:
225:221,223,224,226,227,228,229,234,235,243,317,318,322,324,325,331,:
226:221,222,223,224,225,227,228,229,230,231,232,233,234,235,325,:
227:221,222,223,224,225,226,228,229,231,232,233,234,235,:
228:223,224,225,226,227,229,230,231,232,233,234,235,236,325,:
229:224,225,226,227,228,230,231,232,233,234,235,236,237,239,241,242,243,330,331,:
230:226,228,229,231,232,234,235,236,237,239,330,331,:
231:224,226,227,228,229,230,232,233,234,235,:
232:226,227,228,229,230,231,233,234,235,241,:
233:224,226,227,228,229,231,232,234,235,:
234:224,225,226,227,228,229,230,231,232,233,235,236,237,238,239,240,241,242,243,:
235:223,224,225,226,227,228,229,230,231,232,233,234,236,237,239,241,242,243,:
236:228,229,230,234,235,237,238,239,240,241,242,243,244,:
237:229,230,234,235,236,238,239,240,241,242,243,244,245,247,331,502,:
238:234,236,237,239,240,242,243,244,247,331,497,498,500,501,502,:
239:229,230,234,235,236,237,238,240,241,242,243,:
240:234,236,237,238,239,241,242,243,:
241:229,232,234,235,236,237,239,240,:
242:229,234,235,236,237,238,239,240,243,244,245,246,247,248,249,250,251,331,502,:
243:224,225,229,234,235,236,237,238,239,240,242,244,245,246,247,250,278,280,:
244:14,16,236,237,238,242,243,245,246,247,248,249,250,251,252,259,502,:
245:14,237,242,243,244,246,247,248,249,250,251,252,253,255,257,258,259,271,:
246:242,243,244,245,247,248,250,251,252,253,254,258,259,270,271,278,283,:
247:16,237,238,242,243,244,245,246,248,249,250,251,258,259,271,280,281,:
248:13,14,16,178,180,242,244,245,246,247,249,250,251,253,258,259,260,263,264,271,:
249:8,13,14,16,180,242,244,245,247,248,250,251,257,258,259,263,264,:
250:13,14,242,243,244,245,246,247,248,249,251,252,253,254,255,256,257,258,259,271,:
251:13,14,15,16,242,244,245,246,247,248,249,250,252,253,255,256,257,258,259,337,339,:
252:14,244,245,246,250,251,253,254,255,256,257,258,259,260,271,283,328,:
253:14,245,246,248,250,251,252,254,255,256,257,258,259,260,261,263,270,271,282,283,292,:
254:246,250,252,253,255,256,258,259,260,261,262,270,271,273,282,283,284,285,287,291,292,293,296,297,382,:
255:14,245,250,251,252,253,254,256,257,258,259,328,336,337,382,:
256:14,26,250,251,252,253,254,255,257,258,259,336,337,365,:
257:2,8,13,14,15,26,27,245,249,250,251,252,253,255,256,258,259,337,339,:
258:14,245,246,247,248,249,250,251,252,253,254,255,256,257,259,260,261,262,263,264,270,271,283,292,:
259:13,14,16,244,245,246,247,248,249,250,251,252,253,254,255,256,257,258,260,261,263,264,270,271,:
260:248,252,253,254,258,259,261,262,263,264,265,270,271,272,292,296,301,:
261:253,254,258,259,260,262,263,264,270,271,272,273,274,275,277,282,283,291,292,300,301,:
262:169,254,258,260,261,263,270,271,272,273,274,282,283,291,292,293,294,296,300,301,302,305,:
263:169,170,178,179,248,249,253,258,259,260,261,262,264,265,266,267,270,271,:
264:11,179,180,248,249,258,259,260,261,263,265,266,267,268,269,:
265:25,29,31,178,179,180,260,263,264,266,267,268,269,:
266:25,137,138,139,140,169,170,171,174,178,179,180,263,264,265,267,268,269,:
267:1,2,5,6,7,8,11,22,24,25,29,31,148,179,180,210,263,264,265,266,268,269,:
268:1,5,6,22,24,25,29,31,35,137,138,140,141,148,179,210,264,265,266,267,269,:
269:1,2,3,4,5,6,7,8,11,12,25,26,29,30,31,264,265,266,267,268,:
270:246,253,254,258,259,260,261,262,263,271,272,273,274,275,276,277,278,282,283,292,301,:
271:245,246,247,248,250,252,253,254,258,259,260,261,262,263,270,272,273,275,276,277,278,282,283,292,:
272:260,261,262,270,271,273,274,275,276,277,278,282,283,284,292,301,:
273:254,261,262,270,271,272,274,275,276,282,283,284,285,286,287,291,292,300,301,:
274:261,262,270,272,273,275,282,283,284,285,286,291,292,300,301,302,303,305,:
275:261,270,271,272,273,274,276,277,278,279,280,282,283,:
276:270,271,272,273,275,277,278,279,280,281,:
277:170,261,270,271,272,275,276,278,279,280,281,:
278:243,246,270,271,272,275,276,277,279,280,281,:
279:170,172,173,174,217,275,276,277,278,280,281,:
280:243,247,275,276,277,278,279,281,:
281:216,217,247,276,277,278,279,280,:
282:253,254,261,262,270,271,272,273,274,275,283,284,285,286,287,288,291,292,301,:
283:246,252,253,254,258,261,262,270,271,272,273,274,275,282,284,285,287,291,292,:
284:254,272,273,274,282,283,285,286,287,288,289,290,291,292,293,301,:
285:254,273,274,282,283,284,286,287,288,289,291,292,293,294,295,296,300,301,:
286:273,274,282,284,285,287,288,289,291,292,293,294,295,300,301,303,:
287:254,273,282,283,284,285,286,288,289,290,291,292,382,:
288:282,284,285,286,287,289,290,291,292,382,:
289:284,285,286,287,288,290,:
290:284,287,288,289,380,382,:
291:254,261,262,273,274,282,283,284,285,286,287,288,292,293,294,295,296,297,298,299,300,301,382,:
292:253,254,258,260,261,262,270,271,272,273,274,282,283,284,285,286,287,288,291,293,294,296,297,298,300,301,382,:
293:254,262,284,285,286,291,292,294,295,296,297,298,299,300,301,302,399,:
294:262,285,286,291,292,293,295,296,297,298,299,300,301,302,303,304,305,307,:
295:285,286,291,293,294,296,299,300,301,302,303,304,306,307,311,312,314,400,:
296:104,254,260,262,285,291,292,293,294,295,297,298,299,300,301,398,399,:
297:103,104,254,291,292,293,294,296,298,299,364,382,397,398,399,:
298:101,103,104,291,292,293,294,296,297,299,364,376,382,393,397,398,399,400,:
299:101,103,104,291,293,294,295,296,297,298,300,301,314,398,399,400,:
300:261,262,273,274,285,286,291,292,293,294,295,296,299,301,302,303,304,305,307,:
301:260,261,262,270,272,273,274,282,284,285,286,291,292,293,294,295,296,299,300,302,303,305,:
302:262,274,293,294,295,300,301,303,304,305,307,:
303:274,286,294,295,300,301,302,304,305,306,307,:
304:294,295,300,302,303,305,306,307,308,:
305:167,168,181,182,262,274,294,300,301,302,303,304,:
306:295,303,304,307,308,309,310,311,312,:
307:294,295,300,302,303,304,306,308,309,311,312,:
308:304,306,307,309,310,311,312,:
309:306,307,308,310,311,312,:
310:306,308,309,311,:
311:295,306,307,308,309,310,312,313,314,:
312:295,306,307,308,309,311,313,314,400,:
313:311,312,314,:
314:185,186,295,299,311,312,313,:
315:316,317,318,319,320,321,324,325,:
316:315,317,318,319,320,324,348,352,:
317:224,225,315,316,318,319,320,321,322,323,324,325,326,:
318:225,315,316,317,319,320,321,322,324,325,326,327,328,329,330,:
319:315,316,317,318,320,321,324,325,326,327,328,341,346,347,348,:
320:315,316,317,318,319,321,322,323,324,325,:
321:315,317,318,319,320,322,323,324,325,328,346,:
322:225,317,318,320,321,323,324,325,328,:
323:317,320,321,322,:
324:225,315,316,317,318,319,320,321,322,325,326,327,328,329,330,331,332,333,:
325:224,225,226,228,315,317,318,319,320,321,322,324,326,327,328,329,330,331,:
326:317,318,319,324,325,327,328,329,330,331,332,333,334,341,448,450,:
327:318,319,324,325,326,328,329,330,331,332,333,334,335,336,337,338,340,341,448,:
328:252,255,318,319,321,322,324,325,326,327,329,331,332,333,334,335,336,337,340,341,342,:
329:318,324,325,326,327,328,330,331,332,333,448,449,450,:
330:229,230,318,324,325,326,327,329,331,448,449,450,:
331:225,229,230,237,238,242,324,325,326,327,328,329,330,332,333,500,501,502,:
332:324,326,327,328,329,331,333,334,335,336,337,338,339,340,341,445,448,:
333:324,326,327,328,329,331,332,334,335,337,338,340,341,444,445,447,448,449,450,:
334:326,327,328,332,333,335,336,337,338,339,340,341,342,445,:
335:327,328,332,333,334,336,337,338,340,341,342,343,344,345,353,359,361,:
336:255,256,327,328,332,334,335,337,340,341,342,343,344,353,355,359,360,361,362,365,367,375,:
337:14,15,251,255,256,257,327,328,332,333,334,335,336,338,339,340,367,:
338:13,14,15,27,327,332,333,334,335,337,339,466,500,501,539,:
339:3,8,13,14,15,16,27,251,257,332,334,337,338,466,500,501,502,536,539,:
340:327,328,332,333,334,335,336,337,341,342,343,344,345,346,353,359,361,:
341:319,326,327,328,332,333,334,335,336,340,342,343,345,346,347,353,359,:
342:328,334,335,336,340,341,343,344,345,346,347,353,354,359,361,375,:
343:335,336,340,341,342,344,345,346,353,354,355,357,358,359,360,361,374,375,:
344:335,336,340,342,343,345,353,354,355,356,359,360,361,363,374,375,376,379,380,:
345:335,340,341,342,343,344,346,347,348,353,359,:
346:319,321,340,341,342,343,345,347,348,349,:
347:319,341,342,345,346,348,349,350,351,352,:
348:316,319,345,346,347,349,350,351,352,:
349:346,347,348,350,351,352,:
350:347,348,349,351,352,:
351:347,348,349,350,352,:
352:316,347,348,349,350,351,:
353:335,336,340,341,342,343,344,345,354,355,356,357,358,359,360,361,375,:
354:342,343,344,353,355,356,357,358,359,360,361,362,375,:
355:336,343,344,353,354,356,357,358,359,360,361,362,363,365,374,375,384,:
356:344,353,354,355,357,360,361,362,363,364,374,375,383,384,389,:
357:343,353,354,355,356,358,359,360,361,:
358:343,353,354,355,357,359,:
359:335,336,340,341,342,343,344,345,353,354,355,357,358,360,361,:
360:336,343,344,353,354,355,356,357,359,361,362,363,364,365,366,367,374,375,384,:
361:335,336,340,342,343,344,353,354,355,356,357,359,360,362,363,365,366,367,374,375,:
362:336,354,355,356,360,361,363,364,365,366,367,368,374,375,376,384,:
363:104,344,355,356,360,361,362,364,365,366,374,375,376,377,378,379,383,384,393,:
364:101,103,104,105,297,298,356,360,362,363,365,374,375,376,377,378,383,384,385,386,388,392,393,397,398,399,:
365:11,26,103,104,105,256,336,355,360,361,362,363,364,366,367,368,369,370,374,375,:
366:2,26,27,105,360,361,362,363,365,367,368,369,370,371,:
367:2,3,26,27,336,337,360,361,362,365,366,368,369,370,371,372,:
368:1,2,7,11,12,26,64,105,362,365,366,367,369,370,371,372,373,391,:
369:2,3,26,27,28,365,366,367,368,370,371,372,373,:
370:1,2,7,12,26,27,28,30,63,64,365,366,367,368,369,371,372,373,:
371:2,3,4,26,27,28,366,367,368,369,370,372,373,:
372:4,27,28,367,368,369,370,371,373,417,439,469,475,:
373:3,4,9,27,28,30,368,369,370,371,372,417,473,474,475,:
374:343,344,355,356,360,361,362,363,364,365,375,376,377,378,379,380,381,382,384,393,:
375:336,342,343,344,353,354,355,356,360,361,362,363,364,365,374,376,377,379,380,382,384,:
376:298,344,362,363,364,374,375,377,378,379,380,381,382,384,393,:
377:363,364,374,375,376,378,379,380,381,383,384,392,393,:
378:363,364,374,376,377,379,381,383,384,386,392,393,394,395,397,:
379:344,363,374,375,376,377,378,380,381,382,:
380:290,344,374,375,376,377,379,381,382,:
381:374,376,377,378,379,380,382,:
382:254,255,287,288,290,291,292,297,298,374,375,376,379,380,381,:
383:356,363,364,377,378,384,385,386,387,388,389,390,392,393,:
384:355,356,360,362,363,364,374,375,376,377,378,383,385,386,388,389,392,393,:
385:364,383,384,386,387,388,389,390,391,392,393,394,:
386:101,364,378,383,384,385,387,388,389,390,392,393,394,395,396,397,:
387:383,385,386,388,390,392,393,394,395,396,:
388:364,383,384,385,386,387,389,390,391,392,393,:
389:356,383,384,385,386,388,390,391,:
390:99,100,101,383,385,386,387,388,389,391,392,393,:
391:368,385,388,389,390,:
392:100,101,104,364,377,378,383,384,385,386,387,388,390,393,394,395,396,397,398,399,400,:
393:100,101,103,104,298,363,364,374,376,377,378,383,384,385,386,387,388,390,392,394,395,397,398,399,:
394:100,101,378,385,386,387,392,393,395,396,397,398,399,400,:
395:378,386,387,392,393,394,396,397,398,400,:
396:386,387,392,394,395,397,400,:
397:100,101,104,297,298,364,378,386,392,393,394,395,396,398,399,400,:
398:99,100,101,102,103,104,296,297,298,299,364,392,393,394,395,397,399,400,:
399:100,101,102,103,104,293,296,297,298,299,364,392,393,394,397,398,400,:
400:101,295,298,299,312,392,394,395,396,397,398,399,:
401:36,37,38,402,403,404,405,406,407,:
402:36,37,401,403,404,405,406,:
403:36,38,41,401,402,404,405,406,407,408,409,411,:
404:401,402,403,405,406,407,409,410,411,:
405:401,402,403,404,406,407,409,410,411,:
406:36,38,45,401,402,403,404,405,407,408,409,411,:
407:38,43,44,45,401,403,404,405,406,408,409,410,411,:
408:38,39,43,44,45,46,49,58,403,406,407,409,:
409:45,403,404,405,406,407,408,410,411,412,413,415,416,:
410:404,405,407,409,411,412,413,414,415,416,417,:
411:403,404,405,406,407,409,410,412,413,415,416,417,:
412:409,410,411,413,414,415,416,417,439,:
413:409,410,411,412,414,415,416,612,:
414:410,412,413,415,419,426,428,612,:
415:409,410,411,412,413,414,416,417,439,607,609,610,612,:
416:409,410,411,412,413,415,417,437,438,439,609,:
417:372,373,410,411,412,415,416,437,438,439,440,478,:
418:419,420,421,422,423,424,425,426,:
419:414,418,420,421,423,424,425,426,428,:
420:418,419,421,422,423,424,425,426,:
421:418,419,420,422,423,424,:
422:418,420,421,423,:
423:418,419,420,421,422,424,425,426,427,428,:
424:418,419,420,421,423,425,426,427,428,429,:
425:418,419,420,423,424,426,427,428,429,430,431,625,626,627,:
426:414,418,419,420,423,424,425,427,428,429,430,:
427:423,424,425,426,428,429,430,431,625,627,:
428:414,419,423,424,425,426,427,429,430,431,610,611,612,627,629,630,:
429:424,425,426,427,428,430,431,610,611,627,630,:
430:425,426,427,428,429,431,598,601,602,603,610,611,612,630,:
431:425,427,428,429,430,598,600,601,602,603,610,611,:
432:433,434,435,436,437,438,440,:
433:432,434,435,437,438,440,:
434:432,433,435,436,437,438,439,440,:
435:432,433,434,436,437,438,:
436:432,434,435,437,:
437:416,417,432,433,434,435,436,438,439,440,:
438:416,417,432,433,434,435,437,439,440,478,482,:
439:372,412,415,416,417,434,437,438,440,477,478,479,482,:
440:417,432,433,434,437,438,439,454,457,459,478,482,:
441:442,443,444,445,446,447,451,453,:
442:441,443,444,446,:
443:441,442,444,445,446,447,448,449,451,453,:
444:333,441,442,443,445,446,447,448,452,453,467,:
445:332,333,334,441,443,444,446,447,448,449,452,453,467,:
446:441,442,443,444,445,447,448,449,450,451,:
447:333,441,443,444,445,446,448,449,450,451,:
448:326,327,329,330,332,333,443,444,445,446,447,449,450,451,:
449:329,330,333,443,445,446,447,448,450,451,:
450:326,329,330,333,446,447,448,449,451,:
451:441,443,446,447,448,449,450,:
452:444,445,453,454,455,456,457,458,459,461,467,:
453:441,443,444,445,452,454,455,456,457,458,459,461,467,:
454:440,452,453,455,456,457,458,459,460,461,462,467,:
455:452,453,454,456,457,458,459,461,462,463,464,465,466,467,468,469,478,:
456:452,453,454,455,457,458,460,461,462,463,464,467,468,469,477,478,480,:
457:440,452,453,454,455,456,458,459,460,461,:
458:452,453,454,455,456,457,459,460,:
459:440,452,453,454,455,457,458,460,:
460:454,456,457,458,459,:
461:452,453,454,455,456,457,462,463,464,465,466,467,468,469,:
462:454,455,456,461,463,464,465,466,467,468,469,470,513,:
463:455,456,461,462,464,465,466,467,468,469,470,471,472,473,477,478,484,512,513,:
464:455,456,461,462,463,465,468,469,470,471,472,477,483,484,489,510,512,513,514,:
465:455,461,462,463,464,466,467,468,469,513,536,537,539,:
466:338,339,455,461,462,463,465,467,468,469,536,537,538,539,:
467:444,445,452,453,454,455,456,461,462,463,465,466,468,469,:
468:455,456,461,462,463,464,465,466,467,469,470,471,472,473,474,476,477,478,:
469:372,455,456,461,462,463,464,465,466,467,468,470,471,473,474,476,477,478,:
470:462,463,464,468,469,471,472,473,474,475,476,477,478,479,484,:
471:463,464,468,469,470,472,473,474,477,478,479,480,481,482,483,484,:
472:463,464,468,470,471,473,477,478,479,480,481,483,484,485,488,489,:
473:373,463,468,469,470,471,472,474,475,476,477,478,603,604,605,:
474:4,9,28,373,468,469,470,471,473,475,476,538,575,603,604,605,608,:
475:4,5,9,10,28,32,33,372,373,470,473,474,476,575,604,605,606,607,608,:
476:9,32,33,468,469,470,473,474,475,536,538,573,574,575,604,605,:
477:439,456,463,464,468,469,470,471,472,473,478,479,480,481,482,484,:
478:417,438,439,440,455,456,463,468,469,470,471,472,473,477,479,480,482,:
479:439,470,471,472,477,478,480,481,482,484,:
480:456,471,472,477,478,479,481,482,483,484,:
481:471,472,477,479,480,482,483,484,486,:
482:438,439,440,471,477,478,479,480,481,:
483:464,471,472,480,481,484,485,486,487,488,489,516,:
484:463,464,470,471,472,477,479,480,481,483,485,486,488,489,516,:
485:472,483,484,486,487,488,489,516,518,:
486:481,483,484,485,487,488,489,:
487:483,485,486,488,:
488:472,483,484,485,486,487,489,490,491,:
489:464,472,483,484,485,486,488,490,491,514,516,518,:
490:488,489,491,566,567,568,569,573,574,601,603,:
491:488,489,490,565,566,567,568,601,:
492:493,494,495,496,497,498,499,503,504,:
493:492,494,495,497,498,499,503,504,:
494:492,493,495,496,497,498,499,500,503,504,505,520,:
495:492,493,494,496,497,498,499,503,504,505,506,507,508,519,520,:
496:492,494,495,497,498,499,503,504,505,506,507,519,520,521,526,527,528,533,534,535,:
497:238,492,493,494,495,496,498,499,500,501,502,503,504,526,:
498:15,238,492,493,494,495,496,497,499,500,501,502,503,535,536,537,539,:
499:15,492,493,494,495,496,497,498,500,501,502,503,504,535,536,537,539,:
500:13,15,16,238,331,338,339,494,497,498,499,501,502,535,536,537,539,:
501:13,14,15,16,238,331,338,339,497,498,499,500,502,535,536,537,539,:
502:13,15,16,237,238,242,244,331,339,497,498,499,500,501,:
503:492,493,494,495,496,497,498,499,504,505,506,507,508,509,510,520,:
504:492,493,494,495,496,497,499,503,505,506,508,509,510,:
505:494,495,496,503,504,506,507,508,509,510,511,520,560,:
506:495,496,503,504,505,507,508,509,519,520,528,559,560,:
507:495,496,503,505,506,508,519,520,527,528,554,559,560,561,564,565,566,:
508:495,503,504,505,506,507,509,510,511,512,514,515,560,564,:
509:503,504,505,506,508,510,511,512,513,514,515,516,517,:
510:464,503,504,505,508,509,511,512,513,514,515,516,:
511:505,508,509,510,512,513,514,515,516,517,518,:
512:463,464,508,509,510,511,513,514,515,516,518,:
513:462,463,464,465,509,510,511,512,514,516,:
514:464,489,508,509,510,511,512,513,515,516,517,518,:
515:508,509,510,511,512,514,516,517,518,562,563,564,:
516:483,484,485,489,509,510,511,512,513,514,515,517,518,:
517:509,511,514,515,516,518,:
518:485,489,511,512,514,515,516,517,:
519:495,496,506,507,520,521,522,523,524,525,526,527,528,:
520:494,495,496,503,505,506,507,519,521,522,523,524,525,526,527,528,:
521:496,519,520,522,523,524,525,526,527,528,529,:
522:206,519,520,521,523,524,525,526,527,528,529,530,531,532,533,:
523:203,205,206,209,220,519,520,521,522,524,526,527,528,529,530,531,532,533,:
524:220,519,520,521,522,523,525,526,527,528,:
525:519,520,521,522,524,526,:
526:496,497,519,520,521,522,523,524,525,:
527:496,507,519,520,521,522,523,524,528,529,530,531,532,533,540,541,554,:
528:496,506,507,519,520,521,522,523,524,527,529,530,531,532,533,540,551,553,554,560,:
529:205,206,521,522,523,527,528,530,531,532,533,534,540,541,542,548,551,554,:
530:204,205,206,522,523,527,528,529,531,532,533,540,541,542,543,544,545,548,550,551,554,:
531:203,204,205,522,523,527,528,529,530,532,540,541,542,543,544,550,551,552,554,:
532:33,34,522,523,527,528,529,530,531,533,534,535,540,541,548,551,573,574,:
533:18,33,34,35,209,496,522,523,527,528,529,530,532,534,535,536,541,574,:
534:18,32,33,34,35,496,529,532,533,535,536,537,538,539,573,574,575,:
535:8,9,13,15,16,32,33,35,496,498,499,500,501,532,533,534,536,537,538,539,:
536:8,9,13,15,27,32,339,465,466,476,498,499,500,501,533,534,535,537,538,539,:
537:9,15,32,465,466,498,499,500,501,534,535,536,538,539,:
538:3,4,8,9,15,27,28,32,33,35,466,474,476,534,535,536,537,539,574,575,:
539:3,4,8,9,13,15,16,27,32,338,339,465,466,498,499,500,501,534,535,536,537,538,:
540:527,528,529,530,531,532,541,542,543,544,545,546,547,548,549,550,551,554,:
541:34,527,529,530,531,532,533,540,542,543,545,546,547,548,549,550,551,567,568,569,570,571,:
542:529,530,531,540,541,543,544,545,546,547,548,549,550,551,552,:
543:530,531,540,541,542,544,545,546,550,551,552,553,554,555,:
544:530,531,540,542,543,545,550,551,552,555,:
545:530,540,541,542,543,544,546,547,548,549,550,551,571,581,582,583,584,:
546:540,541,542,543,545,547,548,549,571,583,639,:
547:21,23,34,211,212,213,540,541,542,545,546,548,549,570,571,572,639,640,641,643,:
548:18,19,21,33,34,213,529,530,532,540,541,542,545,546,547,549,569,570,571,572,573,575,:
549:18,19,21,22,23,34,122,207,211,212,213,540,541,542,545,546,547,548,638,639,640,641,642,643,:
550:530,531,540,541,542,543,544,545,551,552,553,554,555,556,557,558,:
551:528,529,530,531,532,540,541,542,543,544,545,550,552,553,554,555,558,565,568,584,:
552:531,542,543,544,550,551,553,554,555,556,557,558,:
553:528,543,550,551,552,554,555,556,557,558,559,560,:
554:507,527,528,529,530,531,540,543,550,551,552,553,555,558,559,560,565,:
555:543,544,550,551,552,553,554,556,557,558,:
556:550,552,553,555,557,558,:
557:550,552,553,555,556,558,:
558:550,551,552,553,554,555,556,557,559,565,584,:
559:506,507,553,554,558,560,561,562,563,564,565,:
560:505,506,507,508,528,553,554,559,561,562,564,565,566,:
561:507,559,560,562,563,564,565,566,:
562:515,559,560,561,563,564,565,:
563:515,559,561,562,564,:
564:507,508,515,559,560,561,562,563,565,566,567,568,:
565:491,507,551,554,558,559,560,561,562,564,566,567,568,569,584,:
566:490,491,507,560,561,564,565,567,568,569,570,571,573,574,575,584,:
567:490,491,541,564,565,566,568,569,570,571,572,573,574,575,582,583,584,:
568:490,491,541,551,564,565,566,567,569,570,571,572,573,574,581,582,583,584,:
569:21,33,490,541,548,565,566,567,568,570,571,572,573,574,575,583,584,:
570:21,33,541,547,548,566,567,568,569,571,572,573,574,575,582,583,584,593,595,597,601,602,603,605,:
571:21,541,545,546,547,548,566,567,568,569,570,572,573,575,582,583,584,593,595,596,597,601,602,:
572:19,20,21,33,34,547,548,567,568,569,570,571,573,574,575,583,593,594,595,602,603,604,605,:
573:21,33,476,490,532,534,548,566,567,568,569,570,571,572,574,575,605,:
574:33,476,490,532,533,534,538,566,567,568,569,570,572,573,575,:
575:18,19,21,33,34,474,475,476,534,538,548,566,567,569,570,571,572,573,574,605,:
576:577,578,579,580,581,582,585,586,:
577:576,578,579,580,581,585,:
578:576,577,579,580,581,582,583,584,585,586,587,597,614,:
579:576,577,578,580,581,582,583,585,586,587,588,589,590,593,596,597,613,614,:
580:576,577,578,579,581,582,583,585,586,587,588,589,596,597,598,599,613,614,615,618,:
581:545,568,576,577,578,579,580,582,583,584,585,586,597,614,619,:
582:545,567,568,570,571,576,578,579,580,581,583,584,585,586,596,597,613,614,:
583:545,546,567,568,569,570,571,572,578,579,580,581,582,584,585,586,588,593,596,597,598,601,613,614,:
584:545,551,558,565,566,567,568,569,570,571,578,581,582,583,597,614,619,:
585:576,577,578,579,580,581,582,583,586,587,588,589,590,591,593,596,597,614,:
586:576,578,579,580,581,582,583,585,587,588,590,591,593,595,596,597,:
587:578,579,580,585,586,588,589,590,591,592,593,596,597,598,614,:
588:579,580,583,585,586,587,589,590,591,593,596,597,598,599,601,602,613,614,623,630,:
589:579,580,585,587,588,590,596,597,598,599,600,613,614,622,623,627,628,630,:
590:579,585,586,587,588,589,591,592,593,594,595,596,597,632,636,645,:
591:585,586,587,588,590,592,593,594,595,596,597,636,650,651,:
592:587,590,591,593,594,595,597,630,636,645,649,650,651,652,:
593:21,570,571,572,579,583,585,586,587,588,590,591,592,594,595,596,597,602,638,:
594:19,20,21,572,590,591,592,593,595,602,604,605,606,607,608,609,641,650,651,652,:
595:19,20,21,570,571,572,586,590,591,592,593,594,597,602,604,605,638,641,:
596:571,579,580,582,583,585,586,587,588,589,590,591,593,597,598,599,600,601,602,613,614,623,:
597:570,571,578,579,580,581,582,583,584,585,586,587,588,589,590,591,592,593,595,596,598,599,601,602,613,614,:
598:430,431,580,583,587,588,589,596,597,599,600,601,602,603,613,614,615,623,:
599:580,588,589,596,597,598,600,601,602,613,614,615,616,617,618,622,623,:
600:431,589,596,598,599,601,613,614,615,616,617,622,623,625,:
601:430,431,490,491,570,571,583,588,596,597,598,599,600,602,603,604,611,613,614,:
602:430,431,570,571,572,588,593,594,595,596,597,598,599,601,603,604,605,606,610,611,:
603:430,431,473,474,490,570,572,598,601,602,604,605,606,607,608,610,611,612,:
604:473,474,475,476,572,594,595,601,602,603,605,606,607,608,609,610,611,612,:
605:19,20,21,473,474,475,476,570,572,573,575,594,595,602,603,604,606,607,608,609,610,611,:
606:475,594,602,603,604,605,607,608,609,610,611,612,651,:
607:20,56,415,475,594,603,604,605,606,608,609,610,611,612,651,:
608:10,19,20,53,54,56,474,475,594,603,604,605,606,607,609,610,612,:
609:20,56,415,416,594,604,605,606,607,608,610,611,612,651,652,:
610:415,428,429,430,431,602,603,604,605,606,607,608,609,611,612,651,:
611:428,429,430,431,601,602,603,604,605,606,607,609,610,612,630,:
612:413,414,415,428,430,603,604,606,607,608,609,610,611,630,651,:
613:579,580,582,583,588,589,596,597,598,599,600,601,614,615,616,617,618,619,623,:
614:578,579,580,581,582,583,584,585,587,588,589,596,597,598,599,600,601,613,615,616,618,619,:
615:580,598,599,600,613,614,616,617,618,619,620,:
616:599,600,613,614,615,617,618,619,622,623,:
617:599,600,613,615,616,618,622,623,:
618:580,599,613,614,615,616,617,619,620,621,:
619:581,584,613,614,615,616,618,620,621,:
620:615,618,619,621,:
621:618,619,620,:
622:589,599,600,616,617,623,624,625,626,627,628,:
623:588,589,596,598,599,600,613,616,617,622,624,625,627,628,:
624:622,623,625,626,627,628,:
625:425,427,600,622,623,624,626,627,628,:
626:425,622,624,625,627,:
627:425,427,428,429,589,622,623,624,625,626,628,629,630,:
628:589,622,623,624,625,627,629,630,:
629:428,627,628,630,:
630:428,429,430,588,589,592,611,612,627,628,629,650,651,:
631:632,633,634,635,636,637,644,645,:
632:590,631,633,634,636,644,645,:
633:110,631,632,634,635,636,637,638,644,645,646,:
634:110,631,632,633,635,636,637,644,645,646,647,649,652,:
635:109,110,111,114,115,116,117,631,633,634,636,637,644,645,646,649,652,:
636:590,591,592,631,632,633,634,635,637,638,639,644,645,:
637:115,116,117,631,633,634,635,636,638,639,640,641,642,644,:
638:116,549,593,595,633,636,637,639,640,641,642,643,:
639:23,116,117,121,122,123,546,547,549,636,637,638,640,641,642,643,:
640:19,20,21,22,23,24,115,116,117,122,136,213,547,549,637,638,639,641,642,643,:
641:17,19,20,21,22,23,24,56,117,213,547,549,594,595,637,638,639,640,642,643,:
642:20,23,24,115,116,117,122,136,549,637,638,639,640,641,643,:
643:19,22,23,24,115,116,117,121,122,131,135,136,211,213,547,549,638,639,640,641,642,:
644:631,632,633,634,635,636,637,645,646,647,648,649,650,651,652,:
645:590,592,631,632,633,634,635,636,644,646,647,649,650,651,652,:
646:633,634,635,644,645,647,648,649,650,651,652,:
647:634,644,645,646,648,649,650,651,652,:
648:644,646,647,649,650,:
649:592,634,635,644,645,646,647,648,650,651,652,:
650:591,592,594,630,644,645,646,647,648,649,651,652,:
651:591,592,594,606,607,609,610,612,630,644,645,646,647,649,650,652,:
652:52,592,594,609,634,635,644,645,646,647,649,650,651,:
