1:2,3,4,12,13,14,18,27,28,29,30,34,37,262,263,264,268,270,:
2:1,3,4,5,12,13,14,15,17,18,27,28,29,30,34,35,37,264,:
3:1,2,4,5,6,11,12,13,14,18,27,28,29,30,31,34,35,37,129,131,:
4:1,2,3,5,6,7,11,12,13,27,30,31,32,33,34,35,267,:
5:2,3,4,6,7,8,11,12,30,31,32,33,34,159,161,164,371,373,:
6:3,4,5,7,8,9,10,11,12,31,32,33,34,153,154,371,373,:
7:4,5,6,8,9,10,11,12,31,32,33,34,192,371,376,:
8:5,6,7,9,10,11,12,32,33,341,365,371,375,376,381,382,:
9:6,7,8,10,11,32,33,341,365,366,368,371,375,376,377,380,381,382,:
10:6,7,8,9,11,32,33,338,339,340,341,344,375,376,381,382,:
11:3,4,5,6,7,8,9,10,12,27,31,32,33,34,193,263,304,308,:
12:1,2,3,4,5,6,7,8,11,27,28,30,31,32,33,34,263,267,308,:
13:1,2,3,4,14,15,16,17,18,19,27,28,29,30,35,36,37,39,131,240,:
14:1,2,3,13,15,16,17,18,24,28,30,35,36,37,48,131,:
15:2,13,14,16,17,18,19,23,24,25,26,30,35,36,37,48,49,51,52,:
16:13,14,15,17,18,19,20,21,22,23,24,25,26,35,36,37,40,41,42,44,45,46,47,48,49,50,51,52,53,:
17:2,13,14,15,16,18,19,20,21,22,23,24,25,26,35,36,37,38,39,40,41,42,43,44,45,46,47,49,51,240,:
18:1,2,3,13,14,15,16,17,19,20,21,22,24,28,29,30,35,36,37,38,39,40,41,42,131,240,:
19:13,15,16,17,18,20,21,22,23,24,37,38,39,40,41,42,43,44,45,46,47,51,:
20:16,17,18,19,21,22,23,37,38,39,40,41,42,43,44,45,:
21:16,17,18,19,20,22,23,24,37,38,39,40,41,42,43,44,45,46,439,445,:
22:16,17,18,19,20,21,23,24,25,26,38,39,40,41,42,43,44,45,46,47,51,53,551,552,:
23:15,16,17,19,20,21,22,24,25,26,41,43,44,45,46,47,48,49,50,51,52,53,551,552,570,:
24:14,15,16,17,18,19,21,22,23,25,26,36,41,44,45,46,47,48,49,50,51,52,53,:
25:15,16,17,22,23,24,26,36,46,47,48,49,50,51,52,53,596,:
26:15,16,17,22,23,24,25,36,45,46,47,48,49,50,51,52,53,570,663,665,:
27:1,2,3,4,11,12,13,28,29,30,34,37,261,262,263,264,268,270,304,308,310,:
28:1,2,3,12,13,14,18,27,29,34,37,240,261,262,263,264,268,269,270,273,274,:
29:1,2,3,13,18,27,28,34,37,39,310,447,448,:
30:1,2,3,4,5,12,13,14,15,18,27,31,34,35,129,131,161,164,:
31:3,4,5,6,7,11,12,30,32,124,127,129,153,154,159,160,161,164,:
32:4,5,6,7,8,9,10,11,12,31,152,153,154,155,159,371,373,376,:
33:4,5,6,7,8,9,10,11,12,34,193,263,289,291,303,304,305,308,:
34:1,2,3,4,5,6,7,11,12,27,28,29,30,33,261,262,263,264,267,304,308,310,:
35:2,3,4,13,14,15,16,17,18,30,36,164,266,:
36:13,14,15,16,17,18,24,25,26,35,48,49,50,51,52,53,634,656,:
37:1,2,3,13,14,15,16,17,18,19,20,21,27,28,29,38,39,40,41,42,447,448,:
38:17,18,19,20,21,22,37,39,40,41,42,43,44,45,461,:
39:13,17,18,19,20,21,22,29,37,38,40,41,42,43,44,45,445,447,:
40:16,17,18,19,20,21,22,37,38,39,42,43,44,45,239,240,276,:
41:16,17,18,19,20,21,22,23,24,37,38,39,42,43,44,45,46,47,49,435,436,:
42:16,17,18,19,20,21,22,37,38,39,40,41,43,44,46,439,442,443,444,445,446,447,448,:
43:17,19,20,21,22,23,38,39,40,41,42,44,45,46,436,439,441,445,461,552,555,:
44:16,17,19,20,21,22,23,24,38,39,40,41,42,43,45,46,47,51,461,527,551,552,:
45:16,17,19,20,21,22,23,24,26,38,39,40,41,43,44,46,47,51,53,239,527,:
46:16,17,19,21,22,23,24,25,26,41,42,43,44,45,47,48,49,50,51,53,551,552,596,:
47:16,17,19,22,23,24,25,26,41,44,45,46,48,49,50,51,52,53,527,529,549,551,552,563,564,565,568,570,:
48:14,15,16,23,24,25,26,36,46,47,49,50,51,52,53,634,635,:
49:15,16,17,23,24,25,26,36,41,46,47,48,50,52,53,105,106,596,:
50:16,23,24,25,26,36,46,47,48,49,51,52,53,565,568,569,570,596,:
51:15,16,17,19,22,23,24,25,26,36,44,45,46,47,48,50,52,53,238,239,240,570,663,665,:
52:15,16,23,24,25,26,36,47,48,49,50,51,53,570,634,656,663,665,:
53:16,22,23,24,25,26,36,45,46,47,48,49,50,51,52,529,564,568,569,570,663,664,665,:
54:55,56,57,58,59,60,61,62,63,64,:
55:54,56,57,59,60,61,62,63,64,:
56:54,55,57,58,59,60,61,62,63,64,65,:
57:54,55,56,58,59,60,61,62,63,64,65,66,68,214,299,302,:
58:54,56,57,59,60,63,64,65,68,208,209,210,214,296,297,298,299,302,:
59:54,55,56,57,58,60,61,62,63,64,207,299,302,:
60:54,55,56,57,58,59,61,62,63,64,207,299,300,301,302,:
61:54,55,56,57,59,60,62,63,64,300,301,302,:
62:54,55,56,57,59,60,61,207,:
63:54,55,56,57,58,59,60,61,64,65,66,67,68,69,75,81,:
64:54,55,56,57,58,59,60,61,63,65,66,67,68,75,:
65:56,57,58,63,64,66,67,68,69,70,71,75,76,81,:
66:57,63,64,65,67,68,69,70,71,75,76,77,78,79,80,81,343,:
67:63,64,65,66,68,69,70,75,76,77,78,81,:
68:57,58,63,64,65,66,67,69,70,71,72,73,75,:
69:63,65,66,67,68,70,71,72,73,74,75,343,:
70:65,66,67,68,69,71,72,73,74,78,343,:
71:65,66,68,69,70,72,73,74,292,293,342,343,344,:
72:68,69,70,71,73,74,78,325,337,343,:
73:68,69,70,71,72,74,288,289,290,291,292,325,326,338,339,341,342,343,344,:
74:69,70,71,72,73,290,325,326,334,336,337,338,342,343,344,:
75:63,64,65,66,67,68,69,76,77,78,79,80,81,342,343,344,:
76:65,66,67,75,77,78,79,80,81,343,:
77:66,67,75,76,78,79,80,81,337,342,343,:
78:66,67,70,72,75,76,77,79,81,336,337,338,342,343,344,:
79:66,75,76,77,78,80,81,89,343,:
80:66,75,76,77,79,81,343,:
81:63,65,66,67,75,76,77,78,79,80,342,343,344,381,:
82:83,84,85,86,87,88,:
83:82,84,85,86,87,:
84:82,83,85,86,87,88,89,90,:
85:82,83,84,86,87,88,:
86:82,83,84,85,87,:
87:82,83,84,85,86,88,89,90,:
88:82,84,85,87,89,90,379,392,393,394,:
89:79,84,87,88,90,379,:
90:84,87,88,89,336,337,367,378,379,392,393,:
91:92,93,94,95,96,97,108,121,430,:
92:91,93,94,96,:
93:91,92,94,95,96,97,98,99,103,108,121,133,430,:
94:91,92,93,95,96,97,98,99,107,108,120,121,132,133,138,139,:
95:91,93,94,96,97,98,99,103,107,108,120,121,122,123,125,132,133,134,137,138,139,141,:
96:91,92,93,94,95,97,98,99,100,102,103,430,:
97:91,93,94,95,96,98,99,100,101,102,103,104,105,:
98:93,94,95,96,97,99,100,101,102,103,104,:
99:93,94,95,96,97,98,100,101,102,103,104,105,106,139,:
100:96,97,98,99,101,102,103,104,106,138,139,:
101:97,98,99,100,102,104,:
102:96,97,98,99,100,101,103,104,105,106,137,138,139,:
103:93,95,96,97,98,99,100,102,104,105,106,128,430,:
104:97,98,99,100,101,102,103,105,106,137,618,619,:
105:49,97,99,102,103,104,106,128,130,596,:
106:49,99,100,102,103,104,105,596,618,:
107:94,95,108,109,110,111,112,113,120,121,133,139,141,:
108:91,93,94,95,107,109,110,112,120,121,:
109:107,108,110,111,112,113,114,120,121,122,141,:
110:107,108,109,111,112,113,114,120,121,122,123,124,125,132,133,140,141,145,151,:
111:107,109,110,112,113,114,120,121,122,123,124,132,133,140,141,142,143,145,150,151,152,155,156,157,:
112:107,108,109,110,111,113,114,115,120,121,:
113:107,109,110,111,112,114,115,116,117,118,120,405,:
114:109,110,111,112,113,115,116,117,118,119,:
115:112,113,114,116,117,118,119,391,:
116:113,114,115,117,118,119,157,389,391,:
117:113,114,115,116,118,119,156,157,389,390,391,402,405,:
118:113,114,115,116,117,119,149,156,157,158,389,391,:
119:114,115,116,117,118,389,390,391,:
120:94,95,107,108,109,110,111,112,113,121,122,123,124,125,126,132,133,141,151,:
121:91,93,94,95,107,108,109,110,111,112,120,122,123,125,132,133,:
122:95,109,110,111,120,121,123,124,125,126,127,128,132,133,134,141,151,:
123:95,110,111,120,121,122,124,125,126,127,128,132,133,134,135,136,137,139,140,141,150,151,160,:
124:31,110,111,120,122,123,125,126,127,132,133,134,135,136,140,141,143,150,151,152,153,155,159,160,161,164,:
125:95,110,120,121,122,123,124,126,127,128,129,130,132,133,:
126:120,122,123,124,125,127,128,129,130,131,132,133,:
127:31,122,123,124,125,126,128,129,130,131,373,374,:
128:103,105,122,123,125,126,127,129,130,131,132,133,430,:
129:3,30,31,125,126,127,128,130,131,373,446,:
130:105,125,126,127,128,129,131,:
131:3,13,14,18,30,126,127,128,129,130,446,:
132:94,95,110,111,120,121,122,123,124,125,126,128,133,134,135,136,137,138,139,140,141,151,160,:
133:93,94,95,107,110,111,120,121,122,123,124,125,126,128,132,134,135,137,138,139,140,141,:
134:95,122,123,124,132,133,135,136,137,138,139,140,141,142,160,:
135:123,124,132,133,134,136,137,138,139,140,141,142,143,144,145,150,151,159,160,164,166,:
136:123,124,132,134,135,137,138,140,141,142,143,144,150,151,159,160,161,162,164,165,166,167,170,171,172,635,:
137:95,102,104,123,132,133,134,135,136,138,139,140,141,625,:
138:94,95,100,102,132,133,134,135,136,137,139,140,141,:
139:94,95,99,100,102,107,123,132,133,134,135,137,138,140,141,:
140:110,111,123,124,132,133,134,135,136,137,138,139,141,142,143,144,145,146,150,151,160,166,:
141:95,107,109,110,111,120,122,123,124,132,133,134,135,136,137,138,139,140,142,143,145,150,151,160,:
142:111,134,135,136,140,141,143,144,145,146,147,150,151,152,160,166,:
143:111,124,135,136,140,141,142,144,145,146,150,151,152,153,155,159,160,165,166,175,:
144:135,136,140,142,143,145,146,150,151,152,153,154,159,160,165,166,167,168,170,174,175,180,:
145:110,111,135,140,141,142,143,144,146,147,148,149,150,151,:
146:140,142,143,144,145,147,148,149,150,151,:
147:142,145,146,148,149,:
148:145,146,147,149,:
149:118,145,146,147,148,:
150:111,123,124,135,136,140,141,142,143,144,145,146,151,152,153,154,155,156,159,160,166,175,:
151:110,111,120,122,123,124,132,135,136,140,141,142,143,144,145,146,150,152,153,155,156,157,159,160,:
152:32,111,124,142,143,144,150,151,153,154,155,156,157,158,159,160,161,166,175,:
153:6,31,32,124,143,144,150,151,152,154,155,156,159,160,161,162,163,164,165,166,174,175,188,:
154:6,31,32,144,150,152,153,155,159,160,161,162,163,165,166,174,175,176,177,179,187,188,189,192,:
155:32,111,124,143,150,151,152,153,154,156,157,158,159,160,:
156:111,117,118,150,151,152,153,155,157,158,:
157:111,116,117,118,151,152,155,156,158,368,369,390,405,:
158:118,152,155,156,157,384,389,390,:
159:5,31,32,124,135,136,143,144,150,151,152,153,154,155,160,161,162,163,164,165,166,175,188,:
160:31,123,124,132,134,135,136,140,141,142,143,144,150,151,152,153,154,155,159,161,162,164,165,166,:
161:5,30,31,124,136,152,153,154,159,160,162,163,164,165,166,167,175,188,:
162:136,153,154,159,160,161,163,164,165,166,167,168,169,170,174,175,187,188,195,:
163:153,154,159,161,162,164,165,166,167,168,169,174,175,187,188,189,190,192,194,195,196,199,200,202,:
164:5,30,31,35,124,135,136,153,159,160,161,162,163,165,166,635,:
165:136,143,144,153,154,159,160,161,162,163,164,166,167,168,169,170,171,172,173,174,175,188,195,:
166:135,136,140,142,143,144,150,152,153,154,159,160,161,162,163,164,165,167,168,170,171,172,174,175,:
167:136,144,161,162,163,165,166,168,169,170,171,172,173,174,175,176,188,195,:
168:144,162,163,165,166,167,169,170,171,173,174,175,176,177,178,179,187,188,194,195,:
169:162,163,165,167,168,170,173,174,175,176,177,178,187,188,194,195,196,199,:
170:136,144,162,165,166,167,168,169,171,172,173,174,175,:
171:136,165,166,167,168,170,172,173,624,:
172:136,165,166,167,170,171,173,624,:
173:165,167,168,169,170,171,172,174,175,:
174:144,153,154,162,163,165,166,167,168,169,170,173,175,176,177,178,179,180,187,188,195,:
175:143,144,150,152,153,154,159,161,162,163,165,166,167,168,169,170,173,174,176,177,179,180,187,188,:
176:154,167,168,169,174,175,177,178,179,180,181,187,188,189,195,:
177:154,168,169,174,175,176,178,179,180,187,188,189,190,191,192,194,195,204,:
178:168,169,174,176,177,179,187,188,189,190,191,194,195,203,204,205,208,209,:
179:154,168,174,175,176,177,178,180,181,182,185,187,188,:
180:144,174,175,176,177,179,181,182,183,184,185,186,:
181:176,179,180,182,183,184,185,186,:
182:179,180,181,183,184,185,186,:
183:180,181,182,184,185,186,:
184:180,181,182,183,185,186,:
185:179,180,181,182,183,184,186,:
186:180,181,182,183,184,185,:
187:154,162,163,168,169,174,175,176,177,178,179,188,189,190,191,192,194,195,204,:
188:153,154,159,161,162,163,165,167,168,169,174,175,176,177,178,179,187,189,190,192,194,195,:
189:154,163,176,177,178,187,188,190,191,192,193,194,195,196,204,:
190:163,177,178,187,188,189,191,192,193,194,195,196,197,198,199,203,204,216,217,:
191:177,178,187,189,190,192,193,194,195,196,197,198,203,204,205,206,208,216,217,218,221,222,224,:
192:7,154,163,177,187,188,189,190,191,193,194,195,267,:
193:11,33,189,190,191,192,267,293,298,:
194:163,168,169,177,178,187,188,189,190,191,192,195,196,197,198,199,200,201,204,217,:
195:162,163,165,167,168,169,174,176,177,178,187,188,189,190,191,192,194,196,197,199,200,202,:
196:163,169,189,190,191,194,195,197,198,199,200,201,202,204,217,:
197:190,191,194,195,196,198,199,200,201,203,204,216,217,:
198:190,191,194,196,197,199,201,203,204,206,216,217,218,219,221,:
199:163,169,190,194,195,196,197,198,200,201,202,:
200:163,194,195,196,197,199,201,202,266,:
201:194,196,197,198,199,200,202,:
202:163,195,196,199,200,201,:
203:178,190,191,197,198,204,205,206,207,208,209,216,217,:
204:177,178,187,189,190,191,194,196,197,198,203,205,206,208,209,216,217,:
205:178,191,203,204,206,207,208,209,210,216,217,218,:
206:191,198,203,204,205,207,208,209,216,217,218,219,220,221,299,:
207:59,60,62,203,205,206,208,216,217,218,219,220,299,302,:
208:58,178,191,203,204,205,206,207,209,210,211,216,217,297,299,:
209:58,178,203,204,205,206,208,210,211,212,213,214,215,:
210:58,205,208,209,211,212,213,214,215,:
211:208,209,210,212,213,214,215,:
212:209,210,211,213,214,215,:
213:209,210,211,212,214,215,:
214:57,58,209,210,211,212,213,215,:
215:209,210,211,212,213,214,:
216:190,191,197,198,203,204,205,206,207,208,217,218,219,220,221,222,223,299,:
217:190,191,194,196,197,198,203,204,205,206,207,208,216,218,219,221,222,:
218:191,198,205,206,207,216,217,219,220,221,222,223,224,:
219:198,206,207,216,217,218,220,221,222,223,:
220:206,207,216,218,219,221,223,:
221:191,198,206,216,217,218,219,220,222,223,224,:
222:191,216,217,218,219,221,223,224,257,:
223:216,218,219,220,221,222,224,:
224:191,218,221,222,223,229,231,257,259,260,265,267,:
225:226,227,228,229,230,232,233,242,251,:
226:225,227,228,230,232,233,:
227:225,226,228,229,230,231,232,233,234,242,251,:
228:225,226,227,229,230,231,232,233,234,235,236,237,241,242,250,251,259,260,:
229:224,225,227,228,230,231,232,233,234,235,236,241,242,244,250,251,252,253,255,259,260,261,264,265,266,:
230:225,226,227,228,229,231,232,233,655,:
231:224,227,228,229,230,655,:
232:225,226,227,228,229,230,233,234,235,236,237,238,241,242,251,260,655,:
233:225,226,227,228,229,230,232,234,235,237,238,241,242,655,:
234:227,228,229,232,233,235,236,237,238,239,240,241,242,243,251,260,:
235:228,229,232,233,234,236,237,238,240,241,242,243,244,245,246,250,251,259,260,268,269,:
236:228,229,232,234,235,237,240,241,242,243,244,245,250,251,253,259,260,261,262,264,268,269,270,273,274,276,:
237:228,232,233,234,235,236,238,239,240,241,242,503,:
238:51,232,233,234,235,237,239,240,:
239:40,45,51,234,237,238,240,500,502,:
240:13,17,18,28,40,51,234,235,236,237,238,239,274,:
241:228,229,232,233,234,235,236,237,242,243,244,245,246,247,249,250,251,260,269,:
242:225,227,228,229,232,233,234,235,236,237,241,243,244,246,247,248,249,250,251,503,505,:
243:234,235,236,241,242,244,245,246,247,248,249,250,251,252,260,269,:
244:229,235,236,241,242,243,245,246,247,250,251,252,253,254,255,259,260,268,269,278,:
245:235,236,241,243,244,246,250,251,252,253,254,259,260,268,269,270,271,273,277,278,279,282,:
246:235,241,242,243,244,245,247,248,249,250,251,:
247:241,242,243,244,246,248,249,504,505,:
248:242,243,246,247,249,505,:
249:241,242,243,246,247,248,503,504,505,:
250:228,229,235,236,241,242,243,244,245,246,251,252,253,254,255,256,257,259,260,269,278,:
251:225,227,228,229,232,234,235,236,241,242,243,244,245,246,250,252,253,255,256,258,259,260,:
252:229,243,244,245,250,251,253,254,255,256,257,258,259,260,261,269,278,:
253:229,236,244,245,250,251,252,254,255,256,257,259,260,261,262,263,264,268,269,277,278,287,:
254:244,245,250,252,253,255,257,259,260,261,262,263,268,269,277,278,279,280,282,286,287,288,291,292,293,:
255:229,244,250,251,252,253,254,256,257,258,259,260,:
256:250,251,252,253,255,257,258,:
257:222,224,250,252,253,254,255,256,258,259,294,295,:
258:251,252,255,256,257,:
259:224,228,229,235,236,244,245,250,251,252,253,254,255,257,260,261,262,263,264,265,268,269,278,287,:
260:224,228,229,232,234,235,236,241,243,244,245,250,251,252,253,254,255,259,261,262,264,265,268,269,:
261:27,28,34,229,236,252,253,254,259,260,262,263,264,265,266,267,268,269,270,287,:
262:1,27,28,34,236,253,254,259,260,261,263,264,265,268,269,270,271,272,273,277,278,286,287,304,:
263:1,11,12,27,28,33,34,253,254,259,261,262,264,268,269,270,271,272,277,278,286,287,288,289,291,303,304,308,310,:
264:1,2,27,28,34,229,236,253,259,260,261,262,263,265,266,267,268,269,:
265:224,229,259,260,261,262,264,266,267,:
266:35,200,229,261,264,265,267,655,656,:
267:4,12,34,192,193,224,261,264,265,266,:
268:1,27,28,235,236,244,245,253,254,259,260,261,262,263,264,269,270,271,272,273,274,275,277,278,287,:
269:28,235,236,241,243,244,245,250,252,253,254,259,260,261,262,263,264,268,270,271,273,274,276,277,278,:
270:1,27,28,236,245,261,262,263,268,269,271,272,273,274,275,276,277,278,279,287,304,:
271:245,262,263,268,269,270,272,273,274,275,277,278,279,280,281,282,286,287,304,310,313,:
272:262,263,268,270,271,273,275,277,278,279,280,281,286,287,303,304,310,312,313,314,317,318,:
273:28,236,245,262,268,269,270,271,272,274,275,276,277,278,:
274:28,236,240,268,269,270,271,273,275,276,:
275:268,270,271,272,273,274,276,277,278,:
276:40,236,269,270,273,274,275,496,498,499,500,503,:
277:245,253,254,262,263,268,269,270,271,272,273,275,278,279,280,281,282,283,286,287,304,313,:
278:244,245,250,252,253,254,259,262,263,268,269,270,271,272,273,275,277,279,280,282,286,287,:
279:245,254,270,271,272,277,278,280,281,282,283,284,285,286,287,288,313,:
280:254,271,272,277,278,279,281,282,283,284,286,287,288,289,290,291,303,304,312,313,320,326,327,:
281:271,272,277,279,280,282,283,284,286,287,288,289,290,303,304,312,313,314,315,317,319,320,321,324,325,326,327,:
282:245,254,271,277,278,279,280,281,283,284,285,286,287,:
283:277,279,280,281,282,284,285,286,287,:
284:279,280,281,282,283,285,327,:
285:279,282,283,284,:
286:254,262,263,271,272,277,278,279,280,281,282,283,287,288,289,290,291,292,303,304,313,320,326,:
287:253,254,259,261,262,263,268,270,271,272,277,278,279,280,281,282,283,286,288,289,291,292,303,304,:
288:73,254,263,279,280,281,286,287,289,290,291,292,293,303,304,305,313,320,325,326,:
289:33,73,263,280,281,286,287,288,290,291,292,303,304,305,306,307,308,312,313,319,320,325,326,:
290:73,74,280,281,286,288,289,291,303,304,305,306,307,312,313,319,320,321,324,325,326,328,329,:
291:33,73,254,263,280,286,287,288,289,290,292,293,294,303,304,:
292:71,73,254,286,287,288,289,291,293,294,295,296,298,:
293:71,193,254,288,291,292,294,295,296,297,298,299,300,301,:
294:257,291,292,293,295,296,297,298,299,300,301,302,:
295:257,292,293,294,296,297,298,300,301,302,:
296:58,292,293,294,295,297,298,299,300,301,302,:
297:58,208,293,294,295,296,298,299,300,301,302,:
298:58,193,292,293,294,295,296,297,299,300,302,:
299:57,58,59,60,206,207,208,216,293,294,296,297,298,300,301,302,:
300:60,61,293,294,295,296,297,298,299,301,302,:
301:60,61,293,294,295,296,297,299,300,302,:
302:57,58,59,60,61,207,294,295,296,297,298,299,300,301,:
303:33,263,272,280,281,286,287,288,289,290,291,304,305,306,307,308,309,310,312,313,320,326,:
304:11,27,33,34,262,263,270,271,272,277,280,281,286,287,288,289,290,291,303,305,306,308,310,312,313,:
305:33,288,289,290,303,304,306,307,308,309,310,311,312,313,314,320,329,:
306:289,290,303,304,305,307,308,309,310,311,312,313,314,315,317,319,320,326,328,329,:
307:289,290,303,305,306,308,309,310,311,312,313,314,315,316,319,320,328,329,330,331,333,352,:
308:11,12,27,33,34,263,289,303,304,305,306,307,309,310,311,312,313,:
309:303,305,306,307,308,310,311,352,414,:
310:27,29,34,263,271,272,303,304,305,306,307,308,309,311,312,313,:
311:305,306,307,308,309,310,357,358,369,371,373,:
312:272,280,281,289,290,303,304,305,306,307,308,310,313,314,315,316,317,318,319,320,329,:
313:271,272,277,279,280,281,286,288,289,290,303,304,305,306,307,308,310,312,314,315,317,318,319,320,:
314:272,281,305,306,307,312,313,315,316,317,318,319,320,321,329,:
315:281,306,307,312,313,314,316,317,319,320,321,322,324,326,327,328,329,:
316:307,312,314,315,317,319,320,321,322,328,329,:
317:272,281,306,312,313,314,315,316,318,319,320,:
318:272,312,313,314,317,485,487,:
319:281,289,290,306,307,312,313,314,315,316,317,320,321,322,323,324,325,326,327,328,329,:
320:280,281,286,288,289,290,303,305,306,307,312,313,314,315,316,317,319,321,322,324,325,326,327,328,329,:
321:281,290,314,315,316,319,320,322,323,324,325,326,327,328,329,330,:
322:315,316,319,320,321,323,324,325,326,327,328,329,330,331,333,334,:
323:319,321,322,324,325,328,329,330,331,333,:
324:281,290,315,319,320,321,322,323,325,326,327,328,329,:
325:72,73,74,281,288,289,290,319,320,321,322,323,324,326,327,328,329,:
326:73,74,280,281,286,288,289,290,303,306,315,319,320,321,322,324,325,327,328,329,:
327:280,281,284,315,319,320,321,322,324,325,326,:
328:290,306,307,315,316,319,320,321,322,323,324,325,326,329,330,331,332,333,334,:
329:290,305,306,307,312,314,315,316,319,320,321,322,323,324,325,326,328,330,331,332,333,334,:
330:307,321,322,323,328,329,331,332,333,334,335,355,:
331:307,322,323,328,329,330,332,333,334,355,:
332:328,329,330,331,333,347,348,354,355,361,:
333:307,322,323,328,329,330,331,332,334,335,336,340,354,355,358,:
334:74,322,328,329,330,331,333,335,336,337,338,339,340,358,:
335:330,333,334,336,337,338,339,340,341,342,343,358,:
336:74,78,90,333,334,335,337,338,339,340,341,342,343,344,:
337:72,74,77,78,90,334,335,336,338,339,340,342,343,344,:
338:10,73,74,78,334,335,336,337,339,340,341,342,343,344,358,:
339:10,73,334,335,336,337,338,340,341,342,343,344,357,358,365,366,367,375,376,377,381,:
340:10,333,334,335,336,337,338,339,341,342,344,357,358,363,365,366,367,375,:
341:8,9,10,73,335,336,338,339,340,342,343,344,358,365,366,375,376,377,380,381,382,:
342:71,73,74,75,77,78,81,335,336,337,338,339,340,341,343,344,377,381,382,:
343:66,69,70,71,72,73,74,75,76,77,78,79,80,81,335,336,337,338,339,341,342,344,381,:
344:10,71,73,74,75,78,81,336,337,338,339,340,341,342,343,375,377,380,381,382,:
345:346,347,348,349,350,351,354,355,:
346:345,347,348,349,350,351,354,:
347:332,345,346,348,349,350,351,354,355,356,361,:
348:332,345,346,347,349,350,351,354,355,356,357,358,359,360,361,:
349:345,346,347,348,350,354,355,356,357,361,364,401,:
350:345,346,347,348,349,351,352,354,355,414,:
351:345,346,347,348,350,352,353,:
352:307,309,350,351,353,414,:
353:351,352,487,:
354:332,333,345,346,347,348,349,350,355,356,357,358,359,360,361,362,363,364,:
355:330,331,332,333,345,347,348,349,350,354,356,357,358,359,360,361,:
356:347,348,349,354,355,357,358,359,360,361,362,363,364,365,401,:
357:311,339,340,348,349,354,355,356,358,359,360,361,362,363,364,365,366,367,368,401,:
358:311,333,334,335,338,339,340,341,348,354,355,356,357,359,362,363,364,365,366,367,:
359:348,354,355,356,357,358,360,361,362,363,364,401,:
360:348,354,355,356,357,359,361,362,:
361:332,347,348,349,354,355,356,357,359,360,362,:
362:354,356,357,358,359,360,361,363,364,367,393,394,395,396,401,:
363:340,354,356,357,358,359,362,364,365,366,367,368,369,370,375,376,400,401,:
364:349,354,356,357,358,359,362,363,365,366,367,368,369,370,397,398,399,400,401,402,:
365:8,9,339,340,341,356,357,358,363,364,366,367,368,369,370,371,375,376,377,384,393,401,:
366:9,339,340,341,357,358,363,364,365,367,368,369,375,376,377,378,380,383,384,392,393,:
367:90,339,340,357,358,362,363,364,365,366,368,375,376,377,378,379,383,384,386,392,393,394,398,:
368:9,157,357,363,364,365,366,367,369,370,371,372,373,375,376,384,390,401,:
369:157,311,363,364,365,366,368,370,371,372,373,374,:
370:363,364,365,368,369,371,372,373,374,401,:
371:5,6,7,8,9,32,311,365,368,369,370,372,373,374,:
372:368,369,370,371,373,374,413,:
373:5,6,32,127,129,311,368,369,370,371,372,374,:
374:127,369,370,371,372,373,413,:
375:8,9,10,339,340,341,344,363,365,366,367,368,376,377,378,379,380,381,382,383,384,393,:
376:7,8,9,10,32,339,341,363,365,366,367,368,375,377,378,380,381,382,383,384,:
377:9,339,341,342,344,365,366,367,375,376,378,379,380,381,382,383,384,385,393,:
378:90,366,367,375,376,377,379,380,381,383,384,385,386,388,392,393,:
379:88,89,90,367,375,377,378,380,383,384,385,386,392,393,:
380:9,341,344,366,375,376,377,378,379,381,382,383,384,:
381:8,9,10,81,339,341,342,343,344,375,376,377,378,380,382,:
382:8,9,10,341,342,344,375,376,377,380,381,:
383:366,367,375,376,377,378,379,380,384,385,386,387,388,389,390,392,393,398,:
384:158,365,366,367,368,375,376,377,378,379,380,383,385,386,388,389,390,392,393,398,:
385:377,378,379,383,384,386,387,388,389,390,391,392,393,394,398,:
386:367,378,379,383,384,385,387,388,389,390,391,392,393,394,395,397,398,:
387:383,385,386,388,389,390,391,392,393,394,395,397,398,:
388:378,383,384,385,386,387,389,390,391,392,393,398,:
389:116,117,118,119,158,383,384,385,386,387,388,390,391,392,393,397,398,:
390:117,119,157,158,368,383,384,385,386,387,388,389,391,392,393,395,397,398,399,402,:
391:115,116,117,118,119,385,386,387,388,389,390,398,:
392:88,90,366,367,378,379,383,384,385,386,387,388,389,390,393,394,395,396,397,398,:
393:88,90,362,365,366,367,375,377,378,379,383,384,385,386,387,388,389,390,392,394,395,397,398,:
394:88,362,367,385,386,387,392,393,395,396,397,398,399,:
395:362,386,387,390,392,393,394,396,397,398,399,400,401,402,:
396:362,392,394,395,397,398,399,400,401,:
397:364,386,387,389,390,392,393,394,395,396,398,399,400,401,402,403,:
398:364,367,383,384,385,386,387,388,389,390,391,392,393,394,395,396,397,399,400,401,402,:
399:364,390,394,395,396,397,398,400,401,402,403,404,405,:
400:363,364,395,396,397,398,399,401,402,403,404,:
401:349,356,357,359,362,363,364,365,368,370,395,396,397,398,399,400,402,403,:
402:117,364,390,395,397,398,399,400,401,403,404,405,:
403:397,399,400,401,402,404,405,:
404:399,400,402,403,405,:
405:113,117,157,399,402,403,404,:
406:407,408,409,410,411,412,415,416,427,:
407:406,408,409,411,412,415,416,:
408:406,407,409,410,411,412,413,415,416,417,427,:
409:406,407,408,410,411,412,415,416,417,418,419,420,426,427,433,438,444,:
410:406,408,409,411,415,416,417,418,419,426,427,428,431,432,433,437,438,439,442,443,444,450,:
411:406,407,408,409,410,412,413,414,415,416,:
412:406,407,408,409,411,413,414,:
413:372,374,408,411,412,414,:
414:309,350,352,411,412,413,446,448,:
415:406,407,408,409,410,411,416,417,418,419,420,421,427,469,471,:
416:406,407,408,409,410,411,415,417,418,420,471,:
417:408,409,410,415,416,418,419,420,421,422,423,427,433,438,449,450,469,470,:
418:409,410,415,416,417,419,420,421,422,423,426,427,433,438,449,450,:
419:409,410,415,417,418,420,421,422,424,426,427,432,433,434,435,437,438,449,450,451,:
420:409,415,416,417,418,419,421,422,423,424,425,468,469,470,471,:
421:415,417,418,419,420,422,423,424,425,469,470,:
422:417,418,419,420,421,423,424,425,:
423:417,418,420,421,422,424,425,451,452,453,469,470,:
424:419,420,421,422,423,425,:
425:420,421,422,423,424,451,452,453,:
426:409,410,418,419,427,428,429,430,431,432,433,438,:
427:406,408,409,410,415,417,418,419,426,428,429,431,432,433,438,:
428:410,426,427,429,430,431,432,433,434,:
429:426,427,428,430,431,432,433,434,435,437,438,:
430:91,93,96,103,128,426,428,429,431,432,433,434,:
431:410,426,427,428,429,430,432,433,:
432:410,419,426,427,428,429,430,431,433,434,435,436,437,438,450,:
433:409,410,417,418,419,426,427,428,429,430,431,432,434,435,436,437,438,450,:
434:419,428,429,430,432,433,435,436,437,438,439,450,561,:
435:41,419,429,432,433,434,436,437,438,439,440,441,442,449,450,554,555,560,561,:
436:41,43,432,433,434,435,437,438,439,440,441,449,450,553,554,555,556,560,561,597,:
437:410,419,429,432,433,434,435,436,438,439,440,441,442,443,444,449,450,555,561,:
438:409,410,417,418,419,426,427,429,432,433,434,435,436,437,439,440,442,443,444,449,450,:
439:21,42,43,410,434,435,436,437,438,440,441,442,443,444,445,449,450,451,470,555,:
440:435,436,437,438,439,441,442,443,449,450,451,452,453,454,455,464,469,470,555,:
441:43,435,436,437,439,440,442,449,450,451,452,453,454,455,456,457,459,460,463,464,469,470,554,555,:
442:42,410,435,437,438,439,440,441,443,444,445,446,447,449,450,469,470,:
443:42,410,437,438,439,440,442,444,445,446,447,448,:
444:42,409,410,437,438,439,442,443,445,446,447,448,:
445:21,39,42,43,439,442,443,444,446,447,448,488,:
446:42,129,131,414,442,443,444,445,447,448,:
447:29,37,39,42,442,443,444,445,446,448,:
448:29,37,42,414,443,444,445,446,447,:
449:417,418,419,435,436,437,438,439,440,441,442,450,451,452,453,455,464,469,470,561,:
450:410,417,418,419,432,433,434,435,436,437,438,439,440,441,442,449,451,452,453,469,470,561,:
451:419,423,425,439,440,441,449,450,452,453,455,464,469,470,560,561,:
452:423,425,440,441,449,450,451,453,454,455,463,464,469,470,:
453:423,425,440,441,449,450,451,452,454,455,456,457,463,464,465,468,469,470,:
454:440,441,452,453,455,456,457,458,459,460,462,463,464,470,:
455:440,441,449,451,452,453,454,456,457,459,460,463,464,470,:
456:441,453,454,455,457,458,459,460,461,462,463,464,465,473,:
457:441,453,454,455,456,458,459,460,463,464,465,466,467,468,470,472,473,482,:
458:454,456,457,459,463,464,465,466,467,472,473,474,475,477,480,481,482,483,486,488,:
459:441,454,455,456,457,458,460,461,462,463,464,:
460:441,454,455,456,457,459,461,462,:
461:38,43,44,456,459,460,462,551,:
462:454,456,459,460,461,517,519,:
463:441,452,453,454,455,456,457,458,459,464,465,466,467,468,469,470,471,473,482,:
464:440,441,449,451,452,453,454,455,456,457,458,459,463,465,466,468,469,470,:
465:453,456,457,458,463,464,466,467,468,469,470,471,473,482,:
466:457,458,463,464,465,467,468,469,470,471,472,473,481,482,:
467:457,458,463,465,466,468,471,472,473,475,481,482,483,484,486,:
468:420,453,457,463,464,465,466,467,469,470,471,:
469:415,417,420,421,423,440,441,442,449,450,451,452,453,463,464,465,466,468,470,471,:
470:417,420,421,423,439,440,441,442,449,450,451,452,453,454,455,457,463,464,465,466,468,469,471,:
471:415,416,420,463,465,466,467,468,469,470,:
472:457,458,466,467,473,474,475,476,477,478,481,482,:
473:456,457,458,463,465,466,467,472,474,475,477,481,482,:
474:458,472,473,475,476,477,478,479,480,481,482,483,:
475:458,467,472,473,474,476,477,478,480,481,482,483,484,485,486,:
476:472,474,475,477,478,480,481,482,483,484,485,:
477:458,472,473,474,475,476,478,479,480,481,482,:
478:472,474,475,476,477,479,480,481,482,:
479:474,477,478,480,519,520,:
480:458,474,475,476,477,478,479,481,482,483,494,495,496,497,:
481:458,466,467,472,473,474,475,476,477,478,480,482,483,484,485,486,487,488,:
482:457,458,463,465,466,467,472,473,474,475,476,477,478,480,481,483,484,486,488,:
483:458,467,474,475,476,480,481,482,484,485,486,487,488,:
484:467,475,476,481,482,483,485,486,487,488,:
485:318,475,476,481,483,484,486,487,:
486:458,467,475,481,482,483,484,485,487,488,:
487:318,353,481,483,484,485,486,488,:
488:445,458,481,482,483,484,486,487,:
489:490,491,492,493,494,495,496,498,499,507,:
490:489,491,492,494,495,497,498,499,507,:
491:489,490,492,493,494,495,496,497,498,499,500,507,513,:
492:489,490,491,493,494,495,496,498,499,500,501,502,503,506,507,512,513,:
493:489,491,492,494,496,498,499,500,501,502,506,507,509,512,513,514,515,517,518,525,526,:
494:480,489,490,491,492,493,495,496,497,498,499,:
495:480,489,490,491,492,494,496,497,:
496:276,480,489,491,492,493,494,495,497,498,499,:
497:480,490,491,494,495,496,:
498:276,489,490,491,492,493,494,496,499,500,501,502,503,504,505,506,507,513,:
499:276,489,490,491,492,493,494,496,498,500,501,503,504,505,506,507,:
500:239,276,491,492,493,498,499,501,502,503,504,505,506,507,508,513,526,:
501:492,493,498,499,500,502,503,504,505,506,507,508,509,510,511,512,513,525,526,:
502:239,492,493,498,500,501,503,504,506,507,508,509,510,512,513,525,526,527,531,:
503:237,242,249,276,492,498,499,500,501,502,504,505,506,507,:
504:247,249,498,499,500,501,502,503,505,506,507,:
505:242,247,248,249,498,499,500,501,503,504,507,:
506:492,493,498,499,500,501,502,503,504,507,508,509,510,511,512,513,526,:
507:489,490,491,492,493,498,499,500,501,502,503,504,505,506,508,509,511,512,513,526,:
508:500,501,502,506,507,509,510,511,512,513,514,526,:
509:493,501,502,506,507,508,510,511,512,513,514,515,517,525,526,531,:
510:501,502,506,508,509,511,512,513,514,515,525,526,530,531,537,:
511:501,506,507,508,509,510,512,513,:
512:492,493,501,502,506,507,508,509,510,511,513,514,515,516,517,518,525,526,531,:
513:491,492,493,498,500,501,502,506,507,508,509,510,511,512,514,515,517,518,525,526,:
514:493,508,509,510,512,513,515,516,517,518,519,525,526,527,531,:
515:493,509,510,512,513,514,516,517,518,525,526,527,528,530,531,537,547,:
516:512,514,515,517,525,526,527,528,529,530,531,536,537,546,547,551,:
517:462,493,509,512,513,514,515,516,518,519,520,525,526,:
518:493,512,513,514,515,517,519,520,521,522,523,524,:
519:462,479,514,517,518,520,521,522,523,524,:
520:479,517,518,519,521,522,523,524,:
521:518,519,520,522,523,524,:
522:518,519,520,521,523,524,:
523:518,519,520,521,522,524,:
524:518,519,520,521,522,523,:
525:493,501,502,509,510,512,513,514,515,516,517,526,527,528,529,530,531,537,547,:
526:493,500,501,502,506,507,508,509,510,512,513,514,515,516,517,525,527,528,530,531,:
527:44,45,47,502,514,515,516,525,526,528,529,530,531,532,547,:
528:515,516,525,526,527,529,530,531,532,533,534,535,536,537,546,547,564,570,664,:
529:47,53,516,525,527,528,530,531,532,533,534,536,537,539,546,547,548,549,551,563,564,565,568,570,664,:
530:510,515,516,525,526,527,528,529,531,532,533,534,535,536,537,547,564,664,:
531:502,509,510,512,514,515,516,525,526,527,528,529,530,532,533,535,536,537,:
532:527,528,529,530,531,533,534,535,536,537,538,547,564,664,:
533:528,529,530,531,532,534,535,536,537,538,539,540,541,546,547,564,572,:
534:528,529,530,532,533,535,536,537,538,539,540,546,547,563,564,571,572,576,577,:
535:528,530,531,532,533,534,536,537,:
536:516,528,529,530,531,532,533,534,535,537,538,539,540,541,542,546,547,564,:
537:510,515,516,525,528,529,530,531,532,533,534,535,536,538,539,541,546,547,:
538:532,533,534,536,537,539,540,541,542,543,546,547,548,572,:
539:529,533,534,536,537,538,540,541,542,546,547,548,549,550,551,563,564,571,572,581,586,:
540:533,534,536,538,539,541,542,546,547,548,549,550,563,564,566,571,572,573,574,576,580,581,582,585,586,587,:
541:533,536,537,538,539,540,542,543,544,545,546,547,:
542:536,538,539,540,541,543,544,545,546,587,:
543:538,541,542,544,545,:
544:541,542,543,545,:
545:541,542,543,544,:
546:516,528,529,533,534,536,537,538,539,540,541,542,547,548,549,550,551,552,563,564,572,581,:
547:515,516,525,527,528,529,530,532,533,534,536,537,538,539,540,541,546,548,549,551,563,564,:
548:529,538,539,540,546,547,549,550,551,552,553,563,564,565,572,581,:
549:47,529,539,540,546,547,548,550,551,552,553,563,564,565,566,567,568,571,572,580,581,590,:
550:539,540,546,548,549,551,552,553,563,564,565,566,567,571,572,580,581,582,583,585,589,590,591,594,595,596,:
551:22,23,44,46,47,461,516,529,539,546,547,548,549,550,552,553,554,563,564,:
552:22,23,43,44,46,47,546,548,549,550,551,553,554,555,556,558,563,:
553:436,548,549,550,551,552,554,555,556,557,558,559,560,561,:
554:435,436,441,551,552,553,555,556,557,558,559,560,561,562,595,597,:
555:43,435,436,437,439,440,441,552,553,554,556,557,558,560,561,562,595,596,597,:
556:436,552,553,554,555,557,558,559,560,561,562,597,:
557:553,554,555,556,558,559,560,561,562,585,588,:
558:552,553,554,555,556,557,559,560,562,585,586,587,588,:
559:553,554,556,557,558,560,561,562,588,:
560:435,436,451,553,554,555,556,557,558,559,561,562,597,:
561:434,435,436,437,449,450,451,553,554,555,556,557,559,560,562,597,:
562:554,555,556,557,558,559,560,561,:
563:47,529,534,539,540,546,547,548,549,550,551,552,564,565,566,567,568,569,570,571,572,581,590,:
564:47,53,528,529,530,532,533,534,536,539,540,546,547,548,549,550,551,563,565,566,568,570,571,572,:
565:47,50,529,548,549,550,563,564,566,567,568,569,570,571,572,573,581,590,:
566:540,549,550,563,564,565,567,568,569,570,571,572,573,574,575,576,580,581,589,590,599,:
567:549,550,563,565,566,568,569,571,572,573,574,575,580,581,583,589,590,591,592,594,598,599,600,603,604,605,619,:
568:47,50,53,529,549,563,564,565,566,567,569,570,571,572,:
569:50,53,563,565,566,567,568,570,619,:
570:23,26,47,50,51,52,53,528,529,563,564,565,566,568,569,572,663,664,:
571:534,539,540,549,550,563,564,565,566,567,568,572,573,574,575,576,577,578,579,580,581,590,599,:
572:533,534,538,539,540,546,548,549,550,563,564,565,566,567,568,570,571,573,574,576,577,579,580,581,:
573:540,565,566,567,571,572,574,575,576,577,578,579,580,581,582,599,:
574:540,566,567,571,572,573,575,576,577,578,580,581,582,583,584,585,589,590,598,599,:
575:566,567,571,573,574,576,578,580,581,582,583,584,589,590,598,599,600,601,603,:
576:534,540,566,571,572,573,574,575,577,578,579,580,581,:
577:534,571,572,573,574,576,578,579,:
578:571,573,574,575,576,577,579,580,581,:
579:571,572,573,576,577,578,:
580:540,549,550,566,567,571,572,573,574,575,576,578,581,582,583,584,585,586,587,588,589,590,599,:
581:539,540,546,548,549,550,563,565,566,567,571,572,573,574,575,576,578,580,582,583,585,586,587,589,590,:
582:540,550,573,574,575,580,581,583,584,585,586,587,588,589,590,591,599,:
583:550,567,574,575,580,581,582,584,585,586,588,589,590,591,592,593,594,598,599,:
584:574,575,580,582,583,585,588,589,590,591,592,593,598,599,:
585:540,550,557,558,574,580,581,582,583,584,586,587,588,589,590,:
586:539,540,558,580,581,582,583,585,587,588,:
587:540,542,558,580,581,582,585,586,588,:
588:557,558,559,580,582,583,584,585,586,587,589,:
589:550,566,567,574,575,580,581,582,583,584,585,588,590,591,592,593,594,595,597,598,599,:
590:549,550,563,565,566,567,571,574,575,580,581,582,583,584,585,589,591,592,594,595,596,598,599,:
591:550,567,582,583,584,589,590,592,593,594,595,596,597,598,599,600,:
592:567,583,584,589,590,591,593,594,595,598,599,600,601,602,603,:
593:583,584,589,591,592,594,598,599,600,601,602,:
594:550,567,583,589,590,591,592,593,595,596,597,598,599,619,:
595:550,554,555,589,590,591,592,594,596,597,:
596:25,46,49,50,105,106,550,555,590,591,594,595,597,:
597:436,554,555,556,560,561,589,591,594,595,596,:
598:567,574,575,583,584,589,590,591,592,593,594,599,600,601,602,603,604,619,:
599:566,567,571,573,574,575,580,582,583,584,589,590,591,592,593,594,598,600,601,603,604,619,:
600:567,575,591,592,593,598,599,601,602,603,604,605,:
601:575,592,593,598,599,600,602,603,604,:
602:592,593,598,600,601,603,:
603:567,575,592,598,599,600,601,602,604,605,606,609,:
604:567,598,599,600,601,603,605,606,607,608,609,619,:
605:567,600,603,604,606,607,608,609,610,:
606:603,604,605,607,608,609,610,616,617,:
607:604,605,606,608,609,610,612,616,617,:
608:604,605,606,607,609,610,:
609:603,604,605,606,607,608,610,611,612,613,616,617,:
610:605,606,607,608,609,612,616,617,642,643,644,:
611:609,612,613,614,615,616,617,620,:
612:607,609,610,611,613,614,615,616,:
613:609,611,612,614,615,616,617,618,619,620,621,626,:
614:611,612,613,615,616,617,620,621,622,623,624,625,626,:
615:611,612,613,614,616,617,620,621,622,623,626,644,:
616:606,607,609,610,611,612,613,614,615,617,618,619,620,:
617:606,607,609,610,611,613,614,615,616,618,619,620,:
618:104,106,613,616,617,619,626,634,:
619:104,567,569,594,598,599,604,613,616,617,618,:
620:611,613,614,615,616,617,621,622,623,624,625,626,:
621:613,614,615,620,622,623,624,625,626,628,:
622:614,615,620,621,623,624,625,626,627,628,637,:
623:614,615,620,621,622,624,626,627,628,629,630,632,636,637,638,641,:
624:171,172,614,620,621,622,623,625,626,628,635,:
625:137,614,620,621,622,624,626,:
626:613,614,615,618,620,621,622,623,624,625,:
627:622,623,628,629,630,631,632,633,634,636,637,649,:
628:621,622,623,624,627,629,630,632,633,636,637,:
629:623,627,628,630,631,632,633,634,635,636,637,638,649,:
630:623,627,628,629,631,632,633,634,636,637,638,639,640,641,648,649,658,:
631:627,629,630,632,634,636,637,638,639,640,648,649,650,651,653,657,658,:
632:623,627,628,629,630,631,633,634,635,636,637,:
633:627,628,629,630,632,634,635,:
634:36,48,52,618,627,629,630,631,632,633,635,636,637,:
635:48,136,164,624,629,632,633,634,:
636:623,627,628,629,630,631,632,634,637,638,639,640,641,642,649,:
637:622,623,627,628,629,630,631,632,634,636,638,639,641,642,:
638:623,629,630,631,636,637,639,640,641,642,643,649,658,:
639:630,631,636,637,638,640,641,642,648,649,658,:
640:630,631,636,638,639,641,642,648,649,657,658,659,660,:
641:623,630,636,637,638,639,640,642,643,644,645,647,:
642:610,636,637,638,639,640,641,643,644,645,646,647,:
643:610,638,641,642,644,645,646,647,:
644:610,615,641,642,643,645,646,647,:
645:641,642,643,644,646,647,:
646:642,643,644,645,647,:
647:641,642,643,644,645,646,:
648:630,631,639,640,649,650,651,652,653,654,657,658,:
649:627,629,630,631,636,638,639,640,648,650,651,653,657,658,:
650:631,648,649,651,652,653,654,657,658,659,:
651:631,648,649,650,652,653,654,657,658,659,660,662,665,:
652:648,650,651,653,654,657,658,659,660,:
653:631,648,649,650,651,652,654,655,656,657,658,:
654:648,650,651,652,653,655,656,657,658,665,:
655:230,231,232,233,266,653,654,656,:
656:36,52,266,653,654,655,665,:
657:631,640,648,649,650,651,652,653,654,658,659,660,661,662,663,665,:
658:630,631,638,639,640,648,649,650,651,652,653,654,657,659,660,662,663,665,:
659:640,650,651,652,657,658,660,661,662,663,664,665,:
660:640,651,652,657,658,659,661,662,663,:
661:657,659,660,662,:
662:651,657,658,659,660,661,663,664,665,:
663:26,51,52,53,570,657,658,659,660,662,664,665,:
664:53,528,529,530,532,570,659,662,663,665,:
665:26,51,52,53,651,654,656,657,658,659,662,663,664,:
