1:2,3,4,5,7,8,9,22,23,24,25,26,27,28,29,30,31,32,40,226,228,267,268,269,270,271,:
2:1,3,4,5,6,7,8,22,23,24,25,26,27,28,29,30,31,32,40,266,267,268,269,270,271,:
3:1,2,4,5,7,8,22,23,24,25,26,27,28,29,30,31,40,266,267,268,269,270,271,:
4:1,2,3,5,6,7,8,23,24,25,26,27,28,29,30,31,32,40,:
5:1,2,3,4,6,7,8,9,22,24,25,26,27,29,30,31,32,33,40,:
6:2,4,5,7,8,25,30,31,32,:
7:1,2,3,4,5,6,8,9,10,21,22,23,24,25,29,30,31,32,33,40,:
8:1,2,3,4,5,6,7,9,10,20,21,22,23,24,25,29,32,33,39,40,226,:
9:1,5,7,8,10,11,12,16,19,20,21,22,25,32,33,34,39,40,225,226,228,:
10:7,8,9,11,12,13,15,16,17,19,20,21,22,25,32,33,34,38,39,224,225,226,227,228,:
11:9,10,12,13,14,15,16,17,18,19,20,21,33,34,35,37,38,133,134,225,226,227,229,230,:
12:9,10,11,13,14,15,16,17,20,33,34,35,36,37,134,137,227,229,230,231,232,:
13:10,11,12,14,15,16,34,35,36,37,134,229,232,368,:
14:11,12,13,15,16,17,34,35,36,37,146,147,191,:
15:10,11,12,13,14,16,17,18,19,34,35,36,37,132,133,145,146,147,196,:
16:9,10,11,12,13,14,15,17,18,19,20,34,35,36,37,38,72,132,133,225,227,229,:
17:10,11,12,14,15,16,18,19,20,21,37,38,67,71,72,75,133,224,227,:
18:11,15,16,17,19,20,37,38,50,62,63,65,66,67,71,72,73,75,133,196,198,199,:
19:9,10,11,15,16,17,18,20,21,22,38,39,67,69,71,72,73,74,75,133,224,225,:
20:8,9,10,11,12,16,17,18,19,21,22,33,38,39,40,69,75,224,225,226,:
21:7,8,9,10,11,17,19,20,22,25,29,33,38,39,40,69,75,224,:
22:1,2,3,5,7,8,9,10,19,20,21,23,25,27,28,29,32,33,39,40,:
23:1,2,3,4,7,8,22,24,25,26,27,28,29,30,40,225,226,228,267,268,269,270,271,:
24:1,2,3,4,5,7,8,23,25,26,28,29,30,31,32,226,228,267,268,269,270,:
25:1,2,3,4,5,6,7,8,9,10,21,22,23,24,26,27,28,29,30,31,32,33,40,225,226,228,:
26:1,2,3,4,5,23,24,25,27,28,29,30,31,265,266,267,268,269,270,271,:
27:1,2,3,4,5,22,23,25,26,28,29,30,31,40,265,266,267,268,269,271,:
28:1,2,3,4,22,23,24,25,26,27,29,31,40,266,267,268,269,270,271,:
29:1,2,3,4,5,7,8,21,22,23,24,25,26,27,28,30,31,32,39,40,266,271,:
30:1,2,3,4,5,6,7,23,24,25,26,27,29,31,32,268,:
31:1,2,3,4,5,6,7,24,25,26,27,28,29,30,40,266,:
32:1,2,4,5,6,7,8,9,10,22,24,25,29,30,33,40,:
33:5,7,8,9,10,11,12,20,21,22,25,32,34,226,228,230,:
34:9,10,11,12,13,14,15,16,33,35,134,135,137,228,229,230,231,232,:
35:11,12,13,14,15,16,34,36,137,232,365,367,368,:
36:12,13,14,15,16,35,37,146,147,157,191,193,365,:
37:11,12,13,14,15,16,17,18,36,50,72,133,143,145,146,147,152,153,157,194,196,199,:
38:10,11,16,17,18,19,20,21,39,63,66,67,68,69,70,71,72,73,74,75,76,224,:
39:8,9,10,19,20,21,22,29,38,40,69,70,74,75,78,81,82,83,:
40:1,2,3,4,5,7,8,9,20,21,22,23,25,27,28,29,31,32,39,:
41:42,43,44,45,46,47,307,310,:
42:41,43,44,45,307,310,:
43:41,42,44,45,46,47,48,153,156,:
44:41,42,43,45,46,47,48,49,50,51,52,153,156,307,:
45:41,42,43,44,46,47,48,49,301,306,307,308,310,311,313,:
46:41,43,44,45,47,48,49,50,51,52,54,60,61,152,153,155,156,307,:
47:41,43,44,45,46,48,49,50,51,52,54,152,153,154,155,156,158,160,:
48:43,44,45,46,47,49,50,51,52,53,54,60,61,62,153,156,301,:
49:44,45,46,47,48,50,51,52,60,61,62,63,65,152,153,199,301,:
50:18,37,44,46,47,48,49,51,60,61,62,63,65,145,146,148,150,152,153,154,156,199,:
51:44,46,47,48,49,50,52,53,54,55,56,60,61,156,199,301,:
52:44,46,47,48,49,51,53,54,55,56,57,173,176,:
53:48,51,52,54,55,56,57,58,301,:
54:46,47,48,51,52,53,55,56,57,58,59,156,162,172,173,176,178,:
55:51,52,53,54,56,57,58,59,:
56:51,52,53,54,55,57,58,59,162,172,176,177,178,:
57:52,53,54,55,56,58,59,176,:
58:53,54,55,56,57,59,:
59:54,55,56,57,58,:
60:46,48,49,50,51,61,62,63,64,65,66,71,72,298,300,301,:
61:46,48,49,50,51,60,62,63,64,65,71,297,298,299,300,301,302,:
62:18,48,49,50,60,61,63,64,65,66,67,68,71,72,73,298,301,:
63:18,38,49,50,60,61,62,64,65,66,67,68,71,72,73,74,75,297,298,:
64:60,61,62,63,65,66,68,71,72,73,74,77,286,290,291,297,298,299,301,302,303,304,:
65:18,49,50,60,61,62,63,64,66,67,68,69,70,71,72,150,313,:
66:18,38,60,62,63,64,65,67,68,69,70,71,72,127,128,133,:
67:17,18,19,38,62,63,65,66,68,69,70,71,72,126,128,132,133,:
68:38,62,63,64,65,66,67,69,70,71,75,81,84,111,126,128,:
69:19,20,21,38,39,65,66,67,68,70,75,126,128,133,:
70:38,39,65,66,67,68,69,75,81,84,111,126,128,:
71:17,18,19,38,60,61,62,63,64,65,66,67,68,72,73,74,75,76,77,198,199,298,:
72:16,17,18,19,37,38,60,62,63,64,65,66,67,71,73,74,75,196,197,198,199,:
73:18,19,38,62,63,64,71,72,74,75,76,77,78,198,233,238,286,296,:
74:19,38,39,63,64,71,72,73,75,76,77,78,79,80,81,84,222,223,233,235,286,:
75:17,18,19,20,21,38,39,63,68,69,70,71,72,73,74,76,77,78,81,222,223,224,:
76:38,71,73,74,75,77,78,79,80,81,82,83,84,85,223,233,235,238,283,286,:
77:64,71,73,74,75,76,78,79,80,81,84,85,235,238,282,283,285,286,:
78:39,73,74,75,76,77,79,80,81,82,83,84,85,86,87,223,240,:
79:74,76,77,78,80,81,82,83,84,85,86,87,88,89,90,223,235,240,283,:
80:74,76,77,78,79,81,84,85,86,87,88,89,235,236,238,239,240,282,283,286,:
81:39,68,70,74,75,76,77,78,79,80,82,83,84,85,86,:
82:39,76,78,79,81,83,84,85,86,87,89,92,102,:
83:39,76,78,79,81,82,84,85,86,92,94,102,:
84:68,70,74,76,77,78,79,80,81,82,83,85,86,89,102,:
85:76,77,78,79,80,81,82,83,84,86,87,88,89,90,91,92,240,:
86:78,79,80,81,82,83,84,85,87,88,89,90,91,92,93,94,102,:
87:78,79,80,82,85,86,88,89,90,91,92,93,98,:
88:79,80,85,86,87,89,90,91,93,97,98,:
89:79,80,82,84,85,86,87,88,90,91,93,97,98,99,100,102,:
90:79,85,86,87,88,89,91,92,93,94,95,243,258,:
91:85,86,87,88,89,90,92,93,94,95,96,98,:
92:82,83,85,86,87,90,91,93,94,95,96,98,102,:
93:86,87,88,89,90,91,92,94,95,96,97,98,:
94:83,86,90,91,92,93,95,96,102,:
95:90,91,92,93,94,96,97,98,102,:
96:91,92,93,94,95,98,102,:
97:88,89,93,95,98,99,100,101,102,:
98:87,88,89,91,92,93,95,96,97,99,100,102,:
99:89,97,98,100,101,102,104,:
100:89,97,98,99,101,102,104,:
101:97,99,100,102,103,104,105,108,109,111,:
102:82,83,84,86,89,92,94,95,96,97,98,99,100,101,:
103:101,104,105,106,107,108,109,110,:
104:99,100,101,103,105,106,108,109,111,:
105:101,103,104,106,107,108,109,110,111,:
106:103,104,105,107,108,109,110,:
107:103,105,106,108,110,:
108:101,103,104,105,106,107,109,110,111,:
109:101,103,104,105,106,108,110,111,:
110:103,105,106,107,108,109,111,305,:
111:68,70,101,104,105,108,109,110,126,128,:
112:113,114,115,116,117,118,:
113:112,114,115,116,117,138,:
114:112,113,115,116,117,118,119,:
115:112,113,114,116,117,118,119,120,122,129,130,136,:
116:112,113,114,115,117,118,119,120,129,130,136,138,:
117:112,113,114,115,116,118,119,120,121,122,123,129,130,:
118:112,114,115,116,117,119,120,121,122,129,:
119:114,115,116,117,118,120,121,122,123,124,125,129,130,131,:
120:115,116,117,118,119,121,122,123,124,125,129,130,131,132,133,134,136,144,:
121:117,118,119,120,122,123,125,129,130,131,132,143,144,374,381,382,:
122:115,117,118,119,120,121,123,124,125,126,127,129,130,:
123:117,119,120,121,122,124,125,126,127,128,129,130,:
124:119,120,122,123,125,126,127,128,130,:
125:119,120,121,122,123,124,126,127,128,150,:
126:67,68,69,70,111,122,123,124,125,127,128,:
127:66,122,123,124,125,126,128,150,313,:
128:66,67,68,69,70,111,123,124,125,126,127,:
129:115,116,117,118,119,120,121,122,123,130,131,132,133,134,135,136,143,144,:
130:115,116,117,119,120,121,122,123,124,129,131,132,133,134,135,136,:
131:119,120,121,129,130,132,133,134,135,136,137,143,144,145,374,:
132:15,16,67,120,121,129,130,131,133,134,135,143,144,145,146,147,148,150,374,:
133:11,15,16,17,18,19,37,66,67,69,120,129,130,131,132,134,143,144,145,148,150,:
134:11,12,13,34,120,129,130,131,132,133,135,136,137,138,139,143,144,:
135:34,129,130,131,132,134,136,137,138,139,140,:
136:115,116,120,129,130,131,134,135,137,138,139,140,141,142,386,:
137:12,34,35,131,134,135,136,138,139,140,141,385,:
138:113,116,134,135,136,137,139,140,141,142,385,386,:
139:134,135,136,137,138,140,141,142,385,387,:
140:135,136,137,138,139,141,142,385,387,:
141:136,137,138,139,140,142,387,:
142:136,138,139,140,141,387,:
143:37,121,129,131,132,133,134,144,145,146,147,148,149,150,152,153,371,374,:
144:120,121,129,131,132,133,134,143,145,146,147,148,149,150,152,370,371,372,373,374,379,:
145:15,37,50,131,132,133,143,144,146,147,148,149,150,151,152,153,154,371,374,:
146:14,15,36,37,50,132,143,144,145,147,148,149,150,152,153,154,155,157,370,371,374,:
147:14,15,36,37,132,143,144,145,146,148,149,152,153,154,157,362,363,370,371,372,373,374,375,:
148:50,132,133,143,144,145,146,147,149,150,151,152,153,:
149:143,144,145,146,147,148,150,151,152,153,374,375,378,:
150:50,65,125,127,132,133,143,144,145,146,148,149,151,313,:
151:145,148,149,150,:
152:37,46,47,49,50,143,144,145,146,147,148,149,153,154,155,156,157,158,159,371,:
153:37,43,44,46,47,48,49,50,143,145,146,147,148,149,152,154,155,156,157,158,:
154:47,50,145,146,147,152,153,155,156,157,158,159,160,164,371,:
155:46,47,146,152,153,154,156,157,158,159,160,161,162,163,164,:
156:43,44,46,47,48,50,51,54,152,153,154,155,157,158,159,160,161,162,163,164,166,167,:
157:36,37,146,147,152,153,154,155,156,158,159,164,167,190,193,195,355,:
158:47,152,153,154,155,156,157,159,160,161,162,163,164,:
159:152,154,155,156,157,158,160,161,163,164,355,:
160:47,154,155,156,158,159,161,162,163,164,165,:
161:155,156,158,159,160,162,163,164,165,166,167,168,172,:
162:54,56,155,156,158,160,161,163,164,165,166,172,178,:
163:155,156,158,159,160,161,162,164,165,166,167,168,169,172,178,:
164:154,155,156,157,158,159,160,161,162,163,165,166,167,168,:
165:160,161,162,163,164,166,167,168,169,170,171,172,173,178,180,186,:
166:156,161,162,163,164,165,167,168,169,170,172,173,174,176,177,178,179,180,185,186,195,:
167:156,157,161,163,164,165,166,168,169,170,172,173,174,175,178,179,180,181,182,185,186,187,190,194,195,:
168:161,163,164,165,166,167,169,170,171,172,180,186,:
169:163,165,166,167,168,170,171,172,178,179,180,186,:
170:165,166,167,168,169,171,172,173,174,177,178,179,180,181,184,186,:
171:165,168,169,170,180,:
172:54,56,161,162,163,165,166,167,168,169,170,173,174,175,176,177,178,179,180,186,:
173:52,54,165,166,167,170,172,174,175,176,177,178,179,180,181,186,195,:
174:166,167,170,172,173,175,176,177,178,179,180,181,182,184,185,186,194,195,200,201,:
175:167,172,173,174,176,179,180,181,182,183,185,186,194,195,196,197,199,200,201,202,205,:
176:52,54,56,57,166,172,173,174,175,177,178,179,180,:
177:56,166,170,172,173,174,176,178,179,180,:
178:54,56,162,163,165,166,167,169,170,172,173,174,176,177,179,180,:
179:166,167,169,170,172,173,174,175,176,177,178,180,181,182,183,184,185,186,195,201,:
180:165,166,167,168,169,170,171,172,173,174,175,176,177,178,179,181,182,184,185,186,:
181:167,170,173,174,175,179,180,182,183,184,185,186,187,201,:
182:167,174,175,179,180,181,183,184,185,186,187,188,189,190,194,195,200,201,215,347,:
183:175,179,181,182,184,185,186,187,188,189,194,200,201,205,214,215,347,350,:
184:170,174,179,180,181,182,183,185,186,345,346,347,:
185:166,167,174,175,179,180,181,182,183,184,186,187,188,189,190,191,194,195,201,:
186:165,166,167,168,169,170,172,173,174,175,179,180,181,182,183,184,185,187,188,190,194,195,201,:
187:167,181,182,183,185,186,188,189,190,191,192,193,194,195,196,201,215,348,349,350,:
188:182,183,185,186,187,189,190,191,192,194,195,196,197,198,199,200,201,214,215,:
189:182,183,185,187,188,190,191,192,194,195,196,197,198,200,201,214,215,216,220,227,229,:
190:157,167,182,185,186,187,188,189,191,192,193,194,195,:
191:14,36,185,187,188,189,190,192,193,194,195,:
192:187,188,189,190,191,193,322,342,343,348,349,:
193:36,157,187,190,191,192,339,355,365,:
194:37,167,174,175,182,183,185,186,187,188,189,190,191,195,196,197,198,199,200,201,215,:
195:157,166,167,173,174,175,179,182,185,186,187,188,189,190,191,194,196,197,199,200,201,:
196:15,18,37,72,175,187,188,189,194,195,197,198,199,200,201,202,215,220,:
197:72,175,188,189,194,195,196,198,199,200,201,202,203,204,205,214,215,219,220,234,296,:
198:18,71,72,73,188,189,194,196,197,199,200,201,202,203,204,214,215,219,220,221,222,224,227,233,234,296,:
199:18,37,49,50,51,71,72,175,188,194,195,196,197,198,200,201,296,:
200:174,175,182,183,188,189,194,195,196,197,198,199,201,202,203,204,205,206,214,215,220,296,:
201:174,175,179,181,182,183,185,186,187,188,189,194,195,196,197,198,199,200,202,203,205,206,214,215,296,:
202:175,196,197,198,200,201,203,204,205,206,207,208,214,215,216,220,234,296,:
203:197,198,200,201,202,204,205,206,207,214,215,216,217,218,219,220,233,234,:
204:197,198,200,202,203,205,206,207,214,215,216,217,218,219,220,221,222,233,234,235,238,:
205:175,183,197,200,201,202,203,204,206,207,208,209,210,214,215,:
206:200,201,202,203,204,205,207,208,209,210,211,214,:
207:202,203,204,205,206,208,209,210,211,212,213,214,:
208:202,205,206,207,209,210,211,212,295,:
209:205,206,207,208,210,211,212,213,:
210:205,206,207,208,209,211,212,213,:
211:206,207,208,209,210,212,213,:
212:207,208,209,210,211,213,:
213:207,209,210,211,212,:
214:183,188,189,197,198,200,201,202,203,204,205,206,207,215,216,217,218,219,220,234,:
215:182,183,187,188,189,194,196,197,198,200,201,202,203,204,205,214,216,217,219,220,:
216:189,202,203,204,214,215,217,218,219,220,221,234,:
217:203,204,214,215,216,218,219,220,221,222,224,225,233,234,:
218:203,204,214,216,217,219,220,221,222,233,234,247,:
219:197,198,203,204,214,215,216,217,218,220,221,222,223,224,225,226,227,233,234,:
220:189,196,197,198,200,202,203,204,214,215,216,217,218,219,221,222,224,225,227,233,234,:
221:198,204,216,217,218,219,220,222,223,224,225,226,227,233,234,235,:
222:74,75,198,204,217,218,219,220,221,223,224,225,233,234,235,236,238,239,240,:
223:74,75,76,78,79,219,221,222,224,233,234,235,236,239,240,243,271,:
224:10,17,19,20,21,38,75,198,217,219,220,221,222,223,225,226,227,228,229,233,234,:
225:9,10,11,16,19,20,23,25,217,219,220,221,222,224,226,227,228,229,230,:
226:1,8,9,10,11,20,23,24,25,33,219,221,224,225,227,228,229,230,231,:
227:10,11,12,16,17,189,198,219,220,221,224,225,226,228,229,230,231,232,:
228:1,9,10,23,24,25,33,34,224,225,226,227,229,230,231,232,:
229:11,12,13,16,34,189,224,225,226,227,228,230,231,232,:
230:11,12,33,34,225,226,227,228,229,231,232,:
231:12,34,226,227,228,229,230,232,:
232:12,13,34,35,227,228,229,230,231,:
233:73,74,76,198,203,204,217,218,219,220,221,222,223,224,234,235,236,237,238,239,240,:
234:197,198,202,203,204,214,216,217,218,219,220,221,222,223,224,233,235,236,237,238,239,240,:
235:74,76,77,79,80,204,221,222,223,233,234,236,237,238,239,240,241,283,:
236:80,222,223,233,234,235,237,238,239,240,241,242,244,245,283,:
237:233,234,235,236,238,239,240,241,244,:
238:73,76,77,80,204,222,233,234,235,236,237,239,282,283,285,286,:
239:80,222,223,233,234,235,236,237,238,240,241,242,243,244,245,251,252,:
240:78,79,80,85,222,223,233,234,235,236,237,239,241,242,243,244,245,251,:
241:235,236,237,239,240,242,243,244,245,246,251,252,253,:
242:236,239,240,241,243,244,245,251,252,253,254,255,256,260,:
243:90,223,239,240,241,242,244,245,251,252,253,254,255,260,261,269,271,:
244:236,237,239,240,241,242,243,245,246,247,248,250,251,252,255,:
245:236,239,240,241,242,243,244,246,247,248,249,250,251,252,255,:
246:241,244,245,247,248,249,250,:
247:218,244,245,246,248,249,250,:
248:244,245,246,247,249,250,255,:
249:245,246,247,248,250,:
250:244,245,246,247,248,249,255,:
251:239,240,241,242,243,244,245,252,253,254,255,256,257,258,259,260,261,:
252:239,241,242,243,244,245,251,253,254,255,256,257,258,259,:
253:241,242,243,251,252,254,255,256,257,258,259,260,261,262,273,:
254:242,243,251,252,253,255,256,257,260,261,262,263,265,271,272,273,:
255:242,243,244,245,248,250,251,252,253,254,256,260,261,262,263,271,272,273,:
256:242,251,252,253,254,255,257,258,259,260,261,273,276,:
257:251,252,253,254,256,258,259,:
258:90,251,252,253,256,257,259,:
259:251,252,253,256,257,258,:
260:242,243,251,253,254,255,256,261,262,263,264,265,266,267,271,272,273,:
261:243,251,253,254,255,256,260,262,263,265,266,272,273,:
262:253,254,255,260,261,263,264,265,266,267,268,269,271,272,273,274,:
263:254,255,260,261,262,264,265,266,272,273,274,275,276,277,278,:
264:260,262,263,265,268,272,273,274,277,:
265:26,27,254,260,261,262,263,264,266,267,268,269,271,272,273,:
266:2,3,26,27,28,29,31,260,261,262,263,265,267,268,269,270,271,:
267:1,2,3,23,24,26,27,28,260,262,265,266,268,269,270,271,:
268:1,2,3,23,24,26,27,28,30,262,264,265,266,267,269,270,271,:
269:1,2,3,23,24,26,27,28,243,262,265,266,267,268,270,271,:
270:1,2,3,23,24,26,28,266,267,268,269,271,:
271:1,2,3,23,26,27,28,29,223,243,254,255,260,262,265,266,267,268,269,270,:
272:254,255,260,261,262,263,264,265,273,274,275,276,277,278,279,280,:
273:253,254,255,256,260,261,262,263,264,265,272,274,275,276,277,278,279,280,:
274:262,263,264,272,273,275,276,277,278,279,:
275:263,272,273,274,276,277,278,:
276:256,263,272,273,274,275,277,278,:
277:263,264,272,273,274,275,276,278,279,280,281,:
278:263,272,273,274,275,276,277,279,280,281,:
279:272,273,274,277,278,280,281,:
280:272,273,277,278,279,281,:
281:277,278,279,280,:
282:77,80,238,283,284,285,286,287,288,289,:
283:76,77,79,80,235,236,238,282,284,285,286,287,288,:
284:282,283,285,286,287,288,289,290,:
285:77,238,282,283,284,286,287,288,289,290,291,292,293,304,:
286:64,73,74,76,77,80,238,282,283,284,285,287,288,289,290,291,298,304,:
287:282,283,284,285,286,288,289,:
288:282,283,284,285,286,287,289,290,291,292,293,294,297,298,304,:
289:282,284,285,286,287,288,290,291,292,293,294,:
290:64,284,285,286,288,289,291,292,293,294,295,296,297,298,299,304,:
291:64,285,286,288,289,290,292,293,294,297,298,299,300,301,302,303,304,:
292:285,288,289,290,291,293,297,298,299,300,302,303,304,:
293:285,288,289,290,291,292,294,295,296,297,298,:
294:288,289,290,291,293,295,296,:
295:208,290,293,294,296,:
296:73,197,198,199,200,201,202,290,293,294,295,298,:
297:61,63,64,288,290,291,292,293,298,299,300,301,302,303,304,:
298:60,61,62,63,64,71,286,288,290,291,292,293,296,297,299,300,301,302,303,304,:
299:61,64,290,291,292,297,298,300,301,302,303,304,305,:
300:60,61,291,292,297,298,299,301,302,303,:
301:45,48,49,51,53,60,61,62,64,291,297,298,299,300,302,306,307,:
302:61,64,291,292,297,298,299,300,301,303,304,305,:
303:64,291,292,297,298,299,300,302,304,305,:
304:64,285,286,288,290,291,292,297,298,299,302,303,305,:
305:110,299,302,303,304,:
306:45,301,307,308,309,310,311,312,313,:
307:41,42,44,45,46,301,306,308,309,310,311,313,:
308:45,306,307,309,310,311,312,313,:
309:306,307,308,310,311,312,313,:
310:41,42,45,306,307,308,309,311,312,:
311:45,306,307,308,309,310,312,313,:
312:306,308,309,310,311,313,:
313:45,65,127,150,306,307,308,309,311,312,:
314:315,316,317,318,319,320,324,325,338,361,:
315:314,316,317,318,319,320,321,334,335,336,337,338,361,:
316:314,315,317,318,319,320,321,324,325,326,338,366,367,:
317:314,315,316,318,319,320,324,325,326,327,328,329,:
318:314,315,316,317,319,320,324,325,326,327,328,:
319:314,315,316,317,318,320,321,322,323,324,325,338,368,:
320:314,315,316,317,318,319,321,322,323,324,325,334,335,338,:
321:315,316,319,320,322,323,334,335,339,343,:
322:192,319,320,321,323,343,349,:
323:319,320,321,322,334,335,336,338,339,340,341,342,343,349,:
324:314,316,317,318,319,320,325,326,327,328,329,330,:
325:314,316,317,318,319,320,324,326,327,329,:
326:316,317,318,324,325,327,328,329,330,331,:
327:317,318,324,325,326,328,329,330,:
328:317,318,324,326,327,329,330,:
329:317,324,325,326,327,328,330,331,332,333,:
330:324,326,327,328,329,331,332,333,:
331:326,329,330,332,333,:
332:329,330,331,333,:
333:329,330,331,332,:
334:315,320,321,323,335,336,337,338,339,340,341,351,352,:
335:315,320,321,323,334,336,337,338,339,340,341,342,343,:
336:315,323,334,335,337,338,339,340,341,351,352,353,:
337:315,334,335,336,338,339,340,351,352,353,354,355,356,360,361,:
338:314,315,316,319,320,323,334,335,336,337,339,351,352,353,354,355,360,361,:
339:193,321,323,334,335,336,337,338,340,341,342,343,351,352,:
340:323,334,335,336,337,339,341,342,343,344,345,346,:
341:323,334,335,336,339,340,342,343,344,345,346,347,348,349,:
342:192,323,335,339,340,341,343,344,345,346,347,348,349,350,:
343:192,321,322,323,335,339,340,341,342,344,345,346,348,349,350,:
344:340,341,342,343,345,346,347,348,349,350,:
345:184,340,341,342,343,344,346,347,348,349,350,:
346:184,340,341,342,343,344,345,347,348,350,:
347:182,183,184,341,342,344,345,346,348,349,350,:
348:187,192,341,342,343,344,345,346,347,349,350,:
349:187,192,322,323,341,342,343,344,345,347,348,350,:
350:183,187,342,343,344,345,346,347,348,349,:
351:334,336,337,338,339,352,353,354,355,356,357,359,360,361,:
352:334,336,337,338,339,351,353,354,355,356,357,359,:
353:336,337,338,351,352,354,355,356,357,358,359,360,361,362,:
354:337,338,351,352,353,355,356,357,360,361,362,363,364,365,:
355:157,159,193,337,338,351,352,353,354,356,360,361,362,363,365,:
356:337,351,352,353,354,355,357,358,359,360,361,:
357:351,352,353,354,356,358,359,:
358:353,356,357,359,:
359:351,352,353,356,357,358,:
360:337,338,351,353,354,355,356,361,362,363,364,365,366,370,371,:
361:314,315,337,338,351,353,354,355,356,360,362,363,364,365,366,:
362:147,353,354,355,360,361,363,364,365,366,367,370,371,372,:
363:147,354,355,360,361,362,364,365,366,370,371,372,373,374,375,376,:
364:354,360,361,362,363,365,366,370,371,372,373,375,376,380,:
365:35,36,193,354,355,360,361,362,363,364,366,367,368,369,370,371,:
366:316,360,361,362,363,364,365,367,368,369,:
367:35,316,362,365,366,368,369,:
368:13,35,319,365,366,367,369,:
369:365,366,367,368,:
370:144,146,147,360,362,363,364,365,371,372,373,374,375,376,377,378,379,380,:
371:143,144,145,146,147,152,154,360,362,363,364,365,370,372,373,374,375,376,:
372:144,147,362,363,364,370,371,373,374,375,376,377,378,379,380,381,:
373:144,147,363,364,370,371,372,374,375,376,378,379,380,381,382,384,385,:
374:121,131,132,143,144,145,146,147,149,363,370,371,372,373,375,378,379,380,381,382,384,385,:
375:147,149,363,364,370,371,372,373,374,376,377,378,379,380,:
376:363,364,370,371,372,373,375,377,378,:
377:370,372,375,376,378,:
378:149,370,372,373,374,375,376,377,379,380,:
379:144,370,372,373,374,375,378,380,381,382,383,384,385,386,:
380:364,370,372,373,374,375,378,379,381,382,383,384,385,:
381:121,372,373,374,379,380,382,383,384,385,386,387,:
382:121,373,374,379,380,381,383,384,385,386,:
383:379,380,381,382,384,386,:
384:373,374,379,380,381,382,383,385,386,387,:
385:137,138,139,140,373,374,379,380,381,382,384,386,387,:
386:136,138,379,381,382,383,384,385,387,:
387:139,140,141,142,381,384,385,386,:
