1:2,3,4,5,6,7,21,23,24,26,27,28,207,231,232,233,234,240,241,242,246,247,248,:
2:1,3,4,5,6,7,21,22,23,24,25,26,27,28,77,239,241,242,247,248,:
3:1,2,4,5,6,7,21,22,23,24,28,73,74,75,76,77,78,82,83,239,241,242,243,246,247,248,250,:
4:1,2,3,5,6,7,8,21,22,23,24,25,26,27,28,77,239,242,248,397,:
5:1,2,3,4,6,7,21,22,23,24,25,26,28,238,239,240,396,397,398,:
6:1,2,3,4,5,7,8,9,10,21,22,23,24,25,26,27,28,29,186,187,188,397,:
7:1,2,3,4,5,6,8,9,10,11,21,25,26,27,28,29,186,187,188,196,:
8:4,6,7,9,10,11,12,13,14,15,21,25,26,27,28,29,30,32,186,187,188,196,:
9:6,7,8,10,11,12,13,21,25,26,27,28,29,30,185,186,187,188,418,:
10:6,7,8,9,11,12,13,14,15,16,25,27,28,29,30,31,32,34,182,186,187,192,193,195,196,:
11:7,8,9,10,12,13,14,15,16,17,27,29,30,31,32,33,34,35,187,193,196,:
12:8,9,10,11,13,14,15,16,29,30,31,32,33,34,50,60,193,196,:
13:8,9,10,11,12,29,30,31,32,33,46,48,49,50,196,:
14:8,10,11,12,15,16,17,18,20,29,30,31,32,34,35,36,182,193,:
15:8,10,11,12,14,16,17,18,20,29,30,31,32,34,35,177,178,180,181,182,192,193,194,196,:
16:10,11,12,14,15,17,18,19,20,29,30,31,32,34,35,36,182,:
17:11,14,15,16,18,19,20,30,31,34,35,36,129,130,:
18:14,15,16,17,19,20,34,35,36,129,130,152,153,154,155,:
19:16,17,18,20,35,36,129,130,131,133,150,151,152,153,154,155,174,:
20:14,15,16,17,18,19,34,35,36,152,153,154,155,182,183,184,:
21:1,2,3,4,5,6,7,8,9,22,23,24,25,26,27,28,74,76,77,397,:
22:2,3,4,5,6,21,23,24,25,26,188,238,239,240,395,396,397,398,:
23:1,2,3,4,5,6,21,22,24,25,26,77,83,238,239,240,248,396,397,398,:
24:1,2,3,4,5,6,21,22,23,25,26,237,238,239,240,242,396,397,:
25:2,4,5,6,7,8,9,10,21,22,23,24,26,27,28,186,187,188,396,397,420,:
26:1,2,4,5,6,7,8,9,21,22,23,24,25,27,28,186,187,188,397,:
27:1,2,4,6,7,8,9,10,11,21,25,26,28,29,180,186,187,188,193,195,196,207,:
28:1,2,3,4,5,6,7,8,9,10,21,25,26,27,29,74,187,195,196,207,:
29:6,7,8,9,10,11,12,13,14,15,16,27,28,30,31,32,178,180,182,187,192,193,194,195,196,:
30:8,9,10,11,12,13,14,15,16,17,29,31,32,33,34,:
31:10,11,12,13,14,15,16,17,29,30,32,33,34,35,36,58,60,:
32:8,10,11,12,13,14,15,16,29,30,31,33,35,46,50,58,60,193,195,196,197,:
33:11,12,13,30,31,32,46,48,49,50,:
34:10,11,12,14,15,16,17,18,20,30,31,35,36,:
35:11,14,15,16,17,18,19,20,31,32,34,36,60,62,129,130,131,133,193,:
36:14,16,17,18,19,20,31,34,35,129,130,:
37:38,39,40,41,42,43,51,52,:
38:37,39,40,41,42,51,:
39:37,38,40,41,42,43,44,45,51,52,53,199,:
40:37,38,39,41,42,43,44,51,52,53,54,55,56,57,199,:
41:37,38,39,40,42,51,52,53,54,55,:
42:37,38,39,40,41,43,44,45,46,47,51,52,55,90,:
43:37,39,40,42,44,45,46,47,48,51,52,55,86,90,:
44:39,40,42,43,45,46,47,48,49,50,51,52,86,197,201,202,206,:
45:39,42,43,44,46,47,48,49,51,52,55,86,90,:
46:13,32,33,42,43,44,45,47,48,49,50,52,69,86,201,206,:
47:42,43,44,45,46,48,49,50,52,65,68,69,85,86,332,:
48:13,33,43,44,45,46,47,49,50,52,68,69,86,:
49:13,33,44,45,46,47,48,50,65,66,68,69,73,86,332,:
50:12,13,32,33,44,46,47,48,49,68,69,73,74,:
51:37,38,39,40,41,42,43,44,45,52,53,54,55,56,57,58,59,:
52:37,39,40,41,42,43,44,45,46,47,48,51,53,54,55,56,57,58,59,:
53:39,40,41,51,52,54,55,56,57,58,59,:
54:40,41,51,52,53,55,56,57,:
55:40,41,42,43,45,51,52,53,54,56,:
56:40,51,52,53,54,55,57,58,59,60,61,:
57:40,51,52,53,54,56,58,59,60,61,62,:
58:31,32,51,52,53,56,57,59,60,61,62,:
59:51,52,53,56,57,58,60,61,62,:
60:12,31,32,35,56,57,58,59,61,62,:
61:56,57,58,59,60,62,126,128,132,199,:
62:35,57,58,59,60,61,128,131,199,:
63:64,65,66,67,68,69,326,327,330,:
64:63,65,66,67,325,326,327,330,:
65:47,49,63,64,66,67,68,69,70,86,327,330,:
66:49,63,64,65,67,68,69,70,71,73,85,86,:
67:63,64,65,66,68,69,70,71,72,85,86,:
68:47,48,49,50,63,65,66,67,69,70,71,72,73,74,75,85,86,:
69:46,47,48,49,50,63,65,66,67,68,70,71,73,74,75,85,86,:
70:65,66,67,68,69,71,72,73,74,75,76,77,85,86,87,:
71:66,67,68,69,70,72,73,74,85,86,87,88,90,92,206,246,:
72:67,68,70,71,73,85,86,87,88,92,97,98,100,246,247,:
73:3,49,50,66,68,69,70,71,72,74,75,76,77,85,86,206,207,246,247,248,:
74:3,21,28,50,68,69,70,71,73,75,76,77,78,313,:
75:3,68,69,70,73,74,76,77,78,79,80,81,82,312,313,:
76:3,21,70,73,74,75,77,78,79,80,81,82,83,84,247,248,312,313,:
77:2,3,4,21,23,70,73,74,75,76,78,79,80,82,83,84,246,247,248,:
78:3,74,75,76,77,79,80,81,82,83,84,247,248,288,312,313,:
79:75,76,77,78,80,81,82,83,84,286,288,311,312,313,:
80:75,76,77,78,79,81,82,84,288,309,310,311,312,313,:
81:75,76,78,79,80,82,83,84,286,287,288,312,:
82:3,75,76,77,78,79,80,81,83,84,247,248,255,256,288,:
83:3,23,76,77,78,79,81,82,84,247,248,249,250,255,256,:
84:76,77,78,79,80,81,82,83,255,256,286,287,288,:
85:47,66,67,68,69,70,71,72,73,86,87,88,89,90,206,:
86:43,44,45,46,47,48,49,65,66,67,68,69,70,71,72,73,85,87,88,90,206,:
87:70,71,72,85,86,88,89,90,92,100,206,:
88:71,72,85,86,87,89,90,91,92,99,100,:
89:85,87,88,90,91,92,94,99,100,101,102,104,:
90:42,43,45,71,85,86,87,88,89,:
91:88,89,92,93,94,95,96,97,98,99,100,:
92:71,72,87,88,89,91,93,94,96,97,98,99,100,:
93:91,92,94,95,96,97,98,99,100,101,:
94:89,91,92,93,95,96,97,98,99,100,101,102,103,104,:
95:91,93,94,96,97,99,100,101,102,103,:
96:91,92,93,94,95,97,98,99,100,257,:
97:72,91,92,93,94,95,96,98,99,100,257,278,:
98:72,91,92,93,94,96,97,99,100,244,249,251,255,257,278,:
99:88,89,91,92,93,94,95,96,97,98,100,101,102,103,104,105,106,:
100:72,87,88,89,91,92,93,94,95,96,97,98,99,101,102,104,105,107,:
101:89,93,94,95,99,100,102,103,104,105,106,107,:
102:89,94,95,99,100,101,103,104,105,106,:
103:94,95,99,101,102,104,106,:
104:89,94,99,100,101,102,103,105,106,107,:
105:99,100,101,102,104,106,107,245,271,274,:
106:99,101,102,103,104,105,107,:
107:100,101,104,105,106,243,245,269,271,272,:
108:109,110,111,112,113,114,115,116,121,:
109:108,110,111,113,114,115,116,:
110:108,109,111,112,113,114,115,116,121,:
111:108,109,110,112,113,114,120,121,:
112:108,110,111,113,120,121,125,142,:
113:108,109,110,111,112,114,115,116,117,118,:
114:108,109,110,111,113,115,116,117,118,119,:
115:108,109,110,113,114,116,117,118,119,:
116:108,109,110,113,114,115,117,118,119,:
117:113,114,115,116,118,119,:
118:113,114,115,116,117,119,:
119:114,115,116,117,118,:
120:111,112,121,122,123,124,125,126,136,142,:
121:108,110,111,112,120,122,123,125,136,142,:
122:120,121,123,124,125,126,127,128,132,136,137,142,:
123:120,121,122,124,125,126,127,128,132,136,137,138,139,140,141,142,144,:
124:120,122,123,125,126,127,128,132,136,137,138,139,142,143,144,145,148,:
125:112,120,121,122,123,124,126,127,128,129,131,132,136,142,:
126:61,120,122,123,124,125,127,128,129,130,131,132,133,134,136,:
127:122,123,124,125,126,128,129,130,131,132,133,:
128:61,62,122,123,124,125,126,127,129,130,131,132,133,134,135,:
129:17,18,19,35,36,125,126,127,128,130,131,132,133,135,150,154,:
130:17,18,19,35,36,126,127,128,129,131,133,150,154,:
131:19,35,62,125,126,127,128,129,130,132,133,134,135,148,:
132:61,122,123,124,125,126,127,128,129,131,133,134,135,143,144,:
133:19,35,126,127,128,129,130,131,132,134,135,148,149,150,153,174,:
134:126,128,131,132,133,135,143,145,198,199,:
135:128,129,131,132,133,134,145,148,174,198,:
136:120,121,122,123,124,125,126,137,138,139,140,141,142,144,:
137:122,123,124,136,138,139,140,141,142,144,:
138:123,124,136,137,139,140,141,142,144,:
139:123,124,136,137,138,140,144,:
140:123,136,137,138,139,141,142,:
141:123,136,137,138,140,142,:
142:112,120,121,122,123,124,125,136,137,138,140,141,:
143:124,132,134,144,145,146,147,148,149,:
144:123,124,132,136,137,138,139,143,145,146,148,:
145:124,134,135,143,144,146,147,148,149,150,157,:
146:143,144,145,147,148,149,156,157,:
147:143,145,146,148,149,156,157,158,160,161,172,:
148:124,131,133,135,143,144,145,146,147,149,150,151,:
149:133,143,145,146,147,148,150,151,152,153,154,174,:
150:19,129,130,133,145,148,149,151,152,153,154,155,174,:
151:19,148,149,150,152,153,154,155,174,:
152:18,19,20,149,150,151,153,154,155,173,174,:
153:18,19,20,133,149,150,151,152,154,155,172,173,174,:
154:18,19,20,129,130,149,150,151,152,153,155,174,:
155:18,19,20,150,151,152,153,154,174,:
156:146,147,157,158,159,160,161,162,163,164,:
157:145,146,147,156,158,159,160,161,162,:
158:147,156,157,159,160,161,162,163,164,171,:
159:156,157,158,160,161,162,163,165,166,170,171,:
160:147,156,157,158,159,161,163,165,166,167,168,170,171,172,:
161:147,156,157,158,159,160,162,163,164,171,:
162:156,157,158,159,161,163,164,:
163:156,158,159,160,161,162,164,171,176,179,213,:
164:156,158,161,162,163,:
165:159,160,166,167,168,169,170,171,:
166:159,160,165,167,168,170,171,:
167:160,165,166,168,169,170,171,172,176,:
168:160,165,166,167,169,170,171,172,173,175,176,:
169:165,167,168,170,171,172,173,174,175,176,180,181,:
170:159,160,165,166,167,168,169,171,172,173,174,175,176,:
171:158,159,160,161,163,165,166,167,168,169,170,172,173,175,176,:
172:147,153,160,167,168,169,170,171,173,174,175,176,177,:
173:152,153,168,169,170,171,172,174,175,176,177,178,179,180,181,:
174:19,133,135,149,150,151,152,153,154,155,169,170,172,173,175,176,177,178,180,181,:
175:168,169,170,171,172,173,174,176,177,178,179,180,181,192,193,:
176:163,167,168,169,170,171,172,173,174,175,177,178,179,180,181,192,:
177:15,172,173,174,175,176,178,179,180,181,182,192,193,194,:
178:15,29,173,174,175,176,177,179,180,181,192,193,194,195,196,197,198,200,:
179:163,173,175,176,177,178,180,192,193,194,195,197,198,200,:
180:15,27,29,169,173,174,175,176,177,178,179,181,182,183,187,192,193,:
181:15,169,173,174,175,176,177,178,180,182,183,184,185,186,187,:
182:10,14,15,16,20,29,177,180,181,183,184,185,186,187,188,189,190,193,:
183:20,180,181,182,184,185,186,187,188,189,190,191,:
184:20,181,182,183,185,186,187,189,190,191,427,:
185:9,181,182,183,184,186,187,188,189,190,191,:
186:6,7,8,9,10,25,26,27,181,182,183,184,185,187,188,189,190,191,420,:
187:6,7,8,9,10,11,25,26,27,28,29,180,181,182,183,184,185,186,188,189,191,:
188:6,7,8,9,22,25,26,27,182,183,185,186,187,189,190,191,397,417,418,420,:
189:182,183,184,185,186,187,188,190,191,416,417,418,420,427,437,:
190:182,183,184,185,186,188,189,191,414,415,416,426,427,:
191:183,184,185,186,187,188,189,190,415,416,417,418,419,420,435,436,437,:
192:10,15,29,175,176,177,178,179,180,193,194,195,196,197,198,200,201,:
193:10,11,12,14,15,27,29,32,35,175,177,178,179,180,182,192,194,195,196,197,198,:
194:15,29,177,178,179,192,193,195,196,197,198,199,200,201,202,203,204,207,:
195:10,27,28,29,32,178,179,192,193,194,196,197,198,201,202,203,204,205,206,207,:
196:7,8,10,11,12,13,15,27,28,29,32,178,192,193,194,195,197,201,202,207,:
197:32,44,178,179,192,193,194,195,196,198,199,200,201,202,:
198:134,135,178,179,192,193,194,195,197,199,200,:
199:39,40,61,62,134,194,197,198,200,:
200:178,179,192,194,197,198,199,208,209,213,:
201:44,46,192,194,195,196,197,202,203,204,205,206,207,208,209,:
202:44,194,195,196,197,201,203,204,205,206,207,208,209,210,:
203:194,195,201,202,204,205,206,207,208,209,210,211,212,213,:
204:194,195,201,202,203,205,206,207,208,209,210,213,225,232,:
205:195,201,202,203,204,206,207,208,209,:
206:44,46,71,73,85,86,87,195,201,202,203,204,205,207,246,:
207:1,27,28,73,194,195,196,201,202,203,204,205,206,:
208:200,201,202,203,204,205,209,210,211,212,213,:
209:200,201,202,203,204,205,208,210,211,212,213,:
210:202,203,204,208,209,211,212,213,218,:
211:203,208,209,210,212,213,218,:
212:203,208,209,210,211,213,:
213:163,200,203,204,208,209,210,211,212,218,:
214:215,216,217,218,219,220,223,224,:
215:214,216,217,218,219,220,:
216:214,215,217,218,219,220,223,224,225,:
217:214,215,216,218,219,220,223,224,225,226,227,228,229,272,:
218:210,211,213,214,215,216,217,219,223,224,225,226,228,229,272,:
219:214,215,216,217,218,220,221,222,223,224,270,272,:
220:214,215,216,217,219,221,222,:
221:219,220,222,:
222:219,220,221,:
223:214,216,217,218,219,224,225,226,227,228,229,230,231,232,272,:
224:214,216,217,218,219,223,225,226,227,228,229,230,:
225:204,216,217,218,223,224,226,227,228,229,230,231,232,233,272,:
226:217,218,223,224,225,227,228,229,230,231,232,233,234,235,236,270,272,:
227:217,223,224,225,226,228,230,231,232,233,234,235,236,270,272,:
228:217,218,223,224,225,226,227,229,230,231,232,:
229:217,218,223,224,225,226,228,230,:
230:223,224,225,226,227,228,229,231,232,342,:
231:1,223,225,226,227,228,230,232,233,234,235,236,237,241,242,:
232:1,204,223,225,226,227,228,230,231,233,234,235,236,241,242,:
233:1,225,226,227,231,232,234,235,236,237,238,239,240,241,242,243,:
234:1,226,227,231,232,233,235,236,237,238,241,242,243,244,245,246,248,249,250,258,259,265,:
235:226,227,231,232,233,234,236,237,241,242,243,244,245,249,250,252,258,259,260,261,263,264,265,266,269,270,272,:
236:226,227,231,232,233,234,235,237,238,239,240,241,242,259,263,:
237:24,231,233,234,235,236,238,239,240,241,242,259,263,339,359,363,:
238:5,22,23,24,233,234,236,237,239,240,242,359,360,362,363,:
239:2,3,4,5,22,23,24,233,236,237,238,240,242,359,360,361,362,:
240:1,5,22,23,24,233,236,237,238,239,360,362,363,368,:
241:1,2,3,231,232,233,234,235,236,237,242,243,244,245,246,247,248,249,250,259,265,:
242:1,2,3,4,24,231,232,233,234,235,236,237,238,239,241,243,244,246,247,248,249,250,:
243:3,107,233,234,235,241,242,244,245,246,247,248,249,250,251,259,265,:
244:98,234,235,241,242,243,245,246,247,248,249,250,251,252,254,258,259,264,265,273,274,:
245:105,107,234,235,241,243,244,246,249,250,251,252,253,258,259,261,264,265,266,267,269,273,274,275,278,:
246:1,3,71,72,73,77,206,234,241,242,243,244,245,247,248,249,250,:
247:1,2,3,72,73,76,77,78,82,83,241,242,243,244,246,248,249,250,:
248:1,2,3,4,23,73,76,77,78,82,83,234,241,242,243,244,246,247,249,250,:
249:83,98,234,235,241,242,243,244,245,246,247,248,250,251,252,253,254,255,257,258,259,265,274,:
250:3,83,234,235,241,242,243,244,245,246,247,248,249,251,252,254,255,258,259,:
251:98,243,244,245,249,250,252,253,254,255,256,257,258,259,260,265,274,:
252:235,244,245,249,250,251,253,254,255,258,259,260,261,262,263,264,265,273,274,:
253:245,249,251,252,254,258,259,260,261,262,264,265,273,274,276,:
254:244,249,250,251,252,253,255,256,257,258,259,:
255:82,83,84,98,249,250,251,252,254,256,257,:
256:82,83,84,251,254,255,257,285,286,287,288,:
257:96,97,98,249,251,254,255,256,:
258:234,235,244,245,249,250,251,252,253,254,259,260,261,262,263,264,265,274,:
259:234,235,236,237,241,243,244,245,249,250,251,252,253,254,258,260,261,263,264,265,274,:
260:235,251,252,253,258,259,261,262,263,264,265,266,:
261:235,245,252,253,258,259,260,262,263,264,265,266,267,268,269,273,274,:
262:252,253,258,260,261,263,264,265,266,267,268,273,274,:
263:235,236,237,252,258,259,260,261,262,264,265,335,336,337,:
264:235,244,245,252,253,258,259,260,261,262,263,265,266,267,268,269,270,271,273,274,:
265:234,235,241,243,244,245,249,251,252,253,258,259,260,261,262,263,264,266,267,269,270,272,273,274,:
266:235,245,260,261,262,264,265,267,268,269,270,271,272,273,274,275,:
267:245,261,262,264,265,266,268,269,270,271,273,274,275,276,277,278,:
268:261,262,264,266,267,269,271,273,274,275,276,277,:
269:107,235,245,261,264,265,266,267,268,270,271,272,273,274,:
270:219,226,227,235,264,265,266,267,269,271,272,:
271:105,107,264,266,267,268,269,270,272,273,274,:
272:107,217,218,219,223,225,226,227,235,265,266,269,270,271,:
273:244,245,252,253,261,262,264,265,266,267,268,269,271,274,275,276,277,278,:
274:105,244,245,249,251,252,253,258,259,261,262,264,265,266,267,268,269,271,273,275,276,278,:
275:245,266,267,268,273,274,276,277,278,:
276:253,267,268,273,274,275,277,278,:
277:267,268,273,275,276,278,:
278:97,98,245,267,273,274,275,276,277,:
279:280,281,282,283,284,285,286,:
280:279,281,282,284,285,:
281:279,280,282,283,284,285,286,287,288,:
282:279,280,281,283,284,285,290,296,:
283:279,281,282,284,289,290,291,294,295,296,298,:
284:279,280,281,282,283,285,286,287,288,:
285:256,279,280,281,282,284,286,287,288,:
286:79,81,84,256,279,281,284,285,287,288,:
287:81,84,256,281,284,285,286,288,:
288:78,79,80,81,82,84,256,281,284,285,286,287,298,:
289:283,290,291,292,293,294,295,296,301,:
290:282,283,289,291,292,294,295,296,:
291:283,289,290,292,293,294,295,296,297,301,:
292:289,290,291,293,294,295,300,301,:
293:289,291,292,294,300,301,302,305,:
294:283,289,290,291,292,293,295,296,297,298,299,:
295:283,289,290,291,292,294,296,297,298,299,:
296:282,283,289,290,291,294,295,297,298,299,:
297:291,294,295,296,298,299,307,:
298:283,288,294,295,296,297,299,:
299:294,295,296,297,298,309,:
300:292,293,301,302,303,304,305,306,308,:
301:289,291,292,293,300,302,303,305,306,308,:
302:293,300,301,303,304,305,306,307,308,315,:
303:300,301,302,304,305,306,314,315,:
304:300,302,303,305,314,315,316,319,320,:
305:293,300,301,302,303,304,306,307,308,309,310,:
306:300,301,302,303,305,307,308,309,310,311,:
307:297,302,305,306,308,309,310,311,312,:
308:300,301,302,305,306,307,309,310,311,312,313,321,:
309:80,299,305,306,307,308,310,311,312,313,:
310:80,305,306,307,308,309,311,312,313,:
311:79,80,306,307,308,309,310,312,313,:
312:75,76,78,79,80,81,307,308,309,310,311,313,:
313:74,75,76,78,79,80,308,309,310,311,312,:
314:303,304,315,316,317,318,319,320,322,:
315:302,303,304,314,316,317,318,319,320,322,:
316:304,314,315,317,318,319,320,321,322,:
317:314,315,316,318,319,320,:
318:314,315,316,317,319,:
319:304,314,315,316,317,318,320,321,322,:
320:304,314,315,316,317,319,321,322,:
321:308,316,319,320,322,:
322:314,315,316,319,320,321,:
323:324,325,326,327,328,329,331,:
324:323,325,326,327,328,329,331,:
325:64,323,324,326,327,328,329,330,331,:
326:63,64,323,324,325,327,328,329,330,331,:
327:63,64,65,323,324,325,326,328,329,330,:
328:323,324,325,326,327,329,330,331,332,333,:
329:323,324,325,326,327,328,330,331,332,333,334,:
330:63,64,65,325,326,327,328,329,331,332,333,334,:
331:323,324,325,326,328,329,330,332,333,334,:
332:47,49,328,329,330,331,333,334,:
333:328,329,330,331,332,334,:
334:329,330,331,332,333,:
335:263,336,337,338,339,340,341,349,358,:
336:263,335,337,338,340,349,:
337:263,335,336,338,339,340,341,342,349,358,:
338:335,336,337,339,340,341,348,349,357,358,363,:
339:237,335,337,338,340,341,348,349,357,358,359,360,362,363,364,367,368,369,371,373,:
340:335,336,337,338,339,341,342,343,345,:
341:335,337,338,339,340,342,343,344,345,346,369,370,:
342:230,337,340,341,343,344,345,346,347,:
343:340,341,342,344,345,346,347,:
344:341,342,343,345,346,347,:
345:340,341,342,343,344,346,347,372,:
346:341,342,343,344,345,347,:
347:342,343,344,345,346,:
348:338,339,349,350,351,352,353,354,355,357,358,363,375,:
349:335,336,337,338,339,348,350,351,353,354,357,358,:
350:348,349,351,352,353,354,355,356,357,358,359,375,:
351:348,349,350,352,353,354,355,357,358,359,360,361,362,363,374,375,381,:
352:348,350,351,353,355,357,358,359,360,361,362,363,365,374,375,376,377,379,380,381,382,385,386,:
353:348,349,350,351,352,354,355,356,357,358,:
354:348,349,350,351,353,355,356,:
355:348,350,351,352,353,354,356,357,358,:
356:350,353,354,355,:
357:338,339,348,349,350,351,352,353,355,358,359,360,361,362,363,375,381,:
358:335,337,338,339,348,349,350,351,352,353,355,357,359,360,362,363,:
359:237,238,239,339,350,351,352,357,358,360,361,362,363,364,381,:
360:238,239,240,339,351,352,357,358,359,361,362,363,364,365,366,367,374,375,380,381,391,:
361:239,351,352,357,359,360,362,363,364,365,366,374,375,380,381,382,383,385,390,391,392,395,396,:
362:238,239,240,339,351,352,357,358,359,360,361,363,364,365,366,367,368,374,375,381,391,:
363:237,238,240,338,339,348,351,352,357,358,359,360,361,362,364,365,367,368,369,373,374,375,:
364:339,359,360,361,362,363,365,366,367,368,369,373,374,375,376,381,391,:
365:352,360,361,362,363,364,366,367,368,374,375,376,377,378,379,380,381,390,391,400,:
366:360,361,362,364,365,367,374,375,376,377,378,380,381,390,391,392,395,399,400,404,:
367:339,360,362,363,364,365,366,368,369,370,371,372,373,374,375,:
368:240,339,362,363,364,365,367,369,370,371,372,373,445,:
369:339,341,363,364,367,368,370,371,372,373,445,:
370:341,367,368,369,371,372,373,445,:
371:339,367,368,369,370,372,373,442,445,:
372:345,367,368,369,370,371,373,441,442,445,:
373:339,363,364,367,368,369,370,371,372,:
374:351,352,360,361,362,363,364,365,366,367,375,376,377,378,379,380,381,391,400,:
375:348,350,351,352,357,360,361,362,363,364,365,366,367,374,376,377,379,380,381,:
376:352,364,365,366,374,375,377,378,379,380,381,382,400,:
377:352,365,366,374,375,376,378,379,380,381,382,383,385,390,391,399,400,:
378:365,366,374,376,377,379,380,381,382,383,384,390,391,399,400,401,402,404,:
379:352,365,374,375,376,377,378,380,381,:
380:352,360,361,365,366,374,375,376,377,378,379,381,382,383,384,385,386,387,390,391,400,:
381:351,352,357,359,360,361,362,364,365,366,374,375,376,377,378,379,380,382,383,385,386,390,391,:
382:352,361,376,377,378,380,381,383,384,385,386,387,388,389,390,391,392,400,:
383:361,377,378,380,381,382,384,385,386,390,391,392,393,394,395,399,400,:
384:378,380,382,383,385,390,391,392,393,394,399,400,402,:
385:352,361,377,380,381,382,383,384,386,387,388,389,390,391,:
386:352,380,381,382,383,385,387,388,389,:
387:380,382,385,386,388,389,:
388:382,385,386,387,389,:
389:382,385,386,387,388,:
390:361,365,366,377,378,380,381,382,383,384,385,391,392,393,394,395,396,398,399,400,:
391:360,361,362,364,365,366,374,377,378,380,381,382,383,384,385,390,392,393,395,396,398,399,400,:
392:361,366,382,383,384,390,391,393,394,395,396,397,398,399,400,401,:
393:383,384,390,391,392,394,395,396,398,399,400,401,402,403,404,436,:
394:383,384,390,392,393,395,399,400,401,402,403,:
395:22,361,366,383,390,391,392,393,394,396,397,398,399,400,436,437,:
396:5,22,23,24,25,361,390,391,392,393,395,397,398,420,:
397:4,5,6,21,22,23,24,25,26,188,392,395,396,398,420,437,:
398:5,22,23,390,391,392,393,395,396,397,420,:
399:366,377,378,383,384,390,391,392,393,394,395,400,401,402,403,404,405,436,:
400:365,366,374,376,377,378,380,382,383,384,390,391,392,393,394,395,399,401,402,404,436,:
401:378,392,393,394,399,400,402,403,404,405,406,407,436,:
402:378,384,393,394,399,400,401,403,404,405,406,:
403:393,394,399,401,402,404,405,406,:
404:366,378,393,399,400,401,402,403,405,406,407,:
405:399,401,402,403,404,406,407,:
406:401,402,403,404,405,407,:
407:401,404,405,406,:
408:409,410,411,412,413,414,:
409:408,410,411,413,414,:
410:408,409,411,412,413,414,415,422,:
411:408,409,410,412,413,414,421,422,430,:
412:408,410,411,413,421,422,423,424,426,429,430,431,434,435,436,:
413:408,409,410,411,412,414,415,416,:
414:190,408,409,410,411,413,415,416,417,:
415:190,191,410,413,414,416,417,418,419,420,:
416:189,190,191,413,414,415,417,418,419,420,436,:
417:188,189,191,414,415,416,418,419,420,:
418:9,188,189,191,415,416,417,419,420,:
419:191,415,416,417,418,420,:
420:25,186,188,189,191,396,397,398,415,416,417,418,419,:
421:411,412,422,423,424,425,426,427,428,429,430,:
422:410,411,412,421,423,424,426,428,429,430,:
423:412,421,422,424,425,426,427,428,429,430,431,:
424:412,421,422,423,425,426,427,428,429,430,431,432,433,434,439,:
425:421,423,424,426,427,429,430,431,432,433,438,439,440,443,444,446,:
426:190,412,421,422,423,424,425,427,428,429,430,:
427:184,189,190,421,423,424,425,426,428,429,430,446,:
428:421,422,423,424,426,427,:
429:412,421,422,423,424,425,426,427,430,431,432,433,434,435,437,439,:
430:411,412,421,422,423,424,425,426,427,429,431,432,434,435,:
431:412,423,424,425,429,430,432,433,434,435,436,437,439,:
432:424,425,429,430,431,433,434,435,438,439,:
433:424,425,429,431,432,434,438,439,440,441,443,:
434:412,424,429,430,431,432,433,435,436,437,:
435:191,412,429,430,431,432,434,436,437,:
436:191,393,395,399,400,401,412,416,431,434,435,437,:
437:189,191,395,397,429,431,434,435,436,:
438:425,432,433,439,440,441,442,443,444,445,:
439:424,425,429,431,432,433,438,440,441,443,444,445,446,:
440:425,433,438,439,441,442,443,444,445,446,:
441:372,433,438,439,440,442,443,444,445,:
442:371,372,438,440,441,443,445,:
443:425,433,438,439,440,441,442,444,445,446,:
444:425,438,439,440,441,443,445,446,:
445:368,369,370,371,372,438,439,440,441,442,443,444,446,:
446:425,427,439,440,443,444,445,:
