1:2,3,4,5,6,8,9,12,18,19,20,74,76,77,:
2:1,3,4,5,6,7,8,18,19,20,76,77,349,350,351,:
3:1,2,4,5,6,7,8,9,10,12,17,18,19,20,28,70,73,74,75,76,77,:
4:1,2,3,5,6,19,20,38,40,307,348,349,350,351,352,:
5:1,2,3,4,6,7,8,9,19,20,75,76,77,348,349,350,351,:
6:1,2,3,4,5,7,8,9,10,18,19,20,75,77,349,:
7:2,3,5,6,8,9,20,75,77,349,:
8:1,2,3,5,6,7,9,10,11,12,18,19,20,21,70,73,75,76,77,:
9:1,3,5,6,7,8,10,11,12,13,17,18,21,70,71,72,73,75,:
10:3,6,8,9,11,12,13,14,15,17,18,21,22,28,68,69,70,71,72,73,:
11:8,9,10,12,13,14,15,16,17,18,21,22,23,24,28,69,71,72,90,93,:
12:1,3,8,9,10,11,13,15,16,17,18,19,21,25,28,67,68,69,70,71,73,:
13:9,10,11,12,14,15,16,17,21,22,23,24,25,26,27,28,69,:
14:10,11,13,15,16,17,21,22,23,24,25,26,27,82,90,162,:
15:10,11,12,13,14,16,17,18,21,22,23,24,25,26,27,28,67,68,69,:
16:11,12,13,14,15,17,22,23,24,25,26,27,28,165,166,168,169,173,227,228,:
17:3,9,10,11,12,13,14,15,16,18,21,25,26,27,28,67,68,69,181,:
18:1,2,3,6,8,9,10,11,12,15,17,19,28,68,70,73,74,76,:
19:1,2,3,4,5,6,8,12,18,74,76,307,:
20:1,2,3,4,5,6,7,8,77,348,349,350,351,:
21:8,9,10,11,12,13,14,15,17,22,23,24,69,71,72,90,91,92,93,:
22:10,11,13,14,15,16,21,23,24,26,27,89,90,91,:
23:11,13,14,15,16,21,22,24,25,26,27,162,:
24:11,13,14,15,16,21,22,23,25,26,27,81,82,86,90,162,163,165,166,:
25:12,13,14,15,16,17,23,24,26,27,28,168,169,173,174,175,178,181,227,228,229,230,:
26:13,14,15,16,17,22,23,24,25,27,28,79,82,162,163,165,166,167,168,169,173,174,175,:
27:13,14,15,16,17,22,23,24,25,26,28,227,228,229,230,:
28:3,10,11,12,13,15,16,17,18,25,26,27,67,68,180,181,:
29:30,31,32,33,34,35,36,37,243,246,:
30:29,31,32,33,34,35,36,242,243,244,245,246,247,:
31:29,30,32,33,34,35,36,37,243,:
32:29,30,31,33,34,35,242,243,:
33:29,30,31,32,34,242,243,244,246,249,:
34:29,30,31,32,33,35,36,37,38,39,243,:
35:29,30,31,32,34,36,37,38,39,40,77,:
36:29,30,31,34,35,37,38,39,40,77,:
37:29,31,34,35,36,38,39,40,61,76,122,125,:
38:4,34,35,36,37,39,40,350,351,:
39:34,35,36,37,38,40,76,127,129,:
40:4,35,36,37,38,39,:
41:42,43,44,45,46,47,:
42:41,43,44,45,46,47,:
43:41,42,44,45,46,47,48,:
44:41,42,43,45,46,47,:
45:41,42,43,44,46,:
46:41,42,43,44,45,47,48,49,110,:
47:41,42,43,44,46,48,49,50,116,119,:
48:43,46,47,49,50,51,52,53,107,371,:
49:46,47,48,50,51,52,53,71,72,93,371,:
50:47,48,49,51,52,53,72,91,92,93,369,370,371,:
51:48,49,50,52,53,93,368,369,370,371,:
52:48,49,50,51,53,72,91,92,93,369,370,371,:
53:48,49,50,51,52,71,72,75,91,92,93,369,370,371,:
54:55,56,57,58,59,60,61,62,63,117,118,:
55:54,56,57,59,60,61,62,63,66,117,118,:
56:54,55,57,58,59,60,61,62,63,64,118,192,193,:
57:54,55,56,58,59,60,61,62,63,64,65,67,184,188,192,193,:
58:54,56,57,59,62,63,64,67,183,184,185,186,188,192,193,194,:
59:54,55,56,57,58,60,61,62,63,74,193,:
60:54,55,56,57,59,61,:
61:37,54,55,56,57,59,60,62,63,74,76,117,118,121,:
62:54,55,56,57,58,59,61,63,64,65,66,67,68,70,74,78,118,184,191,193,:
63:54,55,56,57,58,59,61,62,64,65,66,67,68,70,78,114,115,116,117,118,119,:
64:56,57,58,62,63,65,66,67,68,69,70,78,79,80,169,184,191,:
65:57,62,63,64,66,67,68,69,78,79,80,81,82,83,115,169,191,:
66:55,62,63,64,65,67,68,69,78,79,80,83,114,115,116,118,119,:
67:12,15,17,28,57,58,62,63,64,65,66,68,69,70,71,73,74,78,79,169,184,:
68:10,12,15,17,18,28,62,63,64,65,66,67,69,70,71,72,73,74,75,76,78,79,:
69:10,11,12,13,15,17,21,64,65,66,67,68,70,71,72,73,74,75,78,79,80,81,90,93,:
70:3,8,9,10,12,18,62,63,64,67,68,69,71,72,73,74,75,76,77,119,:
71:9,10,11,12,21,49,53,67,68,69,70,72,73,74,75,77,90,91,93,119,:
72:9,10,11,21,49,50,52,53,68,69,70,71,73,75,90,91,92,93,:
73:3,8,9,10,12,18,67,68,69,70,71,72,74,75,76,77,93,119,:
74:1,3,18,19,59,61,62,67,68,69,70,71,73,75,76,77,119,:
75:3,5,6,7,8,9,53,68,69,70,71,72,73,74,76,77,119,:
76:1,2,3,5,8,18,19,37,39,61,68,70,73,74,75,77,:
77:1,2,3,5,6,7,8,20,35,36,70,71,73,74,75,76,119,:
78:62,63,64,65,66,67,68,69,79,80,81,82,83,84,85,115,166,169,191,:
79:26,64,65,66,67,68,69,78,80,81,82,83,84,165,166,167,168,169,170,:
80:64,65,66,69,78,79,81,82,83,84,85,86,106,115,166,:
81:24,65,69,78,79,80,82,83,84,85,86,87,88,89,90,106,165,166,:
82:14,24,26,65,78,79,80,81,83,84,85,86,87,89,90,95,162,163,165,166,167,169,:
83:65,66,78,79,80,81,82,84,85,106,:
84:78,79,80,81,82,83,85,86,87,88,89,90,94,95,103,105,106,:
85:78,80,81,82,83,84,86,87,88,89,90,94,102,103,104,105,106,107,:
86:24,80,81,82,84,85,87,88,89,90,91,94,95,96,103,106,152,:
87:81,82,84,85,86,88,89,90,94,95,96,97,98,99,103,152,:
88:81,84,85,86,87,89,94,95,96,97,98,102,103,104,106,:
89:22,81,82,84,85,86,87,88,90,91,92,93,94,95,:
90:11,14,21,22,24,69,71,72,81,82,84,85,86,87,89,91,92,93,:
91:21,22,50,52,53,71,72,86,89,90,92,93,:
92:21,50,52,53,72,89,90,91,93,:
93:11,21,49,50,51,52,53,69,71,72,73,89,90,91,92,:
94:84,85,86,87,88,89,95,96,97,98,99,100,101,151,152,:
95:82,84,86,87,88,89,94,96,97,98,99,101,149,151,152,160,162,:
96:86,87,88,94,95,97,98,99,100,101,152,:
97:87,88,94,95,96,98,99,100,101,:
98:87,88,94,95,96,97,99,100,:
99:87,94,95,96,97,98,100,101,152,153,:
100:94,96,97,98,99,101,:
101:94,95,96,97,99,100,151,152,153,:
102:85,88,103,104,105,106,107,108,:
103:84,85,86,87,88,102,104,105,106,107,108,:
104:85,88,102,103,105,106,107,108,109,110,:
105:84,85,102,103,104,106,107,108,114,115,:
106:80,81,83,84,85,86,88,102,103,104,105,107,114,115,:
107:48,85,102,103,104,105,106,108,109,110,111,:
108:102,103,104,105,107,109,110,111,112,113,:
109:104,107,108,110,111,112,113,:
110:46,104,107,108,109,111,112,113,:
111:107,108,109,110,112,113,:
112:108,109,110,111,113,:
113:108,109,110,111,112,:
114:63,66,105,106,115,116,117,118,119,:
115:63,65,66,78,80,105,106,114,116,117,118,119,:
116:47,63,66,114,115,117,118,119,:
117:54,55,61,63,114,115,116,118,119,:
118:54,55,56,61,62,63,66,114,115,116,117,119,:
119:47,63,66,70,71,73,74,75,77,114,115,116,117,118,:
120:121,122,123,124,125,126,:
121:61,120,122,123,124,125,:
122:37,120,121,123,124,125,126,127,:
123:120,121,122,124,125,126,:
124:120,121,122,123,125,126,:
125:37,120,121,122,123,124,126,127,128,129,:
126:120,122,123,124,125,127,128,129,:
127:39,122,125,126,128,129,:
128:125,126,127,129,:
129:39,125,126,127,128,:
130:131,132,133,134,135,136,137,138,373,375,376,:
131:130,132,133,134,135,136,137,372,373,374,375,376,377,:
132:130,131,133,134,135,136,137,138,234,373,376,:
133:130,131,132,134,135,136,138,373,:
134:130,131,132,133,135,138,372,373,376,:
135:130,131,132,133,134,136,137,138,373,:
136:130,131,132,133,135,137,138,234,237,238,239,241,:
137:130,131,132,135,136,138,237,238,239,241,376,:
138:130,132,133,134,135,136,137,225,228,:
139:140,141,142,143,144,145,146,148,149,233,236,:
140:139,141,142,143,144,148,232,233,234,235,236,237,:
141:139,140,142,143,144,145,146,147,148,149,150,233,:
142:139,140,141,143,144,145,146,148,149,150,151,152,153,154,232,233,:
143:139,140,141,142,144,148,149,150,153,154,232,233,234,236,237,:
144:139,140,141,142,143,145,146,147,148,149,240,:
145:139,141,142,144,146,147,148,149,:
146:139,141,142,144,145,147,149,:
147:141,144,145,146,240,:
148:139,140,141,142,143,144,145,149,150,151,152,153,154,160,161,233,:
149:95,139,141,142,143,144,145,146,148,150,151,152,153,154,160,:
150:141,142,143,148,149,151,152,153,154,155,160,161,162,224,233,:
151:94,95,101,142,148,149,150,152,153,154,160,161,162,163,164,224,:
152:86,87,94,95,96,99,101,142,148,149,150,151,153,160,161,162,:
153:99,101,142,143,148,149,150,151,152,154,155,156,157,159,160,161,224,:
154:142,143,148,149,150,151,153,155,156,157,158,159,:
155:150,153,154,156,157,158,159,:
156:153,154,155,157,158,159,:
157:153,154,155,156,158,159,:
158:154,155,156,157,159,:
159:153,154,155,156,157,158,:
160:95,148,149,150,151,152,153,161,162,163,164,165,166,221,224,:
161:148,150,151,152,153,160,162,163,164,165,220,221,222,223,224,225,:
162:14,23,24,26,82,95,150,151,152,160,161,163,164,165,166,167,221,:
163:24,26,82,151,160,161,162,164,165,166,167,168,170,172,220,221,:
164:151,160,161,162,163,165,166,167,170,172,208,209,220,221,222,223,224,225,:
165:16,24,26,79,81,82,160,161,162,163,164,166,167,168,169,170,171,172,173,174,221,:
166:16,24,26,78,79,80,81,82,160,162,163,164,165,167,168,169,170,172,173,:
167:26,79,82,162,163,164,165,166,168,169,170,171,172,173,174,175,201,:
168:16,25,26,79,163,165,166,167,169,170,171,172,173,174,175,176,177,178,183,201,:
169:16,25,26,64,65,67,78,79,82,165,166,167,168,170,171,173,174,175,176,183,184,189,:
170:79,163,164,165,166,167,168,169,171,172,173,174,:
171:165,167,168,169,170,172,173,174,177,189,198,201,:
172:163,164,165,166,167,168,170,171,214,:
173:16,25,26,165,166,167,168,169,170,171,174,175,176,177,178,179,183,184,198,200,201,:
174:25,26,165,167,168,169,170,171,173,175,176,177,178,197,198,199,200,201,202,:
175:25,26,167,168,169,173,174,176,177,178,179,180,181,183,184,185,198,201,:
176:168,169,173,174,175,177,178,179,180,183,184,185,186,188,189,198,:
177:168,171,173,174,175,176,178,179,183,184,185,186,188,189,197,198,199,201,204,:
178:25,168,173,174,175,176,177,179,180,181,182,183,184,201,229,230,231,:
179:173,175,176,177,178,180,181,182,183,184,:
180:28,175,176,178,179,181,182,183,184,:
181:17,25,28,175,178,179,180,182,184,:
182:178,179,180,181,184,:
183:58,168,169,173,175,176,177,178,179,180,184,185,186,187,188,189,190,192,193,:
184:57,58,62,64,67,169,173,175,176,177,178,179,180,181,182,183,185,186,187,188,189,192,193,:
185:58,175,176,177,183,184,186,187,188,189,190,191,192,193,194,:
186:58,176,177,183,184,185,187,188,189,190,192,193,194,195,:
187:183,184,185,186,188,190,192,193,194,195,:
188:57,58,176,177,183,184,185,186,187,189,190,191,192,193,:
189:169,171,176,177,183,184,185,186,188,190,191,:
190:183,185,186,187,188,189,191,192,193,:
191:62,64,65,78,185,188,189,190,:
192:56,57,58,183,184,185,186,187,188,190,193,194,195,196,:
193:56,57,58,59,62,183,184,185,186,187,188,190,192,194,195,196,:
194:58,185,186,187,192,193,195,196,:
195:186,187,192,193,194,196,:
196:192,193,194,195,:
197:174,177,198,199,200,201,202,203,204,205,206,207,:
198:171,173,174,175,176,177,197,199,200,201,202,203,204,206,:
199:174,177,197,198,200,201,202,203,204,205,206,207,208,:
200:173,174,197,198,199,201,202,203,204,205,206,207,208,209,210,211,212,220,:
201:167,168,171,173,174,175,177,178,197,198,199,200,202,205,206,207,208,209,210,220,221,226,:
202:174,197,198,199,200,201,203,204,205,206,207,:
203:197,198,199,200,202,204,205,:
204:177,197,198,199,200,202,203,205,:
205:197,199,200,201,202,203,204,206,207,210,231,:
206:197,198,199,200,201,202,205,207,208,209,210,211,212,213,214,220,221,:
207:197,199,200,201,202,205,206,208,209,210,211,212,213,214,215,:
208:164,199,200,201,206,207,209,210,211,212,213,214,220,221,222,:
209:164,200,201,206,207,208,210,211,212,220,221,222,223,224,225,226,:
210:200,201,205,206,207,208,209,211,220,221,222,223,225,226,:
211:200,206,207,208,209,210,212,213,214,215,216,220,221,:
212:200,206,207,208,209,211,213,214,215,216,217,:
213:206,207,208,211,212,214,215,216,217,218,:
214:172,206,207,208,211,212,213,215,216,217,218,219,:
215:207,211,212,213,214,216,217,218,219,:
216:211,212,213,214,215,217,218,219,:
217:212,213,214,215,216,218,219,:
218:213,214,215,216,217,219,:
219:214,215,216,217,218,:
220:161,163,164,200,201,206,208,209,210,211,221,222,223,224,225,226,:
221:160,161,162,163,164,165,201,206,208,209,210,211,220,222,223,224,225,226,:
222:161,164,208,209,210,220,221,223,224,225,226,227,:
223:161,164,209,210,220,221,222,224,225,226,:
224:150,151,153,160,161,164,209,220,221,222,223,225,:
225:138,161,164,209,210,220,221,222,223,224,226,227,228,229,:
226:201,209,210,220,221,222,223,225,227,228,229,230,231,:
227:16,25,27,222,225,226,228,229,230,231,:
228:16,25,27,138,225,226,227,229,230,231,:
229:25,27,178,225,226,227,228,230,231,381,:
230:25,27,178,226,227,228,229,231,381,:
231:178,205,226,227,228,229,230,:
232:140,142,143,233,234,235,236,237,238,:
233:139,140,141,142,143,148,150,232,234,235,236,237,:
234:132,136,140,143,232,233,235,236,237,238,239,:
235:140,232,233,234,236,237,238,:
236:139,140,143,232,233,234,235,237,238,:
237:136,137,140,143,232,233,234,235,236,238,239,240,241,:
238:136,137,232,234,235,236,237,239,240,241,394,:
239:136,137,234,237,238,240,241,393,394,395,396,:
240:144,147,237,238,239,241,393,394,395,396,:
241:136,137,237,238,239,240,391,392,393,394,395,396,:
242:30,32,33,243,244,245,246,247,248,249,250,251,252,:
243:29,30,31,32,33,34,242,244,245,246,247,248,249,:
244:30,33,242,243,245,246,247,248,249,250,251,252,253,357,364,:
245:30,242,243,244,246,247,248,250,251,252,253,254,255,357,:
246:29,30,33,242,243,244,245,247,250,251,252,253,254,255,:
247:30,242,243,244,245,246,248,249,250,251,252,:
248:242,243,244,245,247,249,250,364,367,368,369,371,:
249:33,242,243,244,247,248,250,367,368,369,371,:
250:242,244,245,246,247,248,249,251,252,255,346,349,:
251:242,244,245,246,247,250,252,253,254,255,256,257,354,357,:
252:242,244,245,246,247,250,251,253,254,255,353,354,356,357,:
253:244,245,246,251,252,254,255,256,257,258,354,357,:
254:245,246,251,252,253,255,256,257,258,259,260,261,263,264,354,:
255:245,246,250,251,252,253,254,256,257,258,259,261,264,343,344,346,353,354,357,:
256:251,253,254,255,257,258,259,260,261,262,263,264,:
257:251,253,254,255,256,258,259,260,261,262,263,264,:
258:253,254,255,256,257,259,260,261,262,263,264,:
259:254,255,256,257,258,260,261,262,263,264,:
260:254,256,257,258,259,261,262,263,:
261:254,255,256,257,258,259,260,262,263,264,340,:
262:256,257,258,259,260,261,263,264,:
263:254,256,257,258,259,260,261,262,264,:
264:254,255,256,257,258,259,261,262,263,347,352,:
265:266,267,268,269,270,271,272,274,275,363,366,:
266:265,267,268,269,270,274,362,363,364,365,366,367,:
267:265,266,268,269,270,271,272,273,274,275,276,363,:
268:265,266,267,269,270,271,272,274,275,276,277,278,279,280,362,363,:
269:265,266,267,268,270,274,275,276,279,280,355,356,362,363,364,366,367,:
270:265,266,267,268,269,271,272,273,274,275,370,:
271:265,267,268,270,272,273,274,275,:
272:265,267,268,270,271,273,275,:
273:267,270,271,272,370,:
274:265,266,267,268,269,270,271,275,276,277,278,279,280,286,287,363,:
275:265,267,268,269,270,271,272,274,276,277,278,279,280,286,:
276:267,268,269,274,275,277,278,279,280,281,286,287,288,345,363,:
277:268,274,275,276,278,279,280,286,287,288,289,290,345,:
278:268,274,275,276,277,279,286,287,288,429,430,:
279:268,269,274,275,276,277,278,280,281,282,283,285,286,287,345,:
280:268,269,274,275,276,277,279,281,282,283,284,285,359,:
281:276,279,280,282,283,284,285,:
282:279,280,281,283,284,285,:
283:279,280,281,282,284,285,359,360,:
284:280,281,282,283,285,:
285:279,280,281,282,283,284,358,359,360,361,:
286:274,275,276,277,278,279,287,288,289,290,291,292,342,345,:
287:274,276,277,278,279,286,288,289,290,291,341,342,343,344,345,346,:
288:276,277,278,286,287,289,290,291,292,293,342,425,:
289:277,286,287,288,290,291,292,293,294,296,298,341,342,425,:
290:277,286,287,288,289,291,292,293,296,298,341,342,343,344,345,346,:
291:286,287,288,289,290,292,293,294,295,296,297,298,299,300,342,422,424,425,:
292:286,288,289,290,291,293,294,295,296,298,299,421,422,423,424,425,:
293:288,289,290,291,292,294,295,296,297,298,299,300,301,336,422,425,:
294:289,291,292,293,295,296,297,298,299,300,301,302,303,304,309,336,422,:
295:291,292,293,294,296,297,299,300,301,302,309,310,315,407,408,410,421,422,425,:
296:289,290,291,292,293,294,295,297,298,299,300,422,:
297:291,293,294,295,296,298,299,300,303,315,333,336,:
298:289,290,291,292,293,294,296,297,:
299:291,292,293,294,295,296,297,300,301,302,303,304,305,309,310,333,335,336,:
300:291,293,294,295,296,297,299,301,302,303,304,332,333,334,335,336,337,:
301:293,294,295,299,300,302,303,304,305,306,307,309,310,311,333,336,:
302:294,295,299,300,301,303,304,305,306,309,310,311,312,314,315,331,333,:
303:294,297,299,300,301,302,304,305,309,310,311,312,314,315,331,332,333,334,336,339,:
304:294,299,300,301,302,303,305,306,307,308,309,310,336,350,351,352,:
305:299,301,302,303,304,306,307,308,309,310,330,331,:
306:301,302,304,305,307,308,309,310,:
307:4,19,301,304,305,306,308,310,:
308:304,305,306,307,310,318,319,320,323,:
309:294,295,299,301,302,303,304,305,306,310,311,312,313,314,315,316,401,:
310:295,299,301,302,303,304,305,306,307,308,309,311,312,313,314,315,400,401,405,407,410,:
311:301,302,303,309,310,312,313,314,315,316,317,319,401,:
312:302,303,309,310,311,313,314,315,316,318,319,325,401,:
313:309,310,311,312,314,316,318,319,324,325,328,331,:
314:302,303,309,310,311,312,313,315,316,317,400,401,:
315:295,297,302,303,309,310,311,312,314,316,317,:
316:309,311,312,313,314,315,317,:
317:311,314,315,316,405,407,408,421,:
318:308,312,313,319,320,321,322,323,324,325,:
319:308,311,312,313,318,320,321,322,323,324,325,326,328,331,:
320:308,318,319,321,322,323,324,325,326,:
321:318,319,320,322,323,324,325,326,327,328,329,330,:
322:318,319,320,321,323,324,325,326,327,329,330,:
323:308,318,319,320,321,322,324,325,:
324:313,318,319,320,321,322,323,325,326,327,328,329,330,331,:
325:312,313,318,319,320,321,322,323,324,326,327,328,329,330,331,:
326:319,320,321,322,324,325,327,328,329,330,331,:
327:321,322,324,325,326,328,329,330,331,:
328:313,319,321,324,325,326,327,329,331,:
329:321,322,324,325,326,327,328,330,331,338,339,:
330:305,321,322,324,325,326,327,329,331,338,339,:
331:302,303,305,313,319,324,325,326,327,328,329,330,333,338,339,:
332:300,303,333,334,335,336,337,338,339,340,:
333:297,299,300,301,302,303,331,332,334,335,336,337,338,339,:
334:300,303,332,333,335,336,337,338,339,340,:
335:299,300,332,333,334,336,337,338,339,340,341,:
336:293,294,297,299,300,301,303,304,332,333,334,335,337,340,341,342,347,:
337:300,332,333,334,335,336,338,339,340,:
338:329,330,331,332,333,334,335,337,339,340,:
339:303,329,330,331,332,333,334,335,337,338,340,:
340:261,332,334,335,336,337,338,339,352,:
341:287,289,290,335,336,342,343,344,345,346,347,353,354,:
342:286,287,288,289,290,291,336,341,343,344,345,346,347,353,:
343:255,287,290,341,342,344,345,346,347,348,353,354,355,:
344:255,287,290,341,342,343,345,346,347,353,354,355,356,358,359,:
345:276,277,279,286,287,290,341,342,343,344,346,353,354,355,358,359,:
346:250,255,287,290,341,342,343,344,345,347,348,349,350,353,354,:
347:264,336,341,342,343,344,346,348,349,350,351,352,:
348:4,5,20,343,346,347,349,350,351,352,:
349:2,4,5,6,7,20,250,346,347,348,350,351,352,:
350:2,4,5,20,38,304,346,347,348,349,351,352,:
351:2,4,5,20,38,304,347,348,349,350,352,:
352:4,264,304,340,347,348,349,350,351,:
353:252,255,341,342,343,344,345,346,354,355,356,357,358,359,360,361,362,363,:
354:251,252,253,254,255,341,343,344,345,346,353,355,356,357,358,359,362,:
355:269,343,344,345,353,354,356,357,358,359,360,361,362,363,364,:
356:252,269,344,353,354,355,357,358,359,361,362,363,364,365,366,367,:
357:244,245,251,252,253,255,353,354,355,356,358,361,362,363,364,365,:
358:285,344,345,353,354,355,356,357,359,360,361,362,363,:
359:280,283,285,344,345,353,354,355,356,358,360,361,:
360:283,285,353,355,358,359,361,:
361:285,353,355,356,357,358,359,360,362,363,:
362:266,268,269,353,354,355,356,357,358,361,363,364,365,366,367,368,:
363:265,266,267,268,269,274,276,353,355,356,357,358,361,362,364,365,366,367,:
364:244,248,266,269,355,356,357,362,363,365,366,367,368,369,:
365:266,356,357,362,363,364,366,367,368,:
366:265,266,269,356,362,363,364,365,367,368,:
367:248,249,266,269,356,362,363,364,365,366,368,369,370,371,:
368:51,248,249,362,364,365,366,367,369,370,371,:
369:50,51,52,53,248,249,364,367,368,370,371,:
370:50,51,52,53,270,273,367,368,369,371,:
371:48,49,50,51,52,53,248,249,367,368,369,370,:
372:131,134,373,374,375,376,377,378,379,380,:
373:130,131,132,133,134,135,372,374,375,376,377,378,379,:
374:131,372,373,375,376,377,378,379,380,:
375:130,131,372,373,374,376,377,378,:
376:130,131,132,134,137,372,373,374,375,377,:
377:131,372,373,374,375,376,378,379,380,381,382,:
378:372,373,374,375,377,379,380,381,382,383,420,:
379:372,373,374,377,378,380,381,382,383,420,:
380:372,374,377,378,379,381,382,383,404,419,:
381:229,230,377,378,379,380,382,383,:
382:377,378,379,380,381,383,419,:
383:378,379,380,381,382,:
384:385,386,387,388,389,390,:
385:384,386,387,388,389,390,:
386:384,385,387,388,389,390,391,:
387:384,385,386,388,389,390,:
388:384,385,386,387,389,:
389:384,385,386,387,388,390,391,392,:
390:384,385,386,387,389,391,392,393,:
391:241,386,389,390,392,393,394,395,396,:
392:241,389,390,391,393,394,395,396,414,415,436,:
393:239,240,241,390,391,392,394,395,396,415,434,435,436,:
394:238,239,240,241,391,392,393,395,396,436,:
395:239,240,241,391,392,393,394,396,415,434,435,436,:
396:239,240,241,391,392,393,394,395,414,415,418,434,435,436,:
397:398,399,400,401,402,403,404,405,406,:
398:397,399,400,402,403,404,405,406,409,:
399:397,398,400,401,402,403,404,405,406,407,:
400:310,314,397,398,399,401,402,403,404,405,406,407,408,410,:
401:309,310,311,312,314,397,399,400,402,405,406,407,410,:
402:397,398,399,400,401,403,404,405,406,417,:
403:397,398,399,400,402,404,:
404:380,397,398,399,400,402,403,405,406,417,419,:
405:310,317,397,398,399,400,401,402,404,406,407,408,409,410,411,413,417,421,:
406:397,398,399,400,401,402,404,405,407,408,409,410,411,413,421,:
407:295,310,317,399,400,401,405,406,408,409,410,411,412,413,421,422,423,:
408:295,317,400,405,406,407,409,410,411,412,421,422,423,424,425,426,:
409:398,405,406,407,408,410,411,412,421,422,423,426,:
410:295,310,400,401,405,406,407,408,409,411,412,413,414,416,417,421,422,:
411:405,406,407,408,409,410,412,413,414,415,416,417,418,419,421,422,:
412:407,408,409,410,411,413,414,415,416,417,418,421,422,423,424,433,436,:
413:405,406,407,410,411,412,414,415,416,417,418,419,420,:
414:392,396,410,411,412,413,415,416,417,418,420,433,434,436,:
415:392,393,395,396,411,412,413,414,416,418,433,434,435,436,:
416:410,411,412,413,414,415,417,418,419,420,436,:
417:402,404,405,410,411,412,413,414,416,418,419,420,:
418:396,411,412,413,414,415,416,417,419,420,:
419:380,382,404,411,413,416,417,418,420,:
420:378,379,413,414,416,417,418,419,:
421:292,295,317,405,406,407,408,409,410,411,412,422,423,424,425,426,427,428,:
422:291,292,293,294,295,296,407,408,409,410,411,412,421,423,424,425,426,427,:
423:292,407,408,409,412,421,422,424,425,426,427,428,429,:
424:291,292,408,412,421,422,423,425,426,427,428,429,430,431,432,433,:
425:288,289,291,292,293,295,408,421,422,423,424,426,427,428,429,430,432,433,:
426:408,409,421,422,423,424,425,427,428,:
427:421,422,423,424,425,426,428,429,430,431,432,433,:
428:421,423,424,425,426,427,429,430,431,432,433,:
429:278,423,424,425,427,428,430,431,432,433,434,:
430:278,424,425,427,428,429,431,432,433,:
431:424,427,428,429,430,432,:
432:424,425,427,428,429,430,431,433,434,435,436,:
433:412,414,415,424,425,427,428,429,430,432,434,435,436,:
434:393,395,396,414,415,429,432,433,435,436,:
435:393,395,396,415,432,433,434,436,:
436:392,393,394,395,396,412,414,415,416,432,433,434,435,:
