1:2,3,4,5,6,7,8,10,22,23,24,25,32,140,198,221,391,:
2:1,3,4,5,6,7,11,12,13,16,17,22,23,24,31,32,196,198,391,:
3:1,2,4,5,6,10,11,12,13,16,17,22,23,24,31,32,33,196,198,326,:
4:1,2,3,5,6,7,9,10,11,12,13,22,23,24,28,32,198,229,323,324,325,326,:
5:1,2,3,4,6,7,8,9,10,22,23,24,25,26,27,28,326,432,:
6:1,2,3,4,5,7,8,9,10,22,23,24,25,26,28,432,434,:
7:1,2,4,5,6,8,9,10,22,25,26,27,28,132,244,434,:
8:1,5,6,7,9,10,25,26,27,28,243,:
9:4,5,6,7,8,10,25,26,27,28,289,:
10:1,3,4,5,6,7,8,9,24,25,26,27,28,229,230,289,:
11:2,3,4,12,13,14,16,17,23,24,29,31,32,33,57,325,326,:
12:2,3,4,11,13,16,17,24,29,32,33,323,324,325,326,476,:
13:2,3,4,11,12,16,17,23,24,33,55,57,59,93,195,196,198,:
14:11,15,16,17,18,19,20,21,29,30,31,32,33,486,487,488,492,:
15:14,16,17,18,19,20,21,29,30,31,32,388,391,393,424,425,430,436,487,492,498,:
16:2,3,11,12,13,14,15,17,20,23,29,30,31,32,33,326,388,391,:
17:2,3,11,12,13,14,15,16,23,29,30,31,32,33,54,55,57,326,:
18:14,15,19,20,21,29,30,424,435,436,441,481,485,486,487,488,489,491,492,498,500,:
19:14,15,18,20,21,29,30,31,388,392,393,436,487,488,489,491,492,493,496,497,498,:
20:14,15,16,18,19,21,29,30,392,393,424,435,436,486,487,491,492,497,498,:
21:14,15,18,19,20,368,385,392,393,395,396,424,425,426,435,436,437,441,492,498,:
22:1,2,3,4,5,6,7,23,25,130,131,132,139,140,141,221,391,:
23:1,2,3,4,5,6,11,13,16,17,22,31,32,33,140,196,197,198,391,:
24:1,2,3,4,5,6,10,11,12,13,28,198,229,321,323,324,325,326,:
25:1,5,6,7,8,9,10,22,26,129,130,131,132,221,244,:
26:5,6,7,8,9,10,25,27,243,547,548,:
27:5,7,8,9,10,26,28,288,289,290,291,:
28:4,5,6,7,8,9,10,24,27,229,289,319,320,321,322,323,324,:
29:11,12,14,15,16,17,18,19,20,30,31,32,33,326,424,476,481,486,487,488,492,:
30:14,15,16,17,18,19,20,29,31,32,33,486,487,488,489,491,492,498,:
31:2,3,11,14,15,16,17,19,23,29,30,32,33,140,388,389,391,:
32:1,2,3,4,11,12,14,15,16,17,23,29,30,31,33,325,326,391,430,432,:
33:3,11,12,13,14,16,17,23,29,30,31,32,54,55,56,57,58,59,:
34:35,36,37,38,39,40,41,42,48,:
35:34,36,37,38,39,41,42,469,471,:
36:34,35,37,38,39,40,41,42,43,48,:
37:34,35,36,38,39,40,41,42,43,44,45,46,47,48,479,:
38:34,35,36,37,39,40,42,43,44,45,48,471,472,474,475,476,478,479,482,:
39:34,35,36,37,38,40,41,42,475,:
40:34,36,37,38,39,41,42,45,78,81,87,88,:
41:34,35,36,37,39,40,405,:
42:34,35,36,37,38,39,40,43,44,45,46,47,48,49,50,479,:
43:36,37,38,42,44,45,46,47,48,49,50,51,479,482,:
44:37,38,42,43,45,46,47,48,49,50,51,52,53,54,88,482,:
45:37,38,40,42,43,44,46,47,48,49,50,51,52,54,80,81,87,88,89,91,92,:
46:37,42,43,44,45,47,48,49,50,482,511,513,:
47:37,42,43,44,45,46,48,:
48:34,36,37,38,42,43,44,45,46,47,:
49:42,43,44,45,46,50,51,52,53,54,55,61,62,88,481,482,:
50:42,43,44,45,46,49,51,52,53,54,479,481,482,486,488,511,:
51:43,44,45,49,50,52,53,54,55,56,57,61,62,63,88,91,482,:
52:44,45,49,50,51,53,54,55,56,57,58,61,62,63,64,65,66,67,68,91,:
53:44,49,50,51,52,54,55,56,61,62,63,66,67,488,490,510,512,:
54:17,33,44,45,49,50,51,52,53,55,56,57,58,59,61,62,91,92,482,488,:
55:13,17,33,49,51,52,53,54,56,57,58,59,60,61,62,91,:
56:33,51,52,53,54,55,57,58,59,60,61,62,63,64,164,:
57:11,13,17,33,51,52,54,55,56,58,59,60,61,62,90,91,93,107,:
58:33,52,54,55,56,57,59,60,61,62,63,64,65,69,75,76,162,164,:
59:13,33,54,55,56,57,58,60,62,65,106,107,108,195,:
60:55,56,57,58,59,64,65,75,76,106,107,108,:
61:49,51,52,53,54,55,56,57,58,62,63,64,65,66,67,68,69,70,91,:
62:49,51,52,53,54,55,56,57,58,59,61,63,64,65,66,67,68,69,90,91,99,105,107,:
63:51,52,53,56,58,61,62,64,65,66,67,68,69,70,71,:
64:52,56,58,60,61,62,63,65,66,67,68,69,70,71,72,73,74,75,107,:
65:52,58,59,60,61,62,63,64,66,68,69,70,71,72,91,99,100,106,107,:
66:52,53,61,62,63,64,65,67,68,69,70,:
67:52,53,61,62,63,64,66,68,512,:
68:52,61,62,63,64,65,66,67,69,105,:
69:58,61,62,63,64,65,66,68,70,71,72,73,74,75,76,77,107,:
70:61,63,64,65,66,69,71,72,73,74,75,76,:
71:63,64,65,69,70,72,73,74,75,76,77,107,110,:
72:64,65,69,70,71,73,74,75,76,77,110,:
73:64,69,70,71,72,74,77,:
74:64,69,70,71,72,73,75,76,77,:
75:58,60,64,69,70,71,72,74,76,77,:
76:58,60,69,70,71,72,74,75,77,174,:
77:69,71,72,73,74,75,76,110,:
78:40,79,80,81,82,83,84,86,87,88,:
79:78,80,81,82,83,84,177,:
80:45,78,79,81,82,83,84,85,86,87,88,89,177,:
81:40,45,78,79,80,82,83,84,87,88,89,90,91,92,176,177,:
82:78,79,80,81,83,87,88,89,90,92,95,98,176,177,178,179,180,:
83:78,79,80,81,82,84,85,86,87,88,:
84:78,79,80,81,83,85,86,:
85:80,83,84,86,:
86:78,80,83,84,85,:
87:40,45,78,80,81,82,83,88,89,90,91,92,93,97,98,177,:
88:40,44,45,49,51,78,80,81,82,83,87,89,90,91,92,97,:
89:45,80,81,82,87,88,90,91,92,93,94,95,96,97,98,99,177,180,:
90:57,62,81,82,87,88,89,91,92,93,97,98,99,100,102,103,105,180,:
91:45,51,52,54,55,57,61,62,65,81,87,88,89,90,92,93,97,98,99,100,102,103,105,107,:
92:45,54,81,82,87,88,89,90,91,93,94,95,96,97,98,:
93:13,57,87,89,90,91,92,94,95,96,97,98,312,:
94:89,92,93,95,96,98,180,311,312,:
95:82,89,92,93,94,96,309,310,311,312,:
96:89,92,93,94,95,98,179,180,181,184,185,190,311,312,:
97:87,88,89,90,91,92,93,98,99,100,101,102,103,105,106,107,179,180,191,:
98:82,87,89,90,91,92,93,94,96,97,99,100,101,102,103,177,178,179,180,181,183,184,190,191,:
99:62,65,89,90,91,97,98,100,101,102,103,104,105,106,107,108,180,191,:
100:65,90,91,97,98,99,101,102,103,106,107,108,109,110,190,191,:
101:97,98,99,100,102,106,107,108,109,180,183,184,186,189,190,191,192,194,:
102:90,91,97,98,99,100,101,103,104,105,106,107,180,:
103:90,91,97,98,99,100,102,104,105,:
104:99,102,103,105,:
105:62,68,90,91,97,99,102,103,104,:
106:59,60,65,97,99,100,101,102,107,108,109,110,191,:
107:57,59,60,62,64,65,69,71,91,97,99,100,101,102,106,108,109,110,:
108:59,60,99,100,101,106,107,109,110,191,194,:
109:100,101,106,107,108,110,:
110:71,72,77,100,106,107,108,109,:
111:112,113,114,115,116,117,118,119,:
112:111,113,114,115,116,117,118,119,120,128,217,218,219,220,:
113:111,112,114,115,116,117,118,119,120,121,123,127,128,133,134,219,220,:
114:111,112,113,115,116,117,118,119,120,121,127,128,133,134,135,137,138,220,:
115:111,112,113,114,116,117,118,141,173,174,175,218,219,220,:
116:111,112,113,114,115,117,173,175,:
117:111,112,113,114,115,116,:
118:111,112,113,114,115,119,120,121,122,123,124,125,127,128,134,217,219,220,:
119:111,112,113,114,118,120,121,123,124,125,126,127,128,215,217,219,220,:
120:112,113,114,118,119,121,122,123,124,125,126,127,128,129,134,:
121:113,114,118,119,120,122,123,124,125,127,128,129,130,132,133,134,:
122:118,120,121,123,124,125,127,128,129,130,132,134,:
123:113,118,119,120,121,122,124,125,126,127,128,:
124:118,119,120,121,122,123,125,126,127,:
125:118,119,120,121,122,123,124,126,127,:
126:119,120,123,124,125,:
127:113,114,118,119,120,121,122,123,124,125,128,129,130,131,132,133,134,217,219,220,221,:
128:112,113,114,118,119,120,121,122,123,127,129,130,131,132,133,134,217,219,220,221,:
129:25,120,121,122,127,128,130,131,132,133,134,135,220,221,381,:
130:22,25,121,122,127,128,129,131,132,133,134,135,136,137,138,139,220,221,380,381,384,:
131:22,25,127,128,129,130,132,133,134,135,136,138,139,377,378,380,381,383,384,391,:
132:7,22,25,121,122,127,128,129,130,131,133,134,220,221,548,:
133:113,114,121,127,128,129,130,131,132,134,135,136,137,138,139,140,141,142,143,220,221,384,:
134:113,114,118,120,121,122,127,128,129,130,131,132,133,135,136,137,138,139,141,220,221,:
135:114,129,130,131,133,134,136,137,138,139,140,141,142,143,144,384,389,390,:
136:130,131,133,134,135,137,138,139,142,143,144,145,146,380,384,389,390,:
137:114,130,133,134,135,136,138,142,143,144,145,146,:
138:114,130,131,133,134,135,136,137,139,140,141,142,143,146,161,163,221,389,390,:
139:22,130,131,133,134,135,136,138,140,141,161,163,220,221,389,:
140:1,22,23,31,133,135,138,139,141,143,161,163,221,388,389,390,391,:
141:22,115,133,134,135,138,139,140,163,174,218,219,220,221,:
142:133,135,136,137,138,143,144,145,146,380,382,383,384,386,387,389,390,:
143:133,135,136,137,138,140,142,144,145,146,380,383,384,385,386,387,388,389,390,391,:
144:135,136,137,142,143,145,146,382,387,389,390,:
145:136,137,142,143,144,146,147,148,157,:
146:136,137,138,142,143,144,145,147,148,156,157,158,159,390,:
147:145,146,148,149,150,151,152,153,154,155,156,157,:
148:145,146,147,149,150,152,153,154,156,157,:
149:147,148,150,151,152,153,154,155,156,157,158,:
150:147,148,149,151,152,153,155,156,157,158,159,161,:
151:147,149,150,152,155,156,157,158,159,160,520,:
152:147,148,149,150,151,153,154,155,156,157,497,533,:
153:147,148,149,150,152,154,155,530,531,532,533,534,:
154:147,148,149,152,153,155,496,497,528,529,530,531,532,533,534,:
155:147,149,150,151,152,153,154,156,157,493,495,519,520,522,523,528,533,:
156:146,147,148,149,150,151,152,155,157,158,159,160,161,162,163,164,:
157:145,146,147,148,149,150,151,152,155,156,158,159,161,162,390,:
158:146,149,150,151,156,157,159,160,161,162,163,164,:
159:146,150,151,156,157,158,160,161,162,163,166,173,175,:
160:151,156,158,159,161,163,165,166,170,171,173,174,175,:
161:138,139,140,150,156,157,158,159,160,162,163,164,390,:
162:58,156,157,158,159,161,163,164,498,:
163:138,139,140,141,156,158,159,160,161,162,164,173,174,175,:
164:56,58,156,158,161,162,163,519,520,521,:
165:160,166,167,168,169,170,171,172,173,175,:
166:159,160,165,167,168,170,171,173,174,175,:
167:165,166,168,169,170,171,172,173,175,:
168:165,166,167,169,170,171,:
169:165,167,168,170,:
170:160,165,166,167,168,169,171,172,173,174,175,:
171:160,165,166,167,168,170,172,173,174,175,:
172:165,167,170,171,173,174,175,:
173:115,116,159,160,163,165,166,167,170,171,172,174,175,:
174:76,115,141,160,163,166,170,171,172,173,175,:
175:115,116,159,160,163,165,166,167,170,171,172,173,174,:
176:81,82,177,178,179,180,181,182,:
177:79,80,81,82,87,89,98,176,178,179,180,:
178:82,98,176,177,179,180,181,182,183,:
179:82,96,97,98,176,177,178,180,181,182,183,184,185,186,187,:
180:82,89,90,94,96,97,98,99,101,102,176,177,178,179,181,182,183,184,191,:
181:96,98,176,178,179,180,182,183,184,185,186,187,189,190,191,:
182:176,178,179,180,181,183,184,185,186,187,223,:
183:98,101,178,179,180,181,182,184,185,186,187,188,189,190,191,192,:
184:96,98,101,179,180,181,182,183,185,186,187,190,191,192,193,194,195,199,200,223,:
185:96,179,181,182,183,184,186,190,191,192,193,199,200,222,223,224,226,227,:
186:101,179,181,182,183,184,185,187,188,189,190,191,:
187:179,181,182,183,184,186,188,189,:
188:183,186,187,189,:
189:101,181,183,186,187,188,:
190:96,98,100,101,181,183,184,185,186,191,192,193,194,195,196,199,200,223,:
191:97,98,99,100,101,106,108,180,181,183,184,185,186,190,192,193,194,195,199,:
192:101,183,184,185,190,191,193,194,195,196,197,198,199,200,201,223,226,:
193:184,185,190,191,192,194,195,196,197,198,199,200,201,202,203,204,205,206,226,:
194:101,108,184,190,191,192,193,195,196,197,199,200,201,202,204,205,206,:
195:13,59,184,190,191,192,193,194,196,197,198,199,200,:
196:2,3,13,23,190,192,193,194,195,197,198,199,200,:
197:23,192,193,194,195,196,198,199,:
198:1,2,3,4,13,23,24,192,193,195,196,197,199,200,226,230,:
199:184,185,190,191,192,193,194,195,196,197,198,200,201,202,203,204,205,206,208,209,225,226,240,:
200:184,185,190,192,193,194,195,196,198,199,201,202,203,204,205,222,223,224,225,226,231,233,240,:
201:192,193,194,199,200,202,203,204,205,206,207,208,209,210,226,240,:
202:193,194,199,200,201,203,204,205,208,209,210,211,212,213,214,216,226,239,240,:
203:193,199,200,201,202,204,208,209,210,211,213,214,226,233,234,237,239,240,241,244,246,:
204:193,194,199,200,201,202,203,205,206,207,208,209,226,:
205:193,194,199,200,201,202,204,206,207,:
206:193,194,199,201,204,205,207,:
207:201,204,205,206,209,:
208:199,201,202,203,204,209,210,211,212,213,214,216,240,:
209:199,201,202,203,204,207,208,210,211,212,213,214,216,:
210:201,202,203,208,209,211,212,213,214,215,216,252,:
211:202,203,208,209,210,212,213,214,237,252,:
212:202,208,209,210,211,213,:
213:202,203,208,209,210,211,212,214,215,216,217,218,:
214:202,203,208,209,210,211,213,215,216,217,218,219,:
215:119,210,213,214,216,217,218,219,220,251,252,:
216:202,208,209,210,213,214,215,217,218,219,220,221,:
217:112,118,119,127,128,213,214,215,216,218,219,220,221,244,:
218:112,115,141,213,214,215,216,217,219,220,221,:
219:112,113,115,118,119,127,128,141,214,215,216,217,218,220,221,244,:
220:112,113,114,115,118,119,127,128,129,130,132,133,134,139,141,215,216,217,218,219,221,:
221:1,22,25,127,128,129,130,132,133,134,138,139,140,141,216,217,218,219,220,:
222:185,200,223,224,225,226,227,228,231,232,263,:
223:182,184,185,190,192,200,222,224,225,226,227,231,:
224:185,200,222,223,225,226,227,228,229,230,231,232,233,263,:
225:199,200,222,223,224,226,227,228,230,231,232,233,234,235,236,238,239,240,:
226:185,192,193,198,199,200,201,202,203,204,222,223,224,225,227,228,230,231,232,233,234,239,240,:
227:185,222,223,224,225,226,228,229,230,231,232,267,:
228:222,224,225,226,227,229,230,231,232,291,:
229:4,10,24,28,224,227,228,230,269,321,323,:
230:10,198,224,225,226,227,228,229,231,232,234,235,239,240,241,:
231:200,222,223,224,225,226,227,228,230,232,233,234,235,236,237,238,239,240,:
232:222,224,225,226,227,228,230,231,233,234,235,236,238,239,:
233:200,203,224,225,226,231,232,234,235,236,237,238,239,240,241,:
234:203,225,226,230,231,232,233,235,236,237,238,239,240,241,242,243,244,245,246,255,:
235:225,230,231,232,233,234,236,237,239,240,241,242,243,245,246,254,255,256,258,259,:
236:225,231,232,233,234,235,237,238,239,240,259,261,:
237:203,211,231,233,234,235,236,238,239,240,246,252,259,261,:
238:225,231,232,233,234,236,237,:
239:202,203,225,226,230,231,232,233,234,235,236,237,240,241,242,243,244,245,246,255,:
240:199,200,201,202,203,208,225,226,230,231,233,234,235,236,237,239,241,242,244,245,246,:
241:203,230,233,234,235,239,240,242,243,244,245,246,247,255,:
242:234,235,239,240,241,243,244,245,246,247,248,250,252,254,255,:
243:8,26,234,235,239,241,242,244,245,246,247,248,254,255,543,544,547,548,551,:
244:7,25,203,217,219,234,239,240,241,242,243,245,246,:
245:234,235,239,240,241,242,243,244,246,247,248,249,250,251,252,254,255,:
246:203,234,235,237,239,240,241,242,243,244,245,247,248,249,250,251,252,253,254,255,:
247:241,242,243,245,246,248,249,250,251,252,253,254,255,256,538,:
248:242,243,245,246,247,249,250,251,252,254,255,256,257,259,261,539,:
249:245,246,247,248,250,251,252,254,255,256,257,259,261,535,536,539,:
250:242,245,246,247,248,249,251,252,253,254,255,:
251:215,245,246,247,248,249,250,252,253,:
252:210,211,215,237,242,245,246,247,248,249,250,251,253,254,255,:
253:246,247,250,251,252,:
254:235,242,243,245,246,247,248,249,250,252,255,256,257,258,259,260,261,:
255:234,235,239,241,242,243,245,246,247,248,249,250,252,254,256,257,258,259,261,:
256:235,247,248,249,254,255,257,258,259,260,261,:
257:248,249,254,255,256,258,259,260,261,:
258:235,254,255,256,257,259,260,:
259:235,236,237,248,249,254,255,256,257,258,260,261,:
260:254,256,257,258,259,261,:
261:236,237,248,249,254,255,256,257,259,260,:
262:263,264,265,266,267,268,269,270,271,272,:
263:222,224,262,264,265,266,267,268,270,:
264:262,263,265,266,267,268,269,270,271,272,273,:
265:262,263,264,266,267,268,269,271,272,273,274,275,276,277,279,:
266:262,263,264,265,267,269,271,272,273,274,276,291,:
267:227,262,263,264,265,266,268,269,270,271,272,:
268:262,263,264,265,267,269,270,309,:
269:229,262,264,265,266,267,268,270,271,272,275,303,308,310,311,314,318,:
270:262,263,264,267,268,269,299,300,303,307,309,310,:
271:262,264,265,266,267,269,272,273,274,275,276,277,279,283,284,:
272:262,264,265,266,267,269,271,273,274,275,276,277,279,303,314,:
273:264,265,266,271,272,274,275,276,277,278,279,283,284,285,291,:
274:265,266,271,272,273,275,276,277,283,284,285,286,287,288,289,291,314,:
275:265,269,271,272,273,274,276,283,284,285,286,293,313,314,315,317,318,:
276:265,266,271,272,273,274,275,277,278,279,280,281,283,284,:
277:265,271,272,273,274,276,278,279,280,281,282,:
278:273,276,277,279,280,281,282,:
279:265,271,272,273,276,277,278,280,281,282,:
280:276,277,278,279,281,282,:
281:276,277,278,279,280,282,:
282:277,278,279,280,281,:
283:271,273,274,275,276,284,285,286,287,288,289,290,291,292,293,:
284:271,273,274,275,276,283,285,286,287,288,289,291,:
285:273,274,275,283,284,286,287,288,289,290,291,292,293,294,317,:
286:274,275,283,284,285,287,288,289,290,292,293,294,295,297,317,:
287:274,283,284,285,286,288,290,292,293,294,295,297,556,:
288:27,274,283,284,285,286,287,289,290,291,292,293,:
289:9,10,27,28,274,283,284,285,286,288,290,291,:
290:27,283,285,286,287,288,289,291,292,293,342,343,:
291:27,228,266,273,274,283,284,285,288,289,290,:
292:283,285,286,287,288,290,293,294,295,296,297,316,317,337,:
293:275,283,285,286,287,288,290,292,294,295,296,297,314,315,316,317,327,329,337,:
294:285,286,287,292,293,295,296,297,298,317,:
295:286,287,292,293,294,296,297,298,317,337,:
296:292,293,294,295,297,298,317,329,330,336,337,338,341,:
297:286,287,292,293,294,295,296,298,317,:
298:294,295,296,297,:
299:270,300,301,302,303,304,305,307,:
300:270,299,301,302,303,304,305,307,:
301:299,300,302,303,304,305,306,307,:
302:299,300,301,303,304,305,306,307,:
303:269,270,272,299,300,301,302,304,305,306,307,313,314,:
304:299,300,301,302,303,305,306,307,308,309,:
305:299,300,301,302,303,304,306,307,308,309,310,405,:
306:301,302,303,304,305,307,308,309,310,311,313,398,402,405,:
307:270,299,300,301,302,303,304,305,306,308,309,310,311,312,:
308:269,304,305,306,307,309,310,311,312,321,:
309:95,268,270,304,305,306,307,308,310,311,312,:
310:95,269,270,305,306,307,308,309,311,312,:
311:94,95,96,269,306,307,308,309,310,312,321,477,:
312:93,94,95,96,307,308,309,310,311,477,:
313:275,303,306,314,315,316,317,318,319,327,328,398,:
314:269,272,274,275,293,303,313,315,316,317,318,:
315:275,293,313,314,316,317,318,319,320,321,327,328,329,398,401,:
316:292,293,313,314,315,317,318,319,320,327,328,329,330,332,336,337,401,:
317:275,285,286,292,293,294,295,296,297,313,314,315,316,318,319,320,327,328,329,330,336,337,:
318:269,275,313,314,315,316,317,319,320,321,322,323,327,328,:
319:28,313,315,316,317,318,320,321,322,323,324,327,328,:
320:28,315,316,317,318,319,321,322,323,324,325,327,328,330,:
321:24,28,229,308,311,315,318,319,320,322,323,324,325,326,477,:
322:28,318,319,320,321,323,324,325,326,344,418,419,420,:
323:4,12,24,28,229,318,319,320,321,322,324,325,326,477,:
324:4,12,24,28,319,320,321,322,323,325,326,420,:
325:4,11,12,24,32,320,321,322,323,324,326,420,421,423,424,430,432,:
326:3,4,5,11,12,16,17,24,29,32,321,322,323,324,325,430,432,:
327:293,313,315,316,317,318,319,320,328,329,330,331,332,333,336,337,398,400,401,:
328:313,315,316,317,318,319,320,327,329,330,331,332,397,398,399,400,401,406,408,419,:
329:293,296,315,316,317,327,328,330,331,332,333,334,335,336,337,338,401,:
330:296,316,317,320,327,328,329,331,332,333,334,336,337,338,339,340,341,345,419,:
331:327,328,329,330,332,333,336,337,338,339,340,345,346,352,401,408,409,411,412,418,419,422,:
332:316,327,328,329,330,331,333,334,335,336,337,401,408,:
333:327,329,330,331,332,334,335,336,:
334:329,330,332,333,335,:
335:329,332,333,334,:
336:296,316,317,327,329,330,331,332,333,337,338,339,340,341,342,345,346,419,:
337:292,293,295,296,316,317,327,329,330,331,332,336,338,339,340,341,342,:
338:296,329,330,331,336,337,339,340,341,342,343,344,345,346,347,354,419,422,:
339:330,331,336,337,338,340,341,342,345,346,347,348,350,351,352,353,354,422,:
340:330,331,336,337,338,339,341,345,346,347,348,349,353,354,:
341:296,330,336,337,338,339,340,342,343,344,345,346,354,357,:
342:290,336,337,338,339,341,343,344,:
343:290,338,341,342,344,:
344:322,338,341,342,343,429,430,431,432,433,434,:
345:330,331,336,338,339,340,341,346,347,348,349,350,351,352,353,354,419,422,:
346:331,336,338,339,340,341,345,347,348,350,351,352,353,354,419,421,422,428,429,:
347:338,339,340,345,346,348,349,350,351,352,353,354,355,417,422,:
348:339,340,345,346,347,349,350,351,352,353,354,355,356,358,359,:
349:340,345,347,348,350,353,354,355,358,:
350:339,345,346,347,348,349,351,352,353,354,415,417,422,427,:
351:339,345,346,347,348,350,352,412,413,415,416,417,418,419,421,422,423,426,427,:
352:331,339,345,346,347,348,350,351,412,415,417,418,419,420,421,422,423,425,426,427,428,:
353:339,340,345,346,347,348,349,350,354,355,356,357,358,359,:
354:338,339,340,341,345,346,347,348,349,350,353,355,356,357,358,359,428,:
355:347,348,349,353,354,356,357,358,359,360,:
356:348,353,354,355,357,358,359,365,:
357:341,353,354,355,356,358,359,365,:
358:348,349,353,354,355,356,357,359,360,361,365,:
359:348,353,354,355,356,357,358,360,361,362,363,364,365,:
360:355,358,359,361,362,363,364,365,366,367,368,:
361:358,359,360,362,363,364,365,366,367,368,369,:
362:359,360,361,363,364,365,367,368,369,437,:
363:359,360,361,362,364,365,366,367,368,369,379,:
364:359,360,361,362,363,365,366,367,368,369,373,375,376,378,379,431,:
365:356,357,358,359,360,361,362,363,364,366,367,369,370,372,373,379,:
366:360,361,363,364,365,367,368,369,372,373,374,375,376,377,378,379,383,431,433,:
367:360,361,362,363,364,365,366,368,369,378,379,386,392,393,396,436,:
368:21,360,361,362,363,364,366,367,369,379,392,393,394,395,396,435,436,437,:
369:361,362,363,364,365,366,367,368,378,379,383,385,386,387,392,393,394,396,:
370:365,371,372,373,374,375,376,:
371:370,372,373,374,568,:
372:365,366,370,371,373,374,375,376,377,:
373:364,365,366,370,371,372,374,375,376,377,378,379,380,381,:
374:366,370,371,372,373,375,376,377,378,380,381,433,:
375:364,366,370,372,373,374,376,377,378,379,380,381,382,383,384,:
376:364,366,370,372,373,374,375,377,378,379,380,381,382,:
377:131,366,372,373,374,375,376,378,379,380,381,382,383,384,385,:
378:131,364,366,367,369,373,374,375,376,377,379,380,381,382,383,384,385,386,387,388,433,:
379:363,364,365,366,367,368,369,373,375,376,377,378,380,382,383,384,385,386,387,392,393,431,433,:
380:130,131,136,142,143,373,374,375,376,377,378,379,381,382,383,384,:
381:129,130,131,373,374,375,376,377,378,380,382,384,:
382:142,144,375,376,377,378,379,380,381,383,384,387,:
383:131,142,143,366,369,375,377,378,379,380,382,384,385,386,387,388,389,390,391,392,393,433,:
384:130,131,133,135,136,142,143,375,377,378,379,380,381,382,383,385,386,387,388,389,390,391,:
385:21,143,369,377,378,379,383,384,386,387,388,389,390,391,392,393,394,:
386:142,143,367,369,378,379,383,384,385,387,388,389,390,391,392,393,394,395,498,:
387:142,143,144,369,378,379,382,383,384,385,386,388,389,390,392,393,394,:
388:15,16,19,31,140,143,378,383,384,385,386,387,389,390,391,392,393,498,:
389:31,135,136,138,139,140,142,143,144,383,384,385,386,387,388,390,391,392,498,:
390:135,136,138,140,142,143,144,146,157,161,383,384,385,386,387,388,389,391,392,393,497,498,:
391:1,2,15,16,22,23,31,32,131,140,143,383,384,385,386,388,389,390,432,434,:
392:19,20,21,367,368,369,379,383,385,386,387,388,389,390,393,394,395,396,497,498,:
393:15,19,20,21,367,368,369,379,383,385,386,387,388,390,392,394,395,396,436,497,498,:
394:368,369,385,386,387,392,393,395,396,496,497,498,:
395:21,368,386,392,393,394,396,496,497,:
396:21,367,368,369,392,393,394,395,435,436,437,:
397:328,398,399,400,401,402,403,404,406,407,:
398:306,313,315,327,328,397,399,400,401,402,406,:
399:328,397,398,400,401,402,403,404,405,406,407,408,:
400:327,328,397,398,399,401,402,403,406,407,408,409,410,411,418,:
401:315,316,327,328,329,331,332,397,398,399,400,402,406,407,408,409,410,418,419,:
402:306,397,398,399,400,401,403,404,405,406,407,:
403:397,399,400,402,404,405,:
404:397,399,402,403,405,:
405:41,305,306,399,402,403,404,475,477,:
406:328,397,398,399,400,401,402,407,408,409,410,411,412,418,419,470,:
407:397,399,400,401,402,406,408,409,410,411,:
408:328,331,332,399,400,401,406,407,409,410,411,412,413,418,419,420,470,:
409:331,400,401,406,407,408,410,411,412,418,419,420,421,422,469,470,:
410:400,401,406,407,408,409,411,412,418,419,420,469,470,471,473,474,:
411:331,400,406,407,408,409,410,412,413,414,415,417,418,419,:
412:331,351,352,406,408,409,410,411,413,414,415,416,417,418,419,:
413:351,408,411,412,414,415,416,417,:
414:411,412,413,415,416,417,:
415:350,351,352,411,412,413,414,416,417,448,:
416:351,412,413,414,415,417,:
417:347,350,351,352,411,412,413,414,415,416,448,:
418:322,331,351,352,400,401,406,408,409,410,411,412,419,420,421,422,423,424,470,:
419:322,328,330,331,336,338,345,346,351,352,401,406,408,409,410,411,412,418,420,421,422,:
420:322,324,325,352,408,409,410,418,419,421,422,423,424,425,470,473,:
421:325,346,351,352,409,418,419,420,422,423,424,425,426,427,428,429,430,:
422:331,338,339,345,346,347,350,351,352,409,418,419,420,421,423,424,425,426,427,428,429,430,:
423:325,351,352,418,420,421,422,424,425,426,427,428,429,430,435,436,441,:
424:15,18,20,21,29,325,418,420,421,422,423,425,426,427,428,430,435,436,441,473,:
425:15,21,352,420,421,422,423,424,426,427,428,429,430,431,435,436,437,441,:
426:21,351,352,421,422,423,424,425,427,428,429,435,436,437,438,440,441,:
427:350,351,352,421,422,423,424,425,426,428,435,436,437,438,440,441,:
428:346,352,354,421,422,423,424,425,426,427,429,430,431,432,433,435,436,:
429:344,346,421,422,423,425,426,428,430,431,432,433,434,:
430:15,32,325,326,344,421,422,423,424,425,428,429,431,432,433,434,:
431:344,364,366,379,425,428,429,430,432,433,434,:
432:5,6,32,325,326,344,391,428,429,430,431,433,434,:
433:344,366,374,378,379,383,428,429,430,431,432,434,:
434:6,7,344,391,429,430,431,432,433,:
435:18,20,21,368,396,423,424,425,426,427,428,436,437,438,439,440,441,:
436:15,18,19,20,21,367,368,393,396,423,424,425,426,427,428,435,437,438,440,441,:
437:21,362,368,396,425,426,427,435,436,438,439,440,441,442,467,:
438:426,427,435,436,437,439,440,441,442,443,444,445,449,450,466,467,:
439:435,437,438,440,441,442,443,449,450,455,464,465,466,467,468,:
440:426,427,435,436,437,438,439,441,442,443,444,445,446,447,448,449,450,467,:
441:18,21,423,424,425,426,427,435,436,437,438,439,440,442,443,444,445,446,448,:
442:437,438,439,440,441,443,444,445,446,447,448,449,450,451,464,465,466,467,:
443:438,439,440,441,442,444,445,446,447,449,450,451,452,454,465,484,485,:
444:438,440,441,442,443,445,447,449,450,451,454,480,483,484,485,:
445:438,440,441,442,443,444,446,447,448,449,450,473,:
446:440,441,442,443,445,447,448,473,:
447:440,442,443,444,445,446,448,449,450,:
448:415,417,440,441,442,445,446,447,462,:
449:438,439,440,442,443,444,445,447,450,451,452,453,454,455,456,464,465,467,485,:
450:438,439,440,442,443,444,445,447,449,451,452,453,454,455,456,463,464,465,466,467,:
451:442,443,444,449,450,452,453,454,455,456,465,485,504,:
452:443,449,450,451,453,454,455,456,465,:
453:449,450,451,452,454,455,:
454:443,444,449,450,451,452,453,455,456,504,:
455:439,449,450,451,452,453,454,456,465,:
456:449,450,451,452,454,455,:
457:458,459,460,461,462,463,:
458:457,459,460,462,463,:
459:457,458,460,461,462,463,464,:
460:457,458,459,461,462,463,:
461:457,459,460,462,:
462:448,457,458,459,460,461,463,464,465,466,468,:
463:450,457,458,459,460,462,464,465,466,467,468,:
464:439,442,449,450,459,462,463,465,466,467,468,:
465:439,442,443,449,450,451,452,455,462,463,464,466,467,468,:
466:438,439,442,450,462,463,464,465,467,468,:
467:437,438,439,440,442,449,450,463,464,465,466,468,:
468:439,462,463,464,465,466,467,:
469:35,409,410,470,471,472,473,474,475,476,478,479,:
470:406,408,409,410,418,420,469,471,472,473,474,475,:
471:35,38,410,469,470,472,473,474,475,476,477,478,479,480,:
472:38,469,470,471,473,474,475,476,478,479,480,481,483,:
473:410,420,424,445,446,469,470,471,472,474,476,478,479,480,483,:
474:38,410,469,470,471,472,473,475,476,477,478,479,:
475:38,39,405,469,470,471,472,474,476,477,:
476:12,29,38,469,471,472,473,474,475,477,478,479,:
477:311,312,321,323,405,471,474,475,476,:
478:38,469,471,472,473,474,476,479,480,481,482,483,484,485,486,487,:
479:37,38,42,43,50,469,471,472,473,474,476,478,480,481,482,483,486,:
480:444,471,472,473,478,479,481,482,483,484,485,486,487,488,:
481:18,29,49,50,472,478,479,480,482,483,484,485,486,487,488,489,:
482:38,43,44,46,49,50,51,54,478,479,480,481,483,484,486,487,488,489,511,:
483:444,472,473,478,479,480,481,482,484,485,486,487,:
484:443,444,478,480,481,482,483,485,486,487,500,504,506,:
485:18,443,444,449,451,478,480,481,483,484,486,487,500,504,:
486:14,18,20,29,30,50,478,479,480,481,482,483,484,485,487,488,489,490,491,492,500,506,:
487:14,15,18,19,20,29,30,478,480,481,482,483,484,485,486,488,489,490,491,492,500,:
488:14,18,19,29,30,50,53,54,480,481,482,486,487,489,490,491,492,493,500,506,:
489:18,19,30,481,482,486,487,488,490,491,492,493,494,495,496,498,499,500,505,506,515,521,:
490:53,486,487,488,489,491,492,493,494,495,499,500,502,505,506,507,508,510,511,514,515,516,519,521,:
491:18,19,20,30,486,487,488,489,490,492,493,494,495,496,497,498,499,500,506,515,:
492:14,15,18,19,20,21,29,30,486,487,488,489,490,491,493,494,496,497,498,499,500,:
493:19,155,488,489,490,491,492,494,495,496,497,498,499,500,501,506,515,523,:
494:489,490,491,492,493,495,496,497,499,500,501,502,503,504,505,506,514,515,522,523,528,:
495:155,489,490,491,493,494,496,499,500,501,502,503,505,506,508,514,515,516,517,519,522,523,524,527,528,529,:
496:19,154,394,395,489,491,492,493,494,495,497,498,499,500,:
497:19,20,152,154,390,392,393,394,395,491,492,493,494,496,498,:
498:15,18,19,20,21,30,162,386,388,389,390,392,393,394,489,491,492,493,496,497,:
499:489,490,491,492,493,494,495,496,500,501,502,503,504,505,506,515,523,:
500:18,484,485,486,487,488,489,490,491,492,493,494,495,496,499,501,502,504,505,506,:
501:493,494,495,499,500,502,503,504,505,506,507,523,:
502:490,494,495,499,500,501,503,504,505,506,507,508,509,510,514,515,522,523,:
503:494,495,499,501,502,504,505,506,507,508,509,514,515,522,523,527,:
504:451,454,484,485,494,499,500,501,502,503,505,506,:
505:489,490,494,495,499,500,501,502,503,504,506,507,508,509,510,511,512,513,514,515,523,:
506:484,486,488,489,490,491,493,494,495,499,500,501,502,503,504,505,507,508,510,511,513,514,515,523,:
507:490,501,502,503,505,506,508,509,510,511,512,513,514,515,516,523,:
508:490,495,502,503,505,506,507,509,510,511,512,514,515,516,517,518,519,522,523,:
509:502,503,505,507,508,510,512,514,515,516,517,518,522,523,:
510:53,490,502,505,506,507,508,509,511,512,513,514,515,:
511:46,50,482,490,505,506,507,508,510,512,513,:
512:53,67,505,507,508,509,510,511,513,514,515,:
513:46,505,506,507,510,511,512,:
514:490,494,495,502,503,505,506,507,508,509,510,512,515,516,517,518,519,520,521,522,523,:
515:489,490,491,493,494,495,499,502,503,505,506,507,508,509,510,512,514,516,517,519,521,522,523,:
516:490,495,507,508,509,514,515,517,518,519,520,521,522,523,524,:
517:495,508,509,514,515,516,518,519,520,521,522,523,524,525,526,527,:
518:508,509,514,516,517,519,520,522,523,524,525,526,:
519:155,164,490,495,508,514,515,516,517,518,520,521,522,523,:
520:151,155,164,514,516,517,518,519,521,522,:
521:164,489,490,514,515,516,517,519,520,:
522:155,494,495,502,503,508,509,514,515,516,517,518,519,520,523,524,525,526,527,528,:
523:155,493,494,495,499,501,502,503,505,506,507,508,509,514,515,516,517,518,519,522,524,525,527,528,:
524:495,516,517,518,522,523,525,526,527,528,529,:
525:517,518,522,523,524,526,527,528,:
526:517,518,522,524,525,527,:
527:495,503,517,522,523,524,525,526,528,529,530,:
528:154,155,494,495,522,523,524,525,527,529,530,531,532,533,534,:
529:154,495,524,527,528,530,531,532,533,534,:
530:153,154,527,528,529,531,532,533,534,:
531:153,154,528,529,530,532,533,534,:
532:153,154,528,529,530,531,533,534,:
533:152,153,154,155,528,529,530,531,532,534,:
534:153,154,528,529,530,531,532,533,:
535:249,536,537,538,539,540,541,542,543,:
536:249,535,537,538,539,540,541,542,:
537:535,536,538,539,540,541,542,543,544,549,:
538:247,535,536,537,539,540,541,542,543,544,545,546,547,548,549,550,:
539:248,249,535,536,537,538,540,542,543,544,545,546,549,550,551,:
540:535,536,537,538,539,541,542,543,549,:
541:535,536,537,538,540,542,:
542:535,536,537,538,539,540,541,543,546,576,:
543:243,535,537,538,539,540,542,544,545,546,547,548,549,550,551,:
544:243,537,538,539,543,545,546,547,548,549,550,551,552,563,572,:
545:538,539,543,544,546,547,548,549,550,551,552,553,554,555,562,563,571,572,:
546:538,539,542,543,544,545,547,549,550,551,552,553,554,562,563,564,565,571,572,573,576,:
547:26,243,538,543,544,545,546,548,549,550,551,563,569,572,:
548:26,132,243,538,543,544,545,547,549,:
549:537,538,539,540,543,544,545,546,547,548,:
550:538,539,543,544,545,546,547,551,552,553,554,555,556,562,563,572,:
551:243,539,543,544,545,546,547,550,552,553,555,562,563,:
552:544,545,546,550,551,553,554,555,556,557,558,559,561,562,563,564,572,:
553:545,546,550,551,552,554,555,556,557,561,562,563,564,565,567,571,572,:
554:545,546,550,552,553,555,556,557,559,561,562,563,564,565,566,571,572,:
555:545,550,551,552,553,554,556,557,558,559,561,562,563,:
556:287,550,552,553,554,555,557,558,559,560,561,562,:
557:552,553,554,555,556,558,559,560,561,:
558:552,555,556,557,559,560,561,:
559:552,554,555,556,557,558,560,561,:
560:556,557,558,559,561,:
561:552,553,554,555,556,557,558,559,560,:
562:545,546,550,551,552,553,554,555,556,563,564,565,566,567,568,569,571,572,:
563:544,545,546,547,550,551,552,553,554,555,562,564,565,567,569,571,572,:
564:546,552,553,554,562,563,565,566,567,568,569,570,571,572,573,:
565:546,553,554,562,563,564,566,567,568,569,570,571,572,573,574,576,:
566:554,562,564,565,567,568,569,570,571,572,573,574,:
567:553,562,563,564,565,566,568,569,570,571,572,:
568:371,562,564,565,566,567,569,570,:
569:547,562,563,564,565,566,567,568,570,571,572,:
570:564,565,566,567,568,569,:
571:545,546,553,554,562,563,564,565,566,567,569,572,573,574,575,576,577,:
572:544,545,546,547,550,552,553,554,562,563,564,565,566,567,569,571,573,574,576,577,:
573:546,564,565,566,571,572,574,575,576,577,578,579,:
574:565,566,571,572,573,575,576,577,:
575:571,573,574,576,:
576:542,546,565,571,572,573,574,575,577,578,579,:
577:571,572,573,574,576,578,579,:
578:573,576,577,579,:
579:573,576,577,578,:
