1:2,3,4,5,6,18,19,21,140,141,142,209,266,267,268,269,:
2:1,3,4,5,6,7,18,19,20,21,22,142,269,295,:
3:1,2,4,5,6,7,8,18,19,20,21,22,208,209,210,269,295,297,:
4:1,2,3,5,6,7,8,9,10,11,12,14,19,20,21,22,26,27,29,31,297,:
5:1,2,3,4,6,7,8,18,19,20,21,22,142,295,:
6:1,2,3,4,5,7,8,9,10,11,18,19,20,21,22,23,24,25,26,27,29,71,106,:
7:2,3,4,5,6,8,9,10,11,12,14,19,20,21,22,23,24,25,26,27,28,29,31,:
8:3,4,5,6,7,9,10,11,12,13,14,15,20,22,23,24,25,26,27,28,29,31,:
9:4,6,7,8,10,11,12,14,22,23,24,25,26,27,28,29,31,71,72,483,:
10:4,6,7,8,9,11,12,14,20,22,23,24,25,26,27,28,31,184,185,:
11:4,6,7,8,9,10,12,13,14,15,16,20,23,24,25,26,27,28,29,30,31,32,481,:
12:4,7,8,9,10,11,13,14,15,16,17,20,23,24,25,29,30,31,32,33,297,298,299,:
13:8,11,12,14,15,16,17,24,29,30,31,32,33,297,298,299,300,342,378,:
14:4,7,8,9,10,11,12,13,15,16,17,20,25,26,27,28,29,30,31,32,184,481,:
15:8,11,12,13,14,16,17,20,29,30,31,32,33,452,481,:
16:11,12,13,14,15,17,29,30,31,32,33,299,300,378,407,:
17:12,13,14,15,16,30,32,33,299,300,365,367,371,377,378,407,:
18:1,2,3,5,6,19,21,98,100,140,141,142,267,268,269,291,:
19:1,2,3,4,5,6,7,18,20,207,208,209,210,214,216,238,242,243,269,297,:
20:2,3,4,5,6,7,8,10,11,12,14,15,19,26,27,28,29,31,220,:
21:1,2,3,4,5,6,7,18,22,71,95,97,98,100,101,102,103,140,142,:
22:2,3,4,5,6,7,8,9,10,21,23,24,25,27,29,69,70,71,72,101,102,103,106,:
23:6,7,8,9,10,11,12,22,24,25,26,27,28,29,70,71,76,78,106,502,:
24:6,7,8,9,10,11,12,13,22,23,25,27,28,29,69,70,71,72,73,74,483,:
25:6,7,8,9,10,11,12,14,22,23,24,26,27,28,29,31,478,479,480,481,482,483,:
26:4,6,7,8,9,10,11,14,20,23,25,27,28,31,184,185,212,:
27:4,6,7,8,9,10,11,14,20,22,23,24,25,26,28,31,106,212,502,:
28:7,8,9,10,11,14,20,23,24,25,26,27,31,184,185,479,481,:
29:4,6,7,8,9,11,12,13,14,15,16,20,22,23,24,25,30,72,73,74,75,297,298,299,:
30:11,12,13,14,15,16,17,29,33,297,298,299,300,342,377,378,380,:
31:4,7,8,9,10,11,12,13,14,15,16,20,25,26,27,28,32,184,185,452,481,:
32:11,12,13,14,15,16,17,31,33,369,407,452,:
33:12,13,15,16,17,30,32,299,300,340,342,343,367,371,372,373,377,378,379,380,407,:
34:35,36,37,38,39,40,41,50,59,65,:
35:34,36,37,39,40,41,:
36:34,35,37,38,39,40,41,42,50,59,65,:
37:34,35,36,38,39,40,41,42,43,44,45,49,50,58,59,68,:
38:34,36,37,39,40,41,42,43,44,49,50,58,59,60,61,63,65,67,68,69,72,73,74,:
39:34,35,36,37,38,40,41,329,:
40:34,35,36,37,38,39,41,42,43,44,45,46,48,49,50,59,68,:
41:34,35,36,37,38,39,40,42,43,45,46,47,49,50,:
42:36,37,38,40,41,43,44,45,46,47,48,49,50,51,59,68,:
43:37,38,40,41,42,44,45,46,49,50,51,52,53,54,58,59,67,68,77,:
44:37,38,40,42,43,45,49,50,51,52,53,58,59,67,68,69,70,72,76,77,78,81,82,:
45:37,40,41,42,43,44,46,47,48,49,50,:
46:40,41,42,43,45,47,48,328,:
47:41,42,45,46,48,328,:
48:40,42,45,46,47,328,342,482,:
49:37,38,40,41,42,43,44,45,50,51,52,53,54,55,56,57,58,59,68,77,:
50:34,36,37,38,40,41,42,43,44,45,49,51,52,54,55,56,58,59,:
51:42,43,44,49,50,52,53,54,55,56,57,58,59,60,68,77,:
52:43,44,49,50,51,53,54,55,57,58,59,60,61,62,63,65,67,68,76,77,84,:
53:43,44,49,51,52,54,57,58,59,60,61,62,67,68,76,77,78,79,83,84,85,88,:
54:43,49,50,51,52,53,55,56,57,58,59,:
55:49,50,51,52,54,56,57,:
56:49,50,51,54,55,57,:
57:49,51,52,53,54,55,56,58,59,:
58:37,38,43,44,49,50,51,52,53,54,57,59,60,61,62,63,64,65,66,67,68,77,84,:
59:34,36,37,38,40,42,43,44,49,50,51,52,53,54,57,58,60,61,63,64,65,67,68,:
60:38,51,52,53,58,59,61,62,63,64,65,66,67,68,69,84,:
61:38,52,53,58,59,60,62,63,64,66,67,68,69,70,71,72,76,77,83,84,93,:
62:52,53,58,60,61,63,66,67,68,69,70,71,76,77,83,84,85,86,88,92,93,94,97,:
63:38,52,58,59,60,61,62,64,65,66,67,68,:
64:58,59,60,61,63,65,66,:
65:34,36,38,52,58,59,60,63,64,66,:
66:58,60,61,62,63,64,65,67,68,:
67:38,43,44,52,53,58,59,60,61,62,63,66,68,69,70,71,72,73,75,76,77,84,93,:
68:37,38,40,42,43,44,49,51,52,53,58,59,60,61,62,63,66,67,69,70,72,73,74,76,77,:
69:22,24,38,44,60,61,62,67,68,70,71,72,73,74,75,76,77,78,84,93,:
70:22,23,24,44,61,62,67,68,69,71,72,73,76,77,78,79,81,83,84,92,93,102,:
71:6,9,21,22,23,24,61,62,67,69,70,72,76,77,78,79,80,83,84,92,93,94,95,97,101,102,103,106,:
72:9,22,24,29,38,44,61,67,68,69,70,71,73,74,75,76,77,:
73:24,29,38,67,68,69,70,72,74,75,:
74:24,29,38,68,69,72,73,75,342,:
75:29,67,69,72,73,74,293,295,:
76:23,44,52,53,61,62,67,68,69,70,71,72,77,78,79,80,81,82,83,84,93,102,:
77:43,44,49,51,52,53,58,61,62,67,68,69,70,71,72,76,78,79,81,82,83,84,:
78:23,44,53,69,70,71,76,77,79,80,81,82,83,84,85,93,102,:
79:53,70,71,76,77,78,80,81,83,84,85,86,87,88,92,93,101,102,108,:
80:71,76,78,79,81,83,84,85,86,87,92,93,101,102,103,104,106,107,108,109,112,500,:
81:44,70,76,77,78,79,80,82,83,84,:
82:44,76,77,78,81,480,482,503,504,:
83:53,61,62,70,71,76,77,78,79,80,81,84,85,86,87,88,89,92,93,102,108,:
84:52,53,58,60,61,62,67,69,70,71,76,77,78,79,80,81,83,85,86,88,92,93,:
85:53,62,78,79,80,83,84,86,87,88,89,90,91,92,93,94,102,108,:
86:62,79,80,83,84,85,87,88,89,90,92,93,94,95,96,97,101,102,107,108,117,125,131,:
87:79,80,83,85,86,88,89,90,92,93,94,95,96,101,102,107,108,109,110,112,116,117,121,122,124,125,131,:
88:53,62,79,83,84,85,86,87,89,90,91,92,93,125,131,:
89:83,85,86,87,88,90,91,92,93,125,131,:
90:85,86,87,88,89,91,92,93,124,125,126,130,131,132,:
91:85,88,89,90,125,:
92:62,70,71,79,80,83,84,85,86,87,88,89,90,93,94,95,96,97,98,101,102,108,117,125,130,131,:
93:61,62,67,69,70,71,76,78,79,80,83,84,85,86,87,88,89,90,92,94,95,97,101,102,131,:
94:62,71,85,86,87,92,93,95,96,97,98,99,100,101,102,103,108,117,130,131,132,:
95:21,71,86,87,92,93,94,96,97,98,99,101,102,103,104,105,106,107,108,116,117,134,:
96:86,87,92,94,95,97,98,99,101,102,103,104,105,107,108,116,117,118,119,121,133,134,135,138,139,142,:
97:21,62,71,86,92,93,94,95,96,98,99,100,101,102,131,132,:
98:18,21,92,94,95,96,97,99,100,101,102,142,:
99:94,95,96,97,98,100,132,142,:
100:18,21,94,97,98,99,142,291,:
101:21,22,71,79,80,86,87,92,93,94,95,96,97,98,102,103,104,105,106,107,108,117,134,:
102:21,22,70,71,76,78,79,80,83,85,86,87,92,93,94,95,96,97,98,101,103,104,106,107,108,:
103:21,22,71,80,94,95,96,101,102,104,105,106,107,108,109,134,:
104:80,95,96,101,102,103,105,106,107,108,109,110,111,112,116,117,133,134,143,144,:
105:95,96,101,103,104,106,107,108,109,110,111,116,117,119,133,134,135,136,138,143,144,145,148,149,150,:
106:6,22,23,27,71,80,95,101,102,103,104,105,107,108,212,500,502,:
107:80,86,87,95,96,101,102,103,104,105,106,108,109,110,111,112,113,116,117,134,144,:
108:79,80,83,85,86,87,92,94,95,96,101,102,103,104,105,106,107,109,110,112,116,117,:
109:80,87,103,104,105,107,108,110,111,112,113,114,115,116,117,118,134,144,:
110:87,104,105,107,108,109,111,112,113,114,115,116,117,118,119,120,121,133,134,143,144,:
111:104,105,107,109,110,112,113,114,115,116,117,118,119,120,133,134,143,144,145,148,:
112:80,87,104,107,108,109,110,111,113,114,115,116,117,494,:
113:107,109,110,111,112,114,115,116,494,:
114:109,110,111,112,113,115,493,494,495,498,:
115:109,110,111,112,113,114,116,:
116:87,95,96,104,105,107,108,109,110,111,112,113,115,117,118,119,120,121,122,133,134,144,:
117:86,87,92,94,95,96,101,104,105,107,108,109,110,111,112,116,118,119,121,122,124,125,133,134,:
118:96,109,110,111,116,117,119,120,121,122,123,133,134,135,144,:
119:96,105,110,111,116,117,118,120,121,122,133,134,135,136,137,138,143,144,:
120:110,111,116,118,119,121,133,134,135,136,137,143,144,:
121:87,96,110,116,117,118,119,120,122,123,124,125,126,127,128,133,134,:
122:87,116,117,118,119,121,123,124,125,126,127,128,:
123:118,121,122,124,125,126,127,128,129,130,131,:
124:87,90,117,121,122,123,125,126,127,128,129,130,131,132,:
125:86,87,88,89,90,91,92,117,121,122,123,124,126,127,128,130,131,132,:
126:90,121,122,123,124,125,127,128,129,130,131,132,:
127:121,122,123,124,125,126,128,129,130,131,132,:
128:121,122,123,124,125,126,127,129,130,132,:
129:123,124,126,127,128,130,131,132,:
130:90,92,94,123,124,125,126,127,128,129,131,132,:
131:86,87,88,89,90,92,93,94,97,123,124,125,126,127,129,130,132,:
132:90,94,97,99,124,125,126,127,128,129,130,131,:
133:96,104,105,110,111,116,117,118,119,120,121,134,135,136,137,138,139,143,144,:
134:95,96,101,103,104,105,107,109,110,111,116,117,118,119,120,121,133,135,136,138,139,143,144,:
135:96,105,118,119,120,133,134,136,137,138,139,140,143,144,145,:
136:105,119,120,133,134,135,137,138,139,143,144,145,146,147,148,153,:
137:119,120,133,135,136,138,143,144,145,146,147,152,153,154,157,158,160,:
138:96,105,119,133,134,135,136,137,139,140,141,142,143,144,213,:
139:96,133,134,135,136,138,140,141,142,:
140:1,18,21,135,138,139,141,142,213,269,:
141:1,18,138,139,140,142,213,266,269,:
142:1,2,5,18,21,96,98,99,100,138,139,140,141,213,269,:
143:104,105,110,111,119,120,133,134,135,136,137,138,144,145,146,147,148,149,153,:
144:104,105,107,109,110,111,116,118,119,120,133,134,135,136,137,138,143,145,146,148,149,:
145:105,111,135,136,137,143,144,146,147,148,149,150,151,153,:
146:136,137,143,144,145,147,148,149,152,153,:
147:136,137,143,145,146,148,152,153,154,155,157,:
148:105,111,136,143,144,145,146,147,149,150,151,:
149:105,143,144,145,146,148,150,151,:
150:105,145,148,149,151,495,:
151:145,148,149,150,166,173,:
152:137,146,147,153,154,155,156,157,158,159,:
153:136,137,143,145,146,147,152,154,155,157,158,:
154:137,147,152,153,155,156,157,158,159,160,:
155:147,152,153,154,156,157,158,159,:
156:152,154,155,157,159,:
157:137,147,152,153,154,155,156,158,159,160,:
158:137,152,153,154,155,157,159,160,203,:
159:152,154,155,156,157,158,160,:
160:137,154,157,158,159,203,213,:
161:162,163,164,165,166,167,168,177,178,187,197,:
162:161,163,164,166,167,168,177,178,:
163:161,162,164,165,166,167,168,169,177,178,179,187,197,:
164:161,162,163,165,166,167,168,169,173,177,178,179,180,181,182,186,187,196,197,206,:
165:161,163,164,166,167,177,178,179,180,181,186,187,196,197,198,199,201,205,206,207,210,211,212,:
166:151,161,162,163,164,165,167,168,169,170,172,173,177,178,:
167:161,162,163,164,165,166,168,169,170,171,172,173,174,175,177,178,:
168:161,162,163,164,166,167,169,170,171,172,173,174,177,178,:
169:163,164,166,167,168,170,171,172,173,174,175,176,177,178,179,:
170:166,167,168,169,171,172,173,174,176,178,:
171:167,168,169,170,172,174,:
172:166,167,168,169,170,171,173,174,175,176,178,:
173:151,164,166,167,168,169,170,172,174,175,176,177,212,:
174:167,168,169,170,171,172,173,175,176,505,:
175:167,169,172,173,174,176,185,212,502,:
176:169,170,172,173,174,175,185,:
177:161,162,163,164,165,166,167,168,169,173,178,179,180,181,182,183,186,187,197,206,:
178:161,162,163,164,165,166,167,168,169,170,172,177,179,180,182,186,187,197,:
179:163,164,165,169,177,178,180,181,182,183,184,186,187,188,197,206,:
180:164,165,177,178,179,181,182,183,184,186,187,188,189,190,191,196,197,205,206,215,:
181:164,165,177,179,180,182,183,184,186,187,188,189,190,196,197,205,206,207,208,210,214,215,216,219,220,222,:
182:164,177,178,179,180,181,183,184,185,186,187,432,433,460,:
183:177,179,180,181,182,184,185,186,222,428,430,431,432,433,:
184:10,14,26,28,31,179,180,181,182,183,185,222,452,:
185:10,26,28,31,175,176,182,183,184,450,452,453,460,:
186:164,165,177,178,179,180,181,182,183,187,188,189,190,191,192,196,197,206,215,432,:
187:161,163,164,165,177,178,179,180,181,182,186,188,189,191,192,196,197,432,:
188:179,180,181,186,187,189,190,191,192,193,196,197,198,215,:
189:180,181,186,187,188,190,191,192,196,197,198,199,200,201,205,206,214,215,224,:
190:180,181,186,188,189,191,196,197,198,199,200,205,206,214,215,216,217,223,224,225,228,:
191:180,186,187,188,189,190,192,193,194,195,196,197,:
192:186,187,188,189,191,193,194,195,431,432,:
193:188,191,192,194,195,:
194:191,192,193,195,:
195:191,192,193,194,:
196:164,165,180,181,186,187,188,189,190,191,197,198,199,200,201,202,203,205,206,215,224,:
197:161,163,164,165,177,178,179,180,181,186,187,188,189,190,191,196,198,199,201,202,204,205,206,:
198:165,188,189,190,196,197,199,200,201,202,203,204,205,206,207,224,:
199:165,189,190,196,197,198,200,201,202,203,205,206,207,208,209,210,214,215,223,224,233,:
200:189,190,196,198,199,201,203,205,206,207,208,209,214,215,223,224,225,226,228,232,233,234,:
201:165,189,196,197,198,199,200,202,203,204,205,206,:
202:196,197,198,199,201,203,204,:
203:158,160,196,198,199,200,201,202,204,205,206,:
204:197,198,201,202,203,:
205:165,180,181,189,190,196,197,198,199,200,201,203,206,207,208,209,210,211,213,214,215,224,233,:
206:164,165,177,179,180,181,186,189,190,196,197,198,199,200,201,203,205,207,208,210,211,214,215,:
207:19,165,181,198,199,200,205,206,208,209,210,211,212,213,214,215,216,233,:
208:3,19,181,199,200,205,206,207,209,210,211,214,215,216,217,218,219,223,224,232,233,238,:
209:1,3,19,199,200,205,207,208,210,214,215,216,217,218,223,224,232,233,234,235,237,238,243,269,:
210:3,19,165,181,199,205,206,207,208,209,211,212,213,214,215,:
211:165,205,206,207,208,210,212,213,:
212:26,27,106,165,173,175,207,210,211,213,:
213:138,140,141,142,160,205,207,210,211,212,:
214:19,181,189,190,199,200,205,206,207,208,209,210,215,216,217,218,219,220,221,223,224,233,238,:
215:180,181,186,188,189,190,196,199,200,205,206,207,208,209,210,214,216,217,219,220,223,224,:
216:19,181,190,207,208,209,214,215,217,218,219,220,221,222,223,224,225,233,238,243,:
217:190,208,209,214,215,216,218,219,220,221,223,224,225,226,227,228,232,233,237,238,243,246,:
218:208,209,214,216,217,219,221,223,224,225,226,227,232,233,235,237,238,239,240,243,245,246,247,250,252,:
219:181,208,214,215,216,217,218,220,221,222,223,224,:
220:20,181,214,215,216,217,219,221,222,:
221:214,216,217,218,219,220,222,223,224,:
222:181,183,184,216,219,220,221,428,:
223:190,199,200,208,209,214,215,216,217,218,219,221,224,225,226,227,228,229,232,233,238,246,:
224:189,190,196,198,199,200,205,208,209,214,215,216,217,218,219,221,223,225,226,228,232,233,:
225:190,200,216,217,218,223,224,226,227,228,229,230,231,232,233,234,246,:
226:200,217,218,223,224,225,227,228,229,230,232,233,234,235,236,237,238,245,246,:
227:217,218,223,225,226,228,229,230,232,233,234,235,236,237,238,245,246,247,248,250,:
228:190,200,217,223,224,225,226,227,229,230,231,232,233,:
229:223,225,226,227,228,230,231,:
230:225,226,227,228,229,231,:
231:225,228,229,230,:
232:200,208,209,217,218,223,224,225,226,227,228,233,234,235,236,237,238,246,:
233:199,200,205,207,208,209,214,216,217,218,223,224,225,226,227,228,232,234,235,237,238,:
234:200,209,225,226,227,232,233,235,236,237,238,239,246,264,265,266,:
235:209,218,226,227,232,233,234,236,237,238,239,240,241,242,245,246,254,263,264,265,266,267,269,:
236:226,227,232,234,235,237,238,239,240,241,245,246,248,253,254,255,258,259,261,263,264,265,266,:
237:209,217,218,226,227,232,233,234,235,236,238,239,240,241,242,243,244,245,246,254,263,264,266,267,269,:
238:19,208,209,214,216,217,218,223,226,227,232,233,234,235,236,237,239,240,242,243,245,246,266,267,269,:
239:218,234,235,236,237,238,240,241,242,243,244,245,246,247,254,263,267,268,269,:
240:218,235,236,237,238,239,241,242,243,244,245,246,247,248,249,250,253,254,:
241:235,236,237,239,240,242,244,245,246,247,248,249,253,254,255,256,258,280,:
242:19,235,237,238,239,240,241,243,244,245,246,267,268,269,:
243:19,209,216,217,218,237,238,239,240,242,244,245,246,297,:
244:237,239,240,241,242,243,245,268,279,280,282,283,287,289,293,295,297,298,:
245:218,226,227,235,236,237,238,239,240,241,242,243,244,246,247,248,249,250,251,252,254,:
246:217,218,223,225,226,227,232,234,235,236,237,238,239,240,241,242,243,245,247,248,250,252,:
247:218,227,239,240,241,245,246,248,249,250,251,252,254,:
248:227,236,240,241,245,246,247,249,250,251,252,253,254,:
249:240,241,245,247,248,250,251,253,254,:
250:218,227,240,245,246,247,248,249,251,252,:
251:245,247,248,249,250,252,:
252:218,245,246,247,248,250,251,406,:
253:236,240,241,248,249,254,255,256,257,258,259,:
254:235,236,237,239,240,241,245,247,248,249,253,255,256,258,259,:
255:236,241,253,254,256,257,258,259,260,:
256:241,253,254,255,257,258,259,:
257:253,255,256,258,284,286,:
258:236,241,253,254,255,256,257,259,260,261,262,283,:
259:236,253,254,255,256,258,260,261,262,263,264,265,:
260:255,258,259,261,262,263,264,265,266,267,268,283,:
261:236,258,259,260,262,263,264,265,266,267,268,269,283,290,291,:
262:258,259,260,261,263,264,265,267,268,269,282,283,287,289,290,291,301,:
263:235,236,237,239,259,260,261,262,264,265,266,267,268,269,283,291,:
264:234,235,236,237,259,260,261,262,263,265,266,267,268,269,:
265:234,235,236,259,260,261,262,263,264,266,267,269,:
266:1,141,234,235,236,237,238,260,261,263,264,265,267,268,269,:
267:1,18,235,237,238,239,242,260,261,262,263,264,265,266,268,269,283,289,290,291,:
268:1,18,239,242,244,260,261,262,263,264,266,267,269,282,283,287,289,290,291,292,:
269:1,2,3,18,19,140,141,142,209,235,237,238,239,242,261,262,263,264,265,266,267,268,291,:
270:271,272,273,274,275,276,278,279,280,308,311,:
271:270,272,273,274,275,276,307,308,309,310,311,312,:
272:270,271,273,274,275,276,277,278,279,280,281,308,311,:
273:270,271,272,274,275,276,279,280,281,282,284,286,287,288,307,308,:
274:270,271,272,273,275,279,280,281,282,287,288,294,307,308,309,:
275:270,271,272,273,274,276,277,278,279,280,296,308,:
276:270,271,272,273,275,277,278,:
277:272,275,276,278,299,300,373,375,376,377,378,379,406,:
278:270,272,275,276,277,406,414,416,:
279:244,270,272,273,274,275,280,281,282,283,284,285,286,287,288,:
280:241,244,270,272,273,274,275,279,281,282,283,284,286,287,288,:
281:272,273,274,279,280,282,283,284,285,286,287,288,289,302,:
282:244,262,268,273,274,279,280,281,283,284,285,286,287,288,289,290,291,292,301,302,:
283:244,258,260,261,262,263,267,268,279,280,281,282,284,285,287,288,289,290,291,301,302,:
284:257,273,279,280,281,282,283,285,286,287,:
285:279,281,282,283,284,286,304,305,:
286:257,273,279,280,281,282,284,285,:
287:244,262,268,273,274,279,280,281,282,283,284,288,289,290,291,292,293,294,301,302,:
288:273,274,279,280,281,282,283,287,289,290,292,293,294,301,302,308,:
289:244,262,267,268,281,282,283,287,288,290,291,292,293,294,295,301,302,303,:
290:261,262,267,268,282,283,287,288,289,291,292,293,301,302,303,304,305,306,:
291:18,100,261,262,263,267,268,269,282,283,287,289,290,292,301,302,303,306,:
292:268,282,287,288,289,290,291,293,294,295,296,297,301,302,:
293:75,244,287,288,289,290,292,294,295,296,297,298,:
294:274,287,288,289,292,293,295,296,297,298,299,300,313,314,:
295:2,3,5,75,244,289,292,293,294,296,297,298,299,:
296:275,292,293,294,295,297,298,299,300,314,380,:
297:3,4,12,13,19,29,30,243,244,292,293,294,295,296,298,299,300,:
298:12,13,29,30,244,293,294,295,296,297,299,300,378,380,:
299:12,13,16,17,29,30,33,277,294,295,296,297,298,300,377,378,380,407,:
300:13,16,17,30,33,277,294,296,297,298,299,376,377,378,379,380,407,:
301:262,282,283,287,288,289,290,291,292,302,303,304,305,306,:
302:281,282,283,287,288,289,290,291,292,301,303,304,305,306,:
303:289,290,291,301,302,304,305,306,:
304:285,290,301,302,303,305,306,:
305:285,290,301,302,303,304,306,:
306:290,291,301,302,303,304,305,:
307:271,273,274,308,309,310,311,312,313,:
308:270,271,272,273,274,275,288,307,309,310,311,312,313,:
309:271,274,307,308,310,311,312,313,:
310:271,307,308,309,311,312,313,:
311:270,271,272,307,308,309,310,312,:
312:271,307,308,309,310,311,313,314,315,323,:
313:294,307,308,309,310,312,314,315,:
314:294,296,312,313,315,379,380,381,:
315:312,313,314,316,318,379,380,381,:
316:315,317,318,319,320,321,322,323,325,:
317:316,318,319,321,322,323,:
318:315,316,317,319,320,321,322,323,325,336,381,:
319:316,317,318,320,321,322,324,325,331,335,336,344,345,:
320:316,318,319,321,324,325,326,327,329,330,331,332,333,335,336,337,338,340,344,345,:
321:316,317,318,319,320,322,323,339,379,381,:
322:316,317,318,319,321,323,376,377,379,380,381,:
323:312,316,317,318,321,322,379,380,381,:
324:319,320,325,326,327,328,329,330,331,336,:
325:316,318,319,320,324,326,327,329,330,331,336,:
326:320,324,325,327,328,329,330,331,332,336,:
327:320,324,325,326,328,329,330,331,332,333,335,336,:
328:46,47,48,324,326,327,329,330,331,332,333,334,335,336,341,:
329:39,320,324,325,326,327,328,330,331,336,342,:
330:320,324,325,326,327,328,329,331,332,333,334,335,336,:
331:319,320,324,325,326,327,328,329,330,332,333,335,336,:
332:320,326,327,328,330,331,333,334,335,336,337,345,:
333:320,327,328,330,331,332,334,335,336,337,338,340,341,344,345,:
334:328,330,332,333,335,336,337,338,340,344,345,470,471,:
335:319,320,327,328,330,331,332,333,334,336,337,338,339,340,341,343,344,345,:
336:318,319,320,324,325,326,327,328,329,330,331,332,333,334,335,337,338,339,340,341,344,345,:
337:320,332,333,334,335,336,338,339,340,341,342,343,344,345,346,363,372,:
338:320,333,334,335,336,337,339,340,341,344,345,346,347,348,349,353,354,362,363,372,:
339:321,335,336,337,338,340,344,345,346,347,348,353,354,362,363,364,365,371,372,373,376,377,383,:
340:33,320,333,334,335,336,337,338,339,341,342,343,344,372,:
341:328,333,335,336,337,338,340,342,343,:
342:13,30,33,48,74,329,337,340,341,343,380,:
343:33,335,337,340,341,342,469,471,:
344:319,320,333,334,335,336,337,338,339,340,345,346,347,348,349,350,353,354,363,372,:
345:319,320,332,333,334,335,336,337,338,339,344,346,347,349,353,354,:
346:337,338,339,344,345,347,348,349,350,351,352,353,354,355,363,372,:
347:338,339,344,345,346,348,349,350,351,353,354,355,356,357,358,360,362,363,372,382,383,:
348:338,339,344,346,347,349,350,351,353,354,355,356,357,362,363,371,372,374,382,383,384,387,388,389,390,391,392,:
349:338,344,345,346,347,348,350,351,352,353,354,:
350:344,346,347,348,349,351,352,353,390,391,392,:
351:346,347,348,349,350,352,390,391,:
352:346,349,350,351,:
353:338,339,344,345,346,347,348,349,350,354,355,356,357,358,359,360,362,363,372,383,:
354:338,339,344,345,346,347,348,349,353,355,356,358,359,360,361,362,363,:
355:346,347,348,353,354,356,357,358,359,360,361,362,363,364,383,:
356:347,348,353,354,355,357,358,359,362,363,364,365,366,367,371,372,382,383,394,:
357:347,348,353,355,356,358,362,363,364,365,366,371,372,382,383,384,385,387,393,394,398,:
358:347,353,354,355,356,357,359,360,361,362,363,:
359:353,354,355,356,358,360,361,:
360:347,353,354,355,358,359,361,:
361:354,355,358,359,360,:
362:338,339,347,348,353,354,355,356,357,358,363,364,365,366,367,368,371,372,383,394,:
363:337,338,339,344,346,347,348,353,354,355,356,357,358,362,364,365,367,368,371,372,383,:
364:339,355,356,357,362,363,365,366,367,368,369,370,371,372,373,383,394,:
365:17,339,356,357,362,363,364,366,367,368,371,372,373,374,375,376,382,383,393,394,400,:
366:356,357,362,364,365,367,371,372,373,374,375,382,383,385,393,394,395,396,398,399,400,404,405,:
367:17,33,356,362,363,364,365,366,368,369,370,371,372,:
368:362,363,364,365,367,369,370,:
369:32,364,367,368,370,449,466,467,469,:
370:364,367,368,369,437,439,447,448,449,:
371:17,33,339,348,356,357,362,363,364,365,366,367,372,373,374,375,376,377,378,382,383,394,400,:
372:33,337,338,339,340,344,346,347,348,353,356,357,362,363,364,365,366,367,371,373,374,376,377,378,382,383,:
373:33,277,339,364,365,366,371,372,374,375,376,377,378,379,382,383,384,394,400,:
374:348,365,366,371,372,373,375,376,377,382,383,384,385,386,387,393,394,399,400,409,:
375:277,365,366,371,373,374,376,382,383,384,385,386,393,394,399,400,401,402,404,408,409,410,413,414,415,:
376:277,300,322,339,365,371,372,373,374,375,377,378,379,380,381,382,383,:
377:17,30,33,277,299,300,322,339,371,372,373,374,376,378,379,380,381,:
378:13,16,17,30,33,277,298,299,300,371,372,373,376,377,379,380,381,407,:
379:33,277,300,314,315,321,322,323,373,376,377,378,380,381,:
380:30,33,296,298,299,300,314,315,322,323,342,376,377,378,379,381,:
381:314,315,318,321,322,323,376,377,378,379,380,:
382:347,348,356,357,365,366,371,372,373,374,375,376,383,384,385,386,387,388,389,393,394,400,409,:
383:339,347,348,353,355,356,357,362,363,364,365,366,371,372,373,374,375,376,382,384,385,387,388,389,393,394,:
384:348,357,373,374,375,382,383,385,386,387,388,389,390,393,394,395,400,409,:
385:357,366,374,375,382,383,384,386,387,388,393,394,395,396,397,398,399,400,408,409,:
386:374,375,382,384,385,387,393,394,395,396,397,399,400,408,409,410,411,413,:
387:348,357,374,382,383,384,385,386,388,389,390,391,392,393,394,:
388:348,382,383,384,385,387,389,390,391,392,:
389:348,382,383,384,387,388,390,391,392,:
390:348,350,351,384,387,388,389,391,392,:
391:348,350,351,387,388,389,390,392,:
392:348,350,387,388,389,390,391,:
393:357,365,366,374,375,382,383,384,385,386,387,394,395,396,397,398,399,400,409,:
394:356,357,362,364,365,366,371,373,374,375,382,383,384,385,386,387,393,395,396,398,399,400,:
395:366,384,385,386,393,394,396,397,398,399,400,401,409,:
396:366,385,386,393,394,395,397,398,399,400,401,402,403,404,408,409,:
397:385,386,393,395,396,398,399,400,401,402,403,408,409,:
398:357,366,385,393,394,395,396,397,399,400,423,425,446,:
399:366,374,375,385,386,393,394,395,396,397,398,400,401,402,403,404,405,406,408,409,:
400:365,366,371,373,374,375,382,384,385,386,393,394,395,396,397,398,399,401,402,404,405,408,409,:
401:375,395,396,397,399,400,402,403,404,405,406,407,408,409,410,:
402:375,396,397,399,400,401,403,404,405,406,408,409,410,411,413,:
403:396,397,399,401,402,404,406,408,409,410,411,412,:
404:366,375,396,399,400,401,402,403,405,406,407,408,409,:
405:366,399,400,401,402,404,406,407,425,:
406:252,277,278,399,401,402,403,404,405,407,408,:
407:16,17,32,33,299,300,378,401,404,405,406,:
408:375,385,386,396,397,399,400,401,402,403,404,406,409,410,411,412,413,414,:
409:374,375,382,384,385,386,393,395,396,397,399,400,401,402,403,404,408,410,411,413,414,:
410:375,386,401,402,403,408,409,411,412,413,414,415,416,:
411:386,402,403,408,409,410,412,413,414,:
412:403,408,410,411,413,:
413:375,386,402,408,409,410,411,412,414,415,416,:
414:278,375,408,409,410,411,413,415,416,:
415:375,410,413,414,416,:
416:278,410,413,414,415,:
417:418,419,420,421,422,423,424,425,426,427,435,:
418:417,419,420,422,423,424,426,427,:
419:417,418,420,421,422,423,424,425,426,427,428,435,:
420:417,418,419,421,422,423,424,425,426,427,428,429,430,431,434,435,448,:
421:417,419,420,422,425,426,427,428,429,430,434,435,436,437,439,447,448,449,452,:
422:417,418,419,420,421,423,424,425,426,427,:
423:398,417,418,419,420,422,424,425,:
424:417,418,419,420,422,423,425,:
425:398,405,417,419,420,421,422,423,424,426,:
426:417,418,419,420,421,422,425,427,428,429,430,431,432,433,435,448,:
427:417,418,419,420,421,422,426,428,429,431,432,:
428:183,222,419,420,421,426,427,429,430,431,432,433,435,448,:
429:420,421,426,427,428,430,431,432,433,434,435,447,448,454,:
430:183,420,421,426,428,429,431,432,433,434,435,437,447,448,449,450,452,453,454,455,458,460,:
431:183,192,420,426,427,428,429,430,432,433,:
432:182,183,186,187,192,426,427,428,429,430,431,433,:
433:182,183,426,428,429,430,431,432,460,:
434:420,421,429,430,435,436,437,438,439,440,447,448,454,:
435:417,419,420,421,426,428,429,430,434,436,437,439,440,447,448,:
436:421,434,435,437,438,439,440,441,447,448,449,454,:
437:370,421,430,434,435,436,438,439,440,447,448,449,450,451,452,453,454,462,:
438:434,436,437,439,447,448,449,450,451,453,454,461,462,463,466,:
439:370,421,434,435,436,437,438,440,441,442,447,448,:
440:434,435,436,437,439,441,442,443,:
441:436,439,440,442,443,444,445,446,:
442:439,440,441,443,444,445,446,:
443:440,441,442,444,445,446,:
444:441,442,443,445,446,:
445:441,442,443,444,446,:
446:398,441,442,443,444,445,:
447:370,421,429,430,434,435,436,437,438,439,448,449,450,451,452,453,454,462,:
448:370,420,421,426,428,429,430,434,435,436,437,438,439,447,449,450,452,453,454,:
449:369,370,421,430,436,437,438,447,448,450,451,452,453,454,455,462,:
450:185,430,437,438,447,448,449,451,452,453,454,455,456,457,458,461,462,473,:
451:437,438,447,449,450,452,453,454,455,456,457,461,462,463,464,466,472,473,474,477,478,479,:
452:15,31,32,184,185,421,430,437,447,448,449,450,451,453,454,:
453:185,430,437,438,447,448,449,450,451,452,454,455,456,457,458,459,460,462,473,:
454:429,430,434,436,437,438,447,448,449,450,451,452,453,455,456,458,460,:
455:430,449,450,451,453,454,456,457,458,459,460,462,473,:
456:450,451,453,454,455,457,458,459,460,461,462,472,473,:
457:450,451,453,455,456,458,459,461,462,472,473,474,475,513,:
458:430,450,453,454,455,456,457,459,460,:
459:453,455,456,457,458,460,:
460:182,185,430,433,453,454,455,456,458,459,:
461:438,450,451,456,457,462,463,464,465,466,467,472,473,:
462:437,438,447,449,450,451,453,455,456,457,461,463,464,466,472,473,:
463:438,451,461,462,464,465,466,467,468,469,472,473,474,:
464:451,461,462,463,465,466,467,469,472,473,474,475,477,485,:
465:461,463,464,466,467,469,472,473,474,475,476,484,485,489,490,492,:
466:369,438,451,461,462,463,464,465,467,468,469,470,471,472,473,:
467:369,461,463,464,465,466,468,469,470,471,472,:
468:463,466,467,469,470,471,:
469:343,369,463,464,465,466,467,468,470,471,472,492,:
470:334,466,467,468,469,471,:
471:334,343,466,467,468,469,470,492,:
472:451,456,457,461,462,463,464,465,466,467,469,473,474,475,476,477,478,479,485,:
473:450,451,453,455,456,457,461,462,463,464,465,466,472,474,475,477,478,479,:
474:451,457,463,464,465,472,473,475,476,477,478,479,480,485,:
475:457,464,465,472,473,474,476,477,478,484,485,513,:
476:465,472,474,475,477,484,485,486,487,489,512,:
477:451,464,472,473,474,475,476,478,479,480,481,482,:
478:25,451,472,473,474,475,477,479,480,481,482,483,:
479:25,28,451,472,473,474,477,478,480,481,482,483,:
480:25,82,474,477,478,479,481,482,483,492,:
481:11,14,15,25,28,31,477,478,479,480,482,483,:
482:25,48,82,477,478,479,480,481,483,492,:
483:9,24,25,478,479,480,481,482,:
484:465,475,476,485,486,487,488,489,490,491,:
485:464,465,472,474,475,476,484,486,487,489,490,492,:
486:476,484,485,487,488,489,490,491,492,:
487:476,484,485,486,488,489,490,491,:
488:484,486,487,489,491,:
489:465,476,484,485,486,487,488,490,491,492,:
490:465,484,485,486,487,489,491,492,:
491:484,486,487,488,489,490,492,:
492:465,469,471,480,482,485,486,489,490,491,:
493:114,494,495,496,497,498,499,:
494:112,113,114,493,495,496,498,:
495:114,150,493,494,496,497,498,499,500,501,:
496:493,494,495,497,498,499,501,506,:
497:493,495,496,498,499,501,505,506,507,510,511,:
498:114,493,494,495,496,497,499,500,501,502,503,:
499:493,495,496,497,498,500,501,502,503,504,:
500:80,106,495,498,499,501,502,503,504,:
501:495,496,497,498,499,500,502,503,504,512,:
502:23,27,106,175,498,499,500,501,503,504,:
503:82,498,499,500,501,502,504,511,512,:
504:82,499,500,501,502,503,:
505:174,497,506,507,508,509,510,511,:
506:496,497,505,507,508,510,511,:
507:497,505,506,508,509,510,511,512,513,:
508:505,506,507,509,510,511,:
509:505,507,508,510,:
510:497,505,506,507,508,509,511,512,513,:
511:497,503,505,506,507,508,510,512,513,:
512:476,501,503,507,510,511,513,:
513:457,475,507,510,511,512,:
