1:2,3,4,5,6,7,10,46,47,48,49,52,53,54,138,140,144,178,597,598,599,616,:
2:1,3,4,5,6,7,10,46,47,48,49,122,140,591,598,599,600,603,615,616,:
3:1,2,4,5,6,7,8,9,10,11,46,47,48,49,50,51,121,122,599,603,609,610,611,614,615,616,:
4:1,2,3,5,6,7,8,9,10,11,46,50,51,52,53,54,122,125,599,610,615,616,:
5:1,2,3,4,6,7,8,9,10,46,50,51,52,53,54,140,599,616,:
6:1,2,3,4,5,46,47,48,49,591,603,604,615,616,:
7:1,2,3,4,5,8,9,10,11,12,50,51,53,54,55,61,125,615,616,:
8:3,4,5,7,9,10,11,12,13,50,51,53,54,55,61,67,:
9:3,4,5,7,8,11,12,13,14,15,18,19,21,50,51,54,55,56,58,60,61,62,67,599,610,:
10:1,2,3,4,5,7,8,27,46,50,52,53,54,67,71,72,130,390,599,:
11:3,4,7,8,9,12,13,14,15,17,18,50,51,55,56,59,61,62,599,602,603,609,610,616,:
12:7,8,9,11,13,14,15,17,18,19,20,21,51,54,55,56,57,58,60,61,62,67,599,:
13:8,9,11,12,14,15,16,17,18,19,20,21,22,55,56,57,58,60,61,62,63,599,606,:
14:9,11,12,13,15,16,17,18,19,20,21,55,56,57,58,59,60,61,290,291,295,:
15:9,11,12,13,14,16,17,18,56,57,58,59,60,61,301,:
16:13,14,15,17,18,57,58,59,60,61,289,299,301,648,652,653,654,:
17:11,12,13,14,15,16,18,56,57,58,59,60,61,608,645,646,653,:
18:9,11,12,13,14,15,16,17,55,56,57,58,59,60,61,299,300,301,:
19:9,12,13,14,20,21,22,23,24,25,28,55,56,57,58,62,63,67,69,74,75,291,599,:
20:12,13,14,19,21,22,23,28,55,56,57,58,62,63,67,69,74,75,272,281,282,283,284,286,290,291,294,:
21:9,12,13,14,19,20,22,23,24,25,26,28,32,55,56,57,62,63,64,65,66,67,69,74,75,80,598,599,606,607,:
22:13,19,20,21,23,24,25,26,27,28,29,32,62,63,64,65,66,67,69,70,74,75,80,274,599,:
23:19,20,21,22,24,25,28,29,30,31,32,33,62,63,64,65,66,74,75,76,79,80,195,196,274,586,607,:
24:19,21,22,23,25,26,27,28,32,62,63,64,65,66,67,68,69,70,71,72,73,80,195,196,599,:
25:19,21,22,23,24,26,27,54,55,62,63,65,66,67,68,69,70,71,72,73,:
26:21,22,24,25,27,63,65,66,67,68,69,70,71,72,73,272,273,274,275,294,365,367,:
27:10,22,24,25,26,52,54,65,66,67,68,69,70,71,72,73,179,367,:
28:19,20,21,22,23,24,29,30,31,32,33,34,62,63,64,74,75,76,77,78,79,80,81,282,586,607,:
29:22,23,28,30,31,32,33,34,35,63,64,74,75,76,77,78,79,81,210,282,586,:
30:23,28,29,31,33,34,74,75,76,77,78,79,81,287,288,586,:
31:23,28,29,30,33,34,35,36,39,40,63,64,74,75,76,77,78,79,81,82,83,95,210,274,282,:
32:21,22,23,24,28,29,62,63,64,65,66,74,75,76,80,194,195,196,207,584,585,586,596,597,598,599,607,:
33:23,28,29,30,31,34,35,39,40,41,44,63,64,74,75,76,77,78,81,82,90,95,269,270,272,273,274,281,282,283,287,:
34:28,29,30,31,33,35,36,37,38,39,40,41,64,74,76,77,78,81,82,83,87,89,90,210,274,547,:
35:29,31,33,34,36,37,38,39,40,41,42,76,81,82,83,84,85,86,87,88,89,90,95,263,274,547,:
36:31,34,35,37,38,39,40,41,81,82,83,84,85,86,87,88,89,90,216,:
37:34,35,36,38,39,41,82,83,84,85,86,87,88,89,90,258,263,501,:
38:34,35,36,37,39,40,41,81,82,83,84,85,86,87,88,89,210,481,485,543,546,547,:
39:31,33,34,35,36,37,38,40,41,42,43,44,81,82,83,85,86,87,89,90,91,92,95,96,98,263,546,547,:
40:31,33,34,35,36,38,39,41,42,43,44,77,81,82,86,87,89,90,91,92,95,96,543,545,546,547,:
41:33,34,35,36,37,38,39,40,42,43,44,45,82,85,86,89,90,91,92,93,95,96,97,98,99,262,263,507,547,:
42:35,39,40,41,43,44,45,86,90,91,92,93,94,95,96,97,98,99,263,507,547,:
43:39,40,41,42,44,45,90,91,92,93,94,95,96,97,98,99,:
44:33,39,40,41,42,43,45,90,91,92,93,94,95,96,97,98,99,270,281,282,283,287,:
45:41,42,43,44,90,91,92,93,94,95,96,97,98,99,261,262,263,264,265,267,269,270,271,:
46:1,2,3,4,5,6,10,48,49,52,53,54,140,144,177,178,179,591,597,598,599,:
47:1,2,3,6,48,49,122,591,603,604,609,611,614,615,616,732,736,:
48:1,2,3,6,46,47,49,139,140,143,144,150,152,591,:
49:1,2,3,6,46,47,48,590,591,595,597,598,600,601,603,604,:
50:3,4,5,7,8,9,10,11,51,53,54,124,125,390,616,:
51:3,4,5,7,8,9,11,12,50,61,122,124,125,610,614,615,616,:
52:1,4,5,10,27,46,53,54,67,71,72,130,177,178,179,409,412,:
53:1,4,5,7,8,10,46,50,52,54,71,72,129,130,390,409,412,:
54:1,4,5,7,8,9,10,12,25,27,46,50,52,53,55,62,66,67,71,72,599,:
55:7,8,9,11,12,13,14,18,19,20,21,25,54,56,57,58,60,61,62,67,69,:
56:9,11,12,13,14,15,17,18,19,20,21,55,57,58,61,62,75,599,602,605,606,607,608,610,:
57:12,13,14,15,16,17,18,19,20,21,55,56,58,60,283,284,286,287,288,289,290,291,295,:
58:9,12,13,14,15,16,17,18,19,20,55,56,57,59,60,61,290,291,292,295,296,297,299,301,:
59:11,14,15,16,17,18,58,60,61,299,300,301,:
60:9,12,13,14,15,16,17,18,55,57,58,59,61,295,296,297,298,299,300,301,:
61:7,8,9,11,12,13,14,15,16,17,18,51,55,56,58,59,60,610,:
62:9,11,12,13,19,20,21,22,23,24,25,28,32,54,55,56,63,65,66,67,74,75,80,597,598,599,600,602,606,607,:
63:13,19,20,21,22,23,24,25,26,28,29,31,32,33,62,64,65,66,67,68,69,70,74,75,80,272,273,274,282,291,:
64:21,22,23,24,28,29,31,32,33,34,63,65,66,74,75,76,80,81,194,195,196,274,276,:
65:21,22,23,24,25,26,27,32,62,63,64,66,67,68,69,70,71,72,73,80,194,195,196,274,276,428,:
66:21,22,23,24,25,26,27,32,54,62,63,64,65,67,69,70,71,72,73,80,194,195,196,597,598,599,:
67:8,9,10,12,19,20,21,22,24,25,26,27,52,54,55,62,63,65,66,68,69,70,71,72,73,599,:
68:24,25,26,27,63,65,67,69,70,71,72,73,294,365,367,:
69:19,20,21,22,24,25,26,27,55,63,65,66,67,68,70,72,73,272,273,274,275,291,293,294,:
70:22,24,25,26,27,63,65,66,67,68,69,71,72,73,272,273,274,275,276,277,278,365,367,:
71:10,24,25,26,27,52,53,54,65,66,67,68,70,72,73,177,179,:
72:10,24,25,26,27,52,53,54,65,66,67,68,69,70,71,73,179,367,412,414,:
73:24,25,26,27,65,66,67,68,69,70,71,72,179,367,369,428,:
74:19,20,21,22,23,28,29,30,31,32,33,34,62,63,64,75,76,77,78,79,281,282,286,287,288,:
75:19,20,21,22,23,28,29,30,31,32,33,56,62,63,64,74,76,77,78,79,80,288,584,586,606,607,:
76:23,28,29,30,31,32,33,34,35,64,74,75,77,78,79,80,81,208,209,210,586,:
77:28,29,30,31,33,34,40,74,75,76,78,79,81,210,543,547,569,:
78:28,29,30,31,33,34,74,75,76,77,79,282,286,287,288,:
79:23,28,29,30,31,74,75,76,77,78,288,569,584,586,607,:
80:21,22,23,24,28,32,62,63,64,65,66,75,76,193,194,195,196,207,584,585,586,595,596,597,598,599,607,:
81:28,29,30,31,33,34,35,36,38,39,40,64,76,77,82,83,87,88,89,209,210,211,213,216,543,547,:
82:31,33,34,35,36,37,38,39,40,41,81,83,84,85,86,87,89,90,95,98,262,263,267,269,272,273,274,276,:
83:31,34,35,36,37,38,39,81,82,84,85,86,87,88,89,210,213,216,220,274,276,:
84:35,36,37,38,82,83,85,86,87,88,89,90,258,481,498,501,:
85:35,36,37,38,39,41,82,83,84,86,88,89,90,258,262,263,:
86:35,36,37,38,39,40,41,42,82,83,84,85,87,88,89,90,92,263,500,501,506,507,:
87:34,35,36,37,38,39,40,81,82,83,84,86,88,89,209,210,213,216,485,541,543,545,546,547,:
88:35,36,37,38,81,83,84,85,86,87,89,213,220,480,481,482,483,485,:
89:34,35,36,37,38,39,40,41,81,82,83,84,85,86,87,88,90,481,482,543,545,546,547,:
90:33,34,35,36,37,39,40,41,42,43,44,45,82,84,85,86,89,91,92,93,95,97,98,99,262,263,265,267,269,507,:
91:39,40,41,42,43,44,45,90,92,93,94,95,96,97,98,507,546,547,:
92:39,40,41,42,43,44,45,86,90,91,93,95,96,97,98,99,263,265,506,507,508,:
93:41,42,43,44,45,90,91,92,94,95,96,97,98,99,:
94:42,43,44,45,91,93,95,96,97,98,99,270,271,281,282,283,287,:
95:31,33,35,39,40,41,42,43,44,45,82,90,91,92,93,94,96,97,98,99,269,270,271,281,282,283,287,:
96:39,40,41,42,43,44,45,91,92,93,94,95,98,99,287,:
97:41,42,43,44,45,90,91,92,93,94,95,98,99,261,262,263,264,265,266,267,508,:
98:39,41,42,43,44,45,82,90,91,92,93,94,95,96,97,99,261,262,263,264,265,267,268,269,270,271,281,282,:
99:41,42,43,44,45,90,92,93,94,95,96,97,98,262,263,264,267,269,270,271,:
100:101,102,103,104,105,106,113,139,141,142,153,:
101:100,102,103,104,105,106,113,138,139,140,141,142,143,:
102:100,101,103,104,105,106,107,113,114,115,152,153,154,155,:
103:100,101,102,104,105,106,113,114,115,116,117,118,120,127,138,139,152,154,156,:
104:100,101,102,103,105,106,113,114,115,116,117,121,126,127,129,138,139,140,141,142,:
105:100,101,102,103,104,106,107,108,113,114,117,:
106:100,101,102,103,104,105,107,108,109,113,114,117,127,:
107:102,105,106,108,109,110,111,112,:
108:105,106,107,109,110,111,112,133,134,:
109:106,107,108,110,111,112,:
110:107,108,109,111,112,:
111:107,108,109,110,112,:
112:107,108,109,110,111,134,:
113:100,101,102,103,104,105,106,114,115,116,117,118,119,120,121,122,127,139,152,154,155,156,762,:
114:102,103,104,105,106,113,115,116,117,118,119,120,152,154,155,156,762,:
115:102,103,104,113,114,116,117,118,119,120,121,122,123,127,139,615,:
116:103,104,113,114,115,117,118,119,120,121,122,123,124,126,127,139,615,:
117:103,104,105,106,113,114,115,116,118,119,120,121,122,123,124,126,127,139,667,:
118:103,113,114,115,116,117,119,120,121,122,615,662,762,:
119:113,114,115,116,117,118,120,121,122,661,662,667,762,:
120:103,113,114,115,116,117,118,119,662,762,:
121:3,104,113,115,116,117,118,119,122,123,124,125,126,127,139,614,615,616,617,:
122:2,3,4,47,51,113,115,116,117,118,119,121,123,124,125,126,127,139,611,614,615,616,617,:
123:115,116,117,121,122,124,125,126,127,128,615,616,:
124:50,51,116,117,121,122,123,125,126,127,128,129,131,132,138,139,:
125:4,7,50,51,121,122,123,124,126,127,128,129,:
126:104,116,117,121,122,123,124,125,127,128,129,130,131,132,138,139,:
127:103,104,106,113,115,116,117,121,122,123,124,125,126,128,129,131,132,138,139,:
128:123,124,125,126,127,129,130,131,132,133,138,139,140,409,:
129:53,104,124,125,126,127,128,130,131,132,138,139,140,141,142,408,409,:
130:10,52,53,126,128,129,131,138,139,140,141,390,396,406,408,409,410,:
131:124,126,127,128,129,130,132,133,134,135,137,138,139,:
132:124,126,127,128,129,131,133,134,135,136,137,:
133:108,128,131,132,134,135,136,137,:
134:108,112,131,132,133,135,136,137,:
135:131,132,133,134,136,137,391,:
136:132,133,134,135,137,391,:
137:131,132,133,134,135,136,389,:
138:1,101,103,104,124,126,127,128,129,130,131,139,140,141,142,143,144,409,:
139:48,100,101,103,104,113,115,116,117,121,122,124,126,127,128,129,130,131,138,140,141,142,143,:
140:1,2,5,46,48,101,104,128,129,130,138,139,141,142,143,144,145,178,409,:
141:100,101,104,129,130,138,139,140,142,143,144,145,146,147,148,149,178,:
142:100,101,104,129,138,139,140,141,143,144,145,146,158,165,:
143:48,101,138,139,140,141,142,144,145,146,147,148,149,150,157,158,178,:
144:1,46,48,138,140,141,142,143,145,146,147,148,149,150,178,:
145:140,141,142,143,144,146,147,148,149,150,151,157,158,159,:
146:141,142,143,144,145,147,148,149,157,158,159,160,162,181,:
147:141,143,144,145,146,148,157,158,159,160,162,173,174,178,180,181,182,185,187,:
148:141,143,144,145,146,147,149,150,151,152,153,157,158,517,:
149:141,143,144,145,146,148,150,151,152,153,154,517,:
150:48,143,144,145,148,149,151,152,153,154,155,156,516,:
151:145,148,149,150,152,153,154,155,:
152:48,102,103,113,114,148,149,150,151,153,154,155,156,762,:
153:100,102,148,149,150,151,152,154,155,156,:
154:102,103,113,114,149,150,151,152,153,155,156,762,:
155:102,113,114,150,151,152,153,154,156,760,761,762,:
156:103,113,114,150,152,153,154,155,760,761,762,763,:
157:143,145,146,147,148,158,159,160,161,162,163,164,165,181,:
158:142,143,145,146,147,148,157,159,160,161,162,163,164,165,167,:
159:145,146,147,157,158,160,161,162,163,164,165,181,:
160:146,147,157,158,159,161,162,163,164,:
161:157,158,159,160,162,163,164,:
162:146,147,157,158,159,160,161,163,164,165,166,167,171,173,404,:
163:157,158,159,160,161,162,164,165,166,167,168,:
164:157,158,159,160,161,162,163,165,166,167,168,169,:
165:142,157,158,159,162,163,164,166,167,168,169,170,395,:
166:162,163,164,165,167,168,169,170,:
167:158,162,163,164,165,166,168,169,170,395,:
168:163,164,165,166,167,169,170,395,:
169:164,165,166,167,168,170,:
170:165,166,167,168,169,:
171:162,172,173,174,175,176,177,180,181,418,419,430,:
172:171,173,174,175,176,404,415,416,417,418,419,420,422,430,:
173:147,162,171,172,174,175,176,177,178,179,180,181,182,419,430,:
174:147,171,172,173,175,176,177,179,180,181,182,183,184,185,187,188,189,430,:
175:171,172,173,174,176,177,180,181,182,183,188,189,422,423,429,430,431,433,434,:
176:171,172,173,174,175,177,178,179,180,181,407,419,:
177:46,52,71,171,173,174,175,176,178,179,180,181,:
178:1,46,52,140,141,143,144,147,173,176,177,179,181,408,409,410,:
179:27,46,52,71,72,73,173,174,176,177,178,:
180:147,171,173,174,175,176,177,181,182,183,184,185,186,187,188,189,430,:
181:146,147,157,159,171,173,174,175,176,177,178,180,182,183,184,185,187,:
182:147,173,174,175,180,181,183,184,185,186,187,188,189,190,:
183:174,175,180,181,182,184,185,186,187,188,189,190,191,193,198,593,594,:
184:174,180,181,182,183,185,186,188,189,190,191,193,198,590,591,592,593,594,:
185:147,174,180,181,182,183,184,186,187,188,189,:
186:180,182,183,184,185,187,188,189,445,593,594,:
187:147,174,180,181,182,183,185,186,:
188:174,175,180,182,183,184,185,186,189,190,191,192,193,194,197,198,433,593,594,:
189:174,175,180,182,183,184,185,186,188,190,191,192,193,197,430,431,432,433,439,:
190:182,183,184,188,189,191,192,193,194,195,196,197,198,199,207,433,593,594,:
191:183,184,188,189,190,192,193,194,195,196,197,198,199,200,202,206,207,212,218,433,439,593,594,:
192:188,189,190,191,193,194,195,196,197,198,199,200,206,207,211,212,215,218,433,438,439,448,:
193:80,183,184,188,189,190,191,192,194,195,196,197,198,207,217,218,426,428,433,:
194:32,64,65,66,80,188,190,191,192,193,195,196,197,206,207,211,212,217,218,428,585,:
195:23,24,32,64,65,66,80,190,191,192,193,194,196,197,198,206,207,208,212,218,584,585,595,596,597,:
196:23,24,32,64,65,66,80,190,191,192,193,194,195,206,207,209,211,212,213,216,217,218,428,:
197:188,189,190,191,192,193,194,195,198,199,200,201,202,203,204,205,206,207,212,439,585,588,593,594,:
198:183,184,188,190,191,192,193,195,197,199,200,202,203,204,205,206,207,585,587,588,589,590,592,593,594,595,596,:
199:190,191,192,197,198,200,201,202,203,204,205,206,207,208,212,439,588,:
200:191,192,197,198,199,201,202,203,204,205,206,207,208,209,211,212,585,:
201:197,199,200,202,203,204,206,207,208,209,211,212,448,452,574,:
202:191,197,198,199,200,201,203,204,205,206,207,574,588,593,:
203:197,198,199,200,201,202,204,205,206,207,573,574,578,580,581,585,587,588,589,592,593,:
204:197,198,199,200,201,202,203,205,206,207,208,573,574,578,580,581,583,585,587,588,:
205:197,198,199,200,202,203,204,588,593,:
206:191,192,194,195,196,197,198,199,200,201,202,203,204,207,208,209,210,211,212,584,585,:
207:32,80,190,191,192,193,194,195,196,197,198,199,200,201,202,203,204,206,208,209,211,212,218,584,585,588,596,:
208:76,195,199,200,201,204,206,207,209,210,211,212,213,584,585,:
209:76,81,87,196,200,201,206,207,208,210,211,212,213,214,215,216,218,:
210:29,31,34,38,76,77,81,83,87,206,208,209,211,212,213,216,541,543,:
211:81,192,194,196,200,201,206,207,208,209,210,212,213,214,215,216,217,218,219,448,:
212:191,192,194,195,196,197,199,200,201,206,207,208,209,210,211,213,214,215,216,217,218,219,439,448,:
213:81,83,87,88,196,208,209,210,211,212,214,215,216,217,218,219,220,221,:
214:209,211,212,213,215,216,217,218,219,220,221,222,224,225,227,228,439,447,448,452,:
215:192,209,211,212,213,214,216,217,218,219,220,221,222,224,225,228,438,439,440,441,447,448,449,452,:
216:36,81,83,87,196,209,210,211,212,213,214,215,217,218,219,220,228,276,:
217:193,194,196,211,212,213,214,215,216,218,219,220,228,276,280,428,:
218:191,192,193,194,195,196,207,209,211,212,213,214,215,216,217,219,428,:
219:211,212,213,214,215,216,217,218,220,221,222,223,224,225,226,227,228,448,:
220:83,88,213,214,215,216,217,219,221,222,224,225,227,228,234,:
221:213,214,215,219,220,222,223,224,225,226,227,228,229,448,:
222:214,215,219,220,221,223,224,225,227,228,229,230,231,232,233,234,:
223:219,221,222,224,227,228,229,230,232,:
224:214,215,219,220,221,222,223,225,226,227,228,450,451,456,457,486,488,:
225:214,215,219,220,221,222,224,226,447,448,449,450,451,452,453,454,455,456,457,478,483,485,:
226:219,221,224,225,449,450,451,452,453,454,455,456,457,477,478,483,485,486,487,522,:
227:214,219,220,221,222,223,224,228,229,230,231,232,233,234,:
228:214,215,216,217,219,220,221,222,223,224,227,229,230,231,232,233,234,:
229:221,222,223,227,228,230,231,232,233,234,235,237,:
230:222,223,227,228,229,231,232,233,:
231:222,227,228,229,230,232,424,:
232:222,223,227,228,229,230,231,233,234,235,236,237,:
233:222,227,228,229,230,232,234,235,236,237,259,492,493,496,:
234:220,222,227,228,229,232,233,235,236,237,259,488,489,492,493,494,496,497,:
235:229,232,233,234,236,237,492,493,495,496,:
236:232,233,234,235,237,492,493,494,495,496,497,:
237:229,232,233,234,235,236,496,:
238:239,240,241,242,243,244,252,253,:
239:238,240,241,242,243,252,:
240:238,239,241,242,243,244,245,246,252,253,254,324,:
241:238,239,240,242,243,244,245,246,252,253,254,255,257,259,324,:
242:238,239,240,241,243,244,246,252,253,254,257,259,266,497,498,504,:
243:238,239,240,241,242,244,245,246,247,248,252,253,:
244:238,240,241,242,243,245,246,247,248,249,252,253,:
245:240,241,243,244,246,247,248,249,250,252,253,324,:
246:240,241,242,243,244,245,247,248,249,250,251,252,505,:
247:243,244,245,246,248,249,250,251,:
248:243,244,245,246,247,249,250,251,264,265,266,:
249:244,245,246,247,248,250,251,264,:
250:245,246,247,248,249,251,264,314,317,:
251:246,247,248,249,250,314,317,:
252:238,239,240,241,242,243,244,245,246,253,254,255,256,257,258,259,260,266,321,324,:
253:238,240,241,242,243,244,245,252,254,255,256,257,259,260,320,321,323,324,332,:
254:240,241,242,252,253,255,256,257,258,259,260,261,266,321,324,:
255:241,252,253,254,256,257,258,259,260,261,262,263,264,265,266,321,:
256:252,253,254,255,257,258,260,261,262,266,275,277,309,310,312,320,321,324,:
257:241,242,252,253,254,255,256,258,259,260,331,333,:
258:37,84,85,252,254,255,256,257,259,260,263,266,276,277,278,279,280,:
259:233,234,241,242,252,253,254,255,257,258,333,335,497,498,:
260:252,253,254,255,256,257,258,261,262,263,264,265,266,267,268,:
261:45,97,98,254,255,256,260,262,263,264,265,266,267,268,269,306,312,:
262:41,45,82,85,90,97,98,99,255,256,260,261,263,264,265,266,267,268,269,270,271,272,273,275,306,:
263:35,37,39,41,42,45,82,85,86,90,92,97,98,99,255,258,260,261,262,264,265,266,267,268,269,270,272,273,:
264:45,97,98,99,248,249,250,255,260,261,262,263,265,266,267,268,:
265:45,90,92,97,98,248,255,260,261,262,263,264,266,502,503,505,506,508,:
266:97,242,248,252,254,255,256,258,260,261,262,263,264,265,502,503,504,505,506,508,:
267:45,82,90,97,98,99,260,261,262,263,264,268,269,270,271,272,273,275,281,306,:
268:98,260,261,262,263,264,267,269,270,271,272,273,275,305,306,307,309,312,:
269:33,45,82,90,95,98,99,261,262,263,267,268,270,271,272,273,274,275,281,282,283,291,306,:
270:33,44,45,94,95,98,99,262,263,267,268,269,271,272,273,281,282,283,284,285,286,290,291,306,:
271:45,94,95,98,99,262,267,268,269,270,272,281,282,283,284,285,290,291,292,293,306,:
272:20,26,33,63,69,70,82,262,263,267,268,269,270,271,273,274,275,276,277,281,282,291,294,306,:
273:26,33,63,69,70,82,262,263,267,268,269,270,272,274,275,276,277,278,:
274:22,23,26,31,33,34,35,63,64,65,69,70,82,83,269,272,273,275,276,277,278,279,280,:
275:26,69,70,256,262,267,268,269,272,273,274,276,277,278,279,306,:
276:64,65,70,82,83,216,217,258,272,273,274,275,277,278,279,280,428,:
277:70,256,258,272,273,274,275,276,278,279,280,327,329,330,365,367,:
278:70,258,273,274,275,276,277,279,280,329,330,:
279:258,274,275,276,277,278,280,329,330,331,333,427,428,:
280:217,258,274,276,277,278,279,329,330,427,428,:
281:20,33,44,74,94,95,98,267,269,270,271,272,282,283,284,285,286,287,288,289,290,291,:
282:20,28,29,31,33,44,63,74,78,94,95,98,269,270,271,272,281,283,284,286,287,288,290,291,:
283:20,33,44,57,94,95,269,270,271,281,282,284,285,286,287,288,289,290,291,292,:
284:20,57,270,271,281,282,283,285,286,287,289,290,291,292,293,295,296,:
285:270,271,281,283,284,286,289,290,291,292,295,296,:
286:20,57,74,78,270,281,282,283,284,285,287,288,289,290,291,:
287:30,33,44,57,74,78,94,95,96,281,282,283,284,286,288,289,707,:
288:30,57,74,75,78,79,281,282,283,286,287,289,707,:
289:16,57,281,283,284,285,286,287,288,290,649,650,:
290:14,20,57,58,270,271,281,282,283,284,285,286,289,291,292,293,294,295,296,302,303,:
291:14,19,20,57,58,63,69,269,270,271,272,281,282,283,284,285,286,290,292,293,294,295,302,:
292:58,271,283,284,285,290,291,293,294,295,296,297,302,303,304,:
293:69,271,284,290,291,292,294,295,296,302,303,304,305,306,:
294:20,26,68,69,272,290,291,292,293,295,302,303,304,305,306,:
295:14,57,58,60,284,285,290,291,292,293,294,296,297,298,299,301,302,303,:
296:58,60,284,285,290,292,293,295,297,298,299,300,301,:
297:58,60,292,295,296,298,299,300,301,:
298:60,295,296,297,299,300,301,:
299:16,18,58,59,60,295,296,297,298,300,301,:
300:18,59,60,296,297,298,299,301,:
301:15,16,18,58,59,60,295,296,297,298,299,300,:
302:290,291,292,293,294,295,303,304,305,306,307,308,349,:
303:290,292,293,294,295,302,304,305,306,307,:
304:292,293,294,302,303,305,306,307,308,309,340,348,349,350,:
305:268,293,294,302,303,304,306,307,308,309,310,311,312,313,340,:
306:261,262,267,268,269,270,271,272,275,293,294,302,303,304,305,307,308,309,312,:
307:268,302,303,304,305,306,308,309,310,311,312,313,320,321,337,340,:
308:302,304,305,306,307,309,310,311,312,313,320,336,337,338,339,340,348,358,360,363,:
309:256,268,304,305,306,307,308,310,311,312,313,314,320,321,322,337,:
310:256,305,307,308,309,311,312,313,320,321,322,323,325,326,337,:
311:305,307,308,309,310,312,313,320,321,322,325,336,337,338,340,363,:
312:256,261,268,305,306,307,308,309,310,311,313,314,315,320,321,:
313:305,307,308,309,310,311,312,314,315,316,320,321,:
314:250,251,309,312,313,315,316,317,318,319,:
315:312,313,314,316,317,318,319,344,:
316:313,314,315,317,318,319,:
317:250,251,314,315,316,318,319,:
318:314,315,316,317,319,:
319:314,315,316,317,318,:
320:253,256,307,308,309,310,311,312,313,321,322,323,324,325,326,327,328,:
321:252,253,254,255,256,307,309,310,311,312,313,320,322,323,324,325,326,327,328,:
322:309,310,311,320,321,323,324,325,326,327,328,332,:
323:253,310,320,321,322,324,325,326,328,332,:
324:240,241,245,252,253,254,256,320,321,322,323,325,326,328,332,:
325:310,311,320,321,322,323,324,326,327,328,329,331,332,:
326:310,320,321,322,323,324,325,327,328,329,330,331,332,333,334,:
327:277,320,321,322,325,326,328,329,330,331,332,333,364,365,366,367,368,369,:
328:320,321,322,323,324,325,326,327,329,330,331,332,333,334,335,:
329:277,278,279,280,325,326,327,328,330,331,332,333,335,367,369,:
330:277,278,279,280,326,327,328,329,331,333,367,369,427,:
331:257,279,325,326,327,328,329,330,332,333,334,335,:
332:253,322,323,324,325,326,327,328,329,331,333,334,335,:
333:257,259,279,326,327,328,329,330,331,332,334,335,:
334:326,328,331,332,333,335,:
335:259,328,329,331,332,333,334,:
336:308,311,337,338,339,340,341,342,345,346,359,:
337:307,308,309,310,311,336,338,339,340,341,345,359,363,:
338:308,311,336,337,339,340,341,342,343,344,345,346,347,359,:
339:308,336,337,338,340,341,342,343,344,345,346,347,348,349,350,351,358,359,:
340:304,305,307,308,311,336,337,338,339,341,342,344,345,346,347,348,349,350,351,358,359,:
341:336,337,338,339,340,342,343,344,345,346,:
342:336,338,339,340,341,343,344,345,346,:
343:338,339,341,342,344,345,346,351,:
344:315,338,339,340,341,342,343,352,353,:
345:336,337,338,339,340,341,342,343,346,347,348,349,350,351,358,359,:
346:336,338,339,340,341,342,343,345,347,348,350,351,358,359,:
347:338,339,340,345,346,348,349,350,351,352,358,359,360,:
348:304,308,339,340,345,346,347,349,350,351,358,359,360,361,362,363,:
349:302,304,339,340,345,347,348,350,358,359,360,361,362,:
350:304,339,340,345,346,347,348,349,351,352,353,358,359,:
351:339,340,343,345,346,347,348,350,352,353,354,:
352:344,347,350,351,353,354,355,356,357,:
353:344,350,351,352,354,355,356,357,:
354:351,352,353,355,356,357,:
355:352,353,354,356,357,:
356:352,353,354,355,357,:
357:352,353,354,355,356,:
358:308,339,340,345,346,347,348,349,350,359,360,361,362,363,364,370,371,:
359:336,337,338,339,340,345,346,347,348,349,350,358,360,361,363,370,371,:
360:308,347,348,349,358,359,361,362,363,364,365,366,370,371,372,:
361:348,349,358,359,360,362,363,364,365,366,370,371,372,373,374,375,382,:
362:348,349,358,360,361,363,364,365,370,371,372,373,374,382,383,388,412,414,:
363:308,311,337,348,358,359,360,361,362,364,365,366,367,368,370,371,:
364:327,358,360,361,362,363,365,366,367,368,369,370,371,:
365:26,68,70,277,327,360,361,362,363,364,366,367,368,369,:
366:327,360,361,363,364,365,367,368,369,370,371,378,380,381,:
367:26,27,68,70,72,73,277,327,329,330,363,364,365,366,368,369,:
368:327,363,364,365,366,367,369,380,381,413,:
369:73,327,329,330,364,365,366,367,368,425,427,:
370:358,359,360,361,362,363,364,366,371,372,373,374,375,376,377,378,382,383,:
371:358,359,360,361,362,363,364,366,370,372,373,374,375,376,377,378,:
372:360,361,362,370,371,373,374,375,376,377,378,382,383,384,:
373:361,362,370,371,372,374,375,376,382,383,384,385,387,388,:
374:361,362,370,371,372,373,375,382,383,384,385,387,388,:
375:361,370,371,372,373,374,376,377,378,379,380,382,383,:
376:370,371,372,373,375,377,378,379,380,381,:
377:370,371,372,375,376,378,379,380,381,:
378:366,370,371,372,375,376,377,379,380,381,413,:
379:375,376,377,378,380,381,:
380:366,368,375,376,377,378,379,381,:
381:366,368,376,377,378,379,380,:
382:361,362,370,372,373,374,375,383,384,385,386,387,388,389,398,:
383:362,370,372,373,374,375,382,384,385,386,387,388,397,398,412,414,:
384:372,373,374,382,383,385,386,387,388,389,390,398,:
385:373,374,382,383,384,386,387,388,389,392,397,398,:
386:382,383,384,385,387,389,391,392,393,396,397,398,:
387:373,374,382,383,384,385,386,388,389,390,396,397,398,:
388:362,373,374,382,383,384,385,387,389,390,:
389:137,382,384,385,386,387,388,390,:
390:10,50,53,130,384,387,388,389,409,412,:
391:135,136,386,392,393,394,395,396,397,398,:
392:385,386,391,393,394,396,397,398,:
393:386,391,392,394,395,396,397,398,400,:
394:391,392,393,395,396,397,398,399,400,:
395:165,167,168,391,393,394,396,397,399,400,406,:
396:130,386,387,391,392,393,394,395,397,398,400,406,408,409,:
397:383,385,386,387,391,392,393,394,395,396,398,399,400,403,405,406,407,408,409,410,:
398:382,383,384,385,386,387,391,392,393,394,396,397,399,400,403,405,406,407,408,409,410,411,412,:
399:394,395,397,398,400,401,402,403,404,405,406,:
400:393,394,395,396,397,398,399,401,402,403,404,405,406,407,:
401:399,400,402,403,404,405,406,407,416,:
402:399,400,401,403,404,405,407,411,415,416,:
403:397,398,399,400,401,402,404,405,407,411,416,:
404:162,172,399,400,401,402,403,405,406,407,408,410,411,416,:
405:397,398,399,400,401,402,403,404,406,407,408,409,410,411,412,413,:
406:130,395,396,397,398,399,400,401,404,405,407,408,409,410,411,412,:
407:176,397,398,400,401,402,403,404,405,406,408,409,410,411,412,413,414,:
408:129,130,178,396,397,398,404,405,406,407,409,410,411,412,414,:
409:52,53,128,129,130,138,140,178,390,396,397,398,405,406,407,408,410,412,:
410:130,178,397,398,404,405,406,407,408,409,411,412,413,414,:
411:398,402,403,404,405,406,407,408,410,412,413,414,415,416,419,:
412:52,53,72,362,383,390,398,405,406,407,408,409,410,411,413,414,:
413:368,378,405,407,410,411,412,414,419,:
414:72,362,383,407,408,410,411,412,413,:
415:172,402,411,416,417,418,419,420,421,:
416:172,401,402,403,404,411,415,417,418,419,420,:
417:172,415,416,418,419,420,421,422,:
418:171,172,415,416,417,419,420,421,422,423,425,427,:
419:171,172,173,176,411,413,415,416,417,418,420,421,422,425,:
420:172,415,416,417,418,419,421,422,423,424,425,426,427,429,430,:
421:415,417,418,419,420,422,423,424,425,427,429,:
422:172,175,417,418,419,420,421,423,424,425,426,427,428,429,430,431,:
423:175,418,420,421,422,424,425,426,427,429,430,431,432,434,:
424:231,420,421,422,423,425,426,427,429,430,431,432,434,:
425:369,418,419,420,421,422,423,424,426,427,428,429,430,:
426:193,420,422,423,424,425,427,428,429,430,:
427:279,280,330,369,418,420,421,422,423,424,425,426,428,:
428:65,73,193,194,196,217,218,276,279,280,422,425,426,427,:
429:175,420,421,422,423,424,425,426,430,431,432,433,434,435,:
430:171,172,173,174,175,180,189,420,422,423,424,425,426,429,431,432,433,434,:
431:175,189,422,423,424,429,430,432,433,434,435,436,437,:
432:189,423,424,429,430,431,433,434,435,436,438,439,:
433:175,188,189,190,191,192,193,429,430,431,432,434,435,438,439,444,:
434:175,423,424,429,430,431,432,433,435,436,437,:
435:429,431,432,433,434,436,437,444,446,:
436:431,432,434,435,437,:
437:431,434,435,436,446,:
438:192,215,432,433,439,440,441,442,443,444,446,447,448,:
439:189,191,192,197,199,212,214,215,432,433,438,440,441,443,444,447,448,:
440:215,438,439,441,442,443,444,445,446,447,448,449,:
441:215,438,439,440,442,443,444,447,448,449,450,451,452,:
442:438,440,441,443,447,448,449,450,451,:
443:438,439,440,441,442,444,445,446,447,448,:
444:433,435,438,439,440,441,443,445,446,:
445:186,440,443,444,446,:
446:435,437,438,440,443,444,445,:
447:214,215,225,438,439,440,441,442,443,448,449,450,451,452,453,:
448:192,201,211,212,214,215,219,221,225,438,439,440,441,442,443,447,449,450,451,452,:
449:215,225,226,440,441,442,447,448,450,451,452,453,454,455,:
450:224,225,226,441,442,447,448,449,451,452,453,454,455,456,457,458,459,522,:
451:224,225,226,441,442,447,448,449,450,452,453,454,455,456,457,:
452:201,214,215,225,226,441,447,448,449,450,451,453,454,485,522,:
453:225,226,447,449,450,451,452,454,455,456,457,458,459,460,461,522,:
454:225,226,449,450,451,452,453,455,456,457,458,459,460,462,520,521,522,:
455:225,226,449,450,451,453,454,456,457,458,459,460,461,468,522,:
456:224,225,226,450,451,453,454,455,457,458,459,467,468,478,:
457:224,225,226,450,451,453,454,455,456,458,467,468,477,478,479,483,486,487,:
458:450,453,454,455,456,457,459,460,461,462,463,468,522,:
459:450,453,454,455,456,458,460,461,462,463,464,522,:
460:453,454,455,458,459,461,462,463,464,465,518,519,521,522,:
461:453,455,458,459,460,462,463,464,465,466,:
462:454,458,459,460,461,463,464,465,466,:
463:458,459,460,461,462,464,465,466,:
464:459,460,461,462,463,465,466,:
465:460,461,462,463,464,466,:
466:461,462,463,464,465,:
467:456,457,468,469,470,471,472,473,477,478,487,:
468:455,456,457,458,467,469,470,472,473,477,478,:
469:467,468,470,471,472,473,474,476,477,478,479,487,:
470:467,468,469,471,472,473,474,477,478,479,480,482,484,486,487,:
471:467,469,470,472,473,474,476,477,478,479,480,482,484,486,487,:
472:467,468,469,470,471,473,474,475,476,477,478,520,523,:
473:467,468,469,470,471,472,474,475,476,477,478,523,:
474:469,470,471,472,473,475,476,:
475:472,473,474,476,:
476:469,471,472,473,474,475,:
477:226,457,467,468,469,470,471,472,473,478,479,480,481,482,483,484,486,487,:
478:225,226,456,457,467,468,469,470,471,472,473,477,479,480,482,483,484,486,487,:
479:457,469,470,471,477,478,480,481,482,483,484,485,486,487,488,:
480:88,470,471,477,478,479,481,482,483,484,486,487,488,489,490,491,:
481:38,84,88,89,477,479,480,482,483,486,487,488,489,490,492,493,501,:
482:88,89,470,471,477,478,479,480,481,483,484,485,486,487,:
483:88,225,226,457,477,478,479,480,481,482,484,485,486,522,:
484:470,471,477,478,479,480,482,483,485,523,530,544,:
485:38,87,88,225,226,452,479,482,483,484,521,522,534,536,540,541,543,:
486:224,226,457,470,471,477,478,479,480,481,482,483,487,488,489,490,491,492,493,:
487:226,457,467,469,470,471,477,478,479,480,481,482,486,488,489,490,491,:
488:224,234,479,480,481,486,487,489,490,491,492,493,494,:
489:234,480,481,486,487,488,490,491,492,493,494,495,496,497,498,:
490:480,481,486,487,488,489,491,492,493,494,495,499,:
491:480,486,487,488,489,490,492,493,:
492:233,234,235,236,481,486,488,489,490,491,493,494,495,496,497,498,499,:
493:233,234,235,236,481,486,488,489,490,491,492,494,495,496,497,498,:
494:234,236,488,489,490,492,493,495,496,497,498,499,:
495:235,236,489,490,492,493,494,496,497,498,:
496:233,234,235,236,237,489,492,493,494,495,497,:
497:234,236,242,259,489,492,493,494,495,496,498,499,500,504,:
498:84,242,259,489,492,493,494,495,497,499,500,501,502,503,504,:
499:490,492,494,497,498,500,501,502,503,504,505,506,507,:
500:86,497,498,499,501,502,503,504,505,506,507,508,:
501:37,84,86,481,498,499,500,502,503,504,506,507,508,:
502:265,266,498,499,500,501,503,504,505,506,507,508,:
503:265,266,498,499,500,501,502,504,505,506,507,508,:
504:242,266,497,498,499,500,501,502,503,505,506,508,:
505:246,265,266,499,500,502,503,504,506,507,508,:
506:86,92,265,266,499,500,501,502,503,504,505,507,508,:
507:41,42,86,90,91,92,499,500,501,502,503,505,506,508,:
508:92,97,265,266,500,501,502,503,504,505,506,507,:
509:510,511,512,513,514,515,517,:
510:509,511,512,513,514,515,517,749,:
511:509,510,512,513,514,515,516,517,:
512:509,510,511,513,514,515,:
513:509,510,511,512,514,749,756,757,758,759,760,:
514:509,510,511,512,513,515,516,517,:
515:509,510,511,512,514,516,517,:
516:150,511,514,515,517,750,:
517:148,149,509,510,511,514,515,516,:
518:460,519,520,521,522,523,524,525,534,535,538,:
519:460,518,520,521,522,523,524,525,534,535,536,537,538,:
520:454,472,518,519,521,522,523,524,525,526,534,535,536,538,:
521:454,460,485,518,519,520,522,523,524,525,534,535,536,537,538,539,:
522:226,450,452,453,454,455,458,459,460,483,485,518,519,520,521,523,534,535,536,537,538,:
523:472,473,484,518,519,520,521,522,524,525,526,527,529,530,534,535,:
524:518,519,520,521,523,525,526,527,528,529,530,531,532,534,535,:
525:518,519,520,521,523,524,526,527,528,529,530,531,534,535,538,:
526:520,523,524,525,527,528,529,530,531,532,533,534,535,542,:
527:523,524,525,526,528,529,530,531,533,534,535,:
528:524,525,526,527,529,531,535,:
529:523,524,525,526,527,528,530,531,532,533,535,542,:
530:484,523,524,525,526,527,529,531,532,533,535,542,544,:
531:524,525,526,527,528,529,530,532,533,555,:
532:524,526,529,530,531,533,544,:
533:526,527,529,530,531,532,558,:
534:485,518,519,520,521,522,523,524,525,526,527,535,536,537,538,539,540,542,:
535:518,519,520,521,522,523,524,525,526,527,528,529,530,534,536,537,538,539,540,542,:
536:485,519,520,521,522,534,535,537,538,539,540,541,542,:
537:519,521,522,534,535,536,538,539,540,:
538:518,519,520,521,522,525,534,535,536,537,539,:
539:521,534,535,536,537,538,540,541,542,543,544,568,:
540:485,534,535,536,537,539,541,542,543,544,545,568,:
541:87,210,485,536,539,540,542,543,544,545,546,547,569,:
542:526,529,530,534,535,536,539,540,541,543,544,545,546,555,556,:
543:38,40,77,81,87,89,210,485,539,540,541,542,544,545,546,547,:
544:484,530,532,539,540,541,542,543,545,546,547,556,:
545:40,87,89,540,541,542,543,544,546,547,:
546:38,39,40,87,89,91,541,542,543,544,545,547,:
547:34,35,38,39,40,41,42,77,81,87,89,91,541,543,544,545,546,:
548:549,550,551,552,553,554,:
549:548,550,551,552,553,554,710,:
550:548,549,551,552,553,554,555,:
551:548,549,550,552,553,554,709,710,:
552:548,549,550,551,553,554,709,710,711,713,:
553:548,549,550,551,552,554,555,556,559,:
554:548,549,550,551,552,553,555,556,557,558,559,560,704,:
555:531,542,550,553,554,556,557,558,559,560,568,:
556:542,544,553,554,555,557,558,559,560,704,:
557:554,555,556,558,559,560,704,:
558:533,554,555,556,557,559,560,:
559:553,554,555,556,557,558,560,703,704,:
560:554,555,556,557,558,559,704,705,:
561:562,563,564,565,566,567,568,570,571,713,:
562:561,563,564,565,566,567,568,712,713,718,720,:
563:561,562,564,565,566,567,568,569,570,571,572,:
564:561,562,563,565,566,567,568,570,571,572,573,574,575,577,578,579,:
565:561,562,563,564,566,567,570,571,572,573,578,579,713,720,721,:
566:561,562,563,564,565,567,568,569,570,571,:
567:561,562,563,564,565,566,568,569,570,571,713,:
568:539,540,555,561,562,563,564,566,567,569,:
569:77,79,541,563,566,567,568,:
570:561,563,564,565,566,567,571,572,573,574,575,576,577,578,579,:
571:561,563,564,565,566,567,570,572,573,574,575,577,578,:
572:563,564,565,570,571,573,574,575,576,577,578,579,580,:
573:203,204,564,565,570,571,572,574,575,576,577,578,579,580,581,583,:
574:201,202,203,204,564,570,571,572,573,575,576,578,579,580,583,588,:
575:564,570,571,572,573,574,576,577,578,579,:
576:570,572,573,574,575,577,578,579,752,:
577:564,570,571,572,573,575,576,:
578:203,204,564,565,570,571,572,573,574,575,576,579,580,581,582,583,584,587,588,:
579:564,565,570,572,573,574,575,576,578,580,581,582,583,587,726,:
580:203,204,572,573,574,578,579,581,582,583,584,585,586,587,588,589,596,:
581:203,204,573,578,579,580,582,583,584,585,586,587,588,589,590,592,595,596,601,752,:
582:578,579,580,581,583,584,585,587,588,589,590,595,596,600,601,604,605,728,729,:
583:204,573,574,578,579,580,581,582,584,585,586,587,588,596,601,607,724,:
584:32,75,79,80,195,206,207,208,578,580,581,582,583,585,586,587,588,595,596,600,601,606,607,:
585:32,80,194,195,197,198,200,203,204,206,207,208,580,581,582,583,584,586,587,588,590,595,596,597,598,600,601,607,:
586:23,28,29,30,32,75,76,79,80,580,581,583,584,585,596,598,600,601,605,606,607,:
587:198,203,204,578,579,580,581,582,583,584,585,588,589,590,591,592,593,594,595,596,601,752,:
588:197,198,199,202,203,204,205,207,574,578,580,581,582,583,584,585,587,589,590,592,593,594,595,596,752,:
589:198,203,580,581,582,587,588,590,591,592,593,594,595,596,597,601,752,:
590:49,184,198,581,582,585,587,588,589,591,592,593,594,595,596,597,598,600,601,:
591:2,6,46,47,48,49,184,587,589,590,592,593,594,595,596,597,598,600,601,:
592:184,198,203,581,587,588,589,590,591,593,594,595,596,752,:
593:183,184,186,188,190,191,197,198,202,203,205,587,588,589,590,591,592,594,595,596,:
594:183,184,186,188,190,191,197,198,587,588,589,590,591,592,593,595,596,597,:
595:49,80,195,198,581,582,584,585,587,588,589,590,591,592,593,594,596,597,598,599,600,601,:
596:32,80,195,198,207,580,581,582,583,584,585,586,587,588,589,590,591,592,593,594,595,597,598,600,601,607,:
597:1,32,46,49,62,66,80,195,585,589,590,591,594,595,596,598,599,600,601,602,:
598:1,2,21,32,46,49,62,66,80,585,586,590,591,595,596,597,599,600,601,602,603,604,605,606,607,:
599:1,2,3,4,5,9,10,11,12,13,19,21,22,24,32,46,54,56,62,66,67,80,595,597,598,600,601,602,603,605,606,607,:
600:2,49,62,582,584,585,586,590,591,595,596,597,598,599,601,602,603,604,605,606,607,608,609,610,:
601:49,581,582,583,584,585,586,587,589,590,591,595,596,597,598,599,600,602,603,604,605,606,607,609,732,:
602:11,56,62,597,598,599,600,601,603,604,605,606,607,608,609,610,611,:
603:2,3,6,11,47,49,598,599,600,601,602,604,605,606,608,609,610,611,612,613,614,616,618,619,731,732,:
604:6,47,49,582,598,600,601,602,603,605,608,609,610,611,612,613,618,728,729,731,732,733,736,:
605:56,582,586,598,599,600,601,602,603,604,606,607,608,609,610,724,:
606:13,21,56,62,75,584,586,598,599,600,601,602,603,605,607,608,724,:
607:21,23,28,32,56,62,75,79,80,583,584,585,586,596,598,599,600,601,602,605,606,608,:
608:17,56,600,602,603,604,605,606,607,609,610,618,619,622,644,645,724,:
609:3,11,47,600,601,602,603,604,605,608,610,611,612,613,614,615,616,617,618,619,732,:
610:3,4,9,11,51,56,61,600,602,603,604,605,608,609,611,612,614,615,616,618,619,:
611:3,47,122,602,603,604,609,610,612,613,614,615,616,617,618,619,620,732,:
612:603,604,609,610,611,613,614,615,617,618,619,620,621,622,623,625,731,732,738,:
613:603,604,609,611,612,614,617,618,619,620,621,622,731,732,733,734,736,737,738,739,742,744,:
614:3,47,51,121,122,603,609,610,611,612,613,615,616,617,618,619,625,:
615:2,3,4,6,7,47,51,115,116,118,121,122,123,609,610,611,612,614,616,617,:
616:1,2,3,4,5,6,7,11,47,50,51,121,122,123,603,609,610,611,614,615,617,:
617:121,122,609,611,612,613,614,615,616,618,619,625,662,663,664,:
618:603,604,608,609,610,611,612,613,614,617,619,620,621,622,623,624,625,629,630,:
619:603,608,609,610,611,612,613,614,617,618,620,621,622,623,624,625,:
620:611,612,613,618,619,621,622,623,624,625,626,629,630,631,744,:
621:612,613,618,619,620,622,623,624,629,630,631,632,633,634,638,639,727,738,:
622:608,612,613,618,619,620,621,623,629,630,631,632,638,639,644,722,726,727,728,738,:
623:612,618,619,620,621,622,624,625,626,627,628,629,630,633,678,679,:
624:618,619,620,621,623,625,626,627,628,630,679,:
625:612,614,617,618,619,620,623,624,626,627,628,664,:
626:620,623,624,625,627,628,677,678,679,:
627:623,624,625,626,628,678,679,:
628:623,624,625,626,627,672,673,674,677,678,679,:
629:618,620,621,622,623,630,631,632,633,634,635,638,639,727,742,744,:
630:618,620,621,622,623,624,629,631,632,633,634,638,742,744,:
631:620,621,622,629,630,632,633,634,635,636,637,638,639,640,722,727,:
632:621,622,629,630,631,633,634,635,637,638,639,640,641,642,643,644,673,722,:
633:621,623,629,630,631,632,634,635,638,639,640,641,643,672,673,676,:
634:621,629,630,631,632,633,635,636,637,638,639,743,:
635:629,631,632,633,634,636,637,:
636:631,634,635,637,:
637:631,632,634,635,636,638,639,722,:
638:621,622,629,630,631,632,633,634,637,639,640,641,642,643,644,673,719,721,722,:
639:621,622,629,631,632,633,634,637,638,640,641,642,643,644,718,719,720,721,722,723,727,:
640:631,632,633,638,639,641,642,643,644,645,673,676,719,722,:
641:632,633,638,639,640,642,643,644,676,718,719,:
642:632,638,639,640,641,643,711,712,714,717,718,719,720,722,:
643:632,633,638,639,640,641,642,644,645,646,647,648,676,697,719,723,:
644:608,622,632,638,639,640,641,643,645,646,647,648,653,723,:
645:17,608,640,643,644,646,647,648,649,650,652,653,654,678,679,:
646:17,643,644,645,647,648,649,650,651,652,653,654,:
647:643,644,645,646,648,649,650,651,652,653,697,698,699,725,:
648:16,643,644,645,646,647,649,650,651,652,653,654,684,:
649:289,645,646,647,648,650,651,652,653,654,684,694,697,:
650:289,645,646,647,648,649,651,652,654,684,694,697,698,699,:
651:646,647,648,649,650,652,653,654,684,:
652:16,645,646,647,648,649,650,651,653,654,678,679,684,:
653:16,17,644,645,646,647,648,649,651,652,654,678,679,:
654:16,645,646,648,649,650,651,652,653,679,684,:
655:656,657,658,659,660,661,:
656:655,657,658,659,660,:
657:655,656,658,659,660,661,662,:
658:655,656,657,659,660,661,:
659:655,656,657,658,660,661,:
660:655,656,657,658,659,661,662,663,664,665,:
661:119,655,657,658,659,660,662,663,664,665,666,667,:
662:118,119,120,617,657,660,661,663,664,665,666,667,668,669,670,:
663:617,660,661,662,664,665,666,667,668,669,670,671,:
664:617,625,660,661,662,663,665,666,667,669,670,671,:
665:660,661,662,663,664,666,667,668,669,670,671,:
666:661,662,663,664,665,667,668,669,670,671,:
667:117,119,661,662,663,664,665,666,668,669,671,:
668:662,663,665,666,667,669,670,671,:
669:662,663,664,665,666,667,668,670,671,:
670:662,663,664,665,666,668,669,671,:
671:663,664,665,666,667,668,669,670,:
672:628,633,673,674,675,676,677,678,679,680,681,:
673:628,632,633,638,640,672,674,675,676,677,678,679,:
674:628,672,673,675,676,677,678,679,680,681,682,:
675:672,673,674,676,677,678,679,680,681,682,683,684,685,:
676:633,640,641,643,672,673,674,675,677,678,680,681,682,683,684,692,:
677:626,628,672,673,674,675,676,678,679,680,681,:
678:623,626,627,628,645,652,653,672,673,674,675,676,677,679,680,681,:
679:623,624,626,627,628,645,652,653,654,672,673,674,675,677,678,:
680:672,674,675,676,677,678,681,682,683,684,685,686,692,693,:
681:672,674,675,676,677,678,680,682,683,684,685,686,:
682:674,675,676,680,681,683,684,685,686,687,691,692,693,694,:
683:675,676,680,681,682,684,685,686,692,693,694,695,697,:
684:648,649,650,651,652,654,675,676,680,681,682,683,685,686,692,693,694,697,:
685:675,680,681,682,683,684,686,687,688,689,690,691,692,693,:
686:680,681,682,683,684,685,687,688,689,690,691,692,693,:
687:682,685,686,688,689,690,691,:
688:685,686,687,689,690,691,:
689:685,686,687,688,690,691,:
690:685,686,687,688,689,691,:
691:682,685,686,687,688,689,690,:
692:676,680,682,683,684,685,686,693,694,695,696,697,698,:
693:680,682,683,684,685,686,692,694,695,696,697,:
694:649,650,682,683,684,692,693,695,696,697,698,699,701,:
695:683,692,693,694,696,697,698,699,700,701,:
696:692,693,694,695,697,698,700,701,:
697:643,647,649,650,683,684,692,693,694,695,696,698,699,701,:
698:647,650,692,694,695,696,697,699,700,701,702,703,706,:
699:647,650,694,695,697,698,700,701,702,703,704,706,725,:
700:695,696,698,699,701,702,703,704,705,706,707,708,:
701:694,695,696,697,698,699,700,702,703,704,705,706,707,708,:
702:698,699,700,701,703,704,705,706,707,708,:
703:559,698,699,700,701,702,704,705,706,707,708,:
704:554,556,557,559,560,699,700,701,702,703,705,706,707,:
705:560,700,701,702,703,704,706,707,708,:
706:698,699,700,701,702,703,704,705,707,708,:
707:287,288,700,701,702,703,704,705,706,708,:
708:700,701,702,703,705,706,707,:
709:551,552,710,711,712,713,714,715,716,717,718,719,:
710:549,551,552,709,711,712,713,714,715,716,:
711:552,642,709,710,712,713,714,715,716,717,718,719,720,:
712:562,642,709,710,711,713,714,715,717,718,719,720,721,723,725,:
713:552,561,562,565,567,709,710,711,712,714,717,718,719,720,721,723,725,:
714:642,709,710,711,712,713,715,716,717,718,719,:
715:709,710,711,712,714,716,717,:
716:709,710,711,714,715,717,:
717:642,709,711,712,713,714,715,716,718,719,:
718:562,639,641,642,709,711,712,713,714,717,719,720,721,722,723,724,725,:
719:638,639,640,641,642,643,709,711,712,713,714,717,718,720,721,722,723,725,:
720:562,565,639,642,711,712,713,718,719,721,722,723,724,725,:
721:565,638,639,712,713,718,719,720,722,723,724,725,726,727,:
722:622,631,632,637,638,639,640,642,718,719,720,721,723,724,726,727,:
723:639,643,644,712,713,718,719,720,721,722,724,725,:
724:583,605,606,608,718,720,721,722,723,725,:
725:647,699,712,713,718,719,720,721,723,724,:
726:579,622,721,722,727,728,729,730,731,732,:
727:621,622,629,631,639,721,722,726,728,729,730,:
728:582,604,622,726,727,729,730,731,732,733,738,:
729:582,604,726,727,728,730,731,732,733,734,736,737,738,746,:
730:726,727,728,729,731,732,733,734,735,737,738,740,745,746,747,750,751,:
731:603,604,612,613,726,728,729,730,732,733,734,735,736,737,738,746,:
732:47,601,603,604,609,611,612,613,726,728,729,730,731,733,734,736,737,738,:
733:604,613,728,729,730,731,732,734,735,736,737,738,739,746,755,:
734:613,729,730,731,732,733,735,736,737,738,739,740,741,742,745,746,754,755,:
735:730,731,733,734,736,737,738,739,740,741,745,746,747,748,754,755,756,759,760,761,:
736:47,604,613,729,731,732,733,734,735,737,738,762,:
737:613,729,730,731,732,733,734,735,736,738,739,740,741,742,743,744,746,755,:
738:612,613,621,622,728,729,730,731,732,733,734,735,736,737,739,740,742,744,:
739:613,733,734,735,737,738,740,741,742,743,744,:
740:730,734,735,737,738,739,741,742,743,744,745,746,755,:
741:734,735,737,739,740,742,743,755,:
742:613,629,630,734,737,738,739,740,741,743,744,:
743:634,737,739,740,741,742,744,:
744:613,620,629,630,737,738,739,740,742,743,:
745:730,734,735,740,746,747,748,749,750,751,754,755,:
746:729,730,731,733,734,735,737,740,745,747,748,750,751,754,755,:
747:730,735,745,746,748,749,750,751,754,755,756,:
748:735,745,746,747,749,750,751,754,755,756,757,759,:
749:510,513,745,747,748,750,754,755,756,757,758,:
750:516,730,745,746,747,748,749,751,752,753,754,755,:
751:730,745,746,747,748,750,752,753,:
752:576,581,587,588,589,592,750,751,753,:
753:750,751,752,:
754:734,735,745,746,747,748,749,750,755,756,757,758,759,760,:
755:733,734,735,737,740,741,745,746,747,748,749,750,754,756,757,759,760,:
756:513,735,747,748,749,754,755,757,758,759,760,761,:
757:513,748,749,754,755,756,758,759,760,:
758:513,749,754,756,757,759,:
759:513,735,748,754,755,756,757,758,760,761,762,763,:
760:155,156,513,735,754,755,756,757,759,761,762,763,:
761:155,156,735,756,759,760,762,763,:
762:113,114,118,119,120,152,154,155,156,736,759,760,761,763,:
763:156,759,760,761,762,:
