1:2,5,6,7,8,9,10,12,13,17,18,145,329,344,:
2:1,3,4,6,7,8,11,13,15,19,344,:
3:2,4,6,8,11,13,14,15,16,19,121,122,123,276,:
4:2,3,8,11,14,15,16,19,121,122,123,275,276,:
5:1,7,9,10,12,17,18,143,145,168,169,217,329,334,335,344,:
6:1,2,3,7,8,12,13,18,19,343,344,:
7:1,2,5,6,8,9,10,12,13,18,19,329,338,342,343,344,:
8:1,2,3,4,6,7,11,13,14,15,16,19,:
9:1,5,7,10,12,13,17,18,321,322,328,329,334,335,399,:
10:1,5,7,9,12,13,17,18,142,143,144,145,215,216,217,237,:
11:2,3,4,8,13,14,15,16,19,118,119,120,121,122,123,236,276,:
12:1,5,6,7,9,10,13,17,18,145,217,329,334,:
13:1,2,3,6,7,8,9,10,11,12,19,145,237,:
14:3,4,8,11,15,16,19,121,122,123,275,276,:
15:2,3,4,8,11,14,16,19,121,122,123,:
16:3,4,8,11,14,15,19,275,276,:
17:1,5,9,10,12,18,143,167,168,169,178,217,219,329,333,334,335,:
18:1,5,6,7,9,10,12,17,143,168,169,329,334,335,344,345,:
19:2,3,4,6,7,8,11,13,14,15,16,:
20:21,22,23,24,25,26,27,:
21:20,22,23,24,25,26,27,:
22:20,21,23,24,25,26,27,28,:
23:20,21,22,24,25,26,27,28,32,:
24:20,21,22,23,25,26,27,28,32,:
25:20,21,22,23,24,26,27,28,29,31,32,:
26:20,21,22,23,24,25,27,28,29,30,31,32,33,34,351,:
27:20,21,22,23,24,25,26,28,29,30,31,32,33,351,:
28:22,23,24,25,26,27,29,30,31,32,33,34,35,351,352,:
29:25,26,27,28,30,31,32,33,35,350,:
30:26,27,28,29,31,33,:
31:25,26,27,28,29,30,32,33,34,35,351,352,:
32:23,24,25,26,27,28,29,31,33,34,35,352,:
33:26,27,28,29,30,31,32,34,35,352,:
34:26,28,31,32,33,35,46,47,48,352,:
35:28,29,31,32,33,34,342,345,352,:
36:37,38,39,40,41,42,44,:
37:36,38,39,40,41,42,44,:
38:36,37,39,40,41,42,43,44,:
39:36,37,38,40,41,42,:
40:36,37,38,39,41,:
41:36,37,38,39,40,42,43,44,45,46,:
42:36,37,38,39,41,43,44,45,46,47,404,:
43:38,41,42,44,45,46,47,48,49,404,405,:
44:36,37,38,41,42,43,45,46,47,48,404,407,:
45:41,42,43,44,46,47,48,49,404,405,406,:
46:34,41,42,43,44,45,47,48,49,404,407,:
47:34,42,43,44,45,46,48,49,404,405,406,407,:
48:34,43,44,45,46,47,49,345,405,406,:
49:43,45,46,47,48,345,405,406,:
50:51,52,53,54,55,56,57,58,312,317,318,425,426,:
51:50,52,53,54,55,56,57,311,312,316,317,318,424,425,426,:
52:50,51,53,54,55,56,57,58,59,60,61,64,312,317,318,:
53:50,51,52,54,55,56,58,59,60,61,62,63,64,336,424,425,:
54:50,51,52,53,55,58,59,64,318,336,420,421,423,424,425,426,:
55:50,51,52,53,54,56,57,58,59,311,312,315,317,318,336,395,396,:
56:50,51,52,53,55,57,311,312,315,393,395,396,:
57:50,51,52,55,56,311,312,393,395,396,:
58:50,52,53,54,55,59,60,61,62,63,64,336,:
59:52,53,54,55,58,60,61,62,63,64,190,:
60:52,53,58,59,61,62,63,64,:
61:52,53,58,59,60,62,63,64,:
62:53,58,59,60,61,63,64,173,174,175,180,182,186,187,188,189,190,:
63:53,58,59,60,61,62,64,172,173,174,175,417,:
64:52,53,54,58,59,60,61,62,63,336,417,420,:
65:66,67,68,69,70,71,72,77,80,:
66:65,67,68,70,71,72,73,77,79,80,:
67:65,66,68,69,70,71,72,73,:
68:65,66,67,69,70,71,72,77,:
69:65,67,68,70,71,72,:
70:65,66,67,68,69,71,72,73,74,75,:
71:65,66,67,68,69,70,72,73,74,75,77,80,:
72:65,66,67,68,69,70,71,73,74,75,76,77,79,80,:
73:66,67,70,71,72,74,75,88,89,91,:
74:70,71,72,73,75,77,88,89,90,91,:
75:70,71,72,73,74,88,89,91,:
76:72,77,78,79,80,81,412,:
77:65,66,68,71,72,74,76,78,79,80,81,:
78:76,77,79,80,81,410,411,412,:
79:66,72,76,77,78,80,81,:
80:65,66,71,72,76,77,78,79,81,:
81:76,77,78,79,80,151,410,411,412,:
82:83,84,85,86,87,88,89,90,91,92,:
83:82,84,85,86,87,88,89,90,92,:
84:82,83,85,86,87,88,89,90,91,92,128,:
85:82,83,84,86,87,88,92,128,:
86:82,83,84,85,87,94,:
87:82,83,84,85,86,88,89,90,91,92,128,:
88:73,74,75,82,83,84,85,87,89,90,91,92,120,121,122,:
89:73,74,75,82,83,84,87,88,90,91,92,121,122,:
90:74,82,83,84,87,88,89,91,92,120,141,:
91:73,74,75,82,84,87,88,89,90,92,120,141,:
92:82,83,84,85,87,88,89,90,91,120,128,136,138,141,142,146,148,:
93:94,95,96,97,98,99,:
94:86,93,95,96,97,98,99,100,101,:
95:93,94,96,97,98,99,100,107,:
96:93,94,95,97,98,99,107,:
97:93,94,95,96,98,:
98:93,94,95,96,97,99,100,101,102,:
99:93,94,95,96,98,100,101,102,:
100:94,95,98,99,101,102,:
101:94,98,99,100,102,:
102:98,99,100,101,:
103:104,105,106,107,108,109,110,112,113,234,:
104:103,105,106,108,110,112,113,116,233,234,238,240,:
105:103,104,106,107,108,109,110,111,112,113,114,234,:
106:103,104,105,107,108,109,110,112,113,114,115,117,118,:
107:95,96,103,105,106,108,109,112,113,114,117,:
108:103,104,105,106,107,109,110,111,112,113,256,259,:
109:103,105,106,107,108,110,111,112,259,:
110:103,104,105,106,108,109,111,112,113,234,236,256,:
111:105,108,109,110,259,270,271,272,:
112:103,104,105,106,107,108,109,110,113,114,115,116,117,118,124,125,234,:
113:103,104,105,106,107,108,110,112,114,115,116,117,118,124,230,231,232,233,234,235,:
114:105,106,107,112,113,115,116,117,118,119,124,125,126,:
115:106,112,113,114,116,117,118,124,125,126,127,128,129,231,:
116:104,112,113,114,115,117,118,124,125,126,129,214,223,224,230,231,232,234,235,237,:
117:106,107,112,113,114,115,116,118,119,120,121,123,124,125,:
118:11,106,112,113,114,115,116,117,119,120,121,122,123,124,125,146,:
119:11,114,117,118,120,121,122,123,144,146,:
120:11,88,90,91,92,117,118,119,121,122,123,141,142,144,145,146,:
121:3,4,11,14,15,88,89,117,118,119,120,122,123,:
122:3,4,11,14,15,88,89,118,119,120,121,123,:
123:3,4,11,14,15,117,118,119,120,121,122,:
124:112,113,114,115,116,117,118,125,126,127,128,129,130,132,136,137,231,:
125:112,114,115,116,117,118,124,126,127,128,129,130,131,132,136,:
126:114,115,116,124,125,127,128,129,130,131,132,136,137,138,146,214,231,:
127:115,124,125,126,128,129,130,131,136,137,138,139,140,141,142,144,146,214,:
128:84,85,87,92,115,124,125,126,127,129,130,131,136,137,138,141,146,:
129:115,116,124,125,126,127,128,130,131,132,133,134,136,137,208,214,229,:
130:124,125,126,127,128,129,131,132,133,134,135,136,:
131:125,126,127,128,129,130,132,133,134,135,136,208,:
132:124,125,126,129,130,131,133,134,135,:
133:129,130,131,132,134,135,156,:
134:129,130,131,132,133,135,:
135:130,131,132,133,134,:
136:92,124,125,126,127,128,129,130,131,137,138,139,140,141,142,143,144,145,146,147,148,211,214,:
137:124,126,127,128,129,136,138,139,140,141,142,143,144,145,146,147,210,211,212,213,214,215,:
138:92,126,127,128,136,137,139,140,141,142,143,144,146,147,148,149,211,:
139:127,136,137,138,140,141,142,143,147,148,149,150,151,152,153,154,211,:
140:127,136,137,138,139,141,142,143,147,148,149,150,152,153,195,203,204,208,210,211,212,214,215,:
141:90,91,92,120,127,128,136,137,138,139,140,142,143,144,145,146,147,148,:
142:10,92,120,127,136,137,138,139,140,141,143,144,145,146,147,:
143:5,10,17,18,136,137,138,139,140,141,142,144,145,146,147,167,169,215,216,217,:
144:10,119,120,127,136,137,138,141,142,143,145,146,214,215,237,:
145:1,5,10,12,13,120,136,137,141,142,143,144,146,215,237,:
146:92,118,119,120,126,127,128,136,137,138,141,142,143,144,145,214,237,:
147:136,137,138,139,140,141,142,143,148,149,150,151,152,153,154,159,160,:
148:92,136,138,139,140,141,147,149,150,151,152,153,154,:
149:138,139,140,147,148,150,151,152,153,154,155,159,160,161,195,:
150:139,140,147,148,149,151,152,153,159,160,161,162,163,164,165,167,195,:
151:81,139,147,148,149,150,152,159,160,161,164,165,166,167,410,411,:
152:139,140,147,148,149,150,151,153,154,155,156,157,159,160,195,:
153:139,140,147,148,149,150,152,154,155,156,157,158,160,:
154:139,147,148,149,152,153,155,156,157,158,:
155:149,152,153,154,156,157,158,195,206,:
156:133,152,153,154,155,157,158,208,:
157:152,153,154,155,156,158,206,208,:
158:153,154,155,156,157,208,:
159:147,149,150,151,152,160,161,162,163,164,165,167,192,195,:
160:147,149,150,151,152,153,159,161,162,163,164,165,167,191,192,193,194,195,:
161:149,150,151,159,160,162,163,164,165,166,167,192,409,411,:
162:150,159,160,161,163,164,165,192,409,:
163:150,159,160,161,162,164,191,192,195,:
164:150,151,159,160,161,162,163,165,166,167,168,169,192,406,409,:
165:150,151,159,160,161,162,164,166,167,168,169,176,177,178,406,:
166:151,161,164,165,167,168,169,177,178,179,405,406,:
167:17,143,150,151,159,160,161,164,165,166,168,169,177,178,217,219,:
168:5,17,18,164,165,166,167,169,177,178,179,334,335,406,:
169:5,17,18,143,164,165,166,167,168,177,178,217,219,335,:
170:171,172,173,174,175,176,180,181,184,198,199,:
171:170,172,173,175,176,180,181,184,196,197,198,199,200,:
172:63,170,171,173,174,175,176,177,180,181,182,199,417,:
173:62,63,170,171,172,174,175,176,180,181,182,183,184,185,199,:
174:62,63,170,172,173,175,180,181,182,183,184,417,:
175:62,63,170,171,172,173,174,176,177,178,179,180,181,199,414,:
176:165,170,171,172,173,175,177,178,179,414,:
177:165,166,167,168,169,172,175,176,178,179,333,334,335,413,414,:
178:17,165,166,167,168,169,175,176,177,179,217,219,220,333,334,335,336,414,:
179:166,168,175,176,177,178,333,334,335,413,414,415,418,:
180:62,170,171,172,173,174,175,181,182,183,184,185,186,187,198,199,:
181:170,171,172,173,174,175,180,182,183,184,185,186,187,198,199,200,:
182:62,172,173,174,180,181,183,184,185,186,187,188,199,:
183:173,174,180,181,182,184,185,186,:
184:170,171,173,174,180,181,182,183,185,199,:
185:173,180,181,182,183,184,186,187,188,189,190,199,:
186:62,180,181,182,183,185,187,188,189,190,200,:
187:62,180,181,182,185,186,188,189,190,198,199,200,:
188:62,182,185,186,187,189,190,:
189:62,185,186,187,188,190,200,394,398,400,401,:
190:59,62,185,186,187,188,189,:
191:160,163,192,193,194,195,196,197,201,202,:
192:159,160,161,162,163,164,191,193,194,195,196,201,:
193:160,191,192,194,195,196,197,198,201,202,203,:
194:160,191,192,193,195,196,197,201,202,203,204,205,206,:
195:140,149,150,152,155,159,160,163,191,192,193,194,196,197,201,202,203,204,211,:
196:171,191,192,193,194,195,197,198,199,200,201,202,:
197:171,191,193,194,195,196,198,199,200,201,202,218,220,:
198:170,171,180,181,187,193,196,197,199,200,220,:
199:170,171,172,173,175,180,181,182,184,185,187,196,197,198,200,:
200:171,181,186,187,189,196,197,198,199,218,219,220,:
201:191,192,193,194,195,196,197,202,203,204,205,206,207,210,211,:
202:191,193,194,195,196,197,201,203,204,205,206,:
203:140,193,194,195,201,202,204,205,206,207,208,209,210,211,212,:
204:140,194,195,201,202,203,205,206,207,208,210,211,212,213,215,216,218,:
205:194,201,202,203,204,206,207,210,211,212,213,215,216,218,222,306,:
206:155,157,194,201,202,203,204,205,207,208,209,210,211,:
207:201,203,204,205,206,208,209,210,211,:
208:129,131,140,156,157,158,203,204,206,207,209,210,211,:
209:203,206,207,208,:
210:137,140,201,203,204,205,206,207,208,211,212,213,214,215,216,218,221,222,:
211:136,137,138,139,140,195,201,203,204,205,206,207,208,210,212,213,214,215,216,221,:
212:137,140,203,204,205,210,211,213,214,215,216,217,218,221,222,223,306,:
213:137,204,205,210,211,212,214,215,216,221,222,223,224,225,226,227,230,231,306,:
214:116,126,127,129,136,137,140,144,146,210,211,212,213,215,221,222,223,224,230,231,:
215:10,137,140,143,144,145,204,205,210,211,212,213,214,216,217,218,219,220,221,222,300,:
216:10,143,204,205,210,211,212,213,215,217,218,219,220,:
217:5,10,12,17,143,167,169,178,212,215,216,218,219,220,335,:
218:197,200,204,205,210,212,215,216,217,219,220,400,401,:
219:17,167,169,178,200,215,216,217,218,220,335,401,:
220:178,197,198,200,215,216,217,218,219,400,401,:
221:210,211,212,213,214,215,222,223,224,225,226,227,230,231,303,306,:
222:205,210,212,213,214,215,221,223,224,225,226,227,228,230,300,302,303,304,305,306,307,:
223:116,212,213,214,221,222,224,225,226,227,228,229,230,231,232,303,306,:
224:116,213,214,221,222,223,225,226,227,230,231,232,233,234,235,237,245,247,302,303,:
225:213,221,222,223,224,226,230,231,232,233,238,239,245,247,296,297,300,302,303,304,306,307,:
226:213,221,222,223,224,225,227,228,229,230,231,247,303,307,:
227:213,221,222,223,224,226,228,229,:
228:222,223,226,227,229,:
229:129,223,226,227,228,:
230:113,116,213,214,221,222,223,224,225,226,231,232,233,234,235,236,237,238,239,:
231:113,115,116,124,126,213,214,221,223,224,225,226,230,232,233,234,235,237,:
232:113,116,223,224,225,230,231,233,234,235,236,237,238,239,240,245,:
233:104,113,224,225,230,231,232,234,235,236,237,238,239,240,241,242,243,244,245,:
234:103,104,105,110,112,113,116,224,230,231,232,233,235,236,238,239,240,243,244,245,:
235:113,116,224,230,231,232,233,234,236,237,238,239,:
236:11,110,230,232,233,234,235,237,238,239,292,:
237:10,13,116,144,145,146,224,230,231,232,233,235,236,:
238:104,225,230,232,233,234,235,236,239,240,241,242,243,244,245,249,250,:
239:225,230,232,233,234,235,236,238,240,241,242,243,244,245,249,294,:
240:104,232,233,234,238,239,241,242,243,244,245,246,249,250,251,:
241:233,238,239,240,242,243,244,249,250,251,252,253,254,:
242:233,238,239,240,241,243,249,250,251,252,254,287,288,290,293,:
243:233,234,238,239,240,241,242,244,245,246,247,248,249,250,:
244:233,234,238,239,240,241,243,245,246,247,248,:
245:224,225,232,233,234,238,239,240,243,244,246,247,248,303,:
246:240,243,244,245,247,248,:
247:224,225,226,243,244,245,246,248,303,:
248:243,244,245,246,247,:
249:238,239,240,241,242,243,250,251,252,253,254,255,256,:
250:238,240,241,242,243,249,251,252,253,254,255,256,257,258,:
251:240,241,242,249,250,252,253,254,255,256,257,293,:
252:241,242,249,250,251,253,254,255,257,261,:
253:241,249,250,251,252,254,255,257,261,:
254:241,242,249,250,251,252,253,255,256,257,258,260,261,272,293,:
255:249,250,251,252,253,254,256,257,258,259,260,261,262,263,:
256:108,110,249,250,251,254,255,257,258,259,260,261,262,272,:
257:250,251,252,253,254,255,256,258,259,260,261,262,263,264,:
258:250,254,255,256,257,259,260,261,262,264,:
259:108,109,111,255,256,257,258,260,262,:
260:254,255,256,257,258,259,261,262,263,264,:
261:252,253,254,255,256,257,258,260,262,263,264,:
262:255,256,257,258,259,260,261,263,264,:
263:255,257,260,261,262,264,:
264:257,258,260,261,262,263,:
265:266,267,268,269,270,271,:
266:265,267,268,270,:
267:265,266,268,269,270,271,272,273,:
268:265,266,267,269,270,271,272,273,278,:
269:265,267,268,270,271,272,273,277,278,282,283,284,:
270:111,265,266,267,268,269,271,272,273,274,275,:
271:111,265,267,268,269,270,272,273,274,275,276,:
272:111,254,256,267,268,269,270,271,273,274,275,276,293,:
273:267,268,269,270,271,272,274,275,276,:
274:270,271,272,273,275,276,292,293,:
275:4,14,16,270,271,272,273,274,276,283,:
276:3,4,11,14,16,271,272,273,274,275,283,:
277:269,278,279,280,281,282,283,284,:
278:268,269,277,279,280,282,283,284,:
279:277,278,280,281,282,283,284,:
280:277,278,279,281,282,283,284,:
281:277,279,280,282,284,374,376,:
282:269,277,278,279,280,281,283,284,376,:
283:269,275,276,277,278,279,280,282,284,:
284:269,277,278,279,280,281,282,283,376,:
285:286,287,288,289,290,291,293,:
286:285,287,288,289,290,291,378,380,:
287:242,285,286,288,289,290,291,292,293,:
288:242,285,286,287,289,290,291,:
289:285,286,287,288,290,380,381,:
290:242,285,286,287,288,289,291,292,293,385,:
291:285,286,287,288,290,292,293,:
292:236,274,287,290,291,293,327,:
293:242,251,254,272,274,285,287,290,291,292,:
294:239,295,296,297,298,299,300,301,302,303,384,:
295:294,296,297,298,299,301,384,386,388,:
296:225,294,295,297,298,299,300,301,302,303,304,:
297:225,294,295,296,298,299,300,301,302,303,304,305,306,307,:
298:294,295,296,297,299,300,302,303,304,305,388,389,398,:
299:294,295,296,297,298,300,301,302,303,384,398,400,401,:
300:215,222,225,294,296,297,298,299,301,302,303,400,401,:
301:294,295,296,297,299,300,384,:
302:222,224,225,294,296,297,298,299,300,303,304,305,306,307,308,:
303:221,222,223,224,225,226,245,247,294,296,297,298,299,300,302,304,305,306,307,:
304:222,225,296,297,298,302,303,305,306,307,308,309,310,:
305:222,297,298,302,303,304,306,307,308,:
306:205,212,213,221,222,223,225,297,302,303,304,305,307,308,:
307:222,225,226,297,302,303,304,305,306,308,309,310,:
308:302,304,305,306,307,309,310,:
309:304,307,308,310,:
310:304,307,308,309,:
311:51,55,56,57,312,313,314,315,316,317,318,319,320,379,395,396,:
312:50,51,52,55,56,57,311,313,314,315,316,317,318,393,395,396,:
313:311,312,314,315,316,317,318,319,320,321,373,379,396,:
314:311,312,313,315,316,317,318,319,320,321,322,323,324,328,373,385,395,396,:
315:55,56,311,312,313,314,316,317,318,319,320,321,322,323,328,329,385,395,396,397,399,:
316:51,311,312,313,314,315,317,318,319,320,323,364,372,373,:
317:50,51,52,55,311,312,313,314,315,316,318,319,320,322,323,426,:
318:50,51,52,54,55,311,312,313,314,315,316,317,319,320,321,322,323,328,425,426,:
319:311,313,314,315,316,317,318,320,321,322,323,324,325,327,328,329,373,385,:
320:311,313,314,315,316,317,318,319,321,322,323,324,325,327,362,363,364,369,370,371,372,373,:
321:9,313,314,315,318,319,320,322,323,324,325,326,327,328,329,330,338,:
322:9,314,315,317,318,319,320,321,323,324,325,328,329,330,331,333,336,337,338,:
323:314,315,316,317,318,319,320,321,322,324,328,329,330,331,337,338,362,368,425,:
324:314,319,320,321,322,323,325,326,327,328,329,338,341,361,370,:
325:319,320,321,322,324,326,327,370,373,:
326:321,324,325,327,369,370,:
327:292,319,320,321,324,325,326,385,:
328:9,314,315,318,319,321,322,323,324,329,330,331,332,333,334,335,336,337,338,:
329:1,5,7,9,12,17,18,315,319,321,322,323,324,328,330,331,333,334,335,336,337,338,344,:
330:321,322,323,328,329,331,332,333,334,335,336,337,338,339,:
331:322,323,328,329,330,332,333,334,335,336,337,338,339,340,341,342,344,345,368,:
332:328,330,331,333,334,337,338,339,340,342,345,368,418,420,:
333:17,177,178,179,322,328,329,330,331,332,334,335,336,337,338,:
334:5,9,12,17,18,168,177,178,179,328,329,330,331,332,333,335,336,337,338,:
335:5,9,17,18,168,169,177,178,179,217,219,328,329,330,331,333,334,336,:
336:53,54,55,58,64,178,322,328,329,330,331,333,334,335,399,:
337:322,323,328,329,330,331,332,333,334,338,339,340,341,342,343,344,345,346,368,:
338:7,321,322,323,324,328,329,330,331,332,333,334,337,339,340,341,342,343,344,345,346,:
339:330,331,332,337,338,340,341,342,343,344,345,346,347,352,368,:
340:331,332,337,338,339,341,342,343,344,345,346,347,348,349,350,351,352,353,360,361,366,368,:
341:324,331,337,338,339,340,342,343,344,346,347,348,349,352,353,355,360,361,362,366,368,:
342:7,35,331,332,337,338,339,340,341,343,344,345,346,349,352,:
343:6,7,337,338,339,340,341,342,344,345,346,349,:
344:1,2,5,6,7,18,329,331,337,338,339,340,341,342,343,345,:
345:18,35,48,49,331,332,337,338,339,340,342,343,344,:
346:337,338,339,340,341,342,343,347,348,349,350,351,352,353,360,361,366,368,:
347:339,340,341,346,348,349,350,351,352,353,354,355,359,360,361,366,:
348:340,341,346,347,349,350,351,352,353,354,355,357,358,359,360,361,:
349:340,341,342,343,346,347,348,350,352,353,354,359,361,:
350:29,340,346,347,348,349,351,352,353,354,:
351:26,27,28,31,340,346,347,348,350,352,:
352:28,31,32,33,34,35,339,340,341,342,346,347,348,349,350,351,:
353:340,341,346,347,348,349,350,354,355,356,357,358,359,360,361,:
354:347,348,349,350,353,355,356,357,358,359,360,361,362,370,:
355:341,347,348,353,354,356,357,358,359,360,361,362,363,365,366,369,370,:
356:353,354,355,357,358,360,361,362,363,364,365,369,370,377,:
357:348,353,354,355,356,358,359,360,361,:
358:348,353,354,355,356,357,359,360,361,370,375,376,:
359:347,348,349,353,354,355,357,358,360,361,:
360:340,341,346,347,348,353,354,355,356,357,358,359,361,362,363,364,365,366,368,369,370,:
361:324,340,341,346,347,348,349,353,354,355,356,357,358,359,360,362,363,365,366,368,369,370,:
362:320,323,341,354,355,356,360,361,363,364,365,366,367,368,369,370,371,:
363:320,355,356,360,361,362,364,365,366,369,370,371,372,373,374,:
364:316,320,356,360,362,363,365,369,370,371,372,373,:
365:355,356,360,361,362,363,364,366,367,368,369,370,:
366:340,341,346,347,355,360,361,362,363,365,367,368,:
367:362,365,366,368,:
368:323,331,332,337,339,340,341,346,360,361,362,365,366,367,423,424,425,426,:
369:320,326,355,356,360,361,362,363,364,365,370,371,372,373,374,375,377,:
370:320,324,325,326,354,355,356,358,360,361,362,363,364,365,369,371,372,373,374,375,376,377,:
371:320,362,363,364,369,370,372,373,374,375,376,377,:
372:316,320,363,364,369,370,371,373,374,375,:
373:313,314,316,319,320,325,363,364,369,370,371,372,374,:
374:281,363,369,370,371,372,373,375,376,377,:
375:358,369,370,371,372,374,376,377,:
376:281,282,284,358,370,371,374,375,377,:
377:356,369,370,371,374,375,376,:
378:286,379,380,381,382,383,384,385,:
379:311,313,378,380,381,382,383,385,:
380:286,289,378,379,381,382,383,384,385,:
381:289,378,379,380,382,383,384,385,386,387,:
382:378,379,380,381,383,384,386,387,:
383:378,379,380,381,382,384,385,393,395,396,:
384:294,295,299,301,378,380,381,382,383,385,386,392,393,395,396,397,:
385:290,314,315,319,327,378,379,380,381,383,384,:
386:295,381,382,384,387,388,389,390,391,392,393,:
387:381,382,386,388,389,390,391,392,393,:
388:295,298,386,387,389,390,391,392,393,394,398,:
389:298,386,387,388,390,391,392,:
390:386,387,388,389,391,:
391:386,387,388,389,390,392,393,394,395,397,398,:
392:384,386,387,388,389,391,393,394,395,396,397,398,399,400,:
393:56,57,312,383,384,386,387,388,391,392,394,395,396,397,398,399,:
394:189,388,391,392,393,395,396,397,398,399,400,401,:
395:55,56,57,311,312,314,315,383,384,391,392,393,394,396,397,398,399,401,:
396:55,56,57,311,312,313,314,315,383,384,392,393,394,395,397,399,:
397:315,384,391,392,393,394,395,396,398,399,400,401,:
398:189,298,299,388,391,392,393,394,395,397,399,400,401,:
399:9,315,336,392,393,394,395,396,397,398,400,401,:
400:189,218,220,299,300,392,394,397,398,399,401,:
401:189,218,219,220,299,300,394,395,397,398,399,400,:
402:403,404,405,406,407,408,409,:
403:402,404,405,406,407,408,409,410,:
404:42,43,44,45,46,47,402,403,405,406,407,408,409,410,:
405:43,45,47,48,49,166,402,403,404,406,407,408,409,:
406:45,47,48,49,164,165,166,168,402,403,404,405,407,408,409,410,:
407:44,46,47,402,403,404,405,406,408,409,410,411,412,:
408:402,403,404,405,406,407,409,410,411,412,:
409:161,162,164,402,403,404,405,406,407,408,410,411,412,:
410:78,81,151,403,404,406,407,408,409,411,412,:
411:78,81,151,161,407,408,409,410,412,:
412:76,78,81,407,408,409,410,411,:
413:177,179,414,415,416,417,418,419,:
414:175,176,177,178,179,413,415,416,417,418,:
415:179,413,414,416,417,418,419,420,:
416:413,414,415,417,418,419,:
417:63,64,172,174,413,414,415,416,418,419,:
418:179,332,413,414,415,416,417,419,420,421,422,:
419:413,415,416,417,418,420,421,422,423,425,:
420:54,64,332,415,418,419,421,422,423,424,425,426,427,428,:
421:54,418,419,420,422,423,424,425,426,427,428,429,:
422:418,419,420,421,423,424,425,427,428,429,:
423:54,368,419,420,421,422,424,425,426,427,428,429,:
424:51,53,54,368,420,421,422,423,425,426,427,428,429,:
425:50,51,53,54,318,323,368,419,420,421,422,423,424,426,427,429,:
426:50,51,54,317,318,368,420,421,423,424,425,427,428,429,:
427:420,421,422,423,424,425,426,428,429,:
428:420,421,422,423,424,426,427,429,:
429:421,422,423,424,425,426,427,428,:
