1:2,3,8,31,34,294,372,375,386,477,478,480,481,484,498,500,501,:
2:1,3,4,5,7,8,31,33,34,294,385,386,481,:
3:1,2,4,5,6,7,8,9,30,31,33,34,372,382,383,384,385,386,398,:
4:2,3,5,6,7,8,9,30,31,32,33,34,384,385,398,399,:
5:2,3,4,6,7,8,9,10,30,31,32,33,34,36,398,399,400,417,:
6:3,4,5,7,8,9,10,11,12,13,14,30,32,33,36,417,424,:
7:2,3,4,5,6,8,9,30,31,32,33,34,288,293,400,417,:
8:1,2,3,4,5,6,7,31,33,34,287,288,293,386,:
9:3,4,5,6,7,10,11,12,13,14,17,18,30,32,35,36,:
10:5,6,9,11,12,13,14,15,17,30,32,35,36,37,307,:
11:6,9,10,12,13,14,15,32,35,36,38,302,303,307,:
12:6,9,10,11,13,14,30,35,304,307,308,:
13:6,9,10,11,12,14,15,16,17,18,19,30,32,35,36,37,38,:
14:6,9,10,11,12,13,15,16,17,18,19,20,32,35,36,37,38,39,40,399,402,414,:
15:10,11,13,14,16,17,18,19,20,35,36,37,38,39,40,402,414,:
16:13,14,15,17,18,19,20,21,22,23,35,36,37,38,39,40,41,43,44,402,414,:
17:9,10,13,14,15,16,18,19,20,21,22,23,35,36,37,38,39,40,41,44,398,399,401,402,:
18:9,13,14,15,16,17,19,20,22,30,35,36,41,384,385,387,398,399,402,:
19:13,14,15,16,17,18,20,21,22,23,24,35,36,37,38,39,40,41,42,43,44,52,399,402,:
20:14,15,16,17,18,19,21,22,23,24,25,29,39,40,41,42,43,44,51,52,399,402,:
21:16,17,19,20,22,23,24,29,39,40,41,42,43,44,51,52,242,394,402,:
22:16,17,18,19,20,21,23,24,25,26,28,29,39,40,41,42,43,44,45,46,47,51,52,:
23:16,17,19,20,21,22,24,25,29,39,40,41,42,43,45,46,52,:
24:19,20,21,22,23,25,26,27,28,29,41,42,43,45,46,47,48,49,50,51,52,:
25:20,22,23,24,26,27,28,29,45,46,47,48,49,50,51,52,:
26:22,24,25,27,28,29,45,46,47,48,49,50,51,52,121,134,155,156,158,:
27:24,25,26,28,29,45,46,47,48,49,50,51,52,133,134,140,142,143,144,149,154,155,:
28:22,24,25,26,27,29,41,45,46,47,48,49,50,51,52,143,144,154,155,157,388,390,393,:
29:20,21,22,23,24,25,26,27,28,41,42,43,45,46,47,48,49,50,51,52,388,390,394,:
30:3,4,5,6,7,9,10,12,13,18,31,32,334,335,384,:
31:1,2,3,4,5,7,8,30,334,372,374,375,376,377,378,382,383,384,385,386,:
32:4,5,6,7,9,10,11,13,14,30,33,36,402,416,417,424,:
33:2,3,4,5,6,7,8,32,34,288,293,416,417,420,424,426,:
34:1,2,3,4,5,7,8,33,286,287,288,290,293,294,477,:
35:9,10,11,12,13,14,15,16,17,18,19,36,37,38,:
36:5,6,9,10,11,13,14,15,16,17,18,19,32,35,37,38,39,40,398,399,401,402,413,414,:
37:10,13,14,15,16,17,19,35,36,38,39,40,:
38:11,13,14,15,16,17,19,35,36,37,39,40,402,413,414,:
39:14,15,16,17,19,20,21,22,23,36,37,38,40,41,43,44,:
40:14,15,16,17,19,20,21,22,23,36,37,38,39,41,42,43,44,402,405,414,:
41:16,17,18,19,20,21,22,23,24,28,29,39,40,42,43,44,49,51,52,387,388,390,394,398,399,402,:
42:19,20,21,22,23,24,29,40,41,43,44,51,52,238,239,240,241,242,243,394,396,:
43:16,19,20,21,22,23,24,29,39,40,41,42,44,51,52,242,243,:
44:16,17,19,20,21,22,39,40,41,42,43,51,52,394,396,399,401,402,403,404,405,408,409,:
45:22,23,24,25,26,27,28,29,46,47,48,49,51,:
46:22,23,24,25,26,27,28,29,45,47,48,51,52,:
47:22,24,25,26,27,28,29,45,46,48,49,50,52,121,154,155,156,157,158,159,160,161,:
48:24,25,26,27,28,29,45,46,47,49,120,121,132,133,134,140,156,158,:
49:24,25,26,27,28,29,41,45,47,48,50,51,52,143,144,149,154,155,156,157,159,387,388,389,390,391,:
50:24,25,26,27,28,29,47,49,51,52,143,144,154,388,389,390,391,392,393,395,:
51:20,21,22,24,25,26,27,28,29,41,42,43,44,45,46,49,50,52,237,238,239,241,390,394,396,:
52:19,20,21,22,23,24,25,26,27,28,29,41,42,43,44,46,47,49,50,51,387,388,389,390,393,394,396,:
53:54,55,56,57,58,59,60,281,283,284,:
54:53,55,56,57,58,60,280,281,282,283,284,289,291,:
55:53,54,56,57,58,59,60,281,284,:
56:53,54,55,57,58,59,60,281,284,:
57:53,54,55,56,58,59,280,281,284,:
58:53,54,55,56,57,59,60,280,281,284,:
59:53,55,56,57,58,60,:
60:53,54,55,56,58,59,284,:
61:62,63,64,65,66,67,69,:
62:61,63,64,65,66,67,68,69,71,:
63:61,62,64,65,66,67,68,69,:
64:61,62,63,65,66,67,68,:
65:61,62,63,64,66,67,68,92,316,:
66:61,62,63,64,65,67,68,69,70,71,:
67:61,62,63,64,65,66,68,69,70,71,72,:
68:62,63,64,65,66,67,69,70,71,72,89,92,:
69:61,62,63,66,67,68,70,71,72,:
70:66,67,68,69,71,72,:
71:62,66,67,68,69,70,72,:
72:67,68,69,70,71,:
73:74,75,76,77,78,79,80,107,179,:
74:73,75,76,78,79,80,105,178,179,180,:
75:73,74,76,77,78,79,80,81,107,179,:
76:73,74,75,77,78,79,81,:
77:73,75,76,78,79,81,90,95,:
78:73,74,75,76,77,79,80,81,82,83,107,158,160,179,:
79:73,74,75,76,77,78,80,81,82,83,159,160,161,180,:
80:73,74,75,78,79,81,82,83,157,159,178,179,180,378,:
81:75,76,77,78,79,80,82,83,93,94,95,161,:
82:78,79,80,81,83,159,180,333,334,335,378,:
83:78,79,80,81,82,93,94,95,333,334,335,:
84:85,86,87,88,89,90,:
85:84,86,87,89,90,:
86:84,85,87,88,89,90,91,:
87:84,85,86,88,89,90,:
88:84,86,87,89,:
89:68,84,85,86,87,88,90,91,92,93,:
90:77,84,85,86,87,89,91,92,93,94,95,:
91:86,89,90,92,93,94,95,:
92:65,68,89,90,91,93,94,95,:
93:81,83,89,90,91,92,94,95,:
94:81,83,90,91,92,93,95,:
95:77,81,83,90,91,92,93,94,:
96:97,98,99,100,101,102,108,109,:
97:96,98,99,100,101,:
98:96,97,99,100,101,102,103,104,108,109,110,167,:
99:96,97,98,100,101,102,103,104,108,109,110,111,113,116,167,:
100:96,97,98,99,101,102,104,108,109,110,113,:
101:96,97,98,99,100,102,103,104,105,106,108,109,:
102:96,98,99,100,101,103,104,105,106,107,108,109,:
103:98,99,101,102,104,105,106,107,108,109,167,174,:
104:98,99,100,101,102,103,105,106,107,108,:
105:74,101,102,103,104,106,107,109,179,:
106:101,102,103,104,105,107,123,:
107:73,75,78,102,103,104,105,106,:
108:96,98,99,100,101,102,103,104,109,110,111,112,113,114,115,116,117,118,167,:
109:96,98,99,100,101,102,103,105,108,110,111,112,113,116,117,163,164,166,167,:
110:98,99,100,108,109,111,112,113,114,115,116,117,118,119,131,:
111:99,108,109,110,112,113,114,115,116,117,118,119,120,122,130,131,141,149,150,:
112:108,109,110,111,113,114,115,116,117,118,119,120,121,130,131,140,141,143,146,149,150,151,152,163,164,:
113:99,100,108,109,110,111,112,114,115,116,117,118,131,141,:
114:108,110,111,112,113,115,116,117,118,130,131,135,136,139,141,:
115:108,110,111,112,113,114,116,117,118,119,120,130,131,132,133,135,136,140,141,146,150,:
116:99,108,109,110,111,112,113,114,115,141,146,147,164,168,:
117:108,109,110,111,112,113,114,115,118,119,120,121,122,123,130,131,141,150,:
118:108,110,111,112,113,114,115,117,119,120,122,123,130,131,:
119:110,111,112,115,117,118,120,121,122,123,124,130,131,132,141,150,:
120:48,111,112,115,117,118,119,121,122,123,130,131,132,133,134,135,136,140,141,150,:
121:26,47,48,112,117,119,120,122,130,131,132,133,134,140,141,150,156,158,:
122:111,117,118,119,120,121,123,124,125,130,131,:
123:106,117,118,119,120,122,124,125,126,:
124:119,122,123,125,126,127,128,129,:
125:122,123,124,126,127,128,129,:
126:123,124,125,127,128,129,:
127:124,125,126,128,129,:
128:124,125,126,127,129,:
129:124,125,126,127,128,:
130:111,112,114,115,117,118,119,120,121,122,131,132,133,134,135,136,140,141,150,:
131:110,111,112,113,114,115,117,118,119,120,121,122,130,132,133,135,136,137,140,141,150,:
132:48,115,119,120,121,130,131,133,134,135,136,137,140,141,142,150,:
133:27,48,115,120,121,130,131,132,134,135,136,140,141,142,143,145,148,149,150,:
134:26,27,48,120,121,130,132,133,135,140,141,142,143,145,148,:
135:114,115,120,130,131,132,133,134,136,137,138,139,140,141,:
136:114,115,120,130,131,132,133,135,137,138,139,:
137:131,132,135,136,138,139,:
138:135,136,137,139,:
139:114,135,136,137,138,:
140:27,48,112,115,120,121,130,131,132,133,134,135,141,142,143,144,145,146,147,148,149,150,164,:
141:111,112,113,114,115,116,117,119,120,121,130,131,132,133,134,135,140,142,143,145,146,147,148,149,150,164,:
142:27,132,133,134,140,141,143,144,145,146,147,148,149,150,151,164,:
143:27,28,49,50,112,133,134,140,141,142,144,145,146,147,148,149,150,151,152,154,163,164,:
144:27,28,49,50,140,142,143,145,146,149,150,151,152,153,154,163,164,261,392,:
145:133,134,140,141,142,143,144,146,147,148,149,150,164,:
146:112,115,116,140,141,142,143,144,145,147,148,149,150,163,164,168,:
147:116,140,141,142,143,145,146,148,163,164,168,:
148:133,134,140,141,142,143,145,146,147,251,:
149:27,49,111,112,133,140,141,142,143,144,145,146,150,151,152,153,154,155,156,163,164,:
150:111,112,115,117,119,120,121,130,131,132,133,140,141,142,143,144,145,146,149,151,152,154,155,156,163,164,:
151:112,142,143,144,149,150,152,153,154,155,156,157,163,164,165,:
152:112,143,144,149,150,151,153,154,155,163,164,165,166,167,168,261,:
153:144,149,151,152,154,163,164,165,166,167,172,173,174,177,261,381,:
154:27,28,47,49,50,143,144,149,150,151,152,153,155,156,157,158,159,163,164,389,:
155:26,27,28,47,49,149,150,151,152,154,156,157,158,159,160,:
156:26,47,48,49,121,149,150,151,154,155,157,158,159,160,161,162,:
157:28,47,49,80,151,154,155,156,158,159,160,161,387,:
158:26,47,48,78,121,154,155,156,157,159,160,161,162,:
159:47,49,79,80,82,154,155,156,157,158,160,161,162,:
160:47,78,79,155,156,157,158,159,161,162,:
161:47,79,81,156,157,158,159,160,162,:
162:156,158,159,160,161,:
163:109,112,143,144,146,147,149,150,151,152,153,154,164,165,166,167,168,169,261,:
164:109,112,116,140,141,142,143,144,145,146,147,149,150,151,152,153,154,163,165,166,167,168,:
165:151,152,153,163,164,166,167,168,169,170,171,173,261,:
166:109,152,153,163,164,165,167,168,169,170,172,173,:
167:98,99,103,108,109,152,153,163,164,165,166,168,172,173,:
168:116,146,147,152,163,164,165,166,167,169,170,171,:
169:163,165,166,168,170,171,:
170:165,166,168,169,171,:
171:165,168,169,170,:
172:153,166,167,173,174,175,176,177,178,:
173:153,165,166,167,172,174,175,176,177,:
174:103,153,172,173,175,176,177,178,179,180,510,:
175:172,173,174,176,177,178,179,509,510,:
176:172,173,174,175,177,178,179,508,509,510,511,:
177:153,172,173,174,175,176,178,179,180,380,381,509,510,:
178:74,80,172,174,175,176,177,179,180,380,381,:
179:73,74,75,78,80,105,174,175,176,177,178,180,:
180:74,79,80,82,174,177,178,179,379,380,381,:
181:182,183,184,185,186,187,188,:
182:181,183,184,185,186,187,:
183:181,182,184,185,186,187,188,:
184:181,182,183,185,186,187,188,:
185:181,182,183,184,186,187,:
186:181,182,183,184,185,187,188,501,:
187:181,182,183,184,185,186,188,501,:
188:181,183,184,186,187,373,499,501,:
189:190,191,192,193,194,195,306,:
190:189,191,192,193,194,195,302,304,305,306,:
191:189,190,192,193,194,195,196,:
192:189,190,191,193,194,195,:
193:189,190,191,192,194,300,:
194:189,190,191,192,193,195,196,197,301,306,:
195:189,190,191,192,194,196,197,198,199,201,306,:
196:191,194,195,197,198,199,200,201,202,203,204,210,307,:
197:194,195,196,198,199,200,201,202,203,204,205,309,310,:
198:195,196,197,199,200,201,203,204,205,308,309,310,311,:
199:195,196,197,198,200,201,202,203,204,205,309,310,:
200:196,197,198,199,201,202,203,204,205,210,310,:
201:195,196,197,198,199,200,202,203,205,209,210,:
202:196,197,199,200,201,203,204,205,210,:
203:196,197,198,199,200,201,202,204,205,309,310,311,312,:
204:196,197,198,199,200,202,203,205,309,310,311,312,313,:
205:197,198,199,200,201,202,203,204,312,:
206:207,208,209,210,211,212,:
207:206,208,209,211,:
208:206,207,209,210,211,212,213,301,:
209:201,206,207,208,210,211,212,:
210:196,200,201,202,206,208,209,211,212,:
211:206,207,208,209,210,212,213,214,215,419,:
212:206,208,209,210,211,213,214,215,419,:
213:208,211,212,214,215,415,418,419,439,440,442,443,:
214:211,212,213,215,415,416,418,419,422,437,439,440,442,443,:
215:211,212,213,214,415,419,439,440,441,442,443,444,:
216:217,218,219,220,221,222,224,225,459,:
217:216,218,219,220,221,:
218:216,217,219,220,221,222,223,224,225,226,233,412,458,459,:
219:216,217,218,220,221,222,223,224,225,226,227,229,230,232,233,412,:
220:216,217,218,219,221,222,223,224,225,226,227,232,233,:
221:216,217,218,219,220,222,223,224,225,233,236,:
222:216,218,219,220,221,223,224,225,232,233,234,235,236,397,412,:
223:218,219,220,221,222,224,225,226,227,232,233,234,235,236,237,:
224:216,218,219,220,221,222,223,225,226,227,228,229,230,231,232,233,412,458,459,:
225:216,218,219,220,221,222,223,224,226,227,229,230,231,232,233,410,411,412,457,458,459,460,:
226:218,219,220,223,224,225,227,228,229,230,231,232,233,234,:
227:219,220,223,224,225,226,228,229,230,232,233,234,235,236,237,238,240,:
228:224,226,227,229,232,233,234,235,237,238,:
229:219,224,225,226,227,228,230,231,232,233,240,410,411,412,458,:
230:219,224,225,226,227,229,231,410,411,412,457,458,459,460,:
231:224,225,226,229,230,410,411,457,458,460,:
232:219,220,222,223,224,225,226,227,228,229,233,234,235,236,237,238,240,244,245,:
233:218,219,220,221,222,223,224,225,226,227,228,229,232,234,235,236,237,238,240,412,:
234:222,223,226,227,228,232,233,235,236,237,238,239,240,244,245,246,:
235:222,223,227,228,232,233,234,236,237,238,244,245,246,247,248,249,:
236:221,222,223,227,232,233,234,235,237,244,245,246,247,248,:
237:51,223,227,228,232,233,234,235,236,238,239,240,241,242,244,245,397,:
238:42,51,227,228,232,233,234,235,237,239,240,241,242,243,:
239:42,51,234,237,238,240,241,242,243,:
240:42,227,229,232,233,234,237,238,239,241,242,243,409,410,412,:
241:42,51,237,238,239,240,242,243,:
242:21,42,43,237,238,239,240,241,243,409,410,411,:
243:42,43,238,239,240,241,242,:
244:232,234,235,236,237,245,246,247,248,249,250,251,:
245:232,234,235,236,237,244,246,247,248,249,251,:
246:234,235,236,244,245,247,248,249,250,251,252,:
247:235,236,244,245,246,248,249,250,251,:
248:235,236,244,245,246,247,249,250,251,260,395,:
249:235,244,245,246,247,248,250,251,252,:
250:244,246,247,248,249,251,252,:
251:148,244,245,246,247,248,249,250,252,:
252:246,249,250,251,:
253:254,255,256,257,258,259,262,263,:
254:253,255,256,257,258,259,:
255:253,254,256,257,258,259,262,263,264,493,:
256:253,254,255,257,258,259,262,263,264,265,266,267,493,:
257:253,254,255,256,258,262,263,264,267,:
258:253,254,255,256,257,259,260,262,263,487,493,:
259:253,254,255,256,258,260,261,392,:
260:248,258,259,261,391,392,:
261:144,152,153,163,165,259,260,391,392,:
262:253,255,256,257,258,263,264,265,266,267,268,270,490,493,:
263:253,255,256,257,258,262,264,265,266,267,268,270,489,490,491,492,493,:
264:255,256,257,262,263,265,266,267,268,269,270,490,:
265:256,262,263,264,266,267,268,269,490,:
266:256,262,263,264,265,267,268,269,479,482,483,487,489,490,491,493,494,:
267:256,257,262,263,264,265,266,268,269,270,271,272,:
268:262,263,264,265,266,267,269,270,271,272,273,:
269:264,265,266,267,268,270,271,272,273,:
270:262,263,264,267,268,269,271,272,273,493,:
271:267,268,269,270,272,273,356,:
272:267,268,269,270,271,273,494,507,:
273:268,269,270,271,272,353,355,494,:
274:275,276,277,278,279,476,479,:
275:274,276,277,278,279,466,475,476,477,478,479,496,498,:
276:274,275,277,278,279,:
277:274,275,276,278,279,476,:
278:274,275,276,277,279,466,475,476,477,478,479,502,:
279:274,275,276,277,278,498,:
280:54,57,58,281,282,283,284,285,286,289,290,:
281:53,54,55,56,57,58,280,282,283,284,285,289,:
282:54,280,281,283,284,285,286,287,288,289,290,291,293,:
283:53,54,280,281,282,284,285,286,287,289,290,291,292,293,294,:
284:53,54,55,56,57,58,60,280,281,282,283,285,289,290,291,292,293,:
285:280,281,282,283,284,286,287,288,289,290,293,425,426,427,430,:
286:34,280,282,283,285,287,288,289,290,293,425,426,:
287:8,34,282,283,285,286,288,289,290,293,426,477,:
288:7,8,33,34,282,285,286,287,290,293,420,421,425,426,427,:
289:54,280,281,282,283,284,285,286,287,290,291,292,293,294,295,296,:
290:34,280,282,283,284,285,286,287,288,289,291,292,293,294,502,:
291:54,282,283,284,289,290,292,293,294,295,296,297,327,:
292:283,284,289,290,291,293,294,295,296,297,298,300,327,:
293:7,8,33,34,282,283,284,285,286,287,288,289,290,291,292,294,295,296,297,300,423,:
294:1,2,34,283,289,290,291,292,293,295,296,:
295:289,291,292,293,294,296,297,298,299,300,302,325,327,:
296:289,291,292,293,294,295,297,298,299,300,302,320,324,325,327,:
297:291,292,293,295,296,298,299,300,301,302,303,304,327,424,:
298:292,295,296,297,299,300,301,302,303,304,305,306,307,314,320,327,:
299:295,296,297,298,300,302,303,304,305,306,314,315,319,320,321,324,325,327,329,:
300:193,292,293,295,296,297,298,299,301,302,303,423,424,:
301:194,208,297,298,300,302,303,423,424,:
302:11,190,295,296,297,298,299,300,301,303,304,305,306,307,308,314,315,320,424,:
303:11,297,298,299,300,301,302,304,305,306,307,424,:
304:12,190,297,298,299,302,303,305,306,307,308,309,314,315,316,320,:
305:190,298,299,302,303,304,306,307,308,314,315,316,317,319,320,:
306:189,190,194,195,298,299,302,303,304,305,307,308,314,315,316,317,319,320,:
307:10,11,12,196,298,302,303,304,305,306,308,309,310,311,314,315,:
308:12,198,302,304,305,306,307,309,310,311,312,313,314,315,:
309:197,198,199,203,204,304,307,308,310,311,312,313,:
310:197,198,199,200,203,204,307,308,309,311,312,313,:
311:198,203,204,307,308,309,310,312,313,:
312:203,204,205,308,309,310,311,313,:
313:204,308,309,310,311,312,:
314:298,299,302,304,305,306,307,308,315,316,317,318,319,320,329,:
315:299,302,304,305,306,307,308,314,316,317,319,320,329,:
316:65,304,305,306,314,315,317,318,319,320,321,329,:
317:305,306,314,315,316,318,319,320,321,322,324,328,329,:
318:314,316,317,319,320,321,322,328,329,:
319:299,305,306,314,315,316,317,318,320,321,322,323,324,325,326,327,328,329,:
320:296,298,299,302,304,305,306,314,315,316,317,318,319,321,322,324,325,326,327,328,329,:
321:299,316,317,318,319,320,322,323,324,325,326,327,328,329,330,:
322:317,318,319,320,321,323,324,325,328,329,330,331,332,333,336,342,372,:
323:319,321,322,324,328,329,330,331,332,336,337,341,342,343,371,372,373,:
324:296,299,317,319,320,321,322,323,325,326,327,328,329,:
325:295,296,299,319,320,321,322,324,326,327,:
326:319,320,321,324,325,327,:
327:291,292,295,296,297,298,299,319,320,321,324,325,326,:
328:317,318,319,320,321,322,323,324,329,330,331,332,333,334,335,336,337,342,372,:
329:299,314,315,316,317,318,319,320,321,322,323,324,328,330,331,332,333,334,335,:
330:321,322,323,328,329,331,332,333,334,335,336,337,338,342,370,371,372,:
331:322,323,328,329,330,332,333,334,336,337,338,339,341,342,370,:
332:322,323,328,329,330,331,333,336,337,338,339,341,342,:
333:82,83,322,328,329,330,331,332,334,335,336,337,:
334:30,31,82,83,328,329,330,331,333,335,378,:
335:30,82,83,328,329,330,333,334,378,:
336:322,323,328,330,331,332,333,337,338,339,340,341,342,369,370,371,:
337:323,328,330,331,332,333,336,338,339,341,342,364,366,367,368,369,370,371,:
338:330,331,332,336,337,339,340,341,342,343,364,370,:
339:331,332,336,337,338,340,341,342,343,344,345,364,:
340:336,338,339,341,342,343,344,345,364,:
341:323,331,332,336,337,338,339,340,342,343,344,345,367,:
342:322,323,328,330,331,332,336,337,338,339,340,341,343,344,345,367,371,373,:
343:323,338,339,340,341,342,344,345,367,:
344:339,340,341,342,343,345,367,373,:
345:339,340,341,342,343,344,346,347,359,360,366,367,373,:
346:345,347,348,349,350,351,352,:
347:345,346,348,349,350,351,:
348:346,347,349,350,351,352,353,354,:
349:346,347,348,350,351,352,353,:
350:346,347,348,349,351,352,353,:
351:346,347,348,349,350,352,353,354,355,356,497,:
352:346,348,349,350,351,353,354,355,356,:
353:273,348,349,350,351,352,354,355,356,:
354:348,351,352,353,355,356,497,499,:
355:273,351,352,353,354,356,:
356:271,351,352,353,354,355,:
357:358,359,360,361,362,363,364,366,367,504,507,:
358:357,359,360,361,362,363,366,492,494,503,504,505,506,507,508,:
359:345,357,358,360,361,362,363,364,365,366,367,368,504,:
360:345,357,358,359,361,362,363,364,366,367,368,369,370,371,374,375,497,504,:
361:357,358,359,360,362,364,366,367,368,369,370,374,375,376,379,491,492,494,497,503,504,509,:
362:357,358,359,360,361,363,364,365,366,367,504,508,509,510,:
363:357,358,359,360,362,364,365,:
364:337,338,339,340,357,359,360,361,362,363,365,366,367,370,510,:
365:359,362,363,364,510,:
366:337,345,357,358,359,360,361,362,364,367,368,369,370,371,372,373,374,375,497,:
367:337,341,342,343,344,345,357,359,360,361,362,364,366,368,369,370,371,373,:
368:337,359,360,361,366,367,369,370,371,372,373,374,375,376,497,:
369:336,337,360,361,366,367,368,370,371,372,373,374,375,376,377,379,:
370:330,331,336,337,338,360,361,364,366,367,368,369,371,372,374,375,376,377,379,:
371:323,330,336,337,342,360,366,367,368,369,370,372,373,374,375,:
372:1,3,31,322,323,328,330,366,368,369,370,371,373,374,375,:
373:188,323,342,344,345,366,367,368,369,371,372,499,:
374:31,360,361,366,368,369,370,371,372,375,376,377,378,379,380,382,383,484,504,:
375:1,31,360,361,366,368,369,370,371,372,374,376,377,379,382,383,483,484,489,491,497,504,:
376:31,361,368,369,370,374,375,377,378,379,380,381,382,383,384,484,:
377:31,369,370,374,375,376,378,379,380,381,382,383,384,385,387,388,484,:
378:31,80,82,334,335,374,376,377,379,380,382,383,384,387,:
379:180,361,369,370,374,375,376,377,378,380,381,382,383,389,484,503,504,509,:
380:177,178,180,374,376,377,378,379,381,382,383,389,509,:
381:153,177,178,180,376,377,379,380,389,392,509,:
382:3,31,374,375,376,377,378,379,380,383,384,385,386,387,388,389,398,484,:
383:3,31,374,375,376,377,378,379,380,382,384,385,386,387,388,389,480,481,482,483,484,485,:
384:3,4,18,30,31,376,377,378,382,383,385,386,387,388,389,390,398,399,400,:
385:2,3,4,18,31,377,382,383,384,386,387,388,390,394,398,399,400,401,481,:
386:1,2,3,8,31,382,383,384,385,387,388,390,398,399,400,478,480,481,482,483,484,485,486,:
387:18,41,49,52,157,377,378,382,383,384,385,386,388,389,390,391,393,394,398,399,:
388:28,29,41,49,50,52,377,382,383,384,385,386,387,389,390,391,392,393,394,395,396,398,399,:
389:49,50,52,154,379,380,381,382,383,384,387,388,390,391,392,393,394,395,:
390:28,29,41,49,50,51,52,384,385,386,387,388,389,391,392,393,394,395,396,397,398,399,485,486,:
391:49,50,260,261,387,388,389,390,392,393,394,395,397,485,487,:
392:50,144,259,260,261,381,388,389,390,391,393,395,487,:
393:28,50,52,387,388,389,390,391,392,394,395,396,397,485,486,487,:
394:21,29,41,42,44,51,52,385,387,388,389,390,391,393,395,396,397,398,399,400,486,:
395:50,248,388,389,390,391,392,393,394,396,397,486,487,:
396:42,44,51,52,388,390,393,394,395,397,486,:
397:222,237,390,391,393,394,395,396,486,:
398:3,4,5,17,18,36,41,382,384,385,386,387,388,390,394,399,400,401,402,403,404,:
399:4,5,14,17,18,19,20,36,41,44,384,385,386,387,388,390,394,398,400,401,402,403,:
400:5,7,384,385,386,394,398,399,401,402,403,404,405,:
401:17,36,44,385,398,399,400,402,403,404,405,406,408,413,414,417,:
402:14,15,16,17,18,19,20,21,32,36,38,40,41,44,398,399,400,401,403,404,405,406,413,414,417,:
403:44,398,399,400,401,402,404,405,406,407,408,409,413,414,417,:
404:44,398,400,401,402,403,405,406,407,408,409,413,:
405:40,44,400,401,402,403,404,406,407,408,409,410,413,414,415,:
406:401,402,403,404,405,407,408,409,413,414,415,416,417,:
407:403,404,405,406,408,413,414,415,416,417,437,438,439,441,445,446,:
408:44,401,403,404,405,406,407,409,410,411,412,413,414,:
409:44,240,242,403,404,405,406,408,410,411,412,:
410:225,229,230,231,240,242,405,408,409,411,412,455,456,457,458,:
411:225,229,230,231,242,408,409,410,412,456,457,458,460,:
412:218,219,222,224,225,229,230,233,240,408,409,410,411,455,456,457,458,459,460,:
413:36,38,401,402,403,404,405,406,407,408,414,415,416,417,418,419,:
414:14,15,16,36,38,40,401,402,403,405,406,407,408,413,415,416,417,:
415:213,214,215,405,406,407,413,414,416,417,418,419,420,439,440,:
416:32,33,214,406,407,413,414,415,417,418,419,420,421,423,424,:
417:5,6,7,32,33,401,402,403,406,407,413,414,415,416,418,419,420,423,424,:
418:213,214,413,415,416,417,419,420,421,422,423,424,425,426,432,:
419:211,212,213,214,215,413,415,416,417,418,420,421,422,423,424,425,432,437,440,:
420:33,288,415,416,417,418,419,421,422,423,424,425,426,427,432,:
421:288,416,418,419,420,422,423,425,426,427,428,430,431,432,:
422:214,418,419,420,421,423,425,426,427,428,429,430,431,432,:
423:293,300,301,416,417,418,419,420,421,422,424,425,426,:
424:6,32,33,297,300,301,302,303,416,417,418,419,420,423,:
425:285,286,288,418,419,420,421,422,423,426,427,428,429,430,431,432,:
426:33,285,286,287,288,418,420,421,422,423,425,427,428,430,431,432,:
427:285,288,420,421,422,425,426,428,429,430,431,432,433,:
428:421,422,425,426,427,429,430,431,432,433,434,435,436,:
429:422,425,427,428,430,431,432,433,434,435,:
430:285,421,422,425,426,427,428,429,431,:
431:421,422,425,426,427,428,429,430,432,433,434,435,436,437,:
432:418,419,420,421,422,425,426,427,428,429,431,433,434,435,436,437,:
433:427,428,429,431,432,434,435,436,437,438,:
434:428,429,431,432,433,435,436,437,449,:
435:428,429,431,432,433,434,436,448,449,450,451,452,453,:
436:428,431,432,433,434,435,437,438,439,440,:
437:214,407,419,431,432,433,434,436,438,439,440,441,:
438:407,433,436,437,439,440,441,442,443,445,446,447,:
439:213,214,215,407,415,436,437,438,440,441,442,443,444,445,446,447,:
440:213,214,215,415,419,436,437,438,439,441,442,443,444,445,446,:
441:215,407,437,438,439,440,442,443,444,445,446,447,:
442:213,214,215,438,439,440,441,443,444,445,446,447,:
443:213,214,215,438,439,440,441,442,444,445,447,:
444:215,439,440,441,442,443,445,446,447,:
445:407,438,439,440,441,442,443,444,446,447,:
446:407,438,439,440,441,442,444,445,447,:
447:438,439,441,442,443,444,445,446,:
448:435,449,450,451,452,453,454,455,461,462,:
449:434,435,448,450,451,452,453,454,:
450:435,448,449,451,452,453,454,455,461,462,463,:
451:435,448,449,450,452,453,454,461,462,463,464,465,466,467,469,:
452:435,448,449,450,451,453,461,462,463,464,466,467,:
453:435,448,449,450,451,452,454,455,456,461,462,:
454:448,449,450,451,453,455,456,457,:
455:410,412,448,450,453,454,456,457,458,459,460,:
456:410,411,412,453,454,455,457,458,459,460,:
457:225,230,231,410,411,412,454,455,456,458,459,460,:
458:218,224,225,229,230,231,410,411,412,455,456,457,459,460,:
459:216,218,224,225,230,412,455,456,457,458,460,:
460:225,230,231,411,412,455,456,457,458,459,:
461:448,450,451,452,453,462,463,464,465,466,467,468,469,475,:
462:448,450,451,452,453,461,463,464,465,466,467,469,:
463:450,451,452,461,462,464,465,466,467,468,469,475,476,477,:
464:451,452,461,462,463,465,466,467,475,476,477,478,479,:
465:451,461,462,463,464,466,475,476,477,478,480,481,488,:
466:275,278,451,452,461,462,463,464,465,467,468,469,470,471,475,476,:
467:451,452,461,462,463,464,466,468,469,470,471,472,:
468:461,463,466,467,469,470,471,472,473,474,:
469:451,461,462,463,466,467,468,470,471,472,473,:
470:466,467,468,469,471,472,473,474,:
471:466,467,468,469,470,472,473,474,:
472:467,468,469,470,471,473,474,:
473:468,469,470,471,472,474,:
474:468,470,471,472,473,:
475:275,278,461,463,464,465,466,476,477,478,479,480,481,:
476:274,275,277,278,463,464,465,466,475,477,478,479,:
477:1,34,275,278,287,463,464,465,475,476,478,479,480,481,482,:
478:1,275,278,386,464,465,475,476,477,479,480,481,482,483,484,485,486,488,496,498,:
479:266,274,275,278,464,475,476,477,478,480,481,482,483,488,490,496,498,:
480:1,383,386,465,475,477,478,479,481,482,483,484,485,486,487,488,489,490,:
481:1,2,383,385,386,465,475,477,478,479,480,482,483,484,485,486,488,:
482:266,383,386,477,478,479,480,481,483,484,485,486,487,488,489,490,491,:
483:266,375,383,386,478,479,480,481,482,484,485,486,487,489,490,491,492,493,494,495,496,:
484:1,374,375,376,377,379,382,383,386,478,480,481,482,483,485,487,489,490,491,492,494,495,:
485:383,386,390,391,393,478,480,481,482,483,484,486,487,488,489,490,:
486:386,390,393,394,395,396,397,478,480,481,482,483,485,487,488,:
487:258,266,391,392,393,395,480,482,483,484,485,486,488,489,490,:
488:465,478,479,480,481,482,485,486,487,:
489:263,266,375,480,482,483,484,485,487,490,491,492,493,494,495,496,503,504,:
490:262,263,264,265,266,479,480,482,483,484,485,487,489,491,492,493,494,495,496,:
491:263,266,361,375,482,483,484,489,490,492,493,494,495,496,497,503,504,505,:
492:263,358,361,483,484,489,490,491,493,494,495,503,504,505,506,507,508,:
493:255,256,258,262,263,266,270,483,489,490,491,492,494,503,504,505,506,507,:
494:266,272,273,358,361,483,484,489,490,491,492,493,495,496,497,498,499,503,504,:
495:483,484,489,490,491,492,494,496,497,498,499,500,:
496:275,478,479,483,489,490,491,494,495,497,498,499,500,501,502,:
497:351,354,360,361,366,368,375,491,494,495,496,498,499,500,501,:
498:1,275,279,478,479,494,495,496,497,499,500,501,502,:
499:188,354,373,494,495,496,497,498,500,501,502,:
500:1,495,496,497,498,499,501,502,:
501:1,186,187,188,496,497,498,499,500,502,:
502:278,290,496,498,499,500,501,:
503:358,361,379,489,491,492,493,494,504,505,506,507,508,509,510,511,:
504:357,358,359,360,361,362,374,375,379,489,491,492,493,494,503,505,506,507,508,509,510,:
505:358,491,492,493,503,504,506,507,508,509,510,511,:
506:358,492,493,503,504,505,507,508,509,511,:
507:272,357,358,492,493,503,504,505,506,508,511,:
508:176,358,362,492,503,504,505,506,507,509,510,511,:
509:175,176,177,361,362,379,380,381,503,504,505,506,508,510,511,:
510:174,175,176,177,362,364,365,503,504,505,508,509,511,:
511:176,503,505,506,507,508,509,510,:
