1:2,3,4,5,6,7,8,9,10,13,14,15,16,20,21,23,32,33,34,35,36,37,40,41,45,46,47,48,54,98,99,100,101,106,221,:
2:1,3,4,5,7,8,9,10,14,21,32,33,34,35,36,40,41,42,46,48,98,99,101,221,297,298,299,:
3:1,2,4,5,6,7,8,9,10,21,32,33,34,35,36,40,41,42,243,244,245,298,:
4:1,2,3,5,6,7,8,9,10,21,32,33,34,35,36,37,38,39,40,41,42,54,74,101,245,:
5:1,2,3,4,6,8,9,10,13,14,20,21,32,33,34,35,36,37,38,39,41,42,46,54,100,101,:
6:1,3,4,5,9,10,20,35,36,37,38,39,42,54,74,100,101,:
7:1,2,3,4,8,10,16,21,23,32,33,34,40,41,48,213,215,220,221,224,244,297,298,299,:
8:1,2,3,4,5,7,9,33,34,35,40,41,42,243,244,245,263,264,265,298,:
9:1,2,3,4,5,6,8,10,33,34,35,36,37,38,39,41,42,72,73,74,84,85,92,94,101,298,:
10:1,2,3,4,5,6,7,9,13,14,20,21,32,33,34,35,36,37,38,39,42,46,54,94,95,98,100,101,102,105,106,107,109,:
11:12,13,14,15,16,17,19,20,22,24,25,26,29,30,31,43,44,45,46,47,49,53,55,59,:
12:11,13,14,15,17,18,19,20,21,22,24,29,30,31,43,44,45,46,47,53,54,59,106,107,:
13:1,5,10,11,12,14,15,16,17,19,20,21,22,24,29,32,36,43,44,45,46,47,53,54,106,107,:
14:1,2,5,10,11,12,13,15,16,19,20,21,22,23,32,34,36,43,44,45,46,47,48,49,54,55,106,107,:
15:1,11,12,13,14,16,20,21,22,23,29,32,43,44,45,46,47,48,49,55,:
16:1,7,11,13,14,15,21,22,23,32,43,46,47,48,49,55,218,221,225,:
17:11,12,13,18,19,20,24,29,30,31,43,44,45,50,51,52,53,59,:
18:12,17,19,24,50,51,52,53,:
19:11,12,13,14,17,18,20,22,24,29,30,31,43,44,45,50,51,52,53,54,59,:
20:1,5,6,10,11,12,13,14,15,17,19,21,24,32,36,37,44,45,46,53,54,101,105,106,107,:
21:1,2,3,4,5,7,10,12,13,14,15,16,20,22,23,32,33,34,36,40,45,46,47,48,49,54,55,101,:
22:11,12,13,14,15,16,19,21,23,26,29,30,31,43,44,45,46,47,48,49,55,59,:
23:1,7,14,15,16,21,22,32,46,47,48,49,55,218,220,221,222,:
24:11,12,13,17,18,19,20,29,30,44,50,51,52,53,59,:
25:11,26,27,28,29,30,31,43,56,57,58,59,:
26:11,22,25,27,28,29,30,31,56,57,58,59,:
27:25,26,28,29,30,31,56,57,58,59,:
28:25,26,27,30,56,57,58,:
29:11,12,13,15,17,19,22,24,25,26,27,30,31,43,44,47,53,59,:
30:11,12,17,19,22,24,25,26,27,28,29,31,43,44,56,57,59,:
31:11,12,17,19,22,25,26,27,29,30,43,44,53,59,:
32:1,2,3,4,5,7,10,13,14,15,16,20,21,23,33,34,36,40,46,48,54,55,97,98,99,100,101,106,107,109,220,221,222,:
33:1,2,3,4,5,7,8,9,10,21,32,34,35,36,40,41,42,85,94,97,98,99,101,221,222,297,298,299,:
34:1,2,3,4,5,7,8,9,10,14,21,32,33,35,36,40,41,42,54,243,244,245,:
35:1,2,3,4,5,6,8,9,10,33,34,36,37,38,39,41,42,74,245,:
36:1,2,3,4,5,6,9,10,13,14,20,21,32,33,34,35,37,38,39,45,46,54,101,:
37:1,4,5,6,9,10,20,35,36,38,39,54,100,101,102,105,106,:
38:4,5,6,9,10,35,36,37,39,54,74,:
39:4,5,6,9,10,35,36,37,38,42,54,74,94,95,100,101,162,:
40:1,2,3,4,7,8,21,32,33,34,41,48,211,212,213,215,220,221,224,243,244,264,297,298,299,:
41:1,2,3,4,5,7,8,9,33,34,35,40,42,73,85,243,244,245,263,264,265,287,297,298,299,:
42:2,3,4,5,6,8,9,10,33,34,35,39,41,72,73,74,84,85,94,265,287,298,:
43:11,12,13,14,15,16,17,19,22,25,29,30,31,44,45,46,47,53,59,:
44:11,12,13,14,15,17,19,20,22,24,29,30,31,43,45,46,47,53,54,59,106,107,:
45:1,11,12,13,14,15,17,19,20,21,22,36,43,44,46,47,53,54,:
46:1,2,5,10,11,12,13,14,15,16,20,21,22,23,32,36,43,44,45,47,48,49,54,55,59,101,105,106,107,109,:
47:1,11,12,13,14,15,16,21,22,23,29,43,44,45,46,48,49,55,229,:
48:1,2,7,14,15,16,21,22,23,32,40,46,47,49,55,217,218,220,221,223,225,229,:
49:11,14,15,16,21,22,23,46,47,48,55,217,218,221,223,225,:
50:17,18,19,24,51,52,53,:
51:17,18,19,24,50,52,53,:
52:17,18,19,24,50,51,53,:
53:11,12,13,17,18,19,20,24,29,31,43,44,45,50,51,52,54,:
54:1,4,5,6,10,12,13,14,19,20,21,32,34,36,37,38,39,44,45,46,53,101,105,106,107,:
55:11,14,15,16,21,22,23,32,46,47,48,49,59,221,:
56:25,26,27,28,30,57,58,59,:
57:25,26,27,28,30,56,58,59,:
58:25,26,27,28,56,57,:
59:11,12,17,19,22,24,25,26,27,29,30,31,43,44,46,55,56,57,:
60:61,62,63,64,65,66,68,69,70,288,289,290,:
61:60,62,63,64,65,66,:
62:60,61,63,64,65,66,67,68,69,70,71,88,288,289,290,:
63:60,61,62,64,65,66,69,70,71,72,73,88,288,289,290,:
64:60,61,62,63,65,69,70,71,72,73,288,289,290,:
65:60,61,62,63,64,66,67,68,69,70,88,:
66:60,61,62,63,65,67,68,:
67:62,65,66,68,:
68:60,62,65,66,67,88,90,:
69:60,62,63,64,65,70,71,72,73,74,86,87,88,158,288,289,290,:
70:60,62,63,64,65,69,71,72,73,83,86,87,88,89,157,158,288,289,290,:
71:62,63,64,69,70,72,73,74,88,158,289,:
72:9,42,63,64,69,70,71,73,74,84,85,86,289,:
73:9,41,42,63,64,69,70,71,72,74,84,85,86,265,286,287,288,289,290,:
74:4,6,9,35,38,39,42,69,71,72,73,84,85,162,:
75:76,77,78,79,80,81,82,:
76:75,77,78,79,80,:
77:75,76,78,79,80,81,82,83,295,:
78:75,76,77,79,80,81,82,83,84,86,87,88,89,90,91,93,150,295,:
79:75,76,77,78,80,81,82,83,86,87,88,89,90,91,149,150,151,152,153,:
80:75,76,77,78,79,81,82,146,147,150,151,295,:
81:75,77,78,79,80,82,83,84,85,86,87,88,89,91,92,93,150,284,294,295,:
82:75,77,78,79,80,81,83,84,85,86,87,89,91,92,93,150,284,293,294,295,300,:
83:70,77,78,79,81,82,84,85,86,87,88,89,91,92,93,94,150,284,295,:
84:9,42,72,73,74,78,81,82,83,85,86,87,92,93,94,95,97,150,293,295,:
85:9,33,41,42,72,73,74,81,82,83,84,86,92,93,94,97,284,287,293,297,298,:
86:69,70,72,73,78,79,81,82,83,84,85,87,88,89,90,91,92,284,286,287,288,289,:
87:69,70,78,79,81,82,83,84,86,88,89,90,91,284,288,:
88:62,63,65,68,69,70,71,78,79,81,83,86,87,89,90,91,157,158,:
89:70,78,79,81,82,83,86,87,88,90,91,284,:
90:68,78,79,86,87,88,89,91,:
91:78,79,81,82,83,86,87,88,89,90,283,284,285,:
92:9,81,82,83,84,85,86,93,94,95,96,97,98,100,101,149,150,162,:
93:78,81,82,83,84,85,92,94,95,96,97,100,145,147,149,150,154,156,162,:
94:9,10,33,39,42,83,84,85,92,93,95,96,97,98,99,100,101,102,109,150,:
95:10,39,84,92,93,94,96,97,98,99,100,101,102,103,105,108,109,143,145,150,162,:
96:92,93,94,95,97,98,100,101,102,103,104,108,109,112,140,141,143,144,145,146,147,149,150,162,:
97:32,33,84,85,92,93,94,95,96,98,99,100,101,108,109,112,131,132,133,222,296,298,:
98:1,2,10,32,33,92,94,95,96,97,99,100,101,102,103,108,109,110,112,131,132,133,220,221,222,:
99:1,2,32,33,94,95,97,98,100,101,108,109,110,112,131,132,133,220,221,222,:
100:1,5,6,10,32,37,39,92,93,94,95,96,97,98,99,101,102,103,104,105,106,107,108,109,145,162,:
101:1,2,4,5,6,9,10,20,21,32,33,36,37,39,46,54,92,94,95,96,97,98,99,100,102,103,105,106,107,108,109,:
102:10,37,94,95,96,98,100,101,103,104,105,106,107,108,109,110,143,145,:
103:95,96,98,100,101,102,104,105,106,107,108,109,110,111,112,140,145,:
104:96,100,102,103,105,106,107,108,109,110,111,113,114,140,141,145,:
105:10,20,37,46,54,95,100,101,102,103,104,106,107,108,109,:
106:1,10,12,13,14,20,32,37,44,46,54,100,101,102,103,104,105,107,108,109,:
107:10,12,13,14,20,32,44,46,54,100,101,102,103,104,105,106,108,109,110,:
108:95,96,97,98,99,100,101,102,103,104,105,106,107,109,110,111,112,113,114,133,:
109:10,32,46,94,95,96,97,98,99,100,101,102,103,104,105,106,107,108,110,111,112,133,222,:
110:98,99,102,103,104,107,108,109,111,112,113,114,115,133,:
111:103,104,108,109,110,112,113,114,115,116,117,118,120,122,123,131,133,:
112:96,97,98,99,103,108,109,110,111,113,114,115,116,117,122,123,128,129,131,132,133,140,:
113:104,108,110,111,112,114,115,116,117,118,119,120,121,122,123,133,:
114:104,108,110,111,112,113,115,116,117,118,119,120,:
115:110,111,112,113,114,116,117,118,119,120,121,122,123,124,:
116:111,112,113,114,115,117,118,119,120,121,122,123,124,125,126,127,128,133,:
117:111,112,113,114,115,116,118,121,122,123,124,125,165,168,169,170,:
118:111,113,114,115,116,117,119,120,121,122,123,:
119:113,114,115,116,118,120,121,139,:
120:111,113,114,115,116,118,119,121,139,:
121:113,115,116,117,118,119,120,122,123,126,:
122:111,112,113,115,116,117,118,121,123,124,125,126,127,128,129,131,133,:
123:111,112,113,115,116,117,118,121,122,124,125,126,127,128,129,133,134,136,:
124:115,116,117,122,123,125,126,127,128,129,130,131,133,:
125:116,117,122,123,124,126,127,128,:
126:116,121,122,123,124,125,127,:
127:116,122,123,124,125,126,128,129,130,131,133,:
128:112,116,122,123,124,125,127,129,130,131,132,133,295,:
129:112,122,123,124,127,128,130,131,132,133,170,294,295,:
130:124,127,128,129,131,132,133,170,195,294,295,300,301,302,305,:
131:97,98,99,111,112,122,124,127,128,129,130,132,133,170,222,295,:
132:97,98,99,112,128,129,130,131,133,170,219,220,222,296,:
133:97,98,99,108,109,110,111,112,113,116,122,123,124,127,128,129,130,131,132,222,:
134:123,135,136,137,138,139,140,146,147,:
135:134,136,137,138,139,146,:
136:123,134,135,137,138,139,140,141,142,146,147,148,:
137:134,135,136,138,139,140,141,142,143,145,146,147,148,149,151,:
138:134,135,136,137,139,140,141,142,146,147,148,151,:
139:119,120,134,135,136,137,138,140,141,142,143,145,146,147,:
140:96,103,104,112,134,136,137,138,139,141,142,143,144,145,146,147,:
141:96,104,136,137,138,139,140,142,143,144,145,146,147,:
142:136,137,138,139,140,141,143,144,145,:
143:95,96,102,137,139,140,141,142,144,145,146,147,148,149,150,154,155,162,:
144:96,140,141,142,143,145,146,148,149,154,155,160,162,:
145:93,95,96,100,102,103,104,137,139,140,141,142,143,144,146,147,148,149,150,154,155,162,:
146:80,96,134,135,136,137,138,139,140,141,143,144,145,147,148,149,150,151,152,154,155,:
147:80,93,96,134,136,137,138,139,140,141,143,145,146,148,149,150,151,154,:
148:136,137,138,143,144,145,146,147,149,150,151,152,153,154,155,156,:
149:79,92,93,96,137,143,144,145,146,147,148,150,151,152,153,154,155,156,157,159,162,:
150:78,79,80,81,82,83,84,92,93,94,95,96,143,145,146,147,148,149,151,152,154,155,156,157,159,162,:
151:79,80,137,138,146,147,148,149,150,152,153,154,155,:
152:79,146,148,149,150,151,153,154,155,157,:
153:79,148,149,151,152,:
154:93,143,144,145,146,147,148,149,150,151,152,155,156,157,158,159,160,161,162,:
155:143,144,145,146,148,149,150,151,152,154,156,157,159,160,161,162,:
156:93,148,149,150,154,155,157,158,159,160,161,162,:
157:70,88,149,150,152,154,155,156,158,159,160,161,162,:
158:69,70,71,88,154,156,157,159,160,161,:
159:149,150,154,155,156,157,158,160,161,162,:
160:144,154,155,156,157,158,159,161,162,:
161:154,155,156,157,158,159,160,162,:
162:39,74,92,93,95,96,100,143,144,145,149,150,154,155,156,157,159,160,161,:
163:164,165,166,167,168,169,170,171,172,175,:
164:163,165,166,167,168,170,171,172,173,174,175,176,:
165:117,163,164,166,167,168,169,170,172,:
166:163,164,165,167,168,169,170,171,172,:
167:163,164,165,166,168,169,171,172,173,175,176,:
168:117,163,164,165,166,167,169,170,:
169:117,163,165,166,167,168,170,:
170:117,129,130,131,132,163,164,165,166,168,169,195,219,222,:
171:163,164,166,167,172,173,174,175,176,177,:
172:163,164,165,166,167,171,173,174,175,176,177,:
173:164,167,171,172,174,175,176,177,178,:
174:164,171,172,173,175,176,177,188,:
175:163,164,167,171,172,173,174,176,177,188,189,:
176:164,167,171,172,173,174,175,177,178,179,180,:
177:171,172,173,174,175,176,178,179,180,181,182,183,:
178:173,176,177,179,180,181,182,183,184,185,186,:
179:176,177,178,180,181,182,183,184,185,186,187,:
180:176,177,178,179,181,182,183,185,186,187,218,:
181:177,178,179,180,182,183,184,185,186,187,:
182:177,178,179,180,181,183,184,185,186,187,:
183:177,178,179,180,181,182,184,185,187,:
184:178,179,181,182,183,185,186,187,:
185:178,179,180,181,182,183,184,186,187,218,:
186:178,179,180,181,182,184,185,187,216,217,218,223,225,:
187:179,180,181,182,183,184,185,186,:
188:174,175,189,190,191,192,193,194,195,:
189:175,188,190,191,192,193,194,195,:
190:188,189,191,192,193,194,195,208,:
191:188,189,190,192,193,194,205,208,:
192:188,189,190,191,193,:
193:188,189,190,191,192,194,195,201,205,207,208,:
194:188,189,190,191,193,195,208,216,219,:
195:130,170,188,189,190,193,194,202,219,:
196:197,198,199,200,201,202,203,204,205,269,270,301,304,:
197:196,198,199,200,201,202,203,204,268,269,270,280,282,291,292,301,303,304,:
198:196,197,199,200,201,202,203,204,205,206,301,304,:
199:196,197,198,200,201,202,203,204,205,206,207,209,268,269,274,292,301,:
200:196,197,198,199,201,202,203,204,205,206,207,209,268,269,270,280,281,283,291,292,293,296,297,299,301,:
201:193,196,197,198,199,200,202,203,204,205,301,304,:
202:195,196,197,198,199,200,201,203,204,300,301,302,303,304,305,:
203:196,197,198,199,200,201,202,292,294,300,301,302,303,304,305,:
204:196,197,198,199,200,201,202,205,206,207,208,209,210,214,215,274,276,:
205:191,193,196,198,199,200,201,204,206,207,208,209,214,274,276,:
206:198,199,200,204,205,207,208,209,210,211,212,213,214,215,216,224,299,:
207:193,199,200,204,205,206,208,209,210,211,213,214,215,216,217,219,223,224,299,:
208:190,191,193,194,204,205,206,207,209,210,214,215,216,217,223,224,:
209:199,200,204,205,206,207,208,210,211,212,213,214,215,224,267,272,273,274,275,276,277,:
210:204,206,207,208,209,211,212,213,214,215,223,224,227,247,253,267,:
211:40,206,207,209,210,212,213,214,215,223,224,227,238,244,246,247,248,258,267,299,:
212:40,206,209,210,211,213,215,224,244,246,247,248,249,257,258,260,264,266,267,268,299,:
213:7,40,206,207,209,210,211,212,214,215,217,223,224,225,226,227,228,229,237,238,244,246,247,299,:
214:204,205,206,207,208,209,210,211,213,215,216,217,218,219,220,221,223,224,297,299,:
215:7,40,204,206,207,208,209,210,211,212,213,214,216,217,219,220,221,222,223,224,296,297,298,299,:
216:186,194,206,207,208,214,215,217,218,219,220,221,222,223,224,225,299,:
217:48,49,186,207,208,213,214,215,216,218,219,220,221,223,224,225,226,227,:
218:16,23,48,49,180,185,186,214,216,217,219,220,221,223,224,225,:
219:132,170,194,195,207,214,215,216,217,218,220,221,222,223,224,299,:
220:7,23,32,40,48,98,99,132,214,215,216,217,218,219,221,222,223,224,296,297,299,:
221:1,2,7,16,23,32,33,40,48,49,55,98,99,214,215,216,217,218,219,220,222,223,224,225,297,299,:
222:23,32,33,97,98,99,109,131,132,133,170,215,216,219,220,221,296,297,299,:
223:48,49,186,207,208,210,211,213,214,215,216,217,218,219,220,221,224,225,226,227,228,229,:
224:7,40,206,207,208,209,210,211,212,213,214,215,216,217,218,219,220,221,223,225,226,227,228,229,299,:
225:16,48,49,186,213,216,217,218,221,223,224,226,227,228,229,230,:
226:213,217,223,224,225,227,228,229,230,231,233,236,237,238,:
227:210,211,213,217,223,224,225,226,228,229,230,231,:
228:213,223,224,225,226,227,229,230,231,232,233,234,235,236,237,238,247,:
229:47,48,213,223,224,225,226,227,228,230,231,233,234,235,236,237,238,:
230:225,226,227,228,229,231,232,233,234,235,236,237,238,239,247,:
231:226,227,228,229,230,232,233,234,235,236,237,238,239,240,242,246,247,:
232:228,230,231,233,234,235,237,238,239,240,246,247,252,:
233:226,228,229,230,231,232,234,235,236,237,238,:
234:228,229,230,231,232,233,235,236,237,238,:
235:228,229,230,231,232,233,234,236,237,238,239,:
236:226,228,229,230,231,233,234,235,:
237:213,226,228,229,230,231,232,233,234,235,238,239,240,241,242,243,244,246,247,:
238:211,213,226,228,229,230,231,232,233,234,235,237,239,240,242,243,244,245,246,247,:
239:230,231,232,235,237,238,240,241,242,243,244,245,246,247,248,258,:
240:231,232,237,238,239,241,242,243,244,246,247,248,249,250,251,252,257,258,:
241:237,239,240,242,243,244,246,247,248,249,250,251,257,258,:
242:231,237,238,239,240,241,243,244,245,246,247,258,:
243:3,8,34,40,41,237,238,239,240,241,242,244,245,246,247,257,258,263,264,:
244:3,7,8,34,40,41,211,212,213,237,238,239,240,241,242,243,245,246,247,257,258,263,264,:
245:3,4,8,34,35,41,238,239,242,243,244,258,263,264,265,:
246:211,212,213,231,232,237,238,239,240,241,242,243,244,247,248,249,250,251,252,253,257,258,:
247:210,211,212,213,228,230,231,232,237,238,239,240,241,242,243,244,246,248,249,251,252,253,257,258,:
248:211,212,239,240,241,246,247,249,250,251,252,253,254,257,258,259,267,273,275,:
249:212,240,241,246,247,248,250,251,252,257,258,259,260,262,266,267,273,:
250:240,241,246,248,249,251,257,258,259,260,261,266,267,273,:
251:240,241,246,247,248,249,250,252,253,254,255,256,257,275,:
252:232,240,246,247,248,249,251,253,254,255,256,275,:
253:210,246,247,248,251,252,254,255,256,275,:
254:248,251,252,253,255,256,:
255:251,252,253,254,256,:
256:251,252,253,254,255,:
257:212,240,241,243,244,246,247,248,249,250,251,258,259,260,261,262,263,264,266,267,:
258:211,212,239,240,241,242,243,244,245,246,247,248,249,250,257,259,260,262,263,264,265,266,267,:
259:248,249,250,257,258,260,261,262,263,264,265,266,267,268,281,:
260:212,249,250,257,258,259,261,262,263,264,266,267,268,269,271,280,281,:
261:250,257,259,260,262,263,266,267,268,269,270,271,280,281,285,:
262:249,257,258,259,260,261,263,264,265,266,267,281,:
263:8,41,243,244,245,257,258,259,260,261,262,264,265,266,267,281,286,287,289,298,:
264:8,40,41,212,243,244,245,257,258,259,260,262,263,265,266,267,280,281,286,287,297,298,299,:
265:8,41,42,73,245,258,259,262,263,264,281,286,287,288,289,:
266:212,249,250,257,258,259,260,261,262,263,264,267,268,269,270,271,272,273,280,281,:
267:209,210,211,212,248,249,250,257,258,259,260,261,262,263,264,266,268,269,271,272,273,280,281,:
268:197,199,200,212,259,260,261,266,267,269,270,271,272,273,274,280,281,282,292,:
269:196,197,199,200,260,261,266,267,268,270,271,272,280,281,282,283,285,291,292,:
270:196,197,200,261,266,268,269,271,280,281,282,283,285,292,:
271:260,261,266,267,268,269,270,272,273,274,275,276,280,:
272:209,266,267,268,269,271,273,274,275,276,277,:
273:209,248,249,250,266,267,268,271,272,274,275,276,277,278,:
274:199,204,205,209,268,271,272,273,275,276,277,278,279,:
275:209,248,251,252,253,271,272,273,274,276,277,278,279,:
276:204,205,209,271,272,273,274,275,277,278,279,:
277:209,272,273,274,275,276,278,279,:
278:273,274,275,276,277,279,:
279:274,275,276,277,278,:
280:197,200,260,261,264,266,267,268,269,270,271,281,282,283,284,285,286,287,291,292,:
281:200,259,260,261,262,263,264,265,266,267,268,269,270,280,282,283,284,285,286,287,291,292,297,298,:
282:197,268,269,270,280,281,283,284,285,286,287,288,291,292,293,:
283:91,200,269,270,280,281,282,284,285,286,287,291,292,293,294,295,296,300,301,:
284:81,82,83,85,86,87,89,91,280,281,282,283,285,286,287,291,292,293,294,295,300,301,302,303,:
285:91,261,269,270,280,281,282,283,284,286,287,288,289,290,291,292,:
286:73,86,263,264,265,280,281,282,283,284,285,287,288,289,290,291,:
287:41,42,73,85,86,263,264,265,280,281,282,283,284,285,286,288,289,290,291,292,293,298,:
288:60,62,63,64,69,70,73,86,87,265,282,285,286,287,289,290,:
289:60,62,63,64,69,70,71,72,73,86,263,265,285,286,287,288,290,:
290:60,62,63,64,69,70,73,285,286,287,288,289,:
291:197,200,269,280,281,282,283,284,285,286,287,292,293,294,295,296,297,298,299,300,301,:
292:197,199,200,203,268,269,270,280,281,282,283,284,285,287,291,293,294,296,297,298,299,300,301,:
293:82,84,85,200,282,283,284,287,291,292,294,295,296,297,298,299,300,301,302,:
294:81,82,129,130,203,283,284,291,292,293,295,296,297,300,301,302,303,304,305,:
295:77,78,80,81,82,83,84,128,129,130,131,283,284,291,293,294,296,300,301,302,305,:
296:97,132,200,215,220,222,283,291,292,293,294,295,297,298,299,300,301,:
297:2,7,33,40,41,85,200,214,215,220,221,222,264,281,291,292,293,294,296,298,299,:
298:2,3,7,8,9,33,40,41,42,85,97,215,263,264,281,287,291,292,293,296,297,299,:
299:2,7,33,40,41,200,206,207,211,212,213,214,215,216,219,220,221,222,224,264,291,292,293,296,297,298,:
300:82,130,202,203,283,284,291,292,293,294,295,296,301,302,303,304,305,:
301:130,196,197,198,199,200,201,202,203,283,284,291,292,293,294,295,296,300,302,303,304,305,:
302:130,202,203,284,293,294,295,300,301,303,304,305,:
303:197,202,203,284,294,300,301,302,304,305,:
304:196,197,198,201,202,203,294,300,301,302,303,305,:
305:130,202,203,294,295,300,301,302,303,304,:
