1:2,3,4,5,6,8,9,29,30,31,32,33,34,35,36,38,39,56,57,58,420,422,:
2:1,3,4,5,6,8,30,32,33,34,35,38,39,56,57,58,420,422,:
3:1,2,4,5,6,7,8,9,10,22,29,30,32,33,34,35,36,38,39,45,56,416,420,:
4:1,2,3,5,6,7,8,9,29,32,34,35,36,37,38,39,40,41,42,45,413,:
5:1,2,3,4,6,7,8,9,34,35,36,37,38,39,40,41,42,45,46,:
6:1,2,3,4,5,7,34,35,36,37,38,39,40,41,42,138,316,:
7:3,4,5,6,34,35,36,37,38,39,40,41,42,46,94,95,96,103,:
8:1,2,3,4,5,9,10,11,14,22,23,29,30,31,32,34,35,36,38,43,45,414,416,419,420,:
9:1,3,4,5,8,10,11,12,13,14,22,23,29,30,34,35,36,40,43,44,45,413,414,415,416,:
10:3,8,9,11,12,13,14,21,22,23,24,28,29,30,35,43,44,45,51,52,55,415,417,:
11:8,9,10,12,13,14,18,20,21,22,23,24,29,43,44,45,51,52,80,388,:
12:9,10,11,13,14,15,17,18,19,20,21,22,23,24,28,43,44,45,49,50,51,55,79,80,:
13:9,10,11,12,14,15,16,17,18,19,20,21,22,43,44,45,46,47,48,49,50,51,55,:
14:8,9,10,11,12,13,15,16,17,18,19,21,22,36,43,45,46,47,48,317,:
15:12,13,14,16,17,18,36,45,46,47,48,85,104,316,317,:
16:13,14,15,17,18,19,45,46,47,48,83,84,85,274,281,316,317,:
17:12,13,14,15,16,18,19,20,45,46,47,48,49,83,285,286,287,288,289,:
18:11,12,13,14,15,16,17,19,20,21,45,46,47,48,49,50,51,:
19:12,13,14,16,17,18,20,21,48,49,50,51,79,223,287,289,:
20:11,12,13,17,18,19,21,49,50,51,79,:
21:10,11,12,13,14,18,19,20,22,23,24,28,43,44,49,50,51,55,79,:
22:3,8,9,10,11,12,13,14,21,23,24,25,27,28,29,30,31,32,43,44,45,52,55,417,418,419,:
23:8,9,10,11,12,21,22,24,25,26,27,28,29,30,31,44,51,52,53,54,55,418,:
24:10,11,12,21,22,23,25,26,27,28,29,44,51,52,53,54,55,388,417,418,:
25:22,23,24,26,27,28,44,51,52,53,54,55,:
26:23,24,25,27,28,51,52,53,54,55,221,242,:
27:22,23,24,25,26,28,51,52,53,54,55,212,237,238,239,242,243,:
28:10,12,21,22,23,24,25,26,27,29,30,31,51,52,53,54,55,212,:
29:1,3,4,8,9,10,11,22,23,24,28,30,31,32,33,45,52,55,317,416,419,421,:
30:1,2,3,8,9,10,22,23,28,29,31,32,33,55,56,57,58,419,421,422,423,:
31:1,8,22,23,28,29,30,32,33,55,56,57,58,261,421,423,:
32:1,2,3,4,8,22,29,30,31,33,34,38,56,57,58,420,422,423,:
33:1,2,3,29,30,31,32,56,57,58,422,423,:
34:1,2,3,4,5,6,7,8,9,32,35,36,37,38,39,40,41,42,138,420,:
35:1,2,3,4,5,6,7,8,9,10,34,36,38,39,40,41,42,45,413,414,416,420,:
36:1,3,4,5,6,7,8,9,14,15,34,35,37,38,39,40,41,42,45,46,316,:
37:4,5,6,7,34,36,38,39,40,41,42,46,105,108,316,:
38:1,2,3,4,5,6,7,8,32,34,35,36,37,39,41,42,315,316,:
39:1,2,3,4,5,6,7,34,35,36,37,38,40,41,42,135,136,137,138,139,:
40:4,5,6,7,9,34,35,36,37,39,41,42,45,93,94,95,96,97,98,432,:
41:4,5,6,7,34,35,36,37,38,39,40,42,46,93,94,95,96,103,104,105,106,108,129,133,:
42:4,5,6,7,34,35,36,37,38,39,40,41,95,133,134,135,432,:
43:8,9,10,11,12,13,14,21,22,44,45,51,80,98,100,388,:
44:9,10,11,12,13,21,22,23,24,25,43,45,51,52,386,387,388,415,417,418,:
45:3,4,5,8,9,10,11,12,13,14,15,16,17,18,22,29,35,36,40,43,44,46,96,:
46:5,7,13,14,15,16,17,18,36,37,41,45,47,85,96,103,104,105,108,316,:
47:13,14,15,16,17,18,46,48,83,84,85,104,108,109,110,273,274,277,279,281,282,316,:
48:13,14,15,16,17,18,19,47,49,83,277,281,284,285,286,287,288,289,:
49:12,13,17,18,19,20,21,48,50,219,222,223,224,225,285,287,288,289,:
50:12,13,18,19,20,21,49,51,79,219,221,222,223,:
51:10,11,12,13,18,19,20,21,23,24,25,26,27,28,43,44,50,52,79,351,353,388,:
52:10,11,22,23,24,25,26,27,28,29,44,51,53,387,388,415,417,418,419,421,:
53:23,24,25,26,27,28,52,388,:
54:23,24,25,26,27,28,55,211,212,219,220,221,230,237,238,239,242,243,:
55:10,12,13,21,22,23,24,25,26,27,28,29,30,31,54,212,317,:
56:1,2,3,30,31,32,33,57,58,422,:
57:1,2,30,31,32,33,56,58,261,:
58:1,2,30,31,32,33,56,57,422,423,:
59:60,61,62,63,64,65,:
60:59,61,62,63,64,:
61:59,60,62,63,64,65,66,67,69,:
62:59,60,61,63,64,65,66,67,68,69,:
63:59,60,61,62,64,68,69,:
64:59,60,61,62,63,65,66,67,68,69,72,86,87,88,170,171,:
65:59,61,62,64,66,67,68,69,72,86,87,88,171,:
66:61,62,64,65,67,69,86,87,278,:
67:61,62,64,65,66,68,69,70,71,72,73,76,81,82,83,84,86,87,88,170,171,:
68:62,63,64,65,67,69,70,71,72,73,74,82,:
69:61,62,63,64,65,66,67,68,70,71,72,73,74,82,87,171,:
70:67,68,69,71,72,73,74,75,82,:
71:67,68,69,70,72,73,74,75,76,78,81,82,87,170,171,:
72:64,65,67,68,69,70,71,73,74,75,76,81,82,87,168,169,170,171,:
73:67,68,69,70,71,72,74,75,76,77,78,79,80,81,82,87,171,:
74:68,69,70,71,72,73,75,76,78,79,81,82,:
75:70,71,72,73,74,76,77,78,79,80,81,82,83,87,92,170,171,:
76:67,71,72,73,74,75,77,78,79,80,81,82,83,84,85,86,87,91,92,170,171,:
77:73,75,76,78,79,80,81,82,83,84,85,86,87,88,89,91,92,93,96,97,99,170,:
78:71,73,74,75,76,77,79,80,81,82,352,361,:
79:12,19,20,21,50,51,73,74,75,76,77,78,80,81,82,352,:
80:11,12,43,73,75,76,77,78,79,97,98,100,102,:
81:67,71,72,73,74,75,76,77,78,79,82,83,84,85,86,87,92,:
82:67,68,69,70,71,72,73,74,75,76,77,78,79,81,83,84,86,87,288,:
83:16,17,47,48,67,75,76,77,81,82,84,85,86,87,88,92,275,276,277,286,288,:
84:16,47,67,76,77,81,82,83,85,86,87,88,89,91,92,104,275,276,277,:
85:15,16,46,47,76,77,81,83,84,86,87,88,89,90,91,92,93,94,103,104,105,108,109,110,112,274,275,:
86:64,65,66,67,76,77,81,82,83,84,85,87,88,89,90,91,92,104,170,171,275,278,:
87:64,65,66,67,69,71,72,73,75,76,77,81,82,83,84,85,86,88,89,91,92,170,171,:
88:64,65,67,77,83,84,85,86,87,89,90,91,92,93,104,112,170,171,278,:
89:77,84,85,86,87,88,90,91,92,93,94,95,96,103,104,111,112,120,167,170,:
90:85,86,88,89,91,92,93,94,95,103,104,106,111,112,113,114,116,119,120,121,124,:
91:76,77,84,85,86,87,88,89,90,92,93,94,95,96,97,99,103,104,112,120,170,:
92:75,76,77,81,83,84,85,86,87,88,89,90,91,93,94,96,97,99,103,104,170,171,:
93:40,41,77,85,88,89,90,91,92,94,95,96,97,98,99,103,104,105,112,120,:
94:7,40,41,85,89,90,91,92,93,95,96,97,103,104,105,106,107,108,111,112,119,120,129,:
95:7,40,41,42,89,90,91,93,94,96,103,104,105,106,107,111,112,114,119,120,121,122,124,128,129,130,133,:
96:7,40,41,45,46,77,89,91,92,93,94,95,97,98,99,100,101,103,104,:
97:40,77,80,91,92,93,94,96,98,99,100,101,102,:
98:40,43,80,93,96,97,99,100,101,102,431,:
99:77,91,92,93,96,97,98,100,101,102,169,170,:
100:43,80,96,97,98,99,101,102,383,384,385,392,394,431,:
101:96,97,98,99,100,102,361,:
102:80,97,98,99,100,101,358,361,392,393,394,397,:
103:7,41,46,85,89,90,91,92,93,94,95,96,104,105,106,107,108,109,110,111,112,120,129,:
104:15,41,46,47,84,85,86,88,89,90,91,92,93,94,95,96,103,105,106,108,109,110,111,112,:
105:37,41,46,85,93,94,95,103,104,106,107,108,109,110,111,112,113,120,129,:
106:41,90,94,95,103,104,105,107,108,109,110,111,112,113,114,115,116,119,120,129,142,:
107:94,95,103,105,106,108,109,111,112,113,114,115,119,120,128,129,141,142,147,337,:
108:37,41,46,47,85,94,103,104,105,106,107,109,110,111,112,274,:
109:47,85,103,104,105,106,107,108,110,111,112,272,273,274,275,:
110:47,85,103,104,105,106,108,109,112,272,273,274,275,279,307,308,:
111:89,90,94,95,103,104,105,106,107,108,109,112,113,114,115,116,117,118,119,120,129,:
112:85,88,89,90,91,93,94,95,103,104,105,106,107,108,109,110,111,113,114,116,118,119,120,129,:
113:90,105,106,107,111,112,114,115,116,117,118,119,120,121,129,142,:
114:90,95,106,107,111,112,113,115,116,117,118,119,120,121,122,123,124,128,129,141,142,:
115:106,107,111,113,114,116,117,119,120,121,122,123,128,129,131,141,142,143,144,146,:
116:90,106,111,112,113,114,115,117,118,119,120,:
117:111,113,114,115,116,118,119,120,:
118:111,112,113,114,116,117,:
119:90,94,95,106,107,111,112,113,114,115,116,117,120,121,122,123,124,125,128,129,142,:
120:89,90,91,93,94,95,103,105,106,107,111,112,113,114,115,116,117,119,121,122,124,128,129,:
121:90,95,113,114,115,119,120,122,123,124,125,126,127,128,129,130,142,:
122:95,114,115,119,120,121,123,124,125,126,128,129,130,131,132,133,141,142,150,:
123:114,115,119,121,122,124,125,126,128,129,130,131,132,141,142,144,149,150,151,154,155,156,:
124:90,95,114,119,120,121,122,123,125,126,127,128,129,:
125:119,121,122,123,124,126,127,128,:
126:121,122,123,124,125,127,:
127:121,124,125,126,165,431,:
128:95,107,114,115,119,120,121,122,123,124,125,129,130,131,132,133,134,141,142,150,:
129:41,94,95,103,105,106,107,111,112,113,114,115,119,120,121,122,123,124,128,130,131,133,141,142,:
130:95,121,122,123,128,129,131,132,133,134,135,141,142,143,150,:
131:115,122,123,128,129,130,132,133,134,141,142,143,144,145,146,149,150,:
132:122,123,128,130,131,133,134,141,142,143,144,145,149,150,151,152,154,:
133:41,42,95,122,128,129,130,131,132,134,135,136,141,142,:
134:42,128,130,131,132,133,135,136,137,141,142,:
135:39,42,130,133,134,136,137,138,139,140,:
136:39,133,134,135,137,138,139,140,:
137:39,134,135,136,138,139,140,:
138:6,34,39,135,136,137,139,140,:
139:39,135,136,137,138,140,:
140:135,136,137,138,139,:
141:107,114,115,122,123,128,129,130,131,132,133,134,142,143,144,145,146,147,148,150,:
142:106,107,113,114,115,119,121,122,123,128,129,130,131,132,133,134,141,143,144,146,147,148,:
143:115,130,131,132,141,142,144,145,146,147,148,150,:
144:115,123,131,132,141,142,143,145,146,147,148,149,150,:
145:131,132,141,143,144,146,149,150,:
146:115,131,141,142,143,144,145,147,148,:
147:107,141,142,143,144,146,148,337,:
148:141,142,143,144,146,147,337,:
149:123,131,132,144,145,150,151,152,153,154,155,157,:
150:122,123,128,130,131,132,141,143,144,145,149,151,152,154,155,156,:
151:123,132,149,150,152,153,154,155,156,157,:
152:132,149,150,151,153,154,155,:
153:149,151,152,154,:
154:123,132,149,150,151,152,153,155,156,157,:
155:123,149,150,151,152,154,156,157,:
156:123,150,151,154,155,157,:
157:149,151,154,155,156,:
158:159,160,161,162,163,164,:
159:158,160,161,162,163,:
160:158,159,161,162,163,164,165,166,:
161:158,159,160,162,163,164,166,:
162:158,159,160,161,163,164,166,:
163:158,159,160,161,162,164,165,166,167,168,:
164:158,160,161,162,163,165,166,167,168,169,:
165:127,160,163,164,166,167,168,169,170,:
166:160,161,162,163,164,165,167,168,169,170,171,:
167:89,163,164,165,166,168,169,170,171,:
168:72,163,164,165,166,167,169,170,171,:
169:72,99,164,165,166,167,168,170,171,:
170:64,67,71,72,75,76,77,86,87,88,89,91,92,99,165,166,167,168,169,171,:
171:64,65,67,69,71,72,73,75,76,86,87,88,92,166,167,168,169,170,:
172:173,174,175,176,177,178,180,184,185,:
173:172,174,175,177,178,180,184,185,:
174:172,173,175,176,177,178,179,180,184,185,186,200,:
175:172,173,174,176,177,178,184,185,186,187,188,189,192,198,199,200,209,:
176:172,174,175,177,184,185,186,187,188,192,199,200,201,202,204,208,209,210,213,214,216,:
177:172,173,174,175,176,178,179,180,181,182,184,185,300,:
178:172,173,174,175,177,179,180,181,182,183,326,:
179:174,177,178,180,181,182,183,326,:
180:172,173,174,177,178,179,181,182,183,:
181:177,178,179,180,182,183,:
182:177,178,179,180,181,183,:
183:178,179,180,181,182,:
184:172,173,174,175,176,177,185,186,187,188,189,190,191,192,198,200,209,:
185:172,173,174,175,176,177,184,186,187,189,191,192,198,:
186:174,175,176,184,185,187,188,189,190,191,192,193,198,200,209,:
187:175,176,184,185,186,188,189,190,191,192,193,194,195,196,197,198,199,200,208,209,218,:
188:175,176,184,186,187,189,190,192,193,194,195,198,199,200,208,209,210,211,213,217,218,219,222,223,224,287,:
189:175,184,185,186,187,188,190,191,192,198,:
190:184,186,187,188,189,191,192,198,225,287,289,:
191:184,185,186,187,189,190,269,:
192:175,176,184,185,186,187,188,189,190,193,194,195,196,197,198,199,200,209,218,:
193:186,187,188,192,194,195,196,197,198,199,200,201,209,218,:
194:187,188,192,193,195,196,197,198,199,200,201,202,203,204,208,209,217,218,228,:
195:187,188,192,193,194,196,199,200,201,202,203,208,209,217,218,219,220,222,227,228,229,232,233,:
196:187,192,193,194,195,197,198,199,200,:
197:187,192,193,194,196,198,199,200,:
198:175,184,185,186,187,188,189,190,192,193,194,196,197,199,200,:
199:175,176,187,188,192,193,194,195,196,197,198,200,201,202,203,204,205,206,208,209,218,228,:
200:174,175,176,184,186,187,188,192,193,194,195,196,197,198,199,201,202,204,205,206,208,209,218,:
201:176,193,194,195,199,200,202,203,204,205,206,207,208,209,210,218,228,:
202:176,194,195,199,200,201,203,204,205,208,209,210,211,212,213,217,218,227,228,238,245,246,:
203:194,195,199,201,202,204,208,209,210,211,212,217,218,227,228,229,230,232,237,238,239,240,245,246,247,249,250,251,:
204:176,194,199,200,201,202,203,205,206,207,208,209,:
205:199,200,201,202,204,206,207,:
206:199,200,201,204,205,207,:
207:201,204,205,206,:
208:176,187,188,194,195,199,200,201,202,203,204,209,210,211,212,213,214,215,217,218,228,246,:
209:175,176,184,186,187,188,192,193,194,195,199,200,201,202,203,204,208,210,211,213,214,216,217,218,:
210:176,188,201,202,203,208,209,211,212,213,214,215,216,217,218,219,228,238,246,:
211:54,188,202,203,208,209,210,212,213,214,215,217,218,219,220,222,227,228,237,238,246,:
212:27,28,54,55,202,203,208,210,211,213,215,217,218,219,220,221,227,228,237,238,239,246,:
213:176,188,202,208,209,210,211,212,214,215,216,217,218,:
214:176,208,209,210,211,213,215,216,:
215:208,210,211,212,213,214,216,217,283,317,:
216:176,209,210,213,214,215,282,283,284,324,326,:
217:188,194,195,202,203,208,209,210,211,212,213,215,218,219,220,221,222,223,227,228,238,:
218:187,188,192,193,194,195,199,200,201,202,203,208,209,210,211,212,213,217,219,220,222,223,227,228,238,:
219:49,50,54,188,195,210,211,212,217,218,220,221,222,223,224,227,228,229,238,:
220:54,195,211,212,217,218,219,221,222,223,227,228,229,230,232,237,238,:
221:26,50,54,212,217,219,220,222,227,228,229,230,237,238,:
222:49,50,188,195,211,217,218,219,220,221,223,224,225,226,227,228,:
223:19,49,50,188,217,218,219,220,222,224,225,226,287,289,:
224:49,188,219,222,223,225,226,289,:
225:49,190,222,223,224,226,287,288,289,:
226:222,223,224,225,:
227:195,202,203,211,212,217,218,219,220,221,222,228,229,230,231,232,233,234,236,237,238,239,246,:
228:194,195,199,201,202,203,208,210,211,212,217,218,219,220,221,222,227,229,230,232,233,237,238,246,:
229:195,203,219,220,221,227,228,230,231,232,233,234,235,236,237,238,239,246,:
230:54,203,220,221,227,228,229,231,232,233,237,238,239,240,241,242,245,246,:
231:227,229,230,232,237,238,239,240,241,242,245,246,251,:
232:195,203,220,227,228,229,230,231,233,234,235,236,237,238,:
233:195,227,228,229,230,232,234,235,236,:
234:227,229,232,233,235,236,:
235:229,232,233,234,236,:
236:227,229,232,233,234,235,:
237:27,54,203,211,212,220,221,227,228,229,230,231,232,238,239,240,241,242,243,244,245,246,:
238:27,54,202,203,210,211,212,217,218,219,220,221,227,228,229,230,231,232,237,239,240,242,245,246,:
239:27,54,203,212,227,229,230,231,237,238,240,241,242,243,244,245,246,247,:
240:203,230,231,237,238,239,241,242,243,244,245,246,247,248,250,251,254,255,260,:
241:230,231,237,239,240,242,243,244,245,246,247,248,254,255,260,:
242:26,27,54,230,231,237,238,239,240,241,243,244,245,:
243:27,54,237,239,240,241,242,244,:
244:237,239,240,241,242,243,245,255,260,261,:
245:202,203,230,231,237,238,239,240,241,242,244,246,247,248,249,250,251,252,254,255,:
246:202,203,208,210,211,212,227,228,229,230,231,237,238,239,240,241,245,247,248,249,250,251,254,255,:
247:203,239,240,241,245,246,248,249,250,251,252,253,254,255,256,:
248:240,241,245,246,247,249,250,251,252,254,255,256,257,259,260,262,:
249:203,245,246,247,248,250,252,254,255,256,257,262,:
250:203,240,245,246,247,248,249,251,252,253,254,255,:
251:203,231,240,245,246,247,248,250,252,253,:
252:245,247,248,249,250,251,253,:
253:247,250,251,252,:
254:240,241,245,246,247,248,249,250,255,256,257,258,259,260,262,:
255:240,241,244,245,246,247,248,249,250,254,256,257,259,260,262,:
256:247,248,249,254,255,257,258,259,260,261,262,:
257:248,249,254,255,256,258,259,260,:
258:254,256,257,259,:
259:248,254,255,256,257,258,260,261,262,:
260:240,241,244,248,254,255,256,257,259,261,262,:
261:31,57,244,256,259,260,262,:
262:248,249,254,255,256,259,260,261,:
263:264,265,266,267,268,270,271,:
264:263,265,266,267,268,270,:
265:263,264,266,267,268,269,270,271,272,280,291,:
266:263,264,265,267,268,269,270,271,272,273,274,275,279,280,290,291,:
267:263,264,265,266,268,269,270,271,272,273,274,279,280,282,290,291,292,295,308,:
268:263,264,265,266,267,269,270,271,280,291,296,297,298,299,300,301,:
269:191,265,266,267,268,270,271,279,280,291,298,300,301,:
270:263,264,265,266,267,268,269,271,272,273,274,275,276,277,278,279,280,291,:
271:263,265,266,267,268,269,270,272,273,275,276,277,278,279,280,:
272:109,110,265,266,267,270,271,273,274,275,276,277,278,279,280,281,291,:
273:47,109,110,266,267,270,271,272,274,275,276,277,278,279,280,281,282,284,286,290,291,308,:
274:16,47,85,108,109,110,266,267,270,272,273,275,276,277,279,280,281,282,283,290,291,308,:
275:83,84,85,86,109,110,266,270,271,272,273,274,276,277,278,279,280,286,:
276:83,84,270,271,272,273,274,275,277,278,279,280,286,288,:
277:47,48,83,84,270,271,272,273,274,275,276,278,279,280,281,284,285,286,288,289,:
278:66,86,88,270,271,272,273,275,276,277,:
279:47,110,266,267,269,270,271,272,273,274,275,276,277,280,281,282,283,284,285,286,290,291,:
280:265,266,267,268,269,270,271,272,273,274,275,276,277,279,281,282,284,285,286,290,291,:
281:16,47,48,272,273,274,277,279,280,282,283,284,285,286,287,290,291,292,:
282:47,216,267,273,274,279,280,281,283,284,285,290,291,292,293,295,298,302,308,310,:
283:215,216,274,279,281,282,284,290,291,292,293,294,302,308,309,310,311,314,316,319,:
284:48,216,273,277,279,280,281,282,283,285,286,287,288,289,290,291,:
285:17,48,49,277,279,280,281,282,284,286,287,288,289,:
286:17,48,83,273,275,276,277,279,280,281,284,285,287,288,289,:
287:17,19,48,49,188,190,223,225,281,284,285,286,288,289,:
288:17,48,49,82,83,225,276,277,284,285,286,287,289,:
289:17,19,48,49,190,223,224,225,277,284,285,286,287,288,:
290:266,267,273,274,279,280,281,282,283,284,291,292,293,294,295,296,298,302,308,310,:
291:265,266,267,268,269,270,272,273,274,279,280,281,282,283,284,290,292,293,295,296,297,298,300,302,308,:
292:267,281,282,283,290,291,293,294,295,296,297,298,302,303,308,310,319,:
293:282,283,290,291,292,294,295,296,302,303,304,305,306,307,308,309,310,318,319,:
294:283,290,292,293,295,302,303,304,305,308,309,310,311,312,318,319,320,321,324,:
295:267,282,290,291,292,293,294,296,297,298,299,300,302,308,:
296:268,290,291,292,293,295,297,298,299,300,301,:
297:268,291,292,295,296,298,299,300,301,:
298:268,269,282,290,291,292,295,296,297,299,300,301,:
299:268,295,296,297,298,300,301,:
300:177,268,269,291,295,296,297,298,299,301,:
301:268,269,296,297,298,299,300,:
302:282,283,290,291,292,293,294,295,303,304,305,306,307,308,309,310,319,:
303:292,293,294,302,304,305,306,307,308,309,310,311,319,:
304:293,294,302,303,305,306,307,308,309,310,311,312,314,318,319,:
305:293,294,302,303,304,306,309,310,311,312,313,318,319,:
306:293,302,303,304,305,307,308,309,310,334,336,:
307:110,293,302,303,304,306,308,310,334,336,:
308:110,267,273,274,282,283,290,291,292,293,294,295,302,303,304,306,307,309,310,:
309:283,293,294,302,303,304,305,306,308,310,311,312,313,314,315,316,318,319,:
310:282,283,290,292,293,294,302,303,304,305,306,307,308,309,311,312,314,315,316,318,319,:
311:283,294,303,304,305,309,310,312,313,314,315,316,317,318,319,320,:
312:294,304,305,309,310,311,313,314,315,318,319,320,321,323,325,:
313:305,309,311,312,314,318,319,320,321,323,325,:
314:283,304,309,310,311,312,313,315,316,317,318,319,:
315:38,309,310,311,312,314,316,317,:
316:6,15,16,36,37,38,46,47,283,309,310,311,314,315,317,:
317:14,15,16,29,55,215,311,314,315,316,:
318:293,294,304,305,309,310,311,312,313,314,319,320,321,322,323,324,325,:
319:283,292,293,294,302,303,304,305,309,310,311,312,313,314,318,320,321,322,323,324,325,:
320:294,311,312,313,318,319,321,322,323,324,325,326,:
321:294,312,313,318,319,320,322,323,324,325,:
322:318,319,320,321,323,324,:
323:312,313,318,319,320,321,322,324,325,326,:
324:216,294,318,319,320,321,322,323,325,326,:
325:312,313,318,319,320,321,323,324,326,:
326:178,179,216,320,323,324,325,:
327:328,329,330,331,332,333,:
328:327,329,330,331,332,:
329:327,328,330,331,332,333,334,335,:
330:327,328,329,331,332,333,335,:
331:327,328,329,330,332,333,335,:
332:327,328,329,330,331,333,334,335,336,337,:
333:327,329,330,331,332,334,335,336,337,:
334:306,307,329,332,333,335,336,337,:
335:329,330,331,332,333,334,336,337,:
336:306,307,332,333,334,335,337,:
337:107,147,148,332,333,334,335,336,:
338:339,340,341,342,343,344,354,355,364,:
339:338,340,341,343,354,355,:
340:338,339,341,342,343,344,345,346,354,355,356,364,:
341:338,339,340,342,343,344,345,346,350,354,355,356,357,358,359,363,364,381,:
342:338,340,341,343,344,346,350,354,355,356,357,358,363,364,365,366,368,380,381,382,385,386,391,:
343:338,339,340,341,342,344,345,346,347,349,350,354,355,:
344:338,340,341,342,343,345,346,347,348,349,350,351,352,354,355,391,:
345:340,341,343,344,346,347,348,349,350,351,375,391,:
346:340,341,342,343,344,345,347,348,349,350,351,352,353,354,386,391,:
347:343,344,345,346,348,349,350,351,353,374,375,376,389,390,391,:
348:344,345,346,347,349,351,374,375,376,389,390,391,:
349:343,344,345,346,347,348,350,351,352,353,386,387,389,391,:
350:341,342,343,344,345,346,347,349,351,352,353,354,355,386,:
351:51,344,345,346,347,348,349,350,352,353,386,387,389,391,:
352:78,79,344,346,349,350,351,353,386,:
353:51,346,347,349,350,351,352,386,387,:
354:338,339,340,341,342,343,344,346,350,355,356,357,358,359,360,364,381,:
355:338,339,340,341,342,343,344,350,354,356,357,359,:
356:340,341,342,354,355,357,358,359,360,361,362,364,381,:
357:341,342,354,355,356,358,359,360,361,363,364,380,381,393,:
358:102,341,342,354,356,357,359,360,361,363,364,366,380,381,382,383,385,392,393,394,397,:
359:341,354,355,356,357,358,360,361,362,:
360:354,356,357,358,359,361,362,:
361:78,101,102,356,357,358,359,360,362,:
362:356,359,360,361,:
363:341,342,357,358,364,365,366,367,368,369,380,381,393,:
364:338,340,341,342,354,356,357,358,363,365,366,368,380,381,:
365:342,363,364,366,367,368,369,370,380,381,382,393,:
366:342,358,363,364,365,367,368,369,380,381,382,383,384,385,392,393,399,404,:
367:363,365,366,368,369,380,381,382,383,384,392,393,395,398,399,400,403,404,:
368:342,363,364,365,366,367,369,370,371,375,380,381,:
369:363,365,366,367,368,370,371,372,373,374,375,380,381,391,404,:
370:365,368,369,371,372,373,374,375,376,377,378,:
371:368,369,370,372,373,374,375,376,377,378,379,:
372:369,370,371,373,374,375,377,378,379,407,:
373:369,370,371,372,374,375,376,377,378,379,389,390,391,:
374:347,348,369,370,371,372,373,375,376,377,378,379,389,390,391,:
375:345,347,348,368,369,370,371,372,373,374,376,377,379,387,389,390,391,:
376:347,348,370,371,373,374,375,377,378,379,387,389,390,391,:
377:370,371,372,373,374,375,376,378,379,390,:
378:370,371,372,373,374,376,377,379,:
379:371,372,373,374,375,376,377,378,390,:
380:342,357,358,363,364,365,366,367,368,369,381,382,383,384,385,386,387,389,391,392,393,399,:
381:341,342,354,356,357,358,363,364,365,366,367,368,369,380,382,383,385,386,387,389,391,392,393,:
382:342,358,365,366,367,380,381,383,384,385,386,387,388,389,391,392,393,394,399,409,:
383:100,358,366,367,380,381,382,384,385,386,392,393,394,395,396,397,398,399,409,:
384:100,366,367,380,382,383,385,392,393,394,395,396,398,399,400,401,403,408,409,410,413,414,415,425,:
385:100,342,358,366,380,381,382,383,384,386,387,388,389,391,392,393,:
386:44,342,346,349,350,351,352,353,380,381,382,383,385,387,388,389,390,391,:
387:44,52,349,351,353,375,376,380,381,382,385,386,388,389,390,391,418,:
388:11,24,43,44,51,52,53,382,385,386,387,389,390,391,415,417,418,:
389:347,348,349,351,373,374,375,376,380,381,382,385,386,387,388,390,391,:
390:347,348,373,374,375,376,377,379,386,387,388,389,391,418,:
391:342,344,345,346,347,348,349,351,369,373,374,375,376,380,381,382,385,386,387,388,389,390,:
392:100,102,358,366,367,380,381,382,383,384,385,393,394,395,396,397,399,409,:
393:102,357,358,363,365,366,367,380,381,382,383,384,385,392,394,395,397,:
394:100,102,358,382,383,384,392,393,395,396,397,399,409,425,:
395:367,383,384,392,393,394,396,397,398,399,409,424,425,:
396:383,384,392,394,395,397,398,399,408,409,411,424,425,426,427,429,430,:
397:102,358,383,392,393,394,395,396,:
398:367,383,384,395,396,399,400,401,402,403,404,408,409,425,:
399:366,367,380,382,383,384,392,394,395,396,398,400,401,403,404,408,409,:
400:367,384,398,399,401,402,403,404,405,406,408,409,410,:
401:384,398,399,400,402,403,404,408,409,410,411,413,414,424,425,:
402:398,400,401,403,408,409,410,411,413,:
403:367,384,398,399,400,401,402,404,405,406,407,408,409,415,:
404:366,367,369,398,399,400,401,403,405,406,407,:
405:400,403,404,406,407,:
406:400,403,404,405,407,:
407:372,403,404,405,406,:
408:384,396,398,399,400,401,402,403,409,410,411,412,413,414,415,416,424,425,:
409:382,383,384,392,394,395,396,398,399,400,401,402,403,408,410,411,413,414,415,424,425,:
410:384,400,401,402,408,409,411,412,413,414,415,416,420,424,425,426,:
411:396,401,402,408,409,410,412,413,414,424,425,426,427,429,430,:
412:408,410,411,413,424,425,426,427,429,:
413:4,9,35,384,401,402,408,409,410,411,412,414,415,416,417,419,420,424,425,:
414:8,9,35,384,401,408,409,410,411,413,415,416,417,418,419,420,421,422,:
415:9,10,44,52,384,388,403,408,409,410,413,414,416,417,418,419,420,421,:
416:3,8,9,29,35,408,410,413,414,415,417,418,419,420,421,422,423,:
417:10,22,24,44,52,388,413,414,415,416,418,419,420,421,423,:
418:22,23,24,44,52,387,388,390,414,415,416,417,419,421,:
419:8,22,29,30,52,413,414,415,416,417,418,420,421,422,423,:
420:1,2,3,8,32,34,35,410,413,414,415,416,417,419,421,422,423,:
421:29,30,31,52,414,415,416,417,418,419,420,422,423,:
422:1,2,30,32,33,56,58,414,416,419,420,421,423,:
423:30,31,32,33,58,416,417,419,420,421,422,:
424:395,396,401,408,409,410,411,412,413,425,426,427,428,429,430,432,:
425:384,394,395,396,398,401,408,409,410,411,412,413,424,426,427,429,430,:
426:396,410,411,412,424,425,427,428,429,430,431,432,:
427:396,411,412,424,425,426,428,429,430,:
428:424,426,427,429,:
429:396,411,412,424,425,426,427,428,430,431,432,:
430:396,411,424,425,426,427,429,431,432,:
431:98,100,127,426,429,430,432,:
432:40,42,424,426,429,430,431,:
