1:2,3,28,30,444,447,455,458,552,553,555,556,559,576,577,578,579,:
2:1,3,4,5,6,28,30,31,367,444,457,458,552,556,:
3:1,2,4,5,6,28,30,31,53,359,360,361,363,365,366,367,458,472,552,:
4:2,3,5,6,7,28,29,30,31,53,360,365,366,470,472,489,:
5:2,3,4,6,7,8,28,29,30,31,32,33,34,53,366,470,471,472,:
6:2,3,4,5,7,8,9,10,11,16,28,29,31,32,33,34,35,53,370,371,471,:
7:4,5,6,8,9,11,16,28,29,32,33,34,35,53,371,372,375,376,377,:
8:5,6,7,9,10,11,12,13,15,16,29,32,33,34,35,36,37,53,376,486,496,:
9:6,7,8,10,11,12,29,32,34,35,36,53,375,376,377,380,496,:
10:6,8,9,11,12,13,29,35,36,38,53,485,486,487,488,489,496,:
11:6,7,8,9,10,12,13,14,15,16,17,29,32,33,35,36,37,38,45,53,:
12:8,9,10,11,13,14,15,16,17,18,29,32,35,36,37,38,39,40,41,45,53,471,474,486,:
13:8,10,11,12,14,15,16,17,18,35,36,37,38,39,40,45,46,:
14:11,12,13,15,16,17,18,19,20,21,22,23,35,36,37,38,39,40,41,43,44,45,46,:
15:8,11,12,13,14,16,17,18,19,20,22,23,29,32,33,35,36,37,38,39,40,41,43,44,45,46,470,471,474,:
16:6,7,8,11,12,13,14,15,17,18,19,23,29,32,33,35,36,41,44,45,456,457,459,470,471,474,:
17:11,12,13,14,15,16,18,19,20,21,22,23,35,36,37,38,39,40,41,42,43,44,45,46,471,474,:
18:12,13,14,15,16,17,19,20,21,22,23,24,27,39,40,41,42,43,44,45,46,47,459,471,:
19:14,15,16,17,18,20,21,22,39,40,41,42,43,44,45,459,471,474,:
20:14,15,17,18,19,21,22,23,24,25,26,27,39,40,41,42,43,44,45,46,47,49,51,52,243,:
21:14,17,18,19,20,22,23,26,27,39,40,41,42,43,44,45,49,51,52,140,141,:
22:14,15,17,18,19,20,21,23,24,25,26,27,39,41,42,45,46,47,48,49,50,51,52,171,:
23:14,15,16,17,18,20,21,22,24,25,26,27,39,41,45,46,47,48,49,50,51,52,170,171,:
24:18,20,22,23,25,26,27,41,45,46,47,48,49,50,51,52,98,99,100,101,102,:
25:20,22,23,24,26,27,45,46,47,48,49,50,51,52,97,98,100,102,170,:
26:20,21,22,23,24,25,27,45,46,47,48,49,50,51,52,97,98,134,135,136,137,138,139,243,:
27:18,20,21,22,23,24,25,26,39,45,46,47,48,49,50,51,52,136,137,138,139,140,169,170,171,:
28:1,2,3,4,5,6,7,30,31,33,34,444,454,456,457,458,470,471,:
29:4,5,6,7,8,9,10,11,12,15,16,31,32,33,34,35,36,53,471,474,489,496,:
30:1,2,3,4,5,28,31,359,360,361,362,363,366,550,552,:
31:2,3,4,5,6,28,29,30,53,359,360,365,366,472,488,489,492,495,496,:
32:5,6,7,8,9,11,12,15,16,29,33,34,35,53,371,375,376,377,380,:
33:5,6,7,8,11,15,16,28,29,32,34,35,404,:
34:5,6,7,8,9,28,29,32,33,368,370,371,372,375,376,377,386,391,400,:
35:6,7,8,9,10,11,12,13,14,15,16,17,29,32,33,36,37,38,45,46,:
36:8,9,10,11,12,13,14,15,16,17,29,35,37,38,40,53,471,473,474,485,486,:
37:8,11,12,13,14,15,17,35,36,38,39,40,45,46,171,:
38:10,11,12,13,14,15,17,35,36,37,39,40,:
39:12,13,14,15,17,18,19,20,21,22,23,27,37,38,40,41,43,45,46,51,52,169,171,:
40:12,13,14,15,17,18,19,20,21,36,37,38,39,41,42,43,44,:
41:12,14,15,16,17,18,19,20,21,22,23,24,39,40,42,43,44,45,46,47,243,456,459,471,:
42:17,18,19,20,21,22,40,41,43,44,243,459,460,462,466,:
43:14,15,17,18,19,20,21,39,40,41,42,44,:
44:14,15,16,17,18,19,20,21,40,41,42,43,459,460,462,466,470,471,473,474,:
45:11,12,13,14,15,16,17,18,19,20,21,22,23,24,25,26,27,35,37,39,41,46,47,48,49,51,:
46:13,14,15,17,18,20,22,23,24,25,26,27,35,37,39,41,45,47,48,49,51,52,169,170,171,:
47:18,20,22,23,24,25,26,27,41,45,46,48,49,50,51,97,98,99,100,101,102,243,450,:
48:22,23,24,25,26,27,45,46,47,49,98,99,100,101,102,:
49:20,21,22,23,24,25,26,27,45,46,47,48,50,51,52,97,98,100,135,137,242,243,244,:
50:22,23,24,25,26,27,47,49,51,52,97,133,134,135,136,137,138,139,:
51:20,21,22,23,24,25,26,27,39,45,46,47,49,50,52,136,138,139,140,164,167,168,169,170,171,:
52:20,21,22,23,24,25,26,27,39,46,49,50,51,135,136,137,138,139,140,141,:
53:3,4,5,6,7,8,9,10,11,12,29,31,32,36,471,472,473,474,485,486,487,488,489,496,:
54:55,56,57,58,59,60,61,62,63,64,65,66,265,266,369,396,397,398,:
55:54,56,57,58,59,60,61,62,64,266,369,395,396,397,398,:
56:54,55,57,58,59,60,61,62,65,66,262,264,265,266,368,369,373,396,397,398,:
57:54,55,56,58,59,60,61,62,65,265,266,397,398,:
58:54,55,56,57,59,60,61,62,63,64,65,66,67,266,357,398,:
59:54,55,56,57,58,60,61,62,63,65,66,67,68,69,70,72,266,357,:
60:54,55,56,57,58,59,61,63,65,66,67,68,266,:
61:54,55,56,57,58,59,60,62,63,64,65,66,:
62:54,55,56,57,58,59,61,63,64,396,397,398,:
63:54,58,59,60,61,62,64,65,66,357,:
64:54,55,58,61,62,63,260,396,397,398,:
65:54,56,57,58,59,60,61,63,66,67,68,69,70,71,72,354,356,357,:
66:54,56,58,59,60,61,63,65,67,68,69,70,72,353,354,355,356,357,362,:
67:58,59,60,65,66,68,69,70,71,72,354,357,:
68:59,60,65,66,67,69,70,71,72,354,:
69:59,65,66,67,68,70,71,350,351,353,354,357,:
70:59,65,66,67,68,69,71,72,354,357,502,:
71:65,67,68,69,70,72,502,503,505,:
72:59,65,66,67,68,70,71,373,495,:
73:74,75,76,77,78,79,:
74:73,75,76,77,78,:
75:73,74,76,77,78,79,389,403,:
76:73,74,75,77,78,389,403,:
77:73,74,75,76,78,:
78:73,74,75,76,77,79,108,109,403,:
79:73,75,78,105,108,109,403,405,406,:
80:81,82,83,84,85,86,87,409,436,:
81:80,82,83,84,85,109,407,409,410,411,436,:
82:80,81,83,84,85,86,87,88,93,104,249,252,436,:
83:80,81,82,84,85,86,87,88,89,90,91,92,93,103,104,252,:
84:80,81,82,83,85,86,87,88,89,90,92,93,103,104,105,108,109,111,:
85:80,81,82,83,84,86,87,93,99,101,104,251,252,253,407,408,409,436,:
86:80,82,83,84,85,87,88,89,90,91,92,93,104,248,249,251,252,:
87:80,82,83,84,85,86,88,89,91,92,93,247,248,249,250,251,252,:
88:82,83,84,86,87,89,90,91,92,93,94,104,111,252,:
89:83,84,86,87,88,90,91,92,93,94,95,97,103,104,110,111,120,198,252,:
90:83,84,86,88,89,91,92,93,94,95,96,103,104,106,110,111,112,113,115,119,120,121,123,198,:
91:83,86,87,88,89,90,92,93,191,192,193,194,195,196,252,:
92:83,84,86,87,88,89,90,91,93,94,95,96,97,98,99,103,104,111,120,196,197,198,251,252,:
93:82,83,84,85,86,87,88,89,90,91,92,94,95,97,98,99,103,104,194,197,198,251,252,253,:
94:88,89,90,92,93,95,96,97,98,99,100,103,104,105,111,120,123,196,197,198,252,:
95:89,90,92,93,94,96,97,98,100,103,104,105,106,108,110,111,120,198,:
96:90,92,94,95,97,98,100,103,104,105,106,107,110,111,120,133,179,181,182,183,:
97:25,26,47,49,50,89,92,93,94,95,96,98,99,100,101,102,103,104,197,198,252,:
98:24,25,26,47,48,49,92,93,94,95,96,97,99,100,101,102,103,104,252,253,:
99:24,47,48,85,92,93,94,97,98,100,101,102,104,251,252,253,450,453,:
100:24,25,47,48,49,94,95,96,97,98,99,101,102,103,104,405,:
101:24,47,48,85,97,98,99,100,102,253,404,405,449,450,:
102:24,25,47,48,97,98,99,100,101,109,404,405,406,450,:
103:83,84,89,90,92,93,94,95,96,97,98,100,104,105,106,107,108,109,110,111,120,:
104:82,83,84,85,86,88,89,90,92,93,94,95,96,97,98,99,100,103,105,106,108,109,110,111,:
105:79,84,94,95,96,103,104,106,107,108,109,110,111,112,:
106:90,95,96,103,104,105,107,108,110,111,112,113,115,116,119,120,179,:
107:96,103,105,106,108,110,111,112,113,115,118,179,183,:
108:78,79,84,95,103,104,105,106,107,109,110,111,:
109:78,79,81,84,102,103,104,105,108,402,403,405,407,409,:
110:89,90,95,96,103,104,105,106,107,108,111,112,113,114,115,116,118,119,120,:
111:84,88,89,90,92,94,95,96,103,104,105,106,107,108,110,112,113,115,116,119,120,:
112:90,105,106,107,110,111,113,114,115,116,117,118,119,120,121,:
113:90,106,107,110,111,112,114,115,116,119,120,121,122,124,:
114:110,112,113,115,119,120,121,124,129,178,:
115:90,106,107,110,111,112,113,114,116,117,118,119,120,:
116:106,110,111,112,113,115,117,118,:
117:112,115,116,118,:
118:107,110,112,115,116,117,:
119:90,106,110,111,112,113,114,115,120,121,122,123,124,125,128,129,:
120:89,90,92,94,95,96,103,106,110,111,112,113,114,115,119,121,122,123,124,128,198,:
121:90,112,113,114,119,120,122,123,124,125,126,127,128,129,130,176,:
122:113,119,120,121,123,124,125,126,128,129,130,131,133,148,176,197,198,:
123:90,94,119,120,121,122,124,125,128,129,130,133,195,196,197,198,:
124:113,114,119,120,121,122,123,125,126,127,128,129,:
125:119,121,122,123,124,126,127,128,129,:
126:121,122,124,125,127,128,129,148,176,:
127:121,124,125,126,:
128:119,120,121,122,123,124,125,126,129,130,131,132,133,134,142,148,175,176,177,:
129:114,119,121,122,123,124,125,126,128,130,131,132,133,142,148,172,173,174,175,176,177,178,:
130:121,122,123,128,129,131,132,133,134,135,136,142,143,148,173,176,:
131:122,128,129,130,132,133,134,135,136,142,143,144,145,146,147,148,149,155,156,157,172,173,176,:
132:128,129,130,131,133,134,136,142,143,144,145,148,149,151,155,156,157,158,159,161,172,173,174,176,177,:
133:50,96,122,123,128,129,130,131,132,134,135,136,137,138,142,:
134:26,50,128,130,131,132,133,135,136,137,138,139,155,157,:
135:26,49,50,52,130,131,133,134,136,137,138,139,140,141,155,197,198,:
136:26,27,50,51,52,130,131,132,133,134,135,137,138,139,140,155,156,157,161,162,164,:
137:26,27,49,50,52,133,134,135,136,138,139,140,141,154,155,203,244,:
138:26,27,50,51,52,133,134,135,136,137,139,140,141,153,154,155,157,162,163,164,165,167,:
139:26,27,50,51,52,134,135,136,137,138,140,141,153,154,155,:
140:21,27,51,52,135,136,137,138,139,141,153,154,:
141:21,52,135,137,138,139,140,154,203,:
142:128,129,130,131,132,133,143,144,145,146,147,148,149,155,157,173,176,:
143:130,131,132,142,144,145,146,147,148,149,150,155,157,173,:
144:131,132,142,143,145,146,147,148,149,150,151,152,153,154,155,156,157,173,:
145:131,132,142,143,144,146,149,150,151,152,155,156,157,158,159,173,:
146:131,142,143,144,145,147,148,149,155,211,213,214,:
147:131,142,143,144,146,148,207,210,211,212,213,214,:
148:122,126,128,129,130,131,132,142,143,144,146,147,149,155,205,207,211,:
149:131,132,142,143,144,145,146,148,150,151,152,153,154,155,156,157,:
150:143,144,145,149,151,152,153,154,155,156,157,158,:
151:132,144,145,149,150,152,153,154,155,156,157,158,159,161,162,163,:
152:144,145,149,150,151,153,156,157,158,159,161,163,:
153:138,139,140,144,149,150,151,152,154,155,156,157,:
154:137,138,139,140,141,144,149,150,151,153,155,157,:
155:131,132,134,135,136,137,138,139,142,143,144,145,146,148,149,150,151,153,154,156,157,211,:
156:131,132,136,144,145,149,150,151,152,153,155,157,158,159,160,161,162,163,173,:
157:131,132,134,136,138,142,143,144,145,149,150,151,152,153,154,155,156,158,159,160,161,162,163,173,:
158:132,145,150,151,152,156,157,159,160,161,162,163,164,173,:
159:132,145,151,152,156,157,158,160,161,162,172,173,:
160:156,157,158,159,161,172,173,:
161:132,136,151,152,156,157,158,159,160,162,163,164,165,167,168,:
162:136,138,151,156,157,158,159,161,163,164,165,166,167,168,169,170,:
163:138,151,152,156,157,158,161,162,164,165,166,167,168,169,:
164:51,136,138,158,161,162,163,165,166,167,168,169,170,171,:
165:138,161,162,163,164,166,167,168,169,171,:
166:162,163,164,165,167,169,:
167:51,138,161,162,163,164,165,166,168,169,170,171,:
168:51,161,162,163,164,165,167,169,170,171,:
169:27,39,46,51,162,163,164,165,166,167,168,170,171,:
170:23,25,27,46,51,162,164,167,168,169,171,:
171:22,23,27,37,39,46,51,164,165,167,168,169,170,:
172:129,131,132,159,160,173,174,175,176,177,178,:
173:129,130,131,132,142,143,144,145,156,157,158,159,160,172,174,175,176,177,:
174:129,132,172,173,175,176,177,178,179,:
175:128,129,172,173,174,176,177,178,:
176:121,122,126,128,129,130,131,132,142,172,173,174,175,177,178,:
177:128,129,132,172,173,174,175,176,178,179,180,:
178:114,129,172,174,175,176,177,179,180,181,:
179:96,106,107,174,177,178,180,181,182,183,184,:
180:177,178,179,181,182,183,184,:
181:96,178,179,180,182,183,184,:
182:96,179,180,181,183,184,:
183:96,107,179,180,181,182,184,:
184:179,180,181,182,183,:
185:186,187,188,189,190,191,:
186:185,187,188,189,190,:
187:185,186,188,189,190,191,192,193,:
188:185,186,187,189,190,191,192,193,199,200,:
189:185,186,187,188,190,191,193,199,200,206,:
190:185,186,187,188,189,191,192,193,194,195,:
191:91,185,187,188,189,190,192,193,194,195,196,:
192:91,187,188,190,191,193,194,195,196,197,:
193:91,187,188,189,190,191,192,194,195,196,197,198,206,:
194:91,93,190,191,192,193,195,196,197,198,252,:
195:91,123,190,191,192,193,194,196,197,198,204,206,:
196:91,92,94,123,191,192,193,194,195,197,198,201,204,:
197:92,93,94,97,122,123,135,192,193,194,195,196,198,204,244,:
198:89,90,92,93,94,95,97,120,122,123,135,193,194,195,196,197,:
199:188,189,200,201,202,203,204,205,206,216,:
200:188,189,199,201,202,204,205,206,207,208,:
201:196,199,200,202,203,204,205,206,207,211,216,:
202:199,200,201,203,204,205,207,211,215,216,:
203:137,141,199,201,202,204,205,207,211,215,216,:
204:195,196,197,199,200,201,202,203,205,206,207,208,210,211,:
205:148,199,200,201,202,203,204,206,207,208,209,210,211,212,213,:
206:189,193,195,199,200,201,204,205,207,208,209,210,211,212,:
207:147,148,200,201,202,203,204,205,206,208,209,210,211,212,213,214,:
208:200,204,205,206,207,209,210,211,212,214,:
209:205,206,207,208,210,212,:
210:147,204,205,206,207,208,209,211,212,213,214,:
211:146,147,148,155,201,202,203,204,205,206,207,208,210,212,213,214,:
212:147,205,206,207,208,209,210,211,213,214,:
213:146,147,205,207,210,211,212,214,:
214:146,147,207,208,210,211,212,213,:
215:202,203,216,217,218,219,220,221,225,226,237,:
216:199,201,202,203,215,217,218,219,220,225,226,237,:
217:215,216,218,219,220,221,222,225,226,227,:
218:215,216,217,219,220,221,225,226,227,228,230,236,237,:
219:215,216,217,218,220,221,225,226,227,228,230,237,:
220:215,216,217,218,219,221,222,223,224,225,226,:
221:215,217,218,219,220,222,223,224,225,226,:
222:217,220,221,223,224,226,231,233,:
223:220,221,222,224,:
224:220,221,222,223,233,235,:
225:215,216,217,218,219,220,221,226,227,228,229,230,231,232,236,237,:
226:215,216,217,218,219,220,221,222,225,227,228,229,230,231,232,233,236,237,:
227:217,218,219,225,226,228,229,230,231,232,233,236,237,238,:
228:218,219,225,226,227,229,230,231,232,236,237,238,239,241,242,:
229:225,226,227,228,230,231,232,236,237,238,239,240,241,242,463,464,:
230:218,219,225,226,227,228,229,231,232,233,234,235,236,237,321,:
231:222,225,226,227,228,229,230,232,233,234,235,236,:
232:225,226,227,228,229,230,231,233,234,235,236,237,:
233:222,224,226,227,230,231,232,234,235,:
234:230,231,232,233,235,:
235:224,230,231,232,233,234,:
236:218,225,226,227,228,229,230,231,232,237,238,239,240,241,242,244,:
237:215,216,218,219,225,226,227,228,229,230,232,236,238,239,241,242,244,:
238:227,228,229,236,237,239,240,241,242,243,244,:
239:228,229,236,237,238,240,241,242,:
240:229,236,238,239,241,245,246,247,250,:
241:228,229,236,237,238,239,240,242,243,244,:
242:49,228,229,236,237,238,239,241,243,244,:
243:20,26,41,42,47,49,238,241,242,244,459,:
244:49,137,197,236,237,238,241,242,243,:
245:240,246,247,248,249,250,251,588,:
246:240,245,247,248,249,250,587,588,589,:
247:87,240,245,246,248,249,250,251,252,253,587,588,:
248:86,87,245,246,247,249,250,251,252,587,588,:
249:82,86,87,245,246,247,248,250,251,252,586,587,588,589,:
250:87,240,245,246,247,248,249,251,252,253,452,453,587,588,:
251:85,86,87,92,93,99,245,247,248,249,250,252,253,452,453,588,:
252:82,83,85,86,87,88,89,91,92,93,94,97,98,99,194,247,248,249,250,251,253,453,:
253:85,93,98,99,101,247,250,251,252,448,450,451,452,453,:
254:255,256,257,258,259,260,261,:
255:254,256,257,258,259,261,:
256:254,255,257,258,259,260,261,:
257:254,255,256,258,259,260,261,:
258:254,255,256,257,259,260,:
259:254,255,256,257,258,260,261,:
260:64,254,256,257,258,259,261,445,:
261:254,255,256,257,259,260,424,577,579,:
262:56,263,264,265,266,267,268,269,379,:
263:262,264,265,266,267,268,269,270,375,377,378,379,:
264:56,262,263,265,266,267,268,269,270,274,379,:
265:54,56,57,262,263,264,266,267,268,273,274,:
266:54,55,56,57,58,59,60,262,263,264,265,267,273,274,373,:
267:262,263,264,265,266,268,269,270,271,272,274,277,374,379,:
268:262,263,264,265,267,269,270,271,272,379,:
269:262,263,264,267,268,270,271,272,379,:
270:263,264,267,268,269,271,272,380,:
271:267,268,269,270,272,380,382,383,384,:
272:267,268,269,270,271,277,290,374,380,:
273:265,266,274,275,276,277,278,279,286,287,:
274:264,265,266,267,273,275,276,277,278,279,286,:
275:273,274,276,277,278,279,280,286,287,288,:
276:273,274,275,277,278,279,286,287,288,289,290,291,:
277:267,272,273,274,275,276,278,286,287,288,289,290,374,:
278:273,274,275,276,277,279,280,281,286,287,:
279:273,274,275,276,278,280,281,282,:
280:275,278,279,281,282,283,284,285,:
281:278,279,280,282,283,284,285,:
282:279,280,281,283,284,285,:
283:280,281,282,284,285,:
284:280,281,282,283,285,:
285:280,281,282,283,284,:
286:273,274,275,276,277,278,287,288,289,290,291,292,:
287:273,275,276,277,278,286,288,289,291,:
288:275,276,277,286,287,289,290,291,292,293,374,:
289:276,277,286,287,288,290,291,292,:
290:272,276,277,286,288,289,291,292,:
291:276,286,287,288,289,290,292,293,294,295,491,:
292:286,288,289,290,291,293,294,295,490,491,521,:
293:288,291,292,294,295,487,488,490,491,514,515,516,520,521,:
294:291,292,293,295,487,488,490,491,494,512,513,514,515,516,520,521,:
295:291,292,293,294,487,491,514,515,516,520,521,522,:
296:297,298,299,300,301,302,304,:
297:296,298,299,300,301,302,:
298:296,297,299,300,301,302,303,304,:
299:296,297,298,300,301,302,:
300:296,297,298,299,301,:
301:296,297,298,299,300,302,303,304,:
302:296,297,298,299,301,303,304,:
303:298,301,302,304,579,580,:
304:296,298,301,302,303,351,352,:
305:306,307,308,309,310,311,312,313,534,:
306:305,307,308,309,310,313,:
307:305,306,308,309,310,311,312,313,315,534,:
308:305,306,307,309,310,311,312,313,314,315,:
309:305,306,307,308,310,311,313,314,315,:
310:305,306,307,308,309,311,312,313,314,315,483,534,:
311:305,307,308,309,310,312,313,314,315,316,319,320,482,483,484,:
312:305,307,308,310,311,313,314,315,319,320,482,483,484,532,533,534,:
313:305,306,307,308,309,310,311,312,315,318,:
314:308,309,310,311,312,315,316,317,318,319,320,321,322,:
315:307,308,309,310,311,312,313,314,316,317,318,319,320,322,:
316:311,314,315,317,318,319,320,321,322,:
317:314,315,316,318,319,320,321,:
318:313,314,315,316,317,319,321,:
319:311,312,314,315,316,317,318,320,321,322,469,:
320:311,312,314,315,316,317,319,321,322,484,:
321:230,314,316,317,318,319,320,322,467,469,:
322:314,315,316,319,320,321,:
323:324,325,326,327,328,329,331,335,336,568,571,:
324:323,325,326,327,328,329,331,335,567,568,569,570,571,:
325:323,324,326,327,328,329,330,331,335,336,337,568,:
326:323,324,325,327,328,329,330,335,336,337,338,339,340,568,:
327:323,324,325,326,328,329,330,335,336,337,338,340,557,558,563,567,568,569,571,572,574,:
328:323,324,325,326,327,329,330,331,332,333,335,336,:
329:323,324,325,326,327,328,330,331,332,333,334,335,336,:
330:325,326,327,328,329,331,332,333,334,335,336,339,:
331:323,324,325,328,329,330,332,333,334,571,:
332:328,329,330,331,333,334,427,428,572,:
333:328,329,330,331,332,334,572,585,:
334:329,330,331,332,333,425,427,572,:
335:323,324,325,326,327,328,329,330,336,337,338,339,340,341,342,343,:
336:323,325,326,327,328,329,330,335,337,338,339,340,341,:
337:325,326,327,335,336,338,339,340,341,342,343,344,554,:
338:326,327,335,336,337,339,340,341,342,343,344,345,347,554,:
339:326,330,335,336,337,338,340,341,342,343,344,347,:
340:326,327,335,336,337,338,339,341,342,343,541,554,563,564,565,566,:
341:335,336,337,338,339,340,342,343,541,542,:
342:335,337,338,339,340,341,343,344,345,346,347,554,:
343:335,337,338,339,340,341,342,344,345,346,347,541,550,551,552,553,554,574,576,:
344:337,338,339,342,343,345,346,347,:
345:338,342,343,344,346,347,551,:
346:342,343,344,345,347,538,539,541,544,550,551,554,:
347:338,339,342,343,344,345,346,426,576,:
348:349,350,351,352,353,354,503,504,505,:
349:348,350,351,352,353,502,503,504,505,:
350:69,348,349,351,352,353,354,355,504,:
351:69,304,348,349,350,352,353,354,355,356,357,358,504,:
352:304,348,349,350,351,353,354,355,358,504,:
353:66,69,348,349,350,351,352,354,355,356,357,358,359,362,363,:
354:65,66,67,68,69,70,348,350,351,352,353,355,356,357,358,362,:
355:66,350,351,352,353,354,356,357,358,359,360,361,362,363,364,366,:
356:65,66,351,353,354,355,357,358,359,361,362,363,364,365,366,367,:
357:58,59,63,65,66,67,69,70,351,353,354,355,356,358,362,363,364,365,366,:
358:351,352,353,354,355,356,357,359,360,361,362,363,366,497,498,499,502,:
359:3,30,31,353,355,356,358,360,361,362,363,366,497,498,:
360:3,4,30,31,355,358,359,361,363,366,492,493,497,498,499,:
361:3,30,355,356,358,359,360,362,363,364,366,498,550,551,552,580,:
362:30,66,353,354,355,356,357,358,359,361,363,364,365,366,367,368,369,:
363:3,30,353,355,356,357,358,359,360,361,362,364,365,366,367,579,580,:
364:355,356,357,361,362,363,365,366,367,368,369,370,398,:
365:3,4,31,356,357,362,363,364,366,367,368,369,370,371,372,373,398,:
366:3,4,5,30,31,355,356,357,358,359,360,361,362,363,364,365,367,368,369,370,373,495,496,:
367:2,3,356,362,363,364,365,366,368,369,395,398,444,:
368:34,56,362,364,365,366,367,369,370,371,372,373,375,395,396,398,:
369:54,55,56,362,364,365,366,367,368,370,371,372,373,375,391,395,396,397,398,:
370:6,34,364,365,366,368,369,371,372,373,374,375,376,377,398,496,:
371:6,7,32,34,365,368,369,370,372,373,374,375,376,377,378,379,380,385,391,398,:
372:7,34,365,368,369,370,371,373,375,376,377,378,379,385,386,388,390,391,392,395,396,398,400,:
373:56,72,266,365,366,368,369,370,371,372,374,375,376,495,496,:
374:267,272,277,288,370,371,373,375,376,495,496,:
375:7,9,32,34,263,368,369,370,371,372,373,374,376,377,378,379,380,381,385,386,391,:
376:7,8,9,32,34,370,371,372,373,374,375,377,378,379,380,496,:
377:7,9,32,34,263,370,371,372,375,376,378,379,380,381,382,385,386,387,391,:
378:263,371,372,375,376,377,379,380,381,385,386,387,388,390,391,:
379:262,263,264,267,268,269,371,372,375,376,377,378,380,381,385,386,387,388,390,391,:
380:9,32,270,271,272,371,375,376,377,378,379,381,382,383,384,385,386,:
381:375,377,378,379,380,382,383,384,385,386,:
382:271,377,380,381,383,384,:
383:271,380,381,382,384,:
384:271,380,381,382,383,:
385:371,372,375,377,378,379,380,381,386,387,388,389,390,391,400,:
386:34,372,375,377,378,379,380,381,385,387,388,390,391,399,400,406,:
387:377,378,379,385,386,388,389,390,391,392,400,:
388:372,378,379,385,386,387,389,390,391,392,393,395,399,400,:
389:75,76,385,387,388,390,391,392,393,399,400,:
390:372,378,379,385,386,387,388,389,391,392,393,394,395,396,397,398,399,400,:
391:34,369,371,372,375,377,378,379,385,386,387,388,389,390,392,393,395,396,397,398,399,400,:
392:372,387,388,389,390,391,393,394,395,396,397,398,399,400,401,:
393:388,389,390,391,392,394,395,396,399,400,401,402,403,404,406,407,413,444,:
394:390,392,393,395,399,400,401,402,403,407,408,412,413,414,443,444,445,:
395:55,367,368,369,372,388,390,391,392,393,394,396,397,398,399,400,:
396:54,55,56,62,64,368,369,372,390,391,392,393,395,397,398,:
397:54,55,56,57,62,64,369,390,391,392,395,396,398,:
398:54,55,56,57,58,62,64,364,365,367,368,369,370,371,372,390,391,392,395,396,397,:
399:386,388,389,390,391,392,393,394,395,400,401,402,403,404,405,406,407,408,413,444,:
400:34,372,385,386,387,388,389,390,391,392,393,394,395,399,401,402,403,404,405,406,:
401:392,393,394,399,400,402,403,404,405,406,407,408,409,413,442,443,444,:
402:109,393,394,399,400,401,403,404,405,406,407,408,409,410,412,413,442,:
403:75,76,78,79,109,393,394,399,400,401,402,404,405,406,407,408,409,410,412,413,:
404:33,101,102,393,399,400,401,402,403,405,406,407,408,442,:
405:79,100,101,102,109,399,400,401,402,403,404,406,407,408,:
406:79,102,386,393,399,400,401,402,403,404,405,:
407:81,85,109,393,394,399,401,402,403,404,405,408,409,410,411,412,413,441,442,443,:
408:85,394,399,401,402,403,404,405,407,409,410,412,413,436,438,439,440,441,442,443,:
409:80,81,85,109,401,402,403,407,408,410,411,412,413,414,436,442,:
410:81,402,403,407,408,409,411,412,413,414,415,416,436,439,:
411:81,407,409,410,412,413,414,415,416,436,:
412:394,402,403,407,408,409,410,411,413,414,415,416,439,:
413:393,394,399,401,402,403,407,408,409,410,411,412,414,415,416,439,443,445,:
414:394,409,410,411,412,413,415,416,439,:
415:410,411,412,413,414,416,438,439,445,:
416:410,411,412,413,414,415,418,431,432,436,438,439,440,443,445,:
417:418,419,420,421,422,423,:
418:416,417,419,420,421,422,429,431,:
419:417,418,420,421,422,423,424,425,:
420:417,418,419,421,422,423,425,:
421:417,418,419,420,422,423,425,:
422:417,418,419,420,421,423,424,425,426,427,575,:
423:417,419,420,421,422,424,425,426,427,428,:
424:261,419,422,423,425,426,427,428,577,:
425:334,419,420,421,422,423,424,426,427,428,:
426:347,422,423,424,425,427,428,:
427:332,334,422,423,424,425,426,428,:
428:332,423,424,425,426,427,:
429:418,430,431,432,433,434,435,436,438,439,581,582,585,:
430:429,431,432,433,434,435,438,569,570,572,581,582,583,584,585,586,:
431:416,418,429,430,432,433,434,435,436,437,438,439,440,582,:
432:416,429,430,431,433,434,435,436,438,439,440,441,442,443,446,447,575,581,582,:
433:429,430,431,432,434,436,438,439,440,441,442,446,447,448,451,569,570,572,575,581,582,583,587,:
434:429,430,431,432,433,435,436,437,438,439,582,586,587,588,:
435:429,430,431,432,434,436,437,:
436:80,81,82,85,408,409,410,411,416,429,431,432,433,434,435,437,438,439,442,:
437:431,434,435,436,588,:
438:408,415,416,429,430,431,432,433,434,436,439,440,441,442,443,444,445,446,447,575,:
439:408,410,412,413,414,415,416,429,431,432,433,434,436,438,440,441,442,443,445,:
440:408,416,431,432,433,438,439,441,442,443,444,445,446,447,448,575,577,:
441:407,408,432,433,438,439,440,442,443,444,445,446,447,448,449,451,:
442:401,402,404,407,408,409,432,433,436,438,439,440,441,443,444,446,447,448,449,451,:
443:394,401,407,408,413,416,432,438,439,440,441,442,444,445,446,447,:
444:1,2,28,367,393,394,399,401,438,440,441,442,443,445,446,447,:
445:260,394,413,415,416,438,439,440,441,443,444,577,:
446:432,433,438,440,441,442,443,444,447,448,449,450,451,452,453,454,455,559,582,:
447:1,432,433,438,440,441,442,443,444,446,448,449,451,454,455,558,559,567,569,575,582,:
448:253,433,440,441,442,446,447,449,450,451,452,453,454,455,456,559,:
449:101,441,442,446,447,448,450,451,452,453,454,455,456,457,459,460,461,559,:
450:47,99,101,102,253,446,448,449,451,452,453,454,455,456,459,:
451:253,433,441,442,446,447,448,449,450,452,453,454,455,461,559,581,582,587,:
452:250,251,253,446,448,449,450,451,453,454,455,461,587,:
453:99,250,251,252,253,446,448,449,450,451,452,587,588,:
454:28,446,447,448,449,450,451,452,455,456,457,458,459,460,461,470,471,556,559,:
455:1,446,447,448,449,450,451,452,454,456,457,458,459,460,461,470,555,556,557,558,559,560,:
456:16,28,41,448,449,450,454,455,457,458,459,460,461,462,470,471,472,:
457:2,16,28,449,454,455,456,458,459,460,462,466,470,471,472,473,474,556,:
458:1,2,3,28,454,455,456,457,459,460,462,466,470,471,472,552,553,555,556,557,558,559,560,:
459:16,18,19,41,42,44,243,449,450,454,455,456,457,458,460,461,462,463,465,466,470,471,:
460:42,44,449,454,455,456,457,458,459,461,462,463,464,465,466,467,468,470,:
461:449,451,452,454,455,456,459,460,462,463,464,465,466,467,560,:
462:42,44,456,457,458,459,460,461,463,464,465,466,467,468,469,560,:
463:229,459,460,461,462,464,465,466,467,469,560,:
464:229,460,461,462,463,465,467,560,:
465:459,460,461,462,463,464,466,467,468,469,560,561,:
466:42,44,457,458,459,460,461,462,463,465,467,468,469,470,472,:
467:321,460,461,462,463,464,465,466,468,469,560,561,562,563,:
468:460,462,465,466,467,469,562,:
469:319,321,462,463,465,466,467,468,561,562,564,:
470:4,5,15,16,28,44,454,455,456,457,458,459,460,466,471,472,473,474,475,476,556,:
471:5,6,12,15,16,17,18,19,28,29,36,41,44,53,454,456,457,458,459,470,472,473,474,475,:
472:3,4,5,31,53,456,457,458,466,470,471,473,474,475,476,477,:
473:36,44,53,457,470,471,472,474,475,476,477,478,480,481,485,486,489,:
474:12,15,16,17,19,29,36,44,53,457,470,471,472,473,475,476,477,478,480,485,486,:
475:470,471,472,473,474,476,477,478,479,480,481,485,486,489,:
476:470,472,473,474,475,477,478,479,480,481,485,489,:
477:472,473,474,475,476,478,479,480,481,482,485,486,487,:
478:473,474,475,476,477,479,480,481,485,486,487,488,489,516,517,:
479:475,476,477,478,480,485,486,487,488,489,513,514,516,517,518,:
480:473,474,475,476,477,478,479,481,482,483,484,485,486,533,:
481:473,475,476,477,478,480,482,483,484,533,:
482:311,312,477,480,481,483,484,532,533,:
483:310,311,312,480,481,482,484,532,533,534,535,:
484:311,312,320,480,481,482,483,533,:
485:10,36,53,473,474,475,476,477,478,479,480,486,487,488,489,490,491,516,:
486:8,10,12,36,53,473,474,475,477,478,479,480,485,487,488,489,:
487:10,53,293,294,295,477,478,479,485,486,488,489,490,491,492,514,515,516,520,521,:
488:10,31,53,293,294,478,479,485,486,487,489,490,491,492,493,495,496,:
489:4,10,29,31,53,473,475,476,478,479,485,486,487,488,490,491,492,495,496,:
490:292,293,294,485,487,488,489,491,492,493,494,495,496,497,498,507,:
491:291,292,293,294,295,485,487,488,489,490,492,493,494,495,496,497,512,514,515,:
492:31,360,487,488,489,490,491,493,494,495,496,497,498,499,507,:
493:360,488,490,491,492,494,495,497,498,499,500,501,502,506,507,:
494:294,490,491,492,493,495,497,498,499,500,501,502,506,507,:
495:31,72,366,373,374,488,489,490,491,492,493,494,496,497,498,:
496:8,9,10,29,31,53,366,370,373,374,376,488,489,490,491,492,495,:
497:358,359,360,490,491,492,493,494,495,498,499,500,501,502,503,506,507,:
498:358,359,360,361,490,492,493,494,495,497,499,500,502,506,507,:
499:358,360,492,493,494,497,498,500,501,502,503,504,505,506,507,508,:
500:493,494,497,498,499,501,502,503,504,505,506,507,508,509,510,511,:
501:493,494,497,499,500,502,503,504,505,506,507,508,509,510,:
502:70,71,349,358,493,494,497,498,499,500,501,503,504,505,506,:
503:71,348,349,497,499,500,501,502,504,505,:
504:348,349,350,351,352,499,500,501,502,503,505,:
505:71,348,349,499,500,501,502,503,504,:
506:493,494,497,498,499,500,501,502,507,508,509,510,511,512,:
507:490,492,493,494,497,498,499,500,501,506,508,509,510,511,512,:
508:499,500,501,506,507,509,510,511,512,513,:
509:500,501,506,507,508,510,511,512,524,:
510:500,501,506,507,508,509,511,523,524,525,526,527,528,:
511:500,506,507,508,509,510,512,513,514,529,:
512:294,491,506,507,508,509,511,513,514,515,516,518,:
513:294,479,508,511,512,514,515,516,517,518,519,520,521,:
514:293,294,295,479,487,491,511,512,513,515,516,517,518,519,520,521,522,:
515:293,294,295,487,491,512,513,514,516,517,518,520,521,522,:
516:293,294,295,478,479,485,487,512,513,514,515,517,518,519,520,521,522,:
517:478,479,513,514,515,516,518,519,520,521,522,:
518:479,512,513,514,515,516,517,519,520,522,:
519:513,514,516,517,518,520,521,522,:
520:293,294,295,487,513,514,515,516,517,518,519,521,522,:
521:292,293,294,295,487,513,514,515,516,517,519,520,522,:
522:295,514,515,516,517,518,519,520,521,:
523:510,524,525,526,527,528,529,530,536,537,:
524:509,510,523,525,526,527,528,529,:
525:510,523,524,526,527,528,529,530,536,537,538,543,:
526:510,523,524,525,527,528,529,536,537,538,539,540,541,542,543,544,:
527:510,523,524,525,526,528,536,537,538,541,542,543,544,546,:
528:510,523,524,525,526,527,529,530,531,536,537,:
529:511,523,524,525,526,528,530,531,532,533,:
530:523,525,528,529,531,532,533,534,535,:
531:528,529,530,532,533,534,535,:
532:312,482,483,529,530,531,533,534,535,:
533:312,480,481,482,483,484,529,530,531,532,534,535,:
534:305,307,310,312,483,530,531,532,533,535,:
535:483,530,531,532,533,534,:
536:523,525,526,527,528,537,538,539,540,541,542,543,544,550,551,:
537:523,525,526,527,528,536,538,539,540,541,542,543,550,:
538:346,525,526,527,536,537,539,540,541,542,543,544,550,551,552,:
539:346,526,536,537,538,540,541,542,550,551,552,553,554,:
540:526,536,537,538,539,541,550,551,552,553,554,555,556,562,564,:
541:340,341,343,346,526,527,536,537,538,539,540,542,543,544,545,546,550,551,:
542:341,526,527,536,537,538,539,541,543,544,545,546,547,:
543:525,526,527,536,537,538,541,542,544,545,546,547,548,549,:
544:346,526,527,536,538,541,542,543,545,546,547,548,:
545:541,542,543,544,546,547,548,549,:
546:527,541,542,543,544,545,547,548,549,:
547:542,543,544,545,546,548,549,:
548:543,544,545,546,547,549,:
549:543,545,546,547,548,:
550:30,343,346,361,536,537,538,539,540,541,551,552,553,554,555,556,:
551:343,345,346,361,536,538,539,540,541,550,552,553,554,:
552:1,2,3,30,343,361,458,538,539,540,550,551,553,554,555,556,557,:
553:1,343,458,539,540,550,551,552,554,555,556,557,558,559,560,561,562,574,576,:
554:337,338,340,342,343,346,539,540,550,551,552,553,555,556,557,558,560,561,562,574,576,:
555:1,455,458,540,550,552,553,554,556,557,558,559,560,561,562,567,568,574,:
556:1,2,454,455,457,458,470,540,550,552,553,554,555,557,558,559,560,561,562,:
557:327,455,458,552,553,554,555,556,558,559,560,561,562,563,567,568,569,574,:
558:327,447,455,458,553,554,555,556,557,559,560,561,567,568,569,570,572,573,574,:
559:1,446,447,448,449,451,454,455,458,553,555,556,557,558,560,567,568,569,572,573,574,:
560:455,458,461,462,463,464,465,467,553,554,555,556,557,558,559,561,562,563,564,565,567,568,:
561:465,467,469,553,554,555,556,557,558,560,562,563,564,565,566,:
562:467,468,469,540,553,554,555,556,557,560,561,563,564,565,566,:
563:327,340,467,557,560,561,562,564,565,566,:
564:340,469,540,560,561,562,563,565,566,:
565:340,560,561,562,563,564,566,:
566:340,561,562,563,564,565,:
567:324,327,447,555,557,558,559,560,568,569,570,571,572,573,574,575,581,582,:
568:323,324,325,326,327,555,557,558,559,560,567,569,570,571,572,573,574,:
569:324,327,430,433,447,557,558,559,567,568,570,571,572,573,574,575,581,582,583,:
570:324,430,433,558,567,568,569,571,572,573,581,582,583,584,585,586,587,:
571:323,324,327,331,567,568,569,570,572,581,582,583,584,585,:
572:327,332,333,334,430,433,558,559,567,568,569,570,571,573,574,575,576,577,581,582,:
573:558,559,567,568,569,570,572,574,575,576,577,578,:
574:327,343,553,554,555,557,558,559,567,568,569,572,573,575,576,577,578,579,580,:
575:422,432,433,438,440,447,567,569,572,573,574,576,577,578,579,:
576:1,343,347,553,554,572,573,574,575,577,578,579,580,:
577:1,261,424,440,445,572,573,574,575,576,578,579,580,:
578:1,573,574,575,576,577,579,580,:
579:1,261,303,363,574,575,576,577,578,580,:
580:303,361,363,574,576,577,578,579,:
581:429,430,432,433,451,567,569,570,571,572,582,583,584,585,586,587,588,589,:
582:429,430,431,432,433,434,446,447,451,567,569,570,571,572,581,583,584,585,586,587,588,:
583:430,433,569,570,571,581,582,584,585,586,587,588,589,:
584:430,570,571,581,582,583,585,586,587,589,:
585:333,429,430,570,571,581,582,583,584,586,589,:
586:249,430,434,570,581,582,583,584,585,587,588,589,:
587:246,247,248,249,250,433,434,451,452,453,570,581,582,583,584,586,588,589,:
588:245,246,247,248,249,250,251,434,437,453,581,582,583,586,587,589,:
589:246,249,581,583,584,585,586,587,588,:
