1:2,3,4,5,6,7,8,9,10,25,28,29,181,183,298,318,319,322,323,451,:
2:1,3,4,5,6,9,25,26,28,29,181,298,319,451,:
3:1,2,4,5,6,7,9,25,26,28,181,182,205,497,:
4:1,2,3,5,6,7,8,9,10,17,25,26,28,29,35,181,182,205,451,452,497,:
5:1,2,3,4,6,7,8,9,10,11,17,25,28,29,181,183,319,451,452,:
6:1,2,3,4,5,7,8,9,17,18,25,35,36,41,201,202,204,205,497,:
7:1,3,4,5,6,8,9,10,17,18,19,24,30,35,36,37,41,126,204,205,452,:
8:1,4,5,6,7,9,10,11,12,17,18,19,24,29,30,35,36,37,41,452,:
9:1,2,3,4,5,6,7,8,10,11,12,16,17,29,30,34,36,183,452,:
10:1,4,5,7,8,9,11,12,13,15,16,29,30,34,183,319,322,338,452,:
11:5,8,9,10,12,13,14,15,16,29,30,31,32,33,34,322,338,342,:
12:8,9,10,11,13,14,15,16,19,20,29,30,31,32,33,34,36,38,338,342,347,:
13:10,11,12,14,15,16,20,30,31,32,33,34,36,38,77,347,:
14:11,12,13,15,16,30,31,32,33,34,57,58,78,341,:
15:10,11,12,13,14,16,29,30,31,32,33,34,56,57,58,316,338,:
16:9,10,11,12,13,14,15,29,30,31,32,33,34,313,315,316,322,337,338,:
17:4,5,6,7,8,9,18,19,20,24,30,35,36,37,41,126,202,204,205,:
18:6,7,8,17,19,20,21,23,24,30,35,36,37,38,41,76,:
19:7,8,12,17,18,20,21,22,23,24,30,35,36,37,38,39,40,41,:
20:12,13,17,18,19,21,22,23,24,30,31,36,37,38,39,40,41,76,:
21:18,19,20,22,23,24,27,30,31,36,38,39,40,41,347,:
22:19,20,21,23,24,27,38,39,40,41,345,346,347,:
23:18,19,20,21,22,24,27,38,39,40,41,347,419,453,:
24:7,8,17,18,19,20,21,22,23,30,35,36,37,38,39,40,41,419,453,:
25:1,2,3,4,5,6,26,28,201,205,232,287,494,496,497,:
26:2,3,4,25,28,201,205,232,287,288,289,290,494,496,499,:
27:21,22,23,39,40,346,347,359,363,365,367,373,423,:
28:1,2,3,4,5,25,26,181,232,297,298,318,319,325,:
29:1,2,4,5,8,9,10,11,12,15,16,30,34,318,319,320,321,322,337,338,342,:
30:7,8,9,10,11,12,13,14,15,16,17,18,19,20,21,24,29,31,36,38,347,452,:
31:11,12,13,14,15,16,20,21,30,32,36,38,39,76,347,:
32:11,12,13,14,15,16,31,33,56,57,58,:
33:11,12,13,14,15,16,32,34,52,56,57,58,315,316,317,334,335,336,338,:
34:9,10,11,12,13,14,15,16,29,33,311,313,314,315,316,317,319,321,322,328,336,337,338,:
35:4,6,7,8,17,18,19,24,36,37,41,125,126,127,202,203,204,205,:
36:6,7,8,9,12,13,17,18,19,20,21,24,30,31,35,37,38,41,75,76,77,79,80,126,:
37:7,8,17,18,19,20,24,35,36,38,41,75,76,80,82,125,126,127,:
38:12,13,18,19,20,21,22,23,24,30,31,36,37,39,75,76,80,82,:
39:19,20,21,22,23,24,27,31,38,347,:
40:19,20,21,22,23,24,27,41,346,417,418,419,420,423,453,:
41:6,7,8,17,18,19,20,21,22,23,24,35,36,37,40,419,452,453,:
42:43,44,45,46,47,48,59,60,141,144,:
43:42,44,45,46,47,48,59,140,141,143,144,:
44:42,43,45,46,47,48,49,59,60,61,141,:
45:42,43,44,46,47,48,59,60,61,62,63,64,72,140,141,:
46:42,43,44,45,47,48,59,60,61,62,63,72,73,130,131,133,136,140,141,142,143,144,145,:
47:42,43,44,45,46,48,49,50,59,60,:
48:42,43,44,45,46,47,49,50,51,52,54,59,141,145,:
49:44,47,48,50,51,52,53,54,55,56,57,148,:
50:47,48,49,51,52,53,54,55,56,57,58,78,147,148,:
51:48,49,50,52,53,54,56,57,58,78,145,146,147,148,149,:
52:33,48,49,50,51,53,54,55,56,57,58,148,:
53:49,50,51,52,54,55,56,57,58,:
54:48,49,50,51,52,53,55,56,58,:
55:49,50,52,53,54,56,57,58,:
56:15,32,33,49,50,51,52,53,54,55,57,58,148,316,317,:
57:14,15,32,33,49,50,51,52,53,55,56,58,147,148,315,316,317,:
58:14,15,32,33,50,51,52,53,54,55,56,57,316,317,335,:
59:42,43,44,45,46,47,48,60,61,62,63,64,65,72,73,136,141,:
60:42,44,45,46,47,59,61,62,63,64,:
61:44,45,46,59,60,62,63,64,65,66,72,73,74,81,124,136,141,:
62:45,46,59,60,61,63,64,65,72,73,74,75,77,78,80,81,124,:
63:45,46,59,60,61,62,64,65,72,73,74,75,77,78,:
64:45,59,60,61,62,63,65,66,67,72,73,136,138,:
65:59,61,62,63,64,66,67,68,72,73,80,81,84,124,:
66:61,64,65,67,68,69,70,71,:
67:64,65,66,68,69,70,71,138,:
68:65,66,67,69,70,71,117,118,119,:
69:66,67,68,70,71,:
70:66,67,68,69,71,117,118,119,:
71:66,67,68,69,70,117,118,119,:
72:45,46,59,61,62,63,64,65,73,74,75,76,77,78,79,80,81,123,124,141,:
73:46,59,61,62,63,64,65,72,74,75,77,78,79,80,81,123,124,128,130,141,:
74:61,62,63,72,73,75,76,77,78,79,80,81,82,124,:
75:36,37,38,62,63,72,73,74,76,77,78,79,80,81,82,83,124,:
76:18,20,31,36,37,38,72,74,75,77,79,80,81,82,:
77:13,36,62,63,72,73,74,75,76,78,79,80,81,:
78:14,50,51,62,63,72,73,74,75,77,79,141,:
79:36,72,73,74,75,76,77,78,80,81,123,124,126,141,:
80:36,37,38,62,65,72,73,74,75,76,77,79,81,82,83,84,85,86,121,124,:
81:61,62,65,72,73,74,75,76,77,79,80,82,83,84,85,120,121,122,123,124,125,:
82:37,38,74,75,76,80,81,83,84,85,86,87,121,:
83:75,80,81,82,84,85,86,87,88,89,90,91,120,121,:
84:65,80,81,82,83,85,86,87,90,112,113,120,121,122,123,124,125,:
85:80,81,82,83,84,86,87,88,89,90,91,92,121,:
86:80,82,83,84,85,87,88,89,90,91,92,93,94,:
87:82,83,84,85,86,88,89,90,91,92,106,121,:
88:83,85,86,87,89,90,91,92,97,106,:
89:83,85,86,87,88,90,91,92,93,96,97,:
90:83,84,85,86,87,88,89,91,92,93,118,:
91:83,85,86,87,88,89,90,92,93,94,95,97,:
92:85,86,87,88,89,90,91,93,94,95,96,97,98,99,100,:
93:86,89,90,91,92,94,95,96,97,98,99,100,101,:
94:86,91,92,93,95,96,97,99,100,101,:
95:91,92,93,94,96,97,98,99,100,101,:
96:89,92,93,94,95,97,98,99,100,101,:
97:88,89,91,92,93,94,95,96,98,99,101,:
98:92,93,95,96,97,99,100,101,:
99:92,93,94,95,96,97,98,100,101,:
100:92,93,94,95,96,98,99,101,:
101:93,94,95,96,97,98,99,100,:
102:103,104,105,106,107,108,109,110,111,:
103:102,104,105,106,107,108,110,:
104:102,103,105,106,107,108,109,110,111,112,:
105:102,103,104,106,107,108,109,110,111,112,113,114,115,116,:
106:87,88,102,103,104,105,107,108,110,111,112,113,:
107:102,103,104,105,106,108,109,110,111,:
108:102,103,104,105,106,107,109,110,111,:
109:102,104,105,107,108,127,198,199,200,:
110:102,103,104,105,106,107,108,111,112,113,114,115,116,120,121,:
111:102,104,105,106,107,108,110,112,113,114,115,116,120,:
112:84,104,105,106,110,111,113,114,115,116,117,118,120,121,122,:
113:84,105,106,110,111,112,114,115,116,120,121,122,123,125,127,135,137,:
114:105,110,111,112,113,115,120,121,122,123,125,127,129,135,137,188,195,196,:
115:105,110,111,112,113,114,116,117,118,119,120,121,137,139,:
116:105,110,111,112,113,115,117,118,119,:
117:68,70,71,112,115,116,118,119,:
118:68,70,71,90,112,115,116,117,119,:
119:68,70,71,115,116,117,118,:
120:81,83,84,110,111,112,113,114,115,121,122,123,124,125,126,127,128,129,:
121:80,81,82,83,84,85,87,110,112,113,114,115,120,122,123,124,125,127,:
122:81,84,112,113,114,120,121,123,124,125,126,127,128,129,130,135,188,:
123:72,73,79,81,84,113,114,120,121,122,124,125,126,127,128,129,130,131,133,134,135,188,:
124:61,62,65,72,73,74,75,79,80,81,84,120,121,122,123,125,126,128,129,130,131,133,134,135,:
125:35,37,81,84,113,114,120,121,122,123,124,126,127,128,129,204,:
126:7,17,35,36,37,79,120,122,123,124,125,127,128,129,182,188,204,:
127:35,37,109,113,114,120,121,122,123,125,126,202,204,:
128:73,120,122,123,124,125,126,129,130,131,132,133,134,135,140,141,185,187,188,:
129:114,120,122,123,124,125,126,128,130,131,132,133,134,135,184,185,186,187,188,189,193,:
130:46,73,122,123,124,128,129,131,132,133,134,135,136,140,141,142,185,188,:
131:46,123,124,128,129,130,132,133,134,140,141,142,143,144,145,150,151,184,185,:
132:128,129,130,131,133,140,141,142,143,144,150,151,172,177,178,183,184,185,186,188,189,:
133:46,123,124,128,129,130,131,132,134,135,136,137,138,140,141,144,188,:
134:123,124,128,129,130,131,133,135,136,137,138,139,:
135:113,114,122,123,124,128,129,130,133,134,136,137,138,139,188,:
136:46,59,61,64,130,133,134,135,137,138,139,:
137:113,114,115,133,134,135,136,138,139,:
138:64,67,133,134,135,136,137,139,:
139:115,134,135,136,137,138,:
140:43,45,46,128,130,131,132,133,141,142,143,144,145,146,150,151,185,:
141:42,43,44,45,46,48,59,61,72,73,78,79,128,130,131,132,133,140,142,143,144,145,:
142:46,130,131,132,140,141,143,144,145,146,147,150,151,152,172,:
143:43,46,131,132,140,141,142,144,145,146,150,151,152,153,154,172,:
144:42,43,46,131,132,133,140,141,142,143,145,146,150,151,152,153,:
145:46,48,51,131,140,141,142,143,144,146,147,148,149,150,151,:
146:51,140,142,143,144,145,147,148,149,150,151,311,313,:
147:50,51,57,142,145,146,148,149,313,315,316,317,:
148:49,50,51,52,56,57,145,146,147,149,313,315,316,317,:
149:51,145,146,147,148,166,:
150:131,132,140,142,143,144,145,146,151,152,153,154,169,171,172,:
151:131,132,140,142,143,144,145,146,150,152,153,154,168,169,170,171,172,174,175,177,185,:
152:142,143,144,150,151,153,154,169,172,174,:
153:143,144,150,151,152,154,168,169,172,174,:
154:143,150,151,152,153,157,158,168,169,172,174,:
155:156,157,158,159,160,161,168,169,:
156:155,157,158,159,160,161,:
157:154,155,156,158,159,160,161,162,168,169,170,:
158:154,155,156,157,159,160,161,168,169,170,171,172,173,309,:
159:155,156,157,158,160,168,169,170,173,305,309,:
160:155,156,157,158,159,161,162,163,168,169,309,310,:
161:155,156,157,158,160,162,163,164,:
162:157,160,161,163,164,165,166,167,312,314,:
163:160,161,162,164,165,166,167,:
164:161,162,163,165,166,167,:
165:162,163,164,166,167,:
166:149,162,163,164,165,167,317,:
167:162,163,164,165,166,:
168:151,153,154,155,157,158,159,160,169,170,171,172,173,174,175,176,309,:
169:150,151,152,153,154,155,157,158,159,160,168,170,171,172,173,174,175,309,:
170:151,157,158,159,168,169,171,172,173,174,175,176,177,286,305,309,:
171:150,151,158,168,169,170,172,173,174,175,176,177,178,179,180,181,286,309,:
172:132,142,143,150,151,152,153,154,158,168,169,170,171,173,174,175,176,177,178,180,181,183,185,311,:
173:158,159,168,169,170,171,172,174,175,176,280,286,:
174:151,152,153,154,168,169,170,171,172,173,175,176,280,:
175:151,168,169,170,171,172,173,174,176,177,178,179,180,181,182,183,184,185,283,285,286,:
176:168,170,171,172,173,174,175,177,178,179,180,181,184,282,283,284,285,286,294,297,298,:
177:132,151,170,171,172,175,176,178,179,180,181,182,183,184,185,186,283,286,:
178:132,171,172,175,176,177,179,180,181,182,184,185,186,187,189,190,194,282,283,:
179:171,175,176,177,178,180,182,184,185,186,187,189,190,193,194,268,275,276,280,282,283,284,286,:
180:171,172,175,176,177,178,179,181,182,183,184,185,283,286,298,:
181:1,2,3,4,5,28,171,172,175,176,177,178,180,182,183,298,319,:
182:3,4,126,175,177,178,179,180,181,183,184,185,199,:
183:1,5,9,10,132,172,175,177,180,181,182,311,:
184:129,131,132,175,176,177,178,179,180,182,185,186,187,188,189,190,191,193,194,:
185:128,129,130,131,132,140,151,172,175,177,178,179,180,182,184,186,187,188,189,190,:
186:129,132,177,178,179,184,185,187,188,189,190,191,192,193,194,195,268,:
187:128,129,178,179,184,185,186,188,189,190,191,193,194,195,196,198,199,268,:
188:114,122,123,126,128,129,130,132,133,135,184,185,186,187,189,191,193,194,195,196,198,:
189:129,132,178,179,184,185,186,187,188,190,191,192,193,194,:
190:178,179,184,185,186,187,189,191,192,281,:
191:184,186,187,188,189,190,192,193,194,281,:
192:186,189,190,191,:
193:129,179,184,186,187,188,189,191,194,195,196,197,198,199,265,268,:
194:178,179,184,186,187,188,189,191,193,195,196,197,198,199,264,265,266,267,268,:
195:114,186,187,188,193,194,196,197,198,199,200,265,268,:
196:114,187,188,193,194,195,197,198,199,264,265,:
197:193,194,195,196,198,264,265,268,:
198:109,187,188,193,194,195,196,197,199,200,201,265,268,:
199:109,182,187,193,194,195,196,198,200,201,202,204,290,292,:
200:109,195,198,199,201,202,203,204,205,290,292,506,:
201:6,25,26,198,199,200,202,203,204,205,290,292,506,:
202:6,17,35,127,199,200,201,203,204,205,497,504,505,506,:
203:35,200,201,202,204,205,504,505,506,:
204:6,7,17,35,125,126,127,199,200,201,202,203,205,506,:
205:3,4,6,7,17,25,26,35,200,201,202,203,204,497,504,505,506,:
206:207,208,209,210,211,212,:
207:206,208,209,211,:
208:206,207,209,210,211,212,213,:
209:206,207,208,210,211,212,217,:
210:206,208,209,211,212,216,217,218,221,222,223,:
211:206,207,208,209,210,212,213,214,215,:
212:206,208,209,210,211,213,214,215,223,511,:
213:208,211,212,214,215,271,:
214:211,212,213,215,271,:
215:211,212,213,214,271,507,508,:
216:210,217,218,219,220,221,222,:
217:209,210,216,218,219,221,222,223,:
218:210,216,217,219,220,221,222,223,224,:
219:216,217,218,220,221,222,:
220:216,218,219,221,:
221:210,216,217,218,219,220,222,223,224,:
222:210,216,217,218,219,221,223,224,:
223:210,212,217,218,221,222,224,254,291,:
224:218,221,222,223,231,291,513,514,:
225:226,227,228,229,230,231,232,233,234,481,484,517,:
226:225,227,228,229,230,231,480,481,483,484,516,517,:
227:225,226,228,229,230,231,232,233,234,235,302,:
228:225,226,227,229,230,231,232,233,234,235,236,237,238,239,302,:
229:225,226,227,228,230,231,233,234,235,236,246,247,:
230:225,226,227,228,229,231,232,233,234,484,496,517,:
231:224,225,226,227,228,229,230,232,233,484,491,514,516,517,:
232:25,26,28,225,227,228,230,231,233,234,295,300,496,:
233:225,227,228,229,230,231,232,234,235,236,237,238,239,246,247,300,301,302,:
234:225,227,228,229,230,232,233,235,236,237,238,239,295,299,300,301,302,303,:
235:227,228,229,233,234,236,237,238,239,240,246,247,248,302,:
236:228,229,233,234,235,237,238,239,246,247,248,249,250,251,255,256,295,:
237:228,233,234,235,236,238,246,247,248,249,255,256,284,285,287,289,294,295,:
238:228,233,234,235,236,237,239,240,241,242,243,246,247,302,:
239:228,233,234,235,236,238,240,241,242,243,244,245,301,302,:
240:235,238,239,241,242,243,244,245,302,:
241:238,239,240,242,243,244,245,:
242:238,239,240,241,243,244,245,:
243:238,239,240,241,242,244,245,:
244:239,240,241,242,243,245,:
245:239,240,241,242,243,244,:
246:229,233,235,236,237,238,247,248,249,250,251,252,255,256,:
247:229,233,235,236,237,238,246,248,249,250,251,:
248:235,236,237,246,247,249,250,251,252,253,254,255,256,257,277,289,:
249:236,237,246,247,248,250,251,252,253,255,256,257,258,260,277,:
250:236,246,247,248,249,251,252,255,256,257,258,259,:
251:236,246,247,248,249,250,252,253,254,255,256,:
252:246,248,249,250,251,253,254,255,256,:
253:248,249,251,252,254,255,256,274,277,291,:
254:223,248,251,252,253,:
255:236,237,246,248,249,250,251,252,253,256,257,258,259,260,261,263,276,277,:
256:236,237,246,248,249,250,251,252,253,255,257,258,260,261,276,277,282,284,:
257:248,249,250,255,256,258,259,260,261,262,263,277,:
258:249,250,255,256,257,259,260,261,277,:
259:250,255,257,258,260,:
260:249,255,256,257,258,259,261,262,263,277,:
261:255,256,257,258,260,262,263,294,:
262:257,260,261,263,285,286,294,296,:
263:255,257,260,261,262,:
264:194,196,197,265,266,267,268,269,270,272,273,274,:
265:193,194,195,196,197,198,264,266,267,268,269,270,:
266:194,264,265,267,268,269,270,271,272,273,274,275,:
267:194,264,265,266,268,269,270,273,274,275,276,278,279,281,283,:
268:179,186,187,193,194,195,197,198,264,265,266,267,269,273,274,275,276,281,282,283,290,292,:
269:264,265,266,267,268,270,271,272,273,274,292,293,:
270:264,265,266,267,269,271,272,:
271:213,214,215,266,269,270,272,293,:
272:264,266,269,270,271,:
273:264,266,267,268,269,274,275,276,277,278,279,280,281,282,283,:
274:253,264,266,267,268,269,273,275,276,277,278,279,281,:
275:179,266,267,268,273,274,276,277,278,279,280,281,282,283,284,:
276:179,255,256,267,268,273,274,275,277,278,279,280,282,283,284,285,286,287,288,290,:
277:248,249,253,255,256,257,258,260,273,274,275,276,278,280,282,283,284,285,287,:
278:267,273,274,275,276,277,279,280,281,282,283,:
279:267,273,274,275,276,278,280,281,:
280:173,174,179,273,275,276,277,278,279,281,282,283,:
281:190,191,267,268,273,274,275,278,279,280,:
282:176,178,179,256,268,273,275,276,277,278,280,283,284,285,286,287,288,289,290,294,295,:
283:175,176,177,178,179,180,267,268,273,275,276,277,278,280,282,284,285,286,287,288,290,:
284:176,179,237,256,275,276,277,282,283,285,286,287,288,289,290,294,295,296,:
285:175,176,237,262,276,277,282,283,284,286,287,288,294,295,296,297,298,299,:
286:170,171,173,175,176,177,179,180,262,276,282,283,284,285,287,294,295,296,297,298,304,305,:
287:25,26,237,276,277,282,283,284,285,286,288,289,290,291,292,294,295,298,:
288:26,276,282,283,284,285,287,289,290,291,292,293,:
289:26,237,248,282,284,287,288,290,291,292,293,:
290:26,199,200,201,268,276,282,283,284,287,288,289,291,292,293,:
291:223,224,253,287,288,289,290,292,293,:
292:199,200,201,268,269,287,288,289,290,291,293,:
293:269,271,288,289,290,291,292,:
294:176,237,261,262,282,284,285,286,287,295,296,297,298,299,300,304,305,:
295:232,234,236,237,282,284,285,286,287,294,296,297,298,299,300,:
296:262,284,285,286,294,295,297,298,299,300,301,304,305,306,:
297:28,176,285,286,294,295,296,298,299,300,304,305,306,307,308,309,:
298:1,2,28,176,180,181,285,286,287,294,295,296,297,299,300,304,305,306,307,318,319,:
299:234,285,294,295,296,297,298,300,301,302,303,304,305,:
300:232,233,234,294,295,296,297,298,299,301,302,303,304,:
301:233,234,239,296,299,300,302,303,470,471,472,:
302:227,228,233,234,235,238,239,240,299,300,301,303,470,471,472,:
303:234,299,300,301,302,470,471,472,473,477,478,:
304:286,294,296,297,298,299,300,305,306,307,308,309,310,318,319,:
305:159,170,286,294,296,297,298,299,304,306,307,308,309,:
306:296,297,298,304,305,307,308,309,310,311,312,318,319,320,:
307:297,298,304,305,306,308,309,310,311,312,318,319,320,321,323,325,:
308:297,304,305,306,307,309,310,312,318,319,320,321,323,325,:
309:158,159,160,168,169,170,171,297,304,305,306,307,308,310,311,312,313,314,318,319,:
310:160,304,306,307,308,309,311,312,313,314,315,318,319,:
311:34,146,172,183,306,307,309,310,312,313,314,315,316,318,319,:
312:162,306,307,308,309,310,311,313,314,315,316,317,318,319,321,326,327,:
313:16,34,146,147,148,309,310,311,312,314,315,316,317,:
314:34,162,309,310,311,312,313,315,316,317,321,326,327,328,331,334,336,:
315:16,33,34,57,147,148,310,311,312,313,314,316,317,334,336,:
316:15,16,33,34,56,57,58,147,148,311,312,313,314,315,317,334,335,336,:
317:33,34,56,57,58,147,148,166,312,313,314,315,316,332,334,335,336,:
318:1,28,29,298,304,306,307,308,309,310,311,312,319,320,321,322,323,324,325,326,327,:
319:1,2,5,10,28,29,34,181,298,304,306,307,308,309,310,311,312,318,320,321,322,323,325,326,:
320:29,306,307,308,318,319,321,322,323,324,325,326,327,328,:
321:29,34,307,308,312,314,318,319,320,322,323,324,325,326,327,328,329,331,337,338,:
322:1,10,11,16,29,34,318,319,320,321,323,324,326,327,328,329,337,338,339,342,:
323:1,307,308,318,319,320,321,322,324,325,326,327,450,:
324:318,320,321,322,323,325,326,327,450,:
325:28,307,308,318,319,320,321,323,324,469,:
326:312,314,318,319,320,321,322,323,324,327,328,329,330,331,332,336,337,338,:
327:312,314,318,320,321,322,323,324,326,328,329,330,331,337,338,:
328:34,314,320,321,322,326,327,329,330,331,332,333,334,335,336,337,338,339,:
329:321,322,326,327,328,330,331,332,333,334,336,337,338,339,340,341,342,:
330:326,327,328,329,331,332,333,337,338,339,340,341,348,349,355,458,:
331:314,321,326,327,328,329,330,332,333,334,335,336,337,338,:
332:317,326,328,329,330,331,333,334,335,336,:
333:328,329,330,331,332,334,335,336,:
334:33,314,315,316,317,328,329,331,332,333,335,336,:
335:33,58,316,317,328,331,332,333,334,336,:
336:33,34,314,315,316,317,326,328,329,331,332,333,334,335,:
337:16,29,34,321,322,326,327,328,329,330,331,338,339,340,341,342,343,348,349,:
338:10,11,12,15,16,29,33,34,321,322,326,327,328,329,330,331,337,339,340,341,342,:
339:322,328,329,330,337,338,340,341,342,343,344,345,347,348,349,350,455,458,:
340:329,330,337,338,339,341,342,343,344,345,347,348,349,350,351,352,353,354,355,357,358,458,:
341:14,329,330,337,338,339,340,342,343,347,348,349,350,351,355,357,358,:
342:11,12,29,322,329,337,338,339,340,341,343,344,345,346,347,348,349,452,455,:
343:337,339,340,341,342,344,345,346,347,348,349,352,447,452,453,454,455,:
344:339,340,342,343,345,346,347,348,349,352,441,447,448,452,454,455,456,457,458,:
345:22,339,340,342,343,344,346,347,348,349,351,352,357,452,453,455,:
346:22,27,40,342,343,344,345,347,351,352,357,359,367,453,:
347:12,13,21,22,23,27,30,31,39,339,340,341,342,343,344,345,346,348,357,452,:
348:330,337,339,340,341,342,343,344,345,347,349,350,351,352,353,354,355,356,357,358,458,:
349:330,337,339,340,341,342,343,344,345,348,350,351,352,353,354,355,357,455,457,458,:
350:339,340,341,348,349,351,352,353,354,355,356,357,358,359,:
351:340,341,345,346,348,349,350,352,353,354,356,357,358,359,360,361,362,366,367,:
352:340,343,344,345,346,348,349,350,351,353,356,357,358,359,360,361,366,367,368,400,404,407,:
353:340,348,349,350,351,352,354,355,356,357,358,:
354:340,348,349,350,351,353,355,356,:
355:330,340,341,348,349,350,353,354,356,458,:
356:348,350,351,352,353,354,355,357,358,361,398,399,400,404,:
357:340,341,345,346,347,348,349,350,351,352,353,356,358,359,360,361,362,363,366,367,:
358:340,341,348,350,351,352,353,356,357,359,360,361,362,:
359:27,346,350,351,352,357,358,360,361,362,363,364,365,366,367,368,379,392,:
360:351,352,357,358,359,361,362,363,365,366,367,368,369,370,371,378,379,391,392,398,400,:
361:351,352,356,357,358,359,360,362,363,365,366,367,368,369,370,378,379,380,381,391,392,393,394,396,398,399,400,401,404,:
362:351,357,358,359,360,361,363,364,365,366,367,379,392,398,:
363:27,357,359,360,361,362,364,365,366,367,378,379,383,392,:
364:359,362,363,365,379,383,385,389,:
365:27,359,360,361,362,363,364,366,367,368,369,372,373,375,378,379,380,383,384,392,:
366:351,352,357,359,360,361,362,363,365,367,368,369,370,371,372,373,378,379,392,400,:
367:27,346,351,352,357,359,360,361,362,363,365,366,368,369,371,372,373,375,378,379,:
368:352,359,360,361,365,366,367,369,370,371,372,373,374,378,379,380,392,400,:
369:360,361,365,366,367,368,370,371,372,373,374,378,379,380,381,382,383,391,392,399,400,:
370:360,361,366,368,369,371,372,374,378,379,380,381,382,391,392,394,399,400,402,:
371:360,366,367,368,369,370,372,373,374,375,376,378,379,412,:
372:365,366,367,368,369,370,371,373,374,375,376,377,378,379,412,:
373:27,365,366,367,368,369,371,372,374,375,376,377,378,379,412,:
374:368,369,370,371,372,373,375,376,377,378,379,412,:
375:365,367,371,372,373,374,376,377,379,421,422,423,424,425,:
376:371,372,373,374,375,377,379,384,412,:
377:372,373,374,375,376,384,422,424,:
378:360,361,363,365,366,367,368,369,370,371,372,373,374,379,380,381,382,383,384,391,392,400,:
379:359,360,361,362,363,364,365,366,367,368,369,370,371,372,373,374,375,376,378,380,381,383,384,385,391,392,:
380:361,365,368,369,370,378,379,381,382,383,384,385,391,392,393,:
381:361,369,370,378,379,380,382,383,384,391,392,393,394,396,397,399,400,:
382:369,370,378,380,381,383,391,392,393,394,:
383:363,364,365,369,378,379,380,381,382,384,385,386,391,392,:
384:365,376,377,378,379,380,381,383,385,386,387,:
385:364,379,380,383,384,386,387,388,389,390,:
386:383,384,385,387,388,389,390,:
387:384,385,386,388,389,390,:
388:385,386,387,389,390,:
389:364,385,386,387,388,390,:
390:385,386,387,388,389,:
391:360,361,369,370,378,379,380,381,382,383,392,393,394,395,396,397,398,399,400,:
392:359,360,361,362,363,365,366,368,369,370,378,379,380,381,382,383,391,393,394,396,397,398,399,400,:
393:361,380,381,382,391,392,394,395,396,397,398,399,400,401,:
394:361,370,381,382,391,392,393,395,396,397,398,399,400,401,402,403,404,:
395:391,393,394,396,398,399,400,401,402,403,:
396:361,381,391,392,393,394,395,397,398,399,400,:
397:381,391,392,393,394,396,398,:
398:356,360,361,362,391,392,393,394,395,396,397,399,400,:
399:356,361,369,370,381,391,392,393,394,395,396,398,400,401,402,403,404,405,:
400:352,356,360,361,366,368,369,370,378,381,391,392,393,394,395,396,398,399,401,402,404,:
401:361,393,394,395,399,400,402,403,404,405,406,407,:
402:370,394,395,399,400,401,403,404,405,406,:
403:394,395,399,401,402,404,405,406,:
404:352,356,361,394,399,400,401,402,403,405,406,407,:
405:399,401,402,403,404,406,407,:
406:401,402,403,404,405,407,:
407:352,401,404,405,406,459,461,:
408:409,410,411,412,413,414,415,416,427,:
409:408,410,411,412,413,414,415,416,417,427,438,:
410:408,409,411,412,413,414,415,416,417,418,420,426,427,437,438,:
411:408,409,410,412,415,416,417,418,419,426,427,437,438,439,440,441,:
412:371,372,373,374,376,408,409,410,411,413,414,415,416,:
413:408,409,410,412,414,416,:
414:408,409,410,412,413,415,416,:
415:408,409,410,411,412,414,416,417,418,419,420,421,422,426,427,438,:
416:408,409,410,411,412,413,414,415,417,418,420,421,422,426,427,:
417:40,409,410,411,415,416,418,419,420,421,422,423,426,427,428,438,:
418:40,410,411,415,416,417,419,420,421,426,427,428,429,431,432,433,437,438,453,:
419:23,24,40,41,411,415,417,418,420,426,427,428,429,433,437,438,453,:
420:40,410,415,416,417,418,419,421,422,423,424,425,426,427,:
421:375,415,416,417,418,420,422,423,424,425,:
422:375,377,415,416,417,420,421,423,424,425,:
423:27,40,375,417,420,421,422,424,425,:
424:375,377,420,421,422,423,425,:
425:375,420,421,422,423,424,:
426:410,411,415,416,417,418,419,420,427,428,429,430,431,432,433,437,438,:
427:408,409,410,411,415,416,417,418,419,420,426,428,429,431,432,433,437,438,:
428:417,418,419,426,427,429,430,431,432,433,434,437,438,439,490,495,:
429:418,419,426,427,428,430,431,432,437,438,439,440,442,444,445,446,489,490,495,:
430:426,428,429,431,437,438,439,440,442,444,446,467,482,483,487,489,490,491,493,495,:
431:418,426,427,428,429,430,432,433,434,435,436,437,438,490,493,:
432:418,426,427,428,429,431,433,434,435,436,493,503,:
433:418,419,426,427,428,431,432,434,435,436,503,504,505,:
434:428,431,432,433,435,436,503,:
435:431,432,433,434,436,503,:
436:431,432,433,434,435,:
437:410,411,418,419,426,427,428,429,430,431,438,439,440,441,442,443,444,445,446,453,490,:
438:409,410,411,415,417,418,419,426,427,428,429,430,431,437,439,440,441,442,444,445,453,:
439:411,428,429,430,437,438,440,441,442,443,444,445,446,447,467,:
440:411,429,430,437,438,439,441,442,443,444,445,446,447,448,449,450,453,454,467,:
441:344,411,437,438,439,440,442,443,445,446,447,448,449,453,454,455,:
442:429,430,437,438,439,440,441,443,444,445,446,:
443:437,439,440,441,442,444,445,:
444:429,430,437,438,439,440,442,443,:
445:429,437,438,439,440,441,442,443,446,447,448,449,450,451,452,453,454,455,464,467,:
446:429,430,437,439,440,441,442,445,447,448,449,450,451,453,463,464,466,467,490,:
447:343,344,439,440,441,445,446,448,449,450,451,452,453,454,455,456,464,467,:
448:344,440,441,445,446,447,449,450,451,454,455,456,457,459,460,464,:
449:440,441,445,446,447,448,450,454,455,456,459,460,463,464,467,:
450:323,324,440,445,446,447,448,449,451,452,453,454,455,464,467,:
451:1,2,4,5,445,446,447,448,450,452,453,496,497,:
452:4,5,7,8,9,10,30,41,342,343,344,345,347,445,447,450,451,453,:
453:23,24,40,41,343,345,346,418,419,437,438,440,441,445,446,447,450,451,452,497,:
454:343,344,440,441,445,447,448,449,450,455,456,457,458,459,460,461,:
455:339,342,343,344,345,349,441,445,447,448,449,450,454,456,457,458,459,460,:
456:344,447,448,449,454,455,457,458,459,460,461,462,:
457:344,349,448,454,455,456,458,459,460,461,:
458:330,339,340,344,348,349,355,454,455,456,457,459,461,:
459:407,448,449,454,455,456,457,458,460,461,462,:
460:448,449,454,455,456,457,459,461,462,:
461:407,454,456,457,458,459,460,462,:
462:456,459,460,461,:
463:446,449,464,465,466,467,468,469,470,475,480,481,:
464:445,446,447,448,449,450,463,465,466,467,468,469,480,:
465:463,464,466,467,468,469,470,475,480,481,482,:
466:446,463,464,465,467,468,469,480,481,482,483,484,485,489,490,:
467:430,439,440,445,446,447,449,450,463,464,465,466,468,480,481,482,483,489,490,496,:
468:463,464,465,466,467,469,470,471,475,480,481,:
469:325,463,464,465,466,468,470,471,472,473,474,475,:
470:301,302,303,463,465,468,469,471,472,473,474,475,476,477,478,:
471:301,302,303,468,469,470,472,473,474,475,476,477,478,479,:
472:301,302,303,469,470,471,473,474,475,477,478,479,:
473:303,469,470,471,472,474,475,476,477,478,479,:
474:469,470,471,472,473,475,476,477,478,479,:
475:463,465,468,469,470,471,472,473,474,476,477,479,:
476:470,471,473,474,475,477,478,479,:
477:303,470,471,472,473,474,475,476,478,479,:
478:303,470,471,472,473,474,476,477,479,:
479:471,472,473,474,475,476,477,478,:
480:226,463,464,465,466,467,468,481,482,483,484,485,486,489,490,:
481:225,226,463,465,466,467,468,480,482,483,484,485,:
482:430,465,466,467,480,481,483,484,485,486,487,488,489,490,491,:
483:226,430,466,467,480,481,482,484,485,486,487,489,490,491,492,493,494,496,516,517,:
484:225,226,230,231,466,480,481,482,483,485,486,489,490,491,492,494,496,516,517,518,520,:
485:466,480,481,482,483,484,486,487,488,489,490,:
486:480,482,483,484,485,487,488,489,490,520,:
487:430,482,483,485,486,488,489,490,:
488:482,485,486,487,520,522,:
489:429,430,466,467,480,482,483,484,485,486,487,490,491,492,493,494,495,496,498,499,517,:
490:428,429,430,431,437,446,466,467,480,482,483,484,485,486,487,489,491,492,493,494,495,496,:
491:231,430,482,483,484,489,490,492,493,494,495,496,497,498,499,500,516,517,:
492:483,484,489,490,491,493,494,495,496,498,499,500,501,502,503,504,507,508,514,516,517,:
493:430,431,432,483,489,490,491,492,494,495,498,499,500,501,502,503,507,:
494:25,26,483,484,489,490,491,492,493,495,496,497,498,499,:
495:428,429,430,489,490,491,492,493,494,496,497,498,499,503,504,506,:
496:25,26,230,232,451,467,483,484,489,490,491,492,494,495,497,499,:
497:3,4,6,25,202,205,451,453,491,494,495,496,499,504,506,:
498:489,491,492,493,494,495,499,500,501,502,503,504,506,507,508,514,:
499:26,489,491,492,493,494,495,496,497,498,500,501,503,504,506,507,508,514,:
500:491,492,493,498,499,501,502,503,504,505,506,507,508,509,:
501:492,493,498,499,500,502,503,504,507,508,509,510,512,513,514,:
502:492,493,498,500,501,503,507,508,509,510,:
503:432,433,434,435,492,493,495,498,499,500,501,502,504,505,506,507,508,:
504:202,203,205,433,492,495,497,498,499,500,501,503,505,506,:
505:202,203,205,433,500,503,504,506,:
506:200,201,202,203,204,205,495,497,498,499,500,503,504,505,:
507:215,492,493,498,499,500,501,502,503,508,509,510,511,512,513,514,:
508:215,492,498,499,500,501,502,503,507,509,510,512,513,514,:
509:500,501,502,507,508,510,511,512,513,514,515,:
510:501,502,507,508,509,511,512,513,:
511:212,507,509,510,512,:
512:501,507,508,509,510,511,513,514,515,516,518,519,:
513:224,501,507,508,509,510,512,514,515,516,517,518,519,520,521,:
514:224,231,492,498,499,501,507,508,509,512,513,515,516,517,518,519,520,:
515:509,512,513,514,516,517,518,519,520,521,522,:
516:226,231,483,484,491,492,512,513,514,515,517,518,519,520,522,:
517:225,226,230,231,483,484,489,491,492,513,514,515,516,518,520,:
518:484,512,513,514,515,516,517,519,520,521,522,:
519:512,513,514,515,516,518,520,521,522,:
520:484,486,488,513,514,515,516,517,518,519,521,522,:
521:513,515,518,519,520,522,:
522:488,515,516,518,519,520,521,:
