1:2,3,4,5,6,8,9,18,19,49,50,51,52,53,58,59,61,68,69,150,153,154,157,158,159,162,163,164,165,167,357,:
2:1,3,4,5,6,8,9,11,18,19,49,50,51,52,53,54,58,59,61,68,69,158,205,:
3:1,2,4,5,17,18,49,50,51,52,58,67,68,165,205,356,357,358,:
4:1,2,3,5,6,7,8,9,10,11,18,19,49,50,51,52,53,54,58,59,60,61,158,205,:
5:1,2,3,4,6,7,8,9,10,11,12,49,52,53,54,55,56,57,58,59,60,61,72,158,:
6:1,2,4,5,7,8,9,10,11,52,53,54,55,56,57,58,59,60,61,490,:
7:4,5,6,8,9,10,11,53,54,55,56,57,58,59,60,61,72,75,156,310,490,:
8:1,2,4,5,6,7,9,52,53,54,55,56,57,58,59,60,158,167,170,191,:
9:1,2,4,5,6,7,8,10,11,12,13,14,15,19,20,21,52,53,54,55,56,57,61,62,72,74,150,:
10:4,5,6,7,9,11,12,13,14,15,52,53,54,55,56,57,61,62,65,72,74,208,212,:
11:2,4,5,6,7,9,10,12,13,14,15,19,20,21,23,52,53,56,57,61,62,63,64,65,69,70,71,72,74,149,150,:
12:5,9,10,11,13,14,15,19,20,21,22,23,31,53,61,62,63,64,65,69,70,71,72,74,150,:
13:9,10,11,12,14,15,16,18,19,20,21,61,62,63,64,65,69,70,71,150,556,:
14:9,10,11,12,13,15,16,17,18,19,20,61,62,63,64,65,66,67,68,69,70,:
15:9,10,11,12,13,14,16,17,18,19,62,63,64,65,66,67,68,69,209,211,212,:
16:13,14,15,17,18,19,65,66,67,68,69,208,209,210,527,:
17:3,14,15,16,18,19,49,50,52,65,66,67,68,69,:
18:1,2,3,4,13,14,15,16,17,19,49,50,52,64,65,66,67,68,69,355,356,358,:
19:1,2,4,9,11,12,13,14,15,16,17,18,50,61,63,64,65,66,67,68,69,150,:
20:9,11,12,13,14,21,22,23,24,31,32,33,61,62,63,64,70,71,72,73,74,82,150,383,385,:
21:9,11,12,13,20,22,23,24,25,31,32,57,61,62,64,70,71,72,73,74,75,76,82,134,135,136,150,384,385,:
22:12,20,21,23,24,31,70,71,72,73,74,75,76,82,134,135,136,383,384,385,396,397,398,399,400,:
23:11,12,20,21,22,24,25,26,30,31,32,33,34,57,62,70,71,72,73,74,75,76,77,81,82,135,399,:
24:20,21,22,23,25,26,27,29,30,31,32,33,57,72,73,74,75,76,77,81,82,135,310,399,:
25:21,23,24,26,27,28,29,30,31,32,33,73,74,75,76,77,78,79,80,81,82,85,310,:
26:23,24,25,27,28,29,30,31,32,36,37,39,74,75,76,77,78,79,80,81,82,85,118,399,:
27:24,25,26,28,29,30,35,39,40,44,76,77,78,79,80,81,85,89,290,:
28:25,26,27,29,30,44,47,77,78,79,80,81,85,89,280,281,:
29:24,25,26,27,28,30,77,78,79,80,81,85,89,281,282,479,480,482,483,:
30:23,24,25,26,27,28,29,31,32,33,57,74,75,76,77,78,79,80,81,85,310,482,483,:
31:12,20,21,22,23,24,25,26,30,32,33,34,35,36,37,62,70,71,72,73,74,75,76,77,81,82,83,85,399,:
32:20,21,23,24,25,26,30,31,33,34,35,36,37,39,62,71,74,76,81,82,83,84,85,:
33:20,23,24,25,30,31,32,34,35,36,62,71,74,81,82,83,84,85,212,216,218,479,483,:
34:23,31,32,33,35,36,37,38,39,40,82,83,84,85,:
35:27,31,32,33,34,36,37,38,39,40,41,44,82,83,84,85,89,475,476,:
36:26,31,32,33,34,35,37,38,39,40,77,82,83,84,85,399,402,405,406,407,:
37:26,31,32,34,35,36,38,39,40,41,44,77,78,82,83,84,85,86,89,399,402,406,407,:
38:34,35,36,37,39,40,41,86,399,402,403,406,407,408,411,412,413,414,416,:
39:26,27,32,34,35,36,37,38,40,41,42,44,45,78,83,84,85,86,89,407,476,:
40:27,34,35,36,37,38,39,41,42,43,44,45,46,78,84,85,86,87,88,89,106,476,:
41:35,37,38,39,40,42,43,44,45,84,86,87,88,89,106,109,412,414,:
42:39,40,41,43,44,45,46,86,87,88,89,106,107,109,414,:
43:40,41,42,44,45,46,47,48,86,87,88,89,91,92,106,109,:
44:27,28,35,37,39,40,41,42,43,45,46,47,48,78,79,84,85,86,87,88,89,106,475,476,:
45:39,40,41,42,43,44,46,47,48,78,79,86,87,88,89,90,91,92,106,476,:
46:40,42,43,44,45,47,48,79,88,89,90,91,92,:
47:28,43,44,45,46,48,79,88,89,90,91,92,280,281,475,476,:
48:43,44,45,46,47,88,90,91,92,:
49:1,2,3,4,5,17,18,50,51,52,58,67,68,202,204,205,:
50:1,2,3,4,17,18,19,49,51,52,67,68,165,352,356,357,358,:
51:1,2,3,4,49,50,52,58,158,162,163,165,356,357,358,:
52:1,2,3,4,5,6,8,9,10,11,17,18,49,50,51,53,54,58,204,205,206,208,:
53:1,2,4,5,6,7,8,9,10,11,12,52,54,55,56,57,58,59,60,61,72,149,150,151,153,154,156,157,158,:
54:2,4,5,6,7,8,9,10,52,53,55,56,57,58,59,60,205,490,:
55:5,6,7,8,9,10,53,54,56,57,58,59,60,75,191,309,310,490,:
56:5,6,7,8,9,10,11,53,54,55,57,58,59,60,61,72,75,135,153,156,309,310,:
57:5,6,7,8,9,10,11,21,23,24,30,53,54,55,56,59,60,61,72,74,75,81,310,490,:
58:1,2,3,4,5,6,7,8,49,51,52,53,54,55,56,59,60,158,167,174,:
59:1,2,4,5,6,7,8,53,54,55,56,57,58,60,153,154,156,157,158,166,167,168,169,170,:
60:4,5,6,7,8,53,54,55,56,57,58,59,167,170,191,200,:
61:1,2,4,5,6,7,9,10,11,12,13,14,19,20,21,53,56,57,62,63,64,69,70,71,72,74,149,150,151,153,:
62:9,10,11,12,13,14,15,20,21,23,31,32,33,61,63,64,65,70,71,72,74,212,:
63:11,12,13,14,15,19,20,61,62,64,65,69,70,71,554,556,:
64:11,12,13,14,15,18,19,20,21,61,62,63,65,69,70,71,150,366,385,554,556,:
65:10,11,12,13,14,15,16,17,18,19,62,63,64,66,208,209,210,211,212,213,216,:
66:14,15,16,17,18,19,65,67,206,208,209,210,211,213,526,527,528,:
67:3,14,15,16,17,18,19,49,50,66,68,358,:
68:1,2,3,14,15,16,17,18,19,49,50,67,69,352,353,354,355,356,357,358,:
69:1,2,11,12,13,14,15,16,17,18,19,61,63,64,68,70,150,366,:
70:11,12,13,14,20,21,22,23,31,61,62,63,64,69,71,72,73,74,148,149,150,383,384,385,:
71:11,12,13,20,21,22,23,31,32,33,61,62,63,64,70,72,73,74,82,383,385,556,:
72:5,7,9,10,11,12,20,21,22,23,24,31,53,56,57,61,62,70,71,73,74,75,76,82,134,135,136,149,150,:
73:20,21,22,23,24,25,31,70,71,72,74,75,76,77,82,133,134,135,136,383,384,385,395,396,397,398,399,400,:
74:9,10,11,12,20,21,22,23,24,25,26,30,31,32,33,57,61,62,70,71,72,73,75,76,81,82,483,:
75:7,21,22,23,24,25,26,30,31,55,56,57,72,73,74,76,77,81,82,134,135,308,310,:
76:21,22,23,24,25,26,27,30,31,32,72,73,74,75,77,81,82,118,134,135,136,397,398,399,:
77:23,24,25,26,27,28,29,30,31,36,37,73,75,76,78,82,118,398,399,:
78:25,26,27,28,29,30,37,39,40,44,45,77,79,85,89,104,105,106,289,:
79:25,26,27,28,29,30,44,45,46,47,78,80,85,89,280,281,:
80:25,26,27,28,29,30,79,81,85,89,280,281,282,479,480,481,482,483,484,488,:
81:23,24,25,26,27,28,29,30,31,32,33,57,74,75,76,80,310,482,483,488,:
82:20,21,22,23,24,25,26,31,32,33,34,35,36,37,71,72,73,74,75,76,77,83,85,385,398,399,400,402,405,:
83:31,32,33,34,35,36,37,39,82,84,85,219,:
84:32,33,34,35,36,37,39,40,41,44,83,85,89,473,475,476,479,:
85:25,26,27,28,29,30,31,32,33,34,35,36,37,39,40,44,78,79,80,82,83,84,89,475,476,477,479,:
86:37,38,39,40,41,42,43,44,45,87,106,109,407,411,412,413,414,:
87:40,41,42,43,44,45,86,88,106,107,108,109,414,:
88:40,41,42,43,44,45,46,47,48,87,90,91,92,106,109,:
89:27,28,29,35,37,39,40,41,42,43,44,45,46,47,78,79,80,84,85,475,476,477,479,:
90:45,46,47,48,88,91,92,:
91:43,45,46,47,48,88,90,92,:
92:43,45,46,47,48,88,90,91,:
93:94,95,96,97,98,99,579,581,582,583,584,585,:
94:93,95,96,97,98,99,581,582,584,585,587,:
95:93,94,96,97,98,99,100,579,580,581,:
96:93,94,95,97,98,99,:
97:93,94,95,96,98,:
98:93,94,95,96,97,99,100,101,102,117,:
99:93,94,95,96,98,100,101,102,103,105,413,579,580,581,585,586,587,:
100:95,98,99,101,102,103,104,105,106,107,108,413,586,:
101:98,99,100,102,103,104,105,106,107,108,109,412,413,414,586,:
102:98,99,100,101,103,104,105,107,108,109,412,413,414,585,586,587,:
103:99,100,101,102,104,105,106,107,108,109,412,413,414,:
104:78,100,101,102,103,105,106,107,108,109,413,414,:
105:78,99,100,101,102,103,104,106,107,109,413,:
106:40,41,42,43,44,45,78,86,87,88,100,101,103,104,105,107,108,109,414,:
107:42,87,100,101,102,103,104,105,106,108,109,412,413,414,:
108:87,100,101,102,103,104,106,107,109,412,413,414,:
109:41,42,43,86,87,88,101,102,103,104,105,106,107,108,412,414,:
110:111,112,113,114,115,116,119,120,294,295,312,:
111:110,112,113,114,115,293,294,295,302,304,311,312,:
112:110,111,113,114,115,116,117,118,119,120,121,295,312,:
113:110,111,112,114,115,116,117,119,120,121,122,123,124,128,129,311,312,:
114:110,111,112,113,115,116,119,120,121,122,128,129,133,304,305,311,312,313,314,315,316,317,:
115:110,111,112,113,114,116,117,118,119,120,295,:
116:110,112,113,114,115,117,118,119,120,:
117:98,112,113,115,116,118,120,:
118:26,76,77,112,115,116,117,397,399,:
119:110,112,113,114,115,116,120,121,122,123,124,125,127,128,129,312,:
120:110,112,113,114,115,116,117,119,121,122,123,124,125,127,:
121:112,113,114,119,120,122,123,124,125,126,127,128,129,130,:
122:113,114,119,120,121,123,124,125,128,129,130,131,133,138,315,392,393,:
123:113,119,120,121,122,124,128,129,130,131,133,138,391,392,393,:
124:113,119,120,121,122,123,125,126,127,128,129,:
125:119,120,121,122,124,126,127,:
126:121,124,125,127,:
127:119,120,121,124,125,126,:
128:113,114,119,121,122,123,124,129,130,131,132,133,134,137,138,315,392,393,:
129:113,114,119,121,122,123,124,128,130,131,132,133,137,138,312,314,315,:
130:121,122,123,128,129,131,132,133,134,135,136,137,138,139,147,315,392,393,396,:
131:122,123,128,129,130,132,133,134,136,137,138,139,140,142,146,147,151,152,315,392,393,:
132:128,129,130,131,133,134,136,137,138,139,140,141,146,147,151,152,153,155,156,315,322,326,:
133:73,114,122,123,128,129,130,131,132,134,135,136,137,138,152,309,315,:
134:21,22,72,73,75,76,128,130,131,132,133,135,136,137,147,151,152,156,384,396,397,:
135:21,22,23,24,56,72,73,75,76,130,133,134,136,156,309,:
136:21,22,72,73,76,130,131,132,133,134,135,137,138,146,147,148,149,151,152,383,384,395,396,397,:
137:128,129,130,131,132,133,134,136,138,139,140,141,142,143,144,145,146,147,152,387,392,393,396,:
138:122,123,128,129,130,131,132,133,136,137,139,140,142,143,144,145,146,147,386,387,388,391,392,393,394,395,396,:
139:130,131,132,137,138,140,141,142,143,144,145,146,147,148,152,387,392,:
140:131,132,137,138,139,141,142,143,144,145,146,147,148,149,151,152,:
141:132,137,139,140,142,143,144,146,147,148,149,151,152,331,332,334,:
142:131,137,138,139,140,141,143,144,145,146,147,372,387,392,:
143:137,138,139,140,141,142,144,145,146,147,371,372,377,379,380,386,387,391,392,393,394,:
144:137,138,139,140,141,142,143,145,146,147,148,371,372,377,379,380,382,384,386,387,:
145:137,138,139,140,142,143,144,387,392,394,:
146:131,132,136,137,138,139,140,141,142,143,144,147,148,149,150,151,152,383,384,387,396,:
147:130,131,132,134,136,137,138,139,140,141,142,143,144,146,148,149,151,152,379,383,384,386,387,395,396,:
148:70,136,139,140,141,144,146,147,149,150,151,152,153,366,383,384,385,:
149:11,53,61,70,72,136,140,141,146,147,148,150,151,152,153,154,156,:
150:1,9,11,12,13,19,20,21,53,61,64,69,70,72,146,148,149,151,152,153,154,156,158,366,:
151:53,61,131,132,134,136,140,141,146,147,148,149,150,152,153,154,155,156,157,158,:
152:131,132,133,134,136,137,139,140,141,146,147,148,149,150,151,153,154,155,156,:
153:1,53,56,59,61,132,148,149,150,151,152,154,155,156,157,158,159,167,:
154:1,53,59,149,150,151,152,153,155,156,157,158,159,160,161,162,166,167,325,326,334,:
155:132,151,152,153,154,156,157,158,159,160,161,166,167,322,323,325,326,327,330,331,334,:
156:7,53,56,59,132,134,135,149,150,151,152,153,154,155,157,158,167,170,309,322,:
157:1,53,59,151,153,154,155,156,158,159,160,161,162,163,164,166,167,326,334,340,:
158:1,2,4,5,8,51,53,58,59,150,151,153,154,155,156,157,159,160,162,163,164,165,166,167,:
159:1,153,154,155,157,158,160,161,162,163,164,165,166,167,168,326,334,339,340,:
160:154,155,157,158,159,161,162,163,166,167,168,169,170,171,172,173,326,:
161:154,155,157,159,160,162,166,167,168,169,171,172,173,325,326,:
162:1,51,154,157,158,159,160,161,163,164,165,166,167,172,173,339,340,:
163:1,51,157,158,159,160,162,164,165,339,340,341,350,351,356,357,:
164:1,157,158,159,162,163,165,333,334,335,339,340,341,348,349,350,351,352,356,357,:
165:1,3,50,51,158,159,162,163,164,340,350,351,352,356,357,358,:
166:59,154,155,157,158,159,160,161,162,167,168,169,170,171,172,173,174,175,176,326,:
167:1,8,58,59,60,153,154,155,156,157,158,159,160,161,162,166,168,169,170,171,172,173,174,:
168:59,159,160,161,166,167,169,170,171,172,173,174,175,176,177,:
169:59,160,161,166,167,168,170,171,172,175,176,177,178,179,180,181,182,184,321,322,:
170:8,59,60,156,160,166,167,168,169,171,175,176,177,178,182,184,185,309,320,321,322,:
171:160,161,166,167,168,169,170,172,173,174,175,176,258,:
172:160,161,162,166,167,168,169,171,173,174,:
173:160,161,162,166,167,168,171,172,174,:
174:58,166,167,168,171,172,173,:
175:166,168,169,170,171,176,177,178,179,180,181,182,183,184,185,321,:
176:166,168,169,170,171,175,177,178,179,180,181,182,321,:
177:168,169,170,175,176,178,179,180,181,182,183,184,185,186,306,320,321,:
178:169,170,175,176,177,179,180,181,183,184,185,186,187,189,191,251,252,306,:
179:169,175,176,177,178,180,183,184,185,186,189,191,251,252,253,255,256,257,:
180:169,175,176,177,178,179,181,182,183,184,185,306,320,321,:
181:169,175,176,177,178,180,182,183,313,314,320,321,322,324,:
182:169,170,175,176,177,180,181,183,320,321,322,323,324,:
183:175,177,178,179,180,181,182,184,185,306,321,:
184:169,170,175,177,178,179,180,183,185,186,187,188,189,190,191,252,303,306,:
185:170,175,177,178,179,180,183,184,186,187,188,189,191,302,303,304,305,306,307,309,:
186:177,178,179,184,185,187,188,189,190,191,252,255,303,:
187:178,184,185,186,188,189,190,191,255,302,303,306,:
188:184,185,186,187,189,190,275,287,293,294,302,303,304,305,306,307,:
189:178,179,184,185,186,187,188,190,191,:
190:184,186,187,188,189,191,255,272,275,:
191:8,55,60,178,179,184,185,186,187,189,190,200,:
192:193,194,195,196,197,198,199,201,202,243,246,:
193:192,194,195,196,197,198,199,242,243,245,246,248,:
194:192,193,195,196,197,198,199,200,201,202,203,243,:
195:192,193,194,196,197,198,199,201,202,203,204,205,238,243,:
196:192,193,194,195,197,198,201,202,203,204,232,233,235,236,238,242,243,244,246,248,:
197:192,193,194,195,196,198,199,200,201,202,:
198:192,193,194,195,196,197,199,200,201,202,248,:
199:192,193,194,195,197,198,200,258,:
200:60,191,194,197,198,199,:
201:192,194,195,196,197,198,202,203,204,205,206,207,238,240,:
202:49,192,194,195,196,197,198,201,203,204,205,240,:
203:194,195,196,201,202,204,205,206,207,208,229,236,238,240,241,:
204:49,52,195,196,201,202,203,205,206,207,208,209,210,229,:
205:2,3,4,49,52,54,195,201,202,203,204,206,207,208,:
206:52,66,201,203,204,205,207,208,209,210,211,212,226,228,229,486,:
207:201,203,204,205,206,208,209,210,211,225,226,227,228,229,230,486,:
208:10,16,52,65,66,203,204,205,206,207,209,210,211,212,213,221,226,229,486,:
209:15,16,65,66,204,206,207,208,210,211,212,213,214,215,216,220,221,225,226,229,486,:
210:16,65,66,204,206,207,208,209,211,212,213,214,215,220,221,225,226,229,:
211:15,65,66,206,207,208,209,210,212,213,214,215,216,217,218,220,221,226,486,:
212:10,15,33,62,65,206,208,209,210,211,213,214,216,218,220,221,482,483,486,:
213:65,66,208,209,210,211,212,214,215,216,217,218,219,220,221,222,226,:
214:209,210,211,212,213,215,216,217,218,220,221,222,223,225,226,:
215:209,210,211,213,214,216,217,218,220,221,222,223,226,:
216:33,65,209,211,212,213,214,215,217,218,219,220,221,:
217:211,213,214,215,216,218,219,519,:
218:33,211,212,213,214,215,216,217,219,220,221,475,477,478,479,:
219:83,213,216,217,218,471,:
220:209,210,211,212,213,214,215,216,218,221,222,223,224,225,226,486,500,:
221:208,209,210,211,212,213,214,215,216,218,220,222,223,225,226,480,482,485,486,497,:
222:213,214,215,220,221,223,224,225,226,227,486,494,496,497,499,500,:
223:214,215,220,221,222,224,225,226,227,228,229,486,493,494,495,496,:
224:220,222,223,225,226,227,494,495,496,:
225:207,209,210,214,220,221,222,223,224,226,227,228,229,230,231,486,493,:
226:206,207,208,209,210,211,213,214,215,220,221,222,223,224,225,227,228,229,486,493,:
227:207,222,223,224,225,226,228,229,230,231,232,:
228:206,207,223,225,226,227,229,230,231,232,233,234,235,236,237,493,:
229:203,204,206,207,208,209,210,223,225,226,227,228,230,231,232,233,485,486,491,493,:
230:207,225,227,228,229,231,232,233,234,235,236,237,242,243,:
231:225,227,228,229,230,232,233,234,235,236,237,:
232:196,227,228,229,230,231,233,234,235,236,237,238,242,243,244,:
233:196,228,229,230,231,232,234,235,236,242,243,244,245,246,247,249,:
234:228,230,231,232,233,235,242,243,244,247,249,:
235:196,228,230,231,232,233,234,236,237,238,239,240,242,243,:
236:196,203,228,230,231,232,233,235,237,238,239,240,241,:
237:228,230,231,232,235,236,238,239,240,241,:
238:195,196,201,203,232,235,236,237,239,240,241,:
239:235,236,237,238,240,241,:
240:201,202,203,235,236,237,238,239,241,:
241:203,236,237,238,239,240,:
242:193,196,230,232,233,234,235,243,244,245,246,247,248,249,:
243:192,193,194,195,196,230,232,233,234,235,242,244,245,246,247,248,249,:
244:196,232,233,234,242,243,245,246,247,248,249,250,:
245:193,233,242,243,244,246,247,248,249,:
246:192,193,196,233,242,243,244,245,247,248,:
247:233,234,242,243,244,245,246,248,249,250,:
248:193,196,198,242,243,244,245,246,247,249,250,489,:
249:233,234,242,243,244,245,247,248,250,491,492,493,:
250:244,247,248,249,489,:
251:178,179,252,253,254,255,256,257,259,:
252:178,179,184,186,251,253,254,255,256,257,259,:
253:179,251,252,254,255,256,257,258,259,:
254:251,252,253,255,256,257,:
255:179,186,187,190,251,252,253,254,256,:
256:179,251,252,253,254,255,257,258,259,:
257:179,251,252,253,254,256,258,259,:
258:171,199,253,256,257,259,:
259:251,252,253,256,257,258,:
260:261,262,263,264,265,266,267,268,:
261:260,262,263,264,265,266,267,268,269,:
262:260,261,263,264,265,266,267,268,269,270,271,272,:
263:260,261,262,264,265,267,268,269,270,271,276,282,:
264:260,261,262,263,265,266,267,:
265:260,261,262,263,264,266,:
266:260,261,262,264,265,268,:
267:260,261,262,263,264,268,269,270,271,272,273,274,275,276,:
268:260,261,262,263,266,267,269,270,271,272,275,:
269:261,262,263,267,268,270,271,272,273,274,275,276,277,282,284,:
270:262,263,267,268,269,271,272,273,274,275,276,277,278,280,281,282,283,284,:
271:262,263,267,268,269,270,272,273,274,275,276,277,278,279,282,283,284,:
272:190,262,267,268,269,270,271,273,274,275,276,282,284,287,490,:
273:267,269,270,271,272,274,275,276,282,283,284,286,287,310,488,490,:
274:267,269,270,271,272,273,275,276,277,278,282,283,284,285,286,287,310,:
275:188,190,267,268,269,270,271,272,273,274,284,287,:
276:263,267,269,270,271,272,273,274,277,278,279,280,281,282,283,284,:
277:269,270,271,274,276,278,279,280,281,282,283,284,285,:
278:270,271,274,276,277,279,280,281,282,283,284,285,286,288,289,:
279:271,276,277,278,280,283,284,285,288,289,:
280:28,47,79,80,270,276,277,278,279,281,282,283,284,:
281:28,29,47,79,80,270,276,277,278,280,282,284,480,481,:
282:29,80,263,269,270,271,272,273,274,276,277,278,280,281,283,284,488,:
283:270,271,273,274,276,277,278,279,280,282,284,285,286,287,288,289,290,291,292,:
284:269,270,271,272,273,274,275,276,277,278,279,280,281,282,283,285,286,287,288,289,290,291,:
285:274,277,278,279,283,284,286,287,288,289,290,291,292,293,:
286:273,274,278,283,284,285,287,288,289,290,291,292,293,294,295,296,302,:
287:188,272,273,274,275,283,284,285,286,288,290,291,292,293,294,295,302,303,308,310,:
288:278,279,283,284,285,286,287,289,290,291,292,:
289:78,278,279,283,284,285,286,288,290,:
290:27,283,284,285,286,287,288,289,291,292,295,308,310,:
291:283,284,285,286,287,288,290,292,293,294,295,296,297,298,299,302,303,:
292:283,285,286,287,288,290,291,293,294,295,296,297,298,299,301,:
293:111,188,285,286,287,291,292,294,295,296,297,298,299,301,302,303,304,:
294:110,111,188,286,287,291,292,293,295,296,297,302,303,304,305,307,308,:
295:110,111,112,115,286,287,290,291,292,293,294,296,302,303,304,305,307,308,312,:
296:286,291,292,293,294,295,297,298,299,300,301,302,303,:
297:291,292,293,294,296,298,299,300,301,:
298:291,292,293,296,297,299,300,301,:
299:291,292,293,296,297,298,300,301,:
300:296,297,298,299,301,:
301:292,293,296,297,298,299,300,:
302:111,185,187,188,286,287,291,293,294,295,296,303,304,305,306,307,308,309,311,312,:
303:184,185,186,187,188,287,291,293,294,295,296,302,304,305,306,307,308,311,:
304:111,114,185,188,293,294,295,302,303,305,306,307,308,309,310,311,312,313,:
305:114,185,188,294,295,302,303,304,306,307,308,309,311,312,313,314,315,316,317,319,320,321,:
306:177,178,180,183,184,185,187,188,302,303,304,305,307,309,311,312,313,314,319,320,321,:
307:185,188,294,295,302,303,304,305,306,308,309,310,311,312,:
308:75,287,290,294,295,302,303,304,305,307,309,310,:
309:55,56,133,135,156,170,185,302,304,305,306,307,308,310,311,312,:
310:7,24,25,30,55,56,57,75,81,273,274,287,290,304,307,308,309,:
311:111,113,114,302,303,304,305,306,307,309,312,313,314,315,316,317,318,319,320,321,:
312:110,111,112,113,114,119,129,295,302,304,305,306,307,309,311,313,314,315,316,317,319,:
313:114,181,304,305,306,311,312,314,315,316,317,318,319,320,321,322,:
314:114,129,181,305,306,311,312,313,315,316,317,318,320,321,322,323,324,:
315:114,122,128,129,130,131,132,133,305,311,312,313,314,316,318,320,321,322,323,324,:
316:114,305,311,312,313,314,315,317,318,319,320,321,:
317:114,305,311,312,313,314,316,318,319,:
318:311,313,314,315,316,317,319,320,321,:
319:305,306,311,312,313,316,317,318,:
320:170,177,180,181,182,305,306,311,313,314,315,316,318,321,322,323,324,325,326,:
321:169,170,175,176,177,180,181,182,183,305,306,311,313,314,315,316,318,320,322,323,324,:
322:132,155,156,169,170,181,182,313,314,315,320,321,323,324,325,326,327,:
323:155,182,314,315,320,321,322,324,325,326,327,328,329,330,:
324:181,182,314,315,320,321,322,323,325,326,327,328,329,:
325:154,155,161,320,322,323,324,326,327,328,329,330,331,:
326:132,154,155,157,159,160,161,166,320,322,323,324,325,327,328,330,331,:
327:155,322,323,324,325,326,328,329,330,331,332,:
328:323,324,325,326,327,329,330,331,:
329:323,324,325,327,328,330,:
330:155,323,325,326,327,328,329,331,332,333,334,335,336,337,:
331:141,155,325,326,327,328,330,332,333,334,335,336,337,:
332:141,327,330,331,333,334,335,336,337,338,339,340,:
333:164,330,331,332,334,335,336,337,338,339,340,341,342,344,:
334:141,154,155,157,159,164,330,331,332,333,335,336,337,339,340,341,344,348,:
335:164,330,331,332,333,334,336,337,338,339,340,341,342,343,344,:
336:330,331,332,333,334,335,337,338,339,340,341,342,343,:
337:330,331,332,333,334,335,336,338,339,341,:
338:332,333,335,336,337,339,340,341,342,:
339:159,162,163,164,332,333,334,335,336,337,338,340,341,342,343,348,351,:
340:157,159,162,163,164,165,332,333,334,335,336,338,339,341,348,350,351,:
341:163,164,333,334,335,336,337,338,339,340,343,:
342:333,335,336,338,339,343,344,345,346,347,348,:
343:335,336,339,341,342,344,345,346,347,348,:
344:333,334,335,342,343,345,346,347,348,349,:
345:342,343,344,346,347,348,:
346:342,343,344,345,347,:
347:342,343,344,345,346,348,349,350,367,:
348:164,334,339,340,342,343,344,345,347,349,350,351,352,:
349:164,344,347,348,350,351,352,353,354,355,356,357,:
350:163,164,165,340,347,348,349,351,352,353,354,355,356,357,358,:
351:163,164,165,339,340,348,349,350,352,353,354,356,357,358,:
352:50,68,164,165,348,349,350,351,353,354,355,356,357,358,:
353:68,349,350,351,352,354,355,356,357,358,536,:
354:68,349,350,351,352,353,355,356,358,536,:
355:18,68,349,350,352,353,354,356,357,358,536,:
356:3,18,50,51,68,163,164,165,349,350,351,352,353,354,355,357,358,:
357:1,3,50,51,68,163,164,165,349,350,351,352,353,355,356,358,:
358:3,18,50,51,67,68,165,350,351,352,353,354,355,356,357,:
359:360,361,362,363,364,365,368,369,540,541,558,:
360:359,361,362,363,364,365,539,540,541,548,550,558,:
361:359,360,362,363,364,365,366,367,368,369,370,541,558,:
362:359,360,361,363,364,365,368,369,370,371,372,373,377,378,557,558,:
363:359,360,361,362,364,368,369,370,371,377,378,382,550,551,557,558,559,560,561,562,563,:
364:359,360,361,362,363,365,366,367,368,369,541,:
365:359,360,361,362,364,366,367,535,:
366:64,69,148,150,361,364,365,367,:
367:347,361,364,365,366,:
368:359,361,362,363,364,369,370,371,372,373,374,376,377,378,558,:
369:359,361,362,363,364,368,370,371,372,373,374,376,:
370:361,362,363,368,369,371,372,373,374,375,376,377,378,379,:
371:143,144,362,363,368,369,370,372,373,374,377,378,379,380,382,387,561,:
372:142,143,144,362,368,369,370,371,373,377,378,379,380,382,386,387,:
373:362,368,369,370,371,372,374,375,376,377,378,:
374:368,369,370,371,373,375,376,:
375:370,373,374,376,:
376:368,369,370,373,374,375,:
377:143,144,362,363,368,370,371,372,373,378,379,380,381,382,383,386,387,561,:
378:362,363,368,370,371,372,373,377,379,380,381,382,386,558,559,560,561,562,:
379:143,144,147,370,371,372,377,378,380,381,382,383,384,385,386,387,388,396,401,561,:
380:143,144,371,372,377,378,379,381,382,383,384,386,387,388,389,391,395,396,400,401,561,:
381:377,378,379,380,382,383,384,386,387,388,389,390,395,396,400,401,402,404,405,561,568,572,:
382:144,363,371,372,377,378,379,380,381,383,384,385,386,387,396,401,555,561,:
383:20,22,70,71,73,136,146,147,148,377,379,380,381,382,384,385,386,395,396,400,401,405,:
384:21,22,70,73,134,136,144,146,147,148,379,380,381,382,383,385,386,387,389,395,396,397,398,400,401,:
385:20,21,22,64,70,71,73,82,148,379,382,383,384,400,401,405,555,:
386:138,143,144,147,372,377,378,379,380,381,382,383,384,387,388,389,390,391,392,393,394,395,396,401,:
387:137,138,139,142,143,144,145,146,147,371,372,377,379,380,381,382,384,386,388,389,391,392,393,394,395,396,:
388:138,379,380,381,386,387,389,390,391,392,393,394,395,396,397,401,:
389:380,381,384,386,387,388,390,391,392,393,394,395,396,397,398,400,401,:
390:381,386,388,389,391,392,393,395,396,397,398,400,401,577,578,580,:
391:123,138,143,380,386,387,388,389,390,392,393,394,395,396,:
392:122,123,128,130,131,137,138,139,142,143,145,386,387,388,389,390,391,393,394,395,396,:
393:122,123,128,130,131,137,138,143,386,387,388,389,390,391,392,394,395,396,397,:
394:138,143,145,386,387,388,389,391,392,393,:
395:73,136,138,147,380,381,383,384,386,387,388,389,390,391,392,393,396,397,398,399,400,401,:
396:22,73,130,134,136,137,138,146,147,379,380,381,382,383,384,386,387,388,389,390,391,392,393,395,397,398,400,401,:
397:22,73,76,118,134,136,384,388,389,390,393,395,396,398,399,400,401,402,:
398:22,73,76,77,82,384,389,390,395,396,397,399,400,401,402,403,405,:
399:22,23,24,26,31,36,37,38,73,76,77,82,118,395,397,398,400,401,402,403,405,407,:
400:22,73,82,380,381,383,384,385,389,390,395,396,397,398,399,401,402,403,404,405,406,407,:
401:379,380,381,382,383,384,385,386,388,389,390,395,396,397,398,399,400,402,403,404,405,:
402:36,37,38,82,381,397,398,399,400,401,403,404,405,406,407,408,416,:
403:38,398,399,400,401,402,404,405,406,407,408,409,410,411,415,416,571,572,580,:
404:381,400,401,402,403,405,406,407,408,409,410,415,416,568,569,571,572,573,576,577,580,:
405:36,82,381,383,385,398,399,400,401,402,403,404,406,407,416,419,555,568,:
406:36,37,38,400,402,403,404,405,407,408,409,410,411,412,413,415,416,572,580,:
407:36,37,38,39,86,399,400,402,403,404,405,406,408,409,411,412,413,414,415,416,:
408:38,402,403,404,406,407,409,410,411,412,413,414,415,416,417,572,580,585,586,:
409:403,404,406,407,408,410,411,412,415,416,417,418,419,420,421,422,571,572,:
410:403,404,406,408,409,411,415,416,417,418,420,421,422,571,572,:
411:38,86,403,406,407,408,409,410,412,413,414,415,416,421,422,423,585,586,:
412:38,41,86,101,102,103,107,108,109,406,407,408,409,411,413,414,585,586,587,:
413:38,86,99,100,101,102,103,104,105,107,108,406,407,408,411,412,414,579,580,581,585,586,587,:
414:38,41,42,86,87,101,102,103,104,106,107,108,109,407,408,411,412,413,586,:
415:403,404,406,407,408,409,410,411,416,417,418,419,420,421,422,423,424,425,572,:
416:38,402,403,404,405,406,407,408,409,410,411,415,417,418,419,420,421,422,423,:
417:408,409,410,415,416,418,419,420,421,422,423,424,425,426,:
418:409,410,415,416,417,419,420,421,424,425,426,427,428,429,430,431,433,567,568,:
419:405,409,415,416,417,418,420,424,425,426,427,431,433,434,440,555,566,567,568,:
420:409,410,415,416,417,418,419,421,422,423,424,425,:
421:409,410,411,415,416,417,418,420,422,423,:
422:409,410,411,415,416,417,420,421,423,:
423:411,415,416,417,420,421,422,453,:
424:415,417,418,419,420,425,426,427,428,429,430,431,432,433,434,567,:
425:415,417,418,419,420,424,426,427,428,429,430,431,567,:
426:417,418,419,424,425,427,428,429,430,431,432,433,434,435,552,566,567,:
427:418,419,424,425,426,428,429,430,432,433,434,435,436,438,440,552,:
428:418,424,425,426,427,429,432,433,434,435,438,440,:
429:418,424,425,426,427,428,430,431,432,433,434,552,566,567,:
430:418,424,425,426,427,429,431,432,559,560,566,567,568,570,:
431:418,419,424,425,426,429,430,432,566,567,568,569,570,:
432:424,426,427,428,429,430,431,433,434,552,565,567,:
433:418,419,424,426,427,428,429,432,434,435,436,437,438,439,440,549,552,:
434:419,424,426,427,428,429,432,433,435,436,437,438,440,548,549,550,551,552,553,555,:
435:426,427,428,433,434,436,437,438,439,440,549,552,:
436:427,433,434,435,437,438,439,440,548,549,552,:
437:433,434,435,436,438,439,521,533,539,540,548,549,550,551,552,553,:
438:427,428,433,434,435,436,437,439,440,:
439:433,435,436,437,438,440,471,:
440:419,427,428,433,434,435,436,438,439,471,:
441:442,443,444,445,446,447,454,455,:
442:441,443,444,445,446,454,:
443:441,442,444,445,446,447,448,454,455,456,:
444:441,442,443,445,446,447,454,455,456,457,459,460,:
445:441,442,443,444,446,454,455,456,457,459,460,464,:
446:441,442,443,444,445,447,448,449,454,455,:
447:441,443,444,446,448,449,450,451,452,454,455,:
448:443,446,447,449,450,451,452,453,:
449:446,447,448,450,451,452,453,470,:
450:447,448,449,451,452,453,:
451:447,448,449,450,452,453,:
452:447,448,449,450,451,453,:
453:423,448,449,450,451,452,470,:
454:441,442,443,444,445,446,447,455,456,457,458,459,460,463,464,:
455:441,443,444,445,446,447,454,456,457,458,459,460,463,:
456:443,444,445,454,455,457,458,459,460,463,464,465,:
457:444,445,454,455,456,458,459,460,463,464,465,466,467,468,470,509,:
458:454,455,456,457,459,463,464,465,466,468,470,509,:
459:444,445,454,455,456,457,458,460,461,462,463,464,:
460:444,445,454,455,456,457,459,461,462,:
461:459,460,462,:
462:459,460,461,:
463:454,455,456,457,458,459,464,465,466,467,468,469,470,472,473,509,:
464:445,454,456,457,458,459,463,465,466,467,468,469,470,:
465:456,457,458,463,464,466,467,468,469,470,471,472,473,474,509,:
466:457,458,463,464,465,467,468,469,470,472,473,474,475,476,507,509,511,:
467:457,463,464,465,466,468,469,472,473,474,475,503,504,506,507,509,:
468:457,458,463,464,465,466,467,469,470,471,472,473,:
469:463,464,465,466,467,468,470,471,:
470:449,453,457,458,463,464,465,466,468,469,471,:
471:219,439,440,465,468,469,470,:
472:463,465,466,467,468,473,474,475,476,477,478,507,509,511,:
473:84,463,465,466,467,468,472,474,475,476,509,511,:
474:465,466,467,472,473,475,476,477,478,479,500,503,507,508,509,511,512,:
475:35,44,47,84,85,89,218,466,467,472,473,474,476,477,478,479,480,481,500,:
476:35,39,40,44,45,47,84,85,89,466,472,473,474,475,477,478,479,:
477:85,89,218,472,474,475,476,478,479,480,481,482,483,497,500,:
478:218,472,474,475,476,477,479,480,481,482,496,497,498,499,500,501,:
479:29,33,80,84,85,89,218,474,475,476,477,478,480,481,482,483,484,500,:
480:29,80,221,281,475,477,478,479,481,482,483,484,485,486,487,491,492,497,500,:
481:80,281,475,477,478,479,480,482,483,484,485,486,491,492,496,497,498,500,:
482:29,30,80,81,212,221,477,478,479,480,481,483,484,485,486,487,488,489,491,492,497,:
483:29,30,33,74,80,81,212,477,479,480,481,482,484,485,486,487,488,:
484:80,479,480,481,482,483,485,486,487,488,489,490,491,492,493,497,:
485:221,229,480,481,482,483,484,486,487,488,489,491,492,493,494,496,497,:
486:206,207,208,209,211,212,220,221,222,223,225,226,229,480,481,482,483,484,485,487,489,491,492,493,494,496,497,:
487:480,482,483,484,485,486,488,489,490,491,492,:
488:80,81,273,282,482,483,484,485,487,489,490,:
489:248,250,482,484,485,486,487,488,490,491,492,:
490:6,7,54,55,57,272,273,484,487,488,489,:
491:229,249,480,481,482,484,485,486,487,489,492,493,494,495,496,497,:
492:249,480,481,482,484,485,486,487,489,491,493,494,495,496,497,:
493:223,225,226,228,229,249,484,485,486,491,492,494,495,496,497,498,:
494:222,223,224,485,486,491,492,493,495,496,497,498,499,500,:
495:223,224,491,492,493,494,496,497,498,:
496:222,223,224,478,481,485,486,491,492,493,494,495,497,498,499,500,501,502,:
497:221,222,477,478,480,481,482,484,485,486,491,492,493,494,495,496,498,499,500,:
498:478,481,493,494,495,496,497,499,500,501,502,503,:
499:222,478,494,496,497,498,500,501,502,503,504,505,506,507,508,:
500:220,222,474,475,477,478,479,480,481,494,496,497,498,499,501,502,503,504,:
501:478,496,498,499,500,502,503,504,505,506,507,508,:
502:496,498,499,500,501,503,504,505,506,507,508,:
503:467,474,498,499,500,501,502,504,505,506,507,508,509,:
504:467,499,500,501,502,503,505,506,507,:
505:499,501,502,503,504,506,:
506:467,499,501,502,503,504,505,507,508,509,510,511,:
507:466,467,472,474,499,501,502,503,504,506,508,509,510,511,512,:
508:474,499,501,502,503,506,507,509,510,511,512,:
509:457,458,463,465,466,467,472,473,474,503,506,507,508,510,511,512,:
510:506,507,508,509,511,512,:
511:466,472,473,474,506,507,508,509,510,512,:
512:474,507,508,509,510,511,:
513:514,515,516,517,518,519,520,521,522,:
514:513,515,516,517,518,521,:
515:513,514,516,517,518,519,520,521,522,523,528,530,:
516:513,514,515,517,518,519,520,521,522,523,524,526,527,528,529,530,:
517:513,514,515,516,518,519,520,521,522,523,524,525,528,529,530,:
518:513,514,515,516,517,519,520,521,522,528,530,533,:
519:217,513,515,516,517,518,520,521,522,528,529,530,532,533,556,:
520:513,515,516,517,518,519,521,522,523,524,528,529,530,531,532,533,:
521:437,513,514,515,516,517,518,519,520,530,533,:
522:513,515,516,517,518,519,520,523,524,525,526,527,528,529,530,:
523:515,516,517,520,522,524,525,526,527,528,529,530,531,:
524:516,517,520,522,523,525,526,527,528,529,530,531,532,534,536,:
525:517,522,523,524,526,529,530,531,534,536,:
526:66,516,522,523,524,525,527,528,529,530,:
527:16,66,516,522,523,524,526,528,530,:
528:66,515,516,517,518,519,520,522,523,524,526,527,529,530,:
529:516,517,519,520,522,523,524,525,526,528,530,531,532,533,534,535,536,537,538,:
530:515,516,517,518,519,520,521,522,523,524,525,526,527,528,529,531,532,533,534,536,537,:
531:520,523,524,525,529,530,532,533,534,535,536,537,538,539,:
532:519,520,524,529,530,531,533,534,535,536,537,538,539,540,541,542,548,:
533:437,518,519,520,521,529,530,531,532,534,535,537,538,539,540,541,548,549,554,556,:
534:524,525,529,530,531,532,533,535,536,537,538,:
535:365,529,531,532,533,534,536,537,538,541,:
536:353,354,355,524,525,529,530,531,532,534,535,:
537:529,530,531,532,533,534,535,538,539,540,541,542,543,544,545,547,548,549,:
538:529,531,532,533,534,535,537,539,540,541,542,543,544,545,547,:
539:360,437,531,532,533,537,538,540,541,542,543,544,545,547,548,549,550,:
540:359,360,437,532,533,537,538,539,541,542,543,548,549,550,551,553,554,:
541:359,360,361,364,532,533,535,537,538,539,540,542,548,549,550,551,553,554,558,:
542:532,537,538,539,540,541,543,544,545,546,547,548,549,:
543:537,538,539,540,542,544,545,546,547,:
544:537,538,539,542,543,545,546,547,:
545:537,538,539,542,543,544,546,547,:
546:542,543,544,545,547,:
547:537,538,539,542,543,544,545,546,:
548:360,434,436,437,532,533,537,539,540,541,542,549,550,551,552,553,554,555,557,558,:
549:433,434,435,436,437,533,537,539,540,541,542,548,550,551,552,553,554,557,:
550:360,363,434,437,539,540,541,548,549,551,552,553,554,555,556,557,558,559,:
551:363,434,437,540,541,548,549,550,552,553,554,555,557,558,559,560,561,562,563,566,567,:
552:426,427,429,432,433,434,435,436,437,548,549,550,551,553,555,557,558,559,560,566,567,:
553:434,437,540,541,548,549,550,551,552,554,555,556,557,558,:
554:63,64,533,540,541,548,549,550,551,553,555,556,:
555:382,385,405,419,434,548,550,551,552,553,554,556,557,558,:
556:13,63,64,71,519,533,550,553,554,555,:
557:362,363,548,549,550,551,552,553,555,558,559,560,561,562,563,564,565,566,567,:
558:359,360,361,362,363,368,378,541,548,550,551,552,553,555,557,559,560,561,562,563,565,:
559:363,378,430,550,551,552,557,558,560,561,562,563,564,565,566,567,568,:
560:363,378,430,551,552,557,558,559,561,562,563,564,566,567,568,569,570,:
561:363,371,377,378,379,380,381,382,551,557,558,559,560,562,564,566,567,568,569,570,:
562:363,378,551,557,558,559,560,561,563,564,565,566,567,:
563:363,551,557,558,559,560,562,564,565,:
564:557,559,560,561,562,563,565,566,567,570,:
565:432,557,558,559,562,563,564,:
566:419,426,429,430,431,551,552,557,559,560,561,562,564,567,568,569,570,571,572,:
567:418,419,424,425,426,429,430,431,432,551,552,557,559,560,561,562,564,566,568,569,570,:
568:381,404,405,418,419,430,431,559,560,561,566,567,569,570,571,572,573,:
569:404,431,560,561,566,567,568,570,571,572,573,574,576,:
570:430,431,560,561,564,566,567,568,569,571,572,573,574,575,:
571:403,404,409,410,566,568,569,570,572,573,574,575,576,577,:
572:381,403,404,406,408,409,410,415,566,568,569,570,571,573,574,576,577,:
573:404,568,569,570,571,572,574,575,576,577,578,:
574:569,570,571,572,573,575,576,577,:
575:570,571,573,574,576,:
576:404,569,571,572,573,574,575,577,578,579,580,581,582,583,:
577:390,404,571,572,573,574,576,578,579,580,581,582,583,:
578:390,573,576,577,579,580,581,582,583,584,585,586,:
579:93,95,99,413,576,577,578,580,581,582,583,584,585,586,587,:
580:95,99,390,403,404,406,408,413,576,577,578,579,581,582,583,585,586,587,:
581:93,94,95,99,413,576,577,578,579,580,582,583,584,585,586,587,:
582:93,94,576,577,578,579,580,581,583,584,585,586,587,:
583:93,576,577,578,579,580,581,582,584,585,587,:
584:93,94,578,579,581,582,583,585,586,587,:
585:93,94,99,102,408,411,412,413,578,579,580,581,582,583,584,586,587,:
586:99,100,101,102,408,411,412,413,414,578,579,580,581,582,584,585,587,:
587:94,99,102,412,413,579,580,581,582,583,584,585,586,:
