1:2,3,4,5,6,7,8,9,14,16,35,138,140,141,335,:
2:1,3,4,5,6,7,8,16,17,36,37,141,290,334,335,:
3:1,2,4,5,6,7,8,9,15,16,17,18,19,36,37,334,335,376,380,:
4:1,2,3,5,6,9,10,14,15,16,17,32,35,36,37,335,380,:
5:1,2,3,4,6,9,10,11,13,14,15,16,32,35,335,380,:
6:1,2,3,4,5,7,8,16,17,36,141,287,288,290,291,334,372,373,374,:
7:1,2,3,6,8,141,142,286,287,288,290,291,334,374,:
8:1,2,3,6,7,16,17,36,286,287,288,289,290,291,320,372,373,374,414,415,416,:
9:1,3,4,5,10,11,12,13,14,15,21,32,33,34,35,:
10:4,5,9,11,12,13,14,15,21,22,32,33,35,38,44,514,516,:
11:5,9,10,12,13,14,21,22,23,27,32,33,34,35,38,39,44,45,:
12:9,10,11,13,14,21,22,27,32,33,34,35,38,39,44,:
13:5,9,10,11,12,14,21,33,34,35,44,176,:
14:1,4,5,9,10,11,12,13,32,33,34,35,136,176,:
15:3,4,5,9,10,16,17,32,37,392,394,395,396,510,511,512,516,:
16:1,2,3,4,5,6,8,15,17,18,19,20,36,37,376,415,:
17:2,3,4,6,8,15,16,18,19,20,36,37,324,325,332,334,409,415,:
18:3,16,17,19,20,36,37,324,325,397,400,401,406,408,409,415,536,:
19:3,16,17,18,20,36,37,325,366,396,397,398,400,401,402,405,406,407,408,409,410,414,415,536,:
20:16,17,18,19,36,37,318,324,325,326,337,400,401,406,408,409,535,536,537,:
21:9,10,11,12,13,22,23,24,26,27,32,33,38,39,40,41,44,45,514,515,516,:
22:10,11,12,21,23,24,25,26,27,28,29,30,31,32,33,38,39,40,41,42,43,44,45,49,51,55,56,514,515,516,:
23:11,21,22,24,25,26,27,28,29,31,38,39,40,41,42,43,44,45,46,47,48,49,50,51,55,514,515,:
24:21,22,23,25,26,27,28,29,30,31,39,40,41,42,43,45,46,47,48,49,50,51,54,55,57,:
25:22,23,24,26,27,28,29,30,31,39,40,41,42,43,44,45,46,47,48,49,50,51,52,53,54,55,56,57,:
26:21,22,23,24,25,27,28,29,30,31,39,40,41,42,43,44,45,49,50,52,53,54,55,56,57,:
27:11,12,21,22,23,24,25,26,29,30,31,33,38,39,40,41,42,43,44,45,49,52,53,54,55,56,57,515,516,:
28:22,23,24,25,26,29,40,41,42,43,46,47,48,49,50,51,91,92,94,95,96,:
29:22,23,24,25,26,27,28,31,39,40,41,42,43,46,47,48,49,50,51,55,57,:
30:22,24,25,26,27,31,42,43,44,45,52,53,54,55,56,57,479,480,484,:
31:22,23,24,25,26,27,29,30,33,39,42,43,44,45,49,50,52,53,54,55,56,57,164,:
32:4,5,9,10,11,12,14,15,21,22,38,511,512,513,514,515,516,:
33:9,10,11,12,13,14,21,22,27,31,34,38,39,44,49,55,56,165,:
34:9,11,12,13,14,33,35,134,161,165,176,:
35:1,4,5,9,10,11,12,13,14,34,134,135,136,137,138,140,176,:
36:2,3,4,6,8,16,17,18,19,20,37,317,318,320,324,325,326,330,331,332,334,335,409,415,:
37:2,3,4,15,16,17,18,19,20,36,324,325,326,330,331,332,333,334,335,511,:
38:10,11,12,21,22,23,27,32,33,39,40,41,44,45,100,512,513,514,515,516,:
39:11,12,21,22,23,24,25,26,27,29,31,33,38,40,41,42,43,44,45,49,50,51,55,56,57,:
40:21,22,23,24,25,26,27,28,29,38,39,41,42,43,44,45,46,47,48,49,51,94,98,99,100,514,515,516,:
41:21,22,23,24,25,26,27,28,29,38,39,40,42,45,46,47,48,49,50,51,55,97,100,515,:
42:22,23,24,25,26,27,28,29,30,31,39,40,41,43,44,45,46,47,48,49,50,52,53,54,55,57,:
43:22,23,24,25,26,27,28,29,30,31,39,40,42,45,46,47,48,49,50,51,52,53,54,55,56,57,:
44:10,11,12,13,21,22,23,25,26,27,30,31,33,38,39,40,42,45,52,53,54,55,56,57,176,394,:
45:11,21,22,23,24,25,26,27,30,31,38,39,40,41,42,43,44,52,53,54,55,56,394,514,515,516,:
46:23,24,25,28,29,40,41,42,43,47,48,49,50,51,91,92,94,95,96,97,98,:
47:23,24,25,28,29,40,41,42,43,46,48,49,50,51,:
48:23,24,25,28,29,40,41,42,43,46,47,50,51,90,91,92,93,94,95,96,98,99,:
49:22,23,24,25,26,27,28,29,31,33,39,40,41,42,43,46,47,50,51,55,56,57,:
50:23,24,25,26,28,29,31,39,41,42,43,46,47,48,49,51,55,57,:
51:22,23,24,25,28,29,39,40,41,43,46,47,48,49,50,55,:
52:25,26,27,30,31,42,43,44,45,53,54,55,56,57,478,479,480,:
53:25,26,27,30,31,42,43,44,45,52,54,55,56,57,164,478,479,480,:
54:24,25,26,27,30,31,42,43,44,45,52,53,56,57,476,482,483,484,:
55:22,23,24,25,26,27,29,30,31,33,39,41,42,43,44,45,49,50,51,52,53,56,57,164,165,:
56:22,25,26,27,30,31,33,39,43,44,45,49,52,53,54,55,57,162,163,164,165,:
57:24,25,26,27,29,30,31,39,42,43,44,49,50,52,53,54,55,56,164,:
58:59,60,61,62,63,64,72,73,:
59:58,60,61,63,72,73,:
60:58,59,61,62,63,64,65,66,72,73,74,:
61:58,59,60,62,63,64,65,66,72,73,74,75,76,77,85,:
62:58,60,61,63,64,65,66,72,73,74,75,76,84,85,90,:
63:58,59,60,61,62,64,65,66,67,68,72,73,:
64:58,60,61,62,63,65,66,67,68,69,72,73,:
65:60,61,62,63,64,66,67,68,69,70,71,521,:
66:60,61,62,63,64,65,67,68,69,70,83,520,:
67:63,64,65,66,68,69,70,71,93,454,455,500,521,:
68:63,64,65,66,67,69,70,71,83,91,92,93,94,98,99,508,509,519,520,:
69:64,65,66,67,68,70,71,92,93,94,98,99,455,500,508,509,517,:
70:65,66,67,68,69,71,92,93,94,98,99,453,454,455,499,500,505,507,508,509,517,:
71:65,67,68,69,70,92,93,98,99,453,454,455,499,500,505,507,508,509,517,:
72:58,59,60,61,62,63,64,73,74,75,76,77,78,79,85,:
73:58,59,60,61,62,63,64,72,74,75,77,78,:
74:60,61,62,72,73,75,76,77,78,79,80,81,83,85,:
75:61,62,72,73,74,76,77,78,84,85,102,:
76:61,62,72,74,75,77,84,85,86,87,89,101,102,103,106,:
77:61,72,73,74,75,76,78,79,80,81,83,:
78:72,73,74,75,77,79,80,81,82,83,:
79:72,74,77,78,80,81,82,83,96,:
80:74,77,78,79,81,82,83,96,:
81:74,77,78,79,80,82,83,91,95,96,:
82:78,79,80,81,83,91,92,94,95,96,97,:
83:66,68,74,77,78,79,80,81,82,95,96,:
84:62,75,76,85,86,87,88,89,90,101,102,:
85:61,62,72,74,75,76,84,86,87,89,90,101,102,:
86:76,84,85,87,88,89,90,91,101,102,103,452,:
87:76,84,85,86,88,89,90,101,102,103,104,105,106,:
88:84,86,87,89,101,102,103,104,105,:
89:76,84,85,86,87,88,90,91,92,101,102,:
90:48,62,84,85,86,87,89,91,92,93,94,96,452,455,:
91:28,46,48,68,81,82,86,89,90,92,93,94,95,96,97,98,99,:
92:28,46,48,68,69,70,71,82,89,90,91,93,94,95,96,97,98,99,100,455,:
93:48,67,68,69,70,71,90,91,92,94,95,96,98,99,100,452,453,455,509,:
94:28,40,46,48,68,69,70,82,90,91,92,93,95,96,97,98,99,100,509,515,:
95:28,46,48,81,82,83,91,92,93,94,96,97,98,99,100,:
96:28,46,48,79,80,81,82,83,90,91,92,93,94,95,97,98,100,:
97:41,46,82,91,92,94,95,96,98,99,100,:
98:40,46,48,68,69,70,71,91,92,93,94,95,96,97,99,100,509,512,513,514,515,516,:
99:40,48,68,69,70,71,91,92,93,94,95,97,98,100,507,508,509,512,513,514,515,516,:
100:38,40,41,92,93,94,95,96,97,98,99,509,512,513,514,515,:
101:76,84,85,86,87,88,89,102,103,104,105,106,107,:
102:75,76,84,85,86,87,88,89,101,103,104,106,:
103:76,86,87,88,101,102,104,105,106,107,108,109,:
104:87,88,101,102,103,105,106,107,108,:
105:87,88,101,103,104,106,107,108,110,:
106:76,87,101,102,103,104,105,107,108,109,110,111,:
107:101,103,104,105,106,108,109,110,111,:
108:103,104,105,106,107,109,110,111,:
109:103,106,107,108,110,111,:
110:105,106,107,108,109,111,:
111:106,107,108,109,110,:
112:113,114,115,116,117,118,129,130,:
113:112,114,115,117,129,130,:
114:112,113,115,116,117,118,119,129,130,131,:
115:112,113,114,116,117,118,129,130,131,132,134,135,137,:
116:112,114,115,117,118,129,130,131,132,134,135,136,:
117:112,113,114,115,116,118,119,120,121,129,130,137,:
118:112,114,115,116,117,119,120,121,122,123,124,129,137,139,140,142,:
119:114,117,118,120,121,122,123,124,125,126,127,139,142,201,283,371,373,:
120:117,118,119,121,122,123,124,125,126,127,128,200,201,283,:
121:117,118,119,120,122,123,124,126,127,128,197,198,199,200,201,283,371,:
122:118,119,120,121,123,124,125,126,127,128,201,282,283,:
123:118,119,120,121,122,124,125,126,127,128,274,281,282,283,:
124:118,119,120,121,122,123,125,126,128,142,274,281,282,283,:
125:119,120,122,123,124,126,127,128,273,274,281,282,283,:
126:119,120,121,122,123,124,125,127,128,200,201,282,283,:
127:119,120,121,122,123,125,126,128,199,200,201,:
128:120,121,122,123,124,125,126,127,201,:
129:112,113,114,115,116,117,118,130,131,132,133,134,135,136,137,143,144,:
130:112,113,114,115,116,117,129,131,132,133,134,135,137,143,:
131:114,115,116,129,130,132,133,134,135,136,137,143,144,145,161,170,:
132:115,116,129,130,131,133,134,135,143,144,145,146,147,148,160,161,169,170,:
133:129,130,131,132,134,143,144,145,146,147,160,161,169,170,172,173,:
134:34,35,115,116,129,130,131,132,133,135,136,137,138,139,143,144,161,170,:
135:35,115,116,129,130,131,132,134,136,137,138,139,140,:
136:14,35,116,129,131,134,135,137,138,139,140,141,:
137:35,115,117,118,129,130,131,134,135,136,138,139,140,141,142,377,380,:
138:1,35,134,135,136,137,139,140,141,142,:
139:118,119,134,135,136,137,138,140,141,142,370,371,373,374,375,377,380,:
140:1,35,118,135,136,137,138,139,141,142,373,374,:
141:1,2,6,7,136,137,138,139,140,142,286,372,373,374,:
142:7,118,119,124,137,138,139,140,141,286,372,373,374,:
143:129,130,131,132,133,134,144,145,146,147,148,149,160,161,170,:
144:129,131,132,133,134,143,145,146,148,160,161,:
145:131,132,133,143,144,146,147,148,149,150,152,160,161,162,170,:
146:132,133,143,144,145,147,148,149,152,160,161,162,163,165,166,167,169,170,:
147:132,133,143,145,146,148,149,160,161,162,163,167,169,170,:
148:132,143,144,145,146,147,149,150,151,152,160,161,:
149:143,145,146,147,148,150,151,152,153,160,167,:
150:145,148,149,151,152,153,154,155,156,157,158,167,:
151:148,149,150,152,153,154,155,156,157,158,159,166,167,168,:
152:145,146,148,149,150,151,153,154,155,157,158,159,160,161,166,167,168,:
153:149,150,151,152,154,155,156,157,158,159,167,:
154:150,151,152,153,155,156,157,158,159,:
155:150,151,152,153,154,156,157,159,:
156:150,151,153,154,155,157,158,159,:
157:150,151,152,153,154,155,156,158,159,167,168,:
158:150,151,152,153,154,156,157,159,166,167,168,:
159:151,152,153,154,155,156,157,158,:
160:132,133,143,144,145,146,147,148,149,152,161,162,163,164,165,166,167,168,169,170,:
161:34,131,132,133,134,143,144,145,146,147,148,152,160,162,163,165,166,167,168,169,170,:
162:56,145,146,147,160,161,163,164,165,166,167,168,169,170,171,:
163:56,146,147,160,161,162,164,165,166,169,170,171,172,174,176,177,178,:
164:31,53,55,56,57,160,162,163,165,169,170,171,172,174,176,177,178,480,:
165:33,34,55,56,146,160,161,162,163,164,166,167,168,169,170,:
166:146,151,152,158,160,161,162,163,165,167,168,:
167:146,147,149,150,151,152,153,157,158,160,161,162,165,166,168,:
168:151,152,157,158,160,161,162,165,166,167,:
169:132,133,146,147,160,161,162,163,164,165,170,171,172,173,174,175,176,177,178,:
170:131,132,133,134,143,145,146,147,160,161,162,163,164,165,169,171,172,173,174,176,177,:
171:162,163,164,169,170,172,173,174,175,176,177,178,179,:
172:133,163,164,169,170,171,173,174,175,176,177,178,179,180,182,183,184,:
173:133,169,170,171,172,174,175,177,178,179,182,183,184,:
174:163,164,169,170,171,172,173,175,176,177,178,:
175:169,171,172,173,174,176,177,178,379,393,394,470,471,:
176:13,14,34,35,44,163,164,169,170,171,172,174,175,394,:
177:163,164,169,170,171,172,173,174,175,178,179,180,181,182,183,184,480,481,:
178:163,164,169,171,172,173,174,175,177,179,180,181,182,183,184,479,480,481,:
179:171,172,173,177,178,180,181,182,183,184,:
180:172,177,178,179,181,182,183,481,:
181:177,178,179,180,182,185,186,474,479,480,481,:
182:172,173,177,178,179,180,181,183,184,:
183:172,173,177,178,179,180,182,184,:
184:172,173,177,178,179,182,183,:
185:181,186,187,188,189,190,191,192,193,:
186:181,185,187,188,189,190,191,192,193,:
187:185,186,188,189,190,191,192,193,:
188:185,186,187,189,190,191,:
189:185,186,187,188,190,:
190:185,186,187,188,189,191,192,193,194,195,:
191:185,186,187,188,190,192,193,194,195,196,:
192:185,186,187,190,191,193,194,195,196,:
193:185,186,187,190,191,192,194,195,196,456,:
194:190,191,192,193,195,196,:
195:190,191,192,193,194,196,443,456,457,458,459,473,474,:
196:191,192,193,194,195,443,473,474,475,478,:
197:121,198,199,200,201,364,370,371,:
198:121,197,199,200,201,363,364,367,369,370,371,375,:
199:121,127,197,198,200,201,356,364,371,:
200:120,121,126,127,197,198,199,201,:
201:119,120,121,122,126,127,128,197,198,199,200,:
202:203,204,205,206,207,208,210,211,212,221,353,:
203:202,204,205,207,208,211,212,219,221,350,352,353,360,362,:
204:202,203,205,206,207,208,209,210,211,212,213,221,:
205:202,203,204,206,207,208,211,212,213,214,215,216,221,:
206:202,204,205,207,211,212,213,214,216,296,297,407,410,411,412,413,:
207:202,203,204,205,206,208,209,210,211,212,:
208:202,203,204,205,207,209,210,:
209:204,207,208,210,403,404,417,419,:
210:202,204,207,208,209,:
211:202,203,204,205,206,207,212,213,214,215,216,217,219,220,221,222,223,:
212:202,203,204,205,206,207,211,213,214,215,216,217,218,219,220,221,353,:
213:204,205,206,211,212,214,215,216,217,218,219,221,222,223,224,248,411,412,413,:
214:205,206,211,212,213,215,216,217,218,219,221,222,223,224,225,226,227,248,:
215:205,211,212,213,214,216,217,218,219,220,221,222,223,224,225,:
216:205,206,211,212,213,214,215,217,218,219,220,221,222,223,226,248,362,410,411,413,414,416,:
217:211,212,213,214,215,216,218,219,220,221,222,223,226,362,363,364,:
218:212,213,214,215,216,217,219,220,221,222,223,224,225,226,:
219:203,211,212,213,214,215,216,217,218,220,221,353,356,358,362,363,364,:
220:211,212,215,216,217,218,219,221,353,355,356,358,359,362,363,364,:
221:202,203,204,205,211,212,213,214,215,216,217,218,219,220,352,353,356,358,360,362,363,364,365,367,:
222:211,213,214,215,216,217,218,223,224,225,226,227,228,246,248,:
223:211,213,214,215,216,217,218,222,224,225,226,227,228,231,245,246,247,248,411,413,:
224:213,214,215,218,222,223,225,226,227,228,229,:
225:214,215,218,222,223,224,226,227,228,:
226:214,216,217,218,222,223,224,225,227,245,246,248,280,284,:
227:214,222,223,224,225,226,228,229,230,231,232,:
228:222,223,224,225,227,229,230,231,232,234,:
229:224,227,228,230,231,232,233,234,235,236,237,:
230:227,228,229,231,232,233,234,235,236,237,238,:
231:223,227,228,229,230,232,233,234,236,237,238,248,:
232:227,228,229,230,231,233,234,235,236,237,238,:
233:229,230,231,232,234,235,236,237,238,:
234:228,229,230,231,232,233,235,236,238,:
235:229,230,232,233,234,236,237,238,:
236:229,230,231,232,233,234,235,237,238,:
237:229,230,231,232,233,235,236,238,245,:
238:230,231,232,233,234,235,236,237,250,:
239:240,241,242,243,244,245,249,250,263,265,266,:
240:239,241,242,243,244,245,249,262,263,264,265,266,268,269,280,285,:
241:239,240,242,243,244,245,246,249,250,251,263,266,:
242:239,240,241,243,244,245,249,250,251,252,253,254,255,262,263,266,269,:
243:239,240,241,242,244,249,250,251,252,253,254,262,263,264,265,266,267,268,269,287,:
244:239,240,241,242,243,245,246,247,248,249,250,285,288,289,291,:
245:223,226,237,239,240,241,242,244,246,247,248,285,289,413,:
246:222,223,226,241,244,245,247,248,288,289,410,411,413,414,416,:
247:223,244,245,246,248,285,288,289,290,291,320,410,411,413,414,415,416,:
248:213,214,216,222,223,226,231,244,245,246,247,316,410,411,412,413,414,416,:
249:239,240,241,242,243,244,250,251,252,253,254,255,263,:
250:238,239,241,242,243,244,249,251,252,254,255,:
251:241,242,243,249,250,252,253,254,255,256,263,:
252:242,243,249,250,251,253,254,255,262,263,269,:
253:242,243,249,251,252,254,262,263,267,269,:
254:242,243,249,250,251,252,253,255,256,257,:
255:242,249,250,251,252,254,256,257,258,259,260,261,322,:
256:251,254,255,257,258,259,260,261,321,322,323,:
257:254,255,256,258,259,260,261,321,322,323,:
258:255,256,257,259,260,261,321,322,323,:
259:255,256,257,258,260,261,322,:
260:255,256,257,258,259,261,316,319,320,321,322,323,:
261:255,256,257,258,259,260,322,:
262:240,242,243,252,253,263,264,265,266,267,268,269,270,271,:
263:239,240,241,242,243,249,251,252,253,262,264,265,266,267,268,269,:
264:240,243,262,263,265,266,267,268,269,270,271,272,:
265:239,240,243,262,263,264,266,267,268,269,270,271,272,273,275,279,280,:
266:239,240,241,242,243,262,263,264,265,267,268,269,270,271,272,273,279,280,285,:
267:243,253,262,263,264,265,266,268,269,270,271,:
268:240,243,262,263,264,265,266,267,269,270,271,286,287,:
269:240,242,243,252,253,262,263,264,265,266,267,268,270,285,286,287,:
270:262,264,265,266,267,268,269,271,272,273,274,275,276,278,279,280,:
271:262,264,265,266,267,268,270,272,273,274,275,276,:
272:264,265,266,270,271,273,274,275,276,277,278,279,280,281,:
273:125,265,266,270,271,272,274,275,276,279,280,281,282,284,285,:
274:123,124,125,270,271,272,273,275,279,280,281,282,:
275:265,270,271,272,273,274,276,277,278,279,280,:
276:270,271,272,273,275,277,278,:
277:272,275,276,278,:
278:270,272,275,276,277,:
279:265,266,270,272,273,274,275,280,281,282,283,284,285,286,:
280:226,240,265,266,270,272,273,274,275,279,281,282,284,285,:
281:123,124,125,272,273,274,279,280,282,283,284,285,286,373,374,:
282:122,123,124,125,126,273,274,279,280,281,283,284,285,:
283:119,120,121,122,123,124,125,126,279,281,282,284,369,372,373,374,:
284:226,273,279,280,281,282,283,285,286,287,289,372,373,374,:
285:240,244,245,247,266,269,273,279,280,281,282,284,286,287,288,289,290,291,374,:
286:7,8,141,142,268,269,279,281,284,285,287,288,289,290,291,373,374,:
287:6,7,8,243,268,269,284,285,286,288,289,290,291,374,:
288:6,7,8,244,246,247,285,286,287,289,290,291,320,321,323,374,416,:
289:8,244,245,246,247,284,285,286,287,288,290,291,320,321,322,416,:
290:2,6,7,8,247,285,286,287,288,289,291,320,321,374,414,415,416,:
291:6,7,8,244,247,285,286,287,288,289,290,320,321,322,323,:
292:293,294,295,296,297,298,308,314,:
293:292,294,295,296,297,308,:
294:292,293,295,296,297,298,299,300,308,309,314,:
295:292,293,294,296,297,298,299,308,309,310,311,312,313,314,315,316,412,:
296:206,292,293,294,295,297,298,299,308,309,310,311,314,315,316,407,410,411,412,413,:
297:206,292,293,294,295,296,298,299,300,301,303,304,308,412,:
298:292,294,295,296,297,299,300,301,302,303,304,305,306,308,407,:
299:294,295,296,297,298,300,301,302,303,304,305,308,311,314,339,340,343,344,406,407,:
300:294,297,298,299,301,302,303,304,305,306,307,:
301:297,298,299,300,302,303,304,305,307,339,340,341,343,344,406,407,537,:
302:298,299,300,301,303,305,311,337,339,340,341,343,344,406,535,537,:
303:297,298,299,300,301,302,304,305,306,307,406,:
304:297,298,299,300,301,303,305,306,307,:
305:298,299,300,301,302,303,304,306,307,435,438,:
306:298,300,303,304,305,307,:
307:300,301,303,304,305,306,404,435,438,:
308:292,293,294,295,296,297,298,299,309,310,311,312,313,314,315,316,:
309:294,295,296,308,310,311,312,313,314,315,316,317,:
310:295,296,308,309,311,312,313,314,315,316,317,318,319,320,324,336,337,411,412,:
311:295,296,299,302,308,309,310,312,314,315,316,317,318,319,324,325,327,336,337,338,339,340,407,412,:
312:295,308,309,310,311,313,314,315,316,:
313:295,308,309,310,312,314,:
314:292,294,295,296,299,308,309,310,311,312,313,345,:
315:295,296,308,309,310,311,312,316,317,318,319,320,321,322,324,325,337,410,411,412,413,:
316:248,260,295,296,308,309,310,311,312,315,317,318,319,320,321,322,323,411,412,413,:
317:36,309,310,311,315,316,318,319,320,321,322,323,324,325,326,337,408,410,411,412,413,414,:
318:20,36,310,311,315,316,317,319,320,321,322,323,324,325,326,327,329,330,332,336,337,:
319:260,310,311,315,316,317,318,320,321,322,323,324,325,326,327,328,329,330,332,336,337,:
320:8,36,247,260,288,289,290,291,310,315,316,317,318,319,321,322,323,324,325,410,413,414,416,:
321:256,257,258,260,288,289,290,291,315,316,317,318,319,320,322,323,:
322:255,256,257,258,259,260,261,289,291,315,316,317,318,319,320,321,323,:
323:256,257,258,260,288,291,316,317,318,319,320,321,322,332,334,:
324:17,18,20,36,37,310,311,315,317,318,319,320,325,326,327,328,329,330,332,336,337,536,:
325:17,18,19,20,36,37,311,315,317,318,319,320,324,326,327,329,330,332,336,337,408,409,535,536,537,:
326:20,36,37,317,318,319,324,325,327,328,329,330,331,332,336,337,338,536,537,:
327:311,318,319,324,325,326,328,329,330,336,337,338,339,340,535,537,:
328:319,324,326,327,329,336,337,338,339,524,525,:
329:318,319,324,325,326,327,328,330,331,332,333,334,336,337,:
330:36,37,318,319,324,325,326,327,329,331,332,333,334,335,:
331:36,37,326,329,330,332,333,334,335,:
332:17,36,37,318,319,323,324,325,326,329,330,331,333,334,335,:
333:37,329,330,331,332,334,335,513,:
334:2,3,6,7,17,36,37,323,329,330,331,332,333,335,:
335:1,2,3,4,5,36,37,330,331,332,333,334,:
336:310,311,318,319,324,325,326,327,328,329,337,338,339,340,341,342,535,537,:
337:20,302,310,311,315,317,318,319,324,325,326,327,328,329,336,338,339,340,535,536,537,:
338:311,326,327,328,336,337,339,340,341,342,343,537,:
339:299,301,302,311,327,328,336,337,338,340,341,342,343,344,345,346,347,537,:
340:299,301,302,311,327,336,337,338,339,341,342,343,344,346,347,532,533,535,536,537,:
341:301,302,336,338,339,340,342,343,344,345,346,347,348,:
342:336,338,339,340,341,343,344,345,346,347,348,:
343:299,301,302,338,339,340,341,342,344,345,346,347,348,:
344:299,301,302,339,340,341,342,343,345,346,347,348,:
345:314,339,341,342,343,344,346,348,:
346:339,340,341,342,343,344,345,347,348,:
347:339,340,341,342,343,344,346,348,526,528,:
348:341,342,343,344,345,346,347,:
349:350,351,352,353,354,355,357,360,361,423,:
350:203,349,351,352,353,354,355,357,360,:
351:349,350,352,353,354,355,356,357,360,361,362,423,424,:
352:203,221,349,350,351,353,354,355,356,357,358,360,361,362,363,364,365,423,424,:
353:202,203,212,219,220,221,349,350,351,352,354,355,356,357,358,359,360,361,362,363,364,365,424,:
354:349,350,351,352,353,355,356,357,358,359,360,361,:
355:220,349,350,351,352,353,354,356,357,358,359,360,364,:
356:199,219,220,221,351,352,353,354,355,357,358,359,360,362,363,364,:
357:349,350,351,352,353,354,355,356,358,359,:
358:219,220,221,352,353,354,355,356,357,359,364,:
359:220,353,354,355,356,357,358,:
360:203,221,349,350,351,352,353,354,355,356,361,362,363,364,365,366,367,368,382,423,424,:
361:349,351,352,353,354,360,362,363,364,365,366,367,368,381,382,383,418,422,423,424,:
362:203,216,217,219,220,221,351,352,353,356,360,361,363,364,365,366,367,368,369,382,424,:
363:198,217,219,220,221,352,353,356,360,361,362,364,365,366,367,368,369,370,371,372,375,376,382,:
364:197,198,199,217,219,220,221,352,353,355,356,358,360,361,362,363,365,367,368,369,370,371,:
365:221,352,353,360,361,362,363,364,366,367,368,382,408,409,414,415,418,424,:
366:19,360,361,362,363,365,367,368,376,381,382,383,387,396,400,401,405,409,417,418,423,424,:
367:198,221,360,361,362,363,364,365,366,368,369,370,371,372,373,375,376,382,415,:
368:360,361,362,363,364,365,366,367,369,370,372,375,376,382,409,414,415,416,:
369:198,283,362,363,364,367,368,370,371,372,373,374,375,376,377,382,:
370:139,197,198,363,364,367,368,369,371,372,373,374,375,376,377,378,380,381,382,:
371:119,121,139,197,198,199,363,364,367,369,370,372,373,375,376,377,378,381,382,:
372:6,8,141,142,283,284,363,367,368,369,370,371,373,374,375,376,415,:
373:6,8,119,139,140,141,142,281,283,284,286,367,369,370,371,372,374,375,376,:
374:6,7,8,139,140,141,142,281,283,284,285,286,287,288,290,369,370,372,373,:
375:139,198,363,367,368,369,370,371,372,373,376,377,378,379,380,381,382,:
376:3,16,363,366,367,368,369,370,371,372,373,375,377,378,380,381,382,387,:
377:137,139,369,370,371,375,376,378,379,380,381,382,383,387,:
378:370,371,375,376,377,379,380,381,382,383,384,386,387,471,:
379:175,375,377,378,380,381,382,383,384,385,386,387,465,470,471,472,:
380:3,4,5,137,139,370,375,376,377,378,379,381,382,387,:
381:361,366,370,371,375,376,377,378,379,380,382,383,384,385,386,387,471,:
382:360,361,362,363,365,366,367,368,369,370,371,375,376,377,378,379,380,381,383,384,386,387,424,:
383:361,366,377,378,379,381,382,384,385,386,387,388,423,424,465,471,:
384:378,379,381,382,383,385,386,387,388,389,391,393,396,422,464,465,471,:
385:379,381,383,384,386,387,388,391,393,422,463,464,465,466,471,:
386:378,379,381,382,383,384,385,387,388,389,390,391,392,393,395,396,426,465,:
387:366,376,377,378,379,380,381,382,383,384,385,386,388,389,390,391,392,393,395,396,397,418,:
388:383,384,385,386,387,389,390,391,392,393,394,395,396,397,426,465,495,497,:
389:384,386,387,388,390,391,392,393,395,396,397,398,399,400,418,425,426,486,496,497,:
390:386,387,388,389,391,392,395,396,397,398,399,425,426,427,431,486,489,490,495,496,497,498,:
391:384,385,386,387,388,389,390,392,393,394,395,396,465,477,485,486,:
392:15,386,387,388,389,390,391,393,394,395,396,486,:
393:175,384,385,386,387,388,389,391,392,394,464,465,471,477,:
394:15,44,45,175,176,388,391,392,393,486,516,:
395:15,386,387,388,389,390,391,392,396,397,398,399,400,401,418,426,497,:
396:15,19,366,384,386,387,388,389,390,391,392,395,397,398,400,401,418,:
397:18,19,387,388,389,390,395,396,398,399,400,401,402,418,426,497,505,506,510,534,536,:
398:19,389,390,395,396,397,399,400,401,402,403,404,405,417,418,425,426,431,437,497,506,534,536,:
399:389,390,395,397,398,400,401,402,403,404,417,418,425,426,427,428,430,431,432,435,436,437,496,497,498,506,534,:
400:18,19,20,366,389,395,396,397,398,399,401,402,403,404,405,406,409,417,418,426,431,437,536,:
401:18,19,20,366,395,396,397,398,399,400,402,403,405,406,407,408,409,417,418,536,:
402:19,397,398,399,400,401,403,404,405,406,407,417,418,419,426,431,437,536,:
403:209,398,399,400,401,402,404,405,406,417,418,419,420,421,422,424,425,426,430,431,:
404:209,307,398,399,400,402,403,405,417,418,419,420,421,425,426,430,431,432,433,435,437,:
405:19,366,398,400,401,402,403,404,406,407,408,409,417,418,:
406:18,19,20,299,301,302,303,400,401,402,403,405,407,408,409,410,412,535,536,537,:
407:19,206,296,298,299,301,311,401,402,405,406,408,409,410,411,412,413,414,415,:
408:18,19,20,317,325,365,401,405,406,407,409,410,411,412,413,414,415,416,:
409:17,18,19,20,36,325,365,366,368,400,401,405,406,407,408,410,411,412,414,415,416,:
410:19,206,216,246,247,248,296,315,317,320,406,407,408,409,411,412,413,414,415,416,:
411:206,213,216,223,246,247,248,296,310,315,316,317,407,408,409,410,412,413,414,415,416,:
412:206,213,248,295,296,297,310,311,315,316,317,406,407,408,409,410,411,413,414,416,:
413:206,213,216,223,245,246,247,248,296,315,316,317,320,407,408,410,411,412,414,415,416,:
414:8,19,216,246,247,248,290,317,320,365,368,407,408,409,410,411,412,413,415,416,:
415:8,16,17,18,19,36,247,290,365,367,368,372,407,408,409,410,411,413,414,416,:
416:8,216,246,247,248,288,289,290,320,368,408,409,410,411,412,413,414,415,:
417:209,366,398,399,400,401,402,403,404,405,418,419,420,421,422,423,424,425,426,431,:
418:361,365,366,387,389,395,396,397,398,399,400,401,402,403,404,405,417,419,420,422,423,424,425,426,:
419:209,402,403,404,417,418,420,421,422,423,424,425,426,427,431,:
420:403,404,417,418,419,421,422,423,425,426,427,428,429,430,431,:
421:403,404,417,419,420,422,425,426,427,428,429,430,431,:
422:361,384,385,403,417,418,419,420,421,423,424,425,426,:
423:349,351,352,360,361,366,383,417,418,419,420,422,424,:
424:351,352,353,360,361,362,365,366,382,383,403,417,418,419,422,423,:
425:389,390,398,399,403,404,417,418,419,420,421,422,426,427,428,429,430,431,:
426:386,388,389,390,395,397,398,399,400,402,403,404,417,418,419,420,421,422,425,427,428,430,431,497,:
427:390,399,419,420,421,425,426,428,429,430,431,432,497,:
428:399,420,421,425,426,427,429,430,431,432,433,434,435,437,502,:
429:420,421,425,427,428,430,431,432,433,434,:
430:399,403,404,420,421,425,426,427,428,429,431,432,433,434,435,436,437,438,502,:
431:390,398,399,400,402,403,404,417,419,420,421,425,426,427,428,429,430,432,433,435,436,437,502,:
432:399,404,427,428,429,430,431,433,434,435,436,437,438,502,:
433:404,428,429,430,431,432,434,435,436,438,:
434:428,429,430,432,433,435,438,:
435:305,307,399,404,428,430,431,432,433,434,436,437,438,:
436:399,430,431,432,433,435,437,438,502,531,533,534,:
437:398,399,400,402,404,428,430,431,432,435,436,438,498,502,506,531,533,534,:
438:305,307,430,432,433,434,435,436,437,530,:
439:440,441,442,443,444,445,:
440:439,441,442,444,445,:
441:439,440,442,443,444,445,446,457,460,:
442:439,440,441,443,444,445,456,457,460,:
443:195,196,439,441,442,444,456,457,459,460,:
444:439,440,441,442,443,445,446,447,:
445:439,440,441,442,444,446,447,448,449,451,483,487,488,492,:
446:441,444,445,447,448,449,450,451,452,453,454,483,488,:
447:444,445,446,448,449,450,451,452,453,454,455,483,487,488,489,490,491,:
448:445,446,447,449,450,451,453,454,455,487,488,489,490,491,492,:
449:445,446,447,448,450,451,452,453,454,455,483,484,485,487,488,491,:
450:446,447,448,449,451,452,453,454,455,482,483,484,488,:
451:445,446,447,448,449,450,452,453,455,483,488,:
452:86,90,93,446,447,449,450,451,453,454,455,483,484,:
453:70,71,93,446,447,448,449,450,451,452,454,455,484,485,486,487,488,490,491,500,:
454:67,70,71,446,447,448,449,450,452,453,455,485,486,487,488,489,490,491,496,498,499,500,501,:
455:67,69,70,71,90,92,93,447,448,449,450,451,452,453,454,484,485,486,487,491,500,:
456:193,195,442,443,457,458,459,460,461,462,473,474,:
457:195,441,442,443,456,458,459,460,461,473,:
458:195,456,457,459,460,461,462,463,473,474,475,:
459:195,443,456,457,458,460,461,462,473,474,475,476,477,478,:
460:441,442,443,456,457,458,459,461,462,473,474,475,476,477,482,483,488,493,:
461:456,457,458,459,460,462,463,464,468,473,474,:
462:456,458,459,460,461,463,464,465,466,467,468,473,474,477,:
463:385,458,461,462,464,465,466,467,468,469,470,471,:
464:384,385,393,461,462,463,465,466,467,468,469,470,471,472,:
465:379,383,384,385,386,388,391,393,462,463,464,466,467,468,470,471,472,:
466:385,462,463,464,465,467,468,469,470,471,472,:
467:462,463,464,465,466,468,469,470,471,472,:
468:461,462,463,464,465,466,467,469,470,472,:
469:463,464,466,467,468,470,471,472,:
470:175,379,463,464,465,466,467,468,469,471,472,:
471:175,378,379,381,383,384,385,393,463,464,465,466,467,469,470,472,:
472:379,464,465,466,467,468,469,470,471,:
473:195,196,456,457,458,459,460,461,462,474,475,476,477,478,479,482,483,:
474:181,195,196,456,458,459,460,461,462,473,475,476,477,478,479,:
475:196,458,459,460,473,474,476,477,478,479,482,483,484,:
476:54,459,460,473,474,475,477,478,479,482,483,484,485,487,488,:
477:391,393,459,460,462,473,474,475,476,478,479,482,483,484,485,486,487,488,:
478:52,53,196,459,473,474,475,476,477,479,480,481,482,483,:
479:30,52,53,178,181,473,474,475,476,477,478,480,481,482,:
480:30,52,53,164,177,178,181,478,479,481,:
481:177,178,180,181,478,479,480,:
482:54,450,460,473,475,476,477,478,479,483,484,485,486,487,488,:
483:54,445,446,447,449,450,451,452,460,473,475,476,477,478,482,484,485,487,488,:
484:30,54,449,450,452,453,455,475,476,477,482,483,485,486,487,488,489,:
485:391,449,453,454,455,476,477,482,483,484,486,487,488,489,490,491,492,496,497,:
486:389,390,391,392,394,453,454,455,477,482,484,485,487,488,489,490,491,496,497,498,499,500,516,:
487:445,447,448,449,453,454,455,476,477,482,483,484,485,486,488,489,490,491,492,493,495,496,497,:
488:445,446,447,448,449,450,451,453,454,460,476,477,482,483,484,485,486,487,489,490,491,492,493,495,:
489:390,447,448,454,484,485,486,487,488,490,491,492,493,494,495,496,497,498,:
490:390,447,448,453,454,485,486,487,488,489,491,492,493,496,497,498,499,500,501,502,:
491:447,448,449,453,454,455,485,486,487,488,489,490,492,496,497,498,499,500,501,502,503,:
492:445,448,485,487,488,489,490,491,493,494,495,496,497,:
493:460,487,488,489,490,492,494,495,:
494:489,492,493,495,:
495:388,390,487,488,489,492,493,494,:
496:389,390,399,454,485,486,487,489,490,491,492,497,498,499,500,501,502,503,505,506,:
497:388,389,390,395,397,398,399,426,427,485,486,487,489,490,491,492,496,498,499,500,501,502,505,506,:
498:390,399,437,454,486,489,490,491,496,497,499,500,501,502,503,504,505,506,507,534,:
499:70,71,454,486,490,491,496,497,498,500,501,502,503,505,506,507,508,510,517,518,534,:
500:67,69,70,71,453,454,455,486,490,491,496,497,498,499,501,503,505,506,507,508,509,517,518,:
501:454,490,491,496,497,498,499,500,502,503,504,505,506,:
502:428,430,431,432,436,437,490,491,496,497,498,499,501,503,504,:
503:491,496,498,499,500,501,502,504,505,506,518,521,531,:
504:498,501,502,503,:
505:70,71,397,496,497,498,499,500,501,503,506,507,508,509,510,511,517,518,533,534,:
506:397,398,399,437,496,497,498,499,500,501,503,505,507,508,510,511,517,518,531,532,533,534,535,536,:
507:70,71,99,498,499,500,505,506,508,509,510,511,512,513,514,516,517,518,519,534,:
508:68,69,70,71,99,499,500,505,506,507,509,510,511,512,513,517,518,519,520,521,522,525,534,:
509:68,69,70,71,93,94,98,99,100,500,505,507,508,510,511,512,513,514,515,517,518,519,520,522,525,:
510:15,397,499,505,506,507,508,509,511,512,513,514,516,517,518,525,534,:
511:15,32,37,505,506,507,508,509,510,512,513,514,515,516,:
512:15,32,38,98,99,100,507,508,509,510,511,513,514,515,516,:
513:32,38,98,99,100,333,507,508,509,510,511,512,514,515,516,:
514:10,21,22,23,32,38,40,45,98,99,100,507,509,510,511,512,513,515,516,:
515:21,22,23,27,32,38,40,41,45,94,98,99,100,509,511,512,513,514,516,:
516:10,15,21,22,27,32,38,40,45,98,99,394,486,507,510,511,512,513,514,515,:
517:69,70,71,499,500,505,506,507,508,509,510,518,519,520,521,522,523,524,525,534,:
518:499,500,503,505,506,507,508,509,510,517,519,520,521,522,523,524,525,527,531,532,533,534,:
519:68,507,508,509,517,518,520,521,522,523,524,525,527,:
520:66,68,508,509,517,518,519,521,522,523,524,525,526,527,:
521:65,67,503,508,517,518,519,520,522,523,526,527,528,531,:
522:508,509,517,518,519,520,521,523,524,525,527,:
523:517,518,519,520,521,522,524,525,526,527,528,531,532,533,534,:
524:328,517,518,519,520,522,523,525,526,527,531,532,533,:
525:328,508,509,510,517,518,519,520,522,523,524,:
526:347,520,521,523,524,527,528,529,530,531,532,:
527:518,519,520,521,522,523,524,526,528,529,531,532,:
528:347,521,523,526,527,529,530,531,532,533,:
529:526,527,528,530,531,532,:
530:438,526,528,529,531,:
531:436,437,503,506,518,521,523,524,526,527,528,529,530,532,533,534,535,537,:
532:340,506,518,523,524,526,527,528,529,531,533,534,535,536,537,:
533:340,436,437,505,506,518,523,524,528,531,532,534,535,536,537,:
534:397,398,399,436,437,498,499,505,506,507,508,510,517,518,523,531,532,533,535,536,537,:
535:20,302,325,327,336,337,340,406,506,531,532,533,534,536,537,:
536:18,19,20,324,325,326,337,340,397,398,400,401,402,406,506,532,533,534,535,537,:
537:20,301,302,325,326,327,336,337,338,339,340,406,531,532,533,534,535,536,:
