1:2,3,4,11,12,13,21,24,25,32,35,42,46,394,522,:
2:1,3,4,5,12,13,21,22,23,24,25,35,41,42,45,46,394,522,:
3:1,2,4,5,6,11,12,13,21,22,23,24,25,26,35,41,42,44,45,46,:
4:1,2,3,5,6,7,8,9,10,11,12,13,14,21,22,25,26,27,28,32,34,35,36,41,42,:
5:2,3,4,6,7,8,11,12,13,14,15,20,21,22,26,27,28,29,34,36,41,42,:
6:3,4,5,7,8,9,10,11,12,14,15,16,19,20,22,26,27,28,29,34,36,40,:
7:4,5,6,8,9,10,11,12,13,14,15,20,26,27,28,29,30,31,32,33,34,36,40,92,131,:
8:4,5,6,7,9,10,11,12,14,15,20,26,27,28,29,30,31,32,33,34,36,40,131,200,:
9:4,6,7,8,10,11,12,27,28,29,30,31,32,33,34,200,201,534,:
10:4,6,7,8,9,11,12,13,27,28,29,30,31,32,33,34,35,105,533,534,:
11:1,3,4,5,6,7,8,9,10,12,13,14,26,27,28,29,30,31,32,33,34,35,105,:
12:1,2,3,4,5,6,7,8,9,10,11,13,21,24,25,26,27,28,30,32,33,34,35,:
13:1,2,3,4,5,7,10,11,12,24,25,32,33,34,35,46,533,:
14:4,5,6,7,8,11,15,16,17,19,20,26,27,28,29,36,37,39,40,:
15:5,6,7,8,14,16,17,18,19,20,26,27,28,29,36,37,39,40,:
16:6,14,15,17,18,19,20,36,37,38,39,40,233,234,235,:
17:14,15,16,18,19,20,36,37,38,39,40,166,295,:
18:15,16,17,19,20,37,38,39,165,166,167,234,292,293,294,295,:
19:6,14,15,16,17,18,20,27,36,37,38,39,40,125,166,329,:
20:5,6,7,8,14,15,16,17,18,19,26,27,29,36,37,38,39,40,92,:
21:1,2,3,4,5,12,22,23,25,41,42,43,44,45,247,420,:
22:2,3,4,5,6,21,23,25,26,36,41,42,43,44,45,420,:
23:2,3,21,22,25,41,42,43,44,45,392,418,420,459,:
24:1,2,3,12,13,25,35,46,394,518,519,520,521,522,524,526,527,528,533,:
25:1,2,3,4,12,13,21,22,23,24,41,42,45,46,394,520,521,522,:
26:3,4,5,6,7,8,11,12,14,15,20,22,27,28,34,36,40,93,94,95,:
27:4,5,6,7,8,9,10,11,12,14,15,19,20,26,28,29,30,31,32,33,34,40,91,92,93,97,99,127,131,:
28:4,5,6,7,8,9,10,11,12,14,15,26,27,29,30,31,32,36,209,:
29:5,6,7,8,9,10,11,14,15,20,27,28,30,31,33,40,131,200,237,:
30:7,8,9,10,11,12,27,28,29,31,32,33,200,201,534,:
31:7,8,9,10,11,27,28,29,30,32,33,131,200,201,:
32:1,4,7,8,9,10,11,12,13,27,28,30,31,33,34,35,105,532,533,534,:
33:7,8,9,10,11,12,13,27,29,30,31,32,34,35,99,102,105,:
34:4,5,6,7,8,9,10,11,12,13,26,27,32,33,35,91,92,93,97,98,99,105,:
35:1,2,3,4,10,11,12,13,24,32,33,34,46,72,533,:
36:4,5,6,7,8,14,15,16,17,19,20,22,26,28,37,41,209,:
37:14,15,16,17,18,19,20,36,38,232,233,234,235,239,240,241,267,270,:
38:16,17,18,19,20,37,39,165,166,167,289,292,293,294,295,:
39:14,15,16,17,18,19,20,38,40,122,123,125,165,166,295,:
40:6,7,8,14,15,16,17,19,20,26,27,29,39,90,91,92,93,126,127,131,:
41:2,3,4,5,21,22,23,25,36,42,44,45,247,420,:
42:1,2,3,4,5,21,22,23,25,41,43,44,45,247,418,419,420,:
43:21,22,23,42,44,45,333,392,430,432,459,:
44:3,21,22,23,41,42,43,45,392,416,418,419,420,459,:
45:2,3,21,22,23,25,41,42,43,44,392,393,394,420,:
46:1,2,3,13,24,25,35,394,517,518,519,520,521,522,523,524,525,526,527,528,:
47:48,49,50,51,52,53,55,:
48:47,49,50,51,52,53,55,:
49:47,48,50,51,52,53,54,55,:
50:47,48,49,51,52,53,:
51:47,48,49,50,52,124,336,339,:
52:47,48,49,50,51,53,54,55,154,:
53:47,48,49,50,52,54,55,:
54:49,52,53,55,144,145,146,153,158,160,164,:
55:47,48,49,52,53,54,:
56:57,58,59,60,61,62,65,66,75,80,:
57:56,58,59,61,65,66,75,:
58:56,57,59,60,61,62,65,66,67,75,80,:
59:56,57,58,60,61,62,65,66,67,68,69,70,74,75,79,80,89,:
60:56,58,59,61,62,65,66,67,68,69,74,75,79,80,81,82,84,88,89,90,93,94,95,:
61:56,57,58,59,60,62,63,65,66,:
62:56,58,59,60,61,63,64,65,66,370,:
63:61,62,64,370,:
64:62,63,356,:
65:56,57,58,59,60,61,62,66,67,68,69,70,71,74,75,80,89,:
66:56,57,58,59,60,61,62,65,67,68,70,74,75,:
67:58,59,60,65,66,68,69,70,71,72,73,74,75,76,80,89,:
68:59,60,65,66,67,69,70,71,72,74,75,76,77,79,80,89,98,103,104,:
69:59,60,65,67,68,70,71,72,74,75,76,77,78,79,80,88,89,97,98,99,102,103,104,105,:
70:59,65,66,67,68,69,71,72,73,74,75,:
71:65,67,68,69,70,72,73,:
72:35,67,68,69,70,71,73,394,:
73:67,70,71,72,368,369,370,394,565,:
74:59,60,65,66,67,68,69,70,75,76,77,78,79,80,89,98,104,:
75:56,57,58,59,60,65,66,67,68,69,70,74,76,77,79,80,:
76:67,68,69,74,75,77,78,79,80,81,98,103,104,107,:
77:68,69,74,75,76,78,79,80,81,82,83,84,88,89,97,98,103,104,106,107,:
78:69,74,76,77,79,80,81,82,83,88,89,97,98,100,103,104,106,107,108,111,:
79:59,60,68,69,74,75,76,77,78,80,81,82,83,84,85,87,88,89,98,104,107,:
80:56,58,59,60,65,67,68,69,74,75,76,77,78,79,81,82,84,85,87,88,89,:
81:60,76,77,78,79,80,82,83,84,85,86,87,88,89,90,98,107,:
82:60,77,78,79,80,81,83,84,85,88,89,90,91,92,93,97,98,106,107,118,:
83:77,78,79,81,82,84,88,89,90,91,92,97,98,106,107,108,109,111,117,118,119,122,:
84:60,77,79,80,81,82,83,85,86,87,88,89,:
85:79,80,81,82,84,86,87,:
86:81,84,85,87,:
87:79,80,81,84,85,86,:
88:60,69,77,78,79,80,81,82,83,84,89,90,91,92,93,94,96,97,98,107,118,:
89:59,60,65,67,68,69,74,77,78,79,80,81,82,83,84,88,90,91,93,94,96,97,98,:
90:40,60,81,82,83,88,89,91,92,93,94,95,96,97,98,99,107,118,:
91:27,34,40,82,83,88,89,90,92,93,94,97,98,99,100,101,102,104,106,107,117,118,127,:
92:7,20,27,34,40,82,83,88,90,91,93,97,98,99,100,101,106,107,117,118,119,120,122,126,127,128,131,:
93:26,27,34,40,60,82,88,89,90,91,92,94,95,96,97,98,:
94:26,60,88,89,90,91,93,95,96,:
95:26,60,90,93,94,96,:
96:88,89,90,93,94,95,328,329,331,:
97:27,34,69,77,78,82,83,88,89,90,91,92,93,98,99,100,101,102,103,104,105,106,107,118,127,:
98:34,68,69,74,76,77,78,79,81,82,83,88,89,90,91,92,93,97,99,100,102,103,104,105,106,107,:
99:27,33,34,69,90,91,92,97,98,100,101,102,103,104,105,106,107,108,118,127,:
100:78,91,92,97,98,99,101,102,103,104,105,106,107,108,109,110,111,117,118,126,127,133,140,:
101:91,92,97,99,100,102,103,106,107,108,109,110,117,118,120,126,127,128,129,131,132,133,134,137,138,139,140,:
102:33,69,91,97,98,99,100,101,103,104,105,106,107,:
103:68,69,76,77,78,97,98,99,100,101,102,104,105,106,107,:
104:68,69,74,76,77,78,79,91,97,98,99,100,102,103,105,106,107,:
105:10,11,32,33,34,69,97,98,99,100,102,103,104,:
106:77,78,82,83,91,92,97,98,99,100,101,102,103,104,107,108,109,110,111,112,117,118,127,133,:
107:76,77,78,79,81,82,83,88,90,91,92,97,98,99,100,101,102,103,104,106,108,109,111,117,118,:
108:78,83,99,100,101,106,107,109,110,111,112,113,114,116,117,118,119,127,133,:
109:83,100,101,106,107,108,110,111,112,113,114,117,118,119,120,121,122,126,127,132,133,142,150,156,:
110:100,101,106,108,109,111,112,113,114,117,118,119,120,121,126,127,132,133,134,137,141,142,146,147,149,150,156,:
111:78,83,100,106,107,108,109,110,112,113,114,115,116,117,118,150,156,:
112:106,108,109,110,111,113,114,115,116,117,118,149,150,156,:
113:108,109,110,111,112,114,115,116,117,118,149,150,151,155,156,157,:
114:108,109,110,111,112,113,115,116,150,:
115:111,112,113,114,116,149,150,:
116:108,111,112,113,114,115,:
117:83,91,92,100,101,106,107,108,109,110,111,112,113,118,119,120,121,122,123,126,127,133,142,156,:
118:82,83,88,90,91,92,97,99,100,101,106,107,108,109,110,111,112,113,117,119,120,122,126,127,156,:
119:83,92,108,109,110,117,118,120,121,122,123,124,125,126,127,128,142,155,156,:
120:92,101,109,110,117,118,119,121,122,123,124,126,127,128,129,130,131,132,133,141,142,159,:
121:109,110,117,119,120,122,123,124,126,127,128,129,130,132,133,141,142,143,144,146,158,159,160,163,164,166,:
122:39,83,92,109,117,118,119,120,121,123,124,125,126,127,:
123:39,117,119,120,121,122,124,125,126,127,166,:
124:51,119,120,121,122,123,125,157,:
125:19,39,119,122,123,124,166,325,326,327,:
126:40,92,100,101,109,110,117,118,119,120,121,122,123,127,128,129,130,131,132,133,142,159,:
127:27,40,91,92,97,99,100,101,106,108,109,110,117,118,119,120,121,122,123,126,128,129,131,132,133,:
128:92,101,119,120,121,126,127,129,130,131,132,133,134,142,159,:
129:101,120,121,126,127,128,130,131,132,133,134,135,136,137,141,142,158,159,168,169,:
130:120,121,126,128,129,131,132,133,134,135,136,141,142,144,158,159,160,161,163,168,169,170,173,174,175,:
131:7,8,27,29,31,40,92,101,120,126,127,128,129,130,132,133,:
132:101,109,110,120,121,126,127,128,129,130,131,133,134,135,136,137,138,139,140,141,142,159,169,:
133:100,101,106,108,109,110,117,120,121,126,127,128,129,130,131,132,134,135,137,138,139,140,141,142,:
134:101,110,128,129,130,132,133,135,136,137,138,139,140,141,142,143,159,169,:
135:129,130,132,133,134,136,137,138,141,142,143,144,145,146,158,159,168,169,:
136:129,130,132,134,135,137,141,142,143,144,145,158,159,168,169,173,:
137:101,110,129,132,133,134,135,136,138,139,140,141,142,:
138:101,132,133,134,135,137,139,140,:
139:101,132,133,134,137,138,140,:
140:100,101,132,133,134,137,138,139,:
141:110,120,121,129,130,132,133,134,135,136,137,142,143,144,145,146,147,158,159,169,:
142:109,110,117,119,120,121,126,128,129,130,132,133,134,135,136,137,141,143,144,146,147,158,159,:
143:121,134,135,136,141,142,144,145,146,147,148,158,159,160,169,:
144:54,121,130,135,136,141,142,143,145,146,147,158,159,160,161,162,163,168,169,:
145:54,135,136,141,143,144,146,158,159,160,161,162,168,169,:
146:54,110,121,135,141,142,143,144,145,147,148,149,150,151,152,153,158,159,:
147:110,141,142,143,144,146,148,149,150,151,152,153,:
148:143,146,147,149,150,151,152,153,154,155,156,:
149:110,112,113,115,146,147,148,150,151,152,153,154,155,156,157,:
150:109,110,111,112,113,114,115,146,147,148,149,151,152,153,155,156,157,:
151:113,146,147,148,149,150,152,153,154,155,156,157,:
152:146,147,148,149,150,151,153,154,155,156,157,:
153:54,146,147,148,149,150,151,152,154,155,157,:
154:52,148,149,151,152,153,155,156,157,:
155:113,119,148,149,150,151,152,153,154,156,157,:
156:109,110,111,112,113,117,118,119,148,149,150,151,152,154,155,157,:
157:113,124,149,150,151,152,153,154,155,156,:
158:54,121,129,130,135,136,141,142,143,144,145,146,159,160,161,162,163,164,168,169,:
159:120,121,126,128,129,130,132,134,135,136,141,142,143,144,145,146,158,160,161,163,164,168,169,:
160:54,121,130,143,144,145,158,159,161,162,163,164,165,168,169,170,:
161:130,144,145,158,159,160,162,163,164,168,169,170,171,172,173,178,:
162:144,145,158,160,161,163,168,169,170,171,172,177,178,179,182,:
163:121,130,144,158,159,160,161,162,164,165,166,167,168,169,238,:
164:54,121,158,159,160,161,163,165,166,167,:
165:18,38,39,160,163,164,166,167,238,295,:
166:17,18,19,38,39,121,123,125,163,164,165,167,293,295,:
167:18,38,163,164,165,166,238,292,293,295,:
168:129,130,135,136,144,145,158,159,160,161,162,163,169,170,171,172,173,174,176,178,:
169:129,130,132,134,135,136,141,143,144,145,158,159,160,161,162,163,168,170,171,173,174,175,176,:
170:130,160,161,162,168,169,171,172,173,174,175,176,178,:
171:161,162,168,169,170,172,173,174,177,178,:
172:161,162,168,170,171,173,177,178,179,180,182,:
173:130,136,161,168,169,170,171,172,174,175,176,:
174:130,168,169,170,171,173,175,176,:
175:130,169,170,173,174,176,:
176:168,169,170,173,174,175,185,191,198,:
177:162,171,172,178,179,180,181,182,183,:
178:161,162,168,170,171,172,177,179,180,182,:
179:162,172,177,178,180,181,182,183,:
180:172,177,178,179,181,182,183,:
181:177,179,180,182,183,:
182:162,172,177,178,179,180,181,183,184,185,:
183:177,179,180,181,182,184,185,:
184:182,183,185,188,191,:
185:176,182,183,184,188,190,231,236,238,:
186:187,188,189,190,191,192,193,202,203,212,222,:
187:186,188,189,191,192,193,202,203,:
188:184,185,186,187,189,190,191,192,193,194,202,203,204,212,222,:
189:186,187,188,190,191,192,193,194,198,202,203,204,205,206,207,211,212,221,222,231,:
190:185,186,188,189,191,192,194,198,202,203,204,205,206,211,212,221,222,223,224,226,230,231,232,235,236,:
191:176,184,186,187,188,189,190,192,193,194,195,197,198,202,203,:
192:186,187,188,189,190,191,193,194,195,196,197,198,199,200,202,203,:
193:186,187,188,189,191,192,194,195,196,197,198,199,202,203,:
194:188,189,190,191,192,193,195,196,197,198,199,200,201,202,203,204,:
195:191,192,193,194,196,197,198,199,201,203,:
196:192,193,194,195,197,199,:
197:191,192,193,194,195,196,198,199,200,201,203,:
198:176,189,190,191,192,193,194,195,197,199,200,201,202,203,204,237,:
199:192,193,194,195,196,197,198,200,201,504,:
200:8,9,29,30,31,192,194,197,198,199,201,237,:
201:9,30,31,194,195,197,198,199,200,534,:
202:186,187,188,189,190,191,192,193,194,198,203,204,205,206,207,208,211,212,222,231,:
203:186,187,188,189,190,191,192,193,194,195,197,198,202,204,205,207,211,212,222,:
204:188,189,190,194,198,202,203,205,206,207,208,209,210,211,212,213,222,231,240,:
205:189,190,202,203,204,206,207,208,209,211,212,213,214,215,216,221,222,230,231,239,240,:
206:189,190,202,204,205,207,208,209,211,212,213,214,215,221,222,224,230,231,232,233,235,239,240,241,244,245,:
207:189,202,203,204,205,206,208,209,210,211,212,476,:
208:202,204,205,206,207,209,210,246,:
209:28,36,204,205,206,207,208,210,245,:
210:204,207,208,209,472,474,493,494,496,497,504,:
211:189,190,202,203,204,205,206,207,212,213,214,215,216,217,221,222,231,240,477,:
212:186,188,189,190,202,203,204,205,206,207,211,213,214,216,217,221,222,475,476,477,:
213:204,205,206,211,212,214,215,216,217,218,221,222,223,240,:
214:205,206,211,212,213,215,216,217,221,222,223,224,225,226,230,231,239,240,248,249,:
215:205,206,211,213,214,216,221,222,223,224,225,230,231,239,240,241,242,244,248,249,250,253,255,:
216:205,211,212,213,214,215,217,218,219,220,221,222,:
217:211,212,213,214,216,218,219,220,475,476,477,:
218:213,216,217,219,220,477,:
219:216,217,218,220,:
220:216,217,218,219,477,:
221:189,190,205,206,211,212,213,214,215,216,222,223,224,225,226,227,228,230,231,240,249,:
222:186,188,189,190,202,203,204,205,206,211,212,213,214,215,216,221,223,224,226,227,229,230,231,:
223:190,213,214,215,221,222,224,225,226,227,228,229,230,231,232,240,249,255,:
224:190,206,214,215,221,222,223,225,226,227,228,230,231,232,233,234,235,239,240,248,249,255,258,:
225:214,215,221,223,224,226,228,230,231,232,233,234,239,240,248,249,255,257,258,259,:
226:190,214,221,222,223,224,225,227,228,229,230,231,:
227:221,222,223,224,226,228,229,:
228:221,223,224,225,226,227,229,230,231,:
229:222,223,226,227,228,:
230:190,205,206,214,215,221,222,223,224,225,226,228,231,232,233,234,235,236,238,239,240,249,258,:
231:185,189,190,202,204,205,206,211,214,215,221,222,223,224,225,226,228,230,232,233,235,236,238,239,240,:
232:37,190,206,223,224,225,230,231,233,234,235,236,237,238,239,240,241,258,:
233:16,37,206,224,225,230,231,232,234,235,236,239,240,241,242,243,244,248,249,257,258,263,:
234:16,18,37,224,225,230,232,233,235,239,240,241,242,243,248,249,257,258,259,260,262,263,264,267,292,:
235:16,37,190,206,224,230,231,232,233,234,236,237,238,239,240,:
236:185,190,230,231,232,233,235,237,238,:
237:29,198,200,232,235,236,238,:
238:163,165,167,185,230,231,232,235,236,237,:
239:37,205,206,214,215,224,225,230,231,232,233,234,235,240,241,242,243,244,245,248,249,258,263,:
240:37,204,205,206,211,213,214,215,221,223,224,225,230,231,232,233,234,235,239,241,242,244,245,248,249,:
241:37,206,215,232,233,234,239,240,242,243,244,245,248,249,250,258,263,272,:
242:215,233,234,239,240,241,243,244,245,248,249,250,251,252,253,257,258,262,263,271,272,:
243:233,234,239,241,242,244,248,249,250,251,252,257,258,262,263,264,265,267,271,272,273,276,278,:
244:206,215,233,239,240,241,242,243,245,246,248,249,:
245:206,209,239,240,241,242,244,246,247,:
246:208,244,245,247,464,465,466,470,472,:
247:21,41,42,245,246,420,464,465,:
248:214,215,224,225,233,234,239,240,241,242,243,244,249,250,251,252,253,254,255,257,258,263,272,:
249:214,215,221,223,224,225,230,233,234,239,240,241,242,243,244,248,250,251,253,255,257,258,:
250:215,241,242,243,248,249,251,252,253,254,255,256,257,258,259,263,272,:
251:242,243,248,249,250,252,253,254,255,257,258,259,260,261,262,263,271,272,:
252:242,243,248,250,251,253,254,255,257,258,259,260,261,262,263,271,272,273,274,276,:
253:215,242,248,249,250,251,252,254,255,256,257,258,:
254:248,250,251,252,253,255,256,:
255:215,223,224,225,248,249,250,251,252,253,254,256,257,258,:
256:250,253,254,255,:
257:225,233,234,242,243,248,249,250,251,252,253,255,258,259,260,261,262,263,272,:
258:224,225,230,232,233,234,239,241,242,243,248,249,250,251,252,253,255,257,259,260,262,263,:
259:225,234,250,251,252,257,258,260,261,262,263,264,290,291,292,:
260:234,251,252,257,258,259,261,262,263,264,265,266,267,271,272,280,290,291,292,:
261:251,252,257,259,260,262,263,264,265,266,271,272,279,280,281,284,285,290,291,292,:
262:234,242,243,251,252,257,258,259,260,261,263,264,265,266,267,268,271,272,280,290,291,292,:
263:233,234,239,241,242,243,248,250,251,252,257,258,259,260,261,262,264,265,267,271,272,290,292,:
264:234,243,259,260,261,262,263,265,266,267,268,269,270,271,272,273,280,289,290,292,:
265:243,260,261,262,263,264,266,267,268,269,271,272,273,274,275,276,279,280,297,303,:
266:260,261,262,264,265,267,268,269,271,272,273,274,275,279,280,281,282,285,296,297,298,301,302,303,:
267:37,234,243,260,262,263,264,265,266,268,269,270,271,272,:
268:262,264,265,266,267,269,270,271,272,303,:
269:264,265,266,267,268,270,294,302,303,314,316,317,322,324,329,:
270:37,264,267,268,269,331,333,459,:
271:242,243,251,252,260,261,262,263,264,265,266,267,268,272,273,274,275,276,277,278,280,:
272:241,242,243,248,250,251,252,257,260,261,262,263,264,265,266,267,268,271,273,274,276,278,:
273:243,252,264,265,266,271,272,274,275,276,277,278,297,:
274:252,265,266,271,272,273,275,276,277,278,279,280,296,297,:
275:265,266,271,273,274,276,277,279,280,296,297,298,299,301,:
276:243,252,265,271,272,273,274,275,277,278,:
277:271,273,274,275,276,278,:
278:243,271,272,273,274,276,277,456,:
279:261,265,266,274,275,280,281,282,283,284,285,296,297,:
280:260,261,262,264,265,266,271,274,275,279,281,282,284,285,286,291,296,297,:
281:261,266,279,280,282,283,284,285,286,296,297,298,:
282:266,279,280,281,283,284,285,296,297,298,299,301,302,303,:
283:279,281,282,284,285,296,297,298,299,301,303,318,319,321,:
284:261,279,280,281,282,283,285,286,287,291,296,297,:
285:261,266,279,280,281,282,283,284,286,287,288,289,290,291,317,:
286:280,281,284,285,287,288,289,290,291,292,293,294,317,:
287:284,285,286,288,289,290,291,292,293,294,295,317,325,326,:
288:285,286,287,289,290,291,293,294,295,316,317,322,324,325,326,334,335,336,:
289:38,264,285,286,287,288,290,291,292,293,294,295,317,326,:
290:259,260,261,262,263,264,285,286,287,288,289,291,292,293,294,295,:
291:259,260,261,262,280,284,285,286,287,288,289,290,292,293,295,:
292:18,38,167,234,259,260,261,262,263,264,286,287,289,290,291,293,294,295,:
293:18,38,166,167,286,287,288,289,290,291,292,294,295,317,324,325,326,:
294:18,38,269,286,287,288,289,290,292,293,295,317,322,324,325,326,327,334,:
295:17,18,38,39,165,166,167,287,288,289,290,291,292,293,294,326,:
296:266,274,275,279,280,281,282,283,284,297,298,299,300,301,302,303,314,:
297:265,266,273,274,275,279,280,281,282,283,284,296,298,299,301,302,303,:
298:266,275,281,282,283,296,297,299,300,301,302,303,314,:
299:275,282,283,296,297,298,300,301,302,:
300:296,298,299,301,:
301:266,275,282,283,296,297,298,299,300,302,303,313,314,:
302:266,269,282,296,297,298,299,301,303,306,307,309,312,313,314,315,318,:
303:265,266,268,269,282,283,296,297,298,301,302,306,307,313,314,315,316,317,318,:
304:305,306,307,308,309,310,312,313,314,350,352,353,:
305:304,306,307,308,309,310,313,349,350,351,352,353,:
306:302,303,304,305,307,308,309,310,311,312,313,314,315,353,:
307:302,303,304,305,306,308,309,310,313,314,315,316,318,322,323,350,:
308:304,305,306,307,309,313,314,315,316,322,323,330,344,349,350,353,:
309:302,304,305,306,307,308,310,311,312,313,314,332,353,:
310:304,305,306,307,309,311,312,431,:
311:306,309,310,312,428,429,431,433,:
312:302,304,306,309,310,311,457,:
313:301,302,303,304,305,306,307,308,309,314,315,316,317,318,319,322,323,:
314:269,296,298,301,302,303,304,306,307,308,309,313,315,316,317,318,322,323,:
315:302,303,306,307,308,313,314,316,317,318,319,320,321,322,323,324,334,335,:
316:269,288,303,307,308,313,314,315,317,318,319,320,322,323,324,325,326,327,334,335,344,:
317:269,285,286,287,288,289,293,294,303,313,314,315,316,318,319,322,323,324,325,326,334,335,:
318:283,302,303,307,313,314,315,316,317,319,320,321,322,:
319:283,313,315,316,317,318,320,321,335,337,338,:
320:315,316,318,319,321,335,337,338,:
321:283,315,318,319,320,:
322:269,288,294,307,308,313,314,315,316,317,318,323,324,325,326,327,328,330,334,335,344,:
323:307,308,313,314,315,316,317,322,324,325,327,328,330,334,335,343,344,350,:
324:269,288,293,294,315,316,317,322,323,325,326,327,328,329,330,334,335,336,344,:
325:125,287,288,293,294,316,317,322,323,324,326,327,328,334,335,336,337,338,339,:
326:125,287,288,289,293,294,295,316,317,322,324,325,327,334,335,336,339,:
327:125,294,316,322,323,324,325,326,328,329,330,331,332,334,335,344,:
328:96,322,323,324,325,327,329,330,331,332,333,:
329:19,96,269,324,327,328,330,331,332,333,:
330:308,322,323,324,327,328,329,331,332,333,356,:
331:96,270,327,328,329,330,332,333,:
332:309,327,328,329,330,331,333,356,433,:
333:43,270,328,329,330,331,332,:
334:288,294,315,316,317,322,323,324,325,326,327,335,336,337,338,339,344,:
335:288,315,316,317,319,320,322,323,324,325,326,327,334,336,337,338,339,341,342,343,344,345,:
336:51,288,324,325,326,334,335,337,338,339,341,:
337:319,320,325,334,335,336,338,339,340,341,344,:
338:319,320,325,334,335,336,337,339,340,341,342,343,344,345,:
339:51,325,326,334,335,336,337,338,:
340:337,338,341,342,343,344,345,346,:
341:335,336,337,338,340,342,343,344,345,:
342:335,338,340,341,343,344,345,346,347,348,:
343:323,335,338,340,341,342,344,345,346,347,349,350,:
344:308,316,322,323,324,327,334,335,337,338,340,341,342,343,345,346,349,350,:
345:335,338,340,341,342,343,344,346,347,348,:
346:340,342,343,344,345,347,348,:
347:342,343,345,346,348,357,:
348:342,345,346,347,:
349:305,308,343,344,350,351,352,353,354,355,357,:
350:304,305,307,308,323,343,344,349,351,352,353,354,355,356,357,:
351:305,349,350,352,353,354,355,356,357,:
352:304,305,349,350,351,353,354,355,:
353:304,305,306,308,309,349,350,351,352,354,431,:
354:349,350,351,352,353,355,356,357,:
355:349,350,351,352,354,356,357,:
356:64,330,332,350,351,354,355,357,:
357:347,349,350,351,354,355,356,:
358:359,360,361,362,:
359:358,360,361,:
360:358,359,361,362,430,432,:
361:358,359,360,362,364,:
362:358,360,361,363,364,367,387,391,395,396,:
363:362,364,365,366,367,368,369,370,371,372,:
364:361,362,363,365,366,367,368,370,:
365:363,364,366,367,368,369,370,371,372,373,:
366:363,364,365,367,368,369,370,371,372,373,374,375,376,381,382,387,:
367:362,363,364,365,366,368,369,371,372,373,374,375,381,382,386,387,391,396,:
368:73,363,364,365,366,367,369,370,371,372,391,393,:
369:73,363,365,366,367,368,370,371,372,394,524,565,:
370:62,63,73,363,364,365,366,368,369,:
371:363,365,366,367,368,369,372,373,374,375,376,377,378,379,380,381,382,:
372:363,365,366,367,368,369,371,373,374,375,376,377,378,379,380,:
373:365,366,367,371,372,374,375,376,377,378,379,380,381,382,383,387,:
374:366,367,371,372,373,375,376,377,381,382,383,384,386,387,525,:
375:366,367,371,372,373,374,376,381,382,383,384,385,386,387,523,524,525,:
376:366,371,372,373,374,375,377,378,379,380,381,382,:
377:371,372,373,374,376,378,379,380,:
378:371,372,373,376,377,379,380,:
379:371,372,373,376,377,378,380,:
380:371,372,373,376,377,378,379,:
381:366,367,371,373,374,375,376,382,383,384,385,386,387,:
382:366,367,371,373,374,375,376,381,383,384,386,387,396,:
383:373,374,375,381,382,384,385,386,387,388,396,411,:
384:374,375,381,382,383,385,386,387,388,389,391,395,396,404,411,523,525,:
385:375,381,383,384,386,387,388,389,391,396,404,411,414,523,525,:
386:367,374,375,381,382,383,384,385,387,388,389,390,391,392,395,396,404,411,525,:
387:362,366,367,373,374,375,381,382,383,384,385,386,388,389,391,395,396,411,:
388:383,384,385,386,387,389,390,391,392,395,396,397,404,414,525,:
389:384,385,386,387,388,390,391,392,395,396,397,398,399,400,403,404,411,413,414,422,423,:
390:386,388,389,391,392,395,396,397,398,399,403,404,406,413,414,415,416,418,419,422,423,424,427,428,430,:
391:362,367,368,384,385,386,387,388,389,390,392,393,394,395,396,525,:
392:23,43,44,45,386,388,389,390,391,393,394,:
393:45,368,391,392,394,:
394:1,2,24,25,45,46,72,73,369,391,392,393,524,:
395:362,384,386,387,388,389,390,391,396,397,398,399,400,401,402,403,404,411,414,423,:
396:362,367,382,383,384,385,386,387,388,389,390,391,395,397,398,400,401,403,404,411,:
397:388,389,390,395,396,398,399,400,401,402,403,404,405,411,423,427,:
398:389,390,395,396,397,399,400,401,402,403,404,405,406,407,408,410,411,413,414,422,423,427,434,435,442,:
399:389,390,395,397,398,400,401,402,403,404,405,406,407,413,414,422,423,424,425,427,434,435,436,439,440,441,442,:
400:389,395,396,397,398,399,401,402,403,404,:
401:395,396,397,398,399,400,402,403,404,410,411,412,:
402:395,397,398,399,400,401,:
403:389,390,395,396,397,398,399,400,401,404,405,406,407,408,409,410,411,412,413,414,422,423,435,:
404:384,385,386,388,389,390,395,396,397,398,399,400,401,403,405,406,408,409,410,411,412,413,414,423,:
405:397,398,399,403,404,406,407,408,409,410,411,413,414,415,423,435,:
406:390,398,399,403,404,405,407,408,409,413,414,415,416,417,418,422,423,434,435,444,:
407:398,399,403,405,406,408,413,414,415,416,417,422,423,425,434,435,436,437,439,443,444,445,448,449,451,:
408:398,403,404,405,406,407,409,410,411,412,413,414,:
409:403,404,405,406,408,410,411,412,:
410:398,401,403,404,405,408,409,411,412,:
411:383,384,385,386,387,389,395,396,397,398,401,403,404,405,408,409,410,412,414,:
412:401,403,404,408,409,410,411,:
413:389,390,398,399,403,404,405,406,407,408,414,415,416,417,418,419,420,421,422,423,424,435,444,:
414:385,388,389,390,395,398,399,403,404,405,406,407,408,411,413,415,416,418,419,421,422,423,:
415:390,405,406,407,413,414,416,417,418,419,420,421,422,423,424,444,451,:
416:44,390,406,407,413,414,415,417,418,419,420,422,423,424,425,426,427,434,435,443,444,453,:
417:406,407,413,415,416,418,420,422,423,424,425,426,434,435,443,444,445,446,448,452,453,454,457,458,459,:
418:23,42,44,390,406,413,414,415,416,417,419,420,421,422,423,:
419:42,44,390,413,414,415,416,418,420,421,:
420:21,22,23,41,42,44,45,247,413,415,416,417,418,419,421,422,:
421:413,414,415,418,419,420,451,481,483,:
422:389,390,398,399,403,406,407,413,414,415,416,417,418,420,423,424,425,426,427,428,430,434,435,444,453,:
423:389,390,395,397,398,399,403,404,405,406,407,413,414,415,416,417,418,422,424,425,427,428,430,434,435,:
424:390,399,413,415,416,417,422,423,425,426,427,428,429,430,434,435,436,444,453,:
425:399,407,416,417,422,423,424,426,427,428,434,435,436,437,438,439,443,444,452,453,:
426:416,417,422,424,425,427,434,435,436,437,438,443,444,446,452,453,454,455,457,:
427:390,397,398,399,416,422,423,424,425,426,428,429,430,431,432,434,435,:
428:311,390,422,423,424,425,427,429,430,431,432,433,:
429:311,424,427,428,430,431,432,433,:
430:43,360,390,422,423,424,427,428,429,431,432,433,:
431:310,311,353,427,428,429,430,432,433,:
432:43,360,427,428,429,430,431,433,:
433:311,332,428,429,430,431,432,:
434:398,399,406,407,416,417,422,423,424,425,426,427,435,436,437,438,439,440,441,442,443,444,453,:
435:398,399,403,405,406,407,413,416,417,422,423,424,425,426,427,434,436,437,439,440,441,442,443,444,:
436:399,407,424,425,426,434,435,437,438,439,440,441,442,443,444,445,:
437:407,425,426,434,435,436,438,439,440,443,444,445,446,447,448,452,453,:
438:425,426,434,436,437,439,443,444,445,446,447,452,453,:
439:399,407,425,434,435,436,437,438,440,441,442,443,444,:
440:399,434,435,436,437,439,441,442,:
441:399,434,435,436,439,440,442,:
442:398,399,434,435,436,439,440,441,:
443:407,416,417,425,426,434,435,436,437,438,439,444,445,446,447,448,449,452,453,:
444:406,407,413,415,416,417,422,424,425,426,434,435,436,437,438,439,443,445,446,448,449,452,453,:
445:407,417,436,437,438,443,444,446,447,448,449,452,453,454,:
446:417,426,437,438,443,444,445,447,448,449,452,453,454,455,456,457,468,:
447:437,438,443,445,446,448,452,453,454,455,456,468,:
448:407,417,437,443,444,445,446,447,449,450,451,452,453,467,468,:
449:407,443,444,445,446,448,450,451,:
450:448,449,451,:
451:407,415,421,448,449,450,483,484,:
452:417,425,426,437,438,443,444,445,446,447,448,453,454,455,456,457,458,460,468,:
453:416,417,422,424,425,426,434,437,438,443,444,445,446,447,448,452,454,455,457,458,460,:
454:417,426,445,446,447,452,453,455,456,457,458,459,460,468,:
455:426,446,447,452,453,454,456,457,458,:
456:278,446,447,452,454,455,457,:
457:312,417,426,446,452,453,454,455,456,458,459,460,:
458:417,452,453,454,455,457,459,460,:
459:23,43,44,270,417,454,457,458,460,:
460:452,453,454,457,458,459,468,469,:
461:462,463,464,465,466,467,470,471,479,:
462:461,463,464,466,467,470,471,:
463:461,462,464,465,466,467,470,471,472,479,:
464:246,247,461,462,463,465,466,467,470,471,472,473,474,475,478,479,491,492,:
465:246,247,461,463,464,466,470,471,472,473,474,478,479,480,481,483,491,492,493,:
466:246,461,462,463,464,465,467,468,469,470,471,:
467:448,461,462,463,464,466,468,469,:
468:446,447,448,452,454,460,466,467,469,:
469:460,466,467,468,:
470:246,461,462,463,464,465,466,471,472,473,474,475,476,479,492,:
471:461,462,463,464,465,466,470,472,473,475,476,:
472:210,246,463,464,465,470,471,473,474,475,476,477,492,:
473:464,465,470,471,472,474,475,476,477,478,479,491,492,497,:
474:210,464,465,470,472,473,475,476,478,479,491,492,493,494,496,497,498,501,502,:
475:212,217,464,470,471,472,473,474,476,477,:
476:207,212,217,470,471,472,473,474,475,477,:
477:211,212,217,218,220,472,473,475,476,:
478:464,465,473,474,479,480,481,482,483,484,485,491,492,497,506,:
479:461,463,464,465,470,473,474,478,480,481,483,484,485,491,492,:
480:465,478,479,481,482,483,484,485,486,491,492,493,506,:
481:421,465,478,479,480,482,483,484,491,492,493,494,495,496,497,505,506,516,:
482:478,480,481,483,491,492,493,494,495,496,497,505,506,507,508,510,515,516,517,520,:
483:421,451,465,478,479,480,481,482,484,485,486,491,492,:
484:451,478,479,480,481,483,485,486,487,:
485:478,479,480,483,484,486,487,488,489,490,:
486:480,483,484,485,487,488,489,490,:
487:484,485,486,488,489,490,512,513,514,:
488:485,486,487,489,490,512,513,514,:
489:485,486,487,488,490,513,514,:
490:485,486,487,488,489,513,:
491:464,465,473,474,478,479,480,481,482,483,492,493,494,495,496,497,506,516,:
492:464,465,470,472,473,474,478,479,480,481,482,483,491,493,494,496,497,:
493:210,465,474,480,481,482,491,492,494,495,496,497,498,506,516,:
494:210,474,481,482,491,492,493,495,496,497,498,499,500,501,505,506,515,516,527,:
495:481,482,491,493,494,496,497,498,499,500,505,506,515,516,517,518,520,526,527,528,531,:
496:210,474,481,482,491,492,493,494,495,497,498,499,500,501,502,504,505,506,516,527,:
497:210,473,474,478,481,482,491,492,493,494,495,496,498,499,501,502,505,506,:
498:474,493,494,495,496,497,499,500,501,502,503,504,505,506,507,516,527,536,:
499:494,495,496,497,498,500,501,502,505,506,507,508,509,510,515,516,526,527,535,536,:
500:494,495,496,498,499,501,505,506,507,508,509,515,516,526,527,528,529,531,535,536,537,540,550,:
501:474,494,496,497,498,499,500,502,503,504,505,506,:
502:474,496,497,498,499,501,503,504,:
503:498,501,502,504,:
504:199,210,496,498,501,502,503,:
505:481,482,494,495,496,497,498,499,500,501,506,507,508,509,510,511,515,516,527,536,:
506:478,480,481,482,491,493,494,495,496,497,498,499,500,501,505,507,508,510,511,515,516,:
507:482,498,499,500,505,506,508,509,510,511,512,515,516,517,527,536,:
508:482,499,500,505,506,507,509,510,511,515,516,517,518,519,520,526,527,535,536,549,550,:
509:499,500,505,507,508,510,515,516,517,518,519,526,527,535,536,537,538,549,550,551,554,:
510:482,499,505,506,507,508,509,511,512,513,514,515,516,:
511:505,506,507,508,510,512,513,514,:
512:487,488,507,510,511,513,514,:
513:487,488,489,490,510,511,512,514,:
514:487,488,489,510,511,512,513,:
515:482,494,495,499,500,505,506,507,508,509,510,516,517,518,519,520,521,526,527,536,550,:
516:481,482,491,493,494,495,496,498,499,500,505,506,507,508,509,510,515,517,518,520,526,527,:
517:46,482,495,507,508,509,515,516,518,519,520,521,522,523,526,527,528,550,554,:
518:24,46,495,508,509,515,516,517,519,520,521,522,526,527,528,529,530,531,535,536,549,550,554,:
519:24,46,508,509,515,517,518,520,521,522,526,527,528,529,530,535,536,549,550,551,552,554,556,557,558,563,564,:
520:24,25,46,482,495,508,515,516,517,518,519,521,522,523,524,525,526,527,:
521:24,25,46,515,517,518,519,520,522,523,524,525,526,:
522:1,2,24,25,46,517,518,519,520,521,523,524,525,526,564,:
523:46,375,384,385,517,520,521,522,524,525,:
524:24,46,369,375,394,520,521,522,523,525,564,565,:
525:46,374,375,384,385,386,388,391,520,521,522,523,524,:
526:24,46,495,499,500,508,509,515,516,517,518,519,520,521,522,527,528,529,530,531,532,535,536,549,550,:
527:24,46,494,495,496,498,499,500,505,507,508,509,515,516,517,518,519,520,526,528,529,531,535,536,550,:
528:24,46,495,500,517,518,519,526,527,529,530,531,532,533,534,535,536,537,550,558,:
529:500,518,519,526,527,528,530,531,532,533,535,536,537,538,540,549,550,557,558,:
530:518,519,526,528,529,531,532,533,535,536,537,538,539,549,550,557,558,:
531:495,500,518,526,527,528,529,530,532,533,534,535,536,:
532:32,526,528,529,530,531,533,534,535,:
533:10,13,24,32,35,528,529,530,531,532,534,:
534:9,10,30,32,201,528,531,532,533,:
535:499,500,508,509,518,519,526,527,528,529,530,531,532,536,537,538,539,540,541,549,550,558,:
536:498,499,500,505,507,508,509,515,518,519,526,527,528,529,530,531,535,537,538,540,541,549,550,:
537:500,509,528,529,530,535,536,538,539,540,541,542,543,549,550,551,558,:
538:509,529,530,535,536,537,539,540,541,542,549,550,551,552,554,557,558,:
539:530,535,537,538,540,541,542,549,550,551,552,557,558,:
540:500,529,535,536,537,538,539,541,542,543,544,545,549,550,:
541:535,536,537,538,539,540,542,543,544,545,546,:
542:537,538,539,540,541,543,544,545,546,547,548,:
543:537,540,541,542,544,545,546,547,:
544:540,541,542,543,545,546,547,548,:
545:540,541,542,543,544,546,547,548,:
546:541,542,543,544,545,547,548,:
547:542,543,544,545,546,548,:
548:542,544,545,546,547,:
549:508,509,518,519,526,529,530,535,536,537,538,539,540,550,551,552,553,554,555,556,557,558,:
550:500,508,509,515,517,518,519,526,527,528,529,530,535,536,537,538,539,540,549,551,552,554,555,557,558,:
551:509,519,537,538,539,549,550,552,553,554,555,556,557,558,559,:
552:519,538,539,549,550,551,553,554,555,556,557,558,559,560,562,563,:
553:549,551,552,554,555,556,557,558,559,560,562,563,:
554:509,517,518,519,538,549,550,551,552,553,555,556,557,558,:
555:549,550,551,552,553,554,556,557,:
556:519,549,551,552,553,554,555,557,558,559,563,:
557:519,529,530,538,539,549,550,551,552,553,554,555,556,558,559,560,561,562,563,:
558:519,528,529,530,535,537,538,539,549,550,551,552,553,554,556,557,559,560,561,562,563,:
559:551,552,553,556,557,558,560,561,562,563,:
560:552,553,557,558,559,561,562,563,:
561:557,558,559,560,562,:
562:552,553,557,558,559,560,561,563,564,565,:
563:519,552,553,556,557,558,559,560,562,564,565,:
564:519,522,524,562,563,565,:
565:73,369,524,562,563,564,:
