1:2,3,4,13,14,15,20,21,29,30,31,32,33,250,251,252,257,259,355,379,424,:
2:1,3,4,13,14,15,16,17,18,20,21,29,31,32,33,34,35,340,353,354,355,357,379,:
3:1,2,4,5,13,15,16,17,18,20,21,29,32,34,35,259,260,339,340,341,353,354,355,428,:
4:1,2,3,5,13,16,17,18,20,21,29,32,34,35,263,264,277,278,279,357,379,:
5:3,4,6,7,8,12,16,17,18,19,22,23,28,34,35,294,295,296,299,333,:
6:5,7,8,9,11,12,16,17,18,19,22,23,24,28,35,81,281,295,299,300,:
7:5,6,8,9,10,11,12,17,18,19,22,23,24,25,26,27,28,35,81,279,:
8:5,6,7,9,10,11,12,19,24,25,26,27,28,279,:
9:6,7,8,10,11,12,24,25,26,27,28,:
10:7,8,9,11,12,24,25,26,27,28,:
11:6,7,8,9,10,12,24,25,26,27,28,79,81,133,134,333,:
12:5,6,7,8,9,10,11,17,19,23,24,25,26,27,28,79,80,81,333,:
13:1,2,3,4,14,15,16,18,20,21,29,30,31,32,33,257,353,355,356,357,379,:
14:1,2,13,15,29,30,31,32,33,250,252,362,378,379,382,388,406,:
15:1,2,3,13,14,20,29,30,31,32,33,250,251,252,253,254,256,257,258,259,260,422,424,:
16:2,3,4,5,6,13,17,18,20,21,22,23,28,32,34,35,259,260,327,332,337,339,340,341,:
17:2,3,4,5,6,7,12,16,18,19,20,21,22,23,28,34,35,:
18:2,3,4,5,6,7,13,16,17,19,20,21,22,23,28,34,35,264,265,268,269,270,275,277,278,279,:
19:5,6,7,8,12,17,18,22,23,24,35,265,270,271,280,281,286,294,295,299,300,:
20:1,2,3,4,13,15,16,17,18,29,32,33,34,259,260,338,339,340,341,353,355,424,427,428,:
21:1,2,3,4,13,16,17,18,29,35,263,264,268,269,275,276,277,278,279,357,379,386,:
22:5,6,7,16,17,18,19,23,28,34,35,265,281,286,288,294,295,296,299,300,327,:
23:5,6,7,12,16,17,18,19,22,28,34,35,80,81,296,299,332,333,337,:
24:6,7,8,9,10,11,12,19,25,279,281,:
25:7,8,9,10,11,12,24,26,:
26:7,8,9,10,11,12,25,27,133,134,:
27:7,8,9,10,11,12,26,28,130,131,132,133,134,333,:
28:5,6,7,8,9,10,11,12,16,17,18,22,23,27,34,80,81,332,333,337,339,:
29:1,2,3,4,13,14,15,20,21,30,31,32,33,353,355,356,357,358,361,362,375,378,379,:
30:1,13,14,15,29,31,32,33,250,251,252,379,387,388,406,417,418,422,424,:
31:1,2,13,14,15,29,30,32,33,252,355,356,357,358,359,361,362,375,378,379,380,382,388,406,:
32:1,2,3,4,13,14,15,16,20,29,30,31,33,34,250,251,252,253,254,255,256,257,258,259,260,424,:
33:1,2,13,14,15,20,29,30,31,32,249,250,251,252,253,254,257,259,260,422,423,424,:
34:2,3,4,5,16,17,18,20,22,23,28,32,260,324,327,329,330,331,332,333,337,338,339,340,341,:
35:2,3,4,5,6,7,16,17,18,19,21,22,23,264,265,268,269,270,273,274,275,276,277,278,279,:
36:37,38,39,40,41,42,43,44,162,245,248,:
37:36,38,39,40,41,42,44,244,245,246,247,248,253,:
38:36,37,39,40,41,42,43,44,245,248,:
39:36,37,38,40,41,42,43,241,245,:
40:36,37,38,39,41,43,237,238,240,241,242,244,245,248,:
41:36,37,38,39,40,42,43,44,245,248,:
42:36,37,38,39,41,43,44,248,385,:
43:36,38,39,40,41,42,44,:
44:36,37,38,41,42,43,162,266,267,:
45:46,47,48,49,50,51,52,53,54,:
46:45,47,48,50,52,53,54,:
47:45,46,48,49,50,51,52,53,54,55,:
48:45,46,47,49,50,51,52,53,54,55,56,58,59,:
49:45,47,48,50,51,53,54,55,58,59,301,:
50:45,46,47,48,49,51,52,53,54,:
51:45,47,48,49,50,52,53,54,86,:
52:45,46,47,48,50,51,:
53:45,46,47,48,49,50,51,54,55,56,57,58,59,60,61,:
54:45,46,47,48,49,50,51,53,55,56,57,58,60,:
55:47,48,49,53,54,56,57,58,59,60,61,62,298,301,:
56:48,53,54,55,57,58,60,61,62,63,64,298,:
57:53,54,55,56,58,60,61,62,63,64,:
58:48,49,53,54,55,56,57,59,60,61,64,87,88,298,301,:
59:48,49,53,55,58,61,84,87,88,298,300,301,:
60:53,54,55,56,57,58,61,62,63,64,298,:
61:53,55,56,57,58,59,60,62,63,64,297,298,301,302,304,307,308,:
62:55,56,57,60,61,63,64,298,:
63:56,57,60,61,62,64,305,306,307,:
64:56,57,58,60,61,62,63,298,304,305,306,307,:
65:66,67,68,69,70,304,:
66:65,67,68,69,70,88,304,:
67:65,66,68,69,70,72,139,142,:
68:65,66,67,69,70,71,72,83,142,:
69:65,66,67,68,70,71,72,82,83,84,87,88,:
70:65,66,67,68,69,72,78,141,142,302,303,304,:
71:68,69,72,73,74,75,76,77,78,82,83,98,141,142,:
72:67,68,69,70,71,73,74,76,77,78,82,83,98,141,142,143,:
73:71,72,74,75,76,77,78,79,82,83,84,100,101,102,142,:
74:71,72,73,75,76,77,79,82,83,84,85,87,:
75:71,73,74,76,77,79,82,83,84,85,86,:
76:71,72,73,74,75,77,78,79,80,81,82,83,98,100,101,102,131,142,143,:
77:71,72,73,74,75,76,78,79,80,81,82,83,102,142,143,:
78:70,71,72,73,76,77,79,80,81,141,142,143,333,336,:
79:11,12,73,74,75,76,77,78,80,81,82,83,:
80:12,23,28,76,77,78,79,81,143,299,333,:
81:6,7,11,12,23,28,76,77,78,79,80,299,300,301,:
82:69,71,72,73,74,75,76,77,79,83,84,85,86,87,88,:
83:68,69,71,72,73,74,75,76,77,79,82,84,85,87,88,:
84:59,69,73,74,75,82,83,85,86,87,88,:
85:74,75,82,83,84,86,87,:
86:51,75,82,84,85,87,:
87:58,59,69,74,82,83,84,85,86,88,:
88:58,59,66,69,82,83,84,87,300,301,:
89:90,91,92,93,94,95,:
90:89,91,92,93,94,:
91:89,90,92,93,94,95,96,97,:
92:89,90,91,93,94,95,96,97,:
93:89,90,91,92,94,95,97,:
94:89,90,91,92,93,95,96,97,98,99,:
95:89,91,92,93,94,96,97,98,99,100,:
96:91,92,94,95,97,98,99,100,101,102,:
97:91,92,93,94,95,96,98,99,100,101,:
98:71,72,76,94,95,96,97,99,100,101,102,131,141,142,:
99:94,95,96,97,98,100,101,102,:
100:73,76,95,96,97,98,99,101,102,131,:
101:73,76,96,97,98,99,100,102,108,131,133,:
102:73,76,77,96,98,99,100,101,129,130,131,133,:
103:104,105,106,107,108,:
104:103,105,106,107,108,:
105:103,104,106,107,108,122,:
106:103,104,105,107,108,122,:
107:103,104,105,106,108,:
108:101,103,104,105,106,107,122,131,133,:
109:110,111,112,113,114,115,118,119,:
110:109,111,112,113,114,115,118,119,:
111:109,110,112,113,114,115,116,117,118,119,120,:
112:109,110,111,113,114,115,118,119,120,121,122,123,349,:
113:109,110,111,112,114,118,119,120,121,122,124,125,132,134,342,343,345,349,:
114:109,110,111,112,113,115,116,117,118,119,:
115:109,110,111,112,114,116,117,:
116:111,114,115,117,:
117:111,114,115,116,:
118:109,110,111,112,113,114,119,120,121,122,123,124,125,:
119:109,110,111,112,113,114,118,120,121,122,123,:
120:111,112,113,118,119,121,122,123,124,125,126,345,346,348,350,:
121:112,113,118,119,120,122,123,124,125,126,127,128,129,130,132,:
122:105,106,108,112,113,118,119,120,121,123,124,125,126,127,129,130,132,:
123:112,118,119,120,121,122,124,125,348,350,352,:
124:113,118,120,121,122,123,125,126,127,128,129,130,132,343,344,346,347,:
125:113,118,120,121,122,123,124,126,127,128,129,130,132,343,344,345,346,347,348,:
126:120,121,122,124,125,127,128,129,130,131,132,:
127:121,122,124,125,126,128,129,130,:
128:121,124,125,126,127,129,344,346,347,:
129:102,121,122,124,125,126,127,128,130,131,132,133,134,143,335,336,:
130:27,102,121,122,124,125,126,127,129,131,132,133,134,:
131:27,76,98,100,101,102,108,126,129,130,132,133,134,:
132:27,113,121,122,124,125,126,129,130,131,133,134,342,:
133:11,26,27,101,102,108,129,130,131,132,134,:
134:11,26,27,113,129,130,131,132,133,:
135:136,137,138,139,140,141,:
136:135,137,138,139,140,:
137:135,136,138,139,140,141,142,143,:
138:135,136,137,139,140,141,142,:
139:67,135,136,137,138,140,141,142,:
140:135,136,137,138,139,141,142,143,335,336,:
141:70,71,72,78,98,135,137,138,139,140,142,143,335,336,:
142:67,68,70,71,72,73,76,77,78,98,137,138,139,140,141,143,336,:
143:72,76,77,78,80,129,137,140,141,142,331,333,334,335,336,:
144:145,146,147,148,149,150,151,:
145:144,146,147,148,149,150,151,:
146:144,145,147,148,149,150,151,152,:
147:144,145,146,148,149,150,151,:
148:144,145,146,147,149,150,:
149:144,145,146,147,148,150,151,152,:
150:144,145,146,147,148,149,151,152,:
151:144,145,146,147,149,150,152,445,447,:
152:146,149,150,151,253,254,255,258,447,:
153:154,155,156,157,158,159,284,291,292,:
154:153,155,156,157,284,291,292,293,:
155:153,154,156,157,158,159,160,272,282,283,284,285,291,292,293,:
156:153,154,155,157,158,159,160,161,162,163,272,:
157:153,154,155,156,158,159,160,161,162,:
158:153,155,156,157,159,160,161,162,163,164,186,272,:
159:153,155,156,157,158,160,161,162,163,164,186,188,268,271,272,:
160:155,156,157,158,159,161,162,163,164,165,272,:
161:156,157,158,159,160,162,163,164,:
162:36,44,156,157,158,159,160,161,163,266,:
163:156,158,159,160,161,162,164,165,166,272,:
164:158,159,160,161,163,165,166,167,186,188,272,:
165:160,163,164,166,167,168,169,170,:
166:163,164,165,167,168,169,170,:
167:164,165,166,168,169,170,:
168:165,166,167,169,170,175,:
169:165,166,167,168,170,175,:
170:165,166,167,168,169,:
171:172,173,174,175,176,177,178,:
172:171,173,174,176,177,178,:
173:171,172,174,175,176,177,178,:
174:171,172,173,175,176,177,:
175:168,169,171,173,174,176,:
176:171,172,173,174,175,177,178,:
177:171,172,173,174,176,178,381,385,:
178:171,172,173,176,177,380,381,384,385,:
179:180,181,182,183,184,185,186,:
180:179,181,182,183,184,185,186,187,:
181:179,180,182,183,184,185,186,187,:
182:179,180,181,183,184,185,:
183:179,180,181,182,184,:
184:179,180,181,182,183,185,186,187,188,189,:
185:179,180,181,182,184,186,187,188,189,190,:
186:158,159,164,179,180,181,184,185,187,188,189,190,191,:
187:180,181,184,185,186,188,189,190,191,192,:
188:159,164,184,185,186,187,189,190,191,192,272,282,:
189:184,185,186,187,188,190,191,192,:
190:185,186,187,188,189,191,192,282,:
191:186,187,188,189,190,192,280,282,:
192:187,188,189,190,191,280,282,:
193:194,195,196,197,198,199,200,201,:
194:193,195,196,198,199,:
195:193,194,196,197,198,199,200,201,:
196:193,194,195,197,198,199,:
197:193,195,196,198,:
198:193,194,195,196,197,199,200,201,202,203,:
199:193,194,195,196,198,200,201,202,203,204,:
200:193,195,198,199,201,202,203,204,205,351,:
201:193,195,198,199,200,202,203,204,205,206,434,:
202:198,199,200,201,203,204,205,206,351,359,363,:
203:198,199,200,201,202,204,205,206,415,418,421,434,:
204:199,200,201,202,203,205,206,358,359,418,:
205:200,201,202,203,204,206,355,356,358,359,360,363,404,405,406,407,415,417,418,:
206:201,202,203,204,205,358,359,404,405,406,407,415,416,417,418,421,:
207:208,209,210,211,212,213,214,426,:
208:207,209,210,211,212,213,419,422,423,425,426,444,:
209:207,208,210,211,212,213,214,215,:
210:207,208,209,211,212,213,214,215,216,217,218,423,:
211:207,208,209,210,212,213,214,215,218,416,417,419,422,423,424,426,448,:
212:207,208,209,210,211,213,214,444,:
213:207,208,209,210,211,212,214,215,216,217,218,:
214:207,209,210,211,212,213,215,216,217,218,:
215:209,210,211,213,214,216,217,218,:
216:210,213,214,215,217,218,:
217:210,213,214,215,216,218,:
218:210,211,213,214,215,216,217,233,419,423,:
219:220,221,222,223,224,225,226,227,:
220:219,221,222,224,225,226,227,:
221:219,220,222,223,224,225,226,227,231,:
222:219,220,221,223,224,225,235,236,:
223:219,221,222,224,391,:
224:219,220,221,222,223,225,226,227,228,230,231,:
225:219,220,221,222,224,226,227,228,229,230,231,232,233,:
226:219,220,221,224,225,227,228,229,230,231,232,:
227:219,220,221,224,225,226,228,229,230,231,232,233,234,:
228:224,225,226,227,229,230,231,232,234,:
229:225,226,227,228,230,232,:
230:224,225,226,227,228,229,231,232,233,234,:
231:221,224,225,226,227,228,230,232,233,234,397,403,:
232:225,226,227,228,229,230,231,233,234,:
233:218,225,227,230,231,232,234,397,402,403,415,420,:
234:227,228,230,231,232,233,403,420,:
235:222,236,237,238,239,240,241,243,244,245,:
236:222,235,237,238,239,240,243,:
237:40,235,236,238,239,240,241,242,243,244,245,246,:
238:40,235,236,237,239,240,241,242,243,244,245,246,247,249,:
239:235,236,237,238,240,241,243,244,245,246,249,250,:
240:40,235,236,237,238,239,241,242,243,244,245,:
241:39,40,235,237,238,239,240,242,243,244,245,:
242:40,237,238,240,241,243,245,:
243:235,236,237,238,239,240,241,242,244,:
244:37,40,235,237,238,239,240,241,243,245,246,247,248,249,250,253,254,:
245:36,37,38,39,40,41,235,237,238,239,240,241,242,244,246,247,248,249,253,:
246:37,237,238,239,244,245,247,248,249,250,251,252,253,254,255,:
247:37,238,244,245,246,248,249,250,251,253,254,255,256,257,258,:
248:36,37,38,40,41,42,244,245,246,247,249,253,254,255,256,257,:
249:33,238,239,244,245,246,247,248,250,251,252,253,254,257,387,388,389,392,:
250:1,14,15,30,32,33,239,244,246,247,249,251,252,253,254,257,387,388,:
251:1,15,30,32,33,246,247,249,250,252,253,254,255,257,259,422,423,424,448,:
252:1,14,15,30,31,32,33,246,249,250,251,254,257,387,388,389,:
253:15,32,33,37,152,244,245,246,247,248,249,250,251,254,255,256,257,258,259,260,261,262,:
254:15,32,33,152,244,246,247,248,249,250,251,252,253,255,256,257,258,259,260,447,448,:
255:32,152,246,247,248,251,253,254,256,257,258,259,260,261,262,263,293,:
256:15,32,247,248,253,254,255,257,258,259,260,261,262,263,264,265,266,293,:
257:1,13,15,32,33,247,248,249,250,251,252,253,254,255,256,258,259,261,262,263,266,385,386,:
258:15,32,152,247,253,254,255,256,257,259,260,261,262,447,:
259:1,3,15,16,20,32,33,251,253,254,255,256,257,258,260,261,262,447,448,:
260:3,15,16,20,32,33,34,253,254,255,256,258,259,327,446,447,448,:
261:253,255,256,257,258,259,262,263,264,265,266,268,269,291,293,:
262:253,255,256,257,258,259,261,263,264,265,266,268,286,290,291,293,:
263:4,21,255,256,257,261,262,264,265,266,267,268,269,270,293,386,:
264:4,18,21,35,256,261,262,263,265,266,267,268,269,270,271,272,273,280,286,293,:
265:18,19,22,35,256,261,262,263,264,266,268,269,270,271,272,280,281,283,285,286,287,290,291,293,295,:
266:44,162,256,257,261,262,263,264,265,267,268,269,385,386,:
267:44,263,264,266,268,269,276,385,386,:
268:18,21,35,159,261,262,263,264,265,266,267,269,270,271,272,273,274,275,276,277,280,281,286,:
269:18,21,35,261,263,264,265,266,267,268,270,271,272,273,274,275,276,277,278,386,:
270:18,19,35,263,264,265,268,269,271,272,273,274,275,276,277,280,281,282,286,:
271:19,159,264,265,268,269,270,272,273,274,280,281,282,283,285,286,:
272:155,156,158,159,160,163,164,188,264,265,268,269,270,271,273,280,281,282,283,285,286,:
273:35,264,268,269,270,271,272,274,275,276,277,279,280,281,:
274:35,268,269,270,271,273,275,276,277,278,279,:
275:18,21,35,268,269,270,273,274,276,277,278,279,:
276:21,35,267,268,269,270,273,274,275,277,278,279,386,:
277:4,18,21,35,268,269,270,273,274,275,276,278,279,:
278:4,18,21,35,269,274,275,276,277,279,:
279:4,7,8,18,21,24,35,273,274,275,276,277,278,:
280:19,191,192,264,265,268,270,271,272,273,281,282,283,284,285,286,295,:
281:6,19,22,24,265,268,270,271,272,273,280,282,283,285,286,295,300,:
282:155,188,190,191,192,270,271,272,280,281,283,284,285,286,287,295,:
283:155,265,271,272,280,281,282,284,285,286,287,288,290,294,295,:
284:153,154,155,280,282,283,285,286,287,288,294,295,:
285:155,265,271,272,280,281,282,283,284,286,287,288,289,290,291,292,293,294,295,:
286:19,22,262,264,265,268,270,271,272,280,281,282,283,284,285,287,288,290,291,292,293,294,295,:
287:265,282,283,284,285,286,288,289,290,291,292,293,294,295,296,:
288:22,283,284,285,286,287,289,290,291,294,295,296,297,298,299,302,308,326,327,:
289:285,287,288,290,294,295,296,297,298,302,303,307,308,309,326,327,328,:
290:262,265,283,285,286,287,288,289,291,292,293,294,295,:
291:153,154,155,261,262,265,285,286,287,288,290,292,293,:
292:153,154,155,285,286,287,290,291,293,:
293:154,155,255,256,261,262,263,264,265,285,286,287,290,291,292,:
294:5,19,22,283,284,285,286,287,288,289,290,295,296,297,298,299,300,301,302,303,308,327,:
295:5,6,19,22,265,280,281,282,283,284,285,286,287,288,289,290,294,296,297,298,299,300,301,:
296:5,22,23,287,288,289,294,295,297,298,299,300,301,302,303,304,308,325,326,327,:
297:61,288,289,294,295,296,298,299,300,301,302,303,304,305,307,308,325,:
298:55,56,58,59,60,61,62,64,288,289,294,295,296,297,299,300,301,302,303,304,305,307,308,:
299:5,6,19,22,23,80,81,288,294,295,296,297,298,300,301,302,303,325,:
300:6,19,22,59,81,88,281,294,295,296,297,298,299,301,:
301:49,55,58,59,61,81,88,294,295,296,297,298,299,300,302,:
302:61,70,288,289,294,296,297,298,299,301,303,304,305,306,307,308,324,325,326,:
303:70,289,294,296,297,298,299,302,304,305,307,308,319,321,322,323,324,325,326,:
304:61,64,65,66,70,296,297,298,302,303,305,306,307,308,309,319,325,:
305:63,64,297,298,302,303,304,306,307,308,309,310,311,319,322,:
306:63,64,302,304,305,307,308,309,310,311,319,:
307:61,63,64,289,297,298,302,303,304,305,306,308,309,310,311,322,:
308:61,288,289,294,296,297,298,302,303,304,305,306,307,309,310,311,322,326,328,:
309:289,304,305,306,307,308,310,311,322,:
310:305,306,307,308,309,311,322,328,:
311:305,306,307,308,309,310,314,315,319,321,322,326,328,:
312:313,314,315,316,317,318,319,321,322,440,:
313:312,314,315,316,317,318,321,437,438,440,:
314:311,312,313,315,316,317,318,319,320,321,322,323,:
315:311,312,313,314,316,317,318,319,321,322,323,324,325,326,329,330,443,:
316:312,313,314,315,317,319,321,322,323,324,325,329,330,331,334,437,438,440,441,443,:
317:312,313,314,315,316,318,319,320,321,322,:
318:312,313,314,315,317,319,320,:
319:303,304,305,306,311,312,314,315,316,317,318,320,321,322,325,:
320:314,317,318,319,:
321:303,311,312,313,314,315,316,317,319,322,323,324,325,326,327,328,329,330,443,:
322:303,305,307,308,309,310,311,312,314,315,316,317,319,321,323,324,325,326,328,:
323:303,314,315,316,321,322,324,325,326,327,328,329,330,331,443,445,:
324:34,302,303,315,316,321,322,323,325,326,327,328,329,330,331,332,334,:
325:296,297,299,302,303,304,315,316,319,321,322,323,324,326,327,329,330,331,332,334,:
326:288,289,296,302,303,308,311,315,321,322,323,324,325,327,328,329,330,:
327:16,22,34,260,288,289,294,296,321,323,324,325,326,328,329,330,:
328:289,308,310,311,321,322,323,324,326,327,445,:
329:34,315,316,321,323,324,325,326,327,330,331,332,333,334,335,336,337,338,431,:
330:34,315,316,321,323,324,325,326,327,329,331,332,334,337,338,430,431,435,437,:
331:34,143,316,323,324,325,329,330,332,333,334,335,336,337,338,339,431,:
332:16,23,28,34,324,325,329,330,331,333,334,335,336,337,338,339,340,342,343,344,431,:
333:5,11,12,23,27,28,34,78,80,143,329,331,332,334,335,336,337,338,339,342,:
334:143,316,324,325,329,330,331,332,333,335,336,337,338,344,431,:
335:129,140,141,143,329,331,332,333,334,336,337,338,344,:
336:78,129,140,141,142,143,329,331,332,333,334,335,:
337:16,23,28,34,329,330,331,332,333,334,335,338,339,340,341,342,343,344,353,354,428,431,:
338:20,34,329,330,331,332,333,334,335,337,339,340,341,342,343,344,427,428,429,430,431,432,:
339:3,16,20,28,34,331,332,333,337,338,340,341,342,343,344,345,353,354,355,428,:
340:2,3,16,20,34,332,337,338,339,341,342,343,345,349,353,354,355,356,427,428,:
341:3,16,20,34,337,338,339,340,342,343,345,353,354,355,424,425,427,428,429,430,431,432,434,:
342:113,132,332,333,337,338,339,340,341,343,344,345,346,348,349,353,354,:
343:113,124,125,332,337,338,339,340,341,342,344,345,346,347,348,349,350,351,353,354,:
344:124,125,128,332,334,335,337,338,339,342,343,345,346,347,348,349,350,:
345:113,120,125,339,340,341,342,343,344,346,347,348,349,350,351,352,353,354,432,434,:
346:120,124,125,128,342,343,344,345,347,348,349,350,352,432,433,:
347:124,125,128,343,344,345,346,348,350,433,:
348:120,123,125,342,343,344,345,346,347,349,350,351,352,432,433,434,:
349:112,113,340,342,343,344,345,346,348,350,351,352,353,354,355,434,:
350:120,123,343,344,345,346,347,348,349,351,352,432,433,434,:
351:200,202,343,345,348,349,350,352,434,:
352:123,345,346,348,349,350,351,434,:
353:2,3,13,20,29,337,339,340,341,342,343,345,349,354,355,356,357,358,359,428,:
354:2,3,337,339,340,341,342,343,345,349,353,355,356,357,358,:
355:1,2,3,13,20,29,31,205,339,340,341,349,353,354,356,357,358,359,360,428,:
356:13,29,31,205,340,353,354,355,357,358,359,360,361,362,363,375,376,379,:
357:2,4,13,21,29,31,353,354,355,356,358,359,360,361,362,375,376,379,:
358:29,31,204,205,206,353,354,355,356,357,359,360,361,362,363,364,375,376,:
359:31,202,204,205,206,353,355,356,357,358,360,361,362,363,364,418,:
360:205,355,356,357,358,359,361,362,363,364,365,375,376,377,:
361:29,31,356,357,358,359,360,362,363,364,365,375,376,377,378,379,:
362:14,29,31,356,357,358,359,360,361,363,364,375,376,377,378,379,380,407,:
363:202,205,356,358,359,360,361,362,364,365,366,370,375,376,:
364:358,359,360,361,362,363,365,366,367,368,369,370,371,375,376,:
365:360,361,363,364,366,367,368,369,370,371,372,373,375,376,:
366:363,364,365,367,368,369,370,371,372,373,374,375,376,:
367:364,365,366,368,369,370,372,373,374,375,376,:
368:364,365,366,367,369,370,371,372,373,374,400,:
369:364,365,366,367,368,370,371,372,373,374,:
370:363,364,365,366,367,368,369,371,372,374,:
371:364,365,366,368,369,370,372,373,374,:
372:365,366,367,368,369,370,371,373,374,400,:
373:365,366,367,368,369,371,372,374,:
374:366,367,368,369,370,371,372,373,400,:
375:29,31,356,357,358,360,361,362,363,364,365,366,367,376,377,378,379,380,381,:
376:356,357,358,360,361,362,363,364,365,366,367,375,377,378,379,:
377:360,361,362,375,376,378,379,380,381,382,:
378:14,29,31,361,362,375,376,377,379,380,381,382,383,385,386,:
379:1,2,4,13,14,21,29,30,31,356,357,361,362,375,376,377,378,380,381,382,385,386,:
380:31,178,362,375,377,378,379,381,382,383,384,385,386,387,388,:
381:177,178,375,377,378,379,380,382,383,384,385,386,387,399,:
382:14,31,377,378,379,380,381,383,384,385,386,387,388,389,394,:
383:378,380,381,382,384,385,387,388,389,390,391,392,393,394,:
384:178,380,381,382,383,385,387,388,389,390,391,392,393,394,:
385:42,177,178,257,266,267,378,379,380,381,382,383,384,386,387,388,:
386:21,257,263,266,267,269,276,378,379,380,381,382,385,:
387:30,249,250,252,380,381,382,383,384,385,388,389,390,391,392,393,394,:
388:14,30,31,249,250,252,380,382,383,384,385,387,389,390,392,393,394,:
389:249,252,382,383,384,387,388,390,391,392,393,394,395,:
390:383,384,387,388,389,391,392,393,394,395,396,397,398,:
391:223,383,384,387,389,390,392,393,394,395,396,:
392:249,383,384,387,388,389,390,391,393,:
393:383,384,387,388,389,390,391,392,394,395,396,397,398,399,401,:
394:382,383,384,387,388,389,390,391,393,395,396,397,398,399,406,:
395:389,390,391,393,394,396,397,398,399,400,401,:
396:390,391,393,394,395,397,398,399,403,:
397:231,233,390,393,394,395,396,398,402,403,404,405,406,407,:
398:390,393,394,395,396,397,399,400,401,:
399:381,393,394,395,396,398,400,401,:
400:368,372,374,395,398,399,401,:
401:393,395,398,399,400,:
402:233,397,403,404,405,406,407,408,409,415,421,:
403:231,233,234,396,397,402,404,405,406,407,408,415,421,:
404:205,206,397,402,403,405,406,407,408,409,415,416,421,:
405:205,206,397,402,403,404,406,407,408,415,416,417,418,419,420,421,:
406:14,30,31,205,206,394,397,402,403,404,405,407,415,416,417,418,421,:
407:205,206,362,397,402,403,404,405,406,408,409,410,415,:
408:402,403,404,405,407,409,410,411,:
409:402,404,407,408,410,411,412,413,414,:
410:407,408,409,411,412,413,414,:
411:408,409,410,412,413,414,:
412:409,410,411,413,414,:
413:409,410,411,412,414,:
414:409,410,411,412,413,:
415:203,205,206,233,402,403,404,405,406,407,416,417,418,419,420,421,422,423,:
416:206,211,404,405,406,415,417,418,419,420,421,422,423,424,:
417:30,205,206,211,405,406,415,416,418,419,420,421,422,423,424,425,426,427,:
418:30,203,204,205,206,359,405,406,415,416,417,419,421,422,423,424,425,426,427,428,434,:
419:208,211,218,405,415,416,417,418,420,421,422,423,426,:
420:233,234,405,415,416,417,419,421,:
421:203,206,402,403,404,405,406,415,416,417,418,419,420,:
422:15,30,33,208,211,251,415,416,417,418,419,423,424,425,426,427,428,:
423:33,208,210,211,218,251,415,416,417,418,419,422,424,425,426,:
424:1,15,20,30,32,33,211,251,341,416,417,418,422,423,425,426,427,428,429,:
425:208,341,417,418,422,423,424,426,427,428,429,430,431,432,434,442,444,:
426:207,208,211,417,418,419,422,423,424,425,427,428,429,430,432,434,442,444,:
427:20,338,340,341,417,418,422,424,425,426,428,429,430,431,432,433,434,435,436,:
428:3,20,337,338,339,340,341,353,355,418,422,424,425,426,427,429,430,431,432,434,:
429:338,341,424,425,426,427,428,430,431,432,433,434,435,436,437,442,:
430:330,338,341,425,426,427,428,429,431,432,433,434,435,436,437,438,439,440,441,442,:
431:329,330,331,332,334,337,338,341,425,427,428,429,430,432,433,435,436,437,438,440,441,442,:
432:338,341,345,346,348,350,425,426,427,428,429,430,431,433,434,435,436,:
433:346,347,348,350,427,429,430,431,432,434,435,436,:
434:201,203,341,345,348,349,350,351,352,418,425,426,427,428,429,430,432,433,:
435:330,427,429,430,431,432,433,436,437,438,439,440,441,442,:
436:427,429,430,431,432,433,435,437,438,439,440,441,442,:
437:313,316,330,429,430,431,435,436,438,439,440,441,442,443,:
438:313,316,430,431,435,436,437,439,440,441,:
439:430,435,436,437,438,440,:
440:312,313,316,430,431,435,436,437,438,439,441,442,443,444,445,:
441:316,430,431,435,436,437,438,440,442,443,444,445,446,:
442:425,426,429,430,431,435,436,437,440,441,443,444,445,446,447,448,:
443:315,316,321,323,437,440,441,442,444,445,446,447,:
444:208,212,425,426,440,441,442,443,445,446,447,448,:
445:151,323,328,440,441,442,443,444,446,447,448,:
446:260,441,442,443,444,445,447,448,:
447:151,152,254,258,259,260,442,443,444,445,446,448,:
448:211,251,254,259,260,442,444,445,446,447,:
