1:2,3,4,27,29,407,410,418,421,512,513,515,516,518,519,533,534,535,536,:
2:1,3,4,5,6,27,29,30,329,407,420,421,516,:
3:1,2,4,5,6,27,29,30,322,323,325,328,329,421,512,516,:
4:1,2,3,5,6,27,28,29,30,31,32,51,327,328,435,452,:
5:2,3,4,6,27,28,29,30,31,32,51,52,420,433,434,:
6:2,3,4,5,7,8,9,27,28,30,31,32,51,52,332,333,337,338,:
7:6,8,9,10,11,12,14,15,28,31,32,33,34,51,52,:
8:6,7,9,10,11,28,31,32,33,34,51,52,339,342,343,:
9:6,7,8,10,11,28,31,32,33,34,51,52,449,459,:
10:7,8,9,11,12,13,14,15,16,28,33,34,35,36,51,52,:
11:7,8,9,10,12,13,14,15,16,17,28,33,34,35,36,37,38,39,51,52,434,437,449,:
12:7,10,11,13,14,15,16,17,33,34,35,36,37,38,437,449,:
13:10,11,12,14,15,16,17,18,19,20,33,34,35,36,37,38,39,41,42,:
14:7,10,11,12,13,15,16,17,18,19,20,28,33,34,35,36,37,38,39,41,42,51,52,433,434,437,:
15:7,10,11,12,13,14,16,17,19,28,33,34,39,51,52,419,420,422,433,434,437,:
16:10,11,12,13,14,15,17,18,19,20,21,33,34,35,36,37,38,39,40,41,42,43,434,437,:
17:11,12,13,14,15,16,18,19,20,21,22,26,37,38,39,40,41,42,43,44,434,437,:
18:13,14,16,17,19,20,21,22,37,38,39,40,41,42,43,258,260,262,429,437,:
19:13,14,15,16,17,18,20,21,22,23,25,26,37,38,39,40,41,42,43,44,45,47,49,50,:
20:13,14,16,17,18,19,21,22,25,26,37,38,39,40,41,43,47,49,50,:
21:16,17,18,19,20,22,23,24,25,26,39,40,41,43,44,45,46,47,48,49,50,:
22:17,18,19,20,21,23,24,25,26,39,40,43,44,45,46,47,48,49,50,422,423,425,428,429,:
23:19,21,22,24,25,26,40,43,44,45,46,47,48,49,50,142,143,:
24:21,22,23,25,26,43,44,45,46,47,48,49,50,132,133,139,141,142,143,148,149,153,154,155,:
25:19,20,21,22,23,24,26,43,44,45,46,47,48,49,50,120,132,133,139,141,:
26:17,19,20,21,22,23,24,25,43,44,45,46,47,48,49,50,155,157,159,:
27:1,2,3,4,5,6,28,29,30,31,32,51,52,407,417,418,419,420,421,433,:
28:4,5,6,7,8,9,10,11,14,15,27,30,31,32,33,34,51,52,433,434,:
29:1,2,3,4,5,27,30,321,322,323,325,328,510,512,516,:
30:2,3,4,5,6,27,28,29,31,32,51,323,327,328,332,451,452,455,459,:
31:4,5,6,7,8,9,27,28,30,32,51,52,332,333,334,337,338,339,:
32:4,5,6,7,8,9,27,28,30,31,34,51,52,332,333,337,338,452,459,:
33:7,8,9,10,11,12,13,14,15,16,28,34,35,36,37,51,52,:
34:7,8,9,10,11,12,13,14,15,16,28,32,33,35,36,38,51,434,436,437,448,449,:
35:10,11,12,13,14,16,33,34,36,37,38,:
36:10,11,12,13,14,16,33,34,35,37,38,437,448,449,:
37:11,12,13,14,16,17,18,19,20,33,35,36,38,39,41,:
38:11,12,13,14,16,17,18,19,20,34,35,36,37,39,40,41,42,:
39:11,13,14,15,16,17,18,19,20,21,22,37,38,40,41,42,43,44,422,423,425,429,433,434,437,:
40:16,17,18,19,20,21,22,23,38,39,41,42,43,44,45,257,258,259,260,261,262,429,431,:
41:13,14,16,17,18,19,20,21,37,38,39,40,42,43,258,260,261,262,:
42:13,14,16,17,18,19,38,39,40,41,43,260,429,431,434,436,437,438,440,443,444,:
43:16,17,18,19,20,21,22,23,24,25,26,39,40,41,42,44,45,46,47,49,422,423,425,428,429,431,432,:
44:17,19,21,22,23,24,25,26,39,40,43,45,46,47,49,50,153,154,155,156,158,422,423,424,425,426,428,429,:
45:19,21,22,23,24,25,26,40,43,44,46,47,48,256,257,259,261,:
46:21,22,23,24,25,26,43,44,45,47,141,142,143,153,424,425,426,427,428,430,:
47:19,20,21,22,23,24,25,26,43,44,45,46,48,49,50,132,133,259,:
48:21,22,23,24,25,26,45,47,49,50,119,120,131,132,133,139,140,141,149,155,:
49:19,20,21,22,23,24,25,26,43,44,47,48,50,120,154,155,156,157,158,159,160,161,:
50:19,20,21,22,23,24,25,26,44,47,48,49,:
51:4,5,6,7,8,9,10,11,14,15,27,28,30,31,32,33,34,52,419,420,433,434,435,436,437,:
52:5,6,7,8,9,10,11,14,15,27,28,31,32,33,51,369,370,434,:
53:54,55,56,57,58,59,60,61,62,63,64,65,191,192,331,360,361,362,:
54:53,55,56,57,58,59,60,61,63,192,331,360,361,362,:
55:53,54,56,57,58,59,60,61,64,65,188,189,190,191,192,330,331,335,360,361,362,:
56:53,54,55,57,58,59,60,61,64,188,191,192,361,362,:
57:53,54,55,56,58,59,60,61,62,63,64,65,66,192,319,362,:
58:53,54,55,56,57,59,60,61,62,64,65,66,67,68,69,71,192,319,:
59:53,54,55,56,57,58,60,62,64,65,66,67,192,:
60:53,54,55,56,57,58,59,61,62,63,64,65,:
61:53,54,55,56,57,58,60,62,63,360,361,362,:
62:53,57,58,59,60,61,63,64,65,68,319,:
63:53,54,57,60,61,62,184,186,362,:
64:53,55,56,57,58,59,60,62,65,66,67,68,69,70,71,192,316,318,319,:
65:53,55,57,58,59,60,62,64,66,67,68,69,71,315,316,317,318,319,324,326,327,:
66:57,58,59,64,65,67,68,69,70,71,316,319,:
67:58,59,64,65,66,68,69,70,71,316,319,:
68:58,62,64,65,66,67,69,70,315,316,319,:
69:58,64,65,66,67,68,70,71,315,316,319,:
70:64,66,67,68,69,71,:
71:58,64,65,66,67,69,70,319,335,:
72:73,74,75,76,77,78,79,106,177,178,:
73:72,74,75,77,78,79,104,177,178,179,:
74:72,73,75,76,77,78,79,80,106,178,:
75:72,73,74,76,77,78,79,80,:
76:72,74,75,77,78,80,84,89,91,:
77:72,73,74,75,76,78,79,80,81,82,106,157,158,159,160,178,:
78:72,73,74,75,76,77,79,80,81,82,158,159,160,178,179,:
79:72,73,74,75,77,78,80,81,82,156,158,177,178,179,413,416,:
80:74,75,76,77,78,79,81,82,91,158,160,370,:
81:77,78,79,80,82,158,179,368,369,370,413,:
82:77,78,79,80,81,91,368,369,370,413,:
83:84,85,86,87,88,89,:
84:76,83,85,86,88,89,:
85:83,84,86,87,88,89,90,94,:
86:83,84,85,87,88,89,:
87:83,85,86,88,94,:
88:83,84,85,86,87,89,90,91,92,93,94,:
89:76,83,84,85,86,88,90,91,92,93,94,:
90:85,88,89,91,92,93,94,:
91:76,80,82,88,89,90,92,93,94,:
92:88,89,90,91,93,94,:
93:88,89,90,91,92,94,:
94:85,87,88,89,90,91,92,93,:
95:96,97,98,99,100,101,107,108,:
96:95,97,98,99,100,:
97:95,96,98,99,100,101,102,103,107,108,109,166,:
98:95,96,97,99,100,101,102,103,107,108,109,110,112,115,166,:
99:95,96,97,98,100,101,103,107,108,109,112,:
100:95,96,97,98,99,101,102,103,104,105,107,108,:
101:95,97,98,99,100,102,103,104,105,106,107,108,:
102:97,98,100,101,103,104,105,106,107,108,166,173,:
103:97,98,99,100,101,102,104,105,106,107,108,:
104:73,100,101,102,103,105,106,108,111,150,178,:
105:100,101,102,103,104,106,116,117,:
106:72,74,77,101,102,103,104,105,118,:
107:95,97,98,99,100,101,102,103,108,109,110,111,112,113,114,115,116,117,166,:
108:95,97,98,99,100,101,102,103,104,107,109,110,111,112,115,116,162,163,165,166,:
109:97,98,99,107,108,110,111,112,113,114,115,116,117,118,130,:
110:98,107,108,109,111,112,113,114,115,116,117,118,119,121,129,130,140,148,149,:
111:104,107,108,109,110,112,113,114,115,116,117,118,119,120,129,130,139,140,142,145,148,149,150,151,162,163,:
112:98,99,107,108,109,110,111,113,114,115,116,117,130,140,:
113:107,109,110,111,112,114,115,116,117,129,130,134,140,:
114:107,109,110,111,112,113,115,116,117,118,119,129,130,131,132,134,139,140,145,149,:
115:98,107,108,109,110,111,112,113,114,140,145,146,163,167,:
116:105,107,108,109,110,111,112,113,114,117,118,119,120,121,122,129,130,140,149,:
117:105,107,109,110,111,112,113,114,116,118,119,121,122,129,130,:
118:106,109,110,111,114,116,117,119,120,121,122,123,129,130,131,140,149,:
119:48,110,111,114,116,117,118,120,121,122,129,130,131,132,134,139,140,149,:
120:25,48,49,111,116,118,119,121,122,129,130,131,132,133,139,140,149,155,157,:
121:110,116,117,118,119,120,122,123,124,129,130,:
122:116,117,118,119,120,121,123,124,125,:
123:118,121,122,124,125,126,127,128,:
124:121,122,123,125,126,127,128,:
125:122,123,124,126,127,128,:
126:123,124,125,127,128,:
127:123,124,125,126,128,:
128:123,124,125,126,127,:
129:110,111,113,114,116,117,118,119,120,121,130,131,132,133,134,135,139,140,149,:
130:109,110,111,112,113,114,116,117,118,119,120,121,129,131,132,134,135,139,140,149,:
131:48,114,118,119,120,129,130,132,133,134,135,136,139,140,141,149,:
132:24,25,47,48,114,119,120,129,130,131,133,134,135,139,140,141,142,144,147,148,149,:
133:24,25,47,48,120,129,131,132,134,139,140,141,142,144,147,:
134:113,114,119,129,130,131,132,133,135,136,137,138,139,140,:
135:129,130,131,132,134,136,137,138,:
136:131,134,135,137,138,:
137:134,135,136,138,:
138:134,135,136,137,:
139:24,25,48,111,114,119,120,129,130,131,132,133,134,140,141,142,143,144,145,146,147,148,149,163,:
140:48,110,111,112,113,114,115,116,118,119,120,129,130,131,132,133,134,139,141,142,143,144,145,146,147,148,149,150,163,:
141:24,25,46,48,131,132,133,139,140,142,143,144,145,146,147,148,149,150,163,:
142:23,24,46,111,132,133,139,140,141,143,144,145,146,147,148,149,150,151,153,154,162,163,:
143:23,24,46,139,140,141,142,144,145,148,149,150,151,152,153,162,163,289,427,:
144:132,133,139,140,141,142,143,145,146,147,148,149,163,:
145:111,114,115,139,140,141,142,143,144,146,147,148,149,162,163,164,167,:
146:115,139,140,141,142,144,145,147,162,163,164,167,:
147:132,133,139,140,141,142,144,145,146,270,:
148:24,110,111,132,139,140,141,142,143,144,145,149,150,151,152,153,154,155,162,163,:
149:24,48,110,111,114,116,118,119,120,129,130,131,132,139,140,141,142,143,144,145,148,150,151,153,154,155,162,163,:
150:104,111,140,141,142,143,148,149,151,152,153,154,155,156,162,163,164,:
151:111,142,143,148,149,150,152,153,154,162,163,164,165,166,167,289,:
152:143,148,150,151,153,162,163,164,165,166,171,172,173,176,289,:
153:24,44,46,142,143,148,149,150,151,152,154,155,156,157,158,162,163,424,:
154:24,44,49,142,148,149,150,151,153,155,156,157,158,159,:
155:24,26,44,48,49,120,148,149,150,153,154,156,157,158,159,160,161,:
156:44,49,79,150,153,154,155,157,158,159,160,179,422,424,:
157:26,49,77,120,153,154,155,156,158,159,160,161,:
158:44,49,77,78,79,80,81,153,154,155,156,157,159,160,161,:
159:26,49,77,78,154,155,156,157,158,160,161,:
160:49,77,78,80,155,156,157,158,159,161,:
161:49,155,157,158,159,160,:
162:108,111,142,143,145,146,148,149,150,151,152,153,163,164,165,166,167,168,289,:
163:108,111,115,139,140,141,142,143,144,145,146,148,149,150,151,152,153,162,164,165,166,167,:
164:145,146,150,151,152,162,163,165,166,167,168,169,170,172,289,:
165:108,151,152,162,163,164,166,167,168,169,171,172,:
166:97,98,102,107,108,151,152,162,163,164,165,167,171,172,:
167:115,145,146,151,162,163,164,165,166,168,169,170,:
168:162,164,165,167,169,170,:
169:164,165,167,168,170,:
170:164,167,168,169,:
171:152,165,166,172,173,174,175,176,177,:
172:152,164,165,166,171,173,174,175,176,545,546,:
173:102,152,171,172,174,175,176,177,178,179,545,:
174:171,172,173,175,176,177,178,544,545,:
175:171,172,173,174,176,177,178,400,543,544,545,546,:
176:152,171,172,173,174,175,177,178,179,415,416,544,545,:
177:72,73,79,171,173,174,175,176,178,179,415,416,545,:
178:72,73,74,77,78,79,104,173,174,175,176,177,179,416,:
179:73,78,79,81,156,173,176,177,178,411,414,415,416,:
180:181,182,183,184,185,186,187,:
181:180,182,183,184,185,186,:
182:180,181,183,184,185,186,187,:
183:180,181,182,184,185,186,187,:
184:63,180,181,182,183,185,186,:
185:180,181,182,183,184,186,187,536,:
186:63,180,181,182,183,184,185,187,233,536,:
187:180,182,183,185,186,408,534,536,:
188:55,56,189,190,191,192,193,194,341,:
189:55,188,190,191,192,193,194,195,225,337,339,340,341,:
190:55,188,189,191,192,193,194,195,341,:
191:53,55,56,188,189,190,192,193,194,:
192:53,54,55,56,57,58,59,64,188,189,190,191,193,335,:
193:188,189,190,191,192,194,195,196,197,336,341,:
194:188,189,190,191,193,195,196,197,198,200,341,:
195:189,190,193,194,196,197,198,199,200,201,202,203,209,342,:
196:193,194,195,197,198,199,200,201,202,203,204,342,344,345,346,347,348,:
197:193,194,195,196,198,199,200,202,203,204,223,344,345,346,347,348,:
198:194,195,196,197,199,200,201,202,203,204,209,344,345,346,347,348,:
199:195,196,197,198,200,201,202,203,204,208,209,345,347,:
200:194,195,196,197,198,199,201,202,204,208,209,:
201:195,196,198,199,200,202,203,204,209,:
202:195,196,197,198,199,200,201,203,204,344,345,346,347,348,:
203:195,196,197,198,199,201,202,204,344,345,346,347,348,:
204:196,197,198,199,200,201,202,203,345,346,347,:
205:206,207,208,209,210,211,:
206:205,207,208,210,:
207:205,206,208,209,210,211,212,336,:
208:199,200,205,206,207,209,210,211,:
209:195,198,199,200,201,205,207,208,210,211,:
210:205,206,207,208,209,211,212,213,214,454,:
211:205,207,208,209,210,212,213,214,453,454,:
212:207,210,211,213,214,450,453,454,474,475,480,481,:
213:210,211,212,214,450,451,453,454,457,472,473,474,475,480,481,:
214:210,211,212,213,450,454,474,475,476,480,481,482,:
215:216,217,218,219,220,221,:
216:215,217,218,219,220,221,222,:
217:215,216,218,219,220,221,222,224,226,:
218:215,216,217,219,220,221,:
219:215,216,217,218,220,:
220:215,216,217,218,219,221,222,223,224,225,226,:
221:215,216,217,218,220,222,223,224,225,226,:
222:216,217,220,221,223,224,225,226,:
223:197,220,221,222,224,225,226,341,348,351,:
224:217,220,221,222,223,225,226,351,:
225:189,220,221,222,223,224,226,341,349,351,352,353,:
226:217,220,221,222,223,224,225,:
227:228,229,230,231,232,233,234,:
228:227,229,230,231,232,233,234,:
229:227,228,230,231,232,233,234,:
230:227,228,229,231,232,233,234,:
231:227,228,229,230,232,234,:
232:227,228,229,230,231,233,234,:
233:186,227,228,229,230,232,234,:
234:227,228,229,230,231,232,233,314,:
235:236,237,238,239,240,241,243,244,494,:
236:235,237,238,239,240,:
237:235,236,238,239,240,241,242,243,244,245,252,447,494,:
238:235,236,237,239,240,241,242,243,244,245,246,248,249,250,251,252,447,494,:
239:235,236,237,238,240,241,242,243,244,245,246,251,252,:
240:235,236,237,238,239,241,242,243,244,252,255,280,:
241:235,237,238,239,240,242,243,244,251,252,253,254,255,280,432,447,:
242:237,238,239,240,241,243,244,245,246,251,252,253,254,255,256,432,447,:
243:235,237,238,239,240,241,242,244,245,246,247,248,249,250,251,252,445,447,492,493,494,:
244:235,237,238,239,240,241,242,243,245,246,248,249,250,251,252,258,445,446,447,492,493,494,495,:
245:237,238,239,242,243,244,246,247,248,249,250,251,252,253,447,:
246:238,239,242,243,244,245,247,248,249,250,251,252,253,254,255,256,257,258,:
247:243,245,246,248,251,252,253,254,256,257,258,:
248:238,243,244,245,246,247,249,250,251,252,258,260,445,446,447,493,495,:
249:238,243,244,245,246,248,250,445,446,447,492,493,494,495,:
250:238,243,244,245,246,248,249,445,446,447,491,492,493,494,495,:
251:238,239,241,242,243,244,245,246,247,248,252,253,254,255,256,257,258,263,264,:
252:237,238,239,240,241,242,243,244,245,246,247,248,251,253,254,255,256,257,258,447,:
253:241,242,245,246,247,251,252,254,255,256,257,258,259,263,264,265,:
254:241,242,246,247,251,252,253,255,256,257,263,264,265,266,267,268,272,:
255:240,241,242,246,251,252,253,254,256,263,264,265,266,267,272,273,280,:
256:45,242,246,247,251,252,253,254,255,257,258,259,260,261,263,264,432,:
257:40,45,246,247,251,252,253,254,256,258,259,260,261,262,:
258:18,40,41,244,246,247,248,251,252,253,256,257,259,260,261,262,444,445,447,:
259:40,45,47,253,256,257,258,260,261,262,:
260:18,40,41,42,248,256,257,258,259,261,262,444,445,:
261:40,41,45,256,257,258,259,260,262,:
262:18,40,41,257,258,259,260,261,:
263:251,253,254,255,256,264,265,266,267,268,269,270,272,273,:
264:251,253,254,255,256,263,265,266,267,268,270,:
265:253,254,255,263,264,266,267,268,269,270,271,272,273,274,:
266:254,255,263,264,265,267,268,269,270,272,273,274,275,277,278,280,:
267:254,255,263,264,265,266,268,269,270,272,273,274,275,280,288,430,:
268:254,263,264,265,266,267,269,270,271,272,273,:
269:263,265,266,267,268,270,271,272,273,275,:
270:147,263,264,265,266,267,268,269,271,:
271:265,268,269,270,:
272:254,255,263,265,266,267,268,269,273,274,275,276,277,278,279,280,:
273:255,263,265,266,267,268,269,272,274,275,276,277,278,:
274:265,266,267,272,273,275,276,277,278,279,280,288,:
275:266,267,269,272,273,274,276,277,278,279,:
276:272,273,274,275,277,279,:
277:266,272,273,274,275,276,278,279,280,:
278:266,272,273,274,275,277,279,280,:
279:272,274,275,276,277,278,280,286,:
280:240,241,255,266,267,272,274,277,278,279,430,432,523,:
281:282,283,284,285,286,287,290,291,:
282:281,283,284,285,286,287,:
283:281,282,284,285,286,287,290,291,292,528,:
284:281,282,283,285,286,287,290,291,292,293,294,295,528,:
285:281,282,283,284,286,290,291,292,295,:
286:279,281,282,283,284,285,287,288,290,291,522,528,:
287:281,282,283,284,286,288,289,427,:
288:267,274,286,287,289,426,427,522,:
289:143,151,152,162,164,287,288,426,427,:
290:281,283,284,285,286,291,292,293,294,295,296,297,302,303,525,528,:
291:281,283,284,285,286,290,292,293,294,295,296,297,302,524,525,526,527,528,:
292:283,284,285,290,291,293,294,295,296,297,298,302,303,304,525,:
293:284,290,291,292,294,295,296,298,302,303,304,305,306,307,308,525,:
294:284,290,291,292,293,295,296,298,302,303,304,305,307,308,514,517,518,522,524,525,526,528,529,531,:
295:284,285,290,291,292,293,294,296,297,298,299,300,302,303,:
296:290,291,292,293,294,295,297,298,299,300,301,302,303,:
297:290,291,292,295,296,298,299,300,301,528,:
298:292,293,294,295,296,297,299,300,301,302,303,306,:
299:295,296,297,298,300,301,529,542,:
300:295,296,297,298,299,301,390,391,:
301:296,297,298,299,300,387,388,390,391,529,:
302:290,291,292,293,294,295,296,298,303,304,305,306,307,308,309,310,:
303:290,292,293,294,295,296,298,302,304,305,306,307,308,:
304:292,293,294,302,303,305,306,307,308,309,310,311,514,:
305:293,294,302,303,304,306,307,309,310,311,312,313,314,514,:
306:293,298,302,303,304,305,307,309,310,311,314,:
307:293,294,302,303,304,305,306,308,309,310,514,:
308:293,294,302,303,304,307,523,:
309:302,304,305,306,307,310,311,312,313,314,511,514,:
310:302,304,305,306,307,309,311,312,313,314,501,510,511,512,513,514,531,533,:
311:304,305,306,309,310,312,313,314,:
312:305,309,310,311,313,314,511,:
313:305,309,310,311,312,314,499,501,510,511,512,513,514,533,537,:
314:234,305,306,309,310,311,312,313,531,533,:
315:65,68,69,316,317,318,319,320,321,324,325,:
316:64,65,66,67,68,69,315,317,318,319,320,324,:
317:65,315,316,318,319,320,321,322,323,324,325,326,328,:
318:64,65,315,316,317,319,320,321,322,324,325,326,327,328,329,:
319:57,58,62,64,65,66,67,68,69,71,315,316,317,318,320,324,325,326,327,328,:
320:315,316,317,318,319,321,322,323,324,325,328,460,461,462,465,:
321:29,315,317,318,320,322,323,324,325,328,460,461,:
322:3,29,317,318,320,321,323,324,325,328,461,510,511,512,537,:
323:3,29,30,317,320,321,322,325,328,455,456,460,461,462,:
324:65,315,316,317,318,319,320,321,322,325,326,327,328,329,330,331,:
325:3,29,315,317,318,319,320,321,322,323,324,326,327,328,329,536,537,:
326:65,317,318,319,324,325,327,328,329,330,331,332,362,:
327:4,30,65,318,319,324,325,326,328,329,330,331,332,333,334,335,362,:
328:3,4,29,30,317,318,319,320,321,322,323,324,325,326,327,329,330,331,332,335,458,:
329:2,3,318,324,325,326,327,328,330,331,362,536,:
330:55,324,326,327,328,329,331,332,333,334,335,337,338,359,360,362,:
331:53,54,55,324,326,327,328,329,330,332,333,334,335,337,355,359,360,361,362,:
332:6,30,31,32,326,327,328,330,331,333,334,335,336,337,338,339,362,459,:
333:6,31,32,327,330,331,332,334,335,336,337,338,339,340,341,342,349,355,362,:
334:31,327,330,331,332,333,335,337,338,339,340,341,349,350,352,354,355,356,359,360,362,364,:
335:55,71,192,327,328,330,331,332,333,334,336,337,338,458,459,:
336:193,207,332,333,335,337,338,458,459,:
337:6,31,32,189,330,331,332,333,334,335,336,338,339,340,341,342,343,349,350,355,459,:
338:6,31,32,330,332,333,334,335,336,337,339,340,341,342,459,:
339:8,31,189,332,333,334,337,338,340,341,342,343,344,349,350,351,355,:
340:189,333,334,337,338,339,341,342,343,349,350,351,352,354,355,:
341:188,189,190,193,194,223,225,333,334,337,338,339,340,342,343,349,350,351,352,354,355,:
342:8,195,196,333,337,338,339,340,341,343,344,345,346,348,349,350,:
343:8,337,339,340,341,342,344,345,346,347,348,349,350,:
344:196,197,198,202,203,339,342,343,345,346,347,348,:
345:196,197,198,199,202,203,204,342,343,344,346,347,348,:
346:196,197,198,202,203,204,342,343,344,345,347,348,:
347:196,197,198,199,202,203,204,343,344,345,346,348,:
348:196,197,198,202,203,223,342,343,344,345,346,347,:
349:225,333,334,337,339,340,341,342,343,350,351,352,353,354,355,364,:
350:334,337,339,340,341,342,343,349,351,352,354,355,363,364,:
351:223,224,225,339,340,341,349,350,352,353,354,355,356,364,:
352:225,334,340,341,349,350,351,353,354,355,356,357,359,363,364,:
353:225,349,351,352,354,355,356,357,363,364,:
354:334,340,341,349,350,351,352,353,355,356,357,358,359,360,361,362,363,364,:
355:331,333,334,337,339,340,341,349,350,351,352,353,354,356,357,359,360,361,362,363,364,:
356:334,351,352,353,354,355,357,358,359,360,361,362,363,364,365,:
357:352,353,354,355,356,358,359,360,363,364,365,366,367,368,371,377,406,407,:
358:354,356,357,359,363,364,365,366,367,371,372,376,377,378,406,407,408,:
359:330,331,334,352,354,355,356,357,358,360,361,362,363,364,:
360:53,54,55,61,330,331,334,354,355,356,357,359,361,362,:
361:53,54,55,56,61,331,354,355,356,359,360,362,:
362:53,54,55,56,57,61,63,326,327,329,330,331,332,333,334,354,355,356,359,360,361,:
363:350,352,353,354,355,356,357,358,359,364,365,366,367,368,369,370,371,372,377,407,:
364:334,349,350,351,352,353,354,355,356,357,358,359,363,365,366,367,368,369,370,:
365:356,357,358,363,364,366,367,368,369,370,371,372,373,377,405,406,407,:
366:357,358,363,364,365,367,368,369,371,372,373,374,376,377,405,:
367:357,358,363,364,365,366,368,371,372,373,374,376,377,:
368:81,82,357,363,364,365,366,367,369,370,371,372,:
369:52,81,82,363,364,365,366,368,370,413,:
370:52,80,81,82,363,364,365,368,369,413,:
371:357,358,363,365,366,367,368,372,373,374,375,376,377,404,405,406,:
372:358,363,365,366,367,368,371,373,374,376,377,399,401,402,403,404,405,406,407,409,:
373:365,366,367,371,372,374,375,376,377,378,399,405,:
374:366,367,371,372,373,375,376,377,378,379,380,399,402,:
375:371,373,374,376,377,378,379,380,399,:
376:358,366,367,371,372,373,374,375,377,378,379,380,402,406,:
377:357,358,363,365,366,367,371,372,373,374,375,376,378,379,380,402,405,406,408,:
378:358,373,374,375,376,377,379,380,402,:
379:374,375,376,377,378,380,402,408,:
380:374,375,376,377,378,379,381,382,394,395,401,402,408,:
381:380,382,383,384,385,386,387,:
382:380,381,383,384,385,386,:
383:381,382,384,385,386,387,388,389,:
384:381,382,383,385,386,387,388,:
385:381,382,383,384,386,387,388,:
386:381,382,383,384,385,387,388,389,390,391,532,:
387:301,381,383,384,385,386,388,389,390,391,:
388:301,383,384,385,386,387,389,390,391,:
389:383,386,387,388,390,391,532,534,:
390:300,301,386,387,388,389,391,:
391:300,301,386,387,388,389,390,:
392:393,394,395,396,397,398,399,401,402,538,539,542,:
393:392,394,395,396,397,398,401,527,529,538,539,540,541,542,543,:
394:380,392,393,395,396,397,398,399,400,401,402,403,539,:
395:380,392,393,394,396,397,398,399,401,402,403,404,405,406,409,410,532,538,539,:
396:392,393,394,395,397,399,401,402,403,404,405,409,410,411,414,526,527,529,532,538,539,540,544,:
397:392,393,394,395,396,398,399,400,401,402,539,543,544,545,:
398:392,393,394,395,397,399,400,:
399:372,373,374,375,392,394,395,396,397,398,400,401,402,405,:
400:175,394,397,398,399,545,:
401:372,380,392,393,394,395,396,397,399,402,403,404,405,406,407,408,409,410,532,:
402:372,374,376,377,378,379,380,392,394,395,396,397,399,401,403,404,405,406,408,:
403:372,394,395,396,401,402,404,405,406,407,408,409,410,411,532,534,:
404:371,372,395,396,401,402,403,405,406,407,408,409,410,411,412,414,:
405:365,366,371,372,373,377,395,396,399,401,402,403,404,406,407,409,410,411,412,414,:
406:357,358,365,371,372,376,377,395,401,402,403,404,405,407,408,409,410,:
407:1,2,27,357,358,363,365,372,401,403,404,405,406,408,409,410,:
408:187,358,377,379,380,401,402,403,404,406,407,534,:
409:372,395,396,401,403,404,405,406,407,410,411,412,413,414,415,416,417,418,519,539,:
410:1,395,396,401,403,404,405,406,407,409,411,412,413,414,417,418,518,519,524,526,:
411:179,396,403,404,405,409,410,412,413,414,415,416,417,418,419,519,:
412:404,405,409,410,411,413,414,415,416,417,418,419,420,422,423,424,519,:
413:79,81,82,369,370,409,410,411,412,414,415,416,417,418,419,422,:
414:179,396,404,405,409,410,411,412,413,415,416,417,418,424,518,519,538,539,544,:
415:176,177,179,409,411,412,413,414,416,417,418,424,544,:
416:79,176,177,178,179,409,411,412,413,414,415,544,545,:
417:27,409,410,411,412,413,414,415,418,419,420,421,422,423,424,433,434,516,519,:
418:1,27,409,410,411,412,413,414,415,417,419,420,421,422,423,424,433,515,516,517,518,519,520,:
419:15,27,51,411,412,413,417,418,420,421,422,423,424,425,433,434,435,:
420:2,5,15,27,51,412,417,418,419,421,422,423,425,429,433,434,435,436,437,515,516,:
421:1,2,3,27,417,418,419,420,422,423,425,433,434,435,513,515,516,517,518,519,520,521,:
422:15,22,39,43,44,156,412,413,417,418,419,420,421,423,424,425,426,428,429,433,434,:
423:22,39,43,44,412,417,418,419,420,421,422,424,425,426,427,428,429,430,431,433,434,:
424:44,46,153,156,412,414,415,417,418,419,422,423,425,426,427,428,429,430,:
425:22,39,43,44,46,419,420,421,422,423,424,426,427,428,429,430,431,432,433,520,521,:
426:44,46,288,289,422,423,424,425,427,428,429,430,432,520,522,:
427:46,143,287,288,289,423,424,425,426,428,430,522,:
428:22,43,44,46,422,423,424,425,426,427,429,430,431,432,520,521,522,:
429:18,22,39,40,42,43,44,420,422,423,424,425,426,428,430,431,432,433,434,435,521,:
430:46,267,280,423,424,425,426,427,428,429,431,432,521,522,:
431:40,42,43,423,425,428,429,430,432,521,:
432:43,241,242,256,280,425,426,428,429,430,431,521,:
433:5,14,15,27,28,39,51,417,418,419,420,421,422,423,425,429,434,435,436,437,438,439,516,:
434:5,11,14,15,16,17,28,34,39,42,51,52,417,419,420,421,422,423,429,433,435,436,437,438,:
435:4,51,419,420,421,429,433,434,436,437,438,439,440,516,:
436:34,42,51,420,433,434,435,437,438,439,440,441,443,448,449,452,:
437:11,12,14,15,16,17,18,34,36,39,42,51,420,433,434,435,436,438,439,440,441,448,449,452,:
438:42,433,434,435,436,437,439,440,441,442,443,444,448,449,452,:
439:433,435,436,437,438,440,441,442,443,444,448,500,:
440:42,435,436,437,438,439,441,442,443,444,445,448,449,450,:
441:436,437,438,439,440,442,443,444,448,449,450,451,452,:
442:438,439,440,441,443,448,449,450,451,452,471,472,473,474,475,476,477,478,:
443:42,436,438,439,440,441,442,444,445,446,447,448,449,:
444:42,258,260,438,439,440,441,443,445,446,447,493,:
445:243,244,248,249,250,258,260,440,443,444,446,447,490,491,492,493,494,495,:
446:244,248,249,250,443,444,445,447,490,491,492,493,494,495,:
447:237,238,241,242,243,244,245,248,249,250,252,258,443,444,445,446,490,491,492,493,494,495,:
448:34,36,436,437,438,439,440,441,442,443,449,450,451,452,453,454,:
449:9,11,12,34,36,436,437,438,440,441,442,443,448,450,451,452,:
450:212,213,214,440,441,442,448,449,451,452,453,454,455,474,475,476,:
451:30,213,441,442,448,449,450,452,453,454,455,456,458,459,:
452:4,30,32,436,437,438,441,442,448,449,450,451,453,454,455,456,458,459,:
453:211,212,213,448,450,451,452,454,455,456,457,458,459,460,461,467,:
454:210,211,212,213,214,448,450,451,452,453,455,456,457,458,459,460,467,472,475,:
455:30,323,450,451,452,453,454,456,457,458,459,460,461,462,467,:
456:323,451,452,453,454,455,457,458,460,461,462,463,465,466,467,:
457:213,453,454,455,456,458,460,461,462,463,464,465,466,467,:
458:328,335,336,451,452,453,454,455,456,457,459,460,461,:
459:9,30,32,332,335,336,337,338,451,452,453,454,455,458,:
460:320,321,323,453,454,455,456,457,458,461,462,463,464,465,466,467,:
461:320,321,322,323,453,455,456,457,458,460,462,463,465,466,467,:
462:320,323,455,456,457,460,461,463,464,465,466,467,468,:
463:456,457,460,461,462,464,465,466,467,468,469,470,471,:
464:457,460,462,463,465,466,467,468,469,470,:
465:320,456,457,460,461,462,463,464,466,:
466:456,457,460,461,462,463,464,465,467,468,469,470,471,472,:
467:453,454,455,456,457,460,461,462,463,464,466,468,469,470,471,472,:
468:462,463,464,466,467,469,470,471,472,473,:
469:463,464,466,467,468,470,471,472,484,:
470:463,464,466,467,468,469,471,483,484,485,486,487,488,:
471:442,463,466,467,468,469,470,472,473,474,:
472:213,442,454,466,467,468,469,471,473,474,475,476,478,:
473:213,442,468,471,472,474,475,476,477,478,479,480,481,:
474:212,213,214,442,450,471,472,473,475,476,477,478,479,480,481,482,:
475:212,213,214,442,450,454,472,473,474,476,477,478,480,481,482,:
476:214,442,450,472,473,474,475,477,478,479,480,481,482,:
477:442,473,474,475,476,478,479,480,481,482,:
478:442,472,473,474,475,476,477,479,480,482,:
479:473,474,476,477,478,480,481,482,:
480:212,213,214,473,474,475,476,477,478,479,481,482,:
481:212,213,214,473,474,475,476,477,479,480,482,:
482:214,474,475,476,477,478,479,480,481,:
483:470,484,485,486,487,488,489,490,496,497,:
484:469,470,483,485,486,487,488,489,:
485:470,483,484,486,487,488,489,490,496,497,498,:
486:470,483,484,485,487,488,489,496,497,498,499,500,501,502,504,:
487:470,483,484,485,486,488,496,497,498,499,501,502,:
488:470,483,484,485,486,487,489,490,491,496,497,:
489:483,484,485,486,488,490,491,492,:
490:445,446,447,483,485,488,489,491,492,493,494,495,:
491:250,445,446,447,488,489,490,492,493,494,495,:
492:243,244,249,250,445,446,447,489,490,491,493,494,495,:
493:243,244,248,249,250,444,445,446,447,490,491,492,494,495,:
494:235,237,238,243,244,249,250,445,446,447,490,491,492,493,495,:
495:244,248,249,250,445,446,447,490,491,492,493,494,:
496:483,485,486,487,488,497,498,499,500,501,502,503,504,510,:
497:483,485,486,487,488,496,498,499,500,501,502,504,:
498:485,486,487,496,497,499,500,501,502,503,504,510,511,512,:
499:313,486,487,496,497,498,500,501,502,510,511,512,513,514,:
500:439,486,496,497,498,499,501,510,511,512,513,515,516,523,:
501:310,313,486,487,496,497,498,499,500,502,503,504,505,506,510,511,:
502:486,487,496,497,498,499,501,503,504,505,506,507,:
503:496,498,501,502,504,505,506,507,508,509,:
504:486,496,497,498,501,502,503,505,506,507,508,:
505:501,502,503,504,506,507,508,509,:
506:501,502,503,504,505,507,508,509,:
507:502,503,504,505,506,508,509,:
508:503,504,505,506,507,509,:
509:503,505,506,507,508,:
510:29,310,313,322,496,498,499,500,501,511,512,513,514,515,516,:
511:309,310,312,313,322,498,499,500,501,510,512,513,514,:
512:1,3,29,310,313,322,498,499,500,510,511,513,514,515,516,517,533,:
513:1,310,313,421,499,500,510,511,512,514,515,516,517,518,519,520,521,523,531,533,:
514:294,304,305,307,309,310,313,499,510,511,512,513,515,516,517,518,520,523,524,525,531,533,:
515:1,418,420,421,500,510,512,513,514,516,517,518,519,520,521,522,523,524,525,531,:
516:1,2,3,29,417,418,420,421,433,435,500,510,512,513,514,515,517,518,519,520,521,523,:
517:294,418,421,512,513,514,515,516,518,519,520,521,522,523,524,525,526,:
518:1,294,410,414,418,421,513,514,515,516,517,519,520,521,522,524,525,526,527,528,529,530,531,:
519:1,409,410,411,412,414,417,418,421,513,515,516,517,518,520,522,524,525,526,527,529,530,:
520:418,421,425,426,428,513,514,515,516,517,518,519,521,522,523,524,525,:
521:421,425,428,429,430,431,432,513,515,516,517,518,520,522,523,:
522:286,288,294,426,427,428,430,515,517,518,519,520,521,523,524,525,:
523:280,308,500,513,514,515,516,517,520,521,522,:
524:291,294,410,514,515,517,518,519,520,522,525,526,527,528,529,530,531,538,539,:
525:290,291,292,293,294,514,515,517,518,519,520,522,524,526,527,528,529,530,531,:
526:291,294,396,410,517,518,519,524,525,527,528,529,530,531,532,538,539,540,:
527:291,393,396,518,519,524,525,526,528,529,530,538,539,540,541,542,543,:
528:283,284,286,290,291,294,297,518,524,525,526,527,529,538,539,540,541,542,:
529:294,299,301,393,396,518,519,524,525,526,527,528,530,531,532,533,534,538,539,:
530:518,519,524,525,526,527,529,531,532,533,534,535,:
531:294,310,314,513,514,515,518,524,525,526,529,530,532,533,534,535,536,537,:
532:386,389,395,396,401,403,526,529,530,531,533,534,535,536,:
533:1,310,313,314,512,513,514,529,530,531,532,534,535,536,537,:
534:1,187,389,403,408,529,530,531,532,533,535,536,537,:
535:1,530,531,532,533,534,536,537,:
536:1,185,186,187,325,329,531,532,533,534,535,537,:
537:313,322,325,531,533,534,535,536,:
538:392,393,395,396,414,524,526,527,528,529,539,540,541,542,543,544,545,546,:
539:392,393,394,395,396,397,409,414,524,526,527,528,529,538,540,541,542,543,544,545,:
540:393,396,526,527,528,538,539,541,542,543,544,545,546,:
541:393,527,528,538,539,540,542,543,544,546,:
542:299,392,393,527,528,538,539,540,541,543,546,:
543:175,393,397,527,538,539,540,541,542,544,545,546,:
544:174,175,176,396,397,414,415,416,538,539,540,541,543,545,546,:
545:172,173,174,175,176,177,397,400,416,538,539,540,543,544,546,:
546:172,175,538,540,541,542,543,544,545,:
