1:2,3,4,5,6,7,8,9,74,75,76,85,86,93,94,98,99,103,107,108,109,111,112,:
2:1,3,4,5,6,7,8,75,94,98,99,100,101,103,107,109,111,112,113,116,:
3:1,2,4,5,6,60,69,74,75,76,77,85,86,87,88,92,93,94,96,98,99,100,103,107,108,109,110,112,:
4:1,2,3,5,6,7,69,74,75,76,86,94,109,110,:
5:1,2,3,4,6,7,8,9,10,29,30,74,75,76,77,85,86,93,94,95,96,98,99,112,:
6:1,2,3,4,5,7,8,9,10,11,29,30,32,34,37,93,94,95,112,120,125,126,:
7:1,2,4,5,6,8,9,10,29,30,32,112,116,:
8:1,2,5,6,7,9,10,34,37,93,94,95,96,97,98,99,101,111,112,113,114,116,119,120,121,124,125,126,:
9:1,5,6,7,8,10,11,12,13,15,17,18,19,29,30,31,32,34,37,93,94,95,125,126,:
10:5,6,7,8,9,11,12,13,14,15,17,29,30,31,32,34,37,80,81,285,:
11:6,9,10,12,13,14,15,16,17,18,29,30,31,32,33,34,35,36,37,81,285,:
12:9,10,11,13,14,15,16,17,18,19,27,28,29,30,31,32,33,34,35,36,37,41,281,282,284,285,:
13:9,10,11,12,14,15,16,17,18,29,30,31,32,33,34,35,36,37,:
14:10,11,12,13,15,16,17,30,31,32,33,34,35,36,:
15:9,10,11,12,13,14,16,17,18,19,28,30,31,32,33,34,35,36,37,125,126,:
16:11,12,13,14,15,17,18,19,28,32,33,34,35,36,37,126,:
17:9,10,11,12,13,14,15,16,18,19,20,21,27,28,29,31,32,33,34,35,36,37,41,126,285,:
18:9,11,12,13,15,16,17,19,20,21,22,25,27,28,34,35,36,37,41,126,281,355,:
19:9,12,15,16,17,18,20,21,22,27,28,34,36,37,95,124,125,126,355,:
20:17,18,19,21,22,23,24,27,28,34,37,126,269,271,350,351,355,:
21:17,18,19,20,22,23,24,25,27,28,36,37,38,41,269,279,350,351,355,:
22:18,19,20,21,23,24,25,26,27,28,38,40,41,271,274,275,279,303,345,350,351,355,:
23:20,21,22,24,25,28,38,268,269,270,271,272,273,274,275,303,338,339,341,344,345,350,351,357,:
24:20,21,22,23,25,26,27,28,38,39,40,41,275,279,301,302,303,351,355,:
25:18,21,22,23,24,26,27,28,38,39,40,41,302,303,:
26:22,24,25,27,28,38,39,40,41,301,302,303,309,310,:
27:12,17,18,19,20,21,22,24,25,26,28,36,38,39,40,41,355,:
28:12,15,16,17,18,19,20,21,22,23,24,25,26,27,34,35,36,37,38,39,41,281,355,:
29:5,6,7,9,10,11,12,13,17,30,31,32,76,77,78,79,80,81,82,85,93,94,285,:
30:5,6,7,9,10,11,12,13,14,15,29,31,32,34,80,81,:
31:9,10,11,12,13,14,15,17,29,30,32,33,34,36,80,81,82,83,285,:
32:6,7,9,10,11,12,13,14,15,16,17,29,30,31,33,34,35,36,:
33:11,12,13,14,15,16,17,31,32,34,35,36,:
34:6,8,9,10,11,12,13,14,15,16,17,18,19,20,28,30,31,32,33,35,36,37,125,126,:
35:11,12,13,14,15,16,17,18,28,32,33,34,36,41,:
36:11,12,13,14,15,16,17,18,19,21,27,28,31,32,33,34,35,37,41,284,:
37:6,8,9,10,11,12,13,15,16,17,18,19,20,21,28,34,36,95,124,125,126,127,:
38:21,22,23,24,25,26,27,28,39,40,275,296,300,301,302,303,305,:
39:24,25,26,27,28,38,40,41,302,310,:
40:22,24,25,26,27,38,39,41,301,302,303,304,305,306,309,310,:
41:12,17,18,21,22,24,25,26,27,28,35,36,39,40,284,:
42:43,44,45,46,47,48,49,51,52,221,:
43:42,44,45,46,47,49,51,220,221,:
44:42,43,45,46,47,48,49,50,51,52,53,105,:
45:42,43,44,46,47,48,49,51,52,53,54,105,220,221,:
46:42,43,44,45,47,49,51,52,53,220,221,222,224,:
47:42,43,44,45,46,48,49,50,51,52,:
48:42,44,45,47,49,50,51,52,:
49:42,43,44,45,46,47,48,50,51,:
50:44,47,48,49,219,:
51:42,43,44,45,46,47,48,49,52,53,54,55,56,57,105,106,221,:
52:42,44,45,46,47,48,51,53,54,55,56,105,106,213,:
53:44,45,46,51,52,54,55,56,57,58,60,66,221,224,:
54:45,51,52,53,55,56,57,58,59,60,61,64,66,108,212,213,216,:
55:51,52,53,54,56,57,58,59,60,66,67,106,107,108,110,209,210,212,213,216,:
56:51,52,53,54,55,57,58,59,60,61,62,64,65,66,67,213,216,:
57:51,53,54,55,56,58,59,60,61,62,63,64,65,66,216,224,:
58:53,54,55,56,57,59,60,61,62,63,64,65,66,67,68,73,213,216,:
59:54,55,56,57,58,60,61,62,66,67,68,69,70,71,72,73,91,107,108,110,213,:
60:3,53,54,55,56,57,58,59,61,67,68,69,70,73,74,75,85,86,90,91,92,106,107,108,109,110,:
61:54,56,57,58,59,60,62,63,64,65,66,67,70,73,91,:
62:56,57,58,59,61,63,64,65,66,:
63:57,58,61,62,64,65,66,:
64:54,56,57,58,61,62,63,65,66,216,:
65:56,57,58,61,62,63,64,66,216,:
66:53,54,55,56,57,58,59,61,62,63,64,65,215,216,:
67:55,56,58,59,60,61,68,69,70,71,72,73,74,75,108,110,:
68:58,59,60,67,69,70,71,72,73,74,75,76,86,108,110,:
69:3,4,59,60,67,68,70,71,72,73,74,75,76,77,79,85,86,:
70:59,60,61,67,68,69,71,73,74,75,76,77,78,79,85,86,91,:
71:59,67,68,69,70,72,73,74,75,:
72:59,67,68,69,71,73,:
73:58,59,60,61,67,68,69,70,71,72,:
74:1,3,4,5,60,67,68,69,70,71,75,76,77,78,79,80,85,86,:
75:1,2,3,4,5,60,67,68,69,70,71,74,76,77,79,85,86,107,108,109,110,:
76:1,3,4,5,29,68,69,70,74,75,77,78,79,80,81,82,84,85,86,87,94,:
77:3,5,29,69,70,74,75,76,78,79,80,81,82,84,85,86,87,88,90,91,93,94,285,:
78:29,70,74,76,77,79,80,81,82,84,85,86,87,88,93,94,281,282,283,284,285,:
79:29,69,70,74,75,76,77,78,80,81,82,83,84,85,86,:
80:10,29,30,31,74,76,77,78,79,81,82,83,84,285,:
81:10,11,29,30,31,76,77,78,79,80,82,83,84,:
82:29,31,76,77,78,79,80,81,83,84,285,:
83:31,79,80,81,82,84,285,:
84:76,77,78,79,80,81,82,83,283,285,:
85:1,3,5,29,60,69,70,74,75,76,77,78,79,86,87,88,89,90,91,92,93,94,99,:
86:1,3,4,5,60,68,69,70,74,75,76,77,78,79,85,87,88,90,91,92,93,94,99,107,108,109,:
87:3,76,77,78,85,86,88,89,90,91,92,93,94,95,99,:
88:3,77,78,85,86,87,89,90,91,92,93,94,95,96,98,99,269,281,:
89:85,87,88,90,92,93,94,95,96,99,267,268,269,281,:
90:60,77,85,86,87,88,89,91,92,93,94,234,:
91:59,60,61,70,77,85,86,87,88,90,92,230,234,:
92:3,60,85,86,87,88,89,90,91,93,94,99,108,224,227,:
93:1,3,5,6,8,9,29,77,78,85,86,87,88,89,90,92,94,95,96,97,98,99,:
94:1,2,3,4,5,6,8,9,29,76,77,78,85,86,87,88,89,90,92,93,95,96,98,99,112,:
95:5,6,8,9,19,37,87,88,89,93,94,96,97,98,99,100,120,269,:
96:3,5,8,88,89,93,94,95,97,98,99,100,101,102,103,111,112,119,120,128,129,:
97:8,93,95,96,98,99,100,101,102,111,112,119,120,121,122,124,128,129,130,133,134,136,138,:
98:1,2,3,5,8,88,93,94,95,96,97,99,100,101,102,103,104,109,111,112,120,129,:
99:1,2,3,5,8,85,86,87,88,89,92,93,94,95,96,97,98,100,101,103,104,107,108,109,111,112,:
100:2,3,95,96,97,98,99,101,102,103,104,105,109,111,112,113,120,129,228,:
101:2,8,96,97,98,99,100,102,103,104,111,112,113,114,115,116,119,120,128,129,137,138,:
102:96,97,98,100,101,103,104,111,112,113,114,115,119,120,128,129,130,131,133,137,138,139,142,:
103:1,2,3,96,98,99,100,101,102,104,105,106,107,108,109,110,111,112,:
104:98,99,100,101,102,103,105,106,107,108,109,196,228,:
105:44,45,51,52,100,103,104,106,107,108,109,110,196,:
106:51,52,55,60,103,104,105,107,108,109,110,209,:
107:1,2,3,55,59,60,75,86,99,103,104,105,106,108,109,110,:
108:1,3,54,55,59,60,67,68,75,86,92,99,103,104,105,106,107,109,110,:
109:1,2,3,4,60,75,86,98,99,100,103,104,105,106,107,108,110,112,:
110:3,4,55,59,60,67,68,75,103,105,106,107,108,109,207,208,209,:
111:1,2,8,96,97,98,99,100,101,102,103,112,113,114,115,116,117,119,120,129,138,:
112:1,2,3,5,6,7,8,94,96,97,98,99,100,101,102,103,109,111,113,114,116,117,119,120,:
113:2,8,100,101,102,111,112,114,115,116,117,118,119,120,121,129,138,188,:
114:8,101,102,111,112,113,115,116,117,119,120,121,122,123,124,128,129,137,138,150,:
115:101,102,111,113,114,116,117,119,120,121,122,123,128,129,131,137,138,139,140,142,149,150,151,154,155,156,157,158,159,161,:
116:2,7,8,101,111,112,113,114,115,117,118,119,120,188,:
117:111,112,113,114,115,116,118,158,184,185,186,187,188,:
118:113,116,117,184,185,186,187,188,:
119:8,96,97,101,102,111,112,113,114,115,116,120,121,122,123,124,125,126,127,128,129,138,150,:
120:6,8,95,96,97,98,100,101,102,111,112,113,114,115,116,119,121,122,124,125,126,128,129,:
121:8,97,113,114,115,119,120,122,123,124,125,126,127,128,129,130,138,150,:
122:97,114,115,119,120,121,123,124,125,127,128,129,130,131,132,133,137,138,150,161,:
123:114,115,119,121,122,124,127,128,129,130,131,132,137,138,149,150,154,160,161,162,165,:
124:8,19,37,97,114,119,120,121,122,123,125,126,127,128,129,:
125:6,8,9,15,19,34,37,119,120,121,122,124,126,127,:
126:6,8,9,15,16,17,18,19,20,34,37,119,120,121,124,125,127,:
127:37,119,121,122,123,124,125,126,128,129,347,348,349,350,352,:
128:96,97,101,102,114,115,119,120,121,122,123,124,127,129,130,131,132,133,134,135,137,138,150,161,:
129:96,97,98,100,101,102,111,113,114,115,119,120,121,122,123,124,127,128,130,131,133,134,137,138,:
130:97,102,121,122,123,128,129,131,132,133,134,135,136,137,138,139,161,:
131:102,115,122,123,128,129,130,132,133,134,135,137,138,139,140,141,142,149,150,160,161,:
132:122,123,128,130,131,133,135,137,138,139,140,141,149,150,160,161,162,163,165,:
133:97,102,122,128,129,130,131,132,134,135,136,137,138,:
134:97,128,129,130,131,133,135,136,349,:
135:128,130,131,132,133,134,136,137,138,:
136:97,130,133,134,135,227,228,:
137:101,102,114,115,122,123,128,129,130,131,132,133,135,138,139,140,141,142,143,149,150,161,:
138:97,101,102,111,113,114,115,119,121,122,123,128,129,130,131,132,133,135,137,139,140,142,149,150,:
139:102,115,130,131,132,137,138,140,141,142,143,144,145,149,150,151,161,:
140:115,131,132,137,138,139,141,142,143,144,145,149,150,151,152,153,154,160,161,:
141:131,132,137,139,140,142,143,145,149,150,151,152,153,160,161,:
142:102,115,131,137,138,139,140,141,143,144,145,146,147,149,150,:
143:137,139,140,141,142,144,145,146,147,148,149,150,:
144:139,140,142,143,145,146,147,148,:
145:139,140,141,142,143,144,146,147,148,149,150,156,:
146:142,143,144,145,147,148,180,:
147:142,143,144,145,146,148,:
148:143,144,145,146,147,179,181,:
149:115,123,131,132,137,138,139,140,141,142,143,145,150,151,152,153,154,155,156,157,160,161,:
150:114,115,119,121,122,123,128,131,132,137,138,139,140,141,142,143,145,149,151,152,154,155,156,157,159,160,161,:
151:115,139,140,141,149,150,152,153,154,155,156,157,159,160,161,162,:
152:140,141,149,150,151,153,154,155,160,161,162,163,164,165,:
153:140,141,149,151,152,154,160,161,162,163,164,:
154:115,123,140,149,150,151,152,153,155,156,157,158,159,160,161,:
155:115,149,150,151,152,154,156,157,158,159,:
156:115,145,149,150,151,154,155,157,158,159,:
157:115,149,150,151,154,155,156,158,159,:
158:115,117,154,155,156,157,159,:
159:115,150,151,154,155,156,157,158,:
160:123,131,132,140,141,149,150,151,152,153,154,161,162,163,164,165,:
161:115,122,123,128,130,131,132,137,139,140,141,149,150,151,152,153,154,160,162,163,165,:
162:123,132,151,152,153,160,161,163,164,165,:
163:132,152,153,160,161,162,164,165,:
164:152,153,160,162,163,165,:
165:123,132,152,160,161,162,163,164,:
166:167,168,169,170,171,172,:
167:166,168,169,170,171,:
168:166,167,169,170,171,172,173,:
169:166,167,168,170,171,172,177,:
170:166,167,168,169,171,172,177,:
171:166,167,168,169,170,172,173,174,175,:
172:166,168,169,170,171,173,174,175,:
173:168,171,172,174,175,182,187,:
174:171,172,173,175,187,:
175:171,172,173,174,182,183,184,185,186,187,188,:
176:177,178,179,180,181,182,:
177:169,170,176,178,179,180,181,182,190,193,194,:
178:176,177,179,180,181,182,183,190,:
179:148,176,177,178,180,181,182,190,:
180:146,176,177,178,179,181,189,190,191,194,:
181:148,176,177,178,179,180,182,183,184,:
182:173,175,176,177,178,179,181,183,184,185,186,187,:
183:175,178,181,182,184,185,186,187,188,:
184:117,118,175,181,182,183,185,186,187,188,197,:
185:117,118,175,182,183,184,186,187,188,:
186:117,118,175,182,183,184,185,187,188,:
187:117,118,173,174,175,182,183,184,185,186,188,:
188:113,116,117,118,175,183,184,185,186,187,197,:
189:180,190,191,192,193,194,195,198,199,:
190:177,178,179,180,189,191,192,193,194,:
191:180,189,190,192,193,194,195,196,197,198,199,200,:
192:189,190,191,193,194,195,196,198,199,200,201,202,203,:
193:177,189,190,191,192,194,195,196,198,199,200,201,202,:
194:177,180,189,190,191,192,193,195,196,197,198,199,:
195:189,191,192,193,194,196,197,198,199,202,:
196:104,105,191,192,193,194,195,197,198,199,202,:
197:184,188,191,194,195,196,:
198:189,191,192,193,194,195,196,199,200,201,202,203,204,205,:
199:189,191,192,193,194,195,196,198,200,201,202,203,204,205,:
200:191,192,193,198,199,201,202,203,204,205,206,:
201:192,193,198,199,200,202,203,204,207,:
202:192,193,195,196,198,199,200,201,203,207,208,:
203:192,198,199,200,201,202,204,205,206,:
204:198,199,200,201,203,205,206,:
205:198,199,200,203,204,206,:
206:200,203,204,205,:
207:110,201,202,208,209,210,211,212,213,:
208:110,202,207,209,210,211,:
209:55,106,110,207,208,210,211,212,213,214,:
210:55,207,208,209,211,212,213,214,215,217,218,219,:
211:207,208,209,210,212,213,214,217,218,:
212:54,55,207,209,210,211,213,214,215,216,217,218,219,:
213:52,54,55,56,58,59,207,209,210,211,212,214,215,216,217,218,219,:
214:209,210,211,212,213,215,216,217,218,219,:
215:66,210,212,213,214,216,217,218,219,:
216:54,55,56,57,58,64,65,66,212,213,214,215,217,219,:
217:210,211,212,213,214,215,216,218,219,:
218:210,211,212,213,214,215,217,219,:
219:50,210,212,213,214,215,216,217,218,:
220:43,45,46,221,222,223,224,225,226,227,:
221:42,43,45,46,51,53,220,222,223,224,225,226,:
222:46,220,221,223,224,225,226,227,228,:
223:220,221,222,224,225,226,227,:
224:46,53,57,92,220,221,222,223,225,227,:
225:220,221,222,223,224,226,227,228,:
226:220,221,222,223,225,227,228,:
227:92,136,220,222,223,224,225,226,228,:
228:100,104,136,222,225,226,227,:
229:230,231,232,233,234,235,238,239,263,:
230:91,229,231,232,233,234,:
231:229,230,232,233,234,235,236,237,238,239,240,245,266,:
232:229,230,231,233,234,235,237,238,239,240,241,243,244,245,251,:
233:229,230,231,232,234,235,237,238,239,240,241,242,244,245,247,:
234:90,91,229,230,231,232,233,235,236,237,238,239,245,251,:
235:229,231,232,233,234,236,237,238,239,244,245,250,251,280,283,:
236:231,234,235,237,245,250,251,280,282,283,:
237:231,232,233,234,235,236,238,239,240,241,244,245,246,249,250,251,252,278,280,:
238:229,231,232,233,234,235,237,239,240,241,242,243,244,245,266,:
239:229,231,232,233,234,235,237,238,240,241,243,244,245,262,263,265,266,278,:
240:231,232,233,237,238,239,241,242,243,244,245,246,260,266,:
241:232,233,237,238,239,240,242,243,244,245,246,247,249,251,252,:
242:233,238,240,241,243,244,245,246,247,:
243:232,238,239,240,241,242,244,245,260,266,:
244:232,233,235,237,238,239,240,241,242,243,245,246,247,248,249,250,251,252,:
245:231,232,233,234,235,236,237,238,239,240,241,242,243,244,246,247,249,250,251,252,:
246:237,240,241,242,244,245,247,248,249,250,251,252,:
247:233,241,242,244,245,246,248,249,250,251,252,:
248:244,246,247,249,250,:
249:237,241,244,245,246,247,248,250,251,252,:
250:235,236,237,244,245,246,247,248,249,251,252,:
251:232,234,235,236,237,241,244,245,246,247,249,250,252,:
252:237,241,244,245,246,247,249,250,251,307,309,311,313,314,315,318,:
253:254,255,256,257,258,259,262,263,335,:
254:253,255,256,257,258,262,335,:
255:253,254,256,257,258,259,260,261,262,263,264,:
256:253,254,255,257,258,259,260,262,263,264,265,266,267,328,335,:
257:253,254,255,256,258,259,262,263,264,265,266,287,292,293,327,328,331,335,:
258:253,254,255,256,257,259,260,261,262,263,:
259:253,255,256,257,258,260,261,293,:
260:240,243,255,256,258,259,261,:
261:255,258,259,260,293,:
262:239,253,254,255,256,257,258,263,264,265,266,267,268,272,273,274,328,:
263:229,239,253,255,256,257,258,262,264,265,266,267,:
264:255,256,257,262,263,265,266,267,268,269,270,271,272,273,274,275,287,328,331,:
265:239,256,257,262,263,264,266,267,268,269,270,272,273,274,275,276,278,279,286,287,331,:
266:231,238,239,240,243,256,257,262,263,264,265,267,273,274,275,276,277,278,279,286,287,:
267:89,256,262,263,264,265,266,268,269,270,271,272,273,274,:
268:23,89,262,264,265,267,269,270,271,272,273,274,345,:
269:20,21,23,88,89,95,264,265,267,268,270,271,272,273,274,279,345,:
270:23,264,265,267,268,269,271,272,273,274,330,331,333,336,338,339,344,345,346,349,:
271:20,22,23,264,267,268,269,270,272,273,274,330,331,333,336,338,339,344,345,346,347,349,350,351,:
272:23,262,264,265,267,268,269,270,271,273,274,287,328,329,330,331,332,333,334,335,336,338,339,344,345,:
273:23,262,264,265,266,267,268,269,270,271,272,274,275,276,277,278,279,286,287,331,:
274:22,23,262,264,265,266,267,268,269,270,271,272,273,275,276,278,279,286,287,330,331,338,345,:
275:22,23,24,38,264,265,266,273,274,276,277,278,279,280,286,287,288,296,303,305,:
276:265,266,273,274,275,277,278,279,286,287,288,289,290,291,295,296,303,304,305,314,:
277:266,273,275,276,278,286,287,288,289,290,295,296,298,303,304,305,306,307,309,313,314,315,318,:
278:237,239,265,266,273,274,275,276,277,279,280,281,286,305,:
279:21,22,24,265,266,269,273,274,275,276,278,280,281,282,:
280:235,236,237,275,278,279,281,282,283,284,285,:
281:12,18,28,78,88,89,278,279,280,282,283,284,285,:
282:12,78,236,279,280,281,283,284,285,:
283:78,84,235,236,280,281,282,284,285,:
284:12,36,41,78,280,281,282,283,285,:
285:10,11,12,17,29,31,77,78,80,82,83,84,280,281,282,283,284,:
286:265,266,273,274,275,276,277,278,287,288,289,290,291,292,293,295,296,303,305,314,331,342,343,:
287:257,264,265,266,272,273,274,275,276,277,286,288,289,291,292,293,295,296,328,330,331,336,338,342,343,:
288:275,276,277,286,287,289,290,291,292,293,295,296,297,305,314,342,343,:
289:276,277,286,287,288,290,291,292,295,296,297,298,299,300,304,305,313,314,342,:
290:276,277,286,288,289,291,295,296,297,298,299,304,305,313,314,315,316,318,:
291:276,286,287,288,289,290,292,293,294,295,296,331,342,343,:
292:257,286,287,288,289,291,293,294,327,328,331,:
293:257,259,261,286,287,288,291,292,294,:
294:291,292,293,:
295:276,277,286,287,288,289,290,291,296,297,298,299,300,301,303,304,305,314,342,343,:
296:38,275,276,277,286,287,288,289,290,291,295,297,298,300,301,303,304,305,341,342,343,:
297:288,289,290,295,296,298,299,300,301,302,303,304,305,306,314,342,:
298:277,289,290,295,296,297,299,300,301,302,303,304,305,306,307,308,309,313,314,320,326,:
299:289,290,295,297,298,300,301,304,305,306,307,308,313,314,319,320,321,324,325,326,:
300:38,289,295,296,297,298,299,301,302,303,304,305,342,367,:
301:24,26,38,40,295,296,297,298,299,300,302,303,304,305,341,342,367,:
302:24,25,26,38,39,40,297,298,300,301,303,304,305,367,:
303:22,23,24,25,26,38,40,275,276,277,286,295,296,297,298,300,301,302,304,305,341,342,:
304:40,276,277,289,290,295,296,297,298,299,300,301,302,303,305,306,307,308,309,310,313,314,320,326,:
305:38,40,275,276,277,278,286,288,289,290,295,296,297,298,299,300,301,302,303,304,306,307,309,310,313,314,:
306:40,277,297,298,299,304,305,307,308,309,310,311,312,313,314,315,320,325,326,:
307:252,277,298,299,304,305,306,308,309,310,312,313,314,315,316,317,318,319,320,325,326,:
308:298,299,304,306,307,309,310,312,313,314,315,316,317,319,320,321,322,324,325,326,:
309:26,40,252,277,298,304,305,306,307,308,310,311,312,313,314,:
310:26,39,40,304,305,306,307,308,309,311,312,:
311:252,306,309,310,312,:
312:306,307,308,309,310,311,325,326,:
313:252,277,289,290,298,299,304,305,306,307,308,309,314,315,316,317,318,320,:
314:252,276,277,286,288,289,290,295,297,298,299,304,305,306,307,308,309,313,315,316,318,:
315:252,277,290,306,307,308,313,314,316,317,318,:
316:290,307,308,313,314,315,317,318,319,320,:
317:307,308,313,315,316,318,319,320,:
318:252,277,290,307,313,314,315,316,317,:
319:299,307,308,316,317,320,321,322,323,324,325,326,:
320:298,299,304,306,307,308,313,316,317,319,321,322,324,325,326,:
321:299,308,319,320,322,323,324,325,326,:
322:308,319,320,321,323,324,325,326,:
323:319,321,322,324,325,326,:
324:299,308,319,320,321,322,323,325,326,:
325:299,306,307,308,312,319,320,321,322,323,324,326,:
326:298,299,304,306,307,308,312,319,320,321,322,323,324,325,:
327:257,292,328,329,330,331,332,333,335,336,337,:
328:256,257,262,264,272,287,292,327,329,330,331,332,333,335,336,:
329:272,327,328,330,331,332,333,334,335,336,337,338,343,386,:
330:270,271,272,274,287,327,328,329,331,332,333,335,336,337,338,339,341,342,343,344,345,386,:
331:257,264,265,270,271,272,273,274,286,287,291,292,327,328,329,330,332,333,336,337,338,341,342,343,345,:
332:272,327,328,329,330,331,333,334,335,336,337,386,:
333:270,271,272,327,328,329,330,331,332,334,335,336,337,345,:
334:272,329,332,333,335,345,:
335:253,254,256,257,272,327,328,329,330,332,333,334,:
336:270,271,272,287,327,328,329,330,331,332,333,337,338,339,340,341,342,343,344,345,383,385,386,:
337:327,329,330,331,332,333,336,338,339,340,341,342,343,344,345,382,383,384,385,386,387,:
338:23,270,271,272,274,287,329,330,331,336,337,339,340,341,342,343,344,345,346,351,357,383,386,:
339:23,270,271,272,330,336,337,338,340,341,342,343,344,345,346,347,348,349,350,351,356,357,370,383,386,:
340:336,337,338,339,341,344,345,346,347,348,350,351,356,357,358,359,361,369,370,371,372,382,383,386,:
341:23,296,301,303,330,331,336,337,338,339,340,342,343,344,345,357,:
342:286,287,288,289,291,295,296,297,300,301,303,330,331,336,337,338,339,341,343,:
343:286,287,288,291,295,296,329,330,331,336,337,338,339,341,342,:
344:23,270,271,272,330,336,337,338,339,340,341,345,346,347,348,349,350,351,357,383,:
345:22,23,268,269,270,271,272,274,330,331,333,334,336,337,338,339,340,341,344,346,347,349,350,351,:
346:270,271,338,339,340,344,345,347,348,349,350,351,352,357,370,383,:
347:127,271,339,340,344,345,346,348,349,350,351,352,353,355,356,357,369,370,:
348:127,339,340,344,346,347,349,350,351,352,353,354,356,357,369,370,371,:
349:127,134,270,271,339,344,345,346,347,348,350,351,:
350:20,21,22,23,127,271,339,340,344,345,346,347,348,349,351,352,353,354,355,356,357,370,:
351:20,21,22,23,24,271,338,339,340,344,345,346,347,348,349,350,352,353,355,356,357,370,:
352:127,346,347,348,350,351,353,354,355,356,357,358,370,:
353:347,348,350,351,352,354,355,356,357,358,359,361,369,370,:
354:348,350,352,353,355,356,357,358,359,369,370,:
355:18,19,20,21,22,24,27,28,347,350,351,352,353,354,356,357,:
356:339,340,347,348,350,351,352,353,354,355,357,358,359,360,361,362,369,370,:
357:23,338,339,340,341,344,346,347,348,350,351,352,353,354,355,356,358,359,361,362,369,370,383,:
358:340,352,353,354,356,357,359,360,361,362,363,369,370,371,:
359:340,353,354,356,357,358,360,361,362,369,370,371,372,373,374,382,383,:
360:356,358,359,361,362,369,370,371,372,373,374,382,383,:
361:340,353,356,357,358,359,360,362,363,364,365,366,367,369,370,:
362:356,357,358,359,360,361,363,364,365,366,367,:
363:358,361,362,364,365,366,367,368,:
364:361,362,363,365,366,367,368,:
365:361,362,363,364,366,367,368,:
366:361,362,363,364,365,367,368,:
367:300,301,302,361,362,363,364,365,366,368,:
368:363,364,365,366,367,:
369:340,347,348,353,354,356,357,358,359,360,361,370,371,372,373,374,375,376,382,383,:
370:339,340,346,347,348,350,351,352,353,354,356,357,358,359,360,361,369,371,372,374,375,382,383,:
371:340,348,358,359,360,369,370,372,373,374,375,376,382,383,384,:
372:340,359,360,369,370,371,373,374,375,382,383,384,385,387,:
373:359,360,369,371,372,374,382,383,384,385,387,:
374:359,360,369,370,371,372,373,375,376,377,382,:
375:369,370,371,372,374,376,377,378,:
376:369,371,374,375,377,378,379,380,381,:
377:374,375,376,378,379,380,381,:
378:375,376,377,379,380,381,:
379:376,377,378,380,381,:
380:376,377,378,379,381,:
381:376,377,378,379,380,:
382:337,340,359,360,369,370,371,372,373,374,383,384,385,386,387,388,:
383:336,337,338,339,340,344,346,357,359,360,369,370,371,372,373,382,384,385,386,387,:
384:337,371,372,373,382,383,385,386,387,388,:
385:336,337,372,373,382,383,384,386,387,388,:
386:329,330,332,336,337,338,339,340,382,383,384,385,387,388,:
387:337,372,373,382,383,384,385,386,388,389,:
388:382,384,385,386,387,389,390,:
389:387,388,390,:
390:388,389,:
