1:2,3,4,5,6,7,8,34,35,36,37,243,245,579,:
2:1,3,4,5,6,7,8,9,14,34,35,36,37,38,44,178,245,579,:
3:1,2,4,5,7,8,34,35,36,37,44,177,178,179,578,579,:
4:1,2,3,5,6,7,8,9,10,12,13,14,15,16,20,34,35,36,37,38,39,40,44,46,47,48,52,178,245,:
5:1,2,3,4,6,7,8,9,10,12,13,14,15,16,17,18,19,20,34,36,37,39,44,46,47,48,49,51,52,:
6:1,2,4,5,7,9,13,14,15,16,17,18,20,36,48,49,52,:
7:1,2,3,4,5,6,8,9,10,11,12,13,14,15,20,34,36,37,38,39,40,42,44,45,46,47,48,51,52,178,226,227,228,242,245,:
8:1,2,3,4,5,7,9,10,13,20,34,36,37,38,39,40,44,52,178,226,227,228,239,240,242,243,244,245,:
9:2,4,5,6,7,8,10,11,12,13,14,15,16,19,20,36,37,38,39,40,41,42,43,44,45,46,47,48,51,52,178,226,227,228,:
10:4,5,7,8,9,11,12,13,14,15,20,34,36,37,38,39,40,41,42,43,44,45,46,47,48,51,176,177,178,179,224,226,:
11:7,9,10,12,13,15,37,39,40,41,42,43,44,45,46,47,134,136,224,225,226,:
12:4,5,7,9,10,11,13,14,15,34,36,37,39,40,41,42,43,44,45,46,47,48,131,132,134,136,176,177,178,179,:
13:4,5,6,7,8,9,10,11,12,14,15,16,17,18,19,20,25,36,37,38,39,40,42,43,44,46,47,48,50,51,52,:
14:2,4,5,6,7,9,10,12,13,15,16,17,18,19,20,21,36,37,39,43,44,46,47,48,49,50,51,52,:
15:4,5,6,7,9,10,11,12,13,14,16,17,18,20,36,37,39,40,43,44,45,46,47,48,49,131,134,:
16:4,5,6,9,13,14,15,17,18,19,20,21,22,23,25,36,46,47,48,49,50,51,52,54,85,:
17:5,6,13,14,15,16,18,19,21,22,47,48,49,85,:
18:5,6,13,14,15,16,17,19,20,21,22,23,24,25,26,47,48,49,50,51,52,53,54,85,:
19:5,9,13,14,16,17,18,20,21,22,23,24,25,30,39,47,49,50,51,52,53,54,59,335,:
20:4,5,6,7,8,9,10,13,14,15,16,18,19,21,24,25,39,43,47,50,51,52,53,54,:
21:14,16,17,18,19,20,22,23,24,25,26,27,28,30,49,50,53,54,55,85,:
22:16,17,18,19,21,23,24,26,27,49,55,85,:
23:16,18,19,21,22,24,25,26,27,28,29,30,31,49,50,53,54,55,56,57,59,:
24:18,19,20,21,22,23,25,26,27,28,29,30,31,32,33,50,53,54,55,56,57,59,60,61,333,:
25:13,16,18,19,20,21,23,24,26,29,30,31,32,50,51,52,53,54,58,59,60,:
26:18,21,22,23,24,25,27,28,29,30,55,56,57,330,346,420,:
27:21,22,23,24,26,28,29,55,56,344,346,348,:
28:21,23,24,26,27,29,30,31,55,56,57,63,330,346,348,420,431,:
29:23,24,25,26,27,28,30,31,32,33,56,57,59,60,61,62,63,418,420,429,431,432,:
30:19,21,23,24,25,26,28,29,31,32,33,50,53,54,56,57,58,59,60,61,62,63,333,420,:
31:23,24,25,28,29,30,32,33,53,54,57,58,59,60,61,62,63,:
32:24,25,29,30,31,33,53,54,57,58,59,60,61,62,63,420,480,481,:
33:24,29,30,31,32,53,57,58,59,60,61,62,63,430,432,433,434,:
34:1,2,3,4,5,7,8,10,12,35,36,37,40,44,45,46,176,177,178,179,579,:
35:1,2,3,4,34,36,37,44,178,573,574,578,579,580,:
36:1,2,3,4,5,6,7,8,9,10,12,13,14,15,16,34,35,37,38,39,40,44,45,46,47,48,178,179,:
37:1,2,3,4,5,7,8,9,10,11,12,13,14,15,34,35,36,38,39,40,42,44,45,46,47,48,176,177,178,179,226,242,245,:
38:2,4,7,8,9,10,13,36,37,39,40,42,51,52,178,221,224,226,227,228,229,239,240,241,242,243,244,245,:
39:4,5,7,8,9,10,11,12,13,14,15,19,20,36,37,38,40,41,42,43,44,46,47,51,52,224,225,226,227,228,229,:
40:4,7,8,9,10,11,12,13,15,34,36,37,38,39,41,42,43,44,45,46,47,176,177,178,179,224,225,226,227,:
41:9,10,11,12,39,40,42,43,44,45,46,47,134,135,136,176,225,:
42:7,9,10,11,12,13,37,38,39,40,41,43,45,46,47,51,224,225,226,227,:
43:9,10,11,12,13,14,15,20,39,40,41,42,44,45,46,47,50,51,84,134,136,:
44:2,3,4,5,7,8,9,10,11,12,13,14,15,34,35,36,37,39,40,41,43,45,46,47,48,131,134,176,177,178,179,:
45:7,9,10,11,12,15,34,36,37,40,41,42,43,44,46,48,130,131,132,134,136,174,176,177,178,179,:
46:4,5,7,9,10,11,12,13,14,15,16,34,36,37,39,40,41,42,43,44,45,47,48,130,131,132,134,136,179,:
47:4,5,7,9,10,11,12,13,14,15,16,17,18,19,20,36,37,39,40,41,42,43,44,46,48,50,51,52,336,:
48:4,5,6,7,9,10,12,13,14,15,16,17,18,36,37,44,45,46,47,49,85,131,:
49:5,6,14,15,16,17,18,19,21,22,23,48,55,85,:
50:13,14,16,18,19,20,21,23,24,25,30,43,47,51,52,53,54,331,332,333,334,335,336,:
51:5,7,9,10,13,14,16,18,19,20,25,38,39,42,43,47,50,52,53,54,227,228,:
52:4,5,6,7,8,9,13,14,16,18,19,20,25,38,39,47,50,51,53,54,228,:
53:18,19,20,21,23,24,25,30,31,32,33,50,51,52,54,58,59,60,333,335,502,:
54:16,18,19,20,21,23,24,25,30,31,32,50,51,52,53,58,59,60,:
55:21,22,23,24,26,27,28,49,56,346,:
56:23,24,26,27,28,29,30,55,57,343,344,345,346,347,348,420,429,431,:
57:23,24,26,28,29,30,31,32,33,56,60,61,62,63,418,420,427,428,429,430,431,432,433,:
58:25,30,31,32,33,53,54,59,60,61,62,63,478,480,481,482,484,502,:
59:19,23,24,25,29,30,31,32,33,53,54,58,60,62,63,420,480,481,:
60:24,25,29,30,31,32,33,53,54,57,58,59,61,62,63,418,419,420,480,481,482,484,:
61:24,29,30,31,32,33,57,58,60,62,63,333,428,430,431,432,433,434,:
62:29,30,31,32,33,57,58,59,60,61,63,430,454,455,:
63:28,29,30,31,32,33,57,58,59,60,61,62,418,427,428,429,430,431,432,455,:
64:65,66,67,68,69,70,71,72,73,74,77,78,352,353,:
65:64,66,67,68,69,70,71,72,76,321,349,350,351,352,353,:
66:64,65,67,68,69,70,71,77,101,321,353,:
67:64,65,66,68,69,70,71,72,73,74,77,101,353,:
68:64,65,66,67,69,70,71,72,73,74,76,77,78,79,87,321,328,329,353,:
69:64,65,66,67,68,70,71,72,73,77,78,79,80,81,82,86,87,101,329,:
70:64,65,66,67,68,69,71,72,73,77,78,79,80,81,86,87,89,100,101,105,:
71:64,65,66,67,68,69,70,72,73,74,75,76,77,78,87,328,329,340,341,349,352,353,:
72:64,65,67,68,69,70,71,73,74,75,76,77,78,87,:
73:64,67,68,69,70,71,72,74,75,76,77,78,80,86,87,88,89,91,:
74:64,67,68,71,72,73,75,76,:
75:71,72,73,74,76,:
76:65,68,71,72,73,74,75,341,:
77:64,66,67,68,69,70,71,72,73,78,79,80,81,82,83,86,87,101,328,329,:
78:64,68,69,70,71,72,73,77,79,80,82,86,87,327,328,329,603,604,:
79:68,69,70,77,78,80,81,82,83,84,85,86,87,88,101,329,:
80:69,70,73,77,78,79,81,82,83,84,86,87,88,89,90,91,100,101,:
81:69,70,77,79,80,82,83,84,86,87,88,89,90,100,101,102,103,105,:
82:69,77,78,79,80,81,83,84,85,86,87,329,332,:
83:77,79,80,81,82,84,85,86,:
84:43,79,80,81,82,83,85,134,136,332,334,:
85:16,17,18,21,22,48,49,79,82,83,84,:
86:69,70,73,77,78,79,80,81,82,83,87,88,89,90,91,92,94,101,:
87:68,69,70,71,72,73,77,78,79,80,81,82,86,88,89,91,92,94,603,:
88:73,79,80,81,86,87,89,90,91,92,93,94,101,:
89:70,73,80,81,86,87,88,90,91,92,100,101,:
90:80,81,86,88,89,91,100,101,:
91:73,80,86,87,88,89,90,92,93,94,95,96,:
92:86,87,88,89,91,93,94,95,96,97,:
93:88,91,92,94,95,96,97,98,99,:
94:86,87,88,91,92,93,95,96,97,98,601,603,:
95:91,92,93,94,96,97,98,99,582,:
96:91,92,93,94,95,97,98,99,581,582,594,:
97:92,93,94,95,96,98,99,581,582,:
98:93,94,95,96,97,99,581,582,583,586,587,589,:
99:93,95,96,97,98,581,582,589,591,:
100:70,80,81,89,90,101,102,103,104,105,106,:
101:66,67,69,70,77,79,80,81,86,88,89,90,100,102,103,105,:
102:81,100,101,103,104,105,106,107,108,:
103:81,100,101,102,104,105,106,107,113,:
104:100,102,103,105,106,107,112,113,117,118,120,:
105:70,81,100,101,102,103,104,106,107,108,109,110,:
106:100,102,103,104,105,107,108,109,110,111,:
107:102,103,104,105,106,108,109,110,111,:
108:102,105,106,107,109,110,111,135,267,:
109:105,106,107,108,110,111,120,268,:
110:105,106,107,108,109,111,265,267,268,:
111:106,107,108,109,110,120,265,267,268,:
112:104,113,114,115,116,117,118,119,:
113:103,104,112,114,115,117,118,120,:
114:112,113,115,116,117,118,119,120,:
115:112,113,114,116,117,118,119,:
116:112,114,115,117,119,:
117:104,112,113,114,115,116,118,119,120,:
118:104,112,113,114,115,117,119,120,370,:
119:112,114,115,116,117,118,120,170,172,:
120:104,109,111,113,114,117,118,119,133,135,372,:
121:122,123,124,125,126,127,137,138,154,:
122:121,123,124,126,127,137,138,:
123:121,122,124,125,126,127,128,129,133,137,138,139,154,163,:
124:121,122,123,125,126,127,128,129,137,138,139,140,141,142,153,154,162,163,175,:
125:121,123,124,126,127,128,129,133,137,138,139,140,141,153,154,162,163,164,165,167,174,175,179,:
126:121,122,123,124,125,127,128,129,130,132,133,137,138,:
127:121,122,123,124,125,126,128,129,130,131,132,133,134,135,137,138,:
128:123,124,125,126,127,129,130,131,132,133,134,137,138,145,148,149,:
129:123,124,125,126,127,128,130,131,132,133,134,135,136,:
130:45,46,126,127,128,129,131,132,133,134,136,179,:
131:12,15,44,45,46,48,127,128,129,130,132,134,149,151,152,179,:
132:12,45,46,126,127,128,129,130,131,133,134,135,136,:
133:120,123,125,126,127,128,129,130,132,134,135,136,:
134:11,12,15,41,43,44,45,46,84,127,128,129,130,131,132,133,135,136,:
135:41,108,120,127,129,132,133,134,136,:
136:11,12,41,43,45,46,84,129,130,132,133,134,135,:
137:121,122,123,124,125,126,127,128,138,139,140,141,142,143,144,145,153,154,163,:
138:121,122,123,124,125,126,127,128,137,139,140,142,143,144,145,146,153,154,:
139:123,124,125,137,138,140,141,142,143,144,145,149,153,154,155,163,175,:
140:124,125,137,138,139,141,142,143,153,154,155,156,158,160,162,163,174,175,387,:
141:124,125,137,139,140,142,153,154,155,156,157,162,163,174,175,176,179,181,383,387,:
142:124,137,138,139,140,141,143,144,145,146,148,149,153,154,:
143:137,138,139,140,142,144,145,146,147,148,149,150,151,:
144:137,138,139,142,143,145,146,147,148,149,150,:
145:128,137,138,139,142,143,144,146,147,148,149,150,151,152,567,:
146:138,142,143,144,145,147,148,149,150,152,567,:
147:143,144,145,146,148,150,:
148:128,142,143,144,145,146,147,149,150,151,152,567,568,:
149:128,131,139,142,143,144,145,146,148,150,151,152,573,:
150:143,144,145,146,147,148,149,151,152,566,567,568,:
151:131,143,145,148,149,150,152,563,566,573,579,:
152:131,145,146,148,149,150,151,566,567,568,:
153:124,125,137,138,139,140,141,142,154,155,156,157,158,159,160,162,163,175,:
154:121,123,124,125,137,138,139,140,141,142,153,155,156,158,159,160,162,163,:
155:139,140,141,153,154,156,157,158,159,160,161,162,163,164,175,:
156:140,141,153,154,155,157,158,159,162,163,164,165,167,168,174,175,181,:
157:141,153,155,156,158,162,163,164,165,174,175,181,194,197,381,:
158:140,153,154,155,156,157,159,160,161,162,163,:
159:153,154,155,156,158,160,161,:
160:140,153,154,155,158,159,161,:
161:155,158,159,160,:
162:124,125,140,141,153,154,155,156,157,158,163,164,165,166,167,168,169,170,174,175,181,:
163:123,124,125,137,139,140,141,153,154,155,156,157,158,162,164,165,167,168,170,174,175,:
164:125,155,156,157,162,163,165,166,167,168,169,170,174,175,176,181,:
165:125,156,157,162,163,164,166,167,168,174,175,176,177,179,180,181,:
166:162,164,165,167,174,175,176,177,180,181,219,220,222,:
167:125,156,162,163,164,165,166,168,169,170,171,172,174,175,:
168:156,162,163,164,165,167,169,170,171,172,173,370,:
169:162,164,167,168,170,171,172,173,370,372,:
170:119,162,163,164,167,168,169,171,172,173,:
171:167,168,169,170,172,173,370,:
172:119,167,168,169,170,171,173,:
173:168,169,170,171,172,:
174:45,125,140,141,156,157,162,163,164,165,166,167,175,176,177,178,179,180,181,:
175:124,125,139,140,141,153,155,156,157,162,163,164,165,166,167,174,176,177,179,180,181,:
176:10,12,34,37,40,41,44,45,141,164,165,166,174,175,177,178,179,180,181,182,:
177:3,10,12,34,37,40,44,45,165,166,174,175,176,178,179,180,181,182,183,185,190,221,:
178:2,3,4,7,8,9,10,12,34,35,36,37,38,40,44,45,174,176,177,179,180,181,182,185,221,226,242,:
179:3,10,12,34,36,37,40,44,45,46,125,130,131,141,165,174,175,176,177,178,180,181,:
180:165,166,174,175,176,177,178,179,181,182,183,184,185,186,189,190,221,:
181:141,156,157,162,164,165,166,174,175,176,177,178,179,180,182,183,184,185,189,190,:
182:176,177,178,180,181,183,184,185,186,187,188,189,190,191,221,:
183:177,180,181,182,184,185,186,187,189,190,191,192,194,388,389,:
184:180,181,182,183,185,186,187,189,190,191,194,376,377,381,383,388,389,390,:
185:177,178,180,181,182,183,184,186,187,188,189,190,398,:
186:180,182,183,184,185,187,188,389,390,396,398,:
187:182,183,184,185,186,188,189,190,242,389,390,398,:
188:182,185,186,187,390,393,394,396,397,398,:
189:180,181,182,183,184,185,187,190,191,192,193,194,195,221,389,:
190:177,180,181,182,183,184,185,187,189,191,192,193,194,218,219,220,221,222,:
191:182,183,184,189,190,192,193,194,195,196,197,389,:
192:183,189,190,191,193,194,195,196,218,222,:
193:189,190,191,192,194,195,196,203,204,217,218,219,220,221,222,223,:
194:157,183,184,189,190,191,192,193,195,196,197,198,199,222,:
195:189,191,192,193,194,196,197,198,199,200,:
196:191,192,193,194,195,197,198,199,200,201,202,:
197:157,191,194,195,196,198,199,200,201,374,:
198:194,195,196,197,199,200,201,202,:
199:194,195,196,197,198,200,201,202,:
200:195,196,197,198,199,201,202,:
201:196,197,198,199,200,202,:
202:196,198,199,200,201,:
203:193,204,205,206,207,208,209,210,217,218,:
204:193,203,205,206,208,209,210,217,218,:
205:203,204,206,207,208,209,210,211,217,218,219,230,234,:
206:203,204,205,207,208,209,217,218,219,220,221,222,224,225,229,230,234,256,:
207:203,205,206,208,217,218,219,220,221,224,225,226,227,229,230,231,232,233,234,256,276,277,:
208:203,204,205,206,207,209,210,211,212,213,217,218,256,:
209:203,204,205,206,208,210,211,212,213,214,:
210:203,204,205,208,209,211,212,213,214,215,216,:
211:205,208,209,210,212,213,214,215,248,249,276,:
212:208,209,210,211,213,214,215,216,:
213:208,209,210,211,212,214,215,216,249,:
214:209,210,211,212,213,215,216,:
215:210,211,212,213,214,216,:
216:210,212,213,214,215,:
217:193,203,204,205,206,207,208,218,219,220,221,222,223,224,225,230,256,257,:
218:190,192,193,203,204,205,206,207,208,217,219,220,221,222,223,256,:
219:166,190,193,205,206,207,217,218,220,221,222,223,224,225,226,230,256,257,:
220:166,190,193,206,207,217,218,219,221,222,224,225,226,227,229,230,:
221:38,177,178,180,182,189,190,193,206,207,217,218,219,220,222,224,225,226,227,229,230,240,241,242,:
222:166,190,192,193,194,206,217,218,219,220,221,223,224,225,256,257,:
223:193,217,218,219,222,256,257,:
224:10,11,38,39,40,42,206,207,217,219,220,221,222,225,226,227,228,229,230,:
225:11,39,40,41,42,206,207,217,219,220,221,222,224,226,227,229,230,:
226:7,8,9,10,11,37,38,39,40,42,178,207,219,220,221,224,225,227,228,229,230,231,240,242,:
227:7,8,9,38,39,40,42,51,207,220,221,224,225,226,228,229,230,231,232,233,234,239,240,241,242,243,245,:
228:7,8,9,38,39,51,52,224,226,227,229,230,231,234,237,238,239,240,241,242,243,244,245,501,:
229:38,39,206,207,220,221,224,225,226,227,228,230,231,232,233,234,235,240,241,246,247,:
230:205,206,207,217,219,220,221,224,225,226,227,228,229,231,232,233,234,246,:
231:207,226,227,228,229,230,232,233,234,235,236,237,239,241,246,247,248,500,501,502,:
232:207,227,229,230,231,233,234,235,246,247,248,249,250,276,495,496,498,500,502,:
233:207,227,229,230,231,232,234,246,247,248,275,276,277,498,500,502,:
234:205,206,207,227,228,229,230,231,232,233,235,236,237,238,239,240,241,246,247,:
235:229,231,232,234,236,237,238,239,240,241,246,247,250,:
236:231,234,235,237,238,239,240,241,242,243,244,247,:
237:228,231,234,235,236,238,239,240,241,242,243,244,245,:
238:228,234,235,236,237,239,240,241,243,244,245,499,501,:
239:8,38,227,228,231,234,235,236,237,238,240,241,242,243,244,245,:
240:8,38,221,226,227,228,229,234,235,236,237,238,239,241,242,243,244,245,:
241:38,221,227,228,229,231,234,235,236,237,238,239,240,242,243,245,:
242:7,8,37,38,178,187,221,226,227,228,236,237,239,240,241,243,244,245,:
243:1,8,38,227,228,236,237,238,239,240,241,242,244,245,:
244:8,38,228,236,237,238,239,240,242,243,245,501,:
245:1,2,4,7,8,37,38,227,228,237,238,239,240,241,242,243,244,:
246:229,230,231,232,233,234,235,247,248,249,250,276,493,494,495,496,497,498,500,:
247:229,231,232,233,234,235,236,246,248,249,250,493,494,495,496,498,:
248:211,231,232,233,246,247,249,250,275,276,494,496,497,498,:
249:211,213,232,246,247,248,250,493,494,496,497,:
250:232,235,246,247,248,249,492,493,494,496,:
251:252,253,254,255,256,257,259,:
252:251,253,254,256,257,:
253:251,252,254,255,256,257,259,:
254:251,252,253,255,256,258,259,270,:
255:251,253,254,256,258,259,260,261,263,269,270,271,274,275,276,277,:
256:206,207,208,217,218,219,222,223,251,252,253,254,255,257,:
257:217,219,222,223,251,252,253,256,371,373,:
258:254,255,259,260,261,262,263,264,269,270,:
259:251,253,254,255,258,260,261,263,269,270,:
260:255,258,259,261,262,263,264,265,266,269,270,271,:
261:255,258,259,260,262,263,264,265,266,269,270,271,272,273,274,279,:
262:258,260,261,263,264,265,266,269,270,271,272,273,278,279,280,283,284,285,:
263:255,258,259,260,261,262,264,265,266,267,268,269,270,:
264:258,260,261,262,263,265,266,267,268,269,270,:
265:110,111,260,261,262,263,264,266,267,268,:
266:260,261,262,263,264,265,267,268,:
267:108,110,111,263,264,265,266,268,287,288,289,290,291,:
268:109,110,111,263,264,265,266,267,287,289,290,291,:
269:255,258,259,260,261,262,263,264,270,271,272,273,274,275,277,279,:
270:254,255,258,259,260,261,262,263,264,269,271,272,274,275,276,277,:
271:255,260,261,262,269,270,272,273,274,275,276,277,279,:
272:261,262,269,270,271,273,274,275,278,279,:
273:261,262,269,271,272,274,278,279,280,281,283,:
274:255,261,269,270,271,272,273,275,276,277,:
275:233,248,255,269,270,271,272,274,276,277,:
276:207,211,232,233,246,248,255,270,271,274,275,277,:
277:207,233,255,269,270,271,274,275,276,:
278:262,272,273,279,280,281,282,283,284,285,:
279:261,262,269,271,272,273,278,280,281,283,284,285,:
280:262,273,278,279,281,282,283,284,285,286,:
281:273,278,279,280,282,283,284,293,:
282:278,280,281,283,292,293,294,297,298,299,301,:
283:262,273,278,279,280,281,282,284,285,286,287,288,:
284:262,278,279,280,281,283,285,286,287,288,289,322,323,:
285:262,278,279,280,283,284,286,287,288,289,290,291,322,:
286:280,283,284,285,287,288,289,290,322,:
287:267,268,283,284,285,286,288,289,290,291,322,:
288:267,283,284,285,286,287,289,290,291,322,334,335,336,:
289:267,268,284,285,286,287,288,290,291,322,:
290:267,268,285,286,287,288,289,291,334,:
291:267,268,285,287,288,289,290,:
292:282,293,294,295,296,297,298,:
293:281,282,292,294,295,297,298,:
294:282,292,293,295,296,297,298,299,:
295:292,293,294,296,297,298,:
296:292,294,295,297,:
297:282,292,293,294,295,296,298,299,300,301,:
298:282,292,293,294,295,297,299,300,301,324,:
299:282,294,297,298,300,301,430,456,458,459,:
300:297,298,299,301,428,455,456,457,458,459,469,:
301:282,297,298,299,300,430,456,458,459,:
302:303,304,305,306,307,308,309,310,318,324,:
303:302,304,305,306,307,308,318,354,:
304:302,303,305,306,307,308,309,310,318,319,324,338,431,:
305:302,303,304,306,307,308,318,319,320,321,322,323,324,325,326,337,338,350,431,432,433,:
306:302,303,304,305,307,318,319,320,321,324,325,326,328,337,338,339,340,342,349,350,351,354,:
307:302,303,304,305,306,308,309,310,311,313,314,318,427,429,431,:
308:302,303,304,305,307,309,310,311,312,313,314,315,316,410,426,427,429,:
309:302,304,307,308,310,311,312,313,314,315,426,427,:
310:302,304,307,308,309,311,312,313,314,315,316,317,409,410,:
311:307,308,309,310,312,313,314,315,317,410,426,:
312:308,309,310,311,313,315,426,468,469,470,:
313:307,308,309,310,311,312,314,315,316,317,409,410,:
314:307,308,309,310,311,313,315,316,317,409,410,411,:
315:308,309,310,311,312,313,314,316,317,409,410,444,446,:
316:308,310,313,314,315,317,409,410,411,:
317:310,311,313,314,315,316,409,410,411,:
318:302,303,304,305,306,307,319,320,321,322,323,324,325,326,338,432,433,434,:
319:304,305,306,318,320,321,322,323,324,325,326,327,338,350,433,434,:
320:305,306,318,319,321,322,323,324,325,326,327,328,330,337,338,349,350,433,:
321:65,66,68,305,306,318,319,320,322,325,326,327,328,329,337,338,349,350,353,354,:
322:284,285,286,287,288,289,305,318,319,320,321,323,324,325,326,433,434,:
323:284,305,318,319,320,322,324,434,:
324:298,302,304,305,306,318,319,320,322,323,326,430,432,433,434,:
325:305,306,318,319,320,321,322,326,327,328,329,330,331,332,333,337,338,350,431,432,433,434,:
326:305,306,318,319,320,321,322,324,325,327,328,330,331,333,337,338,430,431,432,433,434,:
327:78,319,320,321,325,326,328,329,330,331,332,333,337,338,339,350,433,:
328:68,71,77,78,306,320,321,325,326,327,329,330,331,337,338,339,340,342,343,344,349,350,:
329:68,69,71,77,78,79,82,321,325,327,328,330,337,338,339,340,344,350,603,604,:
330:26,28,320,325,326,327,328,329,331,332,333,334,335,337,338,433,:
331:50,325,326,327,328,330,332,333,334,335,336,433,:
332:50,82,84,325,327,330,331,333,334,335,336,:
333:24,30,50,53,61,325,326,327,330,331,332,334,335,336,433,434,:
334:50,84,288,290,330,331,332,333,335,336,:
335:19,50,53,288,330,331,332,333,334,336,434,:
336:47,50,288,331,332,333,334,335,:
337:305,306,320,321,325,326,327,328,329,330,338,339,340,341,342,343,344,349,350,:
338:304,305,306,318,319,320,321,325,326,327,328,329,330,337,339,340,342,343,344,349,350,431,:
339:306,327,328,329,337,338,340,341,342,343,344,345,349,350,351,:
340:71,306,328,329,337,338,339,341,342,343,349,350,351,352,353,354,:
341:71,76,337,339,340,342,349,350,351,352,:
342:306,328,337,338,339,340,341,343,344,345,346,347,349,350,:
343:56,328,337,338,339,340,342,344,345,346,347,348,:
344:27,56,328,329,337,338,339,342,343,345,346,347,348,:
345:56,339,342,343,344,346,347,348,429,:
346:26,27,28,55,56,342,343,344,345,347,348,:
347:56,342,343,344,345,346,348,413,422,429,530,:
348:27,28,56,343,344,345,346,347,413,530,:
349:65,71,306,320,321,328,337,338,339,340,341,342,350,351,352,353,354,355,:
350:65,305,306,319,320,321,325,327,328,329,337,338,339,340,341,342,349,351,352,353,354,:
351:65,306,339,340,341,349,350,352,353,354,355,356,:
352:64,65,71,340,341,349,350,351,353,354,355,356,:
353:64,65,66,67,68,71,321,340,349,350,351,352,354,355,:
354:303,306,321,340,349,350,351,352,353,355,356,357,:
355:349,351,352,353,354,356,357,358,:
356:351,352,354,355,357,358,359,360,361,:
357:354,355,356,358,359,360,361,:
358:355,356,357,359,360,361,:
359:356,357,358,360,361,:
360:356,357,358,359,361,:
361:356,357,358,359,360,:
362:363,364,365,366,367,368,369,:
363:362,364,365,367,368,369,:
364:362,363,365,366,367,368,369,370,:
365:362,363,364,366,367,368,:
366:362,364,365,367,:
367:362,363,364,365,366,368,369,370,371,372,:
368:362,363,364,365,367,369,370,371,372,373,:
369:362,363,364,367,368,370,371,372,373,:
370:118,168,169,171,364,367,368,369,371,372,373,:
371:257,367,368,369,370,372,373,:
372:120,169,367,368,369,370,371,373,:
373:257,368,369,370,371,372,:
374:197,375,376,377,378,379,380,388,389,:
375:374,376,377,378,379,:
376:184,374,375,377,378,379,380,381,382,388,389,390,:
377:184,374,375,376,378,379,380,381,382,388,389,390,391,392,393,:
378:374,375,376,377,379,380,382,388,389,390,391,392,393,:
379:374,375,376,377,378,380,381,382,383,384,388,389,:
380:374,376,377,378,379,381,382,383,384,385,388,389,:
381:157,184,376,377,379,380,382,383,384,385,386,387,388,389,:
382:376,377,378,379,380,381,383,384,385,386,388,393,:
383:141,184,379,380,381,382,384,385,386,387,:
384:379,380,381,382,383,385,386,387,393,:
385:380,381,382,383,384,386,387,:
386:381,382,383,384,385,387,:
387:140,141,381,383,384,385,386,:
388:183,184,374,376,377,378,379,380,381,382,389,390,391,392,393,394,398,:
389:183,184,186,187,189,191,374,376,377,378,379,380,381,388,390,391,393,:
390:184,186,187,188,376,377,378,388,389,391,392,393,394,395,396,397,398,:
391:377,378,388,389,390,392,393,394,395,396,398,:
392:377,378,388,390,391,393,394,395,396,398,:
393:188,377,378,382,384,388,389,390,391,392,394,395,396,397,398,:
394:188,388,390,391,392,393,395,396,397,398,:
395:390,391,392,393,394,396,397,398,:
396:186,188,390,391,392,393,394,395,397,398,:
397:188,390,393,394,395,396,398,:
398:185,186,187,188,388,390,391,392,393,394,395,396,397,:
399:400,401,402,403,404,405,406,407,408,409,412,413,436,440,442,443,:
400:399,401,402,403,404,405,406,407,411,442,443,:
401:399,400,402,403,404,405,406,412,443,:
402:399,400,401,403,404,405,406,407,408,409,412,435,436,440,441,442,443,:
403:399,400,401,402,404,405,406,407,408,409,411,412,413,414,422,436,443,529,530,:
404:399,400,401,402,403,405,406,407,408,412,413,414,415,416,417,421,422,435,436,530,:
405:399,400,401,402,403,404,406,407,408,412,413,414,415,416,421,422,424,435,436,437,438,440,:
406:399,400,401,402,403,404,405,407,408,409,410,411,412,413,422,529,530,541,542,:
407:399,400,402,403,404,405,406,408,409,410,411,412,413,422,436,441,443,:
408:399,402,403,404,405,406,407,409,410,411,412,413,415,421,422,423,424,426,435,436,440,441,443,:
409:310,313,314,315,316,317,399,402,403,406,407,408,410,411,443,:
410:308,310,311,313,314,315,316,317,406,407,408,409,411,443,:
411:314,316,317,400,403,406,407,408,409,410,443,542,:
412:399,401,402,403,404,405,406,407,408,413,414,415,416,417,418,421,422,436,529,530,:
413:347,348,399,403,404,405,406,407,408,412,414,415,417,421,422,528,529,530,:
414:403,404,405,412,413,415,416,417,418,419,420,421,422,423,436,530,:
415:404,405,408,412,413,414,416,417,418,419,421,422,423,424,425,426,435,436,448,:
416:404,405,412,414,415,417,418,419,421,422,423,424,425,435,436,447,448,449,452,:
417:404,412,413,414,415,416,418,419,420,421,422,530,533,:
418:29,57,60,63,412,414,415,416,417,419,420,421,:
419:60,414,415,416,417,418,420,484,486,533,535,:
420:26,28,29,30,32,56,57,59,60,414,417,418,419,:
421:404,405,408,412,413,414,415,416,417,418,422,423,424,425,426,427,429,435,436,448,:
422:347,403,404,405,406,407,408,412,413,414,415,416,417,421,423,424,426,427,429,435,436,:
423:408,414,415,416,421,422,424,425,426,427,428,429,435,436,437,448,:
424:405,408,415,416,421,422,423,425,426,427,435,436,437,438,439,440,447,448,461,468,470,:
425:415,416,421,423,424,426,435,436,437,438,439,447,448,449,450,452,460,461,462,465,466,467,468,469,470,:
426:308,309,311,312,408,415,421,422,423,424,425,427,428,429,430,431,435,436,:
427:57,63,307,308,309,421,422,423,424,426,428,429,430,431,432,:
428:57,61,63,300,423,426,427,429,430,431,432,433,434,455,459,:
429:29,56,57,63,307,308,345,347,421,422,423,426,427,428,430,431,432,433,:
430:33,57,61,62,63,299,301,324,326,426,427,428,429,431,432,433,434,:
431:28,29,56,57,61,63,304,305,307,325,326,338,426,427,428,429,430,432,433,434,:
432:29,33,57,61,63,305,318,324,325,326,427,428,429,430,431,433,434,:
433:33,57,61,305,318,319,320,322,324,325,326,327,330,331,333,428,429,430,431,432,434,:
434:33,61,318,319,322,323,324,325,326,333,335,428,430,431,432,433,:
435:402,404,405,408,415,416,421,422,423,424,425,426,436,437,438,439,440,441,448,461,:
436:399,402,403,404,405,407,408,412,414,415,416,421,422,423,424,425,426,435,437,438,440,441,442,:
437:405,423,424,425,435,436,438,439,440,441,442,448,461,470,:
438:405,424,425,435,436,437,439,440,441,447,448,460,461,:
439:424,425,435,437,438,440,447,448,460,461,462,463,465,:
440:399,402,405,408,424,435,436,437,438,439,441,442,443,444,446,:
441:402,407,408,435,436,437,438,440,442,443,444,445,446,:
442:399,400,402,436,437,440,441,443,444,445,446,:
443:399,400,401,402,403,407,408,409,410,411,440,441,442,444,445,446,:
444:315,440,441,442,443,445,446,:
445:441,442,443,444,446,:
446:315,440,441,442,443,444,445,:
447:416,424,425,438,439,448,449,450,451,452,453,460,461,:
448:415,416,421,423,424,425,435,437,438,439,447,449,450,452,460,461,:
449:416,425,447,448,450,451,452,453,454,460,461,462,483,485,:
450:425,447,448,449,451,452,453,460,461,462,463,465,467,:
451:447,449,450,452,453,460,461,462,463,464,:
452:416,425,447,448,449,450,451,453,454,455,456,457,460,461,483,:
453:447,449,450,451,452,454,455,456,457,458,460,461,476,477,479,483,:
454:62,449,452,453,455,456,457,458,459,476,477,:
455:62,63,300,428,452,453,454,456,457,458,459,467,:
456:299,300,301,452,453,454,455,457,458,459,467,:
457:300,452,453,454,455,456,458,459,460,466,467,468,469,:
458:299,300,301,453,454,455,456,457,459,467,:
459:299,300,301,428,454,455,456,457,458,466,467,469,:
460:425,438,439,447,448,449,450,451,452,453,457,461,462,463,464,465,466,467,468,:
461:424,425,435,437,438,439,447,448,449,450,451,452,453,460,462,463,465,466,467,468,470,:
462:425,439,449,450,451,460,461,463,464,465,466,467,468,:
463:439,450,451,460,461,462,464,465,466,:
464:451,460,462,463,465,:
465:425,439,450,460,461,462,463,464,466,467,468,469,470,:
466:425,457,459,460,461,462,463,465,467,468,469,470,:
467:425,450,455,456,457,458,459,460,461,462,465,466,468,469,470,:
468:312,424,425,457,460,461,462,465,466,467,469,470,:
469:300,312,425,457,459,465,466,467,468,470,:
470:312,424,425,437,461,465,466,467,468,469,:
471:472,473,474,475,476,477,487,488,:
472:471,473,474,476,477,487,488,:
473:471,472,474,475,476,477,478,479,483,487,488,489,:
474:471,472,473,475,476,477,478,479,487,488,489,490,491,492,504,:
475:471,473,474,476,477,478,479,483,487,488,489,490,491,503,504,508,:
476:453,454,471,472,473,474,475,477,478,479,480,482,483,487,488,:
477:453,454,471,472,473,474,475,476,478,479,480,481,482,483,484,485,487,488,:
478:58,473,474,475,476,477,479,480,481,482,483,484,487,488,495,498,499,:
479:453,473,474,475,476,477,478,480,481,482,483,484,485,486,:
480:32,58,59,60,476,477,478,479,481,482,483,484,486,508,:
481:32,58,59,60,477,478,479,480,482,484,499,501,502,508,:
482:58,60,476,477,478,479,480,481,483,484,485,486,:
483:449,452,453,473,475,476,477,478,479,480,482,484,485,486,:
484:58,60,419,477,478,479,480,481,482,483,485,486,:
485:449,477,479,482,483,484,486,:
486:419,479,480,482,483,484,485,:
487:471,472,473,474,475,476,477,478,488,489,490,491,492,493,494,495,:
488:471,472,473,474,475,476,477,478,487,489,490,492,493,494,495,496,:
489:473,474,475,487,488,490,491,492,493,494,495,499,504,:
490:474,475,487,488,489,491,492,493,503,504,:
491:474,475,487,489,490,492,503,504,505,508,:
492:250,474,487,488,489,490,491,493,494,495,496,498,499,:
493:246,247,249,250,487,488,489,490,492,494,495,496,497,498,499,500,501,:
494:246,247,248,249,250,487,488,489,492,493,495,496,497,498,499,500,:
495:232,246,247,478,487,488,489,492,493,494,496,497,498,499,500,501,502,:
496:232,246,247,248,249,250,488,492,493,494,495,497,498,499,500,502,:
497:246,248,249,493,494,495,496,498,500,:
498:232,233,246,247,248,478,492,493,494,495,496,497,499,500,501,502,:
499:238,478,481,489,492,493,494,495,496,498,500,501,502,:
500:231,232,233,246,493,494,495,496,497,498,499,501,502,:
501:228,231,238,244,481,493,495,498,499,500,502,:
502:53,58,231,232,233,481,495,496,498,499,500,501,:
503:475,490,491,504,505,506,507,508,:
504:474,475,489,490,491,503,505,506,508,:
505:491,503,504,506,507,508,:
506:503,504,505,507,508,:
507:503,505,506,508,522,:
508:475,480,481,491,503,504,505,506,507,:
509:510,511,512,513,514,515,520,521,:
510:509,511,512,513,514,:
511:509,510,512,513,514,515,516,517,519,521,:
512:509,510,511,513,514,515,:
513:509,510,511,512,514,:
514:509,510,511,512,513,515,516,517,518,519,520,521,:
515:509,511,512,514,516,517,518,519,520,521,:
516:511,514,515,517,518,519,520,521,522,523,524,:
517:511,514,515,516,518,519,520,521,522,523,524,525,:
518:514,515,516,517,519,520,521,523,524,525,:
519:511,514,515,516,517,518,520,521,522,523,524,525,:
520:509,514,515,516,517,518,519,521,522,523,524,525,:
521:509,511,514,515,516,517,518,519,520,522,523,525,:
522:507,516,517,519,520,521,523,524,525,:
523:516,517,518,519,520,521,522,524,525,:
524:516,517,518,519,520,522,523,525,:
525:517,518,519,520,521,522,523,524,:
526:527,528,529,530,531,532,533,534,538,539,:
527:526,528,529,531,532,534,538,539,:
528:413,526,527,529,530,531,532,533,534,538,539,540,:
529:403,406,412,413,526,527,528,530,531,532,538,539,540,541,543,544,545,:
530:347,348,403,404,406,412,413,414,417,526,528,529,531,538,539,540,541,545,:
531:526,527,528,529,530,532,533,534,535,536,538,539,:
532:526,527,528,529,531,533,534,535,536,537,:
533:417,419,526,528,531,532,534,535,536,537,:
534:526,527,528,531,532,533,535,536,537,:
535:419,531,532,533,534,536,537,:
536:531,532,533,534,535,537,:
537:532,533,534,535,536,:
538:526,527,528,529,530,531,539,540,541,542,543,544,545,:
539:526,527,528,529,530,531,538,540,541,543,544,545,:
540:528,529,530,538,539,541,542,543,544,545,546,:
541:406,529,530,538,539,540,542,543,544,:
542:406,411,538,540,541,543,:
543:529,538,539,540,541,542,544,545,546,547,548,:
544:529,538,539,540,541,543,545,546,547,548,549,:
545:529,530,538,539,540,543,544,546,547,548,549,:
546:540,543,544,545,547,548,549,:
547:543,544,545,546,548,549,:
548:543,544,545,546,547,549,551,585,:
549:544,545,546,547,548,551,585,:
550:551,552,553,554,555,556,584,585,:
551:548,549,550,552,553,555,583,584,585,:
552:550,551,553,554,555,556,557,558,585,:
553:550,551,552,554,555,556,557,:
554:550,552,553,555,556,557,:
555:550,551,552,553,554,556,557,558,585,588,:
556:550,552,553,554,555,557,558,:
557:552,553,554,555,556,558,588,590,:
558:552,555,556,557,:
559:560,561,562,563,564,565,:
560:559,561,562,564,565,:
561:559,560,562,563,564,565,566,575,577,:
562:559,560,561,563,564,565,566,567,568,569,574,575,576,577,578,580,:
563:151,559,561,562,564,565,566,569,572,573,574,575,576,577,578,579,580,:
564:559,560,561,562,563,565,566,567,568,569,570,575,576,:
565:559,560,561,562,563,564,566,567,568,569,:
566:150,151,152,561,562,563,564,565,567,568,569,570,571,572,574,576,:
567:145,146,148,150,152,562,564,565,566,568,569,570,:
568:148,150,152,562,564,565,566,567,569,:
569:562,563,564,565,566,567,568,570,571,572,573,574,575,576,:
570:564,566,567,569,571,572,573,574,575,576,:
571:566,569,570,572,573,574,575,576,577,578,579,:
572:563,566,569,570,571,573,574,575,576,577,578,579,580,:
573:35,149,151,563,569,570,571,572,574,575,576,578,579,580,:
574:35,562,563,566,569,570,571,572,573,575,576,577,578,579,580,:
575:561,562,563,564,569,570,571,572,573,574,576,577,578,579,580,:
576:562,563,564,566,569,570,571,572,573,574,575,577,578,580,:
577:561,562,563,571,572,574,575,576,578,579,580,:
578:3,35,562,563,571,572,573,574,575,576,577,579,580,:
579:1,2,3,34,35,151,563,571,572,573,574,575,577,578,580,:
580:35,562,563,572,573,574,575,576,577,578,579,:
581:96,97,98,99,582,583,584,585,586,587,588,589,593,594,:
582:95,96,97,98,99,581,583,584,586,587,589,593,594,:
583:98,551,581,582,584,585,586,587,588,589,593,594,595,:
584:550,551,581,582,583,585,586,587,593,594,595,596,598,599,600,:
585:548,549,550,551,552,555,581,583,584,586,593,594,595,596,600,:
586:98,581,582,583,584,585,587,588,589,590,591,593,594,:
587:98,581,582,583,584,586,588,589,590,591,592,:
588:555,557,581,583,586,587,589,590,591,592,:
589:98,99,581,582,583,586,587,588,590,591,592,:
590:557,586,587,588,589,591,592,:
591:99,586,587,588,589,590,592,:
592:587,588,589,590,591,:
593:581,582,583,584,585,586,594,595,596,597,598,599,600,:
594:96,581,582,583,584,585,586,593,595,596,598,599,600,:
595:583,584,585,593,594,596,597,598,599,600,601,:
596:584,585,593,594,595,597,598,599,:
597:593,595,596,598,:
598:584,593,594,595,596,597,599,600,601,602,603,:
599:584,593,594,595,596,598,600,601,602,603,604,:
600:584,585,593,594,595,598,599,601,602,603,604,:
601:94,595,598,599,600,602,603,604,:
602:598,599,600,601,603,604,:
603:78,87,94,329,598,599,600,601,602,604,:
604:78,329,599,600,601,602,603,:
