1:2,7,19,20,21,22,23,30,31,32,35,36,43,239,282,:
2:1,3,5,6,7,8,21,22,23,24,25,26,27,29,30,31,35,36,45,:
3:2,4,5,6,7,22,23,24,25,26,27,37,38,44,45,212,501,554,:
4:3,5,6,23,24,25,26,37,38,44,438,496,501,520,554,:
5:2,3,4,6,23,25,26,37,38,44,496,:
6:2,3,4,5,7,22,23,24,25,26,27,37,38,44,45,496,:
7:1,2,3,6,8,9,21,22,23,24,26,27,29,30,31,32,35,39,45,46,:
8:2,7,9,27,28,29,30,39,45,46,151,153,:
9:7,8,27,28,29,30,31,32,39,45,46,76,77,78,82,151,:
10:11,12,13,14,34,40,48,385,:
11:10,12,13,14,15,33,34,40,48,:
12:10,11,13,14,34,48,:
13:10,11,12,14,15,16,33,34,40,41,47,48,:
14:10,11,12,13,15,16,17,33,34,40,41,46,47,48,352,:
15:11,13,14,16,17,18,32,33,34,40,41,42,46,47,48,340,:
16:13,14,15,17,18,19,32,33,34,40,41,42,46,47,48,304,312,339,340,:
17:14,15,16,18,19,20,31,32,33,34,41,42,46,47,302,304,308,309,311,312,339,:
18:15,16,17,19,20,21,29,30,31,32,33,41,42,43,46,302,304,308,309,312,458,:
19:1,16,17,18,20,21,31,32,36,42,43,296,297,302,308,309,310,312,313,458,:
20:1,17,18,19,21,22,30,31,32,35,36,42,43,239,288,308,309,458,:
21:1,2,7,18,19,20,22,29,30,31,32,35,36,43,46,458,:
22:1,2,3,6,7,20,21,23,24,26,27,30,31,35,36,43,45,239,:
23:1,2,3,4,5,6,7,22,24,25,26,27,30,37,38,44,45,:
24:2,3,4,6,7,22,23,25,27,44,45,208,209,210,212,501,:
25:2,3,4,5,6,23,24,37,38,44,45,501,509,510,520,554,:
26:2,3,4,5,6,7,22,23,27,30,31,38,45,457,458,459,:
27:2,3,6,7,8,9,22,23,24,26,28,29,30,31,39,45,46,153,212,:
28:8,9,27,39,45,84,85,86,87,90,91,153,553,:
29:2,7,8,9,18,21,27,30,31,32,39,41,45,46,78,:
30:1,2,7,8,9,18,20,21,22,23,26,27,29,31,32,35,39,41,45,46,:
31:1,2,7,9,17,18,19,20,21,22,26,27,29,30,32,35,36,41,43,46,458,:
32:1,7,9,15,16,17,18,19,20,21,29,30,31,41,42,43,46,458,:
33:11,13,14,15,16,17,18,34,40,41,42,47,48,304,305,306,307,312,338,339,340,:
34:10,11,12,13,14,15,16,17,33,40,41,42,47,48,306,307,:
35:1,2,7,20,21,22,30,31,36,43,152,191,282,:
36:1,2,19,20,21,22,31,35,43,239,280,282,288,:
37:3,4,5,6,23,25,38,44,437,438,440,518,520,521,522,:
38:3,4,5,6,23,25,26,37,425,433,438,496,:
39:7,8,9,27,28,29,30,46,75,76,77,78,82,83,84,:
40:10,11,13,14,15,16,33,34,41,350,352,:
41:13,14,15,16,17,18,29,30,31,32,33,34,40,42,46,:
42:15,16,17,18,19,20,32,33,34,41,47,302,304,305,308,309,310,311,312,313,314,339,:
43:1,18,19,20,21,22,31,32,35,36,191,237,238,239,287,288,294,296,297,308,309,458,:
44:3,4,5,6,23,24,25,37,500,501,508,509,510,518,519,520,546,554,:
45:2,3,6,7,8,9,22,23,24,25,26,27,28,29,30,153,212,554,:
46:7,8,9,14,15,16,17,18,21,27,29,30,31,32,39,41,78,79,80,:
47:13,14,15,16,17,33,34,42,48,302,303,304,305,306,307,311,312,315,316,317,338,339,:
48:10,11,12,13,14,15,16,33,34,47,64,306,307,:
49:50,51,52,53,54,55,66,169,172,:
50:49,51,52,53,54,55,61,172,173,:
51:49,50,52,53,54,55,56,66,67,72,:
52:49,50,51,53,54,55,66,67,68,69,70,71,72,73,169,:
53:49,50,51,52,54,55,66,67,68,69,72,73,74,156,157,159,168,169,170,173,:
54:49,50,51,52,53,55,56,57,61,66,72,:
55:49,50,51,52,53,54,56,57,58,59,60,61,66,:
56:51,54,55,57,58,59,60,61,62,63,64,:
57:54,55,56,58,59,60,61,62,63,64,65,:
58:55,56,57,59,60,61,63,64,65,81,307,:
59:55,56,57,58,60,61,62,63,64,65,175,:
60:55,56,57,58,59,61,62,63,64,65,175,:
61:50,54,55,56,57,58,59,60,62,63,65,:
62:56,57,59,60,61,63,64,65,175,:
63:56,57,58,59,60,61,62,64,65,175,306,307,:
64:48,56,57,58,59,60,62,63,65,306,307,:
65:57,58,59,60,61,62,63,64,175,307,:
66:49,51,52,53,54,55,67,68,69,70,71,72,73,74,169,:
67:51,52,53,66,68,69,70,71,72,73,74,75,83,150,162,:
68:52,53,66,67,69,70,71,72,73,74,75,76,78,82,83,150,:
69:52,53,66,67,68,70,71,72,73,74,75,76,82,83,:
70:52,66,67,68,69,71,72,73,74,162,:
71:52,66,67,68,69,70,72,:
72:51,52,53,54,66,67,68,69,70,71,:
73:52,53,66,67,68,69,70,74,75,76,77,78,79,81,82,83,149,150,169,:
74:53,66,67,68,69,70,73,75,76,78,79,82,83,147,148,149,150,154,156,169,:
75:39,67,68,69,73,74,76,77,78,79,80,81,82,83,84,150,:
76:9,39,68,69,73,74,75,77,78,79,82,83,84,85,:
77:9,39,73,75,76,78,82,83,84,:
78:9,29,39,46,68,73,74,75,76,77,79,80,81,82,83,150,:
79:46,73,74,75,76,78,80,81,168,169,:
80:46,75,78,79,81,157,158,168,169,302,304,:
81:58,73,75,78,79,80,304,307,:
82:9,39,68,69,73,74,75,76,77,78,83,84,85,86,87,88,147,150,:
83:39,67,68,69,73,74,75,76,77,78,82,84,85,86,87,146,147,148,149,150,:
84:28,39,75,76,77,82,83,85,86,87,88,89,147,:
85:28,76,82,83,84,86,87,88,89,90,91,92,93,101,147,:
86:28,82,83,84,85,87,88,89,90,100,101,137,138,140,146,147,148,150,:
87:28,82,83,84,85,86,88,89,90,91,92,93,100,101,:
88:82,84,85,86,87,89,90,91,92,93,:
89:84,85,86,87,88,90,91,92,93,94,100,101,102,134,142,:
90:28,85,86,87,88,89,91,92,93,100,101,102,103,104,134,:
91:28,85,87,88,89,90,92,100,101,102,103,104,556,:
92:85,87,88,89,90,91,93,94,95,96,98,99,100,101,104,142,:
93:85,87,88,89,90,92,94,95,96,97,98,142,:
94:89,92,93,95,96,97,98,99,142,:
95:92,93,94,96,97,98,99,:
96:92,93,94,95,97,98,99,:
97:93,94,95,96,98,99,:
98:92,93,94,95,96,97,99,:
99:92,94,95,96,97,98,:
100:86,87,89,90,91,92,101,102,103,104,105,106,131,133,134,:
101:85,86,87,89,90,91,92,100,102,103,104,131,133,134,135,137,142,147,:
102:89,90,91,100,101,103,104,105,106,107,119,131,134,543,:
103:90,91,100,101,102,104,105,106,107,108,110,118,119,131,134,543,:
104:90,91,92,100,101,102,103,105,106,107,108,118,119,131,134,:
105:100,102,103,104,106,107,108,109,110,111,118,119,131,542,543,:
106:100,102,103,104,105,107,108,110,111,118,119,131,541,542,543,547,549,:
107:102,103,104,105,106,108,109,110,111,112,118,119,120,131,543,:
108:103,104,105,106,107,109,110,111,118,119,120,121,123,124,125,126,130,131,:
109:105,107,108,110,118,119,120,121,123,124,125,131,:
110:103,105,106,107,108,109,111,112,113,118,119,126,128,543,:
111:105,106,107,108,110,112,113,114,542,543,563,565,:
112:107,110,111,113,114,115,116,117,527,:
113:110,111,112,114,115,116,117,527,550,551,561,562,564,565,:
114:111,112,113,115,116,117,527,551,:
115:112,113,114,116,117,525,526,527,551,:
116:112,113,114,115,117,527,:
117:112,113,114,115,116,527,551,:
118:103,104,105,106,107,108,109,110,119,120,121,122,123,124,125,126,130,131,:
119:102,103,104,105,106,107,108,109,110,118,120,121,122,123,124,126,130,131,132,134,543,:
120:107,108,109,118,119,121,122,123,124,125,126,130,131,132,:
121:108,109,118,119,120,122,123,124,130,131,132,133,218,:
122:118,119,120,121,123,130,131,132,218,224,225,:
123:108,109,118,119,120,121,122,124,125,126,127,128,130,131,:
124:108,109,118,119,120,121,123,125,126,127,128,129,:
125:108,109,118,120,123,124,126,127,128,129,:
126:108,110,118,119,120,123,124,125,127,128,129,:
127:123,124,125,126,128,129,:
128:110,123,124,125,126,127,129,535,537,:
129:124,125,126,127,128,:
130:108,118,119,120,121,122,123,131,132,133,134,135,136,218,:
131:100,101,102,103,104,105,106,107,108,109,118,119,120,121,122,123,130,132,133,134,135,:
132:119,120,121,122,130,131,133,134,135,136,137,218,:
133:100,101,121,130,131,132,134,135,136,137,138,139,140,141,142,218,:
134:89,90,100,101,102,103,104,119,130,131,132,133,135,136,137,138,140,141,142,:
135:101,130,131,132,133,134,136,137,138,139,140,141,142,146,147,215,218,:
136:130,132,133,134,135,137,138,139,140,141,142,167,215,218,219,:
137:86,101,132,133,134,135,136,138,139,140,141,142,143,146,147,148,:
138:86,133,134,135,136,137,139,140,141,146,147,148,149,150,151,153,215,:
139:133,135,136,137,138,140,146,147,148,149,151,153,161,163,196,203,204,214,215,216,218,219,221,:
140:86,133,134,135,136,137,138,139,141,142,143,144,145,146,147,163,165,166,167,:
141:133,134,135,136,137,138,140,142,143,144,145,166,167,:
142:89,92,93,94,101,133,134,135,136,137,140,141,143,144,145,:
143:137,140,141,142,144,145,166,167,:
144:140,141,142,143,145,:
145:140,141,142,143,144,163,164,165,166,167,:
146:83,86,135,137,138,139,140,147,148,149,150,151,152,153,154,155,215,:
147:74,82,83,84,85,86,101,135,137,138,139,140,146,148,149,150,151,153,:
148:74,83,86,137,138,139,146,147,149,150,151,152,153,154,155,156,196,215,:
149:73,74,83,138,139,146,147,148,150,151,152,153,154,155,156,157,158,159,160,161,196,:
150:67,68,73,74,75,78,82,83,86,138,146,147,148,149,151,152,154,155,156,157,159,160,:
151:8,9,138,139,146,147,148,149,150,152,153,154,155,:
152:35,146,148,149,150,151,153,154,155,196,:
153:8,27,28,45,138,139,146,147,148,149,151,152,207,210,211,212,:
154:74,146,148,149,150,151,152,155,156,157,158,159,160,161,168,169,193,195,196,:
155:146,148,149,150,151,152,154,156,157,158,159,160,161,192,193,194,195,196,197,201,:
156:53,74,148,149,150,154,155,157,158,159,160,161,162,168,169,170,193,196,:
157:53,80,149,150,154,155,156,158,159,160,168,169,170,171,172,173,192,193,:
158:80,149,154,155,156,157,159,168,169,170,171,172,181,188,189,191,192,193,194,196,:
159:53,149,150,154,155,156,157,158,160,161,162,163,164,168,169,172,:
160:149,150,154,155,156,157,159,161,162,163,164,165,:
161:139,149,154,155,156,159,160,162,163,164,165,166,167,196,:
162:67,70,156,159,160,161,163,164,165,166,:
163:139,140,145,159,160,161,162,164,165,166,167,221,:
164:145,159,160,161,162,163,165,166,167,:
165:140,145,160,161,162,163,164,166,167,:
166:140,141,143,145,161,162,163,164,165,167,:
167:136,140,141,143,145,161,163,164,165,166,:
168:53,79,80,154,156,157,158,159,169,170,171,172,173,174,193,:
169:49,52,53,66,73,74,79,80,154,156,157,158,159,168,170,171,172,173,174,:
170:53,156,157,158,168,169,171,172,173,174,175,176,181,:
171:157,158,168,169,170,172,173,174,176,181,:
172:49,50,157,158,159,168,169,170,171,173,:
173:50,53,157,168,169,170,171,172,174,175,176,:
174:168,169,170,171,173,175,176,307,:
175:59,60,62,63,65,170,173,174,176,307,:
176:170,171,173,174,175,181,:
177:178,179,180,181,182,183,186,187,:
178:177,179,180,181,182,183,186,:
179:177,178,180,181,182,183,184,185,186,187,188,279,295,299,:
180:177,178,179,181,182,183,184,186,187,188,189,190,191,279,299,:
181:158,170,171,176,177,178,179,180,182,183,184,186,187,188,189,191,193,:
182:177,178,179,180,181,183,184,185,186,187,279,:
183:177,178,179,180,181,182,184,185,186,187,:
184:179,180,181,182,183,185,186,187,189,190,192,273,:
185:179,182,183,184,:
186:177,178,179,180,181,182,183,184,187,188,189,190,191,192,193,276,278,279,294,299,:
187:177,179,180,181,182,183,184,186,188,189,190,191,275,276,277,278,279,284,286,287,288,294,295,296,299,:
188:158,179,180,181,186,187,189,190,191,192,193,194,276,279,:
189:158,180,181,184,186,187,188,190,191,192,193,194,195,197,201,202,275,276,279,:
190:180,184,186,187,188,189,191,192,193,194,195,197,201,202,261,268,269,275,276,277,278,279,280,:
191:35,43,158,180,181,186,187,188,189,190,192,193,279,:
192:155,157,158,184,186,188,189,190,191,193,194,195,196,197,198,201,202,276,:
193:154,155,156,157,158,168,181,186,188,189,190,191,192,194,195,196,197,:
194:155,158,188,189,190,192,193,195,196,197,198,199,200,201,202,203,261,:
195:154,155,189,190,192,193,194,196,197,198,199,201,202,203,204,205,206,261,:
196:139,148,149,152,154,155,156,158,161,192,193,194,195,197,198,201,202,203,204,214,215,:
197:155,189,190,192,193,194,195,196,198,199,200,201,202,:
198:192,194,195,196,197,199,200,201,202,:
199:194,195,197,198,200,202,261,:
200:194,197,198,199,:
201:155,189,190,192,194,195,196,197,198,202,203,204,205,206,207,214,215,258,261,:
202:189,190,192,194,195,196,197,198,199,201,203,204,205,206,257,258,259,260,261,262,276,:
203:139,194,195,196,201,202,204,205,206,207,208,214,215,216,258,261,:
204:139,195,196,201,202,203,205,206,207,214,215,216,217,218,219,221,257,258,:
205:195,201,202,203,204,206,207,214,215,216,217,223,257,258,259,261,262,:
206:195,201,202,203,204,205,207,208,209,211,214,215,258,261,262,282,:
207:153,201,203,204,205,206,208,209,210,211,212,213,214,215,:
208:24,203,206,207,209,210,211,212,213,265,282,:
209:24,206,207,208,210,211,212,213,545,546,:
210:24,153,207,208,209,211,212,213,545,546,554,:
211:153,206,207,208,209,210,212,213,545,:
212:3,24,27,45,153,207,208,209,210,211,213,545,546,554,:
213:207,208,209,210,211,212,542,543,544,545,546,554,:
214:139,196,201,203,204,205,206,207,215,216,217,218,219,220,221,222,223,258,:
215:135,136,138,139,146,148,196,201,203,204,205,206,207,214,216,217,218,219,221,:
216:139,203,204,205,214,215,217,218,219,220,221,222,223,224,:
217:204,205,214,215,216,218,219,220,221,222,223,224,225,227,228,230,:
218:121,122,130,132,133,135,136,139,204,214,215,216,217,219,220,222,223,224,225,227,228,230,:
219:136,139,204,214,215,216,217,218,220,221,222,223,:
220:214,216,217,218,219,221,222,223,:
221:139,163,204,214,215,216,217,219,220,:
222:214,216,217,218,219,220,223,224,225,226,227,228,230,:
223:205,214,216,217,218,219,220,222,224,225,226,227,228,:
224:122,216,217,218,222,223,225,226,227,228,229,230,:
225:122,217,218,222,223,224,226,227,228,:
226:222,223,224,225,227,:
227:217,218,222,223,224,225,226,228,229,230,:
228:217,218,222,223,224,225,227,229,230,:
229:224,227,228,230,265,:
230:217,218,222,224,227,228,229,:
231:232,233,234,235,236,237,240,241,483,485,486,:
232:231,233,234,235,236,472,482,483,484,485,486,487,:
233:231,232,234,235,236,237,238,239,240,241,242,293,486,:
234:231,232,233,235,236,237,240,241,242,243,244,245,293,504,:
235:231,232,233,234,236,240,241,242,243,503,504,505,:
236:231,232,233,234,235,237,238,239,240,241,486,504,:
237:43,231,233,234,236,238,239,240,241,288,:
238:43,233,236,237,239,241,288,290,474,475,:
239:1,20,22,36,43,233,236,237,238,288,498,:
240:231,233,234,235,236,237,241,242,243,244,245,246,285,289,293,:
241:231,233,234,235,236,237,238,240,242,243,244,245,285,286,289,290,291,293,:
242:233,234,235,240,241,243,244,245,246,247,285,293,:
243:234,235,240,241,242,244,245,246,247,285,:
244:234,240,241,242,243,245,246,277,278,283,284,285,286,289,:
245:234,240,241,242,243,244,246,247,248,293,:
246:240,242,243,244,245,247,248,249,250,252,:
247:242,243,245,246,248,249,250,251,252,253,254,255,:
248:245,246,247,249,250,251,252,253,254,255,256,:
249:246,247,248,250,251,252,254,255,256,:
250:246,247,248,249,251,252,253,254,255,256,:
251:247,248,249,250,252,253,254,255,256,:
252:246,247,248,249,250,251,253,254,256,:
253:247,248,250,251,252,254,255,256,:
254:247,248,249,250,251,252,253,255,256,:
255:247,248,249,250,251,253,254,256,:
256:248,249,250,251,252,253,254,255,:
257:202,204,205,258,259,260,261,262,263,264,266,267,:
258:201,202,203,204,205,206,214,257,259,260,261,262,263,264,:
259:202,205,257,258,260,261,262,263,264,265,266,267,268,:
260:202,257,258,259,261,262,263,266,267,268,269,271,272,275,276,:
261:190,194,195,199,201,202,203,205,206,257,258,259,260,262,266,267,268,269,275,276,:
262:202,205,206,257,258,259,260,261,263,264,265,266,267,:
263:257,258,259,260,262,264,265,:
264:257,258,259,262,263,265,:
265:208,229,259,262,263,264,513,515,:
266:257,259,260,261,262,267,268,269,270,271,272,273,275,276,:
267:257,259,260,261,262,266,268,269,270,271,272,:
268:190,259,260,261,266,267,269,270,271,272,273,274,275,276,277,:
269:190,260,261,266,267,268,270,271,272,273,275,276,277,278,279,280,281,:
270:266,267,268,269,271,273,275,276,277,278,280,:
271:260,266,267,268,269,270,272,273,274,275,276,:
272:260,266,267,268,269,271,273,274,:
273:184,266,268,269,270,271,272,274,275,276,:
274:268,271,272,273,:
275:187,189,190,260,261,266,268,269,270,271,273,276,277,278,279,280,281,284,285,:
276:186,187,188,189,190,192,202,260,261,266,268,269,270,271,273,275,277,278,279,280,281,:
277:187,190,244,268,269,270,275,276,278,279,280,281,282,283,284,285,286,:
278:186,187,190,244,269,270,275,276,277,279,280,281,284,285,286,287,288,289,294,295,:
279:179,180,182,186,187,188,189,190,191,269,275,276,277,278,280,284,285,286,287,288,294,295,:
280:36,190,269,270,275,276,277,278,279,281,282,283,284,285,288,:
281:269,275,276,277,278,280,282,283,:
282:1,35,36,206,208,277,280,281,283,:
283:244,277,280,281,282,504,:
284:187,244,275,277,278,279,280,285,286,287,288,289,290,294,295,:
285:240,241,242,243,244,275,277,278,279,280,284,286,287,288,289,:
286:187,241,244,277,278,279,284,285,287,288,289,290,291,294,295,296,:
287:43,187,278,279,284,285,286,288,289,290,294,295,296,297,298,299,:
288:20,36,43,187,237,238,239,278,279,280,284,285,286,287,289,290,294,295,296,297,308,309,:
289:240,241,244,278,284,285,286,287,288,290,291,292,293,294,295,:
290:238,241,284,286,287,288,289,291,292,293,294,295,298,:
291:241,286,289,290,292,293,477,478,480,481,:
292:289,290,291,293,476,477,478,479,480,481,:
293:233,234,240,241,242,245,289,290,291,292,477,:
294:43,186,187,278,279,284,286,287,288,289,290,295,296,297,298,299,300,308,309,:
295:179,187,278,279,284,286,287,288,289,290,294,296,297,298,299,:
296:19,43,187,286,287,288,294,295,297,298,299,300,301,302,308,309,310,:
297:19,43,287,288,294,295,296,298,299,300,301,302,308,309,310,311,313,314,320,:
298:287,290,294,295,296,297,299,300,301,308,309,310,311,314,320,:
299:179,180,186,187,287,294,295,296,297,298,300,301,302,303,304,308,309,:
300:294,296,297,298,299,301,302,303,304,305,308,309,:
301:296,297,298,299,300,302,303,304,305,306,315,:
302:17,18,19,42,47,80,296,297,299,300,301,303,304,305,306,307,308,309,:
303:47,299,300,301,302,304,305,306,307,315,:
304:16,17,18,33,42,47,80,81,299,300,301,302,303,305,306,307,:
305:33,42,47,300,301,302,303,304,306,307,:
306:33,34,47,48,63,64,301,302,303,304,305,307,:
307:33,34,47,48,58,63,64,65,81,174,175,302,303,304,305,306,:
308:17,18,19,20,42,43,288,294,296,297,298,299,300,302,309,310,311,312,313,314,320,:
309:17,18,19,20,42,43,288,294,296,297,298,299,300,302,308,310,311,312,313,:
310:19,42,296,297,298,308,309,311,312,313,314,315,320,322,464,:
311:17,42,47,297,298,308,309,310,312,313,314,315,316,318,319,320,321,322,339,464,:
312:16,17,18,19,33,42,47,308,309,310,311,313,314,315,316,320,321,322,338,339,340,464,:
313:19,42,297,308,309,310,311,312,314,322,339,456,460,461,463,464,:
314:42,297,298,308,310,311,312,313,315,316,317,318,319,320,321,322,339,464,:
315:47,301,303,310,311,312,314,316,317,318,319,320,321,322,323,339,:
316:47,311,312,314,315,317,318,319,320,321,322,323,324,326,327,338,339,:
317:47,314,315,316,318,321,322,323,324,326,327,338,339,:
318:311,314,315,316,317,319,320,321,322,:
319:311,314,315,316,318,320,322,:
320:297,298,308,310,311,312,314,315,316,318,319,321,322,464,:
321:311,312,314,315,316,317,318,320,322,323,324,325,326,327,338,339,464,:
322:310,311,312,313,314,315,316,317,318,319,320,321,323,324,326,327,338,339,463,464,:
323:315,316,317,321,322,324,325,326,327,328,338,339,340,464,:
324:316,317,321,322,323,325,326,327,338,339,340,341,342,464,:
325:321,323,324,326,338,339,340,341,342,343,344,:
326:316,317,321,322,323,324,325,327,328,329,330,338,339,464,465,:
327:316,317,321,322,323,324,326,328,329,330,331,333,:
328:323,326,327,329,330,331,332,333,334,335,336,:
329:326,327,328,330,331,332,333,334,335,336,337,:
330:326,327,328,329,331,332,333,335,336,337,:
331:327,328,329,330,332,333,334,335,336,337,:
332:328,329,330,331,333,334,335,336,337,:
333:327,328,329,330,331,332,334,335,337,:
334:328,329,331,332,333,335,336,337,:
335:328,329,330,331,332,333,334,336,337,:
336:328,329,330,331,332,334,335,337,:
337:329,330,331,332,333,334,335,336,:
338:33,47,312,316,317,321,322,323,324,325,326,339,340,341,342,343,344,461,464,:
339:16,17,33,42,47,311,312,313,314,315,316,317,321,322,323,324,325,326,338,340,341,342,461,464,:
340:15,16,33,312,323,324,325,338,339,341,342,343,344,345,461,:
341:324,325,338,339,340,342,343,344,345,346,347,348,349,354,461,:
342:324,325,338,339,340,341,343,344,345,346,353,354,453,454,456,459,460,461,462,465,:
343:325,338,340,341,342,344,345,346,347,348,349,350,352,353,354,:
344:325,338,340,341,342,343,345,346,347,348,349,350,352,:
345:340,341,342,343,344,346,347,348,349,350,352,353,354,355,362,376,446,459,:
346:341,342,343,344,345,347,348,349,353,354,355,356,357,358,361,362,375,376,446,:
347:341,343,344,345,346,348,353,354,355,356,357,361,362,375,376,377,380,:
348:341,343,344,345,346,347,349,350,351,352,353,354,362,369,371,376,:
349:341,343,344,345,346,348,350,351,352,371,459,:
350:40,343,344,345,348,349,351,352,371,:
351:348,349,350,352,371,:
352:14,40,343,344,345,348,349,350,351,382,383,384,385,387,:
353:342,343,345,346,347,348,354,355,356,357,358,359,360,361,362,376,446,:
354:341,342,343,345,346,347,348,353,355,356,358,360,361,362,445,446,451,453,:
355:345,346,347,353,354,356,357,358,359,360,361,362,363,376,446,:
356:346,347,353,354,355,357,358,359,360,361,362,363,364,365,366,375,376,:
357:346,347,353,355,356,358,359,361,362,363,364,365,375,376,377,378,:
358:346,353,354,355,356,357,359,360,361,362,446,447,:
359:353,355,356,357,358,360,361,362,:
360:353,354,355,356,358,359,445,446,447,466,:
361:346,347,353,354,355,356,357,358,359,362,363,364,365,366,367,369,375,376,417,:
362:345,346,347,348,353,354,355,356,357,358,359,361,363,364,366,367,369,375,376,416,417,446,:
363:355,356,357,361,362,364,365,366,367,368,369,375,376,377,:
364:356,357,361,362,363,365,366,367,368,369,375,376,377,378,379,380,:
365:356,357,361,363,364,366,367,368,375,376,377,378,379,:
366:356,361,362,363,364,365,367,368,369,370,371,375,376,:
367:361,362,363,364,365,366,368,369,370,371,372,375,376,:
368:363,364,365,366,367,369,370,371,372,373,374,375,376,377,381,:
369:348,361,362,363,364,366,367,368,370,371,372,373,375,376,:
370:366,367,368,369,371,372,373,374,375,381,:
371:348,349,350,351,366,367,368,369,370,372,373,374,381,:
372:367,368,369,370,371,373,374,381,383,:
373:368,369,370,371,372,374,381,383,:
374:368,370,371,372,373,381,383,:
375:346,347,356,357,361,362,363,364,365,366,367,368,369,370,376,377,378,379,380,381,:
376:345,346,347,348,353,355,356,357,361,362,363,364,365,366,367,368,369,375,377,378,380,381,:
377:347,357,363,364,365,368,375,376,378,379,380,381,382,:
378:357,364,365,375,376,377,379,380,381,:
379:364,365,375,377,378,380,:
380:347,364,375,376,377,378,379,381,382,383,:
381:368,370,371,372,373,374,375,376,377,378,380,382,383,384,:
382:352,377,380,381,383,384,385,386,387,:
383:352,372,373,374,380,381,382,384,385,386,387,:
384:352,381,382,383,385,386,387,:
385:10,352,382,383,384,386,387,:
386:382,383,384,385,387,:
387:352,382,383,384,385,386,:
388:389,390,391,392,393,394,405,406,:
389:388,390,391,392,393,394,:
390:388,389,391,392,393,394,395,405,406,407,:
391:388,389,390,392,393,394,395,405,406,407,408,409,410,:
392:388,389,390,391,393,405,406,407,408,:
393:388,389,390,391,392,394,395,396,405,406,:
394:388,389,390,391,393,395,396,397,398,400,406,:
395:390,391,393,394,396,397,398,399,400,401,402,403,405,406,:
396:393,394,395,397,398,399,400,401,402,403,404,:
397:394,395,396,398,399,400,402,403,404,:
398:394,395,396,397,399,400,401,402,403,404,505,:
399:395,396,397,398,400,401,402,403,404,489,494,495,499,505,:
400:394,395,396,397,398,399,401,402,404,406,441,489,495,:
401:395,396,398,399,400,402,403,404,486,489,494,495,497,499,502,503,505,:
402:395,396,397,398,399,400,401,403,404,505,:
403:395,396,397,398,399,401,402,404,505,:
404:396,397,398,399,400,401,402,403,502,503,505,:
405:388,390,391,392,393,395,406,407,408,409,410,411,:
406:388,390,391,392,393,394,395,400,405,407,408,409,410,:
407:390,391,392,405,406,408,409,410,411,412,413,:
408:391,392,405,406,407,409,410,411,412,413,:
409:391,405,406,407,408,410,411,412,413,436,439,441,489,:
410:391,405,406,407,408,409,411,412,413,:
411:405,407,408,409,410,412,413,436,:
412:407,408,409,410,411,413,436,437,438,439,441,:
413:407,408,409,410,411,412,:
414:415,416,417,418,419,420,421,422,432,:
415:414,416,417,418,419,420,421,422,423,432,443,:
416:362,414,415,417,418,419,420,421,422,423,424,426,430,431,432,442,443,:
417:361,362,414,415,416,418,421,422,423,424,425,431,432,433,434,442,443,444,446,447,:
418:414,415,416,417,419,420,421,422,430,:
419:414,415,416,418,420,422,:
420:414,415,416,418,419,421,422,430,:
421:414,415,416,417,418,420,422,423,424,425,426,427,428,430,431,432,443,:
422:414,415,416,417,418,419,420,421,423,424,426,427,428,429,430,431,432,:
423:415,416,417,421,422,424,425,426,427,428,430,431,432,433,443,:
424:416,417,421,422,423,425,426,427,431,432,433,434,436,442,443,:
425:38,417,421,423,424,426,427,431,432,433,434,436,442,443,:
426:416,421,422,423,424,425,427,428,429,430,431,432,:
427:421,422,423,424,425,426,428,429,430,431,432,:
428:421,422,423,426,427,429,430,:
429:422,426,427,428,430,:
430:416,418,420,421,422,423,426,427,428,429,:
431:416,417,421,422,423,424,425,426,427,432,433,434,435,436,437,438,442,443,:
432:414,415,416,417,421,422,423,424,425,426,427,431,433,434,435,436,442,443,:
433:38,417,423,424,425,431,432,434,435,436,437,438,439,441,442,443,444,:
434:417,424,425,431,432,433,435,436,437,439,441,442,443,444,445,447,448,450,492,:
435:431,432,433,434,436,437,439,441,442,443,444,445,447,448,450,452,473,484,485,491,492,493,496,:
436:409,411,412,424,425,431,432,433,434,435,437,438,439,440,441,442,443,:
437:37,412,431,433,434,435,436,438,439,440,441,:
438:4,37,38,412,431,433,436,437,439,440,441,520,:
439:409,412,433,434,435,436,437,438,440,441,491,492,493,494,495,496,:
440:37,436,437,438,439,441,492,493,494,495,496,497,518,519,520,:
441:400,409,412,433,434,435,436,437,438,439,440,489,491,492,493,494,495,496,:
442:416,417,424,425,431,432,433,434,435,436,443,444,445,446,447,448,450,451,452,492,:
443:415,416,417,421,423,424,425,431,432,433,434,435,436,442,444,445,446,447,448,451,:
444:417,433,434,435,442,443,445,446,447,448,449,450,451,452,453,473,492,:
445:354,360,434,435,442,443,444,446,447,448,451,452,453,454,455,456,457,459,473,:
446:345,346,353,354,355,358,360,362,417,442,443,444,445,447,451,452,453,454,456,459,:
447:358,360,417,434,435,442,443,444,445,446,448,449,450,451,452,:
448:434,435,442,443,444,445,447,449,450,:
449:444,447,448,450,:
450:434,435,442,444,447,448,449,488,:
451:354,442,443,444,445,446,447,452,453,454,455,456,457,459,460,461,470,472,473,:
452:435,442,444,445,446,447,451,453,454,455,456,457,469,470,471,472,473,474,482,492,:
453:342,354,444,445,446,451,452,454,455,456,457,458,459,460,461,462,470,473,:
454:342,445,446,451,452,453,455,456,457,460,461,462,463,465,466,469,470,474,:
455:445,451,452,453,454,456,460,461,462,463,465,466,468,469,470,471,473,474,:
456:313,342,445,446,451,452,453,454,455,457,458,459,460,461,473,:
457:26,445,451,452,453,454,456,458,459,:
458:18,19,20,21,26,31,32,43,453,456,457,459,:
459:26,342,345,349,445,446,451,453,456,457,458,:
460:313,342,451,453,454,455,456,461,462,463,464,465,466,470,:
461:313,338,339,340,341,342,451,453,454,455,456,460,462,463,464,465,466,:
462:342,453,454,455,460,461,463,464,465,466,467,468,:
463:313,322,454,455,460,461,462,464,465,466,:
464:310,311,312,313,314,320,321,322,323,324,326,338,339,460,461,462,463,465,:
465:326,342,454,455,460,461,462,463,464,466,467,468,:
466:360,454,455,460,461,462,463,465,467,468,:
467:462,465,466,468,:
468:455,462,465,466,467,:
469:452,454,455,470,471,472,473,474,475,476,482,483,:
470:451,452,453,454,455,460,469,471,472,473,474,482,:
471:452,455,469,470,472,473,474,475,476,482,483,484,:
472:232,451,452,469,470,471,473,474,475,482,483,484,485,486,487,491,492,:
473:435,444,445,451,452,453,455,456,469,470,471,472,474,482,483,484,485,486,491,492,:
474:238,452,454,455,469,470,471,472,473,475,476,477,482,483,:
475:238,469,471,472,474,476,477,478,480,:
476:292,469,471,474,475,477,478,479,480,481,:
477:291,292,293,474,475,476,478,479,480,481,:
478:291,292,475,476,477,479,480,481,:
479:292,476,477,478,480,481,:
480:291,292,475,476,477,478,479,481,:
481:291,292,476,477,478,479,480,:
482:232,452,469,470,471,472,473,474,483,484,485,486,487,488,489,491,492,:
483:231,232,469,471,472,473,474,482,484,485,486,487,488,490,:
484:232,435,471,472,473,482,483,485,486,487,488,489,490,491,492,493,:
485:231,232,435,472,473,482,483,484,486,487,488,489,491,492,493,494,495,496,:
486:231,232,233,236,401,472,473,482,483,484,485,487,489,491,492,493,494,495,497,505,:
487:232,472,482,483,484,485,486,488,489,490,491,492,:
488:450,482,483,484,485,487,489,490,:
489:399,400,401,409,441,482,484,485,486,487,488,490,491,492,495,:
490:483,484,487,488,489,:
491:435,439,441,472,473,482,484,485,486,487,489,492,493,494,495,496,497,498,:
492:434,435,439,440,441,442,444,452,472,473,482,484,485,486,487,489,491,493,494,495,496,:
493:435,439,440,441,484,485,486,491,492,494,495,496,497,498,499,:
494:399,401,439,440,441,485,486,491,492,493,495,496,497,498,499,500,501,502,503,505,:
495:399,400,401,439,440,441,485,486,489,491,492,493,494,496,497,498,499,500,505,:
496:4,5,6,38,435,439,440,441,485,491,492,493,494,495,497,498,:
497:401,440,486,491,493,494,495,496,498,499,500,501,502,503,504,505,506,507,:
498:239,491,493,494,495,496,497,499,500,501,502,503,504,505,:
499:399,401,493,494,495,497,498,500,501,502,503,504,505,506,507,508,:
500:44,494,495,497,498,499,501,502,503,506,507,508,509,510,511,512,513,518,519,:
501:3,4,24,25,44,494,497,498,499,500,502,506,507,508,509,510,511,512,513,518,519,:
502:401,404,494,497,498,499,500,501,503,504,505,506,507,512,513,515,:
503:235,401,404,494,497,498,499,500,502,504,505,:
504:234,235,236,283,497,498,499,502,503,505,:
505:235,398,399,401,402,403,404,486,494,495,497,498,499,502,503,504,:
506:497,499,500,501,502,507,508,509,510,511,512,513,514,518,519,:
507:497,499,500,501,502,506,508,509,511,512,513,514,518,519,:
508:44,499,500,501,506,507,509,510,511,512,513,514,518,519,520,524,532,533,540,546,:
509:25,44,500,501,506,507,508,510,511,512,518,519,520,521,523,524,539,540,546,:
510:25,44,500,501,506,508,509,511,518,519,520,521,522,523,524,526,539,540,541,544,545,546,548,:
511:500,501,506,507,508,509,510,512,513,514,515,516,518,545,546,:
512:500,501,502,506,507,508,509,511,513,514,515,516,517,:
513:265,500,501,502,506,507,508,511,512,514,515,516,517,:
514:506,507,508,511,512,513,515,516,517,533,:
515:265,502,511,512,513,514,516,517,:
516:511,512,513,514,515,517,:
517:512,513,514,515,516,:
518:37,44,440,500,501,506,507,508,509,510,511,519,520,521,522,523,524,540,:
519:44,440,500,501,506,507,508,509,510,518,520,521,523,524,:
520:4,25,37,44,438,440,508,509,510,518,519,521,522,523,524,525,540,:
521:37,509,510,518,519,520,522,523,524,525,526,528,539,540,548,:
522:37,510,518,520,521,523,524,525,526,527,539,540,547,548,551,:
523:509,510,518,519,520,521,522,524,525,526,527,528,529,530,531,539,540,548,:
524:508,509,510,518,519,520,521,522,523,525,526,528,529,530,531,532,534,539,540,:
525:115,520,521,522,523,524,526,527,528,529,530,531,535,539,540,541,548,:
526:115,510,521,522,523,524,525,527,528,529,531,535,539,540,541,542,544,546,547,548,:
527:112,113,114,115,116,117,522,523,525,526,528,529,531,535,539,540,541,542,547,548,:
528:521,523,524,525,526,527,529,530,531,532,534,535,539,540,:
529:523,524,525,526,527,528,530,531,532,533,534,535,536,537,539,540,:
530:523,524,525,528,529,531,532,533,534,535,536,540,:
531:523,524,525,526,527,528,529,530,532,533,534,535,536,537,538,539,540,:
532:508,524,528,529,530,531,533,534,535,536,538,:
533:508,514,529,530,531,532,534,536,:
534:524,528,529,530,531,532,533,535,536,537,538,:
535:128,525,526,527,528,529,530,531,532,534,536,537,538,539,540,541,544,:
536:529,530,531,532,533,534,535,537,538,:
537:128,529,531,534,535,536,538,541,544,:
538:531,532,534,535,536,537,:
539:509,510,521,522,523,524,525,526,527,528,529,531,535,540,541,542,543,544,545,546,547,548,:
540:508,509,510,518,520,521,522,523,524,525,526,527,528,529,530,531,535,539,541,542,544,545,546,547,548,:
541:106,510,525,526,527,535,537,539,540,542,543,544,545,546,547,548,549,:
542:105,106,111,213,526,527,539,540,541,543,544,545,546,547,548,549,550,551,552,554,:
543:102,103,105,106,107,110,111,119,213,539,541,542,544,545,546,547,548,549,550,552,554,:
544:213,510,526,535,537,539,540,541,542,543,545,546,547,548,:
545:209,210,211,212,213,510,511,539,540,541,542,543,544,546,547,548,554,:
546:44,209,210,212,213,508,509,510,511,526,539,540,541,542,543,544,545,547,548,554,:
547:106,522,526,527,539,540,541,542,543,544,545,546,548,549,550,551,552,553,554,555,556,:
548:510,521,522,523,525,526,527,539,540,541,542,543,544,545,546,547,549,550,551,552,554,:
549:106,541,542,543,547,548,550,551,552,553,554,555,556,557,:
550:113,542,543,547,548,549,551,552,553,554,555,556,557,558,559,560,:
551:113,114,115,117,522,542,547,548,549,550,552,553,555,556,557,558,559,:
552:542,543,547,548,549,550,551,553,554,555,556,:
553:28,547,549,550,551,552,554,555,556,559,:
554:3,4,25,44,45,210,212,213,542,543,545,546,547,548,549,550,552,553,:
555:547,549,550,551,552,553,556,557,558,559,560,561,:
556:91,547,549,550,551,552,553,555,557,558,559,560,561,563,:
557:549,550,551,555,556,558,559,560,561,562,563,:
558:550,551,555,556,557,559,560,561,:
559:550,551,553,555,556,557,558,560,:
560:550,555,556,557,558,559,561,562,563,564,565,:
561:113,555,556,557,558,560,562,563,564,565,:
562:113,557,560,561,563,564,565,:
563:111,556,557,560,561,562,564,565,:
564:113,560,561,562,563,565,:
565:111,113,560,561,562,563,564,:
