1:2,3,4,5,6,7,8,9,10,11,12,13,14,15,16,21,22,23,24,235,236,237,281,300,301,302,:
2:1,3,4,5,7,8,9,10,11,12,13,14,15,16,20,21,22,23,24,93,94,143,167,237,:
3:1,2,4,5,6,7,8,9,10,11,12,13,14,15,16,20,21,22,23,24,83,93,94,132,375,:
4:1,2,3,5,6,7,8,9,10,11,12,13,14,15,16,17,18,19,20,21,22,23,24,47,132,167,374,375,376,377,379,:
5:1,2,3,4,6,7,8,10,11,12,13,14,15,16,17,18,19,20,23,24,237,300,301,302,377,379,381,:
6:1,3,4,5,7,10,15,16,17,18,19,20,23,24,46,47,216,300,301,376,379,380,381,382,383,:
7:1,2,3,4,5,6,8,10,13,14,15,16,17,18,19,20,21,23,24,45,46,47,130,131,132,163,165,166,167,237,:
8:1,2,3,4,5,7,9,12,13,14,15,20,21,22,80,81,83,91,93,94,131,132,:
9:1,2,3,4,8,10,11,12,13,14,21,22,23,93,94,95,97,141,142,143,267,:
10:1,2,3,4,5,6,7,9,11,12,13,14,15,16,17,18,19,20,23,24,167,235,236,237,279,281,300,301,302,:
11:1,2,3,4,5,9,10,12,13,14,16,22,23,24,235,236,237,266,267,279,280,281,302,:
12:1,2,3,4,5,8,9,10,11,13,14,15,16,22,23,24,281,300,301,302,:
13:1,2,3,4,5,7,8,9,10,11,12,14,15,16,20,21,22,23,24,94,131,132,142,143,166,167,235,237,:
14:1,2,3,4,5,7,8,9,10,11,12,13,15,16,20,21,22,23,83,93,94,375,377,378,:
15:1,2,3,4,5,6,7,8,10,12,13,14,16,17,18,19,20,21,23,45,46,47,83,373,374,375,376,377,378,379,380,:
16:1,2,3,4,5,6,7,10,11,12,13,14,15,17,18,19,23,24,299,300,301,302,375,376,377,378,379,381,:
17:4,5,6,7,10,15,16,18,19,23,24,215,216,299,300,301,302,326,381,382,383,:
18:4,5,6,7,10,15,16,17,19,20,23,24,46,47,374,376,377,379,380,381,382,383,:
19:4,5,6,7,10,15,16,17,18,20,23,24,46,47,163,167,215,216,237,:
20:2,3,4,5,6,7,8,10,13,14,15,18,19,21,23,45,47,130,131,132,163,165,166,167,237,:
21:1,2,3,4,7,8,9,13,14,15,20,22,80,81,83,93,94,129,130,131,132,143,167,:
22:1,2,3,4,8,9,11,12,13,14,21,91,93,94,95,97,131,141,142,143,:
23:1,2,3,4,5,6,7,9,10,11,12,13,14,15,16,17,18,19,20,24,163,166,167,215,216,235,236,237,281,301,:
24:1,2,3,4,5,6,7,10,11,12,13,16,17,18,19,23,216,235,236,237,279,280,281,284,300,301,302,:
25:26,27,28,29,30,31,391,:
26:25,27,28,29,30,389,391,392,:
27:25,26,28,29,30,31,32,33,:
28:25,26,27,29,30,31,33,38,396,:
29:25,26,27,28,30,38,391,392,396,:
30:25,26,27,28,29,31,32,33,34,35,391,394,395,396,:
31:25,27,28,30,32,33,34,35,36,46,396,:
32:27,30,31,33,34,35,36,325,:
33:27,28,30,31,32,34,35,36,44,46,:
34:30,31,32,33,35,36,325,:
35:30,31,32,33,34,36,46,159,161,:
36:31,32,33,34,35,161,213,:
37:38,39,40,41,42,43,44,396,:
38:28,29,37,39,40,41,42,43,44,396,398,:
39:37,38,40,41,42,43,44,45,60,106,108,:
40:37,38,39,41,42,43,60,61,106,:
41:37,38,39,40,42,57,60,:
42:37,38,39,40,41,43,44,45,46,47,60,371,372,384,396,:
43:37,38,39,40,42,44,45,46,47,108,372,373,396,:
44:33,37,38,39,42,43,45,46,47,373,380,395,396,398,:
45:7,15,20,39,42,43,44,46,47,108,130,132,373,:
46:6,7,15,18,19,31,33,35,42,43,44,45,47,380,396,:
47:4,6,7,15,18,19,20,42,43,44,45,46,108,373,:
48:49,50,51,52,53,54,55,56,152,:
49:48,50,51,53,54,55,56,58,151,152,153,:
50:48,49,51,52,53,54,55,56,:
51:48,49,50,52,53,54,55,:
52:48,50,51,53,:
53:48,49,50,51,52,54,55,56,57,58,72,76,:
54:48,49,50,51,53,55,56,57,58,59,76,79,:
55:48,49,50,51,53,54,56,57,58,59,60,79,386,:
56:48,49,50,53,54,55,57,58,59,60,61,76,79,151,152,153,:
57:41,53,54,55,56,58,59,60,61,386,:
58:49,53,54,55,56,57,59,60,61,79,127,151,153,:
59:54,55,56,57,58,60,61,:
60:39,40,41,42,55,56,57,58,59,61,106,127,:
61:40,56,57,58,59,60,105,106,107,127,:
62:63,64,65,66,67,68,69,349,365,366,:
63:62,64,65,66,67,349,:
64:62,63,65,66,67,68,69,70,75,85,349,363,364,365,366,:
65:62,63,64,66,67,68,69,70,71,72,73,74,75,82,84,85,364,366,:
66:62,63,64,65,67,68,69,70,71,72,74,75,84,85,86,87,89,:
67:62,63,64,65,66,68,69,75,81,82,83,85,349,369,:
68:62,64,65,66,67,69,70,71,72,73,74,75,82,85,363,364,366,:
69:62,64,65,66,67,68,70,71,73,74,75,82,363,364,365,366,369,:
70:64,65,66,68,69,71,72,73,74,75,76,85,364,:
71:65,66,68,69,70,72,73,74,75,76,77,79,82,84,85,:
72:53,65,66,68,70,71,73,74,75,76,77,78,84,85,:
73:65,68,69,70,71,72,74,75,364,:
74:65,66,68,69,70,71,72,73,75,76,77,78,79,80,81,82,84,85,385,:
75:64,65,66,67,68,69,70,71,72,73,74,76,77,79,80,81,82,83,84,85,369,384,385,:
76:53,54,56,70,71,72,74,75,77,78,79,80,81,82,84,85,86,:
77:71,72,74,75,76,78,79,80,81,84,85,86,87,89,:
78:72,74,76,77,79,80,84,85,86,87,:
79:54,55,56,58,71,74,75,76,77,78,80,81,82,83,84,85,385,:
80:8,21,74,75,76,77,78,79,81,82,83,84,85,91,129,131,132,385,:
81:8,21,67,74,75,76,77,79,80,82,83,84,85,91,369,373,375,384,385,:
82:65,67,68,69,71,74,75,76,79,80,81,83,85,368,369,370,371,373,384,385,:
83:3,8,14,15,21,67,75,79,80,81,82,91,94,369,373,374,375,385,:
84:65,66,71,72,74,75,76,77,78,79,80,81,85,86,87,88,89,90,91,:
85:64,65,66,67,68,70,71,72,74,75,76,77,78,79,80,81,82,84,86,87,89,90,91,:
86:66,76,77,78,84,85,87,88,89,90,91,92,:
87:66,77,78,84,85,86,88,89,90,:
88:84,86,87,89,:
89:66,77,84,85,86,87,88,90,91,92,93,95,96,:
90:84,85,86,87,89,91,92,93,94,95,96,97,98,:
91:8,22,80,81,83,84,85,86,89,90,92,93,94,95,96,97,:
92:86,89,90,91,93,94,95,96,97,98,99,200,:
93:2,3,8,9,14,21,22,89,90,91,92,94,95,96,97,99,141,143,:
94:2,3,8,9,13,14,21,22,83,90,91,92,93,95,97,141,143,:
95:9,22,89,90,91,92,93,94,96,97,98,99,141,143,:
96:89,90,91,92,93,95,97,98,99,198,200,:
97:9,22,90,91,92,93,94,95,96,98,99,141,143,:
98:90,92,95,96,97,99,198,:
99:92,93,95,96,97,98,:
100:101,102,103,104,105,106,107,108,155,159,:
101:100,102,103,104,105,106,107,108,:
102:100,101,103,104,105,106,107,108,110,159,160,162,:
103:100,101,102,104,105,106,107,108,109,110,:
104:100,101,102,103,105,106,107,109,110,:
105:61,100,101,102,103,104,106,107,108,:
106:39,40,60,61,100,101,102,103,104,105,107,108,:
107:61,100,101,102,103,104,105,106,108,:
108:39,43,45,47,100,101,102,103,105,106,107,160,:
109:103,104,110,111,112,113,114,115,122,123,:
110:102,103,104,109,111,112,113,114,122,123,158,162,169,:
111:109,110,112,113,114,115,116,122,123,124,:
112:109,110,111,113,114,115,122,123,124,125,126,127,169,:
113:109,110,111,112,114,115,122,123,124,125,126,127,162,164,168,169,170,173,:
114:109,110,111,112,113,115,116,117,122,123,:
115:109,111,112,113,114,116,117,118,122,123,126,:
116:111,114,115,117,118,119,120,121,:
117:114,115,116,118,119,120,121,172,:
118:115,116,117,119,120,121,172,:
119:116,117,118,120,121,:
120:116,117,118,119,121,:
121:116,117,118,119,120,172,:
122:109,110,111,112,113,114,115,123,124,125,126,127,128,133,:
123:109,110,111,112,113,114,115,122,124,125,126,127,:
124:111,112,113,122,123,125,126,127,128,129,130,133,134,135,145,:
125:112,113,122,123,124,126,127,128,129,133,134,135,136,137,138,144,145,173,:
126:112,113,115,122,123,124,125,127,133,134,135,136,137,144,145,147,173,:
127:58,60,61,112,113,122,123,124,125,126,128,129,130,131,132,133,134,145,:
128:122,124,125,127,129,130,131,132,133,134,166,:
129:21,80,124,125,127,128,130,131,132,133,134,135,138,139,141,145,:
130:7,20,21,45,124,127,128,129,131,132,134,164,165,166,167,:
131:7,8,13,20,21,22,80,127,128,129,130,132,133,134,139,141,142,143,166,:
132:3,4,7,8,13,20,21,45,80,127,128,129,130,131,134,165,166,167,:
133:122,124,125,126,127,128,129,131,134,135,136,137,138,139,140,141,144,145,173,174,:
134:124,125,126,127,128,129,130,131,132,133,135,136,138,139,140,141,142,144,145,:
135:124,125,126,129,133,134,136,137,138,139,140,141,144,145,146,174,180,186,:
136:125,126,133,134,135,137,138,139,144,145,146,147,149,186,193,197,:
137:125,126,133,135,136,138,144,145,146,147,148,180,185,186,187,190,191,193,197,:
138:125,129,133,134,135,136,137,139,140,141,142,143,144,145,184,193,196,197,198,199,200,:
139:129,131,133,134,135,136,138,140,141,142,143,174,184,:
140:133,134,135,138,139,141,142,143,173,174,175,184,:
141:9,22,93,94,95,97,129,131,133,134,135,138,139,140,142,143,184,200,:
142:9,13,22,131,134,138,139,140,141,143,166,167,174,184,:
143:2,9,13,21,22,93,94,95,97,131,138,139,140,141,142,184,:
144:125,126,133,134,135,136,137,138,145,146,147,148,149,150,186,197,:
145:124,125,126,127,129,133,134,135,136,137,138,144,146,147,149,150,151,197,:
146:135,136,137,144,145,147,148,149,150,151,186,197,:
147:126,136,137,144,145,146,148,149,150,186,:
148:137,144,146,147,149,150,186,:
149:136,144,145,146,147,148,150,151,152,153,:
150:144,145,146,147,148,149,151,152,153,:
151:49,56,58,145,146,149,150,152,153,:
152:48,49,56,149,150,151,153,:
153:49,56,58,149,150,151,152,:
154:155,156,157,158,159,160,202,:
155:100,154,156,157,158,159,:
156:154,155,157,158,159,160,161,162,202,205,:
157:154,155,156,158,159,160,162,205,:
158:110,154,155,156,157,159,160,162,:
159:35,100,102,154,155,156,157,158,160,161,162,163,164,:
160:102,108,154,156,157,158,159,161,162,163,164,165,:
161:35,36,156,159,160,162,163,164,165,166,167,213,215,:
162:102,110,113,156,157,158,159,160,161,163,164,165,166,168,169,:
163:7,19,20,23,159,160,161,162,164,165,166,167,213,215,234,235,237,:
164:113,130,159,160,161,162,163,165,166,167,168,169,170,173,:
165:7,20,130,132,160,161,162,163,164,166,167,234,235,237,:
166:7,13,20,23,128,130,131,132,142,161,162,163,164,165,167,173,234,235,237,:
167:2,4,7,10,13,19,20,21,23,130,132,142,161,163,164,165,166,234,235,236,237,:
168:113,162,164,169,170,171,172,173,174,175,230,:
169:110,112,113,162,164,168,170,171,172,173,:
170:113,164,168,169,171,172,173,174,175,230,233,:
171:168,169,170,172,173,174,175,176,177,180,233,:
172:117,118,121,168,169,170,171,173,174,175,176,180,:
173:113,125,126,133,140,164,166,168,169,170,171,172,174,175,180,:
174:133,135,139,140,142,168,170,171,172,173,175,176,177,178,179,180,181,:
175:140,168,170,171,172,173,174,176,177,178,179,180,181,:
176:171,172,174,175,177,178,179,180,181,182,241,242,:
177:171,174,175,176,178,179,180,181,233,240,241,242,:
178:174,175,176,177,179,180,181,182,242,:
179:174,175,176,177,178,180,181,182,186,:
180:135,137,171,172,173,174,175,176,177,178,179,181,182,186,:
181:174,175,176,177,178,179,180,182,183,184,240,242,:
182:176,178,179,180,181,183,184,194,195,:
183:181,182,184,194,195,:
184:138,139,140,141,142,143,181,182,183,194,195,198,:
185:137,186,187,188,189,190,191,192,:
186:135,136,137,144,146,147,148,179,180,185,187,188,190,191,192,193,:
187:137,185,186,188,189,190,191,192,193,:
188:185,186,187,189,190,191,:
189:185,187,188,190,:
190:137,185,186,187,188,189,191,192,193,194,196,197,:
191:137,185,186,187,188,190,192,193,194,195,196,197,198,199,:
192:185,186,187,190,191,193,194,195,196,197,198,:
193:136,137,138,186,187,190,191,192,194,195,196,197,198,199,200,:
194:182,183,184,190,191,192,193,195,196,197,198,200,:
195:182,183,184,191,192,193,194,196,198,:
196:138,190,191,192,193,194,195,197,198,199,200,:
197:136,137,138,144,145,146,190,191,192,193,194,196,198,199,200,:
198:96,98,138,184,191,192,193,194,195,196,197,199,200,:
199:138,191,193,196,197,198,200,:
200:92,96,138,141,193,194,196,197,198,199,:
201:202,203,204,205,206,207,217,218,:
202:154,156,201,203,204,205,206,217,:
203:201,202,204,205,206,207,208,209,217,218,219,:
204:201,202,203,205,206,207,209,213,217,218,219,220,221,222,:
205:156,157,201,202,203,204,206,207,209,213,217,218,219,220,221,229,230,:
206:201,202,203,204,205,207,208,209,210,212,213,217,218,:
207:201,203,204,205,206,208,209,210,211,212,213,214,215,217,:
208:203,206,207,209,210,211,212,213,214,:
209:203,204,205,206,207,208,210,211,212,213,214,215,216,:
210:206,207,208,209,211,212,213,214,216,290,:
211:207,208,209,210,212,214,290,291,:
212:206,207,208,209,210,211,213,214,215,216,:
213:36,161,163,204,205,206,207,208,209,210,212,214,215,216,221,:
214:207,208,209,210,211,212,213,215,216,277,278,282,283,:
215:17,19,23,161,163,207,209,212,213,214,216,234,235,237,:
216:6,17,19,23,24,209,210,212,213,214,215,278,279,282,301,:
217:201,202,203,204,205,206,207,218,219,220,221,222,223,225,229,230,:
218:201,203,204,205,206,217,219,220,221,222,223,225,:
219:203,204,205,217,218,220,221,222,223,224,225,229,230,231,:
220:204,205,217,218,219,221,222,223,229,230,231,232,233,234,:
221:204,205,213,217,218,219,220,222,229,230,231,234,273,274,275,:
222:204,217,218,219,220,221,223,224,225,226,227,229,230,:
223:217,218,219,220,222,224,225,226,227,228,:
224:219,222,223,225,226,227,228,:
225:217,218,219,222,223,224,226,227,228,:
226:222,223,224,225,227,228,:
227:222,223,224,225,226,228,:
228:223,224,225,226,227,:
229:205,217,219,220,221,222,230,231,232,233,234,235,238,239,:
230:168,170,205,217,219,220,221,222,229,231,232,233,234,238,:
231:219,220,221,229,230,232,233,234,235,236,237,238,239,240,275,:
232:220,229,230,231,233,234,235,236,238,239,240,241,242,243,244,:
233:170,171,177,220,229,230,231,232,234,238,239,240,241,242,243,244,251,:
234:163,165,166,167,215,220,221,229,230,231,232,233,235,236,237,238,239,:
235:1,10,11,13,23,24,163,165,166,167,215,229,231,232,234,236,237,238,239,279,280,:
236:1,10,11,23,24,167,231,232,234,235,237,238,239,266,275,278,279,280,281,:
237:1,2,5,7,10,11,13,19,20,23,24,163,165,166,167,215,231,234,235,236,239,280,:
238:229,230,231,232,233,234,235,236,239,240,241,242,243,244,266,267,:
239:229,231,232,233,234,235,236,237,238,240,241,243,244,264,266,267,280,:
240:177,181,231,232,233,238,239,241,242,243,244,245,253,264,265,266,267,:
241:176,177,232,233,238,239,240,242,243,244,245,246,248,249,251,252,253,:
242:176,177,178,181,232,233,238,240,241,243,244,245,246,252,253,:
243:232,233,238,239,240,241,242,244,245,246,247,248,249,250,251,252,253,264,:
244:232,233,238,239,240,241,242,243,245,246,247,248,249,250,251,252,253,260,264,266,:
245:240,241,242,243,244,246,247,248,249,250,251,252,253,254,:
246:241,242,243,244,245,247,248,249,250,251,252,253,254,255,257,:
247:243,244,245,246,248,249,252,253,254,255,:
248:241,243,244,245,246,247,249,250,251,252,253,272,:
249:241,243,244,245,246,247,248,250,251,252,253,271,272,274,:
250:243,244,245,246,248,249,251,270,271,272,273,274,:
251:233,241,243,244,245,246,248,249,250,272,:
252:241,242,243,244,245,246,247,248,249,253,254,255,256,257,258,259,260,264,:
253:240,241,242,243,244,245,246,247,248,249,252,254,255,257,258,259,260,261,263,264,:
254:245,246,247,252,253,255,256,257,258,259,260,:
255:246,247,252,253,254,256,257,258,259,:
256:252,254,255,257,258,259,:
257:246,252,253,254,255,256,258,259,260,261,263,264,:
258:252,253,254,255,256,257,259,260,261,262,263,264,265,266,:
259:252,253,254,255,256,257,258,260,261,262,263,264,265,:
260:244,252,253,254,257,258,259,261,262,263,264,265,266,267,:
261:253,257,258,259,260,262,263,264,265,267,:
262:258,259,260,261,263,265,:
263:253,257,258,259,260,261,262,264,265,266,267,:
264:239,240,243,244,252,253,257,258,259,260,261,263,265,266,267,:
265:240,258,259,260,261,262,263,264,266,267,:
266:11,236,238,239,240,244,258,260,263,264,265,267,280,:
267:9,11,238,239,240,260,261,263,264,265,266,:
268:269,270,271,272,273,274,291,292,:
269:268,270,271,273,290,291,292,:
270:250,268,269,271,272,273,274,275,277,291,292,:
271:249,250,268,269,270,272,273,274,:
272:248,249,250,251,268,270,271,273,274,:
273:221,250,268,269,270,271,272,274,275,276,277,291,292,:
274:221,249,250,268,270,271,272,273,275,276,277,278,280,:
275:221,231,236,270,273,274,276,277,278,279,280,281,282,283,:
276:273,274,275,277,278,279,280,281,282,283,284,289,292,:
277:214,270,273,274,275,276,278,279,280,282,283,284,288,289,290,291,292,:
278:214,216,236,274,275,276,277,279,280,281,282,283,284,289,301,:
279:10,11,24,216,235,236,275,276,277,278,280,281,282,283,284,301,:
280:11,24,235,236,237,239,266,274,275,276,277,278,279,281,282,284,301,:
281:1,10,11,12,23,24,236,275,276,278,279,280,282,283,284,300,301,302,:
282:214,216,275,276,277,278,279,280,281,283,284,289,298,300,301,:
283:214,275,276,277,278,279,281,282,284,288,289,292,301,:
284:24,276,277,278,279,280,281,282,283,289,298,299,300,301,302,:
285:286,287,288,289,290,291,292,:
286:285,287,288,289,290,291,292,:
287:285,286,288,289,290,291,292,:
288:277,283,285,286,287,289,290,291,292,:
289:276,277,278,282,283,284,285,286,287,288,290,291,292,:
290:210,211,269,277,285,286,287,288,289,291,292,:
291:211,268,269,270,273,277,285,286,287,288,289,290,292,:
292:268,269,270,273,276,277,283,285,286,287,288,289,290,291,:
293:294,295,296,297,298,299,303,304,321,:
294:293,295,296,297,298,303,:
295:293,294,296,297,298,299,300,303,304,305,321,324,326,:
296:293,294,295,297,298,299,303,304,305,306,308,309,324,:
297:293,294,295,296,298,299,303,304,305,306,307,308,309,:
298:282,284,293,294,295,296,297,299,300,301,302,303,304,326,:
299:16,17,284,293,295,296,297,298,300,301,302,303,304,326,381,:
300:1,5,6,10,12,16,17,24,281,282,284,295,298,299,301,302,381,:
301:1,5,6,10,12,16,17,23,24,216,278,279,280,281,282,283,284,298,299,300,302,:
302:1,5,10,11,12,16,17,24,281,284,298,299,300,301,378,:
303:293,294,295,296,297,298,299,304,305,306,307,308,309,324,:
304:293,295,296,297,298,299,303,305,306,308,309,321,323,324,327,329,:
305:295,296,297,303,304,306,307,308,309,310,:
306:296,297,303,304,305,307,308,309,:
307:297,303,305,306,308,:
308:296,297,303,304,305,306,307,309,310,311,312,313,314,315,:
309:296,297,303,304,305,306,308,310,311,312,313,314,315,337,342,381,:
310:305,308,309,311,312,313,314,315,316,317,318,337,342,344,378,:
311:308,309,310,312,313,314,315,316,317,318,319,351,352,353,378,:
312:308,309,310,311,313,314,315,317,318,319,351,352,353,354,377,378,:
313:308,309,310,311,312,314,315,316,317,318,319,350,351,352,353,354,355,:
314:308,309,310,311,312,313,315,316,317,318,319,350,351,:
315:308,309,310,311,312,313,314,316,317,319,345,347,350,:
316:310,311,313,314,315,317,318,319,350,355,:
317:310,311,312,313,314,315,316,318,319,351,353,354,355,:
318:310,311,312,313,314,316,317,319,351,353,354,355,:
319:311,312,313,314,315,316,317,318,353,354,355,:
320:321,322,323,324,325,326,327,328,:
321:293,295,304,320,322,323,324,325,326,327,:
322:320,321,323,324,325,326,327,328,329,:
323:304,320,321,322,324,325,326,327,328,329,330,332,:
324:295,296,303,304,320,321,322,323,325,326,327,328,329,332,:
325:32,34,320,321,322,323,324,326,327,328,:
326:17,295,298,299,320,321,322,323,324,325,383,:
327:304,320,321,322,323,324,325,328,329,330,331,332,333,336,337,:
328:320,322,323,324,325,327,329,330,331,332,333,390,:
329:304,322,323,324,327,328,330,331,332,333,336,337,338,:
330:323,327,328,329,331,332,333,336,337,338,339,340,341,344,390,:
331:327,328,329,330,332,333,336,337,338,339,389,390,391,394,:
332:323,324,327,328,329,330,331,333,334,335,336,337,:
333:327,328,329,330,331,332,334,335,336,:
334:332,333,335,:
335:332,333,334,340,:
336:327,329,330,331,332,333,337,338,339,340,341,342,343,344,:
337:309,310,327,329,330,331,332,336,338,339,340,341,342,343,344,:
338:329,330,331,336,337,339,340,341,342,343,344,:
339:330,331,336,337,338,340,341,342,343,344,:
340:330,335,336,337,338,339,341,342,343,:
341:330,336,337,338,339,340,342,343,344,357,360,:
342:309,310,336,337,338,339,340,341,343,344,357,:
343:336,337,338,339,340,341,342,344,357,:
344:310,330,336,337,338,339,341,342,343,357,359,360,374,376,377,379,380,381,382,383,:
345:315,346,347,348,349,350,351,356,357,:
346:345,347,348,349,350,356,357,:
347:315,345,346,348,349,350,351,352,353,356,357,358,:
348:345,346,347,349,350,351,352,356,357,358,359,361,362,363,:
349:62,63,64,67,345,346,347,348,350,351,352,356,357,358,361,362,363,364,365,366,367,:
350:313,314,315,316,345,346,347,348,349,351,352,353,354,355,356,:
351:311,312,313,314,317,318,345,347,348,349,350,352,353,354,355,:
352:311,312,313,347,348,349,350,351,353,354,355,356,375,377,378,:
353:311,312,313,317,318,319,347,350,351,352,354,355,:
354:312,313,317,318,319,350,351,352,353,355,:
355:313,316,317,318,319,350,351,352,353,354,:
356:345,346,347,348,349,350,352,357,358,359,360,361,362,363,368,369,:
357:341,342,343,344,345,346,347,348,349,356,358,359,360,361,362,368,:
358:347,348,349,356,357,359,360,361,362,363,364,368,369,370,:
359:344,348,356,357,358,360,361,362,368,369,370,371,373,374,384,385,:
360:341,344,356,357,358,359,361,368,369,370,371,397,398,399,:
361:348,349,356,357,358,359,360,362,363,364,365,368,369,:
362:348,349,356,357,358,359,361,363,364,365,366,367,:
363:64,68,69,348,349,356,358,361,362,364,365,366,367,:
364:64,65,68,69,70,73,349,358,361,362,363,365,366,367,:
365:62,64,69,349,361,362,363,364,366,367,:
366:62,64,65,68,69,349,362,363,364,365,367,:
367:349,362,363,364,365,366,:
368:82,356,357,358,359,360,361,369,370,371,372,373,374,375,384,385,388,:
369:67,69,75,81,82,83,356,358,359,360,361,368,370,371,373,374,375,384,385,388,:
370:82,358,359,360,368,369,371,372,373,374,375,376,384,385,386,397,398,399,:
371:42,82,359,360,368,369,370,372,373,374,384,385,386,387,388,397,398,:
372:42,43,368,370,371,373,384,385,386,387,388,395,396,397,398,399,:
373:15,43,44,45,47,81,82,83,359,368,369,370,371,372,374,375,376,377,379,380,384,385,398,:
374:4,15,18,83,344,359,368,369,370,371,373,375,376,377,378,379,380,381,382,:
375:3,4,14,15,16,81,83,352,368,369,370,373,374,376,377,378,379,380,381,:
376:4,6,15,16,18,344,370,373,374,375,377,378,379,380,381,382,383,:
377:4,5,14,15,16,18,312,344,352,373,374,375,376,378,379,380,381,383,:
378:14,15,16,302,310,311,312,352,374,375,376,377,379,381,:
379:4,5,6,15,16,18,344,373,374,375,376,377,378,380,381,382,383,:
380:6,15,18,44,46,344,373,374,375,376,377,379,381,382,383,394,395,396,397,:
381:5,6,16,17,18,299,300,309,344,374,375,376,377,378,379,380,382,383,:
382:6,17,18,344,374,376,379,380,381,383,394,:
383:6,17,18,326,344,376,377,379,380,381,382,:
384:42,75,81,82,359,368,369,370,371,372,373,385,386,387,388,:
385:74,75,79,80,81,82,83,359,368,369,370,371,372,373,384,386,387,388,:
386:55,57,370,371,372,384,385,387,388,:
387:371,372,384,385,386,388,:
388:368,369,371,372,384,385,386,387,:
389:26,331,390,391,392,393,394,395,:
390:328,330,331,389,391,392,393,394,:
391:25,26,29,30,331,389,390,392,393,394,395,396,397,399,:
392:26,29,389,390,391,393,394,395,396,397,398,399,:
393:389,390,391,392,394,395,397,399,:
394:30,331,380,382,389,390,391,392,393,395,396,397,398,399,:
395:30,44,372,380,389,391,392,393,394,396,397,398,399,:
396:28,29,30,31,37,38,42,43,44,46,372,380,391,392,394,395,397,398,399,:
397:360,370,371,372,380,391,392,393,394,395,396,398,399,:
398:38,44,360,370,371,372,373,392,394,395,396,397,399,:
399:360,370,372,391,392,393,394,395,396,397,398,:
