1:2,3,4,5,6,8,10,11,12,13,17,18,19,20,22,26,28,29,30,230,295,345,347,348,349,376,377,378,379,380,:
2:1,3,4,5,6,10,11,12,17,18,19,20,21,22,26,28,29,178,230,232,347,348,349,351,379,:
3:1,2,4,5,17,18,19,20,22,178,194,227,228,295,346,347,349,350,351,352,353,379,:
4:1,2,3,5,6,7,8,10,11,12,17,18,19,20,21,22,23,26,27,28,114,175,176,178,187,232,233,351,:
5:1,2,3,4,6,7,8,9,10,11,12,13,17,20,21,22,23,24,25,26,27,28,29,114,178,185,187,:
6:1,2,4,5,7,8,9,10,11,12,15,20,21,22,23,24,25,26,27,28,29,58,113,114,351,466,:
7:4,5,6,8,9,10,12,20,21,22,23,24,25,27,29,57,58,81,108,110,111,112,113,114,178,466,:
8:1,4,5,6,7,9,10,11,12,13,14,15,16,21,22,23,24,25,26,27,28,29,34,35,81,417,465,466,467,:
9:5,6,7,8,11,12,15,16,22,23,24,25,27,29,34,35,58,61,72,400,415,416,417,465,466,467,:
10:1,2,4,5,6,7,8,11,12,13,14,15,16,20,21,22,24,26,27,28,29,30,31,35,185,187,233,:
11:1,2,4,5,6,8,9,10,12,13,14,15,16,21,22,24,26,27,28,29,30,31,32,33,34,35,378,379,:
12:1,2,4,5,6,7,8,9,10,11,13,14,15,16,21,22,23,24,25,26,27,28,29,30,31,32,33,34,35,376,377,379,465,466,467,:
13:1,5,8,10,11,12,14,15,16,24,26,27,28,29,30,31,32,33,34,35,319,378,379,380,:
14:8,10,11,12,13,15,16,24,27,28,29,30,31,32,33,34,35,319,327,329,376,378,425,427,:
15:6,8,9,10,11,12,13,14,16,24,25,27,28,29,30,31,32,33,34,35,416,425,:
16:8,9,10,11,12,13,14,15,24,25,27,29,31,32,33,34,35,415,416,417,425,:
17:1,2,3,4,5,18,19,20,114,175,176,178,194,229,231,346,349,350,351,352,353,:
18:1,2,3,4,17,19,20,194,226,227,228,229,230,231,232,295,379,:
19:1,2,3,4,17,18,20,194,295,343,344,345,346,347,348,349,350,351,352,353,379,:
20:1,2,3,4,5,6,7,10,17,18,19,21,22,26,28,111,113,114,175,176,177,178,187,231,351,:
21:2,4,5,6,7,8,10,11,12,20,22,23,24,26,27,28,81,83,84,110,111,113,114,178,185,186,187,:
22:1,2,3,4,5,6,7,8,9,10,11,12,20,21,23,24,25,26,27,28,29,58,113,114,347,348,349,351,377,465,466,467,:
23:4,5,6,7,8,9,12,21,22,24,25,57,58,59,61,62,72,108,110,111,113,114,351,466,:
24:5,6,7,8,9,10,11,12,13,14,15,16,21,22,23,25,26,27,28,29,31,34,35,72,79,81,416,417,:
25:5,6,7,8,9,12,15,16,22,23,24,29,34,35,57,58,59,61,62,64,71,72,79,415,417,465,466,467,:
26:1,2,4,5,6,8,10,11,12,13,20,21,22,24,27,28,30,31,185,186,187,230,231,232,233,234,:
27:4,5,6,7,8,9,10,11,12,13,14,15,16,21,22,24,26,28,29,30,31,35,81,185,187,233,:
28:1,2,4,5,6,8,10,11,12,13,14,15,20,21,22,24,26,27,29,30,31,32,33,34,233,376,377,378,379,380,:
29:1,2,5,6,7,8,9,10,11,12,13,14,15,16,22,24,25,27,28,30,31,32,33,34,35,348,376,377,378,379,465,466,467,:
30:1,10,11,12,13,14,15,26,27,28,29,31,32,33,233,316,317,318,319,376,378,379,380,:
31:10,11,12,13,14,15,16,24,26,27,28,29,30,32,33,34,35,233,319,:
32:11,12,13,14,15,16,28,29,30,31,33,34,327,329,375,376,377,378,379,380,427,:
33:11,12,13,14,15,16,28,29,30,31,32,34,35,319,327,329,424,425,427,483,485,:
34:8,9,11,12,13,14,15,16,24,25,28,29,31,32,33,35,377,398,399,400,415,416,417,425,427,466,467,:
35:8,9,10,11,12,13,14,15,16,24,25,27,29,31,33,34,79,415,416,417,:
36:37,38,39,40,41,42,43,44,45,:
37:36,38,39,40,41,42,457,:
38:36,37,39,40,41,42,43,44,45,46,:
39:36,37,38,40,41,42,43,44,45,46,47,48,49,54,55,:
40:36,37,38,39,41,42,43,44,45,46,47,54,55,56,459,464,474,:
41:36,37,38,39,40,42,43,44,45,:
42:36,37,38,39,40,41,43,457,459,462,:
43:36,38,39,40,41,42,44,45,54,56,:
44:36,38,39,40,41,43,45,46,47,48,49,50,54,55,:
45:36,38,39,40,41,43,44,46,47,48,49,91,:
46:38,39,40,44,45,47,48,49,50,51,54,55,56,60,91,:
47:39,40,44,45,46,48,49,50,54,55,56,57,59,60,90,91,93,:
48:39,44,45,46,47,49,50,54,55,56,57,60,90,91,92,93,94,95,96,101,:
49:39,44,45,46,47,48,50,51,52,53,54,55,91,:
50:44,46,47,48,49,51,52,53,69,70,:
51:46,49,50,52,53,100,:
52:49,50,51,53,:
53:49,50,51,52,70,100,:
54:39,40,43,44,46,47,48,49,55,56,57,58,59,60,464,:
55:39,40,44,46,47,48,49,54,56,57,58,59,60,61,67,463,464,474,:
56:40,43,46,47,48,54,55,57,58,59,60,61,93,94,464,:
57:7,23,25,47,48,54,55,56,58,59,60,61,62,63,64,94,103,113,464,466,:
58:6,7,9,22,23,25,54,55,56,57,59,60,61,62,63,103,108,111,112,113,114,351,466,:
59:23,25,47,54,55,56,57,58,60,61,62,63,64,65,66,67,71,72,103,464,466,:
60:46,47,48,54,55,56,57,58,59,61,62,63,64,65,66,67,69,464,:
61:9,23,25,55,56,57,58,59,60,62,63,64,65,66,67,71,72,73,417,464,466,:
62:23,25,57,58,59,60,61,63,64,65,66,71,72,73,74,75,76,103,108,417,:
63:57,58,59,60,61,62,64,65,66,71,72,73,74,86,96,97,102,103,104,107,108,116,:
64:25,57,59,60,61,62,63,65,66,67,68,69,71,72,400,417,471,:
65:59,60,61,62,63,64,66,67,68,69,70,71,:
66:59,60,61,62,63,64,65,67,68,69,70,71,74,75,:
67:55,59,60,61,64,65,66,68,69,70,471,:
68:64,65,66,67,69,70,:
69:50,60,64,65,66,67,68,70,:
70:50,53,65,66,67,68,69,:
71:25,59,61,62,63,64,65,66,72,73,74,75,76,77,78,79,85,86,415,417,:
72:9,23,24,25,59,61,62,63,64,71,73,74,75,76,77,79,414,415,416,417,:
73:61,62,63,71,72,74,75,76,77,78,79,85,86,87,417,:
74:62,63,66,71,72,73,75,76,77,85,86,87,88,89,123,454,456,:
75:62,66,71,72,73,74,76,85,86,87,414,415,417,450,454,455,456,:
76:62,71,72,73,74,75,77,78,79,80,81,85,86,417,454,455,456,:
77:71,72,73,74,76,78,79,80,81,82,107,:
78:71,73,76,77,79,80,81,82,83,107,108,:
79:24,25,35,71,72,73,76,77,78,80,81,82,83,84,417,:
80:76,77,78,79,81,82,83,84,107,108,109,:
81:7,8,21,24,27,76,77,78,79,80,82,83,84,187,:
82:77,78,79,80,81,83,84,108,187,:
83:21,78,79,80,81,82,84,110,184,185,187,:
84:21,79,80,81,82,83,184,185,187,:
85:71,73,74,75,76,86,87,88,89,121,123,453,456,:
86:63,71,73,74,75,76,85,87,88,89,116,120,121,122,123,456,:
87:73,74,75,85,86,88,89,123,451,452,453,456,:
88:74,85,86,87,89,123,:
89:74,85,86,87,88,120,121,123,:
90:47,48,91,92,93,94,95,101,:
91:45,46,47,48,49,90,92,93,94,95,100,101,:
92:48,90,91,93,94,95,96,101,131,133,134,:
93:47,48,56,90,91,92,94,95,96,97,98,99,100,101,102,103,132,133,134,:
94:48,56,57,90,91,92,93,95,96,97,98,101,102,103,132,134,:
95:48,90,91,92,93,94,96,97,98,99,100,101,102,103,:
96:48,63,92,93,94,95,97,98,99,100,101,102,103,104,116,:
97:63,93,94,95,96,98,99,100,101,102,103,104,105,106,107,115,116,132,:
98:93,94,95,96,97,99,100,101,102,103,104,105,106,115,116,117,118,130,132,:
99:93,95,96,97,98,100,101,102,103,116,:
100:51,53,91,93,95,96,97,98,99,101,:
101:48,90,91,92,93,94,95,96,97,98,99,100,:
102:63,93,94,95,96,97,98,99,103,104,105,106,107,108,109,115,116,:
103:57,58,59,62,63,93,94,95,96,97,98,99,102,104,105,107,108,115,116,:
104:63,96,97,98,102,103,105,106,107,108,109,115,116,117,:
105:97,98,102,103,104,106,107,108,115,116,117,118,120,121,122,:
106:97,98,102,104,105,107,115,116,117,118,122,:
107:63,77,78,80,97,102,103,104,105,106,108,109,110,115,116,:
108:7,23,58,62,63,78,80,82,102,103,104,105,107,109,110,111,112,113,:
109:80,102,104,107,108,110,111,112,113,114,:
110:7,21,23,83,107,108,109,111,112,113,114,145,176,177,178,:
111:7,20,21,23,58,108,109,110,112,113,114,176,177,178,353,:
112:7,58,108,109,110,111,113,114,143,154,176,177,178,353,:
113:6,7,20,21,22,23,57,58,108,109,110,111,112,114,178,351,353,:
114:4,5,6,7,17,20,21,22,23,58,109,110,111,112,113,175,176,177,178,351,353,:
115:97,98,102,103,104,105,106,107,116,117,118,119,120,121,122,123,:
116:63,86,96,97,98,99,102,103,104,105,106,107,115,117,118,120,121,122,123,:
117:98,104,105,106,115,116,118,119,120,121,122,123,:
118:98,105,106,115,116,117,119,120,121,:
119:115,117,118,120,:
120:86,89,105,115,116,117,118,119,121,122,123,:
121:85,86,89,105,115,116,117,118,120,122,123,:
122:86,105,106,115,116,117,120,121,123,:
123:74,85,86,87,88,89,115,116,117,120,121,122,:
124:125,126,127,128,129,130,:
125:124,126,127,129,:
126:124,125,127,128,129,130,131,132,:
127:124,125,126,128,129,130,131,132,136,:
128:124,126,127,129,130,131,132,135,136,137,138,139,140,:
129:124,125,126,127,128,130,131,132,133,134,:
130:98,124,126,127,128,129,131,132,133,134,:
131:92,126,127,128,129,130,132,133,134,135,136,:
132:93,94,97,98,126,127,128,129,130,131,133,134,140,:
133:92,93,129,130,131,132,134,135,136,140,:
134:92,93,94,129,130,131,132,133,140,:
135:128,131,133,136,137,138,139,140,141,147,:
136:127,128,131,133,135,137,138,139,140,:
137:128,135,136,138,139,140,141,142,143,147,150,:
138:128,135,136,137,139,140,141,142,:
139:128,135,136,137,138,140,141,142,:
140:128,132,133,134,135,136,137,138,139,141,142,143,144,145,:
141:135,137,138,139,140,142,143,144,145,150,:
142:137,138,139,140,141,143,144,145,:
143:112,137,140,141,142,144,145,149,150,151,171,174,177,:
144:140,141,142,143,145,174,:
145:110,140,141,142,143,144,170,171,173,174,176,177,:
146:147,148,149,150,151,152,153,158,159,189,:
147:135,137,146,148,149,150,151,152,153,:
148:146,147,149,150,151,152,153,154,158,159,160,171,189,192,:
149:143,146,147,148,150,151,152,158,159,160,161,163,164,166,170,171,177,192,:
150:137,141,143,146,147,148,149,151,158,159,160,161,163,164,170,171,:
151:143,146,147,148,149,150,152,153,154,155,156,158,159,171,177,:
152:146,147,148,149,151,153,154,155,156,157,:
153:146,147,148,151,152,154,155,156,157,188,189,193,:
154:112,148,151,152,153,155,156,157,352,:
155:151,152,153,154,156,157,269,:
156:151,152,153,154,155,157,352,353,:
157:152,153,154,155,156,352,:
158:146,148,149,150,151,159,160,161,162,163,164,165,166,170,171,191,192,:
159:146,148,149,150,151,158,160,161,162,163,164,166,170,171,188,189,190,191,192,193,:
160:148,149,150,158,159,161,162,163,164,165,166,170,171,172,192,209,:
161:149,150,158,159,160,162,163,164,170,171,172,173,174,175,177,192,198,208,209,:
162:158,159,160,161,163,170,171,172,173,179,180,197,198,202,204,207,208,209,210,:
163:149,150,158,159,160,161,162,164,165,166,167,168,170,192,208,209,:
164:149,150,158,159,160,161,163,165,166,167,168,169,:
165:158,160,163,164,166,167,168,169,:
166:149,158,159,160,163,164,165,167,168,169,192,:
167:163,164,165,166,168,169,:
168:163,164,165,166,167,169,:
169:164,165,166,167,168,:
170:145,149,150,158,159,160,161,162,163,171,172,173,174,175,176,177,179,180,209,:
171:143,145,148,149,150,151,158,159,160,161,162,170,172,173,174,175,176,177,178,:
172:160,161,162,170,171,173,174,175,176,177,178,179,180,181,198,:
173:145,161,162,170,171,172,174,175,176,177,178,179,180,181,182,183,184,185,:
174:143,144,145,161,170,171,172,173,175,176,177,178,179,180,181,182,183,184,:
175:4,17,20,114,161,170,171,172,173,174,176,177,178,179,180,194,229,231,:
176:4,17,20,110,111,112,114,145,170,171,172,173,174,175,177,178,:
177:20,110,111,112,114,143,145,149,151,161,170,171,172,173,174,175,176,178,:
178:2,3,4,5,7,17,20,21,110,111,112,113,114,171,172,173,174,175,176,177,353,:
179:162,170,172,173,174,175,180,181,182,183,184,185,186,:
180:162,170,172,173,174,175,179,181,182,184,185,186,231,:
181:172,173,174,179,180,182,183,184,185,186,187,:
182:173,174,179,180,181,183,184,185,:
183:173,174,179,181,182,184,:
184:83,84,173,174,179,180,181,182,183,185,186,187,:
185:5,10,21,26,27,83,84,173,179,180,181,182,184,186,187,233,234,:
186:21,26,179,180,181,184,185,187,231,232,233,234,260,261,:
187:4,5,10,20,21,26,27,81,82,83,84,181,184,185,186,233,234,:
188:153,159,189,190,191,192,193,195,263,:
189:146,148,153,159,188,190,191,192,193,:
190:159,188,189,191,192,193,194,195,196,201,263,267,:
191:158,159,188,189,190,192,193,194,195,196,197,198,199,200,201,:
192:148,149,158,159,160,161,163,166,188,189,190,191,193,194,195,196,197,198,201,:
193:153,159,188,189,190,191,192,194,195,201,269,:
194:3,17,18,19,175,190,191,192,193,195,198,201,350,352,:
195:188,190,191,192,193,194,196,197,198,199,200,201,202,203,:
196:190,191,192,195,197,198,199,200,201,202,203,204,:
197:162,191,192,195,196,198,199,200,201,202,203,204,205,207,211,212,:
198:161,162,172,191,192,194,195,196,197,199,200,201,202,203,204,205,206,211,226,229,:
199:191,195,196,197,198,200,201,202,203,212,215,:
200:191,195,196,197,198,199,201,215,266,:
201:190,191,192,193,194,195,196,197,198,199,200,262,263,265,266,:
202:162,195,196,197,198,199,203,204,205,206,207,208,209,210,211,212,:
203:195,196,197,198,199,202,204,205,207,208,209,211,212,:
204:162,196,197,198,202,203,205,206,207,208,209,210,211,212,213,:
205:197,198,202,203,204,206,207,208,210,211,212,213,214,215,216,221,222,:
206:198,202,204,205,207,210,211,212,213,214,221,222,229,:
207:162,197,202,203,204,205,206,208,209,210,211,212,:
208:161,162,163,202,203,204,205,207,209,210,:
209:160,161,162,163,170,202,203,204,207,208,210,:
210:162,202,204,205,206,207,208,209,211,212,:
211:197,198,202,203,204,205,206,207,210,212,213,214,215,216,217,221,222,:
212:197,199,202,203,204,205,206,207,210,211,213,214,215,216,217,221,:
213:204,205,206,211,212,214,215,216,217,218,221,222,223,236,:
214:205,206,211,212,213,215,216,217,221,222,223,224,226,235,236,:
215:199,200,205,211,212,213,214,216,221,222,223,224,226,235,236,283,285,:
216:205,211,212,213,214,215,217,218,219,220,221,222,:
217:211,212,213,214,216,218,219,220,250,:
218:213,216,217,219,220,250,:
219:216,217,218,220,:
220:216,217,218,219,:
221:205,206,211,212,213,214,215,216,222,223,224,225,226,227,228,229,235,236,245,:
222:205,206,211,213,214,215,216,221,223,224,226,227,228,229,231,235,236,245,:
223:213,214,215,221,222,224,225,226,227,228,229,235,236,237,283,285,:
224:214,215,221,222,223,225,226,227,228,235,236,237,238,240,245,279,283,285,288,294,:
225:221,223,224,226,227,228,235,236,237,240,245,273,274,279,283,285,287,288,289,292,293,294,:
226:18,198,214,215,221,222,223,224,225,227,228,229,230,231,235,236,:
227:3,18,221,222,223,224,225,226,228,229,230,231,232,245,:
228:3,18,221,222,223,224,225,226,227,229,230,231,232,233,235,243,245,293,294,295,:
229:17,18,175,198,206,221,222,223,226,227,228,230,231,232,233,234,:
230:1,2,18,26,226,227,228,229,231,232,233,234,243,245,294,:
231:17,18,20,26,175,180,186,222,226,227,228,229,230,232,233,234,260,:
232:2,4,18,26,186,227,228,229,230,231,233,234,245,258,260,:
233:4,10,26,27,28,30,31,185,186,187,228,229,230,231,232,234,260,261,:
234:26,185,186,187,229,230,231,232,233,258,259,260,261,:
235:214,215,221,222,223,224,225,226,228,236,237,238,239,240,241,243,245,283,285,286,288,294,:
236:213,214,215,221,222,223,224,225,226,235,237,238,239,240,241,243,245,251,285,286,:
237:223,224,225,235,236,238,239,240,241,242,243,245,247,282,284,285,286,294,:
238:224,235,236,237,239,240,241,242,243,246,247,284,286,:
239:235,236,237,238,240,241,242,243,246,247,248,249,251,286,:
240:224,225,235,236,237,238,239,241,242,243,244,245,247,293,294,298,299,300,313,:
241:235,236,237,238,239,240,242,243,244,245,246,247,251,252,298,299,313,314,315,:
242:237,238,239,240,241,243,244,245,246,247,251,252,253,298,299,313,314,:
243:228,230,235,236,237,238,239,240,241,242,244,245,246,247,251,252,253,254,255,257,258,313,314,315,320,:
244:240,241,242,243,245,246,247,248,251,252,253,254,255,256,257,258,314,320,:
245:221,222,224,225,227,228,230,232,235,236,237,240,241,242,243,244,251,252,254,258,294,:
246:238,239,241,242,243,244,247,248,249,250,251,252,253,:
247:237,238,239,240,241,242,243,244,246,248,249,251,252,253,:
248:239,244,246,247,249,250,251,252,253,254,:
249:239,246,247,248,250,251,252,:
250:217,218,246,248,249,251,:
251:236,239,241,242,243,244,245,246,247,248,249,250,252,253,254,255,257,258,:
252:241,242,243,244,245,246,247,248,249,251,253,254,255,256,257,258,259,260,:
253:242,243,244,246,247,248,251,252,254,255,256,257,258,259,320,:
254:243,244,245,248,251,252,253,255,256,257,258,259,260,261,:
255:243,244,251,252,253,254,256,257,258,259,261,320,:
256:244,252,253,254,255,257,259,320,:
257:243,244,251,252,253,254,255,256,258,259,260,261,320,:
258:232,234,243,244,245,251,252,253,254,255,257,259,260,261,:
259:234,252,253,254,255,256,257,258,260,261,320,:
260:186,231,232,233,234,252,254,257,258,259,261,:
261:186,233,234,254,255,257,258,259,260,:
262:201,263,264,265,266,267,268,271,272,:
263:188,190,201,262,264,265,266,267,268,:
264:262,263,265,266,267,268,271,272,273,:
265:201,262,263,264,266,267,268,271,272,273,274,276,:
266:200,201,262,263,264,265,267,271,272,273,276,:
267:190,262,263,264,265,266,268,269,270,271,272,:
268:262,263,264,265,267,269,270,:
269:155,193,267,268,270,350,:
270:267,268,269,350,:
271:262,264,265,266,267,272,273,274,275,276,277,287,288,339,:
272:262,264,265,266,267,271,273,274,275,276,287,338,339,343,:
273:225,264,265,266,271,272,274,275,276,277,278,279,283,287,288,289,339,:
274:225,265,271,272,273,275,276,277,278,287,288,289,290,292,294,295,338,339,:
275:271,272,273,274,276,277,287,288,289,290,338,339,340,341,342,343,:
276:265,266,271,272,273,274,275,277,278,279,280,282,283,287,288,:
277:271,273,274,275,276,278,279,280,281,282,283,284,285,287,288,:
278:273,274,276,277,279,280,281,282,283,284,287,288,:
279:224,225,273,276,277,278,280,281,282,283,284,285,286,288,:
280:276,277,278,279,281,282,283,284,286,:
281:277,278,279,280,282,284,:
282:237,276,277,278,279,280,281,283,284,285,286,:
283:215,223,224,225,235,273,276,277,278,279,280,282,284,285,286,288,:
284:237,238,277,278,279,280,281,282,283,285,286,:
285:215,223,224,225,235,236,237,277,279,282,283,284,286,:
286:235,236,237,238,239,279,280,282,283,284,285,:
287:225,271,272,273,274,275,276,277,278,288,289,290,291,292,293,294,295,339,:
288:224,225,235,271,273,274,275,276,277,278,279,283,287,289,290,292,293,294,295,:
289:225,273,274,275,287,288,290,291,292,293,294,295,339,342,:
290:274,275,287,288,289,291,292,293,294,295,300,336,337,:
291:287,289,290,292,293,294,297,300,330,331,334,336,337,:
292:225,274,287,288,289,290,291,293,294,295,317,342,378,379,380,:
293:225,228,240,287,288,289,290,291,292,294,295,300,315,316,317,380,:
294:224,225,228,230,235,237,240,245,274,287,288,289,290,291,292,293,295,300,:
295:1,3,18,19,228,274,287,288,289,290,292,293,294,342,343,344,345,378,379,380,:
296:297,298,299,300,301,302,313,314,335,336,337,:
297:291,296,298,299,300,301,302,313,335,336,337,:
298:240,241,242,296,297,299,300,301,302,303,313,314,315,322,337,:
299:240,241,242,296,297,298,300,301,302,313,314,315,316,317,318,321,322,336,337,:
300:240,290,291,293,294,296,297,298,299,301,313,314,315,316,317,321,322,323,324,330,331,335,336,337,:
301:296,297,298,299,300,302,303,304,305,306,313,314,322,325,:
302:296,297,298,299,301,303,304,305,306,307,308,314,:
303:298,301,302,304,305,306,307,308,309,310,311,:
304:301,302,303,305,306,307,308,309,310,311,312,:
305:301,302,303,304,306,307,308,310,311,312,325,335,:
306:301,302,303,304,305,307,308,309,310,311,312,:
307:302,303,304,305,306,308,309,310,311,312,:
308:302,303,304,305,306,307,309,310,312,:
309:303,304,306,307,308,310,311,312,:
310:303,304,305,306,307,308,309,311,312,:
311:303,304,305,306,307,309,310,312,335,:
312:304,305,306,307,308,309,310,311,:
313:240,241,242,243,296,297,298,299,300,301,314,315,316,317,318,319,320,321,322,:
314:241,242,243,244,296,298,299,300,301,302,313,315,316,318,320,321,322,:
315:241,243,293,298,299,300,313,314,316,317,318,319,320,321,322,323,:
316:30,293,299,300,313,314,315,317,318,319,320,321,322,323,324,326,327,329,380,:
317:30,292,293,299,300,313,315,316,318,319,321,322,323,324,326,327,375,376,378,379,380,:
318:30,299,313,314,315,316,317,319,320,321,322,:
319:13,14,30,31,33,313,315,316,317,318,320,321,322,329,484,485,:
320:243,244,253,255,256,257,259,313,314,315,316,318,319,:
321:299,300,313,314,315,316,317,318,319,322,323,324,325,326,327,328,329,330,331,380,:
322:298,299,300,301,313,314,315,316,317,318,319,321,323,324,325,326,327,329,330,:
323:300,315,316,317,321,322,324,325,326,327,328,329,330,331,332,337,380,:
324:300,316,317,321,322,323,325,326,327,328,330,331,332,333,334,335,336,337,:
325:301,305,321,322,323,324,326,328,330,331,332,335,337,:
326:316,317,321,322,323,324,325,327,328,329,330,331,430,431,:
327:14,32,33,316,317,321,322,323,324,326,328,329,375,427,429,430,431,:
328:321,323,324,325,326,327,329,330,331,374,375,430,431,:
329:14,32,33,316,319,321,322,323,326,327,328,429,430,431,480,481,483,:
330:291,300,321,322,323,324,325,326,328,331,332,333,334,335,336,337,:
331:291,300,321,323,324,325,326,328,330,332,333,334,335,336,337,371,:
332:323,324,325,330,331,333,334,335,336,337,:
333:324,330,331,332,334,335,336,337,363,364,:
334:291,324,330,331,332,333,335,336,337,361,363,364,:
335:296,297,300,305,311,324,325,330,331,332,333,334,336,337,:
336:290,291,296,297,299,300,324,330,331,332,333,334,335,337,:
337:290,291,296,297,298,299,300,323,324,325,330,331,332,333,334,335,336,:
338:272,274,275,339,340,341,342,343,344,354,355,:
339:271,272,273,274,275,287,289,338,340,341,342,343,354,:
340:275,338,339,341,342,343,344,345,346,354,355,356,:
341:275,338,339,340,342,343,344,345,354,355,356,357,358,359,370,371,:
342:275,289,292,295,338,339,340,341,343,344,345,354,355,356,357,370,371,:
343:19,272,275,295,338,339,340,341,342,344,345,346,347,349,350,354,355,:
344:19,295,338,340,341,342,343,345,346,347,348,349,350,351,352,:
345:1,19,295,340,341,342,343,344,346,347,348,349,350,351,354,376,377,379,462,467,:
346:3,17,19,340,343,344,345,347,348,349,350,351,352,353,:
347:1,2,3,19,22,343,344,345,346,348,349,350,351,353,376,377,379,462,463,465,466,467,:
348:1,2,19,22,29,344,345,346,347,349,351,376,377,378,379,462,463,464,465,466,467,:
349:1,2,3,17,19,22,343,344,345,346,347,348,350,351,352,353,:
350:3,17,19,194,269,270,343,344,345,346,347,349,351,352,353,:
351:2,3,4,6,17,19,20,22,23,58,113,114,344,345,346,347,348,349,350,352,353,:
352:3,17,19,154,156,157,194,344,346,349,350,351,353,:
353:3,17,19,111,112,113,114,156,178,346,347,349,350,351,352,:
354:338,339,340,341,342,343,345,355,356,357,358,359,360,370,371,458,:
355:338,340,341,342,343,354,356,357,358,359,458,:
356:340,341,342,354,355,357,358,359,360,361,362,370,371,372,382,:
357:341,342,354,355,356,358,359,360,361,362,370,371,372,373,375,381,382,458,:
358:341,354,355,356,357,359,360,370,371,372,373,381,382,385,457,458,459,462,:
359:341,354,355,356,357,358,360,361,362,363,365,366,370,371,:
360:354,356,357,358,359,361,362,363,364,365,366,367,368,370,371,:
361:334,356,357,359,360,362,363,364,365,366,367,370,371,:
362:356,357,359,360,361,363,364,365,366,367,368,369,:
363:333,334,359,360,361,362,364,365,366,367,369,:
364:333,334,360,361,362,363,365,367,:
365:359,360,361,362,363,364,366,367,368,369,386,:
366:359,360,361,362,363,365,367,368,369,385,:
367:360,361,362,363,364,365,366,368,369,386,:
368:360,362,365,366,367,369,385,386,389,:
369:362,363,365,366,367,368,386,387,389,:
370:341,342,354,356,357,358,359,360,361,371,372,373,374,375,376,377,381,382,:
371:331,341,342,354,356,357,358,359,360,361,370,372,373,374,375,376,378,380,381,382,:
372:356,357,358,370,371,373,374,375,376,377,378,380,381,382,383,399,:
373:357,358,370,371,372,374,375,376,381,382,383,384,385,386,394,399,:
374:328,370,371,372,373,375,381,382,383,386,394,399,431,:
375:32,317,327,328,357,370,371,372,373,374,376,377,378,379,380,381,399,467,:
376:1,12,14,28,29,30,32,317,345,347,348,370,371,372,373,375,377,378,379,380,467,:
377:1,12,22,28,29,32,34,345,347,348,370,372,375,376,378,379,380,399,462,463,465,466,467,:
378:1,11,13,14,28,29,30,32,292,295,317,348,371,372,375,376,377,379,380,:
379:1,2,3,11,12,13,18,19,28,29,30,32,292,295,317,345,347,348,375,376,377,378,380,:
380:1,13,28,30,32,292,293,295,316,317,321,323,371,372,375,376,377,378,379,:
381:357,358,370,371,372,373,374,375,382,383,384,385,386,387,393,394,399,458,461,:
382:356,357,358,370,371,372,373,374,381,383,384,385,386,394,457,458,461,:
383:372,373,374,381,382,384,385,386,387,388,389,393,394,:
384:373,381,382,383,385,386,387,389,393,394,461,:
385:358,366,368,373,381,382,383,384,386,387,389,394,458,461,:
386:365,367,368,369,373,374,381,382,383,384,385,387,388,389,390,391,:
387:369,381,383,384,385,386,388,389,390,391,392,:
388:383,386,387,389,390,391,392,:
389:368,369,383,384,385,386,387,388,390,391,392,:
390:386,387,388,389,391,392,:
391:386,387,388,389,390,392,:
392:387,388,389,390,391,:
393:381,383,384,394,395,396,397,398,399,400,401,402,461,470,471,:
394:373,374,381,382,383,384,385,393,395,396,397,398,399,460,461,469,470,:
395:393,394,396,397,398,399,400,401,402,403,410,461,470,471,:
396:393,394,395,397,398,399,400,401,402,403,404,406,409,410,:
397:393,394,395,396,398,399,400,401,402,403,404,406,410,427,431,:
398:34,393,394,395,396,397,399,400,401,402,410,460,461,463,465,466,467,471,:
399:34,372,373,374,375,377,381,393,394,395,396,397,398,400,461,465,467,:
400:9,34,64,393,395,396,397,398,399,401,402,409,410,415,416,417,465,466,467,471,:
401:393,395,396,397,398,400,402,403,404,405,406,407,408,409,410,:
402:393,395,396,397,398,400,401,403,404,405,406,407,408,409,410,411,471,:
403:395,396,397,401,402,404,405,406,407,408,409,410,411,419,433,439,:
404:396,397,401,402,403,405,406,407,408,409,410,411,412,414,418,419,432,433,:
405:401,402,403,404,406,407,408,409,410,411,412,418,419,420,421,432,433,434,435,436,439,440,441,442,446,:
406:396,397,401,402,403,404,405,407,408,409,410,436,439,:
407:401,402,403,404,405,406,408,409,:
408:401,402,403,404,405,406,407,:
409:396,400,401,402,403,404,405,406,407,410,411,412,413,414,415,416,418,419,433,:
410:395,396,397,398,400,401,402,403,404,405,406,409,411,412,414,415,416,417,418,419,425,433,:
411:402,403,404,405,409,410,412,413,414,415,416,417,418,419,420,433,446,449,:
412:404,405,409,410,411,413,414,415,416,418,419,420,421,423,432,433,446,448,449,:
413:409,411,412,414,415,416,418,419,420,421,423,433,446,447,448,449,450,455,:
414:72,75,404,409,410,411,412,413,415,416,417,418,419,449,:
415:9,16,25,34,35,71,72,75,400,409,410,411,412,413,414,416,417,418,419,:
416:9,15,16,24,34,35,72,400,409,410,411,412,413,414,415,417,418,419,425,:
417:8,9,16,24,25,34,35,61,62,64,71,72,73,75,76,79,400,410,411,414,415,416,:
418:404,405,409,410,411,412,413,414,415,416,419,420,421,422,423,424,425,432,433,:
419:403,404,405,409,410,411,412,413,414,415,416,418,420,421,423,424,425,426,427,432,433,434,:
420:405,411,412,413,418,419,421,422,423,424,425,426,432,433,434,:
421:405,412,413,418,419,420,422,423,424,426,432,433,434,435,437,438,440,441,:
422:418,420,421,423,424,426,432,433,434,437,438,441,:
423:412,413,418,419,420,421,422,424,425,426,427,428,432,433,:
424:33,418,419,420,421,422,423,425,426,427,428,429,432,433,:
425:14,15,16,33,34,410,416,418,419,420,423,424,426,427,428,429,430,431,:
426:419,420,421,422,423,424,425,427,428,429,430,432,483,:
427:14,32,33,34,327,397,419,423,424,425,426,428,429,430,431,:
428:423,424,425,426,427,429,430,431,:
429:327,329,424,425,426,427,428,430,431,:
430:326,327,328,329,425,426,427,428,429,431,:
431:326,327,328,329,374,397,425,427,428,429,430,:
432:404,405,412,418,419,420,421,422,423,424,426,433,434,435,436,437,438,439,440,441,:
433:403,404,405,409,410,411,412,413,418,419,420,421,422,423,424,432,434,435,436,437,438,439,440,441,:
434:405,419,420,421,422,432,433,435,436,437,438,439,440,441,442,:
435:405,421,432,433,434,436,437,438,439,440,441,442,443,445,:
436:405,406,432,433,434,435,437,439,440,441,442,443,444,:
437:421,422,432,433,434,435,436,438,439,440,:
438:421,422,432,433,434,435,437,439,:
439:403,405,406,432,433,434,435,436,437,438,:
440:405,421,432,433,434,435,436,437,441,442,443,444,445,446,:
441:405,421,422,432,433,434,435,436,440,442,443,445,446,:
442:405,434,435,436,440,441,443,444,445,446,447,:
443:435,436,440,441,442,444,445,446,:
444:436,440,442,443,445,:
445:435,440,441,442,443,444,446,447,448,:
446:405,411,412,413,440,441,442,443,445,447,448,449,450,452,:
447:413,442,445,446,448,449,450,451,452,453,454,455,:
448:412,413,445,446,447,449,450,451,452,453,454,455,456,:
449:411,412,413,414,446,447,448,450,451,452,454,455,456,:
450:75,413,446,447,448,449,451,452,453,454,455,456,:
451:87,447,448,449,450,452,453,454,455,456,:
452:87,446,447,448,449,450,451,453,454,456,:
453:85,87,447,448,450,451,452,454,455,456,:
454:74,75,76,447,448,449,450,451,452,453,455,456,:
455:75,76,413,447,448,449,450,451,453,454,456,:
456:74,75,76,85,86,87,448,449,450,451,452,453,454,455,:
457:37,42,358,382,458,459,460,461,462,463,468,474,:
458:354,355,357,358,381,382,385,457,459,460,461,462,:
459:40,42,358,457,458,460,461,462,463,464,465,467,468,469,474,:
460:394,398,457,458,459,461,462,463,464,468,469,470,471,472,473,474,:
461:381,382,384,385,393,394,395,398,399,457,458,459,460,462,463,464,468,469,470,471,474,:
462:42,345,347,348,358,377,457,458,459,460,461,463,464,465,466,467,468,:
463:55,347,348,377,398,457,459,460,461,462,464,465,466,467,468,:
464:40,54,55,56,57,59,60,61,348,459,460,461,462,463,465,466,467,468,474,:
465:8,9,12,22,25,29,347,348,377,398,399,400,459,462,463,464,466,467,:
466:6,7,8,9,12,22,23,25,29,34,57,58,59,61,347,348,377,398,400,462,463,464,465,467,:
467:8,9,12,22,25,29,34,345,347,348,375,376,377,398,399,400,459,462,463,464,465,466,:
468:457,459,460,461,462,463,464,469,470,471,472,473,474,:
469:394,459,460,461,468,470,471,472,473,474,:
470:393,394,395,460,461,468,469,471,472,473,474,:
471:64,67,393,395,398,400,402,460,461,468,469,470,472,473,474,:
472:460,468,469,470,471,473,474,:
473:460,468,469,470,471,472,474,:
474:40,55,457,459,460,461,464,468,469,470,471,472,473,:
475:476,477,478,479,480,481,482,483,:
476:475,477,478,480,481,482,483,:
477:475,476,478,479,480,481,482,483,:
478:475,476,477,479,480,481,:
479:475,477,478,480,:
480:329,475,476,477,478,479,481,482,483,484,485,:
481:329,475,476,477,478,480,482,483,484,485,:
482:475,476,477,480,481,483,484,485,:
483:33,329,426,475,476,477,480,481,482,484,485,:
484:319,480,481,482,483,485,:
485:33,319,480,481,482,483,484,:
