1:2,3,4,5,6,10,33,36,43,46,47,48,49,50,51,69,70,79,80,81,:
2:1,3,4,5,6,7,36,43,46,47,48,49,50,51,69,70,79,80,81,226,:
3:1,2,4,5,6,7,8,10,36,43,46,47,48,49,50,51,52,69,79,226,:
4:1,2,3,5,6,7,8,9,10,33,36,37,46,47,48,49,50,51,52,53,66,69,:
5:1,2,3,4,6,7,8,9,10,11,32,33,34,36,43,46,47,48,49,50,51,52,53,66,69,70,:
6:1,2,3,4,5,7,9,10,32,33,34,36,43,46,47,48,49,50,51,53,66,67,69,70,79,80,81,320,321,:
7:2,3,4,5,6,8,9,10,11,37,38,46,49,50,52,53,71,72,73,:
8:3,4,5,7,9,10,11,12,37,38,52,53,71,72,73,74,481,483,:
9:4,5,6,7,8,10,11,12,13,17,32,37,38,39,51,52,53,56,66,72,74,591,:
10:1,3,4,5,6,7,8,9,11,12,13,17,31,32,33,34,36,37,46,51,52,53,56,66,69,74,318,:
11:5,7,8,9,10,12,13,14,16,17,37,39,53,56,74,589,590,591,:
12:8,9,10,11,13,14,15,16,17,18,39,53,54,55,56,74,589,590,591,:
13:9,10,11,12,14,15,16,17,39,53,54,55,56,74,318,582,590,591,:
14:11,12,13,15,16,17,18,39,54,55,56,58,74,82,318,582,590,591,:
15:12,13,14,16,17,18,19,39,44,54,55,56,57,58,59,82,84,590,591,:
16:11,12,13,14,15,17,18,19,20,24,35,44,53,54,55,56,57,58,59,68,82,84,589,590,591,:
17:9,10,11,12,13,14,15,16,18,19,29,30,31,35,39,53,54,55,56,57,58,59,74,82,589,590,591,:
18:12,14,15,16,17,19,20,21,22,23,24,28,29,30,35,44,45,55,56,57,58,59,62,68,82,83,84,87,195,:
19:15,16,17,18,20,21,22,23,24,25,27,28,29,30,44,45,55,56,57,58,59,60,61,62,63,68,82,83,84,85,86,87,:
20:16,18,19,21,22,23,24,28,44,45,55,57,58,59,60,61,62,63,82,83,84,85,86,87,580,586,:
21:18,19,20,22,23,24,25,44,45,58,59,60,61,62,63,82,83,84,85,86,87,:
22:18,19,20,21,23,24,25,26,28,44,45,57,58,59,60,61,62,63,64,83,84,85,86,:
23:18,19,20,21,22,24,25,26,27,28,29,40,45,57,58,59,60,61,62,63,64,68,76,85,195,:
24:16,18,19,20,21,22,23,25,26,27,28,29,30,35,42,44,45,57,58,59,60,61,62,63,64,68,84,85,87,195,:
25:19,21,22,23,24,26,27,28,40,41,42,61,62,63,64,75,76,77,78,191,195,:
26:22,23,24,25,27,28,29,40,41,42,63,64,68,75,76,77,78,191,195,:
27:19,23,24,25,26,28,29,30,35,40,41,42,57,64,68,77,78,:
28:18,19,20,22,23,24,25,26,27,29,30,31,35,40,42,56,57,58,59,64,68,78,85,:
29:17,18,19,23,24,26,27,28,30,31,32,34,35,42,56,57,59,65,68,78,:
30:17,18,19,24,27,28,29,31,32,33,34,35,42,53,56,57,59,65,66,67,68,117,:
31:10,17,28,29,30,32,33,34,35,36,53,56,65,66,67,68,69,116,117,483,484,485,486,:
32:5,6,9,10,29,30,31,33,34,35,36,51,53,56,65,66,67,68,69,70,117,118,483,484,485,:
33:1,4,5,6,10,30,31,32,34,35,36,48,51,53,56,65,66,67,68,69,70,117,118,119,120,122,:
34:5,6,10,29,30,31,32,33,35,36,51,53,56,57,65,66,67,68,69,70,117,118,120,122,320,321,:
35:16,17,18,24,27,28,29,30,31,32,33,34,36,42,53,56,57,65,66,67,68,117,120,:
36:1,2,3,4,5,6,10,31,32,33,34,35,43,46,47,48,50,51,53,66,67,69,70,80,81,118,119,120,121,122,123,:
37:4,7,8,9,10,11,38,52,71,72,73,74,435,436,437,481,483,:
38:7,8,9,37,52,71,72,73,435,436,503,504,505,:
39:9,11,12,13,14,15,17,54,74,582,583,590,591,:
40:23,25,26,27,28,41,42,64,75,76,77,78,133,184,185,190,191,:
41:25,26,27,40,64,75,76,77,78,133,174,185,:
42:24,25,26,27,28,29,30,35,40,68,78,115,116,117,126,131,132,133,185,:
43:1,2,3,5,6,36,46,47,48,49,51,69,70,79,80,81,124,125,218,352,:
44:15,16,18,19,20,21,22,24,45,55,57,58,59,60,61,62,82,83,84,85,86,87,580,586,:
45:18,19,20,21,22,23,24,44,59,60,61,82,83,84,85,86,87,580,586,587,588,589,592,596,:
46:1,2,3,4,5,6,7,10,36,43,47,48,49,50,51,69,70,79,80,81,:
47:1,2,3,4,5,6,36,43,46,48,49,50,69,79,80,81,218,224,225,226,:
48:1,2,3,4,5,6,33,36,43,46,47,49,50,51,66,69,70,79,80,81,121,218,224,226,230,234,236,:
49:1,2,3,4,5,6,7,43,46,47,48,50,52,79,226,:
50:1,2,3,4,5,6,7,36,46,47,48,49,52,69,226,230,231,233,234,235,236,237,:
51:1,2,3,4,5,6,9,10,32,33,34,36,43,46,48,53,67,69,70,79,80,81,317,318,319,320,321,:
52:3,4,5,7,8,9,10,37,38,49,50,71,72,73,550,551,:
53:4,5,6,7,8,9,10,11,12,13,16,17,30,31,32,33,34,35,36,51,56,66,67,74,318,319,320,:
54:12,13,14,15,16,17,39,55,74,82,582,:
55:12,13,14,15,16,17,18,19,20,44,54,57,58,82,83,84,:
56:9,10,11,12,13,14,15,16,17,18,19,28,29,30,31,32,33,34,35,53,57,58,59,65,68,589,590,591,:
57:15,16,17,18,19,20,22,23,24,27,28,29,30,34,35,44,55,56,58,59,62,67,68,82,84,195,:
58:14,15,16,17,18,19,20,21,22,23,24,28,44,55,56,57,59,60,62,68,82,83,84,195,:
59:15,16,17,18,19,20,21,22,23,24,28,29,30,44,45,56,57,58,61,82,83,84,85,86,87,586,587,588,589,590,591,:
60:19,20,21,22,23,24,44,45,58,61,62,63,82,83,84,85,86,87,:
61:19,20,21,22,23,24,25,44,45,59,60,62,63,83,84,85,86,87,621,:
62:18,19,20,21,22,23,24,25,44,57,58,60,61,63,64,83,84,195,:
63:19,20,21,22,23,24,25,26,60,61,62,64,:
64:22,23,24,25,26,27,28,40,41,62,63,75,76,77,195,:
65:29,30,31,32,33,34,35,56,66,116,483,484,485,486,:
66:4,5,6,9,10,30,31,32,33,34,35,36,48,53,65,69,70,236,237,483,484,485,486,:
67:6,30,31,32,33,34,35,36,51,53,57,68,69,70,118,120,122,192,196,319,320,321,:
68:16,18,19,23,24,26,27,28,29,30,31,32,33,34,35,42,56,57,58,67,192,193,195,196,:
69:1,2,3,4,5,6,10,31,32,33,34,36,43,46,47,48,50,51,66,67,70,81,118,119,121,123,234,236,237,:
70:1,2,5,6,32,33,34,36,43,46,48,51,66,67,69,80,81,118,119,120,121,122,123,124,125,:
71:7,8,37,38,52,72,73,434,435,436,503,504,505,506,507,:
72:7,8,9,37,38,52,71,73,74,:
73:7,8,37,38,52,71,72,436,503,504,505,550,551,:
74:8,9,10,11,12,13,14,17,37,39,53,54,72,566,590,591,:
75:25,26,40,41,64,76,77,78,172,173,174,175,176,178,179,184,185,:
76:23,25,26,40,41,64,75,77,191,:
77:25,26,27,40,41,64,75,76,78,133,174,:
78:25,26,27,28,29,40,41,42,75,77,115,117,126,127,131,132,133,184,185,189,:
79:1,2,3,6,43,46,47,48,49,51,80,81,218,226,352,354,:
80:1,2,6,36,43,46,47,48,51,70,79,81,317,319,320,321,349,350,352,354,:
81:1,2,6,36,43,46,47,48,51,69,70,79,80,121,122,123,124,125,218,:
82:14,15,16,17,18,19,20,21,44,45,54,55,57,58,59,60,83,84,85,86,87,579,580,584,586,589,590,591,:
83:18,19,20,21,22,44,45,55,58,59,60,61,62,82,84,85,86,87,579,580,586,:
84:15,16,18,19,20,21,22,24,44,45,55,57,58,59,60,61,62,82,83,86,87,580,:
85:19,20,21,22,23,24,28,44,45,59,60,61,82,83,86,87,586,587,588,595,596,:
86:19,20,21,22,44,45,59,60,61,82,83,84,85,87,580,586,587,588,592,595,596,:
87:18,19,20,21,24,44,45,59,60,61,82,83,84,85,86,579,580,584,586,587,588,589,590,592,593,596,:
88:89,90,91,92,93,94,95,:
89:88,90,91,92,93,94,95,96,221,:
90:88,89,91,92,93,94,95,96,:
91:88,89,90,92,93,94,95,96,97,98,103,104,223,:
92:88,89,90,91,93,94,95,96,97,98,103,104,213,216,217,221,222,223,:
93:88,89,90,91,92,94,95,96,221,223,:
94:88,89,90,91,92,93,95,96,220,221,222,223,239,:
95:88,89,90,91,92,93,94,96,216,219,220,221,222,223,239,247,254,:
96:89,90,91,92,93,94,95,217,220,221,222,223,224,225,227,238,239,240,245,247,:
97:91,92,98,99,100,101,102,103,104,105,106,107,210,212,213,:
98:91,92,97,99,100,101,102,103,104,106,209,210,211,212,213,214,:
99:97,98,100,101,102,103,104,105,106,107,108,210,213,:
100:97,98,99,101,102,103,104,105,106,107,108,109,110,111,112,210,213,:
101:97,98,99,100,102,105,106,107,108,109,110,112,113,119,121,188,199,200,202,209,210,213,:
102:97,98,99,100,101,103,104,105,106,107,213,:
103:91,92,97,98,99,100,102,104,105,213,223,227,:
104:91,92,97,98,99,100,102,103,105,213,222,223,227,:
105:97,99,100,101,102,103,104,106,107,110,:
106:97,98,99,100,101,102,105,107,108,109,110,111,112,113,205,:
107:97,99,100,101,102,105,106,108,109,110,111,:
108:99,100,101,106,107,109,110,111,112,113,114,127,188,205,207,:
109:100,101,106,107,108,110,111,112,113,114,115,117,119,126,127,135,188,:
110:100,101,105,106,107,108,109,111,112,113,114,115,126,127,135,141,:
111:100,106,107,108,109,110,112,113,127,205,207,:
112:100,101,106,108,109,110,111,113,114,115,116,117,118,119,126,127,135,187,188,:
113:101,106,108,109,110,111,112,114,115,117,118,119,126,127,182,184,185,186,187,188,197,:
114:108,109,110,112,113,115,116,117,118,119,120,126,127,128,135,188,:
115:42,78,109,110,112,113,114,116,117,118,126,127,128,129,131,132,134,135,486,:
116:31,42,65,112,114,115,117,126,127,128,129,131,135,455,485,486,:
117:30,31,32,33,34,35,42,78,109,112,113,114,115,116,118,119,120,121,122,126,127,188,:
118:32,33,34,36,67,69,70,112,113,114,115,117,119,120,121,122,123,188,:
119:33,36,69,70,101,109,112,113,114,117,118,120,121,122,123,124,125,210,236,:
120:33,34,35,36,67,70,114,117,118,119,121,122,123,124,189,:
121:36,48,69,70,81,101,117,118,119,120,122,123,124,125,209,210,212,213,218,:
122:33,34,36,67,70,81,117,118,119,120,121,123,124,125,372,:
123:36,69,70,81,118,119,120,121,122,124,125,209,210,211,212,213,218,:
124:43,70,81,119,120,121,122,123,125,209,211,212,213,214,215,217,218,:
125:43,70,81,119,121,122,123,124,209,210,211,212,213,214,215,216,217,218,222,:
126:42,78,109,110,112,113,114,115,116,117,127,128,129,130,131,132,133,134,135,:
127:78,108,109,110,111,112,113,114,115,116,117,126,128,129,130,131,132,133,134,135,182,185,:
128:114,115,116,126,127,129,130,131,132,133,134,135,136,138,455,457,:
129:115,116,126,127,128,130,131,132,133,134,135,136,137,138,139,141,155,457,:
130:126,127,128,129,131,132,133,134,135,136,137,138,144,147,154,155,160,161,456,457,:
131:42,78,115,116,126,127,128,129,130,132,133,134,160,161,162,:
132:42,78,115,126,127,128,129,130,131,133,155,:
133:40,41,42,77,78,126,127,128,129,130,131,132,155,162,:
134:115,126,127,128,129,130,131,135,136,137,138,139,140,141,457,:
135:109,110,112,114,115,116,126,127,128,129,130,134,136,137,138,139,140,141,:
136:128,129,130,134,135,137,138,139,140,141,:
137:129,130,134,135,136,138,139,140,141,457,:
138:128,129,130,134,135,136,137,139,140,141,456,457,458,:
139:129,134,135,136,137,138,140,141,:
140:134,135,136,137,138,139,141,:
141:110,129,134,135,136,137,138,139,140,:
142:143,144,145,146,147,148,149,154,155,:
143:142,144,145,146,147,148,149,151,:
144:130,142,143,145,146,147,148,149,150,154,155,156,:
145:142,143,144,146,147,148,149,150,154,155,156,157,158,159,160,:
146:142,143,144,145,147,148,150,154,155,156,157,:
147:130,142,143,144,145,146,148,149,150,151,152,154,155,:
148:142,143,144,145,146,147,149,150,151,152,153,154,155,183,:
149:142,143,144,145,147,148,150,151,152,153,183,:
150:144,145,146,147,148,149,151,152,153,154,155,157,158,183,:
151:143,147,148,149,150,152,153,183,:
152:147,148,149,150,151,153,158,168,174,183,:
153:148,149,150,151,152,168,183,:
154:130,142,144,145,146,147,148,150,155,156,157,158,159,160,:
155:129,130,132,133,142,144,145,146,147,148,150,154,156,157,158,159,160,:
156:144,145,146,154,155,157,158,159,160,:
157:145,146,150,154,155,156,158,159,160,618,:
158:145,150,152,154,155,156,157,159,618,619,:
159:145,154,155,156,157,158,160,161,162,614,:
160:130,131,145,154,155,156,157,159,161,162,456,457,458,:
161:130,131,159,160,162,453,454,456,457,458,:
162:131,133,159,160,161,453,454,456,458,611,612,613,:
163:164,165,166,167,168,169,170,171,:
164:163,165,166,167,168,169,170,:
165:163,164,166,167,168,169,170,171,172,:
166:163,164,165,167,168,170,171,172,173,174,175,:
167:163,164,165,166,168,170,171,172,175,399,406,407,410,:
168:152,153,163,164,165,166,167,169,170,171,:
169:163,164,165,168,:
170:163,164,165,166,167,168,171,172,173,174,175,176,177,:
171:163,165,166,167,168,170,172,173,174,175,:
172:75,165,166,167,170,171,173,174,175,176,177,178,399,:
173:75,166,170,171,172,174,175,176,177,178,179,181,183,399,:
174:41,75,77,152,166,170,171,172,173,175,176,177,178,181,183,:
175:75,166,167,170,171,172,173,174,176,177,391,393,399,411,:
176:75,170,172,173,174,175,177,178,179,180,181,182,183,184,185,396,399,:
177:170,172,173,174,175,176,178,179,180,181,183,184,391,395,396,397,398,399,400,:
178:75,172,173,174,176,177,179,180,181,182,183,184,185,186,396,:
179:75,173,176,177,178,180,181,182,183,184,185,186,187,188,189,190,391,395,396,:
180:176,177,178,179,181,182,184,185,186,187,198,204,206,380,386,387,391,395,396,397,399,400,:
181:173,174,176,177,178,179,180,182,183,184,185,:
182:113,127,176,178,179,180,181,183,184,185,188,:
183:148,149,150,151,152,153,173,174,176,177,178,179,181,182,:
184:40,75,78,113,176,177,178,179,180,181,182,185,186,187,188,189,190,197,198,396,:
185:40,41,42,75,78,113,127,176,178,179,180,181,182,184,186,187,188,189,190,:
186:113,178,179,180,184,185,187,188,189,190,191,197,198,199,380,396,:
187:112,113,179,180,184,185,186,188,189,190,197,198,199,200,201,202,203,204,380,:
188:101,108,109,112,113,114,117,118,179,182,184,185,186,187,189,197,198,199,200,202,203,204,:
189:78,120,179,184,185,186,187,188,190,191,192,197,198,:
190:40,179,184,185,186,187,189,191,192,193,194,283,391,:
191:25,26,40,76,186,189,190,192,193,194,195,196,283,:
192:67,68,189,190,191,193,194,195,196,283,296,373,375,:
193:68,190,191,192,194,195,196,283,292,294,295,296,375,:
194:190,191,192,193,195,196,282,283,284,292,293,294,295,296,375,:
195:18,23,24,25,26,57,58,62,64,68,191,192,193,194,196,295,:
196:67,68,191,192,193,194,195,291,292,293,294,295,296,320,321,375,:
197:113,184,186,187,188,189,198,199,200,201,202,203,204,209,210,377,380,:
198:180,184,186,187,188,189,197,199,200,201,202,203,204,376,377,378,379,380,:
199:101,186,187,188,197,198,200,201,202,203,204,205,209,210,211,377,380,:
200:101,187,188,197,198,199,201,202,203,209,210,211,212,213,376,377,:
201:187,197,198,199,200,202,209,210,211,369,370,372,376,377,378,380,:
202:101,187,188,197,198,199,200,201,203,204,205,206,207,209,210,380,:
203:187,188,197,198,199,200,202,204,205,206,207,208,:
204:180,187,188,197,198,199,202,203,205,206,207,208,:
205:106,108,111,199,202,203,204,206,207,208,:
206:180,202,203,204,205,207,208,400,403,:
207:108,111,202,203,204,205,206,208,:
208:203,204,205,206,207,:
209:98,101,121,123,124,125,197,199,200,201,202,210,211,212,213,214,215,:
210:97,98,99,100,101,119,121,123,125,197,199,200,201,202,209,211,212,213,214,:
211:98,123,124,125,199,200,201,209,210,212,213,214,215,216,:
212:97,98,121,123,124,125,200,209,210,211,213,214,215,216,217,218,219,222,:
213:92,97,98,99,100,101,102,103,104,121,123,124,125,200,209,210,211,212,214,215,216,217,218,222,223,:
214:98,124,125,209,210,211,212,213,215,216,217,218,219,220,221,222,223,:
215:124,125,209,211,212,213,214,216,217,218,219,220,:
216:92,95,125,211,212,213,214,215,217,218,219,220,221,222,223,224,239,247,:
217:92,96,124,125,212,213,214,215,216,218,219,220,221,222,223,224,225,226,227,238,239,247,:
218:43,47,48,79,81,121,123,124,125,212,213,214,215,216,217,219,220,222,223,224,225,226,238,239,:
219:95,212,214,215,216,217,218,220,221,222,223,239,246,247,250,251,:
220:94,95,96,214,215,216,217,218,219,221,222,223,225,238,239,241,246,247,248,250,251,252,254,:
221:89,92,93,94,95,96,214,216,217,219,220,222,223,238,239,246,247,251,254,:
222:92,94,95,96,104,125,212,213,214,216,217,218,219,220,221,223,224,225,226,227,228,238,239,247,:
223:91,92,93,94,95,96,103,104,213,214,216,217,218,219,220,221,222,224,225,227,238,239,247,:
224:47,48,96,216,217,218,222,223,225,226,227,228,229,230,234,238,239,240,:
225:47,96,217,218,220,222,223,224,226,227,228,229,230,238,239,240,241,243,244,246,247,:
226:2,3,47,48,49,50,79,217,218,222,224,225,227,228,229,230,238,239,240,241,243,244,:
227:96,103,104,217,222,223,224,225,226,228,229,230,231,233,234,238,239,:
228:222,224,225,226,227,229,230,231,232,233,234,235,236,:
229:224,225,226,227,228,230,231,232,233,234,235,244,531,:
230:48,50,224,225,226,227,228,229,231,232,233,234,235,236,237,531,:
231:50,227,228,229,230,232,233,234,235,237,531,532,533,547,:
232:228,229,230,231,233,235,531,532,533,544,545,546,547,548,553,:
233:50,227,228,229,230,231,232,234,235,236,237,531,532,547,:
234:48,50,69,224,227,228,229,230,231,233,235,236,237,:
235:50,228,229,230,231,232,233,234,236,237,531,547,557,:
236:48,50,66,69,119,228,230,233,234,235,237,:
237:50,66,69,230,231,233,234,235,236,:
238:96,217,218,220,221,222,223,224,225,226,227,239,240,241,242,243,244,245,246,247,:
239:94,95,96,216,217,218,219,220,221,222,223,224,225,226,227,238,240,241,243,244,245,246,247,:
240:96,224,225,226,238,239,241,242,243,244,245,246,247,248,518,:
241:220,225,226,238,239,240,242,243,244,245,246,247,248,249,250,251,252,517,518,524,:
242:238,240,241,243,245,246,247,248,249,260,261,515,516,517,518,519,523,524,:
243:225,226,238,239,240,241,242,244,245,246,247,515,518,:
244:225,226,229,238,239,240,241,243,245,:
245:96,238,239,240,241,242,243,244,246,247,254,515,:
246:219,220,221,225,238,239,240,241,242,243,245,247,248,249,250,251,252,254,260,261,518,:
247:95,96,216,217,219,220,221,222,223,225,238,239,240,241,242,243,245,246,248,249,250,251,252,254,:
248:220,240,241,242,246,247,249,250,251,252,253,254,260,261,262,518,524,:
249:241,242,246,247,248,250,251,252,260,261,262,263,264,265,:
250:219,220,241,246,247,248,249,251,260,261,262,263,264,:
251:219,220,221,241,246,247,248,249,250,252,253,254,255,256,260,261,:
252:220,241,246,247,248,249,251,253,254,255,256,257,:
253:248,251,252,254,255,256,257,258,259,516,518,:
254:95,220,221,245,246,247,248,251,252,253,255,256,257,258,:
255:251,252,253,254,256,257,258,259,514,515,516,:
256:251,252,253,254,255,257,258,259,:
257:252,253,254,255,256,258,259,514,:
258:253,254,255,256,257,259,514,:
259:253,255,256,257,258,510,513,514,:
260:242,246,248,249,250,251,261,262,263,264,265,266,267,268,524,:
261:242,246,248,249,250,251,260,262,263,264,265,266,267,518,519,523,524,525,:
262:248,249,250,260,261,263,264,265,266,267,268,269,270,340,352,354,:
263:249,250,260,261,262,264,265,266,267,268,269,270,271,340,:
264:249,250,260,261,262,263,265,266,267,268,269,270,271,272,:
265:249,260,261,262,263,264,266,267,268,269,340,354,355,356,:
266:260,261,262,263,264,265,267,268,269,271,:
267:260,261,262,263,264,265,266,268,269,:
268:260,262,263,264,265,266,267,269,270,271,272,339,340,:
269:262,263,264,265,266,267,268,270,271,339,340,344,346,359,:
270:262,263,264,268,269,271,272,340,364,:
271:263,264,266,268,269,270,272,:
272:264,268,270,271,:
273:274,275,276,277,278,279,368,370,371,:
274:273,275,276,277,278,279,367,368,369,370,371,374,376,:
275:273,274,276,277,278,279,280,284,368,371,:
276:273,274,275,277,278,279,285,286,368,:
277:273,274,275,276,278,285,286,348,360,361,365,367,368,371,:
278:273,274,275,276,277,279,280,281,282,283,284,294,296,368,371,374,:
279:273,274,275,276,278,280,281,282,283,284,296,374,:
280:275,278,279,281,282,283,284,294,295,296,374,389,394,:
281:278,279,280,282,283,284,389,390,392,394,:
282:194,278,279,280,281,283,284,294,295,296,373,374,375,389,:
283:190,191,192,193,194,278,279,280,281,282,284,294,295,296,374,389,390,:
284:194,275,278,279,280,281,282,283,292,294,295,296,373,374,375,:
285:276,277,286,287,288,289,290,291,292,297,298,345,347,348,:
286:276,277,285,287,288,289,290,291,344,345,346,347,348,358,360,:
287:285,286,288,289,290,291,292,293,297,298,299,345,348,:
288:285,286,287,289,290,291,297,298,299,300,302,309,345,348,:
289:285,286,287,288,290,297,298,299,300,309,338,339,344,345,346,348,349,:
290:285,286,287,288,289,291,292,293,294,296,297,298,317,348,:
291:196,285,286,287,288,290,292,293,294,295,296,373,375,:
292:193,194,196,284,285,287,290,291,293,294,295,296,375,:
293:194,196,287,290,291,292,294,295,296,298,:
294:193,194,196,278,280,282,283,284,290,291,292,293,295,296,373,374,375,:
295:193,194,195,196,280,282,283,284,291,292,293,294,296,375,:
296:192,193,194,196,278,279,280,282,283,284,290,291,292,293,294,295,373,374,375,:
297:285,287,288,289,290,298,299,300,301,302,303,308,309,:
298:285,287,288,289,290,293,297,299,300,301,302,:
299:287,288,289,297,298,300,301,302,303,304,305,308,309,310,:
300:288,289,297,298,299,301,302,303,304,305,308,309,310,311,312,313,314,315,:
301:297,298,299,300,302,303,305,308,309,310,311,:
302:288,297,298,299,300,301,303,304,305,306,307,308,309,:
303:297,299,300,301,302,304,305,306,307,308,309,:
304:299,300,302,303,305,306,307,309,:
305:299,300,301,302,303,304,306,307,308,312,:
306:302,303,304,305,307,312,:
307:302,303,304,305,306,312,:
308:297,299,300,301,302,303,305,309,310,311,312,313,314,315,322,323,:
309:288,289,297,299,300,301,302,303,304,308,310,311,312,313,314,315,:
310:299,300,301,308,309,311,312,313,314,315,316,322,323,324,331,:
311:300,301,308,309,310,312,313,314,322,323,324,325,327,330,331,:
312:300,305,306,307,308,309,310,311,313,322,323,324,325,330,331,:
313:300,308,309,310,311,312,314,315,316,317,318,322,323,331,336,:
314:300,308,309,310,311,313,315,316,317,318,319,:
315:300,308,309,310,313,314,316,317,318,319,320,321,349,350,351,:
316:310,313,314,315,317,318,319,320,:
317:51,80,290,313,314,315,316,318,319,320,321,349,350,:
318:10,13,14,51,53,313,314,315,316,317,319,320,321,:
319:51,53,67,80,314,315,316,317,318,320,321,:
320:6,34,51,53,67,80,196,315,316,317,318,319,321,:
321:6,34,51,67,80,196,315,317,318,319,320,375,:
322:308,310,311,312,313,323,324,325,326,327,328,329,330,331,:
323:308,310,311,312,313,322,324,325,327,328,329,330,331,:
324:310,311,312,322,323,325,326,327,328,329,330,331,332,:
325:311,312,322,323,324,326,327,328,329,330,331,332,333,335,:
326:322,324,325,327,328,330,331,332,333,334,:
327:311,322,323,324,325,326,328,329,330,331,:
328:322,323,324,325,326,327,329,330,331,:
329:322,323,324,325,327,328,:
330:311,312,322,323,324,325,326,327,328,331,332,333,334,335,336,:
331:310,311,312,313,322,323,324,325,326,327,328,330,332,333,335,336,:
332:324,325,326,330,331,333,334,335,336,:
333:325,326,330,331,332,334,335,336,:
334:326,330,332,333,335,336,:
335:325,330,331,332,333,334,336,:
336:313,330,331,332,333,334,335,:
337:338,339,340,341,342,343,344,345,:
338:289,337,339,340,341,342,343,344,345,346,:
339:268,269,289,337,338,340,341,342,343,344,345,346,347,348,349,350,351,:
340:262,263,265,268,269,270,337,338,339,341,342,343,344,345,346,347,349,350,351,:
341:337,338,339,340,342,343,344,345,:
342:337,338,339,340,341,343,:
343:337,338,339,340,341,342,:
344:269,286,289,337,338,339,340,341,345,346,347,348,349,350,351,358,359,:
345:285,286,287,288,289,337,338,339,340,341,344,346,347,348,349,350,351,:
346:269,286,289,338,339,340,344,345,347,348,349,350,351,352,358,359,360,:
347:285,286,339,340,344,345,346,348,349,350,358,359,360,361,362,363,364,366,:
348:277,285,286,287,288,289,290,339,344,345,346,347,349,358,359,360,361,363,364,366,:
349:80,289,315,317,339,340,344,345,346,347,348,350,351,352,353,354,358,359,:
350:80,315,317,339,340,344,345,346,347,349,351,352,353,354,355,:
351:315,339,340,344,345,346,349,350,352,353,354,355,356,357,:
352:43,79,80,262,346,349,350,351,353,354,355,356,:
353:349,350,351,352,354,355,356,357,:
354:79,80,262,265,349,350,351,352,353,355,356,357,:
355:265,350,351,352,353,354,356,357,:
356:265,351,352,353,354,355,357,:
357:351,353,354,355,356,:
358:286,344,346,347,348,349,359,360,361,362,363,364,365,366,367,368,:
359:269,344,346,347,348,349,358,360,361,362,363,364,367,:
360:277,286,346,347,348,358,359,361,362,363,364,365,366,367,368,369,:
361:277,347,348,358,359,360,362,363,364,365,367,368,369,370,371,372,:
362:347,358,359,360,361,363,365,367,368,369,372,:
363:347,348,358,359,360,361,362,364,365,366,367,368,:
364:270,347,348,358,359,360,361,363,365,366,:
365:277,358,360,361,362,363,364,366,367,368,:
366:347,348,358,360,363,364,365,:
367:274,277,358,359,360,361,362,363,365,368,369,370,371,372,373,374,375,376,377,:
368:273,274,275,276,277,278,358,360,361,362,363,365,367,369,370,371,372,373,374,375,376,:
369:201,274,360,361,362,367,368,370,371,372,373,374,375,376,377,378,:
370:201,273,274,361,367,368,369,371,372,373,374,376,377,378,379,380,381,383,:
371:273,274,275,277,278,361,367,368,369,370,372,373,374,376,377,378,379,381,383,385,:
372:122,201,361,362,367,368,369,370,371,373,374,375,376,377,:
373:192,282,284,291,294,296,367,368,369,370,371,372,374,375,376,377,:
374:274,278,279,280,282,283,284,294,296,367,368,369,370,371,372,373,375,376,377,:
375:192,193,194,196,282,284,291,292,294,295,296,321,367,368,369,372,373,374,:
376:198,200,201,274,367,368,369,370,371,372,373,374,377,378,379,380,381,382,383,384,385,:
377:197,198,199,200,201,367,369,370,371,372,373,374,376,378,379,380,381,383,384,:
378:198,201,369,370,371,376,377,379,380,381,382,383,384,385,386,:
379:198,370,371,376,377,378,380,381,382,383,384,385,386,387,388,389,395,396,:
380:180,186,187,197,198,199,201,202,370,376,377,378,379,381,382,384,385,386,387,395,396,:
381:370,371,376,377,378,379,380,382,383,384,385,:
382:376,378,379,380,381,383,384,385,:
383:370,371,376,377,378,379,381,382,:
384:376,377,378,379,380,381,382,385,386,387,388,389,390,395,396,:
385:371,376,378,379,380,381,382,384,386,387,388,389,:
386:180,378,379,380,384,385,387,388,389,390,391,392,394,395,396,397,:
387:180,379,380,384,385,386,388,389,390,391,395,396,397,398,399,400,404,405,:
388:379,384,385,386,387,389,390,395,396,397,398,404,405,:
389:280,281,282,283,379,384,385,386,387,388,390,391,392,393,394,395,396,:
390:281,283,384,386,387,388,389,391,392,393,394,395,396,411,:
391:175,177,179,180,190,386,387,389,390,392,393,394,395,396,:
392:281,386,389,390,391,393,394,411,:
393:175,389,390,391,392,394,411,:
394:280,281,386,389,390,391,392,393,411,:
395:177,179,180,379,380,384,386,387,388,389,390,391,396,397,398,399,400,401,404,405,:
396:176,177,178,179,180,184,186,379,380,384,386,387,388,389,390,391,395,397,398,399,400,:
397:177,180,386,387,388,395,396,398,399,400,401,402,403,404,405,406,:
398:177,387,388,395,396,397,399,400,401,402,404,405,406,407,409,411,:
399:167,172,173,175,176,177,180,387,395,396,397,398,400,401,404,405,406,407,409,411,:
400:177,180,206,387,395,396,397,398,399,401,402,403,404,405,:
401:395,397,398,399,400,402,403,404,405,:
402:397,398,400,401,403,404,405,:
403:206,397,400,401,402,:
404:387,388,395,397,398,399,400,401,402,405,406,407,408,409,410,411,:
405:387,388,395,397,398,399,400,401,402,404,406,407,408,409,411,:
406:167,397,398,399,404,405,407,408,409,410,411,:
407:167,398,399,404,405,406,408,409,410,411,:
408:404,405,406,407,409,410,:
409:398,399,404,405,406,407,408,410,411,:
410:167,404,406,407,408,409,411,:
411:175,390,392,393,394,398,399,404,405,406,407,409,410,:
412:413,414,415,416,417,418,498,501,:
413:412,414,415,416,417,497,498,499,500,501,502,:
414:412,413,415,416,417,418,419,498,:
415:412,413,414,416,417,418,419,420,421,422,423,425,497,498,504,505,:
416:412,413,414,415,417,418,419,420,422,430,477,489,490,497,498,499,501,502,503,504,505,506,:
417:412,413,414,415,416,418,419,420,421,422,423,425,429,430,498,:
418:412,414,415,416,417,419,420,421,422,423,425,559,:
419:414,415,416,417,418,420,421,422,423,424,425,429,430,431,477,:
420:415,416,417,418,419,421,422,423,429,430,431,432,434,435,436,439,477,505,559,:
421:415,417,418,419,420,422,429,430,431,432,434,435,436,439,558,559,560,563,:
422:415,416,417,418,419,420,421,423,424,425,426,427,429,430,:
423:415,417,418,419,420,422,424,425,426,427,428,:
424:419,422,423,425,426,427,428,466,:
425:415,417,418,419,422,423,424,426,427,428,:
426:422,423,424,425,427,428,466,468,495,:
427:422,423,424,425,426,428,:
428:423,424,425,426,427,:
429:417,419,420,421,422,430,431,432,433,434,435,436,437,438,439,474,477,505,:
430:416,417,419,420,421,422,429,431,432,433,434,435,436,438,473,474,475,476,477,478,505,:
431:419,420,421,429,430,432,433,434,435,436,437,438,439,440,474,477,505,562,563,:
432:420,421,429,430,431,433,434,435,436,437,438,439,440,441,442,443,447,448,473,474,562,:
433:429,430,431,432,434,437,438,439,440,441,447,448,461,462,464,473,474,475,477,:
434:71,420,421,429,430,431,432,433,435,436,437,438,439,474,477,481,505,566,:
435:37,38,71,420,421,429,430,431,432,434,436,437,504,505,507,563,564,566,:
436:37,38,71,73,420,421,429,430,431,432,434,435,437,477,503,504,505,506,507,566,:
437:37,429,431,432,433,434,435,436,438,439,481,562,564,566,589,591,:
438:429,430,431,432,433,434,437,439,440,441,442,443,444,447,448,562,:
439:420,421,429,431,432,433,434,437,438,440,441,442,443,561,562,:
440:431,432,433,438,439,441,442,443,444,445,446,447,448,449,:
441:432,433,438,439,440,442,443,444,445,447,448,449,450,452,:
442:432,438,439,440,441,443,444,447,448,449,450,451,587,592,593,594,597,599,:
443:432,438,439,440,441,442,444,445,446,447,448,:
444:438,440,441,442,443,445,446,447,448,599,601,:
445:440,441,443,444,446,447,448,:
446:440,443,444,445,601,:
447:432,433,438,440,441,442,443,444,445,448,449,450,451,452,453,:
448:432,433,438,440,441,442,443,444,445,447,449,450,452,459,461,464,:
449:440,441,442,447,448,450,451,452,453,454,607,:
450:441,442,447,448,449,451,452,453,599,601,606,607,:
451:442,447,449,450,452,453,594,595,598,599,601,606,607,608,611,:
452:441,447,448,449,450,451,453,454,455,456,458,:
453:161,162,447,449,450,451,452,454,455,456,457,458,486,:
454:161,162,449,452,453,455,456,457,458,485,486,:
455:116,128,452,453,454,456,457,458,482,484,485,486,:
456:130,138,160,161,162,452,453,454,455,457,458,:
457:128,129,130,134,137,138,160,161,453,454,455,456,458,:
458:138,160,161,162,452,453,454,455,456,457,:
459:448,460,461,462,463,464,465,466,467,473,474,:
460:459,461,462,463,464,465,466,467,469,473,:
461:433,448,459,460,462,463,464,465,466,467,473,474,475,:
462:433,459,460,461,463,464,465,466,473,474,475,476,477,478,479,480,:
463:459,460,461,462,464,465,466,473,474,475,476,480,488,554,555,:
464:433,448,459,460,461,462,463,465,466,467,468,469,473,474,:
465:459,460,461,462,463,464,466,467,468,469,470,473,:
466:424,426,459,460,461,462,463,464,465,467,468,469,470,471,472,473,:
467:459,460,461,464,465,466,468,469,470,471,:
468:426,464,465,466,467,469,470,471,472,495,:
469:460,464,465,466,467,468,470,471,472,:
470:465,466,467,468,469,471,472,:
471:466,467,468,469,470,472,:
472:466,468,469,470,471,495,:
473:430,432,433,459,460,461,462,463,464,465,466,474,475,476,477,478,479,480,481,487,488,:
474:429,430,431,432,433,434,459,461,462,463,464,473,475,476,477,478,479,480,481,487,:
475:430,433,461,462,463,473,474,476,477,478,479,480,481,487,488,489,:
476:430,462,463,473,474,475,477,478,479,487,488,489,490,492,497,498,:
477:416,419,420,429,430,431,433,434,436,462,473,474,475,476,478,487,488,489,490,497,498,505,:
478:430,462,473,474,475,476,477,479,480,481,482,483,487,488,550,:
479:462,473,474,475,476,478,480,481,482,483,484,:
480:462,463,473,474,475,478,479,481,482,483,484,485,486,554,557,:
481:8,37,434,437,473,474,475,478,479,480,482,483,484,485,:
482:455,478,479,480,481,483,484,485,486,557,:
483:8,31,32,37,65,66,478,479,480,481,482,484,485,486,:
484:31,32,65,66,455,479,480,481,482,483,485,486,:
485:31,32,65,66,116,454,455,480,481,482,483,484,486,:
486:31,65,66,115,116,453,454,455,480,482,483,484,485,:
487:473,474,475,476,477,478,488,489,490,491,492,493,497,498,:
488:463,473,475,476,477,478,487,489,490,491,492,497,:
489:416,475,476,477,487,488,490,491,492,493,494,497,498,499,:
490:416,476,477,487,488,489,491,492,493,497,498,499,500,501,502,503,:
491:487,488,489,490,492,493,497,498,499,500,545,546,550,:
492:476,487,488,489,490,491,493,494,495,496,497,498,:
493:487,489,490,491,492,494,495,496,497,498,:
494:489,492,493,495,496,:
495:426,468,472,492,493,494,496,:
496:492,493,494,495,:
497:413,415,416,476,477,487,488,489,490,491,492,493,498,499,500,501,502,503,504,:
498:412,413,414,415,416,417,476,477,487,489,490,491,492,493,497,499,500,501,502,503,504,505,:
499:413,416,489,490,491,497,498,500,501,502,503,504,:
500:413,490,491,497,498,499,501,502,503,:
501:412,413,416,490,497,498,499,500,502,:
502:413,416,490,497,498,499,500,501,503,504,505,506,507,508,:
503:38,71,73,416,436,490,497,498,499,500,502,504,505,506,507,508,550,:
504:38,71,73,415,416,435,436,497,498,499,502,503,505,506,507,508,:
505:38,71,73,415,416,420,429,430,431,434,435,436,477,498,502,503,504,506,507,508,:
506:71,416,436,502,503,504,505,507,508,:
507:71,435,436,502,503,504,505,506,508,:
508:502,503,504,505,506,507,:
509:510,511,512,513,514,515,516,521,:
510:259,509,511,512,513,514,515,516,521,:
511:509,510,512,513,514,515,516,:
512:509,510,511,513,514,515,:
513:259,509,510,511,512,514,:
514:255,257,258,259,509,510,511,512,513,515,516,517,:
515:242,243,245,255,509,510,511,512,514,516,517,518,519,521,:
516:242,253,255,509,510,511,514,515,517,518,519,520,521,522,523,524,:
517:241,242,514,515,516,518,519,520,521,522,523,524,525,:
518:240,241,242,243,246,248,253,261,515,516,517,519,520,521,523,524,525,:
519:242,261,515,516,517,518,520,521,522,523,524,525,:
520:516,517,518,519,521,522,523,524,525,:
521:509,510,515,516,517,518,519,520,522,523,525,:
522:516,517,519,520,521,523,524,525,:
523:242,261,516,517,518,519,520,521,522,524,525,:
524:241,242,248,260,261,516,517,518,519,520,522,523,525,:
525:261,517,518,519,520,521,522,523,524,:
526:527,528,529,530,531,532,533,553,556,:
527:526,528,529,530,531,532,533,553,556,:
528:526,527,529,530,531,532,533,553,:
529:526,527,528,530,531,532,533,:
530:526,527,528,529,531,532,533,:
531:229,230,231,232,233,235,526,527,528,529,530,532,533,552,553,557,:
532:231,232,233,526,527,528,529,530,531,533,547,552,553,554,557,:
533:231,232,526,527,528,529,530,531,532,552,553,:
534:535,536,537,538,539,540,:
535:534,536,537,538,539,:
536:534,535,537,538,539,540,:
537:534,535,536,538,539,540,:
538:534,535,536,537,539,540,:
539:534,535,536,537,538,540,541,542,:
540:534,536,537,538,539,541,542,:
541:539,540,542,:
542:539,540,541,:
543:544,545,546,547,548,549,550,:
544:232,543,545,546,547,548,549,:
545:232,491,543,544,546,547,548,549,550,551,:
546:232,491,543,544,545,547,548,549,550,552,553,:
547:231,232,233,235,532,543,544,545,546,548,550,552,553,:
548:232,543,544,545,546,547,549,550,551,:
549:543,544,545,546,548,550,551,:
550:52,73,478,491,503,543,545,546,547,548,549,551,:
551:52,73,545,548,549,550,:
552:531,532,533,546,547,553,554,555,556,557,:
553:232,526,527,528,531,532,533,546,547,552,554,555,556,557,:
554:463,480,532,552,553,555,556,557,:
555:463,552,553,554,556,557,:
556:526,527,552,553,554,555,557,:
557:235,480,482,531,532,552,553,554,555,556,:
558:421,559,560,561,562,563,564,567,568,:
559:418,420,421,558,560,561,562,563,:
560:421,558,559,561,562,563,564,565,566,567,568,569,577,:
561:439,558,559,560,562,563,564,565,566,567,568,569,570,572,573,575,576,577,:
562:431,432,437,438,439,558,559,560,561,563,564,565,567,568,569,570,575,576,577,585,:
563:421,431,435,558,559,560,561,562,564,565,566,567,568,577,:
564:435,437,558,560,561,562,563,565,566,567,568,576,577,582,583,:
565:560,561,562,563,564,566,567,568,569,570,576,577,578,581,582,583,585,:
566:74,434,435,436,437,560,561,563,564,565,577,582,583,:
567:558,560,561,562,563,564,565,568,569,570,571,572,573,575,576,577,585,:
568:558,560,561,562,563,564,565,567,569,570,572,573,576,577,:
569:560,561,562,565,567,568,570,571,572,573,574,575,576,577,578,585,593,:
570:561,562,565,567,568,569,571,572,573,576,577,578,579,581,584,585,592,593,:
571:567,569,570,572,576,577,578,579,580,584,585,586,587,592,593,594,597,:
572:561,567,568,569,570,571,573,574,575,576,577,:
573:561,567,568,569,570,572,574,575,:
574:569,572,573,575,:
575:561,562,567,569,572,573,574,:
576:561,562,564,565,567,568,569,570,571,572,577,578,579,580,581,582,583,584,585,593,:
577:560,561,562,563,564,565,566,567,568,569,570,571,572,576,578,579,581,582,583,584,585,:
578:565,569,570,571,576,577,579,580,581,582,583,584,585,586,593,:
579:82,83,87,570,571,576,577,578,580,581,582,583,584,585,586,587,589,590,592,593,:
580:20,44,45,82,83,84,86,87,571,576,578,579,581,582,583,584,585,586,587,589,590,593,:
581:565,570,576,577,578,579,580,582,583,584,585,:
582:13,14,39,54,564,565,566,576,577,578,579,580,581,583,584,585,590,:
583:39,564,565,566,576,577,578,579,580,581,582,584,585,590,591,:
584:82,87,570,571,576,577,578,579,580,581,582,583,585,586,587,588,589,590,591,592,593,:
585:562,565,567,569,570,571,576,577,578,579,580,581,582,583,584,586,587,589,590,591,592,593,:
586:20,44,45,59,82,83,85,86,87,571,578,579,580,584,585,587,588,589,590,591,592,593,594,:
587:45,59,85,86,87,442,571,579,580,584,585,586,588,589,590,592,593,594,595,596,597,606,:
588:45,59,85,86,87,584,586,587,589,592,593,594,595,596,606,607,:
589:11,12,16,17,45,56,59,82,87,437,579,580,584,585,586,587,588,590,591,592,593,:
590:11,12,13,14,15,16,17,39,56,59,74,82,87,579,580,582,583,584,585,586,587,589,591,:
591:9,11,12,13,14,15,16,17,39,56,59,74,82,437,583,584,585,586,589,590,:
592:45,86,87,442,570,571,579,584,585,586,587,588,589,593,594,595,596,597,598,606,607,:
593:87,442,569,570,571,576,578,579,580,584,585,586,587,588,589,592,594,595,596,597,:
594:442,451,571,586,587,588,592,593,595,596,597,598,599,600,606,607,608,:
595:85,86,451,587,588,592,593,594,596,597,598,600,606,607,608,609,610,611,620,621,:
596:45,85,86,87,587,588,592,593,594,595,597,598,606,607,608,609,610,620,621,622,:
597:442,571,587,592,593,594,595,596,598,599,600,601,602,606,607,:
598:451,592,594,595,596,597,599,600,601,602,603,606,607,:
599:442,444,450,451,594,597,598,600,601,602,603,604,606,607,:
600:594,595,597,598,599,601,602,603,604,605,606,607,610,:
601:444,446,450,451,597,598,599,600,602,603,604,605,:
602:597,598,599,600,601,603,604,605,610,:
603:598,599,600,601,602,604,605,:
604:599,600,601,602,603,605,:
605:600,601,602,603,604,:
606:450,451,587,588,592,594,595,596,597,598,599,600,607,608,609,610,611,612,620,621,:
607:449,450,451,588,592,594,595,596,597,598,599,600,606,608,609,610,611,:
608:451,594,595,596,606,607,609,610,611,612,613,614,620,621,622,627,:
609:595,596,606,607,608,610,611,612,613,614,620,621,622,623,625,626,627,:
610:595,596,600,602,606,607,608,609,611,612,614,620,621,622,623,624,626,627,:
611:162,451,595,606,607,608,609,610,612,613,614,615,616,620,621,627,:
612:162,606,608,609,610,611,613,614,615,616,617,620,621,626,627,:
613:162,608,609,611,612,614,615,616,617,618,619,620,621,626,627,:
614:159,608,609,610,611,612,613,615,616,617,618,626,627,629,:
615:611,612,613,614,616,617,618,619,626,627,631,:
616:611,612,613,614,615,617,618,619,627,628,629,630,631,:
617:612,613,614,615,616,618,619,626,627,628,629,631,:
618:157,158,613,614,615,616,617,619,631,:
619:158,613,615,616,617,618,631,633,:
620:595,596,606,608,609,610,611,612,613,621,622,623,624,625,626,627,:
621:61,595,596,606,608,609,610,611,612,613,620,622,623,625,626,627,:
622:596,608,609,610,620,621,623,624,625,626,627,628,:
623:609,610,620,621,622,624,625,626,627,628,629,631,632,:
624:610,620,622,623,625,626,627,628,629,631,:
625:609,620,621,622,623,624,626,627,:
626:609,610,612,613,614,615,617,620,621,622,623,624,625,627,628,629,630,631,632,633,:
627:608,609,610,611,612,613,614,615,616,617,620,621,622,623,624,625,626,628,629,631,632,:
628:616,617,622,623,624,626,627,629,630,631,632,633,:
629:614,616,617,623,624,626,627,628,630,631,632,:
630:616,626,628,629,631,:
631:615,616,617,618,619,623,624,626,627,628,629,630,632,633,:
632:623,626,627,628,629,631,633,:
633:619,626,628,631,632,:
