1:2,7,9,24,32,33,34,38,487,488,:
2:1,3,4,7,9,10,18,19,23,24,32,33,34,35,38,39,42,43,44,52,486,487,488,:
3:2,4,5,6,7,8,9,10,11,18,19,23,24,35,36,37,38,39,42,44,46,51,52,:
4:2,3,5,6,7,8,10,18,19,23,24,35,36,37,38,39,44,46,51,52,:
5:3,4,6,8,10,11,24,35,36,37,38,39,51,160,:
6:3,4,5,8,10,11,12,25,35,36,37,38,39,119,120,160,:
7:1,2,3,4,9,10,18,24,32,33,34,35,38,39,42,486,487,488,:
8:3,4,5,6,10,11,12,13,14,24,25,31,35,36,37,38,39,51,:
9:1,2,3,7,18,19,24,32,33,34,38,42,43,44,92,95,486,487,488,:
10:2,3,4,5,6,7,8,11,12,18,23,24,25,31,35,36,37,38,39,51,52,:
11:3,5,6,8,10,12,13,14,15,25,28,31,37,39,307,352,:
12:6,8,10,11,13,14,15,16,25,28,31,37,39,40,41,307,352,:
13:8,11,12,14,15,16,17,25,26,27,28,29,31,40,41,306,307,348,352,:
14:8,11,12,13,15,16,25,26,27,28,40,41,262,306,307,:
15:11,12,13,14,16,25,26,27,28,41,125,126,259,260,262,263,306,344,:
16:12,13,14,15,17,26,28,29,30,31,40,41,296,297,302,303,304,305,306,307,:
17:13,16,28,29,30,40,41,296,297,369,372,373,378,380,381,387,508,:
18:2,3,4,7,9,10,19,20,21,22,23,24,35,38,39,42,43,44,45,46,47,48,49,50,51,52,487,:
19:2,3,4,9,18,20,21,22,23,24,35,42,43,44,45,46,47,48,49,50,51,52,:
20:18,19,21,22,23,24,35,42,43,44,45,46,47,48,49,50,51,52,148,:
21:18,19,20,22,23,42,43,44,45,46,47,48,49,50,51,52,148,:
22:18,19,20,21,23,24,42,43,44,45,46,47,48,49,50,51,52,366,456,:
23:2,3,4,10,18,19,20,21,22,24,35,39,42,43,44,45,46,47,48,49,50,51,52,366,485,:
24:1,2,3,4,5,7,8,9,10,18,19,20,22,23,35,38,39,42,43,44,46,51,52,487,:
25:6,8,10,11,12,13,14,15,26,27,28,37,122,124,125,126,307,:
26:13,14,15,16,25,27,28,41,260,261,262,263,292,340,344,345,348,386,387,388,:
27:13,14,15,25,26,125,126,258,259,260,261,262,263,306,:
28:11,12,13,14,15,16,17,25,26,29,30,31,40,41,348,387,:
29:13,16,17,28,30,40,41,297,338,368,369,370,372,373,377,378,379,380,381,382,386,387,508,:
30:16,17,28,29,40,41,290,296,297,298,309,372,373,378,380,381,505,507,508,509,:
31:8,10,11,12,13,16,28,39,40,52,364,366,368,482,483,484,485,:
32:1,2,7,9,33,34,38,:
33:1,2,7,9,32,34,38,:
34:1,2,7,9,32,33,38,486,487,488,:
35:2,3,4,5,6,7,8,10,18,19,20,23,24,36,38,44,46,51,149,152,:
36:3,4,5,6,8,10,35,37,118,120,145,149,:
37:3,4,5,6,8,10,11,12,25,36,118,119,120,121,122,123,124,:
38:1,2,3,4,5,6,7,8,9,10,18,24,32,33,34,35,39,487,:
39:2,3,4,5,6,7,8,10,11,12,18,23,24,31,38,42,51,52,305,484,485,486,487,488,:
40:12,13,14,16,17,28,29,30,31,41,296,297,302,303,304,305,306,307,482,483,:
41:12,13,14,15,16,17,26,28,29,30,40,289,290,292,296,297,298,302,303,304,305,306,307,:
42:2,3,7,9,18,19,20,21,22,23,24,39,43,44,46,47,49,50,51,52,485,486,487,:
43:2,9,18,19,20,21,22,23,24,42,44,45,46,47,48,49,51,:
44:2,3,4,9,18,19,20,21,22,23,24,35,42,43,45,46,47,51,149,:
45:18,19,20,21,22,23,43,44,46,47,48,51,148,149,:
46:3,4,18,19,20,21,22,23,24,35,42,43,44,45,47,48,49,50,51,52,146,147,148,149,160,:
47:18,19,20,21,22,23,42,43,44,45,46,48,49,50,51,:
48:18,19,20,21,22,23,43,45,46,47,49,50,51,148,451,452,:
49:18,19,20,21,22,23,42,43,46,47,48,50,51,52,456,485,:
50:18,19,20,21,22,23,42,46,47,48,49,51,52,366,454,456,:
51:3,4,5,8,10,18,19,20,21,22,23,24,35,39,42,43,44,45,46,47,48,49,50,52,148,160,366,:
52:2,3,4,10,18,19,20,21,22,23,24,31,39,42,46,49,50,51,366,484,485,487,:
53:54,55,56,57,58,59,67,68,:
54:53,55,56,58,67,68,:
55:53,54,56,57,58,59,60,61,67,68,69,:
56:53,54,55,57,58,59,60,61,67,68,69,70,71,72,80,:
57:53,55,56,58,59,60,61,67,68,69,70,71,79,80,85,:
58:53,54,55,56,57,59,60,61,62,63,67,68,:
59:53,55,56,57,58,60,61,62,63,64,67,68,:
60:55,56,57,58,59,61,62,63,64,65,66,493,:
61:55,56,57,58,59,60,62,63,64,65,67,76,78,:
62:58,59,60,61,63,64,65,66,88,425,426,427,472,493,:
63:58,59,60,61,62,64,65,66,78,85,86,87,88,89,93,94,481,:
64:59,60,61,62,63,65,66,87,88,93,94,427,472,480,481,489,:
65:60,61,62,63,64,66,87,88,89,93,94,425,426,427,471,472,477,479,480,481,489,:
66:60,62,63,64,65,87,88,93,94,425,426,427,471,472,477,479,480,481,489,:
67:53,54,55,56,57,58,59,61,68,69,70,71,72,73,74,80,:
68:53,54,55,56,57,58,59,67,69,70,72,73,:
69:55,56,57,67,68,70,71,72,73,74,75,76,80,:
70:56,57,67,68,69,71,72,73,79,80,:
71:56,57,67,69,70,72,79,80,81,82,84,:
72:56,67,68,69,70,71,73,74,75,76,78,:
73:67,68,69,70,72,74,75,76,77,78,:
74:67,69,72,73,75,76,77,78,:
75:69,72,73,74,76,77,78,91,:
76:61,69,72,73,74,75,77,78,90,91,:
77:73,74,75,76,78,86,87,89,90,91,92,:
78:61,63,72,73,74,75,76,77,:
79:57,70,71,80,81,82,83,84,85,:
80:56,57,67,69,70,71,79,81,82,84,85,:
81:71,79,80,82,83,84,85,86,424,:
82:71,79,80,81,83,84,85,:
83:79,81,82,84,:
84:71,79,80,81,82,83,85,86,87,424,:
85:57,63,79,80,81,82,84,86,87,88,89,91,424,427,:
86:63,77,81,84,85,87,88,89,90,91,92,93,94,:
87:63,64,65,66,77,84,85,86,88,89,90,91,92,93,94,95,427,:
88:62,63,64,65,66,85,86,87,89,90,91,93,94,95,424,425,427,:
89:63,65,77,85,86,87,88,90,91,92,93,94,95,487,:
90:76,77,86,87,88,89,91,92,93,94,95,:
91:75,76,77,85,86,87,88,89,90,92,93,95,:
92:9,77,86,87,89,90,91,93,94,95,487,:
93:63,64,65,66,86,87,88,89,90,91,92,94,95,481,484,485,486,487,488,:
94:63,64,65,66,86,87,88,89,90,92,93,95,479,480,481,484,485,486,487,488,:
95:9,87,88,89,90,91,92,93,94,481,484,485,486,487,488,:
96:97,98,99,100,101,102,113,114,:
97:96,98,99,101,113,114,:
98:96,97,99,100,101,102,103,113,114,115,:
99:96,97,98,100,101,102,113,114,115,116,118,119,121,:
100:96,98,99,101,102,113,114,115,116,118,119,120,:
101:96,97,98,99,100,102,103,104,105,106,113,114,121,:
102:96,98,99,100,101,103,104,105,106,107,108,113,121,123,124,:
103:98,101,102,104,105,106,107,108,109,110,111,123,124,255,343,345,346,:
104:101,102,103,105,106,107,108,109,110,111,112,172,173,255,343,346,:
105:101,102,103,104,106,107,108,110,111,112,169,170,171,172,173,255,343,:
106:101,102,103,104,105,107,108,109,110,111,112,173,254,255,:
107:102,103,104,105,106,108,109,110,111,112,246,253,254,255,:
108:102,103,104,105,106,107,109,110,112,246,253,254,255,346,:
109:103,104,106,107,108,110,111,112,245,246,254,255,:
110:103,104,105,106,107,108,109,111,112,172,173,254,255,:
111:103,104,105,106,107,109,110,112,171,172,173,:
112:104,105,106,107,108,109,110,111,173,:
113:96,97,98,99,100,101,102,114,115,116,117,118,119,120,121,127,128,:
114:96,97,98,99,100,101,113,115,116,117,118,119,121,127,:
115:98,99,100,113,114,116,117,118,119,120,121,127,128,129,145,154,:
116:99,100,113,114,115,117,118,119,127,128,129,130,131,132,144,145,153,154,:
117:113,114,115,116,118,127,128,129,130,131,144,145,153,154,155,156,157,:
118:36,37,99,100,113,114,115,116,117,119,120,121,122,123,127,128,145,154,:
119:6,37,99,100,113,114,115,116,118,120,121,122,123,124,:
120:6,36,37,100,113,115,118,119,121,122,123,124,125,126,:
121:37,99,101,102,113,114,115,118,119,120,122,123,124,125,349,352,:
122:25,37,118,119,120,121,123,124,125,126,:
123:37,102,103,118,119,120,121,122,124,125,126,342,343,345,347,349,352,:
124:25,37,102,103,119,120,121,122,123,125,126,345,:
125:15,25,27,120,121,122,123,124,126,258,344,345,346,:
126:15,25,27,120,122,123,124,125,258,259,345,:
127:113,114,115,116,117,118,128,129,130,131,132,133,144,145,154,:
128:113,115,116,117,118,127,129,130,132,144,145,:
129:115,116,117,127,128,130,131,132,133,134,136,144,145,146,154,:
130:116,117,127,128,129,131,132,133,136,144,145,146,147,149,150,151,153,154,:
131:116,117,127,129,130,132,133,144,145,146,147,151,153,154,:
132:116,127,128,129,130,131,133,134,135,136,144,145,151,:
133:127,129,130,131,132,134,135,136,137,139,144,151,:
134:129,132,133,135,136,137,138,139,140,141,142,151,:
135:132,133,134,136,137,138,139,140,141,142,143,150,151,152,:
136:129,130,132,133,134,135,137,138,139,141,142,143,144,145,149,150,151,152,:
137:133,134,135,136,138,139,140,141,142,143,151,152,:
138:134,135,136,137,139,140,141,142,143,:
139:133,134,135,136,137,138,140,141,143,:
140:134,135,137,138,139,141,142,143,:
141:134,135,136,137,138,139,140,142,143,150,151,152,:
142:134,135,136,137,138,140,141,143,150,151,152,:
143:135,136,137,138,139,140,141,142,152,:
144:116,117,127,128,129,130,131,132,133,136,145,146,147,148,149,150,151,153,154,:
145:36,115,116,117,118,127,128,129,130,131,132,136,144,146,147,149,150,151,153,154,:
146:46,129,130,131,144,145,147,148,149,150,151,152,153,154,155,:
147:46,130,131,144,145,146,148,149,150,153,154,155,156,158,160,162,:
148:20,21,45,46,48,51,144,146,147,149,153,154,155,156,158,160,162,452,:
149:35,36,44,45,46,130,136,144,145,146,147,148,150,151,152,153,154,:
150:130,135,136,141,142,144,145,146,147,149,151,152,:
151:130,131,132,133,134,135,136,137,141,142,144,145,146,149,150,152,:
152:35,135,136,137,141,142,143,146,149,150,151,:
153:116,117,130,131,144,145,146,147,148,149,154,155,156,157,158,159,160,161,162,:
154:115,116,117,118,127,129,130,131,144,145,146,147,148,149,153,155,156,157,158,160,161,:
155:117,146,147,148,153,154,156,157,158,159,160,161,162,163,:
156:117,147,148,153,154,155,157,158,159,160,161,162,163,164,165,166,167,168,:
157:117,153,154,155,156,158,159,161,162,163,166,167,168,:
158:147,148,153,154,155,156,157,159,160,161,162,:
159:153,155,156,157,158,160,161,162,351,365,442,443,:
160:5,6,46,51,147,148,153,154,155,156,158,159,366,:
161:153,154,155,156,157,158,159,162,163,164,165,166,167,168,452,:
162:147,148,153,155,156,157,158,159,161,163,164,165,166,167,168,451,452,453,:
163:155,156,157,161,162,164,165,166,167,168,:
164:156,161,162,163,165,166,167,:
165:156,161,162,163,164,166,446,451,452,453,:
166:156,157,161,162,163,164,165,167,168,:
167:156,157,161,162,163,164,166,168,:
168:156,157,161,162,163,166,167,:
169:105,170,171,172,173,336,342,343,:
170:105,169,171,172,173,335,336,339,341,342,343,347,:
171:105,111,169,170,172,173,328,336,343,:
172:104,105,110,111,169,170,171,173,:
173:104,105,106,110,111,112,169,170,171,172,:
174:175,176,177,178,179,180,182,183,184,191,193,325,:
175:174,176,177,179,180,183,184,191,192,193,322,324,325,332,334,:
176:174,175,177,178,179,180,181,182,183,184,185,193,325,:
177:174,175,176,178,179,180,183,184,185,186,187,188,193,:
178:174,176,177,179,183,184,185,186,188,268,269,379,382,383,384,385,:
179:174,175,176,177,178,180,181,182,183,184,325,:
180:174,175,176,177,179,181,182,:
181:176,179,180,182,375,376,389,391,:
182:174,176,179,180,181,276,278,:
183:174,175,176,177,178,179,184,185,186,187,188,189,191,192,193,194,195,:
184:174,175,176,177,178,179,183,185,186,187,188,189,190,191,192,193,325,:
185:176,177,178,183,184,186,187,188,189,190,191,193,194,195,196,220,383,385,:
186:177,178,183,184,185,187,188,189,190,191,193,194,195,196,197,198,199,220,:
187:177,183,184,185,186,188,189,190,191,192,193,194,195,196,197,:
188:177,178,183,184,185,186,187,189,190,191,192,193,194,195,198,218,220,382,383,385,386,387,388,:
189:183,184,185,186,187,188,190,191,192,193,194,195,198,334,335,336,:
190:184,185,186,187,188,189,191,192,193,194,197,198,:
191:174,175,183,184,185,186,187,188,189,190,192,193,325,328,330,334,335,336,:
192:175,183,184,187,188,189,190,191,193,325,327,328,330,331,334,335,336,:
193:174,175,176,177,183,184,185,186,187,188,189,190,191,192,324,325,328,330,332,334,335,336,337,:
194:183,185,186,187,188,189,190,195,196,197,198,199,200,217,218,220,:
195:183,185,186,187,188,189,194,196,197,198,199,200,203,217,218,219,220,385,:
196:185,186,187,194,195,197,198,199,200,201,220,:
197:186,187,190,194,195,196,198,199,200,:
198:186,188,189,190,194,195,196,197,199,217,218,220,256,:
199:186,194,195,196,197,198,200,201,202,203,204,217,:
200:194,195,196,197,199,201,202,203,204,206,:
201:196,199,200,202,203,204,205,206,207,208,209,:
202:199,200,201,203,204,205,206,207,208,209,210,:
203:195,199,200,201,202,204,205,206,208,209,210,220,:
204:199,200,201,202,203,205,206,207,208,209,210,:
205:201,202,203,204,206,207,208,209,210,:
206:200,201,202,203,204,205,207,208,210,:
207:201,202,204,205,206,208,209,210,:
208:201,202,203,204,205,206,207,209,210,222,:
209:201,202,203,204,205,207,208,210,217,:
210:202,203,204,205,206,207,208,209,222,:
211:212,213,214,215,216,217,221,222,235,238,:
212:211,213,214,215,216,217,221,234,235,237,238,252,257,:
213:211,212,214,215,216,217,218,221,222,223,235,238,:
214:211,212,213,215,216,217,221,222,223,224,225,226,227,234,235,238,:
215:211,212,213,214,216,221,222,223,224,225,226,234,235,236,237,238,239,240,241,:
216:211,212,213,214,215,217,218,219,220,221,222,257,260,261,263,:
217:194,195,198,199,209,211,212,213,214,216,218,219,220,257,261,385,:
218:188,194,195,198,213,216,217,219,220,261,383,385,386,388,:
219:195,216,217,218,220,257,260,261,262,263,288,292,382,383,385,386,387,388,:
220:185,186,188,194,195,196,198,203,216,217,218,219,382,383,384,385,386,388,:
221:211,212,213,214,215,216,222,223,224,225,226,227,235,:
222:208,210,211,213,214,215,216,221,223,224,226,227,:
223:213,214,215,221,222,224,225,226,227,228,235,:
224:214,215,221,222,223,225,226,227,234,235,:
225:214,215,221,223,224,226,234,235,:
226:214,215,221,222,223,224,225,227,228,229,:
227:214,221,222,223,224,226,228,229,230,231,232,233,294,:
228:223,226,227,229,230,231,232,233,293,294,295,:
229:226,227,228,230,231,232,233,293,294,295,:
230:227,228,229,231,232,233,293,294,295,:
231:227,228,229,230,232,233,294,:
232:227,228,229,230,231,233,288,291,293,294,295,:
233:227,228,229,230,231,232,294,:
234:212,214,215,224,225,235,236,237,238,239,240,241,242,243,:
235:211,212,213,214,215,221,223,224,225,234,236,237,238,239,240,241,:
236:215,234,235,237,238,239,240,241,242,243,244,:
237:212,215,234,235,236,238,239,240,241,242,243,244,245,247,248,251,252,:
238:211,212,213,214,215,234,235,236,237,239,240,242,243,244,245,251,252,257,:
239:215,234,235,236,237,238,240,241,242,243,:
240:215,234,235,236,237,238,239,241,242,243,258,259,:
241:215,234,235,236,237,239,240,258,259,:
242:234,236,237,238,239,240,243,244,245,246,247,248,250,251,252,:
243:234,236,237,238,239,240,242,244,245,246,247,248,:
244:236,237,238,242,243,245,246,247,248,249,250,251,252,253,:
245:109,237,238,242,243,244,246,247,248,251,252,253,254,256,:
246:107,108,109,242,243,244,245,247,251,252,253,254,:
247:237,242,243,244,245,246,248,249,250,251,252,:
248:237,242,243,244,245,247,249,250,:
249:244,247,248,250,:
250:242,244,247,248,249,:
251:237,238,242,244,245,246,247,252,253,254,255,256,257,258,:
252:212,237,238,242,244,245,246,247,251,253,254,256,257,:
253:107,108,244,245,246,251,252,254,255,256,257,258,345,346,:
254:106,107,108,109,110,245,246,251,252,253,255,256,257,345,346,:
255:103,104,105,106,107,108,109,110,251,253,254,256,341,344,345,346,:
256:198,245,251,252,253,254,255,257,258,259,261,344,345,346,:
257:212,216,217,219,238,251,252,253,254,256,258,259,260,261,262,263,346,:
258:27,125,126,240,241,251,253,256,257,259,260,261,262,263,345,346,:
259:15,27,126,240,241,256,257,258,260,261,262,263,:
260:15,26,27,216,219,257,258,259,261,262,263,292,293,295,388,:
261:26,27,216,217,218,219,256,257,258,259,260,262,263,292,293,294,388,:
262:14,15,26,27,219,257,258,259,260,261,263,292,386,387,388,:
263:15,26,27,216,219,257,258,259,260,261,262,292,293,294,295,:
264:265,266,267,268,269,270,280,286,:
265:264,266,267,268,269,280,:
266:264,265,267,268,269,270,271,272,280,281,286,:
267:264,265,266,268,269,270,271,280,281,282,283,284,285,286,287,383,384,:
268:178,264,265,266,267,269,270,271,280,281,282,283,286,287,288,379,382,383,384,385,:
269:178,264,265,266,267,268,270,271,272,273,275,276,280,384,:
270:264,266,267,268,269,271,272,273,274,275,276,277,278,280,378,379,:
271:266,267,268,269,270,272,273,274,275,276,277,280,283,286,312,316,378,379,:
272:266,269,270,271,273,274,275,276,277,278,279,378,:
273:269,270,271,272,274,275,276,277,279,311,312,313,315,316,378,379,509,:
274:270,271,272,273,275,277,283,311,312,313,315,316,378,507,509,:
275:269,270,271,272,273,274,276,277,278,279,377,378,:
276:182,269,270,271,272,273,275,277,278,279,:
277:270,271,272,273,274,275,276,278,279,407,410,:
278:182,270,272,275,276,277,279,:
279:272,273,275,276,277,278,376,407,410,:
280:264,265,266,267,268,269,270,271,281,282,283,284,285,286,287,288,384,:
281:266,267,268,280,282,283,284,285,286,287,288,289,384,:
282:267,268,280,281,283,284,285,286,287,288,289,290,291,292,296,308,309,383,384,:
283:267,268,271,274,280,281,282,284,285,286,287,288,289,290,291,296,297,299,308,309,310,311,312,379,384,:
284:267,280,281,282,283,285,286,287,288,:
285:267,280,281,282,283,284,286,:
286:264,266,267,268,271,280,281,282,283,284,285,317,:
287:267,268,280,281,282,283,284,288,289,290,291,292,293,294,295,296,297,309,382,383,384,385,:
288:219,232,268,280,281,282,283,284,287,289,290,291,292,293,294,295,383,384,385,:
289:41,281,282,283,287,288,290,291,292,293,294,295,296,297,298,309,380,382,383,384,385,:
290:30,41,282,283,287,288,289,291,292,293,294,295,296,297,298,299,301,302,304,308,309,:
291:232,282,283,287,288,289,290,292,293,294,295,296,297,298,299,300,301,302,304,308,309,310,:
292:26,41,219,260,261,262,263,282,287,288,289,290,291,293,294,295,296,297,382,386,388,:
293:228,229,230,232,260,261,263,287,288,289,290,291,292,294,295,:
294:227,228,229,230,231,232,233,261,263,287,288,289,290,291,292,293,295,:
295:228,229,230,232,260,263,287,288,289,290,291,292,293,294,304,:
296:16,17,30,40,41,282,283,287,289,290,291,292,297,298,299,300,301,302,304,308,309,508,509,:
297:16,17,29,30,40,41,283,287,289,290,291,292,296,298,299,301,302,304,308,309,507,508,509,:
298:30,41,289,290,291,296,297,299,300,301,302,303,304,308,309,310,507,508,509,:
299:283,290,291,296,297,298,300,301,302,308,309,310,311,312,507,509,:
300:291,296,298,299,301,308,309,310,311,496,497,:
301:290,291,296,297,298,299,300,302,303,304,305,306,308,309,:
302:16,40,41,290,291,296,297,298,299,301,303,304,305,306,307,:
303:16,40,41,298,301,302,304,305,306,307,483,488,:
304:16,40,41,290,291,295,296,297,298,301,302,303,305,306,307,:
305:16,39,40,41,301,302,303,304,306,307,483,486,488,:
306:13,14,15,16,27,40,41,301,302,303,304,305,307,:
307:11,12,13,14,16,25,40,41,302,303,304,305,306,:
308:282,283,290,291,296,297,298,299,300,301,309,310,311,312,313,314,507,508,509,:
309:30,282,283,287,289,290,291,296,297,298,299,300,301,308,310,311,312,507,508,509,:
310:283,291,298,299,300,308,309,311,312,313,314,315,509,:
311:273,274,283,299,300,308,309,310,312,313,314,315,316,317,318,319,507,509,:
312:271,273,274,283,299,308,309,310,311,313,314,315,316,318,319,504,505,507,508,509,:
313:273,274,308,310,311,312,314,315,316,317,318,319,320,:
314:308,310,311,312,313,315,316,317,318,319,320,:
315:273,274,310,311,312,313,314,316,317,318,319,320,:
316:271,273,274,311,312,313,314,315,317,318,319,320,:
317:286,311,313,314,315,316,318,320,:
318:311,312,313,314,315,316,317,319,320,:
319:311,312,313,314,315,316,318,320,498,500,:
320:313,314,315,316,317,318,319,:
321:322,323,324,325,326,327,329,332,333,395,:
322:175,321,323,324,325,326,327,329,332,:
323:321,322,324,325,326,327,328,329,332,333,334,395,396,:
324:175,193,321,322,323,325,326,327,328,329,332,333,334,335,336,337,395,396,:
325:174,175,176,179,184,191,192,193,321,322,323,324,326,327,328,329,330,332,333,334,335,337,395,396,:
326:321,322,323,324,325,327,328,329,330,331,332,333,336,:
327:192,321,322,323,324,325,326,328,329,330,331,332,336,:
328:171,191,192,193,323,324,325,326,327,329,330,331,332,334,335,336,:
329:321,322,323,324,325,326,327,328,330,331,:
330:191,192,193,325,326,327,328,329,331,336,:
331:192,326,327,328,329,330,:
332:175,193,321,322,323,324,325,326,327,328,333,334,335,336,337,338,339,340,354,395,396,:
333:321,323,324,325,326,332,334,335,336,337,338,339,340,353,354,355,395,396,:
334:175,189,191,192,193,323,324,325,328,332,333,335,336,337,338,339,340,341,354,396,:
335:170,189,191,192,193,324,325,328,332,333,334,336,337,338,339,340,341,342,343,344,347,348,354,:
336:169,170,171,189,191,192,193,324,326,327,328,330,332,333,334,335,337,339,340,341,342,343,:
337:193,324,325,332,333,334,335,336,338,339,340,354,380,381,387,390,395,396,:
338:29,332,333,334,335,337,339,340,348,353,354,355,358,359,368,372,373,381,389,390,394,395,396,:
339:170,332,333,334,335,336,337,338,340,341,342,343,344,345,346,347,348,354,387,:
340:26,332,333,334,335,336,337,338,339,341,342,344,347,348,354,381,386,387,388,:
341:170,255,334,335,336,339,340,342,343,344,345,346,347,348,349,354,:
342:123,169,170,335,336,339,340,341,343,344,345,346,347,348,349,350,352,353,354,:
343:103,104,105,123,169,170,171,335,336,339,341,342,344,345,346,347,348,349,350,353,354,:
344:15,26,125,255,256,335,339,340,341,342,343,345,346,347,348,387,:
345:26,103,123,124,125,126,253,254,255,256,258,339,341,342,343,344,346,347,348,:
346:103,104,108,125,253,254,255,256,257,258,339,341,342,343,344,345,:
347:123,170,335,339,340,341,342,343,344,345,348,349,350,351,352,353,354,:
348:13,26,28,335,338,339,340,341,342,343,344,345,347,349,350,352,353,354,359,:
349:121,123,341,342,343,347,348,350,351,352,353,354,355,359,:
350:342,343,347,348,349,351,352,353,354,355,356,358,359,443,:
351:159,347,349,350,352,353,354,355,356,357,358,359,365,437,442,443,444,:
352:11,12,13,121,123,342,347,348,349,350,351,353,354,359,:
353:333,338,342,343,347,348,349,350,351,352,354,355,356,357,358,359,443,:
354:332,333,334,335,337,338,339,340,341,342,343,347,348,349,350,351,352,353,355,356,358,359,368,396,:
355:333,338,349,350,351,353,354,356,357,358,359,360,395,396,437,443,:
356:350,351,353,354,355,357,358,359,360,361,363,365,368,394,395,396,436,437,443,:
357:351,353,355,356,358,359,360,363,365,394,435,436,437,438,443,:
358:338,350,351,353,354,355,356,357,359,360,361,362,363,364,365,367,368,437,:
359:338,348,349,350,351,352,353,354,355,356,357,358,360,361,362,363,364,365,367,368,369,390,:
360:355,356,357,358,359,361,362,363,364,365,366,367,368,369,398,437,467,469,:
361:356,358,359,360,362,363,364,365,367,368,369,370,371,372,390,397,398,468,469,:
362:358,359,360,361,363,364,367,368,369,370,371,397,398,399,403,458,461,462,467,468,469,470,:
363:356,357,358,359,360,361,362,364,365,366,367,368,437,449,457,458,:
364:31,358,359,360,361,362,363,365,366,367,368,458,:
365:159,351,356,357,358,359,360,361,363,364,366,436,437,443,449,:
366:22,23,31,50,51,52,160,360,363,364,365,458,:
367:358,359,360,361,362,363,364,368,369,370,371,372,373,390,398,469,:
368:29,31,338,354,356,358,359,360,361,362,363,364,367,369,370,372,373,390,:
369:17,29,359,360,361,362,367,368,370,371,372,373,374,390,398,469,477,478,482,506,508,:
370:29,361,362,367,368,369,371,372,373,374,375,376,377,389,390,397,398,403,409,469,478,506,508,:
371:361,362,367,369,370,372,373,374,375,376,389,390,397,398,399,400,402,403,404,407,408,409,468,469,470,478,506,:
372:17,29,30,338,361,367,368,369,370,371,373,374,375,376,377,378,381,389,390,398,403,409,508,:
373:17,29,30,338,367,368,369,370,371,372,374,375,377,378,379,380,381,389,390,508,:
374:369,370,371,372,373,375,376,377,378,379,389,390,391,398,403,409,:
375:181,370,371,372,373,374,376,377,378,389,390,391,392,393,394,396,397,398,402,403,409,:
376:181,279,370,371,372,374,375,377,389,390,391,392,393,397,398,402,403,404,405,407,409,:
377:29,275,370,372,373,374,375,376,378,379,380,381,389,390,:
378:17,29,30,270,271,272,273,274,275,372,373,374,375,377,379,380,381,382,384,508,509,:
379:29,178,268,270,271,273,283,373,374,377,378,380,381,382,383,384,385,386,387,:
380:17,29,30,289,337,373,377,378,379,381,382,383,384,385,386,387,388,:
381:17,29,30,337,338,340,372,373,377,378,379,380,382,383,384,386,387,388,:
382:29,178,188,219,220,268,287,289,292,378,379,380,381,383,384,385,386,387,388,:
383:178,185,188,218,219,220,267,268,282,287,288,289,379,380,381,382,384,385,386,387,388,:
384:178,220,267,268,269,280,281,282,283,287,288,289,378,379,380,381,382,383,385,386,388,:
385:178,185,188,195,217,218,219,220,268,287,288,289,379,380,382,383,384,386,387,388,:
386:26,29,188,218,219,220,262,292,340,379,380,381,382,383,384,385,387,388,:
387:17,26,28,29,188,219,262,337,339,340,344,379,380,381,382,383,385,386,388,:
388:26,188,218,219,220,260,261,262,292,340,380,381,382,383,384,385,386,387,:
389:181,338,370,371,372,373,374,375,376,377,390,391,392,393,394,395,396,397,398,403,:
390:337,338,359,361,367,368,369,370,371,372,373,374,375,376,377,389,391,392,394,395,396,397,398,:
391:181,374,375,376,389,390,392,393,394,395,396,397,398,399,403,:
392:375,376,389,390,391,393,394,395,397,398,399,400,401,402,403,:
393:375,376,389,391,392,394,397,398,399,400,401,402,403,:
394:338,356,357,375,389,390,391,392,393,395,396,397,398,:
395:321,323,324,325,332,333,337,338,355,356,389,390,391,392,394,396,:
396:323,324,325,332,333,334,337,338,354,355,356,375,389,390,391,394,395,:
397:361,362,370,371,375,376,389,390,391,392,393,394,398,399,400,401,402,403,469,:
398:360,361,362,367,369,370,371,372,374,375,376,389,390,391,392,393,394,397,399,400,402,403,469,:
399:362,371,391,392,393,397,398,400,401,402,403,404,469,:
400:371,392,393,397,398,399,401,402,403,404,405,406,407,409,474,:
401:392,393,397,399,400,402,403,404,405,406,474,:
402:371,375,376,392,393,397,398,399,400,401,403,404,405,406,407,408,409,410,474,:
403:362,370,371,372,374,375,376,389,391,392,393,397,398,399,400,401,402,404,405,407,408,409,469,474,:
404:371,376,399,400,401,402,403,405,406,407,408,409,410,474,476,:
405:376,400,401,402,403,404,406,407,408,410,:
406:400,401,402,404,405,407,410,:
407:277,279,371,376,400,402,403,404,405,406,408,409,410,:
408:371,402,403,404,405,407,409,410,474,503,504,505,506,:
409:370,371,372,374,375,376,400,402,403,404,407,408,410,470,474,503,505,506,:
410:277,279,402,404,405,406,407,408,409,502,:
411:412,413,414,415,416,417,:
412:411,413,414,416,417,:
413:411,412,414,415,416,417,418,429,432,:
414:411,412,413,415,416,417,429,432,:
415:411,413,414,416,428,429,431,432,:
416:411,412,413,414,415,417,418,419,:
417:411,412,413,414,416,418,419,420,421,423,460,464,:
418:413,416,417,419,420,421,422,423,424,425,426,455,460,:
419:416,417,418,420,421,422,423,424,425,426,427,455,457,459,460,462,463,:
420:417,418,419,421,422,423,425,426,427,457,459,460,461,462,463,464,:
421:417,418,419,420,422,423,424,425,426,427,455,456,457,459,460,463,:
422:418,419,420,421,423,424,425,426,427,455,456,:
423:417,418,419,420,421,422,424,425,427,455,:
424:81,84,85,88,418,419,421,422,423,425,426,427,455,:
425:62,65,66,88,418,419,420,421,422,423,424,426,427,456,457,458,459,462,463,471,472,:
426:62,65,66,418,419,420,421,422,424,425,427,457,458,459,461,462,463,468,470,471,472,473,:
427:62,64,65,66,85,87,88,419,420,421,422,423,424,425,426,456,457,458,463,472,:
428:415,429,430,431,432,433,434,445,446,:
429:413,414,415,428,430,431,432,433,445,:
430:428,429,431,432,433,434,435,445,446,447,:
431:415,428,429,430,432,433,434,445,446,447,448,449,450,:
432:413,414,415,428,429,430,431,433,434,445,446,447,448,449,454,455,460,465,466,467,:
433:428,429,430,431,432,434,435,436,440,445,446,:
434:428,430,431,432,433,435,436,437,438,439,440,445,446,449,:
435:357,430,433,434,436,437,438,439,440,441,442,443,:
436:356,357,365,433,434,435,437,438,439,440,441,442,443,444,:
437:351,355,356,357,358,360,363,365,434,435,436,438,439,440,442,443,444,:
438:357,434,435,436,437,439,440,441,442,443,444,:
439:434,435,436,437,438,440,441,442,443,444,:
440:433,434,435,436,437,438,439,441,442,444,:
441:435,436,438,439,440,442,443,444,:
442:159,351,435,436,437,438,439,440,441,443,444,:
443:159,350,351,353,355,356,357,365,435,436,437,438,439,441,442,444,:
444:351,436,437,438,439,440,441,442,443,:
445:428,429,430,431,432,433,434,446,447,448,449,450,451,454,455,:
446:165,428,430,431,432,433,434,445,447,448,449,450,451,:
447:430,431,432,445,446,448,449,450,451,454,455,456,460,:
448:431,432,445,446,447,449,450,451,454,455,456,457,459,460,:
449:363,365,431,432,434,445,446,447,448,450,451,454,455,456,457,459,460,467,:
450:431,445,446,447,448,449,451,452,453,454,455,:
451:48,162,165,445,446,447,448,449,450,452,453,454,:
452:48,148,161,162,165,450,451,453,:
453:162,165,450,451,452,:
454:50,432,445,447,448,449,450,451,455,456,457,458,459,460,:
455:418,419,421,422,423,424,432,445,447,448,449,450,454,456,457,459,460,:
456:22,49,50,421,422,425,427,447,448,449,454,455,457,458,459,460,461,:
457:363,419,420,421,425,426,427,448,449,454,455,456,458,459,460,461,462,463,464,468,469,472,:
458:362,363,364,366,425,426,427,454,456,457,459,460,461,462,463,468,469,470,471,472,:
459:419,420,421,425,426,448,449,454,455,456,457,458,460,461,462,463,464,465,467,468,469,:
460:417,418,419,420,421,432,447,448,449,454,455,456,457,458,459,461,462,463,464,465,467,:
461:362,420,426,456,457,458,459,460,462,463,464,465,466,467,468,469,470,:
462:362,419,420,425,426,457,458,459,460,461,463,464,465,468,469,470,471,472,473,474,:
463:419,420,421,425,426,427,457,458,459,460,461,462,464,468,469,470,471,472,473,474,:
464:417,420,457,459,460,461,462,463,465,466,467,468,469,:
465:432,459,460,461,462,464,466,467,:
466:432,461,464,465,467,:
467:360,362,432,449,459,460,461,464,465,466,:
468:361,362,371,426,457,458,459,461,462,463,464,469,470,471,472,473,474,475,477,478,:
469:360,361,362,367,369,370,371,397,398,399,403,457,458,459,461,462,463,464,468,470,471,472,473,474,477,478,:
470:362,371,409,426,458,461,462,463,468,469,471,472,473,474,475,476,477,478,479,506,:
471:65,66,425,426,458,462,463,468,469,470,472,473,474,475,477,478,479,480,482,489,490,506,:
472:62,64,65,66,425,426,427,457,458,462,463,468,469,470,471,473,475,477,478,479,480,490,:
473:426,462,463,468,469,470,471,472,474,475,476,477,478,:
474:400,401,402,403,404,408,409,462,463,468,469,470,471,473,475,476,:
475:468,470,471,472,473,474,476,477,478,490,493,503,:
476:404,470,473,474,475,:
477:65,66,369,468,469,470,471,472,473,475,478,479,480,481,482,483,489,490,506,:
478:369,370,371,468,469,470,471,472,473,475,477,479,480,482,489,490,503,505,506,508,:
479:65,66,94,470,471,472,477,478,480,481,482,483,484,485,489,490,491,506,:
480:64,65,66,94,471,472,477,478,479,481,482,483,484,485,489,490,491,492,493,494,497,:
481:63,64,65,66,93,94,95,477,479,480,482,483,484,485,486,487,488,489,490,491,494,497,:
482:31,40,369,471,477,478,479,480,481,483,484,485,486,488,489,490,506,:
483:31,40,303,305,477,479,480,481,482,484,485,486,487,488,489,:
484:31,39,52,93,94,95,479,480,481,482,483,485,486,487,488,:
485:23,31,39,42,49,52,93,94,95,479,480,481,482,483,484,486,487,488,:
486:2,7,9,34,39,42,93,94,95,305,481,482,483,484,485,487,488,:
487:1,2,7,9,18,24,34,38,39,42,52,89,92,93,94,95,481,483,484,485,486,488,:
488:1,2,7,9,34,39,93,94,95,303,305,481,482,483,484,485,486,487,:
489:64,65,66,471,477,478,479,480,481,482,483,490,491,492,493,494,495,496,497,506,:
490:471,472,475,477,478,479,480,481,482,489,491,492,493,494,495,496,497,499,503,504,505,506,:
491:479,480,481,489,490,492,493,494,495,496,497,499,:
492:480,489,490,491,493,494,495,496,497,498,499,:
493:60,62,475,480,489,490,491,492,494,495,498,499,500,501,503,:
494:480,481,489,490,491,492,493,495,496,497,499,:
495:489,490,491,492,493,494,496,497,498,499,500,503,504,505,:
496:300,489,490,491,492,494,495,497,498,499,504,:
497:300,480,481,489,490,491,492,494,495,496,:
498:319,492,493,495,496,499,500,501,502,503,504,:
499:490,491,492,493,494,495,496,498,500,501,503,504,:
500:319,493,495,498,499,501,502,503,504,505,:
501:493,498,499,500,502,503,504,:
502:410,498,500,501,503,:
503:408,409,475,478,490,493,495,498,499,500,501,502,504,505,506,507,:
504:312,408,490,495,496,498,499,500,501,503,505,506,507,508,509,:
505:30,312,408,409,478,490,495,500,503,504,506,507,508,509,:
506:369,370,371,408,409,470,471,477,478,479,482,489,490,503,504,505,507,508,509,:
507:30,274,297,298,299,308,309,311,312,503,504,505,506,508,509,:
508:17,29,30,296,297,298,308,309,312,369,370,372,373,378,478,504,505,506,507,509,:
509:30,273,274,296,297,298,299,308,309,310,311,312,378,504,505,506,507,508,:
