1:2,3,4,33,34,35,36,37,38,39,40,41,128,129,130,131,395,396,397,398,559,561,582,583,584,:
2:1,3,4,5,33,34,35,36,37,38,39,40,41,131,397,553,558,559,561,584,612,613,614,:
3:1,2,4,5,6,33,34,35,36,37,38,39,40,41,42,43,540,616,622,623,:
4:1,2,3,5,6,7,8,33,34,35,36,37,38,39,40,41,42,43,44,45,46,47,129,130,561,563,:
5:2,3,4,6,7,8,9,10,38,39,40,41,42,43,44,45,46,47,48,540,546,627,:
6:3,4,5,7,8,9,10,11,40,41,42,43,44,45,46,47,48,546,:
7:4,5,6,8,9,10,40,41,42,43,44,45,46,47,112,113,130,:
8:4,5,6,7,9,10,11,12,13,14,15,42,43,44,45,46,47,48,49,50,199,201,544,546,:
9:5,6,7,8,10,11,12,14,15,42,43,44,45,46,47,48,49,112,198,199,200,201,202,204,:
10:5,6,7,8,9,11,12,13,14,15,42,43,44,45,47,48,49,50,201,541,542,544,545,546,:
11:6,8,9,10,12,13,14,15,16,18,48,49,50,52,57,199,201,202,204,544,546,:
12:8,9,10,11,13,14,15,48,50,52,57,198,199,201,202,203,204,546,:
13:8,10,11,12,14,15,16,18,19,48,49,50,52,204,520,541,542,544,546,:
14:8,9,10,11,12,13,15,16,17,18,19,22,24,48,49,50,51,52,57,199,201,202,204,349,:
15:8,9,10,11,12,13,14,16,17,18,19,20,22,48,49,50,51,52,53,57,201,348,349,626,627,:
16:11,13,14,15,17,18,19,20,21,22,23,24,49,50,51,52,53,54,55,56,57,348,626,637,638,:
17:14,15,16,18,19,20,21,22,23,24,27,49,50,51,52,53,54,55,56,57,330,348,349,:
18:11,13,14,15,16,17,19,20,21,22,23,24,49,50,51,52,53,54,55,56,57,520,:
19:13,14,15,16,17,18,20,21,22,50,51,52,53,54,55,515,517,518,520,524,525,530,532,533,:
20:15,16,17,18,19,21,22,23,24,27,28,51,52,53,54,55,56,57,515,638,669,670,671,672,:
21:16,17,18,19,20,22,23,51,52,53,54,55,56,515,524,525,637,638,639,666,670,671,:
22:14,15,16,17,18,19,20,21,23,24,25,26,27,28,51,52,53,54,55,56,57,330,639,:
23:16,17,18,20,21,22,24,25,26,27,28,29,31,52,54,56,57,328,330,331,:
24:14,16,17,18,20,22,23,25,26,27,28,31,52,54,56,57,198,202,203,204,330,331,:
25:22,23,24,26,27,28,29,30,31,32,57,60,195,202,203,224,329,331,:
26:22,23,24,25,27,28,29,30,31,32,56,57,58,59,60,327,329,330,331,:
27:17,20,22,23,24,25,26,28,29,30,31,32,54,56,57,58,60,326,327,328,329,330,331,:
28:20,22,23,24,25,26,27,29,30,31,54,56,58,325,326,328,330,667,668,:
29:23,25,26,27,28,30,31,32,58,59,271,293,325,326,327,328,668,674,693,:
30:25,26,27,28,29,31,32,58,59,60,271,283,284,292,293,296,325,326,327,674,:
31:23,24,25,26,27,28,29,30,32,58,59,60,224,289,292,293,296,326,327,329,:
32:25,26,27,29,30,31,59,60,223,224,286,287,289,292,293,296,327,329,:
33:1,2,3,4,34,35,36,37,38,40,41,129,131,163,164,167,395,396,397,559,561,581,582,583,584,:
34:1,2,3,4,33,35,36,37,38,39,40,41,128,129,130,131,367,394,395,396,397,398,582,584,:
35:1,2,3,4,33,34,36,37,38,39,40,41,46,128,129,130,131,167,397,398,559,561,582,583,584,:
36:1,2,3,4,33,34,35,37,38,39,40,41,397,549,552,553,584,609,610,611,612,613,614,615,616,:
37:1,2,3,4,33,34,35,36,38,39,40,41,549,550,552,553,557,558,559,560,561,562,563,584,613,:
38:1,2,3,4,5,33,34,35,36,37,39,40,41,42,43,365,366,367,397,398,540,614,616,617,622,623,624,627,:
39:1,2,3,4,5,34,35,36,37,38,40,41,42,43,539,540,547,549,613,614,616,617,622,623,627,:
40:1,2,3,4,5,6,7,33,34,35,36,37,38,39,41,42,43,44,46,48,130,559,561,562,563,:
41:1,2,3,4,5,6,7,33,34,35,36,37,38,39,40,42,43,44,45,46,47,127,128,129,130,131,367,397,561,:
42:3,4,5,6,7,8,9,10,38,39,40,41,43,44,45,46,47,48,49,113,114,366,367,368,623,624,627,:
43:3,4,5,6,7,8,9,10,38,39,40,41,42,44,46,47,48,49,50,539,540,541,542,544,546,623,627,:
44:4,5,6,7,8,9,10,40,41,42,43,45,46,47,48,415,544,545,546,563,:
45:4,5,6,7,8,9,10,41,42,44,46,47,112,113,130,201,:
46:4,5,6,7,8,9,35,40,41,42,43,44,45,47,113,127,129,130,:
47:4,5,6,7,8,9,10,41,42,43,44,45,46,112,113,114,130,201,368,:
48:5,6,8,9,10,11,12,13,14,15,40,42,43,44,49,50,541,542,544,545,546,:
49:8,9,10,11,13,14,15,16,17,18,42,43,48,50,51,52,201,348,349,624,625,626,627,:
50:8,10,11,12,13,14,15,16,17,18,19,43,48,49,51,52,53,536,537,541,546,625,626,:
51:14,15,16,17,18,19,20,21,22,49,50,52,53,54,55,56,348,525,625,626,628,630,631,637,638,639,:
52:11,12,13,14,15,16,17,18,19,20,21,22,23,24,49,50,51,53,54,55,56,57,520,:
53:15,16,17,18,19,20,21,22,50,51,52,54,55,514,515,520,523,524,525,530,531,532,533,637,638,:
54:16,17,18,19,20,21,22,23,24,27,28,51,52,53,55,56,57,515,666,667,669,670,671,672,673,675,:
55:16,17,18,19,20,21,22,51,52,53,54,56,514,515,521,523,524,525,530,637,638,666,670,671,672,:
56:16,17,18,20,21,22,23,24,26,27,28,51,52,54,55,57,328,330,637,638,639,:
57:11,12,14,15,16,17,18,20,22,23,24,25,26,27,52,54,56,198,199,201,202,203,204,331,:
58:26,27,28,29,30,31,271,293,325,326,668,691,693,:
59:26,29,30,31,32,60,222,223,224,283,284,286,287,289,292,293,294,295,296,:
60:25,26,27,30,31,32,59,195,222,223,224,289,293,296,329,:
61:62,63,64,65,66,67,68,:
62:61,63,64,65,66,67,68,:
63:61,62,64,65,66,67,68,70,145,:
64:61,62,63,65,66,67,68,69,70,:
65:61,62,63,64,66,68,69,70,:
66:61,62,63,64,65,67,68,70,:
67:61,62,63,64,66,68,104,105,143,144,145,:
68:61,62,63,64,65,66,67,70,97,104,105,:
69:64,65,70,71,72,73,74,75,:
70:63,64,65,66,68,69,71,72,73,74,:
71:69,70,72,73,74,75,76,77,79,:
72:69,70,71,73,74,75,77,78,79,90,:
73:69,70,71,72,74,75,77,78,79,89,90,91,93,94,:
74:69,70,71,72,73,75,76,77,79,90,:
75:69,71,72,73,74,76,77,79,90,:
76:71,74,75,77,:
77:71,72,73,74,75,76,78,79,80,83,84,86,89,90,:
78:72,73,77,79,80,81,82,83,84,85,86,89,90,:
79:71,72,73,74,75,77,78,80,81,83,84,85,86,89,90,:
80:77,78,79,81,82,83,84,85,86,89,90,91,:
81:78,79,80,82,83,84,89,90,91,92,93,94,96,:
82:78,80,81,83,89,90,91,92,96,:
83:77,78,79,80,81,82,84,85,86,87,88,89,90,:
84:77,78,79,80,81,83,85,86,87,88,:
85:78,79,80,83,84,86,87,88,:
86:77,78,79,80,83,84,85,87,88,:
87:83,84,85,86,88,:
88:83,84,85,86,87,:
89:73,77,78,79,80,81,82,83,90,91,92,93,94,95,96,:
90:72,73,74,75,77,78,79,80,81,82,83,89,91,92,93,94,95,96,:
91:73,80,81,82,89,90,92,93,94,95,96,97,:
92:81,82,89,90,91,93,94,95,:
93:73,81,89,90,91,92,94,:
94:73,81,89,90,91,92,93,95,96,97,:
95:89,90,91,92,94,96,97,:
96:81,82,89,90,91,94,95,97,203,:
97:68,91,94,95,96,104,:
98:99,100,101,102,103,104,105,106,107,108,177,180,:
99:98,100,101,103,104,105,106,107,108,:
100:98,99,101,102,103,104,105,106,107,108,109,177,180,197,200,:
101:98,99,100,102,103,104,105,106,107,108,109,110,111,112,175,177,196,197,199,200,:
102:98,100,101,103,104,107,108,109,112,173,175,177,196,197,198,199,200,201,:
103:98,99,100,101,102,104,105,106,107,108,180,196,197,200,:
104:67,68,97,98,99,100,101,102,103,105,106,107,108,:
105:67,68,98,99,100,101,103,104,106,107,108,:
106:98,99,100,101,103,104,105,180,:
107:98,99,100,101,102,103,104,105,108,109,110,111,112,113,115,175,200,:
108:98,99,100,101,102,103,104,105,107,109,110,111,112,115,:
109:100,101,102,107,108,110,111,112,113,114,115,116,121,123,174,175,200,:
110:101,107,108,109,111,112,113,114,115,116,117,119,120,121,122,123,175,:
111:101,107,108,109,110,112,113,114,115,116,117,121,122,123,133,:
112:7,9,45,47,101,102,107,108,109,110,111,113,114,115,121,123,200,368,:
113:7,42,45,46,47,107,109,110,111,112,114,115,121,122,123,127,366,367,368,:
114:42,47,109,110,111,112,113,115,116,120,121,122,123,127,366,367,368,:
115:107,108,109,110,111,112,113,114,116,117,118,119,120,121,122,123,368,:
116:109,110,111,114,115,117,118,119,120,121,122,123,124,:
117:110,111,115,116,118,119,120,121,122,123,124,125,126,127,132,133,147,:
118:115,116,117,119,120,122,123,124,125,126,132,133,146,147,148,151,152,:
119:110,115,116,117,118,120,121,122,123,:
120:110,114,115,116,117,118,119,121,122,123,153,366,368,:
121:109,110,111,112,113,114,115,116,117,119,120,122,123,175,366,368,:
122:110,111,113,114,115,116,117,118,119,120,121,123,124,125,126,127,128,132,133,147,366,367,368,398,:
123:109,110,111,112,113,114,115,116,117,118,119,120,121,122,124,125,127,132,133,366,367,368,:
124:116,117,118,122,123,125,126,127,128,129,132,133,134,147,367,397,398,:
125:117,118,122,123,124,126,127,128,132,133,134,135,136,137,140,146,147,156,:
126:117,118,122,124,125,127,128,132,133,134,135,136,146,147,148,149,151,155,156,157,160,161,162,:
127:41,46,113,114,117,122,123,124,125,126,128,129,130,131,132,133,367,397,398,:
128:1,34,35,41,122,124,125,126,127,129,130,131,132,133,162,163,165,397,398,:
129:1,4,33,34,35,41,46,124,127,128,130,131,163,164,165,167,397,398,:
130:1,4,7,34,35,40,41,45,46,47,127,128,129,131,:
131:1,2,33,34,35,41,127,128,129,130,163,164,165,166,167,397,421,422,561,583,:
132:117,118,122,123,124,125,126,127,128,133,134,135,136,137,138,140,147,156,:
133:111,117,118,122,123,124,125,126,127,128,132,134,135,137,138,140,142,:
134:124,125,126,132,133,135,136,137,138,139,140,147,156,:
135:125,126,132,133,134,136,137,138,146,147,155,156,:
136:125,126,132,134,135,137,146,147,155,156,157,158,160,:
137:125,132,133,134,135,136,138,139,140,141,142,:
138:132,133,134,135,137,139,140,141,142,143,:
139:134,137,138,140,141,142,143,144,145,:
140:125,132,133,134,137,138,139,141,142,143,144,:
141:137,138,139,140,142,143,144,145,:
142:133,137,138,139,140,141,143,144,145,:
143:67,138,139,140,141,142,144,145,:
144:67,139,140,141,142,143,145,:
145:63,67,139,141,142,143,144,:
146:118,125,126,135,136,147,148,149,150,151,152,155,156,:
147:117,118,122,124,125,126,132,134,135,136,146,148,149,151,152,155,156,:
148:118,126,146,147,149,150,151,152,155,156,157,:
149:126,146,147,148,150,151,152,155,156,157,158,159,160,:
150:146,148,149,151,155,156,157,158,159,:
151:118,126,146,147,148,149,150,152,153,154,155,156,394,:
152:118,146,147,148,149,151,153,154,:
153:120,151,152,154,363,394,:
154:151,152,153,363,:
155:126,135,136,146,147,148,149,150,151,156,157,158,159,160,161,:
156:125,126,132,134,135,136,146,147,148,149,150,151,155,157,158,160,161,:
157:126,136,148,149,150,155,156,158,159,160,161,162,:
158:136,149,150,155,156,157,159,160,161,:
159:149,150,155,157,158,160,:
160:126,136,149,155,156,157,158,159,161,162,163,:
161:126,155,156,157,158,160,162,163,164,:
162:126,128,157,160,161,163,164,165,166,167,:
163:33,128,129,131,160,161,162,164,165,166,167,582,583,:
164:33,129,131,161,162,163,165,166,167,420,421,422,423,582,583,:
165:128,129,131,162,163,164,166,167,421,422,423,583,:
166:131,162,163,164,165,167,420,421,423,583,586,589,:
167:33,35,129,131,162,163,164,165,166,420,421,580,581,582,583,584,586,:
168:169,170,171,172,173,174,175,176,177,321,323,324,:
169:168,170,171,172,173,174,175,320,321,322,323,324,332,334,342,:
170:168,169,171,172,173,174,175,176,177,178,183,321,324,:
171:168,169,170,172,173,174,175,176,177,178,179,181,182,183,321,:
172:168,169,170,171,173,176,177,178,179,181,182,183,184,306,312,313,315,320,321,324,327,:
173:102,168,169,170,171,172,174,175,176,177,324,331,:
174:109,168,169,170,171,173,175,346,:
175:101,102,107,109,110,121,168,169,170,171,173,174,177,:
176:168,170,171,172,173,177,178,179,180,181,182,183,184,188,189,:
177:98,100,101,102,168,170,171,172,173,175,176,178,179,180,181,182,183,:
178:170,171,172,176,177,179,180,181,182,183,184,188,189,190,306,:
179:171,172,176,177,178,180,181,182,188,189,190,191,193,194,306,:
180:98,100,103,106,176,177,178,179,181,188,189,190,193,194,:
181:171,172,176,177,178,179,180,182,183,184,185,186,188,189,306,:
182:171,172,176,177,178,179,181,183,184,185,186,187,:
183:170,171,172,176,177,178,181,182,184,185,186,187,:
184:172,176,178,181,182,183,185,186,187,315,:
185:181,182,183,184,186,187,:
186:181,182,183,184,185,187,315,:
187:182,183,184,185,186,:
188:176,178,179,180,181,189,190,191,192,193,194,205,206,305,306,:
189:176,178,179,180,181,188,190,191,192,193,194,205,304,305,306,310,:
190:178,179,180,188,189,191,192,193,194,195,205,206,207,306,:
191:179,188,189,190,192,193,194,205,206,207,208,210,216,217,306,:
192:188,189,190,191,193,205,206,207,208,216,217,218,222,304,305,306,307,:
193:179,180,188,189,190,191,192,194,195,196,197,205,206,223,224,225,:
194:179,180,188,189,190,191,193,195,196,197,198,203,:
195:25,60,190,193,194,196,197,198,199,200,202,203,204,224,329,:
196:101,102,103,193,194,195,197,198,199,200,201,202,203,204,329,331,:
197:100,101,102,103,193,194,195,196,198,199,200,201,202,203,329,331,:
198:9,12,24,57,102,194,195,196,197,199,200,201,202,203,204,331,:
199:8,9,11,12,14,57,101,102,195,196,197,198,200,201,202,203,204,349,:
200:9,100,101,102,103,107,109,112,195,196,197,198,199,201,202,204,349,:
201:8,9,10,11,12,14,15,45,47,49,57,102,196,197,198,199,200,202,203,204,349,:
202:9,11,12,14,24,25,57,195,196,197,198,199,200,201,203,204,:
203:12,24,25,57,96,194,195,196,197,198,199,201,202,204,:
204:9,11,12,13,14,24,57,195,196,198,199,200,201,202,203,:
205:188,189,190,191,192,193,206,207,208,209,210,211,216,217,:
206:188,190,191,192,193,205,207,208,209,210,216,217,:
207:190,191,192,205,206,208,209,210,211,212,213,216,217,218,:
208:191,192,205,206,207,209,210,211,212,216,217,218,219,221,222,:
209:205,206,207,208,210,211,212,216,217,218,221,:
210:191,205,206,207,208,209,211,212,213,214,215,216,217,:
211:205,207,208,209,210,212,213,214,215,:
212:207,208,209,210,211,213,214,215,216,217,:
213:207,210,211,212,214,215,:
214:210,211,212,213,215,:
215:210,211,212,213,214,:
216:191,192,205,206,207,208,209,210,212,217,218,219,220,221,222,226,227,:
217:191,192,205,206,207,208,209,210,212,216,218,219,220,221,222,226,304,307,:
218:192,207,208,209,216,217,219,220,221,222,223,226,227,228,:
219:208,216,217,218,220,221,222,226,227,228,229,230,231,236,:
220:216,217,218,219,221,222,226,227,228,229,230,236,237,307,:
221:208,209,216,217,218,219,220,222,223,224,225,226,227,:
222:59,60,192,208,216,217,218,219,220,221,223,224,225,:
223:32,59,60,193,218,221,222,224,225,:
224:25,31,32,59,60,193,195,221,222,223,225,289,:
225:193,221,222,223,224,:
226:216,217,218,219,220,221,227,228,229,230,231,232,236,237,:
227:216,218,219,220,221,226,228,229,230,231,232,:
228:218,219,220,226,227,229,230,231,232,233,236,237,238,:
229:219,220,226,227,228,230,231,232,236,237,238,239,240,241,245,:
230:219,220,226,227,228,229,231,236,237,238,239,240,245,246,286,:
231:219,226,227,228,229,230,232,233,234,235,236,237,:
232:226,227,228,229,231,233,234,235,236,237,240,:
233:228,231,232,234,235,:
234:231,232,233,235,:
235:231,232,233,234,:
236:219,220,226,228,229,230,231,232,237,238,239,240,241,242,245,246,:
237:220,226,228,229,230,231,232,236,238,239,240,241,:
238:228,229,230,236,237,239,240,241,242,245,246,247,285,:
239:229,230,236,237,238,240,241,242,245,246,247,248,249,285,:
240:229,230,232,236,237,238,239,241,242,245,246,247,:
241:229,236,237,238,239,240,242,243,244,245,246,:
242:236,238,239,240,241,243,244,245,246,285,299,:
243:241,242,244,:
244:241,242,243,:
245:229,230,236,238,239,240,241,242,246,247,248,249,250,251,282,284,285,286,:
246:230,236,238,239,240,241,242,245,247,248,249,250,281,282,283,284,285,286,292,:
247:238,239,240,245,246,248,249,250,251,252,268,282,285,:
248:239,245,246,247,249,250,251,252,253,254,255,267,268,281,282,285,:
249:239,245,246,247,248,250,251,252,253,254,267,268,281,282,284,285,:
250:245,246,247,248,249,251,252,253,254,255,256,267,268,282,:
251:245,247,248,249,250,252,253,255,267,268,:
252:247,248,249,250,251,253,254,255,256,257,267,268,269,282,686,:
253:248,249,250,251,252,254,255,256,267,268,269,270,272,273,274,281,282,686,:
254:248,249,250,252,253,255,256,267,268,269,270,272,273,274,282,685,686,687,690,:
255:248,250,251,252,253,254,256,257,258,267,268,:
256:250,252,253,254,255,257,258,259,260,262,267,276,278,:
257:252,255,256,258,259,260,261,262,263,264,265,277,278,279,:
258:255,256,257,259,260,261,262,263,264,265,266,278,279,280,:
259:256,257,258,260,261,262,264,265,266,276,278,279,280,:
260:256,257,258,259,261,262,263,264,265,266,279,280,:
261:257,258,259,260,262,263,264,265,266,:
262:256,257,258,259,260,261,263,264,266,:
263:257,258,260,261,262,264,265,266,:
264:257,258,259,260,261,262,263,265,266,279,280,:
265:257,258,259,260,261,263,264,266,279,280,:
266:258,259,260,261,262,263,264,265,:
267:248,249,250,251,252,253,254,255,256,268,269,270,271,272,273,274,275,281,282,:
268:247,248,249,250,251,252,253,254,255,267,269,270,271,272,273,275,281,282,288,:
269:252,253,254,267,268,270,271,272,273,274,275,281,282,283,668,674,:
270:253,254,267,268,269,271,272,273,281,282,283,284,286,287,288,668,673,674,693,:
271:29,30,58,267,268,269,270,272,281,282,283,286,287,288,667,668,669,673,674,675,693,:
272:253,254,267,268,269,270,271,273,274,275,276,277,281,282,668,674,:
273:253,254,267,268,269,270,272,274,275,276,277,278,510,:
274:253,254,267,269,272,273,275,276,277,278,279,280,510,:
275:267,268,269,272,273,274,276,277,278,279,:
276:256,259,272,273,274,275,277,278,279,280,510,:
277:257,272,273,274,275,276,278,279,280,510,:
278:256,257,258,259,273,274,275,276,277,279,280,510,:
279:257,258,259,260,264,265,274,275,276,277,278,280,:
280:258,259,260,264,265,274,276,277,278,279,:
281:246,248,249,253,267,268,269,270,271,272,282,283,284,285,286,287,288,292,293,674,693,:
282:245,246,247,248,249,250,252,253,254,267,268,269,270,271,272,281,283,284,285,286,287,288,292,:
283:30,59,246,269,270,271,281,282,284,285,286,287,288,289,292,293,294,674,693,:
284:30,59,245,246,249,270,281,282,283,285,286,287,292,293,294,295,296,297,693,:
285:238,239,242,245,246,247,248,249,281,282,283,284,286,292,293,294,297,:
286:32,59,230,245,246,270,271,281,282,283,284,285,287,288,289,290,291,292,293,674,:
287:32,59,270,271,281,282,283,284,286,288,289,290,291,673,674,675,:
288:268,270,271,281,282,283,286,287,289,290,291,673,674,675,:
289:31,32,59,60,224,283,286,287,288,290,291,673,674,675,:
290:286,287,288,289,291,673,674,675,:
291:286,287,288,289,290,673,674,675,:
292:30,31,32,59,246,281,282,283,284,285,286,293,294,295,296,297,298,303,693,:
293:29,30,31,32,58,59,60,281,283,284,285,286,292,294,295,296,297,303,693,:
294:59,283,284,285,292,293,295,296,297,298,299,300,302,303,304,309,311,:
295:59,284,292,293,294,296,297,298,299,300,302,303,304,305,307,308,309,310,311,314,:
296:30,31,32,59,60,284,292,293,294,295,297,303,304,305,306,309,310,311,312,313,314,327,:
297:284,285,292,293,294,295,296,298,299,300,301,302,303,309,311,314,:
298:292,294,295,297,299,300,301,302,303,309,311,314,:
299:242,294,295,297,298,300,301,302,309,:
300:294,295,297,298,299,301,302,303,309,310,311,313,314,316,:
301:297,298,299,300,302,309,311,314,316,:
302:294,295,297,298,299,300,301,303,310,311,312,313,314,315,316,320,:
303:292,293,294,295,296,297,298,300,302,304,305,306,307,308,309,310,311,:
304:189,192,217,294,295,296,303,305,306,307,308,309,310,311,312,:
305:188,189,192,295,296,303,304,306,307,308,309,310,311,312,313,314,315,:
306:172,178,179,181,188,189,190,191,192,296,303,304,305,307,310,311,312,313,315,:
307:192,217,220,295,303,304,305,306,308,309,310,311,:
308:295,303,304,305,307,309,310,311,:
309:294,295,296,297,298,299,300,301,303,304,305,307,308,310,311,:
310:189,295,296,300,302,303,304,305,306,307,308,309,311,312,313,314,315,316,320,321,:
311:294,295,296,297,298,300,301,302,303,304,305,306,307,308,309,310,312,313,314,315,316,320,:
312:172,296,302,304,305,306,310,311,313,314,315,316,317,320,321,322,:
313:172,296,300,302,305,306,310,311,312,314,315,316,320,321,322,323,324,325,326,327,:
314:295,296,297,298,300,301,302,305,310,311,312,313,315,316,320,321,322,325,:
315:172,184,186,302,305,306,310,311,312,313,314,316,317,318,319,320,321,:
316:300,301,302,310,311,312,313,314,315,317,318,319,:
317:312,315,316,318,319,:
318:315,316,317,319,:
319:315,316,317,318,:
320:169,172,302,310,311,312,313,314,315,321,322,323,324,325,326,327,332,333,:
321:168,169,170,171,172,310,312,313,314,315,320,322,323,324,325,326,327,328,329,332,:
322:169,312,313,314,320,321,323,324,325,326,327,328,332,333,334,658,:
323:168,169,313,320,321,322,324,325,326,327,328,332,333,334,335,336,337,338,339,658,:
324:168,169,170,172,173,313,320,321,322,323,325,326,328,332,333,334,335,339,341,342,:
325:28,29,30,58,313,314,320,321,322,323,324,326,327,328,329,330,332,333,658,:
326:27,28,29,30,31,58,313,320,321,322,323,324,325,327,328,329,330,331,332,333,:
327:26,27,29,30,31,32,172,296,313,320,321,322,323,325,326,328,329,330,331,:
328:23,27,28,29,56,321,322,323,324,325,326,327,329,330,331,332,333,335,336,:
329:25,26,27,31,32,60,195,196,197,321,325,326,327,328,330,331,:
330:17,22,23,24,26,27,28,56,325,326,327,328,329,331,348,349,:
331:23,24,25,26,27,57,173,196,197,198,326,327,328,329,330,349,:
332:169,320,321,322,323,324,325,326,328,333,334,335,336,337,338,339,340,341,342,656,657,658,:
333:320,322,323,324,325,326,328,332,334,335,336,337,338,339,651,655,656,657,658,:
334:169,322,323,324,332,333,335,336,337,338,339,340,341,342,343,658,:
335:323,324,328,332,333,334,336,337,338,340,341,342,343,344,345,346,643,:
336:323,328,332,333,334,335,337,340,341,342,343,344,346,632,639,640,642,643,644,647,649,650,651,658,:
337:323,332,333,334,335,336,338,339,340,341,342,658,:
338:323,332,333,334,335,337,339,340,657,:
339:323,324,332,333,334,337,338,340,656,657,658,:
340:332,334,335,336,337,338,339,341,342,345,647,649,:
341:324,332,334,335,336,337,340,342,343,344,345,346,347,350,351,643,:
342:169,324,332,334,335,336,337,340,341,343,344,345,346,:
343:334,335,336,341,342,344,345,346,347,348,350,351,352,632,643,:
344:335,336,341,342,343,345,346,347,350,351,352,353,354,355,359,360,632,649,:
345:335,340,341,342,343,344,346,347,350,351,352,353,360,:
346:174,335,336,341,342,343,344,345,347,348,349,350,351,:
347:341,343,344,345,346,348,349,350,351,629,632,:
348:15,16,17,49,51,330,343,346,347,349,351,627,628,629,631,632,:
349:14,15,17,49,199,200,201,330,331,346,347,348,:
350:341,343,344,345,346,347,351,352,353,354,355,356,359,360,629,631,632,643,649,:
351:341,343,344,345,346,347,348,350,352,353,354,355,359,628,629,630,631,632,643,649,:
352:343,344,345,350,351,353,354,355,356,357,358,359,360,361,629,632,649,:
353:344,345,350,351,352,354,355,356,358,359,360,361,362,364,628,629,632,:
354:344,350,351,352,353,355,356,358,359,360,361,362,364,618,624,625,628,629,630,631,632,633,:
355:344,350,351,352,353,354,356,357,358,359,360,629,632,649,:
356:350,352,353,354,355,357,358,:
357:352,355,356,358,381,383,:
358:352,353,354,355,356,357,359,360,381,:
359:344,350,351,352,353,354,355,358,360,361,362,363,364,365,369,370,629,:
360:344,345,350,352,353,354,355,358,359,361,362,363,364,369,:
361:352,353,354,359,360,362,363,364,365,366,369,370,371,618,629,:
362:353,354,359,360,361,363,364,365,369,370,371,372,374,618,:
363:153,154,359,360,361,362,364,365,369,370,371,374,:
364:353,354,359,360,361,362,363,365,366,367,368,369,370,618,:
365:38,359,361,362,363,364,366,367,368,369,370,394,397,398,618,627,:
366:38,42,113,114,120,121,122,123,361,364,365,367,368,397,398,627,:
367:34,38,41,42,113,114,122,123,124,127,364,365,366,368,394,396,397,398,:
368:42,47,112,113,114,115,120,121,122,123,364,365,366,367,398,627,:
369:359,360,361,362,363,364,365,370,371,372,373,374,375,377,381,385,386,615,618,:
370:359,361,362,363,364,365,369,371,372,373,374,375,377,381,614,615,616,617,618,620,:
371:361,362,363,369,370,372,373,374,375,376,377,385,386,387,392,615,:
372:362,369,370,371,373,374,375,376,385,386,387,388,390,391,392,394,615,:
373:369,370,371,372,374,375,376,385,386,387,390,391,392,394,611,612,614,615,618,620,:
374:362,363,369,370,371,372,373,375,376,377,378,380,381,385,386,:
375:369,370,371,372,373,374,376,377,378,379,380,381,382,383,385,386,:
376:371,372,373,374,375,377,378,379,380,381,382,385,:
377:369,370,371,374,375,376,378,379,380,381,382,383,384,620,:
378:374,375,376,377,379,380,381,382,384,406,:
379:375,376,377,378,380,382,406,:
380:374,375,376,377,378,379,381,382,383,384,620,:
381:357,358,369,370,374,375,376,377,378,380,382,383,384,618,620,:
382:375,376,377,378,379,380,381,383,384,620,:
383:357,375,377,380,381,382,384,620,:
384:377,378,380,381,382,383,620,:
385:369,371,372,373,374,375,376,386,387,388,389,390,391,392,:
386:369,371,372,373,374,375,385,387,388,389,390,391,392,:
387:371,372,373,385,386,388,389,390,391,392,393,605,:
388:372,385,386,387,389,390,391,605,:
389:385,386,387,388,390,:
390:372,373,385,386,387,388,389,391,392,393,394,395,:
391:372,373,385,386,387,388,390,392,393,394,395,396,:
392:371,372,373,385,386,387,390,391,393,394,395,396,397,398,:
393:387,390,391,392,394,395,396,397,611,:
394:34,151,153,365,367,372,373,390,391,392,393,395,396,397,398,:
395:1,33,34,390,391,392,393,394,396,397,398,582,584,611,:
396:1,33,34,367,391,392,393,394,395,397,398,:
397:1,2,33,34,35,36,38,41,124,127,128,129,131,365,366,367,392,393,394,395,396,398,:
398:1,34,35,38,122,124,127,128,129,365,366,367,368,392,394,395,396,397,:
399:400,401,402,403,404,405,:
400:399,401,402,404,:
401:399,400,402,403,404,405,406,407,:
402:399,400,401,403,404,405,406,:
403:399,401,402,404,405,406,:
404:399,400,401,402,403,405,406,407,606,:
405:399,401,402,403,404,406,407,:
406:378,379,401,402,403,404,405,407,:
407:401,404,405,406,604,605,606,609,610,611,612,613,614,619,620,:
408:409,410,411,412,413,414,416,417,426,:
409:408,410,411,412,413,:
410:408,409,411,412,413,414,415,416,417,418,426,:
411:408,409,410,412,413,414,415,416,417,418,419,421,424,425,426,:
412:408,409,410,411,413,416,417,418,419,424,425,426,:
413:408,409,410,411,412,414,415,416,417,426,562,563,:
414:408,410,411,413,415,416,417,424,561,563,:
415:44,410,411,413,414,416,417,545,561,562,563,:
416:408,410,411,412,413,414,415,417,418,419,420,421,422,424,425,426,561,:
417:408,410,411,412,413,414,415,416,418,419,420,421,422,424,425,426,559,561,562,563,:
418:410,411,412,416,417,419,420,421,422,423,424,425,426,427,:
419:411,412,416,417,418,420,421,422,425,426,427,428,429,430,559,586,590,:
420:164,166,167,416,417,418,419,421,425,426,427,428,429,559,583,585,586,587,590,:
421:131,164,165,166,167,411,416,417,418,419,420,422,423,424,425,426,559,561,:
422:131,164,165,416,417,418,419,421,423,424,:
423:164,165,166,418,421,422,424,:
424:411,412,414,416,417,418,421,422,423,:
425:411,412,416,417,418,419,420,421,426,427,428,429,430,558,559,586,:
426:408,410,411,412,413,416,417,418,419,420,421,425,427,428,429,430,:
427:418,419,420,425,426,428,429,430,557,558,568,586,:
428:419,420,425,426,427,429,430,568,586,:
429:419,420,425,426,427,428,430,:
430:419,425,426,427,428,429,434,435,446,557,558,560,565,568,:
431:432,433,434,435,436,437,441,442,:
432:431,433,434,435,436,437,441,442,:
433:431,432,434,435,436,437,438,441,442,443,565,:
434:430,431,432,433,435,436,437,441,442,443,444,445,446,565,:
435:430,431,432,433,434,436,441,442,443,446,554,555,557,564,565,566,568,:
436:431,432,433,434,435,437,438,439,440,441,442,565,569,:
437:431,432,433,434,436,438,439,440,:
438:433,436,437,439,440,569,571,:
439:436,437,438,440,569,570,571,573,:
440:436,437,438,439,571,:
441:431,432,433,434,435,436,442,443,444,445,446,447,458,459,:
442:431,432,433,434,435,436,441,443,444,445,446,458,:
443:433,434,435,441,442,444,445,446,447,448,458,459,460,551,:
444:434,441,442,443,445,446,447,458,459,460,461,462,463,551,:
445:434,441,442,443,444,446,447,458,459,460,463,:
446:430,434,435,441,442,443,444,445,447,448,449,458,459,551,560,:
447:441,443,444,445,446,448,449,450,451,453,458,459,543,551,560,562,:
448:443,446,447,449,450,451,452,453,454,455,456,543,562,:
449:446,447,448,450,451,452,453,454,455,456,457,542,543,544,545,562,:
450:447,448,449,451,452,453,455,456,457,462,476,479,542,543,544,545,562,:
451:447,448,449,450,452,453,454,455,456,457,479,543,545,:
452:448,449,450,451,453,454,455,456,457,:
453:447,448,449,450,451,452,454,455,457,:
454:448,449,451,452,453,455,456,457,:
455:448,449,450,451,452,453,454,456,457,477,479,542,543,544,545,:
456:448,449,450,451,452,454,455,457,476,477,479,542,543,544,545,546,:
457:449,450,451,452,453,454,455,456,479,545,:
458:441,442,443,444,445,446,447,459,460,461,462,463,464,466,470,471,548,551,:
459:441,443,444,445,446,447,458,460,461,462,463,464,465,466,470,547,548,549,550,551,:
460:443,444,445,458,459,461,462,463,464,465,466,470,471,472,548,551,:
461:444,458,459,460,462,463,464,465,466,470,471,472,473,474,475,476,547,548,:
462:444,450,458,459,460,461,463,464,465,466,467,470,471,472,473,475,476,538,539,543,547,548,549,551,:
463:444,445,458,459,460,461,462,464,465,466,467,468,470,471,:
464:458,459,460,461,462,463,465,466,467,468,469,470,548,551,:
465:459,460,461,462,463,464,466,467,468,469,470,548,:
466:458,459,460,461,462,463,464,465,467,468,469,548,550,551,:
467:462,463,464,465,466,468,469,547,548,:
468:463,464,465,466,467,469,549,550,551,:
469:464,465,466,467,468,548,549,621,:
470:458,459,460,461,462,463,464,465,471,472,473,474,475,476,480,481,548,:
471:458,460,461,462,463,470,472,473,474,475,476,480,:
472:460,461,462,470,471,473,474,475,476,477,480,481,482,534,:
473:461,462,470,471,472,474,475,476,480,481,482,483,485,534,:
474:461,470,471,472,473,475,480,481,482,483,485,:
475:461,462,470,471,472,473,474,476,477,478,479,480,481,497,501,534,:
476:450,456,461,462,470,471,472,473,475,477,478,479,501,543,:
477:455,456,472,475,476,478,479,500,501,:
478:475,476,477,479,497,499,500,501,:
479:450,451,455,456,457,475,476,477,478,501,543,:
480:470,471,472,473,474,475,481,482,483,484,485,486,487,488,489,531,534,:
481:470,472,473,474,475,480,482,483,484,485,486,488,522,530,531,532,533,534,:
482:472,473,474,480,481,483,484,485,486,487,488,489,490,531,:
483:473,474,480,481,482,484,485,486,487,488,489,490,491,492,493,494,495,522,531,:
484:480,481,482,483,485,486,487,488,489,490,491,493,494,495,513,514,521,522,523,526,530,531,:
485:473,474,480,481,482,483,484,486,487,488,489,:
486:480,481,482,483,484,485,487,530,531,532,535,:
487:480,482,483,484,485,486,488,489,:
488:480,481,482,483,484,485,487,489,490,491,492,493,494,495,522,:
489:480,482,483,484,485,487,488,490,491,492,493,494,495,:
490:482,483,484,488,489,491,492,493,494,495,496,506,522,:
491:483,484,488,489,490,492,493,494,506,:
492:483,488,489,490,491,493,:
493:483,484,488,489,490,491,492,494,495,496,497,498,506,:
494:483,484,488,489,490,491,493,495,496,497,498,499,:
495:483,484,488,489,490,493,494,496,497,498,499,500,501,:
496:490,493,494,495,497,498,499,500,506,513,516,:
497:475,478,493,494,495,496,498,499,500,501,:
498:493,494,495,496,497,499,500,501,513,516,517,:
499:478,494,495,496,497,498,500,501,517,:
500:477,478,495,496,497,498,499,501,517,519,:
501:475,476,477,478,479,495,497,498,499,500,:
502:503,504,505,506,507,508,509,510,511,512,:
503:502,504,505,506,507,508,:
504:502,503,505,506,507,508,509,510,511,512,513,:
505:502,503,504,506,507,508,509,511,512,513,514,515,516,521,522,:
506:490,491,493,496,502,503,504,505,507,509,511,512,513,514,521,522,527,:
507:502,503,504,505,506,508,509,510,511,512,:
508:502,503,504,505,507,509,510,:
509:502,504,505,506,507,508,510,511,512,514,515,529,664,665,666,:
510:273,274,276,277,278,502,504,507,508,509,:
511:502,504,505,506,507,509,512,513,514,515,516,517,521,522,671,:
512:502,504,505,506,507,509,511,513,514,515,516,670,671,672,:
513:484,496,498,504,505,506,511,512,514,515,516,517,518,521,522,523,671,:
514:53,55,484,505,506,509,511,512,513,515,516,517,521,522,523,524,526,527,530,531,670,671,:
515:19,20,21,53,54,55,505,509,511,512,513,514,516,517,521,522,523,524,666,669,670,671,672,:
516:496,498,505,511,512,513,514,515,517,518,519,520,521,522,670,671,672,:
517:19,498,499,500,511,513,514,515,516,518,519,520,521,522,:
518:19,513,516,517,519,520,672,:
519:500,516,517,518,520,672,:
520:13,18,19,52,53,516,517,518,519,:
521:55,484,505,506,511,513,514,515,516,517,522,523,524,525,526,527,529,530,531,:
522:481,483,484,488,490,505,506,511,513,514,515,516,517,521,523,524,526,527,530,531,:
523:53,55,484,513,514,515,521,522,524,525,526,527,528,529,530,531,532,638,:
524:19,21,53,55,514,515,521,522,523,525,526,527,530,531,532,533,535,638,:
525:19,21,51,53,55,521,523,524,526,530,531,532,535,630,631,633,634,637,638,:
526:484,514,521,522,523,524,525,527,528,529,530,531,:
527:506,514,521,522,523,524,526,528,529,:
528:523,526,527,529,:
529:509,521,523,526,527,528,664,676,:
530:19,53,55,481,484,486,514,521,522,523,524,525,526,531,532,533,534,535,536,537,:
531:53,480,481,482,483,484,486,514,521,522,523,524,525,526,530,532,533,534,535,:
532:19,53,481,486,523,524,525,530,531,533,534,535,536,537,538,626,:
533:19,53,481,524,530,531,532,534,535,536,537,538,539,541,626,:
534:472,473,475,480,481,530,531,532,533,535,536,537,538,541,:
535:486,524,525,530,531,532,533,534,536,537,621,626,630,633,:
536:50,530,532,533,534,535,537,538,539,540,541,542,547,548,623,626,:
537:50,530,532,533,534,535,536,538,539,540,541,547,621,622,623,624,625,626,:
538:462,532,533,534,536,537,539,540,541,542,543,544,546,547,548,549,623,:
539:39,43,462,533,536,537,538,540,541,542,543,547,548,549,550,621,623,:
540:3,5,38,39,43,536,537,538,539,541,542,547,548,549,616,617,621,622,623,624,626,:
541:10,13,43,48,50,533,534,536,537,538,539,540,542,543,544,545,546,547,548,:
542:10,13,43,48,449,450,455,456,536,538,539,540,541,543,544,545,546,547,548,:
543:447,448,449,450,451,455,456,462,476,479,538,539,541,542,544,545,546,547,548,562,:
544:8,10,11,13,43,44,48,449,450,455,456,538,541,542,543,545,546,562,:
545:10,44,48,415,449,450,451,455,456,457,541,542,543,544,546,562,563,:
546:5,6,8,10,11,12,13,43,44,48,50,456,538,541,542,543,544,545,:
547:39,459,461,462,467,536,537,538,539,540,541,542,543,548,549,550,551,552,553,623,:
548:458,459,460,461,462,464,465,466,467,469,470,536,538,539,540,541,542,543,547,549,550,551,:
549:36,37,39,459,462,468,469,538,539,540,547,548,550,551,552,553,554,613,616,619,621,:
550:37,459,466,468,539,547,548,549,551,552,553,554,555,557,558,560,613,:
551:443,444,446,447,458,459,460,462,464,466,468,547,548,549,550,552,553,554,557,558,560,562,:
552:36,37,547,549,550,551,553,554,555,556,557,558,559,560,564,565,610,613,:
553:2,36,37,547,549,550,551,552,554,555,556,557,558,560,584,609,610,611,612,613,:
554:435,549,550,551,552,553,555,556,557,558,559,560,564,565,566,567,610,613,:
555:435,550,552,553,554,556,557,558,564,565,566,567,568,569,575,576,610,:
556:552,553,554,555,557,564,565,566,567,575,576,584,603,604,606,607,609,610,613,:
557:37,427,430,435,550,551,552,553,554,555,556,558,559,560,561,562,564,565,567,568,584,:
558:2,37,425,427,430,550,551,552,553,554,555,557,559,560,561,562,563,:
559:1,2,33,35,37,40,417,419,420,421,425,552,554,557,558,560,561,562,563,583,584,:
560:37,430,446,447,550,551,552,553,554,557,558,559,561,562,563,:
561:1,2,4,33,35,37,40,41,131,414,415,416,417,421,557,558,559,560,562,563,:
562:37,40,413,415,417,447,448,449,450,543,544,545,551,557,558,559,560,561,563,:
563:4,37,40,44,413,414,415,417,545,558,559,560,561,562,:
564:435,552,554,555,556,557,565,566,567,568,569,570,575,576,:
565:430,433,434,435,436,552,554,555,556,557,564,566,567,568,569,575,:
566:435,554,555,556,564,565,567,568,569,570,571,572,575,576,577,598,607,608,:
567:554,555,556,557,564,565,566,568,569,570,572,575,576,577,578,579,580,598,:
568:427,428,430,435,555,557,564,565,566,567,569,570,575,576,577,578,579,585,586,:
569:436,438,439,555,564,565,566,567,568,570,571,572,573,574,575,576,607,:
570:439,564,566,567,568,569,571,572,573,574,575,576,607,608,:
571:438,439,440,566,569,570,572,573,574,:
572:566,567,569,570,571,573,574,575,576,597,598,607,608,:
573:439,569,570,571,572,574,:
574:569,570,571,572,573,:
575:555,556,564,565,566,567,568,569,570,572,576,577,578,579,580,581,582,583,585,586,598,:
576:555,556,564,566,567,568,569,570,572,575,577,578,579,580,581,582,595,597,598,601,603,607,608,610,:
577:566,567,568,575,576,578,579,580,581,582,583,585,586,587,598,:
578:567,568,575,576,577,579,580,581,585,586,587,588,589,590,:
579:567,568,575,576,577,578,580,585,586,587,588,589,:
580:167,567,575,576,577,578,579,581,582,583,584,585,586,598,600,:
581:33,167,575,576,577,578,580,582,583,584,598,600,609,610,:
582:1,33,34,35,163,164,167,395,575,576,577,580,581,583,584,610,:
583:1,33,35,131,163,164,165,166,167,420,559,575,577,580,581,582,584,586,:
584:1,2,33,34,35,36,37,167,395,553,556,557,559,580,581,582,583,609,610,611,612,613,:
585:420,568,575,577,578,579,580,586,587,588,589,590,591,:
586:166,167,419,420,425,427,428,568,575,577,578,579,580,583,585,587,588,589,590,:
587:420,577,578,579,585,586,588,589,590,591,592,593,:
588:578,579,585,586,587,589,590,591,592,:
589:166,578,579,585,586,587,588,590,591,:
590:419,420,578,585,586,587,588,589,591,592,593,:
591:585,587,588,589,590,592,593,:
592:587,588,590,591,593,:
593:587,590,591,592,:
594:595,596,597,598,599,600,601,602,:
595:576,594,596,597,598,599,600,601,:
596:594,595,597,598,599,600,601,602,603,608,:
597:572,576,594,595,596,598,599,600,601,602,603,604,605,606,607,608,:
598:566,567,572,575,576,577,580,581,594,595,596,597,599,600,601,602,603,604,606,607,608,:
599:594,595,596,597,598,600,601,602,:
600:580,581,594,595,596,597,598,599,601,:
601:576,594,595,596,597,598,599,600,602,603,604,605,606,607,608,609,610,:
602:594,596,597,598,599,601,603,604,605,606,607,608,609,:
603:556,576,596,597,598,601,602,604,605,606,607,608,609,610,611,:
604:407,556,597,598,601,602,603,605,606,607,609,610,611,612,613,:
605:387,388,407,597,601,602,603,604,606,609,610,611,:
606:404,407,556,597,598,601,602,603,604,605,607,608,609,610,:
607:556,566,569,570,572,576,597,598,601,602,603,604,606,608,:
608:566,570,572,576,596,597,598,601,602,603,606,607,:
609:36,407,553,556,581,584,601,602,603,604,605,606,610,611,612,613,614,615,:
610:36,407,552,553,554,555,556,576,581,582,584,601,603,604,605,606,609,611,612,613,:
611:36,373,393,395,407,553,584,603,604,605,609,610,612,613,614,615,616,:
612:2,36,373,407,553,584,604,609,610,611,613,614,615,616,617,619,620,:
613:2,36,37,39,407,549,550,552,553,554,556,584,604,609,610,611,612,614,615,616,619,:
614:2,36,38,39,370,373,407,609,611,612,613,615,616,617,618,619,620,621,622,623,:
615:36,369,370,371,372,373,609,611,612,613,614,616,617,618,619,620,622,:
616:3,36,38,39,370,540,549,611,612,613,614,615,617,618,619,620,621,622,623,624,:
617:38,39,370,540,612,614,615,616,618,619,620,621,622,623,624,625,627,:
618:354,361,362,364,365,369,370,373,381,614,615,616,617,619,620,621,622,623,624,625,627,:
619:407,549,612,613,614,615,616,617,618,620,621,622,623,:
620:370,373,377,380,381,382,383,384,407,612,614,615,616,617,618,619,621,:
621:469,535,537,539,540,549,614,616,617,618,619,620,622,623,:
622:3,38,39,537,540,614,615,616,617,618,619,621,623,624,625,626,627,628,629,:
623:3,38,39,42,43,536,537,538,539,540,547,614,616,617,618,619,621,622,624,625,626,627,628,:
624:38,42,49,354,537,540,616,617,618,622,623,625,626,627,628,629,630,:
625:49,50,51,354,537,617,618,622,623,624,626,627,628,629,630,631,633,:
626:15,16,49,50,51,532,533,535,536,537,540,622,623,624,625,627,628,629,630,631,633,:
627:5,15,38,39,42,43,49,348,365,366,368,617,618,622,623,624,625,626,628,629,:
628:51,348,351,353,354,622,623,624,625,626,627,629,630,631,632,633,634,637,638,:
629:347,348,350,351,352,353,354,355,359,361,622,624,625,626,627,628,630,631,632,633,:
630:51,351,354,525,535,624,625,626,628,629,631,632,633,634,635,636,637,638,639,:
631:51,348,350,351,354,525,625,626,628,629,630,632,633,634,636,637,638,639,640,641,642,643,:
632:336,343,344,347,348,350,351,352,353,354,355,628,629,630,631,633,634,636,637,638,639,640,642,643,:
633:354,525,535,625,626,628,629,630,631,632,634,635,636,637,638,:
634:525,628,630,631,632,633,635,636,637,638,:
635:630,633,634,636,:
636:630,631,632,633,634,635,637,638,640,641,642,644,:
637:16,21,51,53,55,56,525,628,630,631,632,633,634,636,638,639,640,641,642,643,:
638:16,20,21,51,53,55,56,523,524,525,628,630,631,632,633,634,636,637,639,640,641,:
639:21,22,51,56,336,630,631,632,637,638,640,641,642,643,644,651,660,:
640:336,631,632,636,637,638,639,641,642,643,644,645,646,647,650,651,659,660,677,:
641:631,636,637,638,639,640,642,643,644,645,646,650,651,659,660,661,662,664,676,677,678,681,:
642:336,631,632,636,637,639,640,641,643,644,645,646,647,648,649,650,651,660,677,:
643:335,336,341,343,350,351,631,632,637,639,640,641,642,644,645,647,649,650,651,:
644:336,636,639,640,641,642,643,645,646,647,648,649,650,651,652,660,677,:
645:640,641,642,643,644,646,647,648,649,650,651,652,653,654,655,659,660,676,677,:
646:640,641,642,644,645,647,648,650,651,652,653,654,659,660,662,676,677,678,679,681,:
647:336,340,640,642,643,644,645,646,648,649,650,651,:
648:642,644,645,646,647,649,650,:
649:336,340,344,350,351,352,355,642,643,644,645,647,648,:
650:336,640,641,642,643,644,645,646,647,648,651,652,653,654,655,656,657,658,659,660,677,:
651:333,336,639,640,641,642,643,644,645,646,647,650,652,653,655,656,657,658,659,660,:
652:644,645,646,650,651,653,654,655,656,657,658,659,660,661,677,:
653:645,646,650,651,652,654,655,656,659,660,661,662,663,664,676,677,692,:
654:645,646,650,652,653,655,659,660,661,662,663,676,677,692,:
655:333,645,650,651,652,653,654,656,657,658,659,660,691,692,:
656:332,333,339,650,651,652,653,655,657,658,702,:
657:332,333,338,339,650,651,652,655,656,658,700,702,:
658:322,323,325,332,333,334,336,337,339,650,651,652,655,656,657,:
659:640,641,645,646,650,651,652,653,654,655,660,661,662,663,664,665,676,677,692,:
660:639,640,641,642,644,645,646,650,651,652,653,654,655,659,661,662,664,665,676,677,:
661:641,652,653,654,659,660,662,663,664,665,666,676,677,678,692,:
662:641,646,653,654,659,660,661,663,664,665,676,677,678,679,680,681,:
663:653,654,659,661,662,664,676,677,678,679,680,:
664:509,529,641,653,659,660,661,662,663,665,666,667,676,677,:
665:509,659,660,661,662,664,666,667,668,669,671,692,:
666:21,54,55,509,515,661,664,665,667,668,669,670,671,672,673,674,:
667:28,54,271,664,665,666,668,669,670,671,672,673,674,675,:
668:28,29,58,269,270,271,272,665,666,667,669,670,671,673,674,675,:
669:20,54,271,515,665,666,667,668,670,671,672,673,674,675,:
670:20,21,54,55,512,514,515,516,666,667,668,669,671,672,673,674,675,:
671:20,21,54,55,511,512,513,514,515,516,665,666,667,668,669,670,672,673,675,:
672:20,54,55,512,515,516,518,519,666,667,669,670,671,673,674,675,:
673:54,270,271,287,288,289,290,291,666,667,668,669,670,671,672,674,675,:
674:29,30,269,270,271,272,281,283,286,287,288,289,290,291,666,667,668,669,670,672,673,675,:
675:54,271,287,288,289,290,291,667,668,669,670,671,672,673,674,:
676:529,641,645,646,653,654,659,660,661,662,663,664,677,678,679,680,681,682,:
677:640,641,642,644,645,646,650,652,653,654,659,660,661,662,663,664,676,678,679,681,:
678:641,646,661,662,663,676,677,679,680,681,682,683,684,:
679:646,662,663,676,677,678,680,681,682,683,:
680:662,663,676,678,679,681,682,683,:
681:641,646,662,676,677,678,679,680,682,683,684,:
682:676,678,679,680,681,683,684,:
683:678,679,680,681,682,684,:
684:678,681,682,683,:
685:254,686,687,688,689,690,691,692,:
686:252,253,254,685,687,688,690,691,:
687:254,685,686,688,689,690,691,692,693,:
688:685,686,687,689,690,691,695,:
689:685,687,688,690,691,694,695,699,700,702,:
690:254,685,686,687,688,689,691,692,693,:
691:58,655,685,686,687,688,689,690,692,693,702,:
692:653,654,655,659,661,665,685,687,690,691,693,:
693:29,58,270,271,281,283,284,292,293,687,690,691,692,:
694:689,695,696,697,698,699,700,701,:
695:688,689,694,696,697,698,699,700,:
696:694,695,697,698,699,700,701,702,:
697:694,695,696,698,699,700,701,:
698:694,695,696,697,699,701,:
699:689,694,695,696,697,698,700,701,702,:
700:657,689,694,695,696,697,699,701,702,:
701:694,696,697,698,699,700,702,:
702:656,657,689,691,696,699,700,701,:
