1:2,3,4,5,6,7,8,9,10,11,12,13,14,160,161,275,278,321,:
2:1,3,4,5,6,7,8,9,10,11,12,13,14,160,161,273,275,321,:
3:1,2,4,5,6,7,8,9,10,11,12,13,14,72,:
4:1,2,3,5,6,8,9,10,11,12,14,207,:
5:1,2,3,4,6,7,8,9,10,11,12,171,207,:
6:1,2,3,4,5,7,9,10,11,12,13,139,160,171,278,:
7:1,2,3,5,6,9,12,13,134,139,160,161,275,318,319,321,:
8:1,2,3,4,5,9,10,14,72,243,261,263,:
9:1,2,3,4,5,6,7,8,13,14,161,259,260,261,273,310,311,312,319,321,:
10:1,2,3,4,5,6,8,11,14,206,207,240,241,242,243,:
11:1,2,3,4,5,6,10,12,171,207,379,381,:
12:1,2,3,4,5,6,7,11,13,136,139,141,169,171,278,:
13:1,2,3,6,7,9,12,161,260,275,311,318,319,320,321,:
14:1,2,3,4,8,9,10,72,261,262,263,312,:
15:16,17,18,19,20,21,22,27,28,:
16:15,17,18,20,21,22,23,27,28,:
17:15,16,18,19,20,21,22,23,27,28,29,38,:
18:15,16,17,19,20,21,27,28,29,30,31,32,37,38,46,233,:
19:15,17,18,20,27,28,29,30,31,37,38,39,40,42,45,46,47,243,:
20:15,16,17,18,19,21,22,23,24,25,27,28,:
21:15,16,17,18,20,22,23,24,25,26,:
22:15,16,17,20,21,23,24,25,26,225,:
23:16,17,20,21,22,24,25,26,225,:
24:20,21,22,23,25,26,225,:
25:20,21,22,23,24,26,223,225,:
26:21,22,23,24,25,225,:
27:15,16,17,18,19,20,28,29,30,31,32,33,38,46,233,:
28:15,16,17,18,19,20,27,29,30,32,233,:
29:17,18,19,27,28,30,31,32,33,34,38,46,51,233,:
30:18,19,27,28,29,31,32,33,37,38,45,46,51,:
31:18,19,27,29,30,32,33,37,38,40,45,46,47,48,50,51,52,55,56,60,:
32:18,27,28,29,30,31,33,34,35,36,233,:
33:27,29,30,31,32,34,35,36,:
34:29,32,33,35,36,:
35:32,33,34,36,:
36:32,33,34,35,:
37:18,19,30,31,38,39,40,41,42,43,44,45,46,51,60,:
38:17,18,19,27,29,30,31,37,39,40,42,44,45,46,:
39:19,37,38,40,41,42,43,44,45,46,47,60,:
40:19,31,37,38,39,41,42,43,44,45,46,47,48,49,50,51,59,60,65,66,:
41:37,39,40,42,43,45,46,47,48,49,50,51,53,59,60,61,62,64,65,66,67,70,71,72,399,:
42:19,37,38,39,40,41,43,44,45,46,:
43:37,39,40,41,42,44,45,71,72,399,:
44:37,38,39,40,42,43,:
45:19,30,31,37,38,39,40,41,42,43,46,47,48,49,50,51,60,66,:
46:18,19,27,29,30,31,37,38,39,40,41,42,45,47,48,50,51,:
47:19,31,39,40,41,45,46,48,49,50,51,52,60,66,243,263,264,:
48:31,40,41,45,46,47,49,50,51,52,53,54,55,59,60,65,66,75,263,264,265,:
49:40,41,45,47,48,50,51,52,53,54,59,60,62,65,66,67,68,70,74,75,76,79,80,81,82,263,264,265,:
50:31,40,41,45,46,47,48,49,51,52,53,54,55,56,57,58,59,60,66,75,265,271,:
51:29,30,31,37,40,41,45,46,47,48,49,50,52,53,55,56,58,59,60,:
52:31,47,48,49,50,51,53,54,55,56,57,58,59,60,61,75,271,:
53:41,48,49,50,51,52,54,55,56,57,59,60,61,62,63,64,65,66,74,75,:
54:48,49,50,52,53,55,57,59,60,61,62,63,65,66,74,75,76,77,79,:
55:31,48,50,51,52,53,54,56,57,58,59,60,:
56:31,50,51,52,53,55,57,58,270,271,272,:
57:50,52,53,54,55,56,58,59,60,:
58:50,51,52,55,56,57,270,271,272,:
59:40,41,48,49,50,51,52,53,54,55,57,60,61,62,63,64,65,66,75,:
60:31,37,39,40,41,45,47,48,49,50,51,52,53,54,55,57,59,61,62,64,65,66,:
61:41,52,53,54,59,60,62,63,64,65,66,67,:
62:41,49,53,54,59,60,61,63,64,65,66,67,68,69,70,74,75,397,:
63:53,54,59,61,62,64,65,66,67,68,69,74,75,:
64:41,53,59,60,61,62,63,65,66,397,399,:
65:40,41,48,49,53,54,59,60,61,62,63,64,66,67,68,69,70,71,73,74,75,399,:
66:40,41,45,47,48,49,50,53,54,59,60,61,62,63,64,65,67,68,70,71,72,74,75,399,:
67:41,49,61,62,63,65,66,68,69,70,71,72,73,74,75,76,84,:
68:49,62,63,65,66,67,69,70,71,74,75,76,77,79,84,93,:
69:62,63,65,67,68,70,74,75,76,77,78,83,84,85,88,92,93,:
70:41,49,62,65,66,67,68,69,71,72,73,74,75,:
71:41,43,65,66,67,68,70,72,73,399,:
72:3,8,14,41,43,66,67,70,71,73,160,:
73:65,67,70,71,72,89,91,194,195,197,399,:
74:49,53,54,62,63,65,66,67,68,69,70,75,76,77,78,79,80,81,:
75:48,49,50,52,53,54,59,62,63,65,66,67,68,69,70,74,76,77,79,80,81,82,:
76:49,54,67,68,69,74,75,77,78,79,80,81,82,98,99,:
77:54,68,69,74,75,76,78,79,80,98,99,:
78:69,74,76,77,79,97,98,99,:
79:49,54,68,74,75,76,77,78,80,81,82,265,309,:
80:49,74,75,76,77,79,81,82,263,264,265,271,307,309,310,312,:
81:49,74,75,76,79,80,82,263,264,265,306,307,308,309,310,311,312,:
82:49,75,76,79,80,81,263,264,265,266,270,271,307,309,312,:
83:69,84,85,86,87,88,89,91,92,93,:
84:67,68,69,83,85,86,88,89,91,92,93,:
85:69,83,84,86,87,88,89,90,91,92,93,94,:
86:83,84,85,87,88,89,92,93,94,95,97,131,:
87:83,85,86,88,92,93,94,95,96,129,131,:
88:69,83,84,85,86,87,89,90,91,92,93,161,162,:
89:73,83,84,85,86,88,90,91,161,162,:
90:85,88,89,91,128,152,153,155,156,162,:
91:73,83,84,85,88,89,90,197,199,:
92:69,83,84,85,86,87,88,93,94,95,96,97,98,99,100,:
93:68,69,83,84,85,86,87,88,92,94,95,97,98,99,100,:
94:85,86,87,92,93,95,96,97,98,99,100,:
95:86,87,92,93,94,96,97,98,99,100,:
96:87,92,94,95,97,98,:
97:78,86,92,93,94,95,96,98,99,100,:
98:76,77,78,92,93,94,95,96,97,99,100,:
99:76,77,78,92,93,94,95,97,98,100,:
100:92,93,94,95,97,98,99,310,311,312,:
101:102,103,104,105,106,107,108,109,115,125,:
102:101,103,104,105,106,107,108,109,110,115,125,:
103:101,102,104,105,106,107,108,109,110,111,112,113,114,115,124,125,133,351,:
104:101,102,103,105,108,109,110,111,112,114,115,124,125,126,127,129,132,133,137,351,:
105:101,102,103,104,106,107,108,109,:
106:101,102,103,105,107,109,:
107:101,102,103,105,106,108,109,:
108:101,102,103,104,105,107,109,110,111,112,113,114,115,125,351,:
109:101,102,103,104,105,106,107,108,110,111,113,114,115,:
110:102,103,104,108,109,111,112,113,114,115,116,125,133,349,351,:
111:103,104,108,109,110,112,113,114,115,116,117,119,124,125,133,145,:
112:103,104,108,110,111,113,114,115,116,117,118,124,125,132,133,134,135,137,144,145,146,149,:
113:103,108,109,110,111,112,114,115,:
114:103,104,108,109,110,111,112,113,115,116,117,118,119,120,124,125,133,145,:
115:101,102,103,104,108,109,110,111,112,113,114,116,117,119,124,125,:
116:110,111,112,114,115,117,118,119,120,121,124,125,126,145,151,:
117:111,112,114,115,116,118,119,120,124,125,126,127,128,129,132,133,144,145,150,151,:
118:112,114,116,117,119,120,124,125,126,127,128,132,133,144,145,147,150,151,152,156,:
119:111,114,115,116,117,118,120,121,122,123,124,125,:
120:114,116,117,118,119,121,122,123,:
121:116,119,120,122,123,:
122:119,120,121,123,:
123:119,120,121,122,:
124:103,104,111,112,114,115,116,117,118,119,125,126,127,128,129,130,131,132,133,145,151,:
125:101,102,103,104,108,110,111,112,114,115,116,117,118,119,124,126,127,129,131,132,133,:
126:104,116,117,118,124,125,127,128,129,130,131,132,133,134,151,162,:
127:104,117,118,124,125,126,128,129,130,131,132,133,134,135,136,137,144,145,151,156,161,162,:
128:90,117,118,124,126,127,129,130,132,133,134,135,136,144,145,150,151,155,156,157,160,161,162,:
129:87,104,117,124,125,126,127,128,130,131,132,133,:
130:124,126,127,128,129,131,132,133,162,319,321,:
131:86,87,124,125,126,127,129,130,:
132:104,112,117,118,124,125,126,127,128,129,130,133,134,135,136,137,138,144,145,151,156,162,:
133:103,104,110,111,112,114,117,118,124,125,126,127,128,129,130,132,134,135,137,144,145,:
134:7,112,126,127,128,132,133,135,136,137,138,139,140,144,145,146,156,:
135:112,127,128,132,133,134,136,137,138,139,140,144,145,146,147,148,149,150,151,155,156,164,:
136:12,127,128,132,134,135,137,138,139,144,145,146,147,148,150,151,155,156,157,158,160,162,163,164,165,168,169,170,:
137:104,112,127,132,133,134,135,136,138,139,140,141,142,144,145,:
138:132,134,135,136,137,139,140,141,142,143,144,145,:
139:6,7,12,134,135,136,137,138,140,141,142,143,330,:
140:134,135,137,138,139,141,142,143,:
141:12,137,138,139,140,142,143,170,330,:
142:137,138,139,140,141,143,170,330,:
143:138,139,140,141,142,170,330,367,369,:
144:112,117,118,127,128,132,133,134,135,136,137,138,145,146,147,148,149,150,151,156,164,:
145:111,112,114,116,117,118,124,127,128,132,133,134,135,136,137,138,144,146,147,149,150,151,:
146:112,134,135,136,144,145,147,148,149,150,151,152,156,164,:
147:118,135,136,144,145,146,148,149,150,151,152,153,154,155,156,163,164,173,:
148:135,136,144,146,147,149,150,151,152,153,154,155,156,158,163,164,165,166,168,172,173,174,177,178,179,:
149:112,135,144,145,146,147,148,150,151,:
150:117,118,128,135,136,144,145,146,147,148,149,151,152,153,154,155,156,164,173,:
151:116,117,118,124,126,127,128,132,135,136,144,145,146,147,148,149,150,152,153,155,156,:
152:90,118,146,147,148,150,151,153,154,155,156,157,164,173,:
153:90,147,148,150,151,152,154,155,156,157,158,159,160,162,163,164,172,173,190,:
154:147,148,150,152,153,155,156,157,158,159,163,164,166,172,173,174,175,177,189,190,191,194,195,197,:
155:90,128,135,136,147,148,150,151,152,153,154,156,157,158,159,160,161,162,163,164,173,190,:
156:90,118,127,128,132,134,135,136,144,146,147,148,150,151,152,153,154,155,157,158,160,161,162,163,164,:
157:128,136,152,153,154,155,156,158,159,160,161,162,163,164,165,173,190,:
158:136,148,153,154,155,156,157,159,160,161,162,163,164,165,166,167,168,172,173,189,190,201,:
159:153,154,155,157,158,160,163,164,165,166,167,172,173,189,190,191,192,194,200,201,205,206,:
160:1,2,6,7,72,128,136,153,155,156,157,158,159,161,162,163,164,:
161:1,2,7,9,13,88,89,127,128,155,156,157,158,160,162,:
162:88,89,90,126,127,128,130,132,136,153,155,156,157,158,160,161,:
163:136,147,148,153,154,155,156,157,158,159,160,164,165,166,167,168,169,171,172,173,190,201,:
164:135,136,144,146,147,148,150,152,153,154,155,156,157,158,159,160,163,165,166,168,169,170,171,172,173,:
165:136,148,157,158,159,163,164,166,167,168,169,170,171,172,173,174,190,201,:
166:148,154,158,159,163,164,165,167,168,169,172,173,174,175,176,177,189,190,200,201,210,:
167:158,159,163,165,166,168,172,173,174,175,176,189,190,192,200,201,202,203,205,209,210,211,214,216,:
168:136,148,158,163,164,165,166,167,169,170,171,172,173,:
169:12,136,163,164,165,166,168,170,171,:
170:136,141,142,143,164,165,168,169,171,:
171:5,6,11,12,163,164,165,168,169,170,369,:
172:148,153,154,158,159,163,164,165,166,167,168,173,174,175,176,177,178,189,190,201,210,:
173:147,148,150,152,153,154,155,157,158,159,163,164,165,166,167,168,172,174,175,177,178,189,190,:
174:148,154,165,166,167,172,173,175,176,177,178,179,189,190,191,201,210,:
175:154,166,167,172,173,174,176,177,178,189,190,191,192,193,194,200,201,209,210,:
176:166,167,172,174,175,177,189,190,191,192,193,200,201,209,210,211,212,214,:
177:148,154,166,172,173,174,175,176,178,179,180,181,189,190,:
178:148,172,173,174,175,177,179,180,181,182,184,:
179:148,174,177,178,180,181,182,183,184,185,186,187,:
180:177,178,179,181,182,183,184,185,186,187,188,:
181:177,178,179,180,182,183,184,186,187,188,:
182:178,179,180,181,183,184,185,186,187,188,:
183:179,180,181,182,184,185,186,187,188,:
184:178,179,180,181,182,183,185,186,188,:
185:179,180,182,183,184,186,187,188,:
186:179,180,181,182,183,184,185,187,188,:
187:179,180,181,182,183,185,186,188,:
188:180,181,182,183,184,185,186,187,:
189:154,158,159,166,167,172,173,174,175,176,177,190,191,192,193,194,195,196,197,200,201,210,:
190:153,154,155,157,158,159,163,165,166,167,172,173,174,175,176,177,189,191,192,194,195,197,200,201,:
191:154,159,174,175,176,189,190,192,193,194,195,196,197,200,201,202,210,:
192:159,167,175,176,189,190,191,193,194,195,200,201,202,203,204,205,209,210,:
193:175,176,189,191,192,194,200,201,202,203,204,209,210,:
194:73,154,159,175,189,190,191,192,193,195,196,197,198,199,200,201,:
195:73,154,189,190,191,192,194,196,197,198,199,:
196:189,191,194,195,197,198,199,:
197:73,91,154,189,190,191,194,195,196,198,199,:
198:194,195,196,197,199,391,392,396,:
199:91,194,195,196,197,198,:
200:159,166,167,175,176,189,190,191,192,193,194,201,202,203,204,205,206,208,209,210,:
201:158,159,163,165,166,167,172,174,175,176,189,190,191,192,193,194,200,202,203,205,206,208,209,210,:
202:167,191,192,193,200,201,203,204,205,206,207,208,209,210,211,:
203:167,192,193,200,201,202,204,205,206,209,210,211,212,213,214,:
204:192,193,200,202,203,205,209,210,211,212,213,:
205:159,167,192,200,201,202,203,204,206,207,208,209,210,:
206:10,159,200,201,202,203,205,207,208,:
207:4,5,10,11,202,205,206,208,242,390,:
208:200,201,202,205,206,207,242,:
209:167,175,176,192,193,200,201,202,203,204,205,210,211,212,213,214,215,216,:
210:166,167,172,174,175,176,189,191,192,193,200,201,202,203,204,205,209,211,212,214,216,:
211:167,176,202,203,204,209,210,212,213,214,215,216,:
212:176,203,204,209,210,211,213,214,215,216,:
213:203,204,209,211,212,214,215,:
214:167,176,203,209,210,211,212,213,215,216,:
215:209,211,212,213,214,216,:
216:167,209,210,211,212,214,215,389,:
217:218,219,220,221,222,223,227,:
218:217,219,220,222,223,:
219:217,218,220,221,222,223,224,225,227,236,:
220:217,218,219,221,222,223,226,227,235,236,245,:
221:217,219,220,222,226,227,229,235,236,237,238,240,244,245,:
222:217,218,219,220,221,223,224,225,377,:
223:25,217,218,219,220,222,224,225,:
224:219,222,223,225,:
225:22,23,24,25,26,219,222,223,224,242,:
226:220,221,227,228,229,230,231,232,233,234,235,236,245,:
227:217,219,220,221,226,228,229,231,232,235,236,245,:
228:226,227,229,230,231,232,233,234,235,236,237,245,:
229:221,226,227,228,230,231,232,233,235,236,237,238,240,241,244,245,268,:
230:226,228,229,231,233,235,236,237,238,244,245,255,257,267,268,269,:
231:226,227,228,229,230,232,233,234,235,236,:
232:226,227,228,229,231,233,234,:
233:18,27,28,29,32,226,228,229,230,231,232,234,235,236,269,:
234:226,228,231,232,233,:
235:220,221,226,227,228,229,230,231,233,236,237,238,239,240,241,243,244,245,:
236:219,220,221,226,227,228,229,230,231,233,235,237,238,240,241,244,245,:
237:221,228,229,230,235,236,238,239,240,241,242,243,244,245,246,257,268,:
238:221,229,230,235,236,237,239,240,241,244,245,246,247,248,249,255,256,257,274,:
239:235,237,238,240,244,245,246,247,248,249,251,255,256,257,258,259,261,273,274,275,278,280,:
240:10,221,229,235,236,237,238,239,241,242,243,244,245,381,:
241:10,229,235,236,237,238,240,242,243,:
242:10,207,208,225,237,240,241,243,:
243:8,10,19,47,235,237,240,241,242,268,:
244:221,229,230,235,236,237,238,239,240,245,246,247,248,249,255,257,274,:
245:220,221,226,227,228,229,230,235,236,237,238,239,240,244,246,247,249,255,:
246:237,238,239,244,245,247,248,249,250,255,257,274,359,380,:
247:238,239,244,245,246,248,249,250,251,252,253,254,255,256,257,273,274,280,359,:
248:238,239,244,246,247,249,250,251,252,255,256,257,259,273,274,275,276,278,279,280,281,284,358,359,:
249:238,239,244,245,246,247,248,250,251,252,253,254,255,256,257,274,280,:
250:246,247,248,249,251,252,253,254,255,256,257,258,280,:
251:239,247,248,249,250,252,253,254,255,256,257,258,259,260,261,273,274,279,280,297,:
252:247,248,249,250,251,253,256,257,258,259,260,273,274,279,280,281,282,284,296,297,298,301,:
253:247,249,250,251,252,254,255,256,257,:
254:247,249,250,251,253,255,257,:
255:230,238,239,244,245,246,247,248,249,250,251,253,254,256,257,:
256:238,239,247,248,249,250,251,252,253,255,257,258,259,260,261,262,273,274,280,297,:
257:230,237,238,239,244,246,247,248,249,250,251,252,253,254,255,256,258,259,261,262,273,274,280,:
258:239,250,251,252,256,257,259,260,261,262,263,273,274,275,280,297,:
259:9,239,248,251,252,256,257,258,260,261,262,273,274,275,276,277,278,279,280,296,297,314,:
260:9,13,251,252,256,258,259,261,273,274,275,276,277,279,280,296,297,298,299,301,304,305,306,310,311,313,314,318,319,320,321,:
261:8,9,14,239,251,256,257,258,259,260,262,263,264,273,274,309,310,312,:
262:14,256,257,258,259,261,263,264,265,266,267,268,309,312,:
263:8,14,47,48,49,80,81,82,258,261,262,264,265,266,267,268,269,270,271,309,:
264:47,48,49,80,81,82,261,262,263,265,266,267,268,269,270,271,272,309,:
265:48,49,50,79,80,81,82,262,263,264,266,267,268,270,271,272,309,:
266:82,262,263,264,265,267,268,269,270,271,272,:
267:230,262,263,264,265,266,268,269,270,271,272,:
268:229,230,237,243,262,263,264,265,266,267,269,270,272,:
269:230,233,263,264,266,267,268,270,271,272,:
270:56,58,82,263,264,265,266,267,268,269,271,272,:
271:50,52,56,58,80,82,263,264,265,266,267,269,270,272,:
272:56,58,264,265,266,267,268,269,270,271,:
273:2,9,239,247,248,251,252,256,257,258,259,260,261,274,275,276,277,278,279,280,297,314,:
274:238,239,244,246,247,248,249,251,252,256,257,258,259,260,261,273,275,276,278,279,280,:
275:1,2,7,13,239,248,258,259,260,273,274,276,277,278,279,280,281,297,314,:
276:248,259,260,273,274,275,277,278,279,280,281,282,283,284,296,297,313,314,323,:
277:259,260,273,275,276,278,279,280,281,282,283,296,297,299,313,314,315,316,318,322,323,324,327,328,329,:
278:1,6,12,239,248,259,273,274,275,276,277,279,280,380,381,:
279:248,251,252,259,260,273,274,275,276,277,278,280,281,282,283,284,285,296,297,314,323,:
280:239,247,248,249,250,251,252,256,257,258,259,260,273,274,275,276,277,278,279,281,282,284,296,297,359,:
281:248,252,275,276,277,279,280,282,283,284,285,286,296,297,298,323,:
282:252,276,277,279,280,281,283,284,285,296,297,298,299,300,301,313,314,322,323,331,332,:
283:276,277,279,281,282,284,285,291,296,297,298,299,300,313,314,322,323,324,325,327,331,332,333,336,:
284:248,252,276,279,280,281,282,283,285,286,287,291,296,297,359,:
285:279,281,282,283,284,286,287,288,289,290,291,:
286:281,284,285,287,288,289,290,291,292,293,294,:
287:284,285,286,288,289,290,291,292,293,294,295,:
288:285,286,287,289,290,291,293,294,295,:
289:285,286,287,288,290,291,292,293,294,295,:
290:285,286,287,288,289,291,292,293,294,295,:
291:283,284,285,286,287,288,289,290,292,293,295,:
292:286,287,289,290,291,293,294,295,:
293:286,287,288,289,290,291,292,294,295,:
294:286,287,288,289,290,292,293,295,:
295:287,288,289,290,291,292,293,294,:
296:252,259,260,276,277,279,280,281,282,283,284,297,298,299,300,301,302,313,314,323,332,:
297:251,252,256,258,259,260,273,275,276,277,279,280,281,282,283,284,296,298,299,301,313,314,323,:
298:252,260,281,282,283,296,297,299,300,301,302,303,305,313,314,315,323,332,:
299:260,277,282,283,296,297,298,300,301,302,305,313,314,315,316,317,318,320,322,323,331,332,:
300:282,283,296,298,299,301,302,313,314,315,316,317,322,323,331,332,333,334,336,:
301:252,260,282,296,297,298,299,300,302,303,304,305,306,313,314,:
302:296,298,299,300,301,303,304,305,306,308,313,314,:
303:298,301,302,304,305,306,307,308,309,310,311,320,:
304:260,301,302,303,305,306,307,308,309,310,311,312,313,314,319,320,:
305:260,298,299,301,302,303,304,306,307,308,310,311,312,313,314,315,318,319,320,321,:
306:81,260,301,302,303,304,305,307,308,309,310,311,312,320,:
307:80,81,82,303,304,305,306,308,309,310,311,312,:
308:81,302,303,304,305,306,307,309,310,312,:
309:79,80,81,82,261,262,263,264,265,303,304,306,307,308,310,311,312,:
310:9,80,81,100,260,261,303,304,305,306,307,308,309,311,312,319,320,321,:
311:9,13,81,100,260,303,304,305,306,307,309,310,312,314,319,320,321,:
312:9,14,80,81,82,100,261,262,304,305,306,307,308,309,310,311,320,321,:
313:260,276,277,282,283,296,297,298,299,300,301,302,304,305,314,315,316,317,318,319,320,322,323,332,:
314:259,260,273,275,276,277,279,282,283,296,297,298,299,300,301,302,304,305,311,313,315,316,318,319,320,321,322,323,:
315:277,298,299,300,305,313,314,316,317,318,319,320,321,322,323,324,332,:
316:277,299,300,313,314,315,317,318,319,322,323,324,325,326,327,331,332,:
317:299,300,313,315,316,318,322,323,324,325,326,331,332,350,:
318:7,13,260,277,299,305,313,314,315,316,317,319,320,321,322,323,:
319:7,9,13,130,260,304,305,310,311,313,314,315,316,318,320,321,:
320:13,260,299,303,304,305,306,310,311,312,313,314,315,318,319,321,:
321:1,2,7,9,13,130,260,305,310,311,312,314,315,318,319,320,:
322:277,282,283,299,300,313,314,315,316,317,318,323,324,325,326,327,328,330,331,332,:
323:276,277,279,281,282,283,296,297,298,299,300,313,314,315,316,317,318,322,324,325,327,328,331,332,:
324:277,283,315,316,317,322,323,325,326,327,328,329,330,331,332,333,350,:
325:283,316,317,322,323,324,326,327,328,331,332,333,334,335,336,:
326:316,317,322,324,325,327,331,332,333,334,335,348,350,:
327:277,283,316,322,323,324,325,326,328,329,330,331,332,:
328:277,322,323,324,325,327,329,330,:
329:277,324,327,328,330,:
330:139,141,142,143,322,324,327,328,329,350,:
331:282,283,299,300,316,317,322,323,324,325,326,327,332,333,334,335,336,337,:
332:282,283,296,298,299,300,313,315,316,317,322,323,324,325,326,327,331,333,334,336,:
333:283,300,324,325,326,331,332,334,335,336,337,338,339,:
334:300,325,326,331,332,333,335,336,337,338,:
335:325,326,331,333,334,336,337,338,:
336:283,300,325,331,332,333,334,335,337,338,339,:
337:331,333,334,335,336,338,339,:
338:333,334,335,336,337,339,:
339:333,336,337,338,:
340:341,342,343,344,345,346,347,348,:
341:340,342,343,344,345,346,347,348,:
342:340,341,343,344,345,346,347,348,:
343:340,341,342,344,345,346,:
344:340,341,342,343,345,:
345:340,341,342,343,344,346,347,348,349,350,:
346:340,341,342,343,345,347,348,349,350,351,:
347:340,341,342,345,346,348,349,350,351,:
348:326,340,341,342,345,346,347,349,350,351,:
349:110,345,346,347,348,350,351,:
350:317,324,326,330,345,346,347,348,349,351,:
351:103,104,108,110,346,347,348,349,350,:
352:353,354,355,356,357,358,360,362,368,:
353:352,354,355,357,358,360,:
354:352,353,355,356,357,358,359,360,362,368,:
355:352,353,354,356,357,358,359,360,361,362,368,371,:
356:352,354,355,357,358,361,362,363,366,368,370,371,378,380,:
357:352,353,354,355,356,358,359,360,:
358:248,352,353,354,355,356,357,359,360,:
359:246,247,248,280,284,354,355,357,358,360,:
360:352,353,354,355,357,358,359,:
361:355,356,362,363,364,365,366,367,368,369,370,371,:
362:352,354,355,356,361,363,364,366,367,368,370,371,:
363:356,361,362,364,365,366,367,368,369,370,371,372,:
364:361,362,363,365,366,367,369,370,371,372,373,375,382,383,:
365:361,363,364,366,369,370,371,372,373,374,382,383,384,387,:
366:356,361,362,363,364,365,367,368,369,370,371,:
367:143,361,362,363,364,366,368,369,:
368:352,354,355,356,361,362,363,366,367,369,:
369:143,171,361,363,364,365,366,367,368,370,371,:
370:356,361,362,363,364,365,366,369,371,372,373,374,375,376,377,378,383,:
371:355,356,361,362,363,364,365,366,369,370,372,373,375,376,378,:
372:363,364,365,370,371,373,374,375,376,377,378,383,387,:
373:364,365,370,371,372,374,375,376,382,383,:
374:365,370,372,373,375,382,383,384,385,387,:
375:364,370,371,372,373,374,376,377,378,379,380,:
376:370,371,372,373,375,377,378,379,380,381,:
377:222,370,372,375,376,378,379,380,381,390,:
378:356,370,371,372,375,376,377,379,380,381,:
379:11,375,376,377,378,380,381,:
380:246,278,356,375,376,377,378,379,381,:
381:11,240,278,376,377,378,379,380,:
382:364,365,373,374,383,384,385,386,387,388,:
383:364,365,370,372,373,374,382,384,385,387,:
384:365,374,382,383,385,386,387,388,389,390,:
385:374,382,383,384,386,387,388,389,:
386:382,384,385,387,388,389,:
387:365,372,374,382,383,384,385,386,388,389,390,:
388:382,384,385,386,387,389,390,:
389:216,384,385,386,387,388,390,:
390:207,377,384,387,388,389,:
391:198,392,393,394,395,396,397,398,:
392:198,391,393,394,396,398,:
393:391,392,394,395,396,397,398,399,:
394:391,392,393,395,396,397,398,:
395:391,393,394,396,397,398,:
396:198,391,392,393,394,395,397,398,399,:
397:62,64,391,393,394,395,396,398,399,:
398:391,392,393,394,395,396,397,399,:
399:41,43,64,65,66,71,73,393,396,397,398,:
