1:2,3,4,5,6,7,8,19,20,22,23,24,25,26,27,28,29,36,37,38,113,434,436,:
2:1,3,4,5,6,7,23,24,25,26,27,28,36,38,52,54,113,125,436,:
3:1,2,4,5,6,24,25,26,27,28,38,113,125,132,136,436,:
4:1,2,3,5,6,7,24,25,26,27,28,29,38,113,136,158,219,436,:
5:1,2,3,4,6,7,8,9,19,23,24,25,26,27,28,29,31,36,37,38,113,158,197,217,218,219,220,221,436,:
6:1,2,3,4,5,7,8,9,17,18,19,20,22,23,24,25,26,27,28,29,36,37,38,113,158,197,434,:
7:1,2,4,5,6,8,9,10,16,17,18,19,20,21,22,23,24,28,29,34,36,37,38,158,196,197,198,434,:
8:1,5,6,7,9,10,15,16,17,18,19,20,24,28,29,31,32,33,34,37,38,197,220,434,:
9:5,6,7,8,10,11,12,13,14,15,16,17,18,19,28,29,30,31,32,33,220,221,434,:
10:7,8,9,11,12,13,14,15,16,17,28,29,30,31,32,33,220,221,420,:
11:9,10,12,13,14,15,16,29,30,31,32,220,221,420,:
12:9,10,11,13,14,15,29,30,31,32,412,413,419,420,421,424,425,426,427,429,497,499,:
13:9,10,11,12,14,15,29,30,31,32,220,221,306,307,308,328,381,382,499,:
14:9,10,11,12,13,15,29,30,31,220,221,244,308,310,420,425,426,:
15:8,9,10,11,12,13,14,16,17,18,29,31,32,33,328,418,:
16:7,8,9,10,11,15,17,18,19,29,32,33,34,327,418,:
17:6,7,8,9,10,15,16,18,19,20,28,29,32,33,34,196,197,198,:
18:6,7,8,9,15,16,17,19,20,21,22,33,34,37,196,197,198,:
19:1,5,6,7,8,9,16,17,18,20,21,22,23,24,28,34,35,36,37,38,196,197,198,:
20:1,6,7,8,17,18,19,21,22,23,24,34,35,36,37,38,156,197,198,:
21:7,18,19,20,22,23,24,34,35,37,38,:
22:1,6,7,18,19,20,21,23,24,34,35,36,37,38,112,113,114,155,156,158,197,198,:
23:1,2,5,6,7,19,20,21,22,24,28,35,36,37,38,110,112,113,114,155,156,157,158,196,197,198,:
24:1,2,3,4,5,6,7,8,19,20,21,22,23,25,35,36,37,38,434,:
25:1,2,3,4,5,6,24,26,38,52,54,111,113,125,126,128,:
26:1,2,3,4,5,6,25,27,113,122,123,124,125,126,131,132,133,136,:
27:1,2,3,4,5,6,26,28,29,136,158,217,219,221,243,:
28:1,2,3,4,5,6,7,8,9,10,17,19,23,27,29,31,37,38,157,158,197,216,217,218,219,220,221,:
29:1,4,5,6,7,8,9,10,11,12,13,14,15,16,17,27,28,30,31,219,220,221,434,436,:
30:9,10,11,12,13,14,29,31,221,243,244,269,307,308,310,420,424,425,426,427,:
31:5,8,9,10,11,12,13,14,15,28,29,30,219,220,221,243,244,308,420,425,426,436,:
32:8,9,10,11,12,13,15,16,17,33,327,328,382,418,:
33:8,9,10,15,16,17,18,32,34,327,350,351,418,:
34:7,8,16,17,18,19,20,21,22,33,196,198,351,:
35:19,20,21,22,23,24,36,37,38,112,113,114,156,:
36:1,2,5,6,7,19,20,22,23,24,35,37,38,109,110,111,112,113,114,155,156,157,158,159,197,:
37:1,5,6,7,8,18,19,20,21,22,23,24,28,35,36,38,112,113,114,155,156,157,158,159,196,197,198,:
38:1,2,3,4,5,6,7,8,19,20,21,22,23,24,25,28,35,36,37,112,113,114,155,156,157,158,197,:
39:40,41,42,43,44,45,46,:
40:39,41,42,43,44,45,46,:
41:39,40,42,43,44,45,46,47,51,:
42:39,40,41,43,44,45,47,51,:
43:39,40,41,42,44,45,46,47,51,127,129,:
44:39,40,41,42,43,45,46,47,48,50,51,:
45:39,40,41,42,43,44,46,47,48,49,50,51,52,53,442,:
46:39,40,41,43,44,45,47,48,49,50,51,52,441,:
47:41,42,43,44,45,46,48,49,50,51,52,53,54,129,442,443,:
48:44,45,46,47,49,50,51,52,54,130,441,:
49:45,46,47,48,50,52,130,:
50:44,45,46,47,48,49,51,52,53,54,127,129,130,442,443,:
51:41,42,43,44,45,46,47,48,50,52,53,54,127,442,443,:
52:2,25,45,46,47,48,49,50,51,53,54,126,127,128,129,130,:
53:45,47,50,51,52,54,64,66,67,68,127,129,443,:
54:2,25,47,48,50,51,52,53,68,125,126,127,128,129,130,433,436,443,:
55:56,57,58,59,60,61,62,:
56:55,57,58,60,61,62,:
57:55,56,58,59,60,61,62,63,:
58:55,56,57,59,60,61,:
59:55,57,58,60,:
60:55,56,57,58,59,61,62,63,64,65,:
61:55,56,57,58,60,62,63,64,65,66,511,:
62:55,56,57,60,61,63,64,65,66,67,511,514,:
63:57,60,61,62,64,65,66,67,68,511,512,:
64:53,60,61,62,63,65,66,67,68,511,512,513,514,:
65:60,61,62,63,64,66,67,68,511,512,513,:
66:53,61,62,63,64,65,67,68,511,512,513,:
67:53,62,63,64,65,66,68,436,513,:
68:53,54,63,64,65,66,67,436,:
69:70,71,72,73,74,75,76,77,403,408,409,531,532,533,:
70:69,71,72,73,74,75,77,403,407,408,409,531,532,533,:
71:69,70,72,73,74,75,76,77,78,79,80,83,403,408,:
72:69,70,71,73,74,75,76,77,78,79,80,81,82,83,427,531,532,:
73:69,70,71,72,74,77,78,83,408,409,421,424,427,527,530,531,532,533,:
74:69,70,71,72,73,75,76,77,78,402,403,406,408,409,427,493,494,:
75:69,70,71,72,74,76,399,400,402,403,406,408,491,493,494,495,:
76:69,71,72,74,75,399,402,403,491,493,494,:
77:69,70,71,72,73,74,78,79,80,81,82,83,427,:
78:71,72,73,74,77,79,80,81,82,83,281,:
79:71,72,77,78,80,81,82,83,:
80:71,72,77,78,79,81,82,83,:
81:72,77,78,79,80,82,83,264,265,266,271,272,273,277,278,279,280,281,:
82:72,77,78,79,80,81,83,263,264,265,266,524,:
83:71,72,73,77,78,79,80,81,82,427,524,525,527,:
84:85,86,87,88,89,90,93,94,150,153,:
85:84,86,87,88,89,93,149,150,151,152,153,:
86:84,85,87,88,89,90,91,92,93,94,95,150,153,:
87:84,85,86,88,89,90,91,93,94,95,96,97,98,104,105,149,150,:
88:84,85,86,87,89,90,93,94,95,96,104,105,135,139,140,142,149,150,153,:
89:84,85,86,87,88,90,91,92,93,94,150,177,:
90:84,86,87,88,89,91,92,93,94,96,97,:
91:86,87,89,90,92,93,94,96,97,:
92:86,89,90,91,177,:
93:84,85,86,87,88,89,90,91,94,95,96,97,98,99,104,105,:
94:84,86,87,88,89,90,91,93,95,96,97,98,:
95:86,87,88,93,94,96,97,98,99,100,101,104,105,106,116,135,:
96:87,88,90,91,93,94,95,97,98,99,100,104,105,106,107,109,115,116,135,:
97:87,90,91,93,94,95,96,98,99,100,104,105,106,107,115,116,:
98:87,93,94,95,96,97,99,100,101,102,103,104,105,116,:
99:93,95,96,97,98,100,101,102,103,104,105,115,116,508,:
100:95,96,97,98,99,101,102,103,104,105,106,107,115,116,117,121,135,508,:
101:95,98,99,100,102,103,116,508,:
102:98,99,100,101,103,508,:
103:98,99,100,101,102,:
104:87,88,93,95,96,97,98,99,100,105,106,107,108,109,110,111,112,115,116,121,135,:
105:87,88,93,95,96,97,98,99,100,104,106,107,109,110,111,112,114,115,116,121,132,134,135,139,:
106:95,96,97,100,104,105,107,108,109,110,111,112,114,115,116,117,121,:
107:96,97,100,104,105,106,108,109,110,111,115,116,117,118,120,121,:
108:104,106,107,109,110,111,115,116,117,118,120,121,126,128,130,:
109:36,96,104,105,106,107,108,110,111,112,113,114,115,116,121,:
110:23,36,104,105,106,107,108,109,111,112,113,114,115,121,131,132,135,:
111:25,36,104,105,106,107,108,109,110,112,113,114,115,116,120,121,122,123,125,126,128,131,132,133,134,135,:
112:22,23,35,36,37,38,104,105,106,109,110,111,113,114,132,155,156,157,158,:
113:1,2,3,4,5,6,22,23,25,26,35,36,37,38,109,110,111,112,114,132,135,155,156,157,158,159,:
114:22,23,35,36,37,38,105,106,109,110,111,112,113,155,156,157,158,:
115:96,97,99,100,104,105,106,107,108,109,110,111,116,117,118,119,120,121,:
116:95,96,97,98,99,100,101,104,105,106,107,108,109,111,115,117,118,120,121,135,508,:
117:100,106,107,108,115,116,118,119,120,121,122,:
118:107,108,115,116,117,119,120,121,122,123,125,126,127,132,508,:
119:115,117,118,120,121,122,123,125,126,127,:
120:107,108,111,115,116,117,118,119,121,122,123,124,125,126,127,128,131,132,508,:
121:100,104,105,106,107,108,109,110,111,115,116,117,118,119,120,122,123,124,125,126,128,131,132,133,134,135,508,:
122:26,111,117,118,119,120,121,123,124,125,126,127,128,131,132,133,:
123:26,111,118,119,120,121,122,124,125,126,131,132,133,134,135,136,508,519,:
124:26,120,121,122,123,125,131,132,133,136,506,507,508,514,515,517,518,519,:
125:2,3,25,26,54,111,118,119,120,121,122,123,124,126,127,128,129,130,131,132,:
126:25,26,52,54,108,111,118,119,120,121,122,123,125,127,128,129,130,132,:
127:43,50,51,52,53,54,118,119,120,122,125,126,128,129,130,:
128:25,52,54,108,111,120,121,122,125,126,127,129,130,:
129:43,47,50,52,53,54,125,126,127,128,130,:
130:48,49,50,52,54,108,125,126,127,128,129,:
131:26,110,111,120,121,122,123,124,125,132,133,134,135,136,137,138,508,519,:
132:3,26,105,110,111,112,113,118,120,121,122,123,124,125,126,131,133,134,135,136,137,:
133:26,111,121,122,123,124,131,132,134,135,136,137,138,139,507,508,517,518,519,:
134:105,111,121,123,131,132,133,135,136,137,138,139,140,141,142,507,:
135:88,95,96,100,104,105,110,111,113,116,121,123,131,132,133,134,136,137,138,139,140,142,508,:
136:3,4,26,27,123,124,131,132,133,134,135,137,138,226,517,518,519,:
137:131,132,133,134,135,136,138,139,140,141,142,143,145,149,150,:
138:131,133,134,135,136,137,139,140,141,142,143,144,145,147,223,259,260,:
139:88,105,133,134,135,137,138,140,141,142,143,144,145,149,150,151,:
140:88,134,135,137,138,139,141,142,143,144,149,150,151,152,153,154,155,157,159,:
141:134,137,138,139,140,142,143,144,149,150,151,152,157,159,161,203,213,216,223,:
142:88,134,135,137,138,139,140,141,143,144,145,146,147,149,150,:
143:137,138,139,140,141,142,144,145,146,147,148,:
144:138,139,140,141,142,143,145,146,147,148,:
145:137,138,139,142,143,144,146,147,148,260,:
146:142,143,144,145,147,148,229,231,:
147:138,142,143,144,145,146,148,259,260,:
148:143,144,145,146,147,229,231,:
149:85,87,88,137,139,140,141,142,150,151,152,153,154,155,156,157,159,160,161,:
150:84,85,86,87,88,89,137,139,140,141,142,149,151,152,153,154,155,156,157,159,:
151:85,139,140,141,149,150,152,153,154,155,156,157,158,159,160,161,162,203,:
152:85,140,141,149,150,151,153,154,155,159,160,161,162,163,164,165,167,168,169,203,:
153:84,85,86,88,140,149,150,151,152,154,160,161,162,163,168,169,:
154:140,149,150,151,152,153,155,156,157,158,159,160,161,:
155:22,23,36,37,38,112,113,114,140,149,150,151,152,154,156,157,158,159,196,197,198,:
156:20,22,23,35,36,37,38,112,113,114,149,150,151,154,155,157,158,159,196,197,198,:
157:23,28,36,37,38,112,113,114,140,141,149,150,151,154,155,156,158,159,194,195,196,197,198,216,217,:
158:4,5,6,7,22,23,27,28,36,37,38,112,113,114,151,154,155,156,157,159,196,197,198,216,217,218,:
159:36,37,113,140,141,149,150,151,152,154,155,156,157,158,161,194,195,196,197,202,203,213,216,217,218,:
160:149,151,152,153,154,161,162,163,164,165,166,167,168,169,200,203,:
161:141,149,151,152,153,154,159,160,162,163,164,165,167,199,200,201,202,203,:
162:151,152,153,160,161,163,164,165,166,167,168,169,170,200,203,:
163:152,153,160,161,162,164,165,166,167,168,169,170,171,172,173,174,200,:
164:152,160,161,162,163,165,166,168,169,170,171,189,190,192,199,200,203,:
165:152,160,161,162,163,164,166,167,168,169,200,208,209,210,:
166:160,162,163,164,165,167,168,169,209,210,:
167:152,160,161,162,163,165,166,208,210,:
168:152,153,160,162,163,164,165,166,169,170,171,172,173,174,175,:
169:152,153,160,162,163,164,165,166,168,170,171,172,173,174,175,176,:
170:162,163,164,168,169,171,172,173,174,175,182,:
171:163,164,168,169,170,172,173,174,182,:
172:163,168,169,170,171,173,:
173:163,168,169,170,171,172,174,175,176,177,:
174:163,168,169,170,171,173,175,176,177,:
175:168,169,170,173,174,176,177,:
176:169,173,174,175,177,:
177:89,92,173,174,175,176,:
178:179,180,181,182,183,184,185,187,188,325,:
179:178,180,181,183,185,187,188,324,325,329,331,:
180:178,179,181,182,183,184,185,186,187,188,189,325,:
181:178,179,180,182,183,184,185,187,188,189,190,192,193,:
182:170,171,178,180,181,183,184,187,188,189,192,:
183:178,179,180,181,182,184,185,186,187,188,:
184:178,180,181,182,183,185,186,187,:
185:178,179,180,181,183,184,186,187,188,324,325,348,:
186:180,183,184,185,345,346,:
187:178,179,180,181,182,183,184,185,188,189,190,191,192,193,199,200,322,325,:
188:178,179,180,181,182,183,185,187,189,190,191,192,193,199,321,322,323,324,325,326,:
189:164,180,181,182,187,188,190,191,192,193,194,195,199,200,201,:
190:164,181,187,188,189,191,192,193,194,195,199,200,201,202,203,204,322,:
191:187,188,189,190,192,193,194,195,199,200,201,204,314,315,321,322,323,325,326,328,:
192:164,181,182,187,188,189,190,191,193,194,195,196,198,199,200,:
193:181,187,188,189,190,191,192,194,195,196,197,198,199,:
194:157,159,189,190,191,192,193,195,196,197,198,199,218,328,:
195:157,159,189,190,191,192,193,194,196,197,198,199,200,201,202,203,211,212,216,217,218,220,328,:
196:7,17,18,19,23,34,37,155,156,157,158,159,192,193,194,195,197,198,218,:
197:5,6,7,8,17,18,19,20,22,23,28,36,37,38,155,156,157,158,159,193,194,195,196,198,217,218,220,:
198:7,17,18,19,20,22,23,34,37,155,156,157,158,192,193,194,195,196,197,:
199:161,164,187,188,189,190,191,192,193,194,195,200,201,202,203,204,205,207,211,212,322,:
200:160,161,162,163,164,165,187,189,190,191,192,195,199,201,202,203,204,205,206,207,:
201:161,189,190,191,195,199,200,202,203,204,205,206,207,211,212,213,305,322,:
202:159,161,190,195,199,200,201,203,204,205,206,211,212,213,214,215,216,217,218,305,:
203:141,151,152,159,160,161,162,164,190,195,199,200,201,202,204,205,206,211,212,213,216,:
204:190,191,199,200,201,202,203,205,206,207,208,209,211,212,305,314,318,320,:
205:199,200,201,202,203,204,206,207,208,209,210,211,212,:
206:200,201,202,203,204,205,207,208,209,210,211,212,299,:
207:199,200,201,204,205,206,208,209,210,:
208:165,167,204,205,206,207,209,210,231,:
209:165,166,204,205,206,207,208,210,:
210:165,166,167,205,206,207,208,209,:
211:195,199,201,202,203,204,205,206,212,213,214,215,216,217,218,222,223,302,305,:
212:195,199,201,202,203,204,205,206,211,213,214,215,216,217,218,219,222,299,301,302,303,304,305,:
213:141,159,201,202,203,211,212,214,215,216,217,218,219,222,223,224,302,:
214:202,211,212,213,215,216,217,218,219,222,223,224,225,226,227,228,229,302,:
215:202,211,212,213,214,216,217,219,222,223,224,225,227,228,229,294,295,299,301,302,303,304,305,306,:
216:28,141,157,158,159,195,202,203,211,212,213,214,215,217,218,219,220,221,222,223,:
217:5,27,28,157,158,159,195,197,202,211,212,213,214,215,216,218,219,220,221,222,223,:
218:5,28,158,159,194,195,196,197,202,211,212,213,214,216,217,219,220,221,305,:
219:4,5,27,28,29,31,212,213,214,215,216,217,218,220,221,222,223,226,242,243,244,:
220:5,8,9,10,11,13,14,28,29,31,195,197,216,217,218,219,221,306,328,:
221:5,9,10,11,13,14,27,28,29,30,31,216,217,218,219,220,244,306,307,308,:
222:211,212,213,214,215,216,217,219,223,224,225,226,227,228,229,234,235,302,:
223:138,141,211,213,214,215,216,217,219,222,224,225,226,227,228,229,:
224:213,214,215,222,223,225,226,227,228,229,230,234,235,236,286,302,:
225:214,215,222,223,224,226,227,228,234,235,236,237,238,239,240,242,257,259,286,:
226:136,214,219,222,223,224,225,227,234,235,236,239,240,241,242,257,259,518,:
227:214,215,222,223,224,225,226,228,229,230,231,232,234,235,257,259,286,:
228:214,215,222,223,224,225,227,229,230,231,232,233,:
229:146,148,214,215,222,223,224,227,228,230,231,232,233,:
230:224,227,228,229,231,232,233,294,297,:
231:146,148,208,227,228,229,230,232,233,:
232:227,228,229,230,231,233,297,299,:
233:228,229,230,231,232,299,:
234:222,224,225,226,227,235,236,237,238,239,240,241,242,245,246,257,283,285,286,:
235:222,224,225,226,227,234,236,237,238,239,240,242,245,282,283,284,285,286,:
236:224,225,226,234,235,237,238,239,240,241,242,245,246,247,257,283,286,516,:
237:225,234,235,236,238,239,240,245,246,247,248,250,251,257,283,516,:
238:225,234,235,236,237,239,245,246,247,250,282,283,284,286,:
239:225,226,234,235,236,237,238,240,241,242,243,244,245,246,267,513,:
240:225,226,234,235,236,237,239,241,242,243,244,267,268,269,270,513,:
241:226,234,236,239,240,242,243,244,268,269,270,512,513,:
242:219,225,226,234,235,236,239,240,241,243,244,267,268,269,270,308,310,426,:
243:27,30,31,219,239,240,241,242,244,268,269,270,425,426,513,:
244:14,30,31,219,221,239,240,241,242,243,268,269,270,308,310,425,426,:
245:234,235,236,237,238,239,246,247,248,249,250,251,253,257,510,515,516,:
246:234,236,237,238,239,245,247,248,249,250,251,253,257,509,510,515,516,517,518,:
247:236,237,238,245,246,248,249,250,251,252,253,257,516,:
248:237,245,246,247,249,250,251,252,510,516,:
249:245,246,247,248,250,251,252,509,510,516,:
250:237,238,245,246,247,248,249,251,252,253,254,256,257,:
251:237,245,246,247,248,249,250,252,253,254,255,256,257,258,259,:
252:247,248,249,250,251,253,254,255,256,257,258,504,:
253:245,246,247,250,251,252,254,255,256,257,258,259,260,516,518,:
254:250,251,252,253,255,256,257,258,260,503,504,:
255:251,252,253,254,256,258,503,504,:
256:250,251,252,253,254,255,257,258,259,260,504,518,:
257:225,226,227,234,236,237,245,246,247,250,251,252,253,254,256,258,259,260,516,517,518,:
258:251,252,253,254,255,256,257,259,260,504,506,507,517,518,:
259:138,147,225,226,227,251,253,256,257,258,260,517,518,:
260:138,145,147,253,254,256,257,258,259,507,517,518,519,:
261:262,263,264,265,266,267,271,272,275,289,290,:
262:261,263,264,266,267,271,272,275,287,288,289,290,291,:
263:82,261,262,264,265,266,267,268,271,272,273,290,524,:
264:81,82,261,262,263,265,266,267,271,272,273,274,275,276,290,:
265:81,82,261,263,264,266,271,272,273,274,275,524,:
266:81,82,261,262,263,264,265,267,268,269,270,271,272,290,524,:
267:239,240,242,261,262,263,264,266,268,269,270,520,521,524,:
268:240,241,242,243,244,263,266,267,269,270,424,425,426,520,521,:
269:30,240,241,242,243,244,266,267,268,270,308,310,424,425,426,427,521,:
270:240,241,242,243,244,266,267,268,269,424,425,426,520,521,522,525,:
271:81,261,262,263,264,265,266,272,273,274,275,276,277,278,289,290,291,:
272:81,261,262,263,264,265,266,271,273,274,275,276,277,278,280,289,290,291,:
273:81,263,264,265,271,272,274,275,276,277,278,279,290,:
274:264,265,271,272,273,275,276,277,:
275:261,262,264,265,271,272,273,274,276,290,:
276:264,271,272,273,274,275,277,278,279,280,281,290,:
277:81,271,272,273,274,276,278,279,280,281,291,:
278:81,271,272,273,276,277,279,280,281,289,290,291,:
279:81,273,276,277,278,280,281,:
280:81,272,276,277,278,279,281,291,492,496,498,499,:
281:78,81,276,277,278,279,280,:
282:235,238,283,284,285,286,287,288,292,293,:
283:234,235,236,237,238,282,284,285,286,287,292,:
284:235,238,282,283,285,286,287,288,289,292,293,294,:
285:234,235,282,283,284,286,287,288,292,293,294,295,296,297,:
286:224,225,227,234,235,236,238,282,283,284,285,287,288,292,293,294,295,302,:
287:262,282,283,284,285,286,288,289,290,291,292,293,:
288:262,282,284,285,286,287,289,290,291,292,293,309,311,:
289:261,262,271,272,278,284,287,288,290,291,309,311,:
290:261,262,263,264,266,271,272,273,275,276,278,287,288,289,291,:
291:262,271,272,277,278,280,287,288,289,290,309,310,311,:
292:282,283,284,285,286,287,288,293,294,295,296,297,298,301,302,:
293:282,284,285,286,287,288,292,294,295,296,297,:
294:215,230,284,285,286,292,293,295,296,297,298,299,300,301,302,303,:
295:215,285,286,292,293,294,296,297,298,299,301,302,303,304,306,307,309,313,:
296:285,292,293,294,295,297,298,301,302,303,304,306,307,309,313,387,394,395,:
297:230,232,285,292,293,294,295,296,298,299,300,301,302,:
298:292,294,295,296,297,299,300,301,302,319,:
299:206,212,215,232,233,294,295,297,298,300,301,302,:
300:294,297,298,299,319,:
301:212,215,292,294,295,296,297,298,299,302,303,304,305,306,307,309,312,313,:
302:211,212,213,214,215,222,224,286,292,294,295,296,297,298,299,301,303,304,305,306,307,312,:
303:212,215,294,295,296,301,302,304,305,306,307,308,309,312,313,314,387,:
304:212,215,295,296,301,302,303,305,306,307,312,313,314,315,316,317,318,321,322,387,:
305:201,202,204,211,212,215,218,301,302,303,304,306,312,313,314,315,321,322,:
306:13,215,220,221,295,296,301,302,303,304,305,307,308,309,310,311,312,313,381,:
307:13,30,221,295,296,301,302,303,304,306,308,309,310,311,499,:
308:13,14,30,31,221,242,244,269,303,306,307,309,310,311,426,499,:
309:288,289,291,295,296,301,303,306,307,308,310,311,498,499,:
310:14,30,242,244,269,291,306,307,308,309,311,426,499,:
311:288,289,291,306,307,308,309,310,498,499,:
312:301,302,303,304,305,306,313,314,315,316,317,318,319,321,322,384,387,:
313:295,296,301,303,304,305,306,312,314,315,316,317,318,319,381,383,384,385,386,387,388,:
314:191,204,303,304,305,312,313,315,316,317,318,319,320,321,322,323,384,387,:
315:191,304,305,312,313,314,316,317,318,321,322,323,324,325,326,328,336,338,384,:
316:304,312,313,314,315,317,321,322,323,324,329,330,336,338,373,377,378,381,383,384,385,387,388,:
317:304,312,313,314,315,316,318,319,320,321,322,338,384,387,:
318:204,304,312,313,314,315,317,319,320,:
319:298,300,312,313,314,317,318,320,387,390,:
320:204,314,317,318,319,:
321:188,191,304,305,312,314,315,316,317,322,323,324,325,326,327,328,329,330,:
322:187,188,190,191,199,201,304,305,312,314,315,316,317,321,323,324,325,326,328,:
323:188,191,314,315,316,321,322,324,325,326,327,328,329,330,331,336,:
324:179,185,188,315,316,321,322,323,325,326,327,328,329,330,331,332,334,335,336,373,:
325:178,179,180,185,187,188,191,315,321,322,323,324,326,327,329,330,331,334,335,336,:
326:188,191,315,321,322,323,324,325,327,328,329,330,:
327:16,32,33,321,323,324,325,326,328,329,330,:
328:13,15,32,191,194,195,220,315,321,322,323,324,326,327,:
329:179,316,321,323,324,325,326,327,330,331,332,333,334,335,336,370,373,:
330:316,321,323,324,325,326,327,329,331,332,333,334,335,336,369,370,372,373,375,:
331:179,323,324,325,329,330,332,333,334,335,336,337,370,373,:
332:324,329,330,331,333,334,335,369,370,373,:
333:329,330,331,332,334,362,363,365,368,369,370,371,372,373,:
334:324,325,329,330,331,332,333,335,336,337,338,339,370,373,:
335:324,325,329,330,331,332,334,336,337,338,339,373,:
336:315,316,323,324,325,329,330,331,334,335,337,338,339,373,384,:
337:331,334,335,336,338,339,:
338:315,316,317,334,335,336,337,339,384,:
339:334,335,336,337,338,:
340:341,342,343,344,345,346,:
341:340,342,343,345,:
342:340,341,343,344,345,346,347,348,:
343:340,341,342,344,345,346,347,348,353,:
344:340,342,343,345,346,347,352,353,357,358,359,:
345:186,340,341,342,343,344,346,347,348,349,350,:
346:186,340,342,343,344,345,347,348,349,350,351,:
347:342,343,344,345,346,348,349,350,351,:
348:185,342,343,345,346,347,349,350,351,368,:
349:345,346,347,348,350,351,358,:
350:33,345,346,347,348,349,351,367,368,:
351:33,34,346,347,348,349,350,358,:
352:344,353,354,355,356,357,358,359,:
353:343,344,352,354,355,357,358,359,:
354:352,353,355,356,357,358,359,:
355:352,353,354,356,357,358,359,:
356:352,354,355,357,359,467,:
357:344,352,353,354,355,356,358,359,:
358:344,349,351,352,353,354,355,357,359,366,367,368,:
359:344,352,353,354,355,356,357,358,:
360:361,362,363,364,365,366,368,369,370,472,473,:
361:360,362,363,364,365,366,471,472,473,474,476,:
362:333,360,361,363,364,365,366,367,368,369,370,371,473,:
363:333,360,361,362,364,365,366,369,370,371,372,374,473,:
364:360,361,362,363,365,369,370,371,374,473,478,479,:
365:333,360,361,362,363,364,366,367,368,369,370,473,:
366:358,360,361,362,363,365,367,368,475,:
367:350,358,362,365,366,368,418,475,:
368:333,348,350,358,360,362,365,366,367,:
369:330,332,333,360,362,363,364,365,370,371,372,373,374,375,376,:
370:329,330,331,332,333,334,360,362,363,364,365,369,371,372,373,374,375,:
371:333,362,363,364,369,370,372,373,374,375,376,377,:
372:330,333,363,369,370,371,373,374,375,376,377,378,379,380,382,384,:
373:316,324,329,330,331,332,333,334,335,336,369,370,371,372,374,375,376,377,378,380,382,384,:
374:363,364,369,370,371,372,373,375,376,:
375:330,369,370,371,372,373,374,376,377,378,379,380,381,382,383,384,482,:
376:369,371,372,373,374,375,377,378,379,380,382,482,484,486,:
377:316,371,372,373,375,376,378,379,380,381,382,383,384,385,:
378:316,372,373,375,376,377,379,380,381,382,383,384,385,386,387,388,392,393,:
379:372,375,376,377,378,380,381,383,384,385,386,392,393,486,487,496,:
380:372,373,375,376,377,378,379,381,382,383,384,482,496,498,499,:
381:13,306,313,316,375,377,378,379,380,382,383,384,498,499,:
382:13,32,372,373,375,376,377,378,380,381,482,:
383:313,316,375,377,378,379,380,381,384,385,386,387,388,389,392,393,:
384:312,313,314,315,316,317,336,338,372,373,375,377,378,379,380,381,383,385,386,387,388,:
385:313,316,377,378,379,383,384,386,387,388,389,390,391,392,393,394,:
386:313,378,379,383,384,385,387,388,389,391,392,393,394,395,396,:
387:296,303,304,312,313,314,316,317,319,378,383,384,385,386,388,392,393,394,395,:
388:313,316,378,383,384,385,386,387,389,390,391,392,393,:
389:383,385,386,388,390,391,:
390:319,385,388,389,391,:
391:385,386,388,389,390,392,393,:
392:378,379,383,385,386,387,388,391,393,394,395,396,:
393:378,379,383,385,386,387,388,391,392,394,395,396,:
394:296,385,386,387,392,393,395,396,:
395:296,386,387,392,393,394,396,:
396:386,392,393,394,395,:
397:398,399,400,401,402,403,479,480,:
398:397,399,400,401,402,477,478,479,480,485,:
399:75,76,397,398,400,401,402,403,404,480,491,494,:
400:75,397,398,399,401,402,403,404,405,406,407,476,477,480,481,494,:
401:397,398,399,400,402,403,404,407,469,470,476,477,478,479,480,481,:
402:74,75,76,397,398,399,400,401,403,404,405,406,407,408,409,410,411,477,481,491,493,494,:
403:69,70,71,74,75,76,397,399,400,401,402,404,405,406,407,408,409,491,493,494,:
404:399,400,401,402,403,405,406,407,408,409,410,411,412,414,464,470,477,483,494,:
405:400,402,403,404,406,407,408,409,410,411,412,413,414,415,419,464,481,483,493,494,:
406:74,75,400,402,403,404,405,407,408,409,410,411,412,413,414,419,420,481,483,493,494,495,497,:
407:70,400,401,402,403,404,405,406,408,409,410,411,414,455,463,464,:
408:69,70,71,73,74,75,402,403,404,405,406,407,409,410,411,412,413,414,533,:
409:69,70,73,74,402,403,404,405,406,407,408,410,411,412,413,414,419,421,532,:
410:402,404,405,406,407,408,409,411,412,413,414,415,416,418,419,420,464,483,:
411:402,404,405,406,407,408,409,410,412,413,414,415,416,418,454,460,461,462,463,464,470,483,:
412:12,404,405,406,408,409,410,411,413,414,415,416,417,418,419,420,421,429,:
413:12,405,406,408,409,410,411,412,414,415,416,419,420,421,422,424,427,428,429,:
414:404,405,406,407,408,409,410,411,412,413,415,419,420,421,422,428,429,453,454,459,532,:
415:405,410,411,412,413,414,416,417,418,419,420,429,432,452,453,460,461,:
416:410,411,412,413,415,417,418,460,461,464,:
417:412,415,416,418,450,452,460,461,:
418:15,16,32,33,367,410,411,412,415,416,417,475,:
419:12,405,406,409,410,412,413,414,415,420,421,422,423,424,425,426,427,428,429,:
420:10,11,12,14,30,31,406,410,412,413,414,415,419,421,422,424,425,426,427,428,429,:
421:12,73,409,412,413,414,419,420,422,423,424,425,426,427,428,429,430,532,:
422:413,414,419,420,421,423,424,425,426,427,428,429,430,431,432,433,436,459,:
423:419,421,422,424,425,426,428,429,430,431,433,436,459,525,527,:
424:12,30,73,268,269,270,413,419,420,421,422,423,425,426,427,428,429,:
425:12,14,30,31,243,244,268,269,270,419,420,421,422,423,424,426,427,428,429,:
426:12,14,30,31,242,243,244,268,269,270,308,310,419,420,421,422,423,424,425,427,:
427:12,30,72,73,74,77,83,269,413,419,420,421,422,424,425,426,497,:
428:413,414,419,420,421,422,423,424,425,429,430,431,432,433,434,435,436,437,459,:
429:12,412,413,414,415,419,420,421,422,423,424,425,428,430,431,432,433,434,435,436,:
430:421,422,423,428,429,431,432,433,434,435,436,437,438,443,459,:
431:422,423,428,429,430,432,433,434,435,436,437,438,439,440,441,442,443,444,451,452,457,459,:
432:415,422,428,429,430,431,433,434,435,437,438,439,440,443,444,446,451,452,453,457,459,:
433:54,422,423,428,429,430,431,432,434,435,436,437,440,443,:
434:1,6,7,8,9,24,29,428,429,430,431,432,433,435,436,437,440,:
435:428,429,430,431,432,433,434,436,437,439,440,452,:
436:1,2,3,4,5,29,31,54,67,68,422,423,428,429,430,431,433,434,435,:
437:428,430,431,432,433,434,435,438,439,440,441,442,443,444,451,452,457,459,:
438:430,431,432,437,439,440,441,442,443,444,445,446,450,451,452,457,:
439:431,432,435,437,438,440,441,442,443,444,445,446,448,449,450,451,452,:
440:431,432,433,434,435,437,438,439,441,443,444,445,450,452,:
441:46,48,431,437,438,439,440,442,443,444,445,:
442:45,47,50,51,431,437,438,439,441,443,:
443:47,50,51,53,54,430,431,432,433,437,438,439,440,441,442,:
444:431,432,437,438,439,440,441,445,446,447,448,449,450,451,452,:
445:438,439,440,441,444,446,447,448,449,450,451,452,453,461,:
446:432,438,439,444,445,447,448,449,450,451,452,453,454,456,457,460,461,:
447:444,445,446,448,449,451,452,453,454,455,456,460,461,466,468,:
448:439,444,445,446,447,449,450,451,452,466,:
449:439,444,445,446,447,448,450,451,452,466,467,:
450:417,438,439,440,444,445,446,448,449,451,452,:
451:431,432,437,438,439,444,445,446,447,448,449,450,452,453,454,455,456,457,459,460,461,:
452:415,417,431,432,435,437,438,439,440,444,445,446,447,448,449,450,451,453,454,456,457,459,460,461,:
453:414,415,432,445,446,447,451,452,454,455,456,457,458,459,460,461,462,:
454:411,414,446,447,451,452,453,455,456,457,460,461,462,463,464,465,:
455:407,447,451,453,454,456,460,461,462,463,464,:
456:446,447,451,452,453,454,455,457,458,459,460,461,:
457:431,432,437,438,446,451,452,453,454,456,458,459,:
458:453,456,457,459,534,536,:
459:414,422,423,428,430,431,432,437,451,452,453,456,457,458,530,531,532,533,:
460:411,415,416,417,446,447,451,452,453,454,455,456,461,462,463,464,465,466,468,:
461:411,415,416,417,445,446,447,451,452,453,454,455,456,460,462,463,464,465,466,467,468,:
462:411,453,454,455,460,461,463,464,465,466,467,468,:
463:407,411,454,455,460,461,462,464,465,466,469,470,:
464:404,405,407,410,411,416,454,455,460,461,462,463,465,469,470,475,:
465:454,460,461,462,463,464,466,467,468,:
466:447,448,449,460,461,462,463,465,467,468,:
467:356,449,461,462,465,466,468,:
468:447,460,461,462,465,466,467,:
469:401,463,464,470,471,472,473,474,475,476,477,:
470:401,404,411,463,464,469,471,472,473,474,475,476,477,478,483,:
471:361,469,470,472,473,474,475,476,477,478,:
472:360,361,469,470,471,473,474,475,476,477,478,479,481,483,:
473:360,361,362,363,364,365,469,470,471,472,474,475,476,477,478,479,:
474:361,469,470,471,472,473,475,476,477,:
475:366,367,418,464,469,470,471,472,473,474,476,483,:
476:361,400,401,469,470,471,472,473,474,475,477,478,479,480,481,482,483,:
477:398,400,401,402,404,469,470,471,472,473,474,476,478,479,480,481,483,:
478:364,398,401,470,471,472,473,476,477,479,480,481,482,483,:
479:364,397,398,401,472,473,476,477,478,480,481,482,483,484,485,:
480:397,398,399,400,401,476,477,478,479,481,482,484,485,:
481:400,401,402,405,406,472,476,477,478,479,480,482,483,491,493,494,:
482:375,376,380,382,476,478,479,480,481,483,484,490,491,492,493,494,495,:
483:404,405,406,410,411,470,472,475,476,477,478,479,481,482,494,:
484:376,479,480,482,485,486,487,488,489,490,491,:
485:398,479,480,484,486,487,488,489,490,491,:
486:376,379,484,485,487,488,489,490,491,492,496,:
487:379,484,485,486,488,489,490,:
488:484,485,486,487,489,:
489:484,485,486,487,488,490,491,492,493,495,496,:
490:482,484,485,486,487,489,491,492,493,494,495,496,497,498,:
491:75,76,399,402,403,481,482,484,485,486,489,490,492,493,494,495,496,497,:
492:280,482,486,489,490,491,493,494,495,496,497,498,499,:
493:74,75,76,402,403,405,406,481,482,489,490,491,492,494,495,496,497,499,:
494:74,75,76,399,400,402,403,404,405,406,481,482,483,490,491,492,493,495,497,:
495:75,406,482,489,490,491,492,493,494,496,497,498,499,:
496:280,379,380,486,489,490,491,492,493,495,497,498,499,:
497:12,406,427,490,491,492,493,494,495,496,498,499,:
498:280,309,311,380,381,490,492,495,496,497,499,:
499:12,13,280,307,308,309,310,311,380,381,492,493,495,496,497,498,:
500:501,502,503,504,505,506,:
501:500,502,503,504,505,:
502:500,501,503,504,505,506,:
503:254,255,500,501,502,504,505,506,:
504:252,254,255,256,258,500,501,502,503,505,506,:
505:500,501,502,503,504,506,507,508,:
506:124,258,500,502,503,504,505,507,508,517,519,:
507:124,133,134,258,260,505,506,508,519,:
508:99,100,101,102,116,118,120,121,123,124,131,133,135,505,506,507,:
509:246,249,510,511,512,513,514,515,516,:
510:245,246,248,249,509,511,512,513,514,515,516,517,:
511:61,62,63,64,65,66,509,510,512,513,514,515,516,517,:
512:63,64,65,66,241,509,510,511,513,514,515,516,:
513:64,65,66,67,239,240,241,243,509,510,511,512,514,515,516,:
514:62,64,124,509,510,511,512,513,515,516,517,518,519,:
515:124,245,246,509,510,511,512,513,514,516,517,518,519,:
516:236,237,245,246,247,248,249,253,257,509,510,511,512,513,514,515,517,518,519,:
517:124,133,136,246,257,258,259,260,506,510,511,514,515,516,518,519,:
518:124,133,136,226,246,253,256,257,258,259,260,514,515,516,517,519,:
519:123,124,131,133,136,260,506,507,514,515,516,517,518,:
520:267,268,270,521,522,523,524,525,526,:
521:267,268,269,270,520,522,523,524,525,:
522:270,520,521,523,524,525,526,527,:
523:520,521,522,524,525,526,:
524:82,83,263,265,266,267,520,521,522,523,525,526,:
525:83,270,423,520,521,522,523,524,526,527,528,:
526:520,522,523,524,525,527,528,529,530,532,:
527:73,83,423,522,525,526,528,529,530,531,532,533,534,535,:
528:525,526,527,529,530,531,532,533,534,535,536,:
529:526,527,528,530,531,532,534,535,536,:
530:73,459,526,527,528,529,531,532,533,534,535,536,:
531:69,70,72,73,459,527,528,529,530,532,533,534,535,536,:
532:69,70,72,73,409,414,421,459,526,527,528,529,530,531,533,534,536,:
533:69,70,73,408,459,527,528,530,531,532,534,535,536,:
534:458,527,528,529,530,531,532,533,535,536,:
535:527,528,529,530,531,533,534,536,:
536:458,528,529,530,531,532,533,534,535,:
