1:2,3,4,6,7,30,31,32,33,34,35,36,37,38,77,78,79,491,492,521,522,:
2:1,3,4,5,6,7,30,31,32,33,34,35,36,37,38,77,78,79,151,159,170,403,522,:
3:1,2,4,5,6,30,31,32,33,34,35,36,75,76,77,78,79,159,168,169,170,403,522,:
4:1,2,3,5,6,7,8,17,30,31,32,33,34,35,36,37,38,39,45,46,151,170,309,521,522,:
5:2,3,4,6,7,8,17,33,35,36,37,38,39,45,46,150,151,170,297,299,307,308,309,327,329,:
6:1,2,3,4,5,7,8,17,31,32,33,34,35,36,37,38,39,46,299,329,401,402,403,492,519,520,521,522,:
7:1,2,4,5,6,8,9,10,11,17,18,31,32,33,37,38,39,40,45,46,148,151,491,492,521,522,:
8:4,5,6,7,9,10,11,12,17,18,19,23,37,38,39,40,45,46,47,50,148,491,492,521,:
9:7,8,10,11,12,13,14,15,16,17,18,19,23,37,38,39,40,41,43,45,46,47,142,143,148,491,492,:
10:7,8,9,11,12,14,15,16,17,18,19,37,38,39,40,41,45,46,47,130,131,133,142,143,144,145,147,148,151,:
11:7,8,9,10,12,13,14,15,16,17,18,19,37,38,39,40,41,42,43,44,45,47,143,491,492,:
12:8,9,10,11,13,14,15,16,39,40,41,42,43,44,143,491,:
13:9,11,12,14,15,16,40,41,42,43,44,491,:
14:9,10,11,12,13,15,16,19,40,41,42,43,44,47,48,142,143,607,608,613,614,630,632,:
15:9,10,11,12,13,14,16,41,42,43,131,142,143,144,605,606,607,608,609,613,614,626,630,:
16:9,10,11,12,13,14,15,19,20,40,41,42,43,47,48,143,607,608,609,613,614,615,632,635,:
17:4,5,6,7,8,9,10,11,18,19,20,22,23,37,38,39,40,45,46,47,50,148,297,309,:
18:7,8,9,10,11,17,19,20,21,22,23,39,40,45,46,47,48,49,50,:
19:8,9,10,11,14,16,17,18,20,21,22,23,24,39,45,46,47,48,49,50,55,273,613,614,615,:
20:16,17,18,19,21,22,23,24,25,29,47,48,49,50,55,273,613,614,615,635,:
21:18,19,20,22,23,24,25,26,28,29,47,48,49,50,51,55,264,:
22:17,18,19,20,21,23,24,25,29,47,48,49,50,51,264,:
23:8,9,17,18,19,20,21,22,24,39,45,46,47,48,49,50,295,296,297,298,299,:
24:19,20,21,22,23,25,26,27,28,29,48,49,51,52,53,54,55,263,264,265,635,:
25:20,21,22,24,26,27,28,29,48,49,51,52,53,54,55,263,264,265,635,:
26:21,24,25,27,28,29,51,52,53,54,55,264,443,:
27:24,25,26,28,29,51,52,53,54,55,264,637,:
28:21,24,25,26,27,29,48,51,52,53,54,55,262,263,264,634,635,636,637,:
29:20,21,22,24,25,26,27,28,48,51,52,53,54,55,262,263,264,615,634,635,636,637,:
30:1,2,3,4,31,32,33,34,35,36,37,75,77,78,79,159,:
31:1,2,3,4,6,7,30,32,33,34,35,37,38,78,79,134,135,137,491,492,521,522,:
32:1,2,3,4,6,7,30,31,33,34,35,36,37,77,78,79,382,403,488,490,491,492,520,521,522,:
33:1,2,3,4,5,6,7,30,31,32,34,35,36,37,38,77,78,79,151,154,159,160,162,170,:
34:1,2,3,4,6,30,31,32,33,35,36,75,76,77,78,79,159,160,168,169,170,403,:
35:1,2,3,4,5,6,30,31,32,33,34,36,77,78,79,168,169,170,328,329,401,402,403,521,522,:
36:1,2,3,4,5,6,30,32,33,34,35,77,78,79,159,162,167,168,169,170,328,329,403,:
37:1,2,4,5,6,7,8,9,10,11,17,30,31,32,33,38,39,40,41,45,46,135,151,490,491,492,521,522,:
38:1,2,4,5,6,7,8,9,10,11,17,31,33,37,39,45,46,133,135,143,147,148,149,150,151,309,:
39:4,5,6,7,8,9,10,11,12,17,18,19,23,37,38,40,45,46,47,50,491,492,519,520,521,522,:
40:7,8,9,10,11,12,13,14,16,17,18,37,39,41,42,43,44,490,491,492,520,521,:
41:9,10,11,12,13,14,15,16,37,40,42,43,44,135,143,491,:
42:11,12,13,14,15,16,40,41,43,44,626,627,630,631,:
43:9,11,12,13,14,15,16,40,41,42,44,:
44:11,12,13,14,40,41,42,43,489,490,491,492,:
45:4,5,7,8,9,10,11,17,18,19,23,37,38,39,46,47,50,145,147,148,149,150,151,309,:
46:4,5,6,7,8,9,10,17,18,19,23,37,38,39,45,47,50,295,297,298,299,307,309,:
47:8,9,10,11,14,16,17,18,19,20,21,22,23,39,45,46,48,142,143,144,145,147,148,272,273,613,614,615,:
48:14,16,18,19,20,21,22,23,24,25,28,29,47,55,273,609,613,614,615,634,635,636,:
49:18,19,20,21,22,23,24,25,50,51,264,265,296,429,:
50:8,17,18,19,20,21,22,23,39,45,46,49,294,295,296,297,298,299,:
51:21,22,24,25,26,27,28,29,49,52,264,:
52:24,25,26,27,28,29,51,53,442,443,444,:
53:24,25,26,27,28,29,52,54,637,:
54:24,25,26,27,28,29,53,55,262,264,562,564,636,637,:
55:19,20,21,24,25,26,27,28,29,48,54,262,263,264,273,564,613,614,615,634,635,636,:
56:57,58,59,60,61,62,:
57:56,58,59,60,61,:
58:56,57,59,60,61,62,63,64,65,67,:
59:56,57,58,60,61,62,63,64,68,69,:
60:56,57,58,59,61,62,63,68,69,:
61:56,57,58,59,60,62,63,64,65,66,67,:
62:56,58,59,60,61,63,64,65,66,67,138,:
63:58,59,60,61,62,64,65,66,67,69,:
64:58,59,61,62,63,65,66,67,68,69,70,71,72,73,79,158,159,:
65:58,61,62,63,64,66,67,118,120,157,158,159,:
66:61,62,63,64,65,67,120,157,158,159,180,:
67:58,61,62,63,64,65,66,116,118,120,157,158,:
68:59,60,64,69,70,71,72,73,74,80,90,:
69:59,60,63,64,68,70,71,72,73,90,:
70:64,68,69,71,72,73,74,75,79,80,81,82,83,84,:
71:64,68,69,70,72,73,74,80,81,82,83,85,:
72:64,68,69,70,71,73,74,80,81,82,141,:
73:64,68,69,70,71,72,74,75,76,77,78,79,80,82,93,159,160,:
74:68,70,71,72,73,75,76,77,78,79,80,82,93,369,370,:
75:3,30,34,70,73,74,76,77,78,79,93,95,160,370,:
76:3,34,73,74,75,77,78,79,93,95,97,169,369,370,380,393,:
77:1,2,3,30,32,33,34,35,36,73,74,75,76,78,79,159,160,:
78:1,2,3,30,31,32,33,34,35,36,73,74,75,76,77,79,159,160,168,169,170,:
79:1,2,3,30,31,32,33,34,35,36,64,70,73,74,75,76,77,78,159,160,:
80:68,70,71,72,73,74,81,82,83,84,85,:
81:70,71,72,80,82,83,85,:
82:70,71,72,73,74,80,81,83,84,85,368,:
83:70,71,80,81,82,84,85,365,368,:
84:70,80,82,83,85,91,364,365,366,368,:
85:71,80,81,82,83,84,363,364,366,368,:
86:87,88,89,90,91,92,94,100,101,:
87:86,88,89,91,92,94,100,101,:
88:86,87,89,90,91,92,93,94,100,101,102,:
89:86,87,88,90,91,92,93,100,101,102,103,105,:
90:68,69,86,88,89,91,92,93,100,101,102,103,:
91:84,86,87,88,89,90,92,93,94,95,96,100,101,:
92:86,87,88,89,90,91,93,94,95,96,97,100,101,368,370,:
93:73,74,75,76,88,89,90,91,92,94,95,96,97,98,99,100,101,106,108,370,:
94:86,87,88,91,92,93,95,96,97,98,368,370,:
95:75,76,91,92,93,94,96,97,98,99,106,108,:
96:91,92,93,94,95,97,98,99,368,370,392,:
97:76,92,93,94,95,96,98,99,370,392,:
98:93,94,95,96,97,99,342,343,391,392,393,:
99:93,95,96,97,98,169,341,342,343,351,391,392,393,:
100:86,87,88,89,90,91,92,93,101,102,103,104,105,106,108,:
101:86,87,88,89,90,91,92,93,100,102,103,105,106,:
102:88,89,90,100,101,103,104,105,106,107,108,181,:
103:89,90,100,101,102,104,105,106,181,:
104:100,102,103,105,179,181,:
105:89,100,101,102,103,104,106,107,108,:
106:93,95,100,101,102,103,105,107,108,351,:
107:102,105,106,108,349,350,351,:
108:93,95,100,102,105,106,107,160,165,181,351,:
109:110,111,112,113,114,115,121,127,:
110:109,111,112,113,114,:
111:109,110,112,113,114,115,116,117,121,122,127,129,:
112:109,110,111,113,114,115,116,117,121,122,123,125,126,127,128,129,:
113:109,110,111,112,114,115,121,122,123,124,127,128,129,132,597,598,599,601,:
114:109,110,111,112,113,115,116,117,118,119,121,127,129,:
115:109,111,112,113,114,116,117,118,119,120,121,127,129,132,:
116:67,111,112,114,115,117,118,119,120,121,127,129,:
117:111,112,114,115,116,118,119,120,128,129,131,132,203,:
118:65,67,114,115,116,117,119,120,129,:
119:114,115,116,117,118,120,129,131,132,195,:
120:65,66,67,115,116,117,118,119,129,157,196,:
121:109,111,112,113,114,115,116,122,123,124,125,126,127,128,129,:
122:111,112,113,121,123,124,125,126,127,128,129,130,598,617,:
123:112,113,121,122,124,125,126,127,128,129,130,131,132,133,134,136,616,617,:
124:113,121,122,123,125,128,129,130,131,601,602,616,617,618,621,622,624,626,:
125:112,121,122,123,124,126,127,128,129,622,624,:
126:112,121,122,123,125,127,128,129,:
127:109,111,112,113,114,115,116,121,122,123,125,126,128,129,:
128:112,113,117,121,122,123,124,125,126,127,129,130,131,132,133,134,135,136,142,143,617,:
129:111,112,113,114,115,116,117,118,119,120,121,122,123,124,125,126,127,128,130,131,132,133,134,136,:
130:10,122,123,124,128,129,131,132,133,134,135,136,142,143,144,148,:
131:10,15,117,119,123,124,128,129,130,132,133,134,142,143,144,145,146,147,148,608,:
132:113,115,117,119,123,128,129,130,131,133,142,143,144,145,146,147,148,204,208,211,:
133:10,38,123,128,129,130,131,132,134,135,136,137,138,142,143,147,148,151,:
134:31,123,128,129,130,131,133,135,136,137,138,139,:
135:31,37,38,41,128,130,133,134,136,137,138,139,140,491,:
136:123,128,129,130,133,134,135,137,138,139,140,141,:
137:31,133,134,135,136,138,139,140,141,489,490,491,:
138:62,133,134,135,136,137,139,140,141,:
139:134,135,136,137,138,140,141,624,:
140:135,136,137,138,139,141,624,:
141:72,136,137,138,139,140,:
142:9,10,14,15,47,128,130,131,132,133,143,144,145,146,147,148,607,608,:
143:9,10,11,12,14,15,16,38,41,47,128,130,131,132,133,142,144,145,147,148,607,608,614,:
144:10,15,47,130,131,132,142,143,145,146,147,148,149,204,211,607,608,609,613,614,:
145:10,45,47,131,132,142,143,144,146,147,148,149,150,203,204,211,272,:
146:131,132,142,144,145,147,148,149,203,204,205,208,211,272,:
147:10,38,45,47,131,132,133,142,143,144,145,146,148,149,150,151,152,153,204,:
148:7,8,9,10,17,38,45,47,130,131,132,133,142,143,144,145,146,147,149,150,151,152,:
149:38,45,144,145,146,147,148,150,151,152,153,154,195,307,309,:
150:5,38,45,145,147,148,149,151,152,153,154,155,157,195,307,308,309,:
151:2,4,5,7,10,33,37,38,45,133,147,148,149,150,152,153,154,157,309,:
152:147,148,149,150,151,153,154,155,156,157,158,161,162,192,195,307,308,309,:
153:147,149,150,151,152,154,155,156,157,161,190,191,192,193,194,195,196,307,308,309,:
154:33,149,150,151,152,153,155,156,157,158,159,161,162,163,170,172,192,195,308,:
155:150,152,153,154,156,157,158,159,161,162,163,164,166,170,171,172,192,307,308,:
156:152,153,154,155,157,158,161,162,163,164,171,172,178,184,185,187,190,191,192,193,195,308,:
157:65,66,67,120,150,151,152,153,154,155,156,158,159,161,162,172,:
158:64,65,66,67,152,154,155,156,157,159,160,161,162,172,177,178,179,180,:
159:2,3,30,33,34,36,64,65,66,73,77,78,79,154,155,157,158,160,161,162,170,:
160:33,34,73,75,77,78,79,108,158,159,161,162,168,169,170,180,:
161:152,153,154,155,156,157,158,159,160,162,163,164,165,166,167,168,170,171,172,308,:
162:33,36,152,154,155,156,157,158,159,160,161,163,164,166,167,168,169,170,171,172,308,:
163:154,155,156,161,162,164,165,166,167,168,170,171,172,173,308,353,:
164:155,156,161,162,163,165,166,167,171,172,173,174,175,176,353,:
165:108,161,163,164,166,167,171,172,173,174,175,350,351,352,353,354,:
166:155,161,162,163,164,165,167,168,169,170,171,308,324,325,353,:
167:36,161,162,163,164,165,166,168,169,170,324,325,326,350,351,352,353,:
168:3,34,35,36,78,160,161,162,163,166,167,169,170,325,326,327,328,329,:
169:3,34,35,36,76,78,99,160,162,166,167,168,170,325,326,328,329,393,:
170:2,3,4,5,33,34,35,36,78,154,155,159,160,161,162,163,166,167,168,169,308,325,327,329,:
171:155,156,161,162,163,164,165,166,172,173,174,175,176,177,178,179,181,:
172:154,155,156,157,158,161,162,163,164,165,171,173,174,175,176,177,178,179,180,181,184,192,:
173:163,164,165,171,172,174,175,176,177,178,179,180,181,:
174:164,165,171,172,173,175,176,177,181,:
175:164,165,171,172,173,174,176,182,183,184,189,:
176:164,171,172,173,174,175,177,178,179,180,181,:
177:158,171,172,173,174,176,178,179,180,181,:
178:156,158,171,172,173,176,177,179,180,181,192,196,197,198,199,200,201,202,:
179:104,158,171,172,173,176,177,178,180,181,:
180:66,158,160,172,173,176,177,178,179,181,:
181:102,103,104,108,171,172,173,174,176,177,178,179,180,:
182:175,183,184,185,186,187,188,189,190,191,192,:
183:175,182,184,185,186,187,188,189,:
184:156,172,175,182,183,185,186,187,188,189,190,191,192,193,:
185:156,182,183,184,186,187,188,190,191,192,193,194,195,196,198,:
186:182,183,184,185,187,190,191,192,193,194,198,:
187:156,182,183,184,185,186,188,189,190,191,192,:
188:182,183,184,185,187,189,190,305,:
189:175,182,183,184,187,188,190,:
190:153,156,182,184,185,186,187,188,189,191,192,194,195,305,306,:
191:153,156,182,184,185,186,187,190,192,193,194,195,196,197,198,:
192:152,153,154,155,156,172,178,182,184,185,186,187,190,191,193,194,195,196,197,198,:
193:153,156,184,185,186,191,192,194,195,196,197,198,199,:
194:153,185,186,190,191,192,193,195,196,197,:
195:119,149,150,152,153,154,156,185,190,191,192,193,194,196,:
196:120,153,178,185,191,192,193,194,195,197,198,199,200,201,:
197:178,191,192,193,194,196,198,199,200,201,202,:
198:178,185,186,191,192,193,196,197,199,200,201,202,:
199:178,193,196,197,198,200,201,202,:
200:178,196,197,198,199,201,202,:
201:178,196,197,198,199,200,202,:
202:178,197,198,199,200,201,:
203:117,145,146,204,205,206,207,208,209,210,211,:
204:132,144,145,146,147,203,205,206,207,208,209,211,:
205:146,203,204,206,207,208,209,210,211,213,219,:
206:203,204,205,207,208,209,210,211,212,213,219,221,222,:
207:203,204,205,206,208,209,211,212,213,221,222,223,226,227,:
208:132,146,203,204,205,206,207,209,210,211,212,213,218,219,:
209:203,204,205,206,207,208,210,211,212,213,214,217,218,219,220,222,:
210:203,205,206,208,209,211,212,213,218,219,220,:
211:132,144,145,146,203,204,205,206,207,208,209,210,212,213,218,219,222,227,229,606,610,611,:
212:206,207,208,209,210,211,213,214,215,216,217,218,219,220,221,222,:
213:205,206,207,208,209,210,211,212,214,215,217,218,219,220,221,222,:
214:209,212,213,215,216,217,218,219,220,221,222,223,:
215:212,213,214,216,217,218,219,220,221,222,223,224,226,:
216:212,214,215,217,218,221,222,223,224,245,:
217:209,212,213,214,215,216,218,219,220,221,222,611,:
218:208,209,210,211,212,213,214,215,216,217,219,220,221,222,606,610,611,612,648,:
219:205,206,208,209,210,211,212,213,214,215,217,218,220,221,222,606,610,611,:
220:209,210,212,213,214,215,217,218,219,591,593,:
221:206,207,212,213,214,215,216,217,218,219,222,223,224,225,226,227,229,:
222:206,207,209,211,212,213,214,215,216,217,218,219,221,223,224,226,227,229,:
223:207,214,215,216,221,222,224,225,226,227,228,229,245,:
224:215,216,221,222,223,225,226,227,:
225:221,223,224,226,:
226:207,215,221,222,223,224,225,227,228,229,:
227:207,211,221,222,223,224,226,228,229,:
228:223,226,227,229,271,272,:
229:211,221,222,223,226,227,228,271,273,610,612,:
230:231,232,233,234,235,236,237,238,239,248,:
231:230,232,233,235,236,237,238,239,:
232:230,231,233,234,235,236,237,238,239,240,248,:
233:230,231,232,234,235,236,237,238,239,240,241,243,244,246,247,248,543,:
234:230,232,233,235,236,238,239,240,241,243,246,247,248,256,541,543,:
235:230,231,232,233,234,236,237,238,239,543,:
236:230,231,232,233,234,235,237,238,239,244,246,:
237:230,231,232,233,235,236,238,239,:
238:230,231,232,233,234,235,236,237,239,240,241,242,243,244,246,247,248,:
239:230,231,232,233,234,235,236,237,238,240,241,243,244,246,247,248,:
240:232,233,234,238,239,241,242,243,244,245,246,247,248,249,256,:
241:233,234,238,239,240,242,243,244,247,248,249,250,252,255,256,262,267,:
242:238,240,241,243,247,248,249,250,255,256,262,266,267,271,273,275,:
243:233,234,238,239,240,241,242,244,245,246,247,248,:
244:233,236,238,239,240,241,243,245,246,:
245:216,223,240,243,244,246,556,:
246:233,234,236,238,239,240,243,244,245,561,:
247:233,234,238,239,240,241,242,243,248,249,250,251,252,253,254,255,256,267,:
248:230,232,233,234,238,239,240,241,242,243,247,249,250,252,253,254,255,256,:
249:240,241,242,247,248,250,251,252,253,254,255,256,257,266,267,275,:
250:241,242,247,248,249,251,252,253,254,255,256,257,258,259,260,266,267,274,275,284,:
251:247,249,250,252,253,255,256,257,258,259,266,267,269,274,275,276,277,279,280,283,284,:
252:241,247,248,249,250,251,253,254,255,256,:
253:247,248,249,250,251,252,254,255,256,:
254:247,248,249,250,252,253,:
255:241,242,247,248,249,250,251,252,253,256,257,258,259,260,261,262,266,267,275,284,:
256:234,240,241,242,247,248,249,250,251,252,253,255,257,258,260,261,262,266,267,:
257:249,250,251,255,256,258,259,260,261,262,263,265,266,267,268,275,284,:
258:250,251,255,256,257,259,260,261,262,263,265,266,267,268,269,270,271,274,275,283,284,290,:
259:250,251,255,257,258,260,261,263,265,266,267,268,269,270,274,275,277,283,284,285,286,288,289,290,291,294,427,428,430,:
260:250,255,256,257,258,259,261,262,263,264,265,266,267,430,:
261:255,256,257,258,259,260,262,263,264,265,266,267,430,:
262:28,29,54,55,241,242,255,256,257,258,260,261,263,264,265,266,267,:
263:24,25,28,29,55,257,258,259,260,261,262,264,265,266,267,428,430,:
264:21,22,24,25,26,27,28,29,49,51,54,55,260,261,262,263,265,430,:
265:24,25,49,257,258,259,260,261,262,263,264,427,428,429,430,:
266:242,249,250,251,255,256,257,258,259,260,261,262,263,267,268,269,270,271,272,273,274,275,284,290,:
267:241,242,247,249,250,251,255,256,257,258,259,260,261,262,263,266,268,269,271,273,274,275,:
268:257,258,259,266,267,269,270,271,272,273,274,275,276,284,290,:
269:251,258,259,266,267,268,270,271,272,273,274,275,276,277,278,279,283,284,289,290,301,:
270:258,259,266,268,269,271,272,274,275,276,277,278,283,284,289,290,291,292,294,300,301,302,305,306,:
271:228,229,242,258,266,267,268,269,270,272,273,274,275,:
272:47,145,146,228,266,268,269,270,271,273,274,:
273:19,20,47,48,55,229,242,266,267,268,269,271,272,615,:
274:250,251,258,259,266,267,268,269,270,271,272,275,276,277,278,279,280,281,282,283,284,290,301,:
275:242,249,250,251,255,257,258,259,266,267,268,269,270,271,274,276,277,279,280,282,283,284,:
276:251,268,269,270,274,275,277,278,279,280,281,282,283,284,285,290,301,:
277:251,259,269,270,274,275,276,278,279,280,281,283,284,285,286,287,288,289,290,300,301,311,:
278:269,270,274,276,277,279,281,283,284,285,286,287,289,290,292,300,301,302,303,305,310,311,312,315,316,318,:
279:251,269,274,275,276,277,278,280,281,282,283,284,:
280:251,274,275,276,277,279,281,282,:
281:274,276,277,278,279,280,282,283,318,:
282:274,275,276,279,280,281,:
283:251,258,259,269,270,274,275,276,277,278,279,281,284,285,286,287,288,289,290,301,311,:
284:250,251,255,257,258,259,266,268,269,270,274,275,276,277,278,279,283,285,286,288,289,290,:
285:259,276,277,278,283,284,286,287,288,289,290,291,311,:
286:259,277,278,283,284,285,287,288,289,290,291,292,293,294,300,301,310,311,:
287:277,278,283,285,286,288,289,290,291,292,293,300,301,310,311,312,313,315,:
288:259,277,283,284,285,286,287,289,290,:
289:259,269,270,277,278,283,284,285,286,287,288,290,291,292,293,294,295,300,301,311,427,:
290:258,259,266,268,269,270,274,276,277,278,283,284,285,286,287,288,289,291,292,294,300,301,427,:
291:259,270,285,286,287,289,290,292,293,294,295,296,297,300,301,302,426,427,:
292:270,278,286,287,289,290,291,293,294,295,297,300,301,302,303,304,305,310,311,320,:
293:286,287,289,291,292,294,295,297,300,301,302,303,304,310,311,313,319,320,324,325,327,412,:
294:50,259,270,286,289,290,291,292,293,295,296,297,298,299,300,301,427,428,429,:
295:23,46,50,289,291,292,293,294,296,297,298,299,300,301,412,429,:
296:23,49,50,291,294,295,297,298,299,412,428,429,:
297:5,17,23,46,50,291,292,293,294,295,296,298,299,300,309,327,329,412,:
298:23,46,50,294,295,296,297,299,402,409,412,420,429,519,:
299:5,6,23,46,50,294,295,296,297,298,327,329,402,412,:
300:270,277,278,286,287,289,290,291,292,293,294,295,297,301,302,303,304,305,306,307,308,310,311,320,:
301:269,270,274,276,277,278,283,286,287,289,290,291,292,293,294,295,300,302,303,305,306,307,310,311,:
302:270,278,291,292,293,300,301,303,304,305,306,307,308,309,310,311,312,320,:
303:278,292,293,300,301,302,304,305,306,310,311,312,313,314,315,319,320,:
304:292,293,300,302,303,305,310,311,312,313,314,319,320,321,324,:
305:188,190,270,278,292,300,301,302,303,304,306,307,308,309,310,311,:
306:190,270,300,301,302,303,305,307,308,309,:
307:5,46,149,150,152,153,155,300,301,302,305,306,308,309,:
308:5,150,152,153,154,155,156,161,162,163,166,170,300,302,305,306,307,309,:
309:4,5,17,38,45,46,149,150,151,152,153,297,302,305,306,307,308,:
310:278,286,287,292,293,300,301,302,303,304,305,311,312,313,314,315,316,317,320,:
311:277,278,283,285,286,287,289,292,293,300,301,302,303,304,305,310,312,313,315,316,318,:
312:278,287,302,303,304,310,311,313,314,315,316,317,318,320,:
313:287,293,303,304,310,311,312,314,315,316,317,319,320,:
314:303,304,310,312,313,315,317,319,320,322,:
315:278,287,303,310,311,312,313,314,316,317,318,:
316:278,310,311,312,313,315,317,318,:
317:310,312,313,314,315,316,318,:
318:278,281,311,312,315,316,317,:
319:293,303,304,313,314,320,321,322,323,324,325,327,331,337,412,:
320:292,293,300,302,303,304,310,312,313,314,319,321,322,324,325,327,412,:
321:304,319,320,322,323,324,325,326,327,331,334,337,:
322:314,319,320,321,323,324,325,330,331,334,345,:
323:319,321,322,324,330,331,333,334,339,342,344,345,346,349,350,351,352,354,:
324:166,167,293,304,319,320,321,322,323,325,326,327,328,329,334,:
325:166,167,168,169,170,293,319,320,321,322,324,326,327,328,329,334,410,412,:
326:167,168,169,321,324,325,327,328,329,334,410,411,:
327:5,168,170,293,297,299,319,320,321,324,325,326,328,329,409,410,412,:
328:35,36,168,169,324,325,326,327,329,334,387,401,402,403,409,410,411,412,:
329:5,6,35,36,168,169,170,297,299,324,325,326,327,328,401,402,403,409,410,412,:
330:322,323,331,332,333,334,335,336,337,338,339,340,345,:
331:319,321,322,323,330,332,333,334,335,336,337,338,:
332:330,331,333,334,335,336,337,338,339,340,341,345,411,:
333:323,330,331,332,334,335,336,337,338,339,340,341,342,344,345,410,411,:
334:321,322,323,324,325,326,328,330,331,332,333,335,336,337,339,340,341,345,387,410,411,:
335:330,331,332,333,334,336,337,338,339,340,410,411,:
336:330,331,332,333,334,335,337,338,404,406,409,410,411,:
337:319,321,330,331,332,333,334,335,336,338,387,404,405,406,409,410,411,412,:
338:330,331,332,333,335,336,337,:
339:323,330,332,333,334,335,340,341,342,343,344,345,:
340:330,332,333,334,335,339,341,342,343,344,345,:
341:99,332,333,334,339,340,342,343,344,345,346,389,390,391,392,:
342:98,99,323,333,339,340,341,343,344,345,346,347,349,350,351,:
343:98,99,339,340,341,342,344,345,346,347,348,351,392,:
344:323,333,339,340,341,342,343,345,346,347,348,349,350,351,:
345:322,323,330,332,333,334,339,340,341,342,343,344,346,347,349,350,351,:
346:323,341,342,343,344,345,347,348,349,350,351,352,:
347:342,343,344,345,346,348,349,350,:
348:343,344,346,347,349,:
349:107,323,342,344,345,346,347,348,350,351,352,353,354,:
350:107,165,167,323,342,344,345,346,347,349,351,352,353,354,:
351:99,106,107,108,165,167,323,342,343,344,345,346,349,350,352,353,354,:
352:165,167,323,346,349,350,351,353,354,:
353:163,164,165,166,167,349,350,351,352,354,:
354:165,323,349,350,351,352,353,:
355:356,357,358,359,360,361,362,363,:
356:355,357,358,360,361,362,363,364,:
357:355,356,358,359,360,361,362,363,367,372,:
358:355,356,357,359,360,361,371,372,:
359:355,357,358,360,371,372,373,376,:
360:355,356,357,358,359,361,362,363,364,366,367,:
361:355,356,357,358,360,362,363,364,365,366,367,368,369,:
362:355,356,357,360,361,363,364,365,366,367,368,:
363:85,355,356,357,360,361,362,364,365,366,367,368,369,370,:
364:84,85,356,360,361,362,363,365,366,367,368,370,:
365:83,84,361,362,363,364,366,368,:
366:84,85,360,361,362,363,364,365,367,368,369,370,:
367:357,360,361,362,363,364,366,368,369,370,378,:
368:82,83,84,85,92,94,96,361,362,363,364,365,366,367,369,370,:
369:74,76,361,363,366,367,368,370,378,:
370:74,75,76,92,93,94,96,97,363,364,366,367,368,369,:
371:358,359,372,373,374,375,376,377,:
372:357,358,359,371,373,374,376,:
373:359,371,372,374,375,376,377,378,379,384,:
374:371,372,373,375,376,377,378,379,383,384,395,:
375:371,373,374,376,377,378,383,384,385,386,388,394,395,399,400,:
376:359,371,372,373,374,375,377,378,379,380,381,:
377:371,373,374,375,376,378,379,380,381,382,:
378:367,369,373,374,375,376,377,379,380,381,382,:
379:373,374,376,377,378,380,381,382,:
380:76,376,377,378,379,381,382,400,403,:
381:376,377,378,379,380,382,400,488,:
382:32,377,378,379,380,381,400,401,403,522,:
383:374,375,384,385,386,387,388,389,390,394,395,:
384:373,374,375,383,385,386,388,389,390,394,395,:
385:375,383,384,386,387,388,389,390,391,394,395,396,:
386:375,383,384,385,387,388,389,394,395,396,397,399,400,405,410,411,:
387:328,334,337,383,385,386,388,394,395,396,397,398,404,405,406,409,410,411,:
388:375,383,384,385,386,387,389,390,391,392,393,394,395,:
389:341,383,384,385,386,388,390,391,392,393,:
390:341,383,384,385,388,389,391,392,393,:
391:98,99,341,385,388,389,390,392,393,:
392:96,97,98,99,341,343,388,389,390,391,393,:
393:76,98,99,169,388,389,390,391,392,:
394:375,383,384,385,386,387,388,395,396,397,398,399,400,401,402,405,:
395:374,375,383,384,385,386,387,388,394,396,397,399,400,401,:
396:385,386,387,394,395,397,398,399,400,401,402,405,:
397:386,387,394,395,396,398,399,400,404,405,414,:
398:387,394,396,397,399,404,405,406,407,409,413,414,415,418,420,:
399:375,386,394,395,396,397,398,400,401,402,403,517,:
400:375,380,381,382,386,394,395,396,397,399,401,402,403,519,520,521,522,:
401:6,35,328,329,382,394,395,396,399,400,402,403,519,520,521,522,:
402:6,35,298,299,328,329,394,396,399,400,401,403,517,519,520,521,522,:
403:2,3,6,32,34,35,36,328,329,380,382,399,400,401,402,521,522,:
404:336,337,387,397,398,405,406,407,408,409,410,411,412,413,414,:
405:337,386,387,394,396,397,398,404,406,407,409,410,411,413,414,:
406:336,337,387,398,404,405,407,408,409,410,411,412,413,414,415,422,:
407:398,404,405,406,408,409,410,412,413,414,415,416,417,418,421,422,:
408:404,406,407,409,412,413,414,415,416,417,421,422,423,426,:
409:298,327,328,329,336,337,387,398,404,405,406,407,408,410,411,412,413,414,:
410:325,326,327,328,329,333,334,335,336,337,386,387,404,405,406,407,409,411,412,:
411:326,328,332,333,334,335,336,337,386,387,404,405,406,409,410,412,:
412:293,295,296,297,298,299,319,320,325,327,328,329,337,404,406,407,408,409,410,411,413,:
413:398,404,405,406,407,408,409,412,414,415,416,417,418,419,420,422,:
414:397,398,404,405,406,407,408,409,413,415,416,418,420,:
415:398,406,407,408,413,414,416,417,418,419,420,422,429,:
416:407,408,413,414,415,417,418,419,420,421,422,432,:
417:407,408,413,415,416,418,419,421,422,423,424,426,431,432,433,436,437,438,:
418:398,407,413,414,415,416,417,419,420,513,:
419:413,415,416,417,418,420,438,439,441,442,445,446,447,:
420:298,398,413,414,415,416,418,419,513,517,:
421:407,408,416,417,422,423,424,425,426,427,431,432,:
422:406,407,408,413,415,416,417,421,423,424,426,431,432,:
423:408,417,421,422,424,425,426,427,428,431,432,433,:
424:417,421,422,423,425,426,427,431,432,433,434,436,:
425:421,423,424,426,427,431,432,433,434,435,:
426:291,408,417,421,422,423,424,425,427,428,429,430,431,432,:
427:259,265,289,290,291,294,421,423,424,425,426,428,429,430,431,432,:
428:259,263,265,294,296,423,426,427,429,430,:
429:49,265,294,295,296,298,415,426,427,428,430,:
430:259,260,261,263,264,265,426,427,428,429,:
431:417,421,422,423,424,425,426,427,432,433,434,435,436,437,:
432:416,417,421,422,423,424,425,426,427,431,433,434,436,437,:
433:417,423,424,425,431,432,434,435,436,437,438,:
434:424,425,431,432,433,435,436,437,:
435:425,431,433,434,436,:
436:417,424,431,432,433,434,435,437,438,439,440,:
437:417,431,432,433,434,436,438,439,440,441,:
438:417,419,433,436,437,439,440,441,442,443,445,446,447,:
439:419,436,437,438,440,441,442,443,444,445,446,447,451,452,:
440:436,437,438,439,441,442,443,444,445,446,451,452,453,:
441:419,437,438,439,440,442,443,444,445,446,447,452,531,532,:
442:52,419,438,439,440,441,443,444,445,446,447,452,465,466,530,531,532,:
443:26,52,438,439,440,441,442,444,445,447,452,532,:
444:52,439,440,441,442,443,445,446,447,452,464,465,466,529,530,531,532,:
445:419,438,439,440,441,442,443,444,446,447,530,531,532,:
446:419,438,439,440,441,442,444,445,447,531,:
447:419,438,439,441,442,443,444,445,446,466,530,531,532,:
448:449,450,451,452,453,454,455,456,458,460,:
449:448,450,451,453,454,455,456,458,:
450:448,449,451,452,453,454,455,456,457,458,460,:
451:439,440,448,449,450,452,453,454,458,459,460,465,:
452:439,440,441,442,443,444,448,450,451,453,459,460,461,462,464,465,466,:
453:440,448,449,450,451,452,454,455,456,457,458,:
454:448,449,450,451,453,455,456,457,458,:
455:448,449,450,453,454,456,457,458,:
456:448,449,450,453,454,455,457,458,:
457:450,453,454,455,456,458,:
458:448,449,450,451,453,454,455,456,457,:
459:451,452,460,461,462,463,464,465,:
460:448,450,451,452,459,461,462,464,465,:
461:452,459,460,462,463,464,465,466,:
462:452,459,460,461,463,464,465,466,467,468,470,:
463:459,461,462,464,465,466,467,468,469,470,471,474,475,:
464:444,452,459,460,461,462,463,465,466,467,468,470,:
465:442,444,451,452,459,460,461,462,463,464,466,467,:
466:442,444,447,452,461,462,463,464,465,467,468,470,530,531,532,:
467:462,463,464,465,466,468,469,470,530,531,:
468:462,463,464,466,467,469,470,471,472,474,528,529,530,531,:
469:463,467,468,470,471,472,473,474,475,476,:
470:462,463,464,466,467,468,469,471,472,474,475,:
471:463,468,469,470,472,473,474,475,476,477,478,:
472:468,469,470,471,473,474,475,:
473:469,471,472,474,:
474:463,468,469,470,471,472,473,475,476,477,478,:
475:463,469,470,471,472,474,476,477,478,:
476:469,471,474,475,477,478,580,:
477:471,474,475,476,478,574,579,580,:
478:471,474,475,476,477,580,:
479:480,481,482,483,484,485,493,494,:
480:479,481,482,483,484,:
481:479,480,482,483,484,485,486,487,493,494,495,:
482:479,480,481,483,484,485,486,487,493,494,495,496,497,498,499,500,:
483:479,480,481,482,484,485,487,493,494,495,498,:
484:479,480,481,482,483,485,486,487,488,489,493,494,:
485:479,481,482,483,484,486,487,488,489,490,493,494,:
486:481,482,484,485,487,488,489,490,491,492,493,494,:
487:481,482,483,484,485,486,488,489,490,491,493,494,:
488:32,381,484,485,486,487,489,490,491,492,518,521,522,:
489:44,137,484,485,486,487,488,490,491,492,:
490:32,37,40,44,137,485,486,487,488,489,491,492,518,521,:
491:1,7,8,9,11,12,13,31,32,37,39,40,41,44,135,137,486,487,488,489,490,492,518,520,521,522,:
492:1,6,7,8,9,11,31,32,37,39,40,44,486,488,489,490,491,518,519,520,521,522,:
493:479,481,482,483,484,485,486,487,494,495,496,497,498,499,500,501,502,:
494:479,481,482,483,484,485,486,487,493,495,496,497,498,499,500,501,:
495:481,482,483,493,494,496,497,498,499,500,501,502,503,:
496:482,493,494,495,497,498,499,500,501,502,503,504,506,:
497:482,493,494,495,496,498,499,500,501,502,503,504,510,516,518,:
498:482,483,493,494,495,496,497,499,500,501,502,:
499:482,493,494,495,496,497,498,500,501,502,504,:
500:482,493,494,495,496,497,498,499,501,502,:
501:493,494,495,496,497,498,499,500,502,503,504,505,506,507,508,:
502:493,495,496,497,498,499,500,501,503,504,506,507,508,:
503:495,496,497,501,502,504,505,506,507,508,510,:
504:496,497,499,501,502,503,505,506,507,509,510,524,:
505:501,503,504,506,509,510,511,512,514,523,524,525,528,529,:
506:496,501,502,503,504,505,507,508,:
507:501,502,503,504,506,508,:
508:501,502,503,506,507,:
509:504,505,510,511,512,513,514,515,516,523,524,:
510:497,503,504,505,509,511,512,514,515,516,518,523,524,:
511:505,509,510,512,513,514,515,516,517,523,524,525,:
512:505,509,510,511,513,514,515,523,524,525,526,528,529,:
513:418,420,509,511,512,514,523,524,525,526,:
514:505,509,510,511,512,513,515,516,517,518,519,523,524,:
515:509,510,511,512,514,516,517,518,519,520,:
516:497,509,510,511,514,515,517,518,519,520,521,:
517:399,402,420,511,514,515,516,518,519,520,521,522,:
518:488,490,491,492,497,510,514,515,516,517,519,520,521,522,:
519:6,39,298,400,401,402,492,514,515,516,517,518,520,521,522,:
520:6,32,39,40,400,401,402,491,492,515,516,517,518,519,521,522,:
521:1,4,6,7,8,31,32,35,37,39,40,400,401,402,403,488,490,491,492,516,517,518,519,520,522,:
522:1,2,3,4,6,7,31,32,35,37,39,382,400,401,402,403,488,491,492,517,518,519,520,521,:
523:505,509,510,511,512,513,514,524,525,526,527,528,529,530,:
524:504,505,509,510,511,512,513,514,523,525,526,528,529,:
525:505,511,512,513,523,524,526,527,528,529,530,531,:
526:512,513,523,524,525,527,528,529,:
527:523,525,526,528,:
528:468,505,512,523,524,525,526,527,529,530,531,532,:
529:444,468,505,512,523,524,525,526,528,530,531,532,:
530:442,444,445,447,466,467,468,523,525,528,529,531,532,:
531:441,442,444,445,446,447,466,467,468,525,528,529,530,532,:
532:441,442,443,444,445,447,466,528,529,530,531,:
533:534,535,536,537,538,539,540,541,545,:
534:533,535,536,538,539,540,541,542,543,:
535:533,534,536,537,538,539,540,541,545,:
536:533,534,535,537,538,539,544,545,:
537:533,535,536,538,544,545,546,547,549,554,:
538:533,534,535,536,537,539,540,541,542,543,:
539:533,534,535,536,538,540,541,542,543,:
540:533,534,535,538,539,541,542,543,:
541:234,533,534,535,538,539,540,542,543,:
542:534,538,539,540,541,543,:
543:233,234,235,534,538,539,540,541,542,:
544:536,537,545,546,547,548,549,550,:
545:533,535,536,537,544,546,547,549,:
546:537,544,545,547,548,549,550,551,552,554,:
547:537,544,545,546,548,549,550,551,552,554,:
548:544,546,547,549,550,551,552,554,572,:
549:537,544,545,546,547,548,550,551,552,553,554,:
550:544,546,547,548,549,551,552,553,554,576,577,:
551:546,547,548,549,550,552,553,554,558,559,560,572,575,576,577,578,:
552:546,547,548,549,550,551,553,554,575,576,577,578,:
553:549,550,551,552,554,572,573,575,576,577,578,579,581,:
554:537,546,547,548,549,550,551,552,553,:
555:556,557,558,559,560,561,:
556:245,555,557,558,560,561,:
557:555,556,558,559,560,561,562,563,577,578,:
558:551,555,556,557,559,560,561,566,576,577,578,:
559:551,555,557,558,560,565,566,570,571,576,577,578,:
560:551,555,556,557,558,559,561,562,563,564,576,577,578,:
561:246,555,556,557,558,560,562,563,564,578,636,:
562:54,557,560,561,563,564,576,578,581,633,634,636,637,647,649,:
563:557,560,561,562,564,575,576,577,578,579,581,633,634,636,637,:
564:54,55,560,561,562,563,578,612,613,615,632,633,634,635,636,637,647,649,:
565:559,566,567,568,569,570,571,:
566:558,559,565,567,568,570,571,577,:
567:565,566,568,569,570,571,572,:
568:565,566,567,569,570,571,:
569:565,567,568,570,:
570:559,565,566,567,568,569,571,572,573,577,:
571:559,565,566,567,568,570,572,573,574,575,576,577,:
572:548,551,553,567,570,571,573,574,575,576,577,578,579,580,:
573:553,570,571,572,574,575,576,577,578,579,580,581,:
574:477,571,572,573,575,576,577,579,580,581,:
575:551,552,553,563,571,572,573,574,576,577,578,579,580,581,:
576:550,551,552,553,558,559,560,562,563,571,572,573,574,575,577,578,579,580,581,:
577:550,551,552,553,557,558,559,560,563,566,570,571,572,573,574,575,576,578,579,581,:
578:551,552,553,557,558,559,560,561,562,563,564,572,573,575,576,577,579,580,581,637,:
579:477,553,563,572,573,574,575,576,577,578,580,581,637,:
580:476,477,478,572,573,574,575,576,578,579,581,:
581:553,562,563,573,574,575,576,577,578,579,580,633,634,636,637,:
582:583,584,585,586,587,588,589,594,595,:
583:582,584,585,586,587,588,589,590,594,:
584:582,583,585,586,587,588,589,590,591,593,594,595,596,:
585:582,583,584,586,587,588,589,590,591,592,593,594,595,596,597,599,600,656,657,:
586:582,583,584,585,587,588,589,590,594,595,596,600,656,657,:
587:582,583,584,585,586,588,589,590,591,592,593,594,595,600,:
588:582,583,584,585,586,587,589,590,591,592,593,594,595,600,:
589:582,583,584,585,586,587,588,590,591,592,593,594,595,599,600,656,657,:
590:583,584,585,586,587,588,589,591,592,593,594,600,643,650,651,656,657,:
591:220,584,585,587,588,589,590,592,593,594,595,597,599,600,601,603,604,646,:
592:585,587,588,589,590,591,593,594,595,596,597,599,600,601,602,603,604,605,639,643,644,646,651,656,:
593:220,584,585,587,588,589,590,591,592,594,595,599,600,601,604,646,:
594:582,583,584,585,586,587,588,589,590,591,592,593,595,596,597,598,599,600,656,:
595:582,584,585,586,587,588,589,591,592,593,594,596,597,598,599,600,:
596:584,585,586,592,594,595,597,598,599,600,601,656,657,:
597:113,585,591,592,594,595,596,598,599,600,601,602,603,604,616,617,656,:
598:113,122,594,595,596,597,599,600,601,602,603,616,617,618,:
599:113,585,589,591,592,593,594,595,596,597,598,600,601,602,603,604,605,616,617,656,:
600:585,586,587,588,589,590,591,592,593,594,595,596,597,598,599,601,602,603,604,:
601:113,124,591,592,593,596,597,598,599,600,602,603,604,605,606,616,617,618,626,639,:
602:124,592,597,598,599,600,601,603,604,605,616,617,618,619,620,621,625,626,638,639,651,:
603:591,592,597,598,599,600,601,602,604,605,616,617,618,619,620,625,626,628,638,639,640,641,643,650,651,652,655,656,660,:
604:591,592,593,597,599,600,601,602,603,605,606,607,616,617,639,:
605:15,592,599,601,602,603,604,606,607,608,609,611,616,617,626,639,:
606:15,211,218,219,601,604,605,607,608,609,610,611,612,613,614,646,648,:
607:14,15,16,142,143,144,604,605,606,608,609,610,611,612,613,614,615,:
608:14,15,16,131,142,143,144,605,606,607,609,610,611,613,614,615,630,632,:
609:15,16,48,144,605,606,607,608,610,611,612,613,614,615,:
610:211,218,219,229,606,607,608,609,611,612,613,614,615,648,649,:
611:211,217,218,219,605,606,607,608,609,610,612,613,615,648,649,:
612:218,229,564,606,607,609,610,611,613,614,615,649,:
613:14,15,16,19,20,47,48,55,144,564,606,607,608,609,610,611,612,614,615,632,636,:
614:14,15,16,19,20,47,48,55,143,144,606,607,608,609,610,612,613,615,632,635,636,:
615:16,19,20,29,47,48,55,273,564,607,608,609,610,611,612,613,614,635,636,:
616:123,124,597,598,599,601,602,603,604,605,617,618,619,620,621,622,625,626,639,651,:
617:122,123,124,128,597,598,599,601,602,603,604,605,616,618,619,621,622,625,626,:
618:124,598,601,602,603,616,617,619,620,621,622,625,626,627,639,651,660,:
619:602,603,616,617,618,620,621,622,625,626,627,628,629,630,638,639,650,651,659,660,:
620:602,603,616,618,619,621,625,626,627,628,629,638,639,640,641,650,651,653,659,660,661,664,665,:
621:124,602,616,617,618,619,620,622,623,624,625,626,:
622:124,125,616,617,618,619,621,623,624,:
623:621,622,624,:
624:124,125,139,140,621,622,623,:
625:602,603,616,617,618,619,620,621,626,627,628,629,630,631,638,639,651,:
626:15,42,124,601,602,603,605,616,617,618,619,620,621,625,627,628,630,638,639,:
627:42,618,619,620,625,626,628,629,630,631,632,638,639,640,:
628:603,619,620,625,626,627,629,630,631,638,639,640,641,643,644,645,650,651,:
629:619,620,625,627,628,630,631,638,639,640,641,645,:
630:14,15,42,608,619,625,626,627,628,629,631,632,633,638,639,:
631:42,625,627,628,629,630,632,633,634,638,645,647,:
632:14,16,564,608,613,614,627,630,631,633,634,635,636,637,647,:
633:562,563,564,581,630,631,632,634,635,636,637,:
634:28,29,48,55,562,563,564,581,631,632,633,635,636,637,:
635:16,20,24,25,28,29,48,55,564,614,615,632,633,634,636,637,:
636:28,29,48,54,55,561,562,563,564,581,613,614,615,632,633,634,635,637,:
637:27,28,29,53,54,562,563,564,578,579,581,632,633,634,635,636,:
638:602,603,619,620,625,626,627,628,629,630,631,639,640,641,642,643,644,645,646,650,651,660,:
639:592,601,602,603,604,605,616,618,619,620,625,626,627,628,629,630,638,640,641,643,644,645,646,650,651,:
640:603,620,627,628,629,638,639,641,642,643,644,645,646,650,651,652,:
641:603,620,628,629,638,639,640,642,643,644,650,651,652,653,654,655,659,660,:
642:638,640,641,643,650,651,652,653,654,659,660,:
643:590,592,603,628,638,639,640,641,642,644,645,646,647,648,650,651,:
644:592,628,638,639,640,641,643,645,646,647,648,649,:
645:628,629,631,638,639,640,643,644,646,647,648,649,:
646:591,592,593,606,638,639,640,643,644,645,647,648,649,:
647:562,564,631,632,643,644,645,646,648,649,:
648:218,606,610,611,643,644,645,646,647,649,:
649:562,564,610,611,612,644,645,646,647,648,:
650:590,603,619,620,628,638,639,640,641,642,643,651,652,653,654,655,656,657,658,659,660,:
651:590,592,602,603,616,618,619,620,625,628,638,639,640,641,642,643,650,652,653,655,656,657,659,660,:
652:603,640,641,642,650,651,653,654,655,656,657,658,659,660,661,:
653:620,641,642,650,651,652,654,655,656,657,658,659,660,661,662,663,664,:
654:641,642,650,652,653,655,658,659,660,661,662,663,:
655:603,641,650,651,652,653,654,656,657,658,659,660,:
656:585,586,589,590,592,594,596,597,599,603,650,651,652,653,655,657,658,:
657:585,586,589,590,596,650,651,652,653,655,656,658,:
658:650,652,653,654,655,656,657,659,660,:
659:619,620,641,642,650,651,652,653,654,655,658,660,661,662,663,664,665,:
660:603,618,619,620,638,641,642,650,651,652,653,654,655,658,659,661,662,664,665,:
661:620,652,653,654,659,660,662,663,664,665,666,:
662:653,654,659,660,661,663,664,665,:
663:653,654,659,661,662,664,:
664:620,653,659,660,661,662,663,665,666,667,668,:
665:620,659,660,661,662,664,666,667,668,669,671,:
666:661,664,665,667,668,669,670,671,672,673,674,:
667:664,665,666,668,669,670,671,672,673,674,675,:
668:664,665,666,667,669,670,671,673,674,675,:
669:665,666,667,668,670,671,672,673,674,675,:
670:666,667,668,669,671,672,673,674,675,:
671:665,666,667,668,669,670,672,673,675,:
672:666,667,669,670,671,673,674,675,:
673:666,667,668,669,670,671,672,674,675,:
674:666,667,668,669,670,672,673,675,:
675:667,668,669,670,671,672,673,674,:
