1:2,3,4,5,6,8,9,63,74,80,83,218,223,224,:
2:1,3,4,8,63,74,217,218,222,223,224,:
3:1,2,4,5,6,8,83,86,224,:
4:1,2,3,5,6,8,9,59,60,62,63,73,74,75,76,79,80,82,83,84,86,87,218,223,224,:
5:1,3,4,6,7,8,9,10,11,28,29,30,80,89,140,141,142,218,224,:
6:1,3,4,5,7,8,9,10,30,83,87,88,89,134,135,136,140,141,142,:
7:5,6,8,9,10,11,28,29,30,140,141,142,214,348,349,353,:
8:1,2,3,4,5,6,7,9,10,28,80,141,214,215,217,218,223,224,:
9:1,4,5,6,7,8,10,11,12,13,28,29,30,31,36,79,80,89,140,141,142,218,223,224,:
10:5,6,7,8,9,11,12,13,14,15,17,28,29,30,31,33,36,79,80,:
11:5,7,9,10,12,13,14,15,16,17,18,19,28,29,30,31,32,33,34,35,36,89,91,142,:
12:9,10,11,13,14,15,16,17,18,19,27,28,29,30,31,32,33,34,35,36,79,89,91,142,:
13:9,10,11,12,14,15,16,17,18,28,29,30,31,32,33,34,35,358,359,361,363,:
14:10,11,12,13,15,16,17,28,30,31,32,33,34,35,142,358,361,363,:
15:10,11,12,13,14,16,17,18,19,26,27,28,29,30,31,32,33,34,35,36,263,:
16:11,12,13,14,15,17,18,26,27,31,32,33,34,35,:
17:10,11,12,13,14,15,16,18,19,20,21,26,27,29,30,31,32,33,34,35,36,91,:
18:11,12,13,15,16,17,19,20,21,22,25,26,27,29,33,34,35,36,:
19:11,12,15,17,18,20,21,22,26,27,29,33,35,36,266,:
20:17,18,19,21,22,23,24,26,27,36,38,266,268,:
21:17,18,19,20,22,23,24,25,26,27,36,37,38,39,266,268,269,:
22:18,19,20,21,23,24,25,26,27,37,38,39,268,269,:
23:20,21,22,24,25,27,37,38,268,269,:
24:20,21,22,23,25,26,27,37,38,39,268,269,:
25:18,21,22,23,24,26,27,37,39,269,:
26:15,16,17,18,19,20,21,22,24,25,27,35,39,:
27:12,15,16,17,18,19,20,21,22,23,24,25,26,33,35,36,39,266,268,269,:
28:5,7,8,9,10,11,12,13,14,15,29,30,31,33,215,216,217,218,358,359,360,:
29:5,7,9,10,11,12,13,15,17,18,19,28,30,31,33,36,79,80,223,:
30:5,6,7,9,10,11,12,13,14,15,17,28,29,31,32,33,35,89,91,140,141,142,:
31:9,10,11,12,13,14,15,16,17,28,29,30,32,33,34,35,358,359,360,361,362,363,:
32:11,12,13,14,15,16,17,30,31,33,34,35,358,359,361,363,:
33:10,11,12,13,14,15,16,17,18,19,27,28,29,30,31,32,34,35,36,263,264,265,266,362,:
34:11,12,13,14,15,16,17,18,31,32,33,35,:
35:11,12,13,14,15,16,17,18,19,26,27,30,31,32,33,34,36,91,:
36:9,10,11,12,15,17,18,19,20,21,27,29,33,35,78,79,80,81,:
37:21,22,23,24,25,38,:
38:20,21,22,23,24,37,268,:
39:21,22,24,25,26,27,:
40:41,42,43,44,45,46,49,50,102,104,105,:
41:40,42,43,44,45,49,50,101,102,103,104,105,106,:
42:40,41,43,44,45,46,47,48,49,50,51,102,105,:
43:40,41,42,44,45,46,47,48,49,50,51,52,53,54,56,57,58,101,102,:
44:40,41,42,43,45,46,47,48,49,50,51,52,57,58,86,95,96,98,101,102,103,105,:
45:40,41,42,43,44,46,47,48,49,50,102,:
46:40,42,43,44,45,47,48,49,389,:
47:42,43,44,45,46,48,49,50,389,:
48:42,43,44,45,46,47,389,:
49:40,41,42,43,44,45,46,47,50,51,52,53,54,55,56,57,58,102,:
50:40,41,42,43,44,45,47,49,51,52,53,54,56,:
51:42,43,44,49,50,52,53,54,55,56,57,58,59,99,:
52:43,44,49,50,51,53,54,55,56,57,58,59,60,61,86,170,:
53:43,49,50,51,52,54,55,57,58,59,60,169,170,176,178,:
54:43,49,50,51,52,53,55,56,57,58,99,100,170,:
55:49,51,52,53,54,56,57,58,99,100,:
56:43,49,50,51,52,54,55,100,:
57:43,44,49,51,52,53,54,55,58,59,60,61,62,63,85,86,167,:
58:43,44,49,51,52,53,54,55,57,59,60,61,85,86,93,95,98,99,102,166,167,:
59:4,51,52,53,57,58,60,61,62,63,64,74,86,167,176,:
60:4,52,53,57,58,59,61,62,63,64,65,67,73,74,83,86,166,167,184,:
61:52,57,58,59,60,62,63,64,65,66,73,74,82,83,85,86,165,166,167,168,184,:
62:4,57,59,60,61,63,64,65,66,67,68,69,70,72,73,74,83,167,184,:
63:1,2,4,57,59,60,61,62,64,65,67,68,70,71,72,73,74,176,223,224,:
64:59,60,61,62,63,65,66,67,68,69,70,72,73,74,75,167,184,:
65:60,61,62,63,64,66,67,68,73,74,75,76,78,80,81,82,83,167,:
66:61,62,64,65,67,73,74,75,76,78,81,167,:
67:60,62,63,64,65,66,68,69,70,71,72,73,74,394,:
68:62,63,64,65,67,69,70,71,72,397,400,:
69:62,64,67,68,70,71,72,184,397,398,400,:
70:62,63,64,67,68,69,71,72,176,397,400,403,:
71:63,67,68,69,70,72,173,176,397,400,403,:
72:62,63,64,67,68,69,70,71,176,403,:
73:4,60,61,62,63,64,65,66,67,74,75,76,77,78,79,80,81,82,83,167,223,:
74:1,2,4,59,60,61,62,63,64,65,66,67,73,75,76,78,79,80,81,82,83,167,223,224,:
75:4,64,65,66,73,74,76,77,78,79,80,81,82,83,84,161,:
76:4,65,66,73,74,75,77,78,79,80,81,82,83,84,85,86,87,88,90,160,161,165,166,167,:
77:73,75,76,78,82,83,84,85,87,88,90,154,155,160,161,162,165,166,167,:
78:36,65,66,73,74,75,76,77,79,80,81,82,83,:
79:4,9,10,12,29,36,73,74,75,76,78,80,81,82,83,89,223,224,:
80:1,4,5,8,9,10,29,36,65,73,74,75,76,78,79,81,82,83,222,223,224,225,:
81:36,65,66,73,74,75,76,78,79,80,:
82:4,61,65,73,74,75,76,77,78,79,80,83,84,85,86,87,88,89,90,93,94,161,166,167,:
83:1,3,4,6,60,61,62,65,73,74,75,76,77,78,79,80,82,84,85,86,87,88,89,166,167,:
84:4,75,76,77,82,83,85,86,87,88,89,90,93,94,95,147,160,161,166,167,:
85:57,58,61,76,77,82,83,84,86,87,88,93,94,95,96,98,99,147,166,167,:
86:3,4,44,52,57,58,59,60,61,76,82,83,84,85,87,93,94,95,96,98,99,102,166,167,:
87:4,6,76,77,82,83,84,85,86,88,89,90,91,92,93,94,134,135,136,147,:
88:6,76,77,82,83,84,85,87,89,90,91,92,136,140,141,142,:
89:5,6,9,11,12,30,79,82,83,84,87,88,90,91,92,136,137,139,140,141,142,:
90:76,77,82,84,87,88,89,91,92,147,154,:
91:11,12,17,30,35,87,88,89,90,92,139,140,142,:
92:87,88,89,90,91,:
93:58,82,84,85,86,87,94,95,96,97,98,99,100,101,102,144,147,166,167,:
94:82,84,85,86,87,93,95,96,97,98,99,101,143,144,145,146,147,152,154,155,160,166,:
95:44,58,84,85,86,93,94,96,97,98,99,100,101,102,103,144,147,:
96:44,85,86,93,94,95,97,98,99,101,102,103,104,105,106,108,144,147,:
97:93,94,95,96,98,101,102,103,104,128,129,132,143,144,145,147,:
98:44,58,85,86,93,94,95,96,97,99,100,101,102,147,166,:
99:51,54,55,58,85,86,93,94,95,96,98,100,162,165,166,167,:
100:54,55,56,93,95,98,99,162,165,166,167,168,:
101:41,43,44,93,94,95,96,97,98,102,103,104,105,106,107,108,:
102:40,41,42,43,44,45,49,58,86,93,95,96,97,98,101,103,104,105,106,108,:
103:41,44,95,96,97,101,102,104,105,106,107,108,:
104:40,41,96,97,101,102,103,105,106,107,108,:
105:40,41,42,44,96,101,102,103,104,106,107,:
106:41,96,101,102,103,104,105,107,108,:
107:101,103,104,105,106,108,119,123,124,125,:
108:96,101,102,103,104,106,107,123,124,125,133,135,:
109:110,111,112,113,114,115,:
110:109,111,112,113,114,115,:
111:109,110,112,113,114,115,116,:
112:109,110,111,113,114,115,:
113:109,110,111,112,114,115,:
114:109,110,111,112,113,115,116,117,118,:
115:109,110,111,112,113,114,116,117,118,119,121,:
116:111,114,115,117,118,119,120,121,122,123,124,:
117:114,115,116,118,119,120,121,122,123,124,125,:
118:114,115,116,117,119,120,121,123,124,125,:
119:107,115,116,117,118,120,121,122,123,124,125,:
120:116,117,118,119,121,122,123,124,125,:
121:115,116,117,118,119,120,122,123,125,:
122:116,117,119,120,121,123,124,125,:
123:107,108,116,117,118,119,120,121,122,124,125,:
124:107,108,116,117,118,119,120,122,123,125,133,:
125:107,108,117,118,119,120,121,122,123,124,:
126:127,128,129,130,131,132,143,144,:
127:126,128,129,130,131,143,:
128:97,126,127,129,130,131,132,133,143,144,145,:
129:97,126,127,128,130,131,132,143,144,145,146,147,148,149,:
130:126,127,128,129,131,143,144,145,148,149,151,:
131:126,127,128,129,130,132,133,134,138,143,144,:
132:97,126,128,129,131,133,134,135,136,137,138,143,144,:
133:108,124,128,131,132,134,135,136,137,138,139,140,141,:
134:6,87,131,132,133,135,136,137,138,139,140,141,142,:
135:6,87,108,132,133,134,136,137,138,140,141,142,:
136:6,87,88,89,132,133,134,135,137,138,139,140,141,142,:
137:89,132,133,134,135,136,138,139,140,141,142,:
138:131,132,133,134,135,136,137,139,140,142,:
139:89,91,133,134,136,137,138,140,141,142,:
140:5,6,7,9,30,88,89,91,133,134,135,136,137,138,139,141,142,:
141:5,6,7,8,9,30,88,89,133,134,135,136,137,139,140,142,:
142:5,6,7,9,11,12,14,30,88,89,91,134,135,136,137,138,139,140,141,:
143:94,97,126,127,128,129,130,131,132,144,145,146,147,148,149,152,153,:
144:93,94,95,96,97,126,128,129,130,131,132,143,145,146,147,148,149,152,:
145:94,97,128,129,130,143,144,146,147,148,149,150,151,152,153,154,:
146:94,129,143,144,145,147,148,149,152,153,154,155,156,157,160,:
147:84,85,87,90,93,94,95,96,97,98,129,143,144,145,146,148,152,153,154,155,156,160,161,:
148:129,130,143,144,145,146,147,149,150,151,152,153,156,:
149:129,130,143,144,145,146,148,150,151,:
150:145,148,149,151,:
151:130,145,148,149,150,:
152:94,143,144,145,146,147,148,153,154,155,156,157,158,159,160,161,:
153:143,145,146,147,148,152,154,155,156,157,158,159,:
154:77,90,94,145,146,147,152,153,155,156,157,158,159,160,161,162,:
155:77,94,146,147,152,153,154,156,157,158,159,160,161,162,163,164,165,:
156:146,147,148,152,153,154,155,157,158,160,161,162,163,164,:
157:146,152,153,154,155,156,158,159,160,161,:
158:152,153,154,155,156,157,159,160,:
159:152,153,154,155,157,158,:
160:76,77,84,94,146,147,152,154,155,156,157,158,161,162,163,164,165,166,167,168,:
161:75,76,77,82,84,147,152,154,155,156,157,160,162,163,165,166,167,:
162:77,99,100,154,155,156,160,161,163,164,165,166,167,168,:
163:155,156,160,161,162,164,165,166,168,:
164:155,156,160,162,163,165,168,:
165:61,76,77,99,100,155,160,161,162,163,164,166,167,168,:
166:58,60,61,76,77,82,83,84,85,86,93,94,98,99,100,160,161,162,163,165,167,168,:
167:57,58,59,60,61,62,64,65,66,73,74,76,77,82,83,84,85,86,93,99,100,160,161,162,165,166,168,:
168:61,100,160,162,163,164,165,166,167,:
169:53,170,171,172,173,174,175,176,177,178,:
170:52,53,54,169,171,172,173,174,175,176,177,178,:
171:169,170,172,173,174,175,176,177,178,179,:
172:169,170,171,173,174,175,176,177,178,179,180,182,184,:
173:71,169,170,171,172,174,176,177,178,179,182,184,:
174:169,170,171,172,173,175,176,177,178,:
175:169,170,171,172,174,176,186,191,192,:
176:53,59,63,70,71,72,169,170,171,172,173,174,175,:
177:169,170,171,172,173,174,178,179,180,181,182,183,184,:
178:53,169,170,171,172,173,174,177,179,180,181,182,184,:
179:171,172,173,177,178,180,181,182,183,184,:
180:172,177,178,179,181,182,183,184,:
181:177,178,179,180,182,183,:
182:172,173,177,178,179,180,181,183,184,:
183:177,179,180,181,182,184,:
184:60,61,62,64,69,172,173,177,178,179,180,182,183,:
185:186,187,188,189,190,191,192,:
186:175,185,187,188,190,191,192,193,:
187:185,186,188,189,190,191,192,193,389,:
188:185,186,187,189,190,191,192,:
189:185,187,188,190,388,389,:
190:185,186,187,188,189,191,192,193,:
191:175,185,186,187,188,190,192,193,:
192:175,185,186,187,188,190,191,193,:
193:186,187,190,191,192,:
194:195,196,197,198,199,200,203,204,:
195:194,196,197,198,199,203,:
196:194,195,197,198,199,200,201,202,203,204,205,:
197:194,195,196,198,199,200,201,203,204,205,206,208,209,212,213,:
198:194,195,196,197,199,200,201,203,204,205,206,212,213,230,234,235,237,240,:
199:194,195,196,197,198,200,201,202,203,204,:
200:194,196,197,198,199,201,202,203,204,:
201:196,197,198,199,200,202,203,204,206,342,344,:
202:196,199,200,201,387,388,:
203:194,195,196,197,198,199,200,201,204,205,206,207,208,209,212,213,344,:
204:194,196,197,198,199,200,201,203,205,206,207,208,209,342,344,:
205:196,197,198,203,204,206,207,208,209,212,213,214,238,353,:
206:197,198,201,203,204,205,207,208,209,212,213,214,215,216,344,348,353,:
207:203,204,205,206,208,212,213,214,344,345,347,348,349,350,352,353,354,357,365,:
208:197,203,204,205,206,207,209,210,212,213,238,239,353,355,364,365,:
209:197,203,204,205,206,208,210,211,238,239,240,:
210:208,209,211,366,:
211:209,210,:
212:197,198,203,205,206,207,208,213,214,215,216,217,218,230,353,:
213:197,198,203,205,206,207,208,212,214,215,216,217,229,230,232,234,238,:
214:7,8,205,206,207,212,213,215,216,217,218,219,230,:
215:8,28,206,212,213,214,216,217,218,219,220,221,222,223,224,226,227,229,230,:
216:28,206,212,213,214,215,217,218,219,220,221,226,227,228,229,230,243,360,:
217:2,8,28,212,213,214,215,216,218,219,220,221,222,223,224,225,226,227,230,:
218:1,2,4,5,8,9,28,212,214,215,216,217,219,220,222,223,224,226,227,:
219:214,215,216,217,218,220,221,222,223,224,225,226,227,228,:
220:215,216,217,218,219,221,222,223,224,225,226,227,228,229,230,231,241,242,:
221:215,216,217,219,220,222,225,226,227,228,229,231,241,242,243,275,277,278,:
222:2,80,215,217,218,219,220,221,223,224,225,226,227,:
223:1,2,4,8,9,29,63,73,74,79,80,215,217,218,219,220,222,224,225,227,:
224:1,2,3,4,5,8,9,63,74,79,80,215,217,218,219,220,222,223,225,227,:
225:80,217,219,220,221,222,223,224,226,278,394,:
226:215,216,217,218,219,220,221,222,225,227,228,229,230,231,232,233,242,:
227:215,216,217,218,219,220,221,222,223,224,226,228,229,230,231,:
228:216,219,220,221,226,227,229,230,231,232,233,234,241,242,:
229:213,215,216,220,221,226,227,228,230,231,232,233,234,235,236,237,238,:
230:198,212,213,214,215,216,217,220,226,227,228,229,231,232,233,234,235,237,238,:
231:220,221,226,227,228,229,230,232,233,:
232:213,226,228,229,230,231,233,234,235,236,237,238,239,240,241,:
233:226,228,229,230,231,232,234,235,236,237,238,241,242,243,:
234:198,213,228,229,230,232,233,235,236,237,238,239,240,:
235:198,229,230,232,233,234,236,237,238,240,:
236:229,232,233,234,235,237,240,:
237:198,229,230,232,233,234,235,236,238,239,240,:
238:205,208,209,213,229,230,232,233,234,235,237,239,240,243,:
239:208,209,232,234,237,238,240,243,247,:
240:198,209,232,234,235,236,237,238,239,:
241:220,221,228,232,233,242,243,244,245,246,247,275,:
242:220,221,226,228,233,241,243,244,245,271,275,276,277,278,:
243:216,221,233,238,239,241,242,244,245,246,247,248,271,:
244:241,242,243,245,246,247,248,249,250,251,258,259,270,271,:
245:241,242,243,244,246,247,248,249,250,258,259,261,270,271,272,273,275,:
246:241,243,244,245,247,248,249,250,251,252,253,254,258,259,271,360,:
247:239,241,243,244,245,246,248,249,251,252,253,254,258,259,359,360,:
248:243,244,245,246,247,249,250,251,252,253,254,258,259,260,362,:
249:244,245,246,247,248,250,251,252,258,259,260,261,262,263,270,271,280,362,:
250:244,245,246,248,249,251,258,259,260,261,262,270,271,279,280,285,286,:
251:244,246,247,248,249,250,252,253,254,255,256,258,259,340,361,362,:
252:246,247,248,249,251,253,254,255,256,257,340,:
253:246,247,248,251,252,254,255,256,257,:
254:246,247,248,251,252,253,255,256,257,:
255:251,252,253,254,256,257,356,:
256:251,252,253,254,255,257,:
257:252,253,254,255,256,:
258:244,245,246,247,248,249,250,251,259,260,261,262,263,264,270,271,280,360,361,362,:
259:244,245,246,247,248,249,250,251,258,260,261,263,270,271,359,360,361,362,363,:
260:248,249,250,258,259,261,262,263,264,265,266,270,271,272,280,286,362,:
261:245,249,250,258,259,260,262,263,264,265,266,270,271,272,273,274,275,279,280,286,288,:
262:249,250,258,260,261,263,264,265,266,268,270,271,272,273,274,279,280,281,282,286,287,288,289,292,:
263:15,33,249,258,259,260,261,262,264,265,266,267,268,270,271,362,:
264:33,258,260,261,262,263,265,266,267,268,269,270,:
265:33,260,261,262,263,264,266,267,268,269,:
266:19,20,21,27,33,260,261,262,263,264,265,267,268,269,270,:
267:263,264,265,266,268,269,:
268:20,21,22,23,24,27,38,262,263,264,265,266,267,269,292,294,:
269:21,22,23,24,25,27,264,265,266,267,268,:
270:244,245,249,250,258,259,260,261,262,263,264,266,271,272,273,274,275,276,280,288,:
271:242,243,244,245,246,249,250,258,259,260,261,262,263,270,272,273,275,:
272:245,260,261,262,270,271,273,274,275,276,288,:
273:245,261,262,270,271,272,274,275,276,279,280,287,288,:
274:261,262,270,272,273,275,276,279,280,287,288,289,290,292,:
275:221,241,242,245,261,270,271,272,273,274,276,277,278,:
276:242,270,272,273,274,275,277,278,:
277:221,242,275,276,278,:
278:221,225,242,275,276,277,:
279:250,261,262,273,274,280,281,282,283,284,285,286,287,288,:
280:249,250,258,260,261,262,270,273,274,279,281,282,284,285,286,287,288,:
281:262,279,280,282,283,284,285,286,287,288,289,:
282:262,279,280,281,283,284,285,286,287,288,289,290,291,292,322,:
283:279,281,282,284,286,287,288,289,290,291,322,:
284:279,280,281,282,283,285,286,287,288,:
285:250,279,280,281,282,284,286,:
286:250,260,261,262,279,280,281,282,283,284,285,287,288,:
287:262,273,274,279,280,281,282,283,284,286,288,289,290,291,292,293,322,:
288:261,262,270,272,273,274,279,280,281,282,283,284,286,287,289,290,292,:
289:262,274,281,282,283,287,288,290,291,292,293,294,295,322,:
290:274,282,283,287,288,289,291,292,293,295,299,:
291:282,283,287,289,290,292,293,295,298,299,300,303,304,:
292:262,268,274,282,287,288,289,290,291,293,294,295,296,297,:
293:287,289,290,291,292,294,295,296,297,:
294:268,289,292,293,295,296,297,:
295:289,290,291,292,293,294,296,297,304,:
296:292,293,294,295,297,304,306,308,312,:
297:292,293,294,295,296,304,308,309,310,:
298:291,299,300,301,302,303,304,305,:
299:290,291,298,300,301,303,304,:
300:291,298,299,301,302,303,304,305,:
301:298,299,300,302,303,304,:
302:298,300,301,303,:
303:291,298,299,300,301,302,304,305,306,310,:
304:291,295,296,297,298,299,300,301,303,305,306,307,308,309,310,:
305:298,300,303,304,306,307,308,309,310,311,312,313,:
306:296,303,304,305,307,308,309,310,311,312,313,314,:
307:304,305,306,308,309,310,312,313,314,:
308:296,297,304,305,306,307,309,310,311,312,313,314,:
309:297,304,305,306,307,308,310,311,312,313,314,:
310:297,303,304,305,306,307,308,309,311,312,314,:
311:305,306,308,309,310,312,313,314,:
312:296,305,306,307,308,309,310,311,313,314,:
313:305,306,307,308,309,311,312,314,:
314:306,307,308,309,310,311,312,313,:
315:316,317,318,319,320,321,:
316:315,317,318,319,320,:
317:315,316,318,319,320,321,322,323,:
318:315,316,317,319,320,321,322,:
319:315,316,317,318,320,321,324,325,:
320:315,316,317,318,319,321,322,323,:
321:315,317,318,319,320,322,323,:
322:282,283,287,289,317,318,320,321,323,:
323:317,320,321,322,:
324:319,325,326,327,328,329,330,334,335,:
325:319,324,326,327,328,329,:
326:324,325,327,328,329,330,331,332,334,335,336,:
327:324,325,326,328,329,330,334,335,336,337,338,339,341,:
328:324,325,326,327,329,334,335,336,337,:
329:324,325,326,327,328,330,331,332,333,334,335,:
330:324,326,327,329,331,332,333,334,335,:
331:326,329,330,332,333,335,:
332:326,329,330,331,333,:
333:329,330,331,332,335,:
334:324,326,327,328,329,330,335,336,337,338,339,340,341,:
335:324,326,327,328,329,330,331,333,334,336,337,338,339,341,:
336:326,327,328,334,335,337,338,339,340,341,:
337:327,328,334,335,336,338,339,340,341,:
338:327,334,335,336,337,339,340,379,:
339:327,334,335,336,337,338,340,341,:
340:251,252,334,336,337,338,339,341,380,:
341:327,334,335,336,337,339,340,362,:
342:201,204,343,344,345,346,347,348,370,371,:
343:342,344,345,346,371,:
344:201,203,204,206,207,342,343,345,346,347,348,349,353,365,371,:
345:207,342,343,344,346,347,348,349,350,352,353,364,365,370,371,:
346:342,343,344,345,347,348,349,350,351,352,353,364,365,366,369,370,371,:
347:207,342,344,345,346,348,349,350,351,352,353,365,371,:
348:7,206,207,342,344,345,346,347,349,350,352,353,:
349:7,207,344,345,346,347,348,350,351,352,353,354,365,:
350:207,345,346,347,348,349,351,352,353,354,355,357,358,364,365,371,:
351:346,347,349,350,352,353,354,355,364,365,:
352:207,345,346,347,348,349,350,351,353,354,355,356,357,358,364,365,371,:
353:7,205,206,207,208,212,344,345,346,347,348,349,350,351,352,354,355,357,358,364,365,371,:
354:207,349,350,351,352,353,355,356,357,358,359,364,365,366,:
355:208,350,351,352,353,354,356,357,358,364,365,366,367,369,371,373,:
356:255,352,354,355,357,364,365,366,367,368,372,373,378,380,:
357:207,350,352,353,354,355,356,358,359,360,361,363,364,365,:
358:13,14,28,31,32,350,352,353,354,355,357,359,360,361,362,363,:
359:13,28,31,32,247,259,354,357,358,360,361,362,363,:
360:28,31,216,246,247,258,259,357,358,359,361,362,363,:
361:13,14,31,32,251,258,259,357,358,359,360,362,363,:
362:31,33,248,249,251,258,259,260,263,341,358,359,360,361,363,:
363:13,14,31,32,259,357,358,359,360,361,362,380,:
364:208,345,346,350,351,352,353,354,355,356,357,365,366,367,368,369,370,371,373,:
365:207,208,344,345,346,347,349,350,351,352,353,354,355,356,357,364,366,367,369,370,371,:
366:210,346,354,355,356,364,365,367,368,369,370,371,373,:
367:355,356,364,365,366,368,369,370,371,372,373,:
368:356,364,366,367,369,370,372,373,:
369:346,355,364,365,366,367,368,370,371,:
370:342,345,346,364,365,366,367,368,369,371,:
371:342,343,344,345,346,347,350,352,353,355,364,365,366,367,369,370,:
372:356,367,368,373,374,375,376,377,378,379,:
373:355,356,364,366,367,368,372,374,375,377,378,379,380,:
374:372,373,375,376,377,378,379,380,:
375:372,373,374,376,377,378,379,:
376:372,374,375,377,379,:
377:372,373,374,375,376,378,379,380,:
378:356,372,373,374,375,377,379,380,:
379:338,372,373,374,375,376,377,378,380,:
380:340,356,363,373,374,377,378,379,:
381:382,383,384,385,386,387,388,389,:
382:381,383,384,386,387,388,:
383:381,382,384,385,386,387,388,389,:
384:381,382,383,385,386,387,389,:
385:381,383,384,386,389,:
386:381,382,383,384,385,387,388,389,:
387:202,381,382,383,384,386,388,389,:
388:189,202,381,382,383,386,387,389,:
389:46,47,48,187,189,381,383,384,385,386,387,388,:
390:391,392,393,394,395,396,:
391:390,392,393,395,396,402,:
392:390,391,393,394,395,396,397,:
393:390,391,392,394,395,396,397,398,399,400,402,403,:
394:67,225,390,392,393,395,396,397,400,403,:
395:390,391,392,393,394,396,397,398,399,400,401,402,403,:
396:390,391,392,393,394,395,397,398,399,400,401,402,403,:
397:68,69,70,71,392,393,394,395,396,398,399,400,401,402,403,:
398:69,393,395,396,397,399,400,401,402,403,:
399:393,395,396,397,398,400,401,402,:
400:68,69,70,71,393,394,395,396,397,398,399,401,402,403,:
401:395,396,397,398,399,400,402,403,:
402:391,393,395,396,397,398,399,400,401,403,:
403:70,71,72,393,394,395,396,397,398,400,401,402,:
