1:4,5,6,7,8,24,26,170,171,172,173,174,175,455,456,457,460,:
2:3,6,7,8,9,10,11,15,16,17,19,20,21,22,23,26,27,32,35,36,:
3:2,16,17,18,19,20,25,32,33,34,35,36,55,:
4:1,5,6,7,8,21,23,24,26,38,172,173,174,451,455,456,457,:
5:1,4,6,7,24,38,172,173,174,451,455,456,457,:
6:1,2,4,5,7,8,9,21,22,23,24,26,36,37,38,173,451,453,456,:
7:1,2,4,5,6,8,9,10,16,21,22,23,24,26,36,37,38,454,:
8:1,2,4,6,7,9,10,11,15,16,21,22,24,26,27,31,112,454,:
9:2,6,7,8,10,11,12,14,15,16,17,20,21,22,26,27,31,35,111,454,:
10:2,7,8,9,11,12,13,14,15,16,20,21,26,27,28,29,30,31,35,:
11:2,8,9,10,12,13,14,15,16,20,27,28,29,30,31,35,53,110,111,:
12:9,10,11,13,14,15,27,28,29,30,31,35,51,52,53,57,59,:
13:10,11,12,14,15,27,28,29,30,31,59,91,:
14:9,10,11,12,13,15,27,28,29,30,31,89,90,91,:
15:2,8,9,10,11,12,13,14,26,27,28,29,30,31,35,91,:
16:2,3,7,8,9,10,11,17,18,19,20,21,22,25,27,32,33,34,35,36,:
17:2,3,9,16,18,19,20,21,22,25,27,32,33,34,35,36,55,:
18:3,16,17,19,20,25,32,33,34,35,333,:
19:2,3,16,17,18,20,25,27,32,33,34,35,:
20:2,3,9,10,11,16,17,18,19,21,25,27,32,33,34,35,:
21:2,4,6,7,8,9,10,16,17,20,22,23,24,26,32,35,36,37,38,:
22:2,6,7,8,9,16,17,21,23,24,32,36,37,38,153,280,414,:
23:2,4,6,7,21,22,24,36,37,38,220,222,272,280,453,:
24:1,4,5,6,7,8,21,22,23,36,37,38,220,272,273,451,453,:
25:3,16,17,18,19,20,32,33,55,292,293,333,:
26:1,2,4,6,7,8,9,10,15,21,31,112,173,454,:
27:2,8,9,10,11,12,13,14,15,16,17,19,20,28,32,35,53,55,110,111,:
28:10,11,12,13,14,15,27,29,50,51,52,53,57,58,59,:
29:10,11,12,13,14,15,28,30,52,59,63,91,:
30:10,11,12,13,14,15,29,31,87,89,90,91,:
31:8,9,10,11,12,13,14,15,26,30,454,:
32:2,3,16,17,18,19,20,21,22,25,27,36,55,153,293,:
33:3,16,17,18,19,20,25,34,333,:
34:3,16,17,18,19,20,33,35,348,:
35:2,3,9,10,11,12,15,16,17,18,19,20,21,27,34,413,:
36:2,3,6,7,16,17,21,22,23,24,32,37,153,280,414,:
37:6,7,21,22,23,24,36,38,220,222,272,279,280,:
38:4,5,6,7,21,22,23,24,37,219,220,221,272,273,274,275,453,456,:
39:40,41,42,43,44,45,48,49,121,:
40:39,41,42,43,44,:
41:39,40,42,43,44,45,46,47,48,49,50,58,109,121,123,:
42:39,40,41,43,44,45,46,48,49,50,51,53,57,58,109,:
43:39,40,41,42,44,45,48,49,50,51,52,57,58,:
44:39,40,41,42,43,45,46,47,48,49,123,:
45:39,41,42,43,44,46,47,48,49,57,58,:
46:41,42,44,45,47,49,58,61,106,109,122,123,124,:
47:41,44,45,46,:
48:39,41,42,43,44,45,49,50,51,52,53,54,56,57,58,108,109,128,:
49:39,41,42,43,44,45,46,48,50,51,53,54,57,58,108,109,113,115,116,127,128,:
50:28,41,42,43,48,49,51,52,53,54,55,56,57,58,59,109,:
51:12,28,42,43,48,49,50,52,53,54,57,58,59,60,109,:
52:12,28,29,43,48,50,51,53,57,58,59,:
53:11,12,27,28,42,48,49,50,51,52,54,55,56,57,58,109,:
54:48,49,50,51,53,55,56,127,128,132,:
55:3,17,25,27,32,50,53,54,56,116,127,128,129,132,:
56:48,50,53,54,55,:
57:12,28,42,43,45,48,49,50,51,52,53,58,59,60,61,62,63,106,109,:
58:28,41,42,43,45,46,48,49,50,51,52,53,57,59,60,61,62,105,106,107,108,109,:
59:12,13,28,29,50,51,52,57,58,60,61,62,63,64,106,:
60:51,57,58,59,61,62,63,64,65,67,106,:
61:46,57,58,59,60,62,63,64,67,90,99,100,105,106,107,109,:
62:57,58,59,60,61,63,64,65,66,67,68,70,71,90,91,106,:
63:29,57,59,60,61,62,64,65,66,67,68,70,91,:
64:59,60,61,62,63,65,66,67,68,69,70,71,72,90,91,96,106,:
65:60,62,63,64,66,67,68,69,70,71,72,73,89,90,91,96,:
66:62,63,64,65,67,68,70,71,72,91,:
67:60,61,62,63,64,65,66,68,69,70,71,96,99,103,:
68:62,63,64,65,66,67,69,70,71,:
69:64,65,67,68,103,:
70:62,63,64,65,66,67,68,71,72,73,74,75,76,89,90,91,93,95,96,:
71:62,64,65,66,67,68,70,72,73,74,75,81,88,89,90,91,92,93,94,95,96,:
72:64,65,66,70,71,73,74,75,76,77,81,89,93,96,:
73:65,70,71,72,74,75,76,77,78,79,80,81,92,93,:
74:70,71,72,73,75,76,77,78,79,80,81,83,92,93,94,95,96,:
75:70,71,72,73,74,76,77,78,79,80,81,93,:
76:70,72,73,74,75,77,78,80,81,87,:
77:72,73,74,75,76,78,79,80,81,82,93,:
78:73,74,75,76,77,79,80,81,82,83,85,92,93,:
79:73,74,75,77,78,80,81,82,83,92,93,:
80:73,74,75,76,77,78,79,81,82,83,84,85,86,87,88,92,93,:
81:71,72,73,74,75,76,77,78,79,80,82,83,85,86,87,88,89,92,93,:
82:77,78,79,80,81,83,84,85,86,87,88,92,93,94,:
83:74,78,79,80,81,82,84,85,86,88,92,93,94,95,96,:
84:80,82,83,85,86,88,92,93,94,95,171,194,:
85:78,80,81,82,83,84,86,87,88,89,90,92,93,171,175,462,463,:
86:80,81,82,83,84,85,87,88,89,90,91,92,93,:
87:30,76,80,81,82,85,86,88,89,90,91,:
88:71,80,81,82,83,84,85,86,87,89,90,91,92,93,95,96,112,:
89:14,30,65,70,71,72,81,85,86,87,88,90,91,:
90:14,30,61,62,64,65,70,71,85,86,87,88,89,91,96,112,:
91:13,14,15,29,30,62,63,64,65,66,70,71,86,87,88,89,90,:
92:71,73,74,78,79,80,81,82,83,84,85,86,88,93,94,95,96,97,98,:
93:70,71,72,73,74,75,77,78,79,80,81,82,83,84,85,86,88,92,94,95,96,:
94:71,74,82,83,84,92,93,95,96,97,98,99,180,:
95:70,71,74,83,84,88,92,93,94,96,97,98,99,100,102,103,180,:
96:64,65,67,70,71,72,74,83,88,90,92,93,94,95,97,98,99,100,102,103,:
97:92,94,95,96,98,99,100,101,102,103,104,105,106,177,180,:
98:92,94,95,96,97,99,100,101,102,103,105,176,177,178,179,180,181,:
99:61,67,94,95,96,97,98,100,101,102,103,104,105,106,107,177,:
100:61,95,96,97,98,99,101,102,103,105,106,107,108,110,112,176,177,:
101:97,98,99,100,102,105,106,107,108,110,112,114,158,165,166,176,177,178,180,181,184,:
102:95,96,97,98,99,100,101,103,104,105,106,:
103:67,69,95,96,97,98,99,100,102,104,:
104:97,99,102,103,126,:
105:58,61,97,98,99,100,101,102,106,107,108,109,110,111,112,113,114,177,:
106:46,57,58,59,60,61,62,64,97,99,100,101,102,105,107,108,109,110,112,:
107:58,61,99,100,101,105,106,108,109,110,111,112,113,114,115,158,:
108:48,49,58,100,101,105,106,107,109,110,111,112,113,114,115,116,117,118,119,120,158,:
109:41,42,46,48,49,50,51,53,57,58,61,105,106,107,108,110,111,113,114,115,116,118,:
110:11,27,100,101,105,106,107,108,109,111,112,113,114,:
111:9,11,27,105,107,108,109,110,112,113,114,:
112:8,26,88,90,100,101,105,106,107,108,110,111,169,:
113:49,105,107,108,109,110,111,114,115,116,117,118,119,120,127,128,155,157,158,:
114:101,105,107,108,109,110,111,113,115,116,117,118,119,120,154,155,156,157,158,159,163,:
115:49,107,108,109,113,114,116,117,118,119,120,121,127,128,129,131,155,158,:
116:49,55,108,109,113,114,115,117,118,119,127,128,129,130,131,132,135,155,:
117:108,113,114,115,116,118,127,128,129,130,131,135,136,150,151,154,155,156,158,159,:
118:108,109,113,114,115,116,117,119,120,121,122,123,127,128,131,158,:
119:108,113,114,115,116,118,120,121,122,123,124,:
120:108,113,114,115,118,119,121,122,123,124,125,126,158,184,186,:
121:39,41,115,118,119,120,122,123,124,125,:
122:46,118,119,120,121,123,124,125,126,184,:
123:41,44,46,118,119,120,121,122,124,125,126,:
124:46,119,120,121,122,123,125,126,:
125:120,121,122,123,124,126,:
126:104,120,122,123,124,125,:
127:49,54,55,113,115,116,117,118,128,129,130,131,132,133,134,135,136,:
128:48,49,54,55,113,115,116,117,118,127,129,130,131,132,133,:
129:55,115,116,117,127,128,130,131,132,133,134,135,136,137,295,:
130:116,117,127,128,129,131,132,133,134,135,136,137,138,139,144,:
131:115,116,117,118,127,128,129,130,132,133,134,135,136,137,:
132:54,55,116,127,128,129,130,131,133,134,135,136,:
133:127,128,129,130,131,132,134,135,136,294,295,296,297,300,301,302,:
134:127,129,130,131,132,133,135,136,137,138,139,294,295,296,297,300,301,302,:
135:116,117,127,129,130,131,132,133,134,136,137,138,139,141,144,294,295,300,301,:
136:117,127,129,130,131,132,133,134,135,137,138,139,140,141,143,144,293,294,295,296,300,301,:
137:129,130,131,134,135,136,138,139,141,144,147,162,301,:
138:130,134,135,136,137,139,140,141,144,147,295,300,301,:
139:130,134,135,136,137,138,140,141,142,143,144,147,294,295,296,300,301,302,:
140:136,138,139,141,142,143,144,145,146,147,148,149,291,294,295,300,301,:
141:135,136,137,138,139,140,142,143,144,145,146,147,294,295,296,300,301,302,:
142:139,140,141,143,144,145,146,147,148,149,150,271,287,291,295,:
143:136,139,140,141,142,144,145,146,147,148,149,150,151,152,153,271,291,294,295,:
144:130,135,136,137,138,139,140,141,142,143,145,147,148,149,150,151,153,291,293,294,295,296,301,:
145:140,141,142,143,144,146,147,148,149,265,271,:
146:140,141,142,143,145,147,265,:
147:137,138,139,140,141,142,143,144,145,146,148,149,:
148:140,142,143,144,145,147,149,150,151,152,153,154,155,268,270,271,291,295,:
149:140,142,143,144,145,147,148,150,151,152,153,267,268,269,270,271,276,279,280,286,291,:
150:117,142,143,144,148,149,151,152,153,154,155,156,268,271,:
151:117,143,144,148,149,150,152,153,154,155,156,157,159,160,163,164,268,:
152:143,148,149,150,151,153,154,155,156,157,159,160,163,164,253,260,261,267,268,269,271,272,:
153:22,32,36,143,144,148,149,150,151,152,154,155,:
154:114,117,148,150,151,152,153,155,156,157,158,159,160,161,163,164,:
155:113,114,115,116,117,148,150,151,152,153,154,156,157,158,159,160,163,:
156:114,117,150,151,152,154,155,157,158,159,160,161,162,163,164,165,253,:
157:113,114,151,152,154,155,156,158,159,160,161,163,164,165,166,168,253,:
158:101,107,108,113,114,115,117,118,120,154,155,156,157,159,161,163,164,165,166,176,177,184,:
159:114,117,151,152,154,155,156,157,158,160,161,162,163,164,:
160:151,152,154,155,156,157,159,161,162,:
161:154,156,157,158,159,160,162,163,164,186,:
162:137,156,159,160,161,:
163:114,151,152,154,155,156,157,158,159,161,164,165,166,167,168,169,176,177,250,252,253,:
164:151,152,154,156,157,158,159,161,163,165,166,167,168,249,250,251,252,253,254,:
165:101,156,157,158,163,164,166,167,168,169,170,176,177,178,250,253,:
166:101,157,158,163,164,165,167,168,169,176,177,178,179,180,181,182,184,249,250,:
167:163,164,165,166,168,169,176,177,178,179,187,188,249,250,251,253,254,:
168:157,163,164,165,166,167,169,170,171,176,177,250,253,:
169:112,163,165,166,167,168,170,171,172,173,176,177,:
170:1,165,168,169,171,172,173,174,175,203,:
171:1,84,85,168,169,170,172,173,174,175,203,:
172:1,4,5,169,170,171,173,174,175,202,203,204,457,460,461,462,:
173:1,4,5,6,26,169,170,171,172,174,175,203,456,457,460,461,462,:
174:1,4,5,170,171,172,173,175,202,203,204,457,461,462,465,477,:
175:1,85,170,171,172,173,174,203,457,460,461,462,463,477,:
176:98,100,101,158,163,165,166,167,168,169,177,178,179,180,181,182,184,187,188,250,:
177:97,98,99,100,101,105,158,163,165,166,167,168,169,176,178,179,180,181,182,184,:
178:98,101,165,166,167,176,177,179,180,181,182,183,184,187,188,189,:
179:98,166,167,176,177,178,180,181,182,187,188,189,190,192,194,:
180:94,95,97,98,101,166,176,177,178,179,181,187,188,189,190,192,194,:
181:98,101,166,176,177,178,179,180,182,183,184,185,186,187,188,:
182:166,176,177,178,179,181,183,184,185,186,:
183:178,181,182,184,185,186,:
184:101,120,122,158,166,176,177,178,181,182,183,185,186,:
185:181,182,183,184,186,:
186:120,161,181,182,183,184,185,:
187:167,176,178,179,180,181,188,189,190,191,192,193,194,:
188:167,176,178,179,180,181,187,189,190,191,192,194,:
189:178,179,180,187,188,190,191,192,193,194,:
190:179,180,187,188,189,191,192,193,194,:
191:187,188,189,190,192,193,:
192:179,180,187,188,189,190,191,193,194,:
193:187,189,190,191,192,194,:
194:84,179,180,187,188,189,190,192,193,:
195:196,197,198,199,200,201,:
196:195,197,198,200,:
197:195,196,198,199,200,201,202,468,:
198:195,196,197,199,200,201,205,206,:
199:195,197,198,200,201,205,206,207,210,211,212,:
200:195,196,197,198,199,201,202,203,204,:
201:195,197,198,199,200,202,203,204,212,465,467,476,:
202:172,174,197,200,201,203,204,257,465,476,477,478,:
203:170,171,172,173,174,175,200,201,202,204,257,464,465,476,477,:
204:172,174,200,201,202,203,478,:
205:198,199,206,207,208,209,210,211,:
206:198,199,205,207,208,210,211,:
207:199,205,206,208,209,210,211,212,213,:
208:205,206,207,209,210,211,:
209:205,207,208,210,:
210:199,205,206,207,208,209,211,212,213,245,248,:
211:199,205,206,207,208,210,212,213,:
212:199,201,207,210,211,213,257,274,:
213:207,210,211,212,221,471,:
214:215,216,217,218,219,220,221,223,224,438,441,:
215:214,216,217,218,219,221,437,438,439,440,441,:
216:214,215,217,218,219,220,221,222,223,224,225,284,441,:
217:214,215,216,218,219,220,221,223,224,225,226,227,228,241,:
218:214,215,216,217,219,221,223,224,225,226,240,241,:
219:38,214,215,216,217,218,220,221,222,223,224,441,453,:
220:23,24,37,38,214,216,217,219,221,222,223,224,280,453,:
221:38,213,214,215,216,217,218,219,220,222,223,441,:
222:23,37,216,219,220,221,224,280,282,284,453,:
223:214,216,217,218,219,220,221,224,225,226,227,228,229,240,241,277,284,:
224:214,216,217,218,219,220,222,223,225,226,227,228,277,281,282,283,284,:
225:216,217,218,223,224,226,227,228,229,230,240,241,242,277,:
226:217,218,223,224,225,227,228,229,240,241,242,243,244,245,277,:
227:217,223,224,225,226,228,240,241,242,243,269,270,272,274,276,277,278,281,:
228:217,223,224,225,226,227,229,230,231,232,235,240,241,284,:
229:223,225,226,228,230,231,232,233,235,240,241,244,:
230:225,228,229,231,232,233,234,235,236,237,:
231:228,229,230,232,233,234,235,236,237,238,239,:
232:228,229,230,231,233,234,235,237,238,239,:
233:229,230,231,232,234,235,236,237,238,239,:
234:230,231,232,233,235,236,237,238,239,:
235:228,229,230,231,232,233,234,236,237,239,:
236:230,231,233,234,235,237,238,239,:
237:230,231,232,233,234,235,236,238,239,:
238:231,232,233,234,236,237,239,:
239:231,232,233,234,235,236,237,238,:
240:218,223,225,226,227,228,229,241,242,243,244,245,246,:
241:217,218,223,225,226,227,228,229,240,242,243,244,245,:
242:225,226,227,240,241,243,244,245,246,247,248,262,274,:
243:226,227,240,241,242,244,245,246,247,262,:
244:226,229,240,241,242,243,245,246,:
245:210,226,240,241,242,243,244,246,247,248,:
246:240,242,243,244,245,247,248,:
247:242,243,245,246,248,254,259,262,274,:
248:210,242,245,246,247,:
249:164,166,167,250,251,252,253,254,255,256,258,259,:
250:163,164,165,166,167,168,176,249,251,252,253,254,255,256,:
251:164,167,249,250,252,253,254,255,256,257,258,259,260,:
252:163,164,249,250,251,253,254,255,258,259,260,261,262,263,264,266,267,268,275,:
253:152,156,157,163,164,165,167,168,249,250,251,252,254,258,259,260,261,263,267,268,275,:
254:164,167,247,249,250,251,252,253,255,256,257,258,259,275,:
255:249,250,251,252,254,256,257,:
256:249,250,251,254,255,257,:
257:202,203,212,251,254,255,256,:
258:249,251,252,253,254,259,260,261,262,263,264,265,266,267,268,:
259:247,249,251,252,253,254,258,260,261,262,263,264,266,267,:
260:152,251,252,253,258,259,261,262,263,264,265,266,267,268,269,:
261:152,252,253,258,259,260,262,263,264,265,267,268,269,270,271,272,275,:
262:242,243,247,252,258,259,260,261,263,265,267,268,269,270,272,:
263:252,253,258,259,260,261,262,264,265,266,267,268,:
264:252,258,259,260,261,263,265,266,:
265:145,146,258,260,261,262,263,264,266,267,268,:
266:252,258,259,260,263,264,265,:
267:149,152,252,253,258,259,260,261,262,263,265,268,269,270,271,272,273,275,276,277,:
268:148,149,150,151,152,252,253,258,260,261,262,263,265,267,269,270,271,272,273,275,:
269:149,152,227,260,261,262,267,268,270,271,272,273,274,275,276,277,278,:
270:148,149,227,261,262,267,268,269,271,272,273,276,277,278,279,280,281,286,:
271:142,143,145,148,149,150,152,261,267,268,269,270,272,276,277,278,279,280,286,287,:
272:23,24,37,38,152,227,261,262,267,268,269,270,271,273,274,275,276,277,280,:
273:24,38,267,268,269,270,272,274,275,:
274:38,212,227,242,247,269,272,273,275,:
275:38,252,253,254,261,267,268,269,272,273,274,:
276:149,227,267,269,270,271,272,277,278,279,280,281,282,286,287,:
277:223,224,225,226,227,267,269,270,271,272,276,278,279,280,281,282,:
278:227,269,270,271,276,277,279,280,281,282,283,286,287,288,:
279:37,149,270,271,276,277,278,280,281,282,286,287,288,289,291,:
280:22,23,36,37,149,220,222,270,271,272,276,277,278,279,281,282,286,287,288,291,:
281:224,227,270,276,277,278,279,280,282,283,284,285,286,287,:
282:222,224,276,277,278,279,280,281,283,284,285,286,287,:
283:224,278,281,282,284,285,432,433,434,436,:
284:216,222,223,224,228,281,282,283,285,433,434,436,:
285:281,282,283,284,432,433,434,436,:
286:149,270,271,276,278,279,280,281,282,287,288,289,290,291,292,303,309,:
287:142,271,276,278,279,280,281,282,286,288,289,290,291,303,:
288:278,279,280,286,287,289,290,291,292,293,303,304,309,:
289:279,286,287,288,290,291,292,303,304,305,306,307,308,309,:
290:286,287,288,289,291,292,303,304,305,306,309,310,:
291:140,142,143,144,148,149,279,280,286,287,288,289,290,292,293,294,295,303,:
292:25,286,288,289,290,291,293,294,295,296,297,298,303,306,:
293:25,32,136,144,288,291,292,294,295,296,297,298,299,300,301,:
294:133,134,135,136,139,140,141,143,144,291,292,293,295,296,297,298,299,300,301,302,:
295:129,133,134,135,136,138,139,140,141,142,143,144,148,291,292,293,294,296,297,298,300,301,302,:
296:133,134,136,139,141,144,292,293,294,295,297,298,299,300,301,302,:
297:133,134,292,293,294,295,296,298,299,300,301,302,317,318,:
298:292,293,294,295,296,297,299,300,302,306,315,316,317,318,:
299:293,294,296,297,298,300,301,302,316,317,318,319,:
300:133,134,135,136,138,139,140,141,293,294,295,296,297,298,299,301,302,:
301:133,134,135,136,137,138,139,140,141,144,293,294,295,296,297,299,300,302,:
302:133,134,139,141,294,295,296,297,298,299,300,301,318,:
303:286,287,288,289,290,291,292,304,305,306,307,308,309,310,311,:
304:288,289,290,303,305,306,307,308,309,310,311,312,:
305:289,290,303,304,306,307,308,309,310,311,312,313,315,332,:
306:289,290,292,298,303,304,305,307,309,310,311,312,315,332,333,:
307:289,303,304,305,306,308,309,310,311,334,:
308:289,303,304,305,307,309,:
309:286,288,289,290,303,304,305,306,307,308,:
310:290,303,304,305,306,307,311,312,313,314,315,316,320,321,322,323,:
311:303,304,305,306,307,310,312,313,314,315,320,323,:
312:304,305,306,310,311,313,314,315,316,317,320,321,322,323,326,:
313:305,310,311,312,314,315,316,320,321,322,323,324,325,326,:
314:310,311,312,313,315,316,320,321,326,:
315:298,305,306,310,311,312,313,314,316,317,318,319,320,:
316:298,299,310,312,313,314,315,317,318,319,320,:
317:297,298,299,312,315,316,318,319,:
318:297,298,299,302,315,316,317,319,:
319:299,315,316,317,318,:
320:310,311,312,313,314,315,316,321,322,323,324,325,326,327,328,:
321:310,312,313,314,320,322,323,324,325,326,327,328,329,:
322:310,312,313,320,321,323,324,325,326,327,328,329,330,331,332,:
323:310,311,312,313,320,321,322,324,325,326,327,328,329,332,419,:
324:313,320,321,322,323,325,326,327,328,:
325:313,320,321,322,323,324,326,:
326:312,313,314,320,321,322,323,324,325,:
327:320,321,322,323,324,328,329,330,331,332,333,334,335,336,:
328:320,321,322,323,324,327,329,330,331,332,333,335,:
329:321,322,323,327,328,330,331,332,333,334,335,336,337,419,:
330:322,327,328,329,331,332,333,334,335,336,337,338,340,419,:
331:322,327,328,329,330,332,333,335,336,337,340,:
332:305,306,322,323,327,328,329,330,331,333,334,335,336,419,:
333:18,25,33,306,327,328,329,330,331,332,334,335,:
334:307,327,329,330,332,333,335,336,411,412,416,419,:
335:327,328,329,330,331,332,333,334,336,337,338,339,340,341,347,348,416,419,:
336:327,329,330,331,332,334,335,337,338,339,340,347,415,416,417,418,419,420,:
337:329,330,331,335,336,338,339,340,341,342,347,348,349,416,:
338:330,335,336,337,339,340,341,347,348,349,350,351,352,415,416,:
339:335,336,337,338,340,347,348,349,350,351,408,409,415,416,417,419,420,421,423,:
340:330,331,335,336,337,338,339,341,342,343,344,346,347,348,:
341:335,337,338,340,342,343,344,345,346,347,348,351,361,:
342:337,340,341,343,344,345,346,:
343:340,341,342,344,345,346,:
344:340,341,342,343,345,346,359,360,361,:
345:341,342,343,344,346,359,360,:
346:340,341,342,343,344,345,358,359,360,361,362,:
347:335,336,337,338,339,340,341,348,349,350,351,352,353,354,416,:
348:34,335,337,338,339,340,341,347,349,350,351,352,353,354,355,:
349:337,338,339,347,348,350,351,352,353,354,355,401,416,:
350:338,339,347,348,349,351,352,353,354,357,401,:
351:338,339,341,347,348,349,350,352,353,354,356,357,358,359,361,:
352:338,347,348,349,350,351,353,354,355,357,401,413,:
353:347,348,349,350,351,352,354,355,356,357,:
354:347,348,349,350,351,352,353,355,356,357,358,361,362,363,364,:
355:348,349,352,353,354,357,380,:
356:351,353,354,357,358,359,360,361,362,364,:
357:350,351,352,353,354,355,356,358,359,361,362,363,364,:
358:346,351,354,356,357,359,360,361,362,363,364,:
359:344,345,346,351,356,357,358,360,361,362,:
360:344,345,346,356,358,359,361,:
361:341,344,346,351,354,356,357,358,359,360,362,363,364,:
362:346,354,356,357,358,359,361,363,364,:
363:354,357,358,361,362,364,:
364:354,356,357,358,361,362,363,:
365:366,367,368,369,370,371,:
366:365,367,368,370,:
367:365,366,368,369,370,371,372,373,:
368:365,366,367,369,370,371,372,:
369:365,367,368,370,371,372,:
370:365,366,367,368,369,371,372,373,374,375,:
371:365,367,368,369,370,372,373,374,375,:
372:367,368,369,370,371,373,374,375,:
373:367,370,371,372,374,375,444,445,450,459,472,474,475,:
374:370,371,372,373,375,394,396,450,459,:
375:370,371,372,373,374,445,449,450,458,459,:
376:377,378,379,380,381,382,386,387,398,:
377:376,378,379,381,382,386,387,:
378:376,377,379,380,381,382,383,386,387,388,398,:
379:376,377,378,380,381,382,386,387,388,389,391,392,393,397,398,:
380:355,376,378,379,381,386,387,388,389,393,397,398,454,:
381:376,377,378,379,380,382,383,384,385,386,387,:
382:376,377,378,379,381,383,384,385,:
383:378,381,382,384,385,:
384:381,382,383,385,:
385:381,382,383,384,:
386:376,377,378,379,380,381,387,388,389,390,391,392,393,397,398,:
387:376,377,378,379,380,381,386,388,389,391,392,393,397,398,:
388:378,379,380,386,387,389,390,391,392,393,394,397,398,399,447,452,:
389:379,380,386,387,388,390,391,392,397,398,399,400,402,403,405,447,452,:
390:386,388,389,391,397,398,399,400,402,403,405,407,428,439,440,445,446,447,448,450,452,:
391:379,386,387,388,389,390,392,393,394,395,396,397,398,447,450,:
392:379,386,387,388,389,391,393,394,395,396,450,:
393:379,380,386,387,388,391,392,394,395,396,460,463,:
394:374,388,391,392,393,395,396,:
395:391,392,393,394,396,463,:
396:374,391,392,393,394,395,:
397:379,380,386,387,388,389,390,391,398,399,400,401,402,403,404,405,406,407,:
398:376,378,379,380,386,387,388,389,390,391,397,399,400,401,402,403,406,:
399:388,389,390,397,398,400,401,402,403,404,405,406,407,408,428,:
400:389,390,397,398,399,401,402,403,404,406,407,408,409,410,411,413,428,:
401:349,350,352,397,398,399,400,402,404,406,407,408,409,413,416,:
402:389,390,397,398,399,400,401,403,404,405,406,407,:
403:389,390,397,398,399,400,402,404,405,:
404:397,399,400,401,402,403,405,406,407,425,:
405:389,390,397,399,402,403,404,445,:
406:397,398,399,400,401,402,404,407,408,409,410,411,412,413,415,416,425,428,:
407:390,397,399,400,401,402,404,406,408,409,410,411,412,413,424,425,426,427,428,429,:
408:339,399,400,401,406,407,409,410,411,412,413,414,415,416,417,425,428,:
409:339,400,401,406,407,408,410,411,412,415,416,417,418,420,421,424,425,:
410:400,406,407,408,409,411,415,416,417,418,424,425,426,428,429,:
411:334,400,406,407,408,409,410,412,413,414,415,416,425,428,:
412:334,406,407,408,409,411,413,414,:
413:35,352,400,401,406,407,408,411,412,414,454,:
414:22,36,408,411,412,413,453,:
415:336,338,339,406,408,409,410,411,416,417,418,419,420,421,422,:
416:334,335,336,337,338,339,347,349,401,406,408,409,410,411,415,417,418,419,420,421,:
417:336,339,408,409,410,415,416,418,419,420,421,422,423,:
418:336,409,410,415,416,417,419,420,421,422,:
419:323,329,330,332,334,335,336,339,415,416,417,418,420,422,:
420:336,339,409,415,416,417,418,419,421,422,423,:
421:339,409,415,416,417,418,420,422,423,:
422:415,417,418,419,420,421,423,:
423:339,417,420,421,422,:
424:407,409,410,425,426,427,428,429,430,431,437,438,:
425:404,406,407,408,409,410,411,424,426,427,428,429,430,437,:
426:407,410,424,425,427,428,429,430,431,437,438,439,:
427:407,424,425,426,428,429,430,437,438,439,440,441,442,446,:
428:390,399,400,406,407,408,410,411,424,425,426,427,429,437,438,439,440,446,447,:
429:407,410,424,425,426,427,428,430,431,432,434,437,438,:
430:424,425,426,427,429,431,432,433,434,435,436,:
431:424,426,429,430,432,433,434,435,436,:
432:283,285,429,430,431,433,434,435,436,:
433:283,284,285,430,431,432,434,435,436,:
434:283,284,285,429,430,431,432,433,435,436,:
435:430,431,432,433,434,436,:
436:283,284,285,430,431,432,433,434,435,:
437:215,424,425,426,427,428,429,438,439,440,441,442,443,446,447,:
438:214,215,424,426,427,428,429,437,439,440,441,442,443,:
439:215,390,426,427,428,437,438,440,441,442,443,444,445,446,447,448,:
440:215,390,427,428,437,438,439,441,442,443,445,446,447,448,449,450,451,453,:
441:214,215,216,219,221,427,437,438,439,440,442,446,447,448,449,451,453,473,:
442:427,437,438,439,440,441,443,444,445,446,447,:
443:437,438,439,440,442,444,445,447,:
444:373,439,442,443,445,:
445:373,375,390,405,439,440,442,443,444,446,447,:
446:390,427,428,437,439,440,441,442,445,447,448,449,450,451,452,453,455,456,:
447:388,389,390,391,428,437,439,440,441,442,443,445,446,448,449,450,451,452,453,:
448:390,439,440,441,446,447,449,450,451,452,453,454,455,456,457,:
449:375,440,441,446,447,448,450,451,452,453,455,456,457,458,459,460,464,:
450:373,374,375,390,391,392,440,446,447,448,449,451,452,455,456,457,458,459,460,:
451:4,5,6,24,440,441,446,447,448,449,450,452,453,454,455,456,:
452:388,389,390,446,447,448,449,450,451,453,454,455,456,:
453:6,23,24,38,219,220,222,414,440,441,446,447,448,449,451,452,454,456,:
454:7,8,9,26,31,380,413,448,451,452,453,:
455:1,4,5,446,448,449,450,451,452,456,457,458,459,460,461,464,465,:
456:1,4,5,6,38,173,446,448,449,450,451,452,453,455,457,458,460,464,465,:
457:1,4,5,172,173,174,175,448,449,450,455,456,458,459,460,461,462,463,464,465,466,477,:
458:375,449,450,455,456,457,459,460,461,462,464,465,466,467,469,471,476,477,:
459:373,374,375,449,450,455,457,458,460,461,462,463,464,465,466,467,476,477,:
460:1,172,173,175,393,449,450,455,456,457,458,459,461,462,463,464,465,477,:
461:172,173,174,175,455,457,458,459,460,462,463,464,477,:
462:85,172,173,174,175,457,458,459,460,461,463,464,465,476,477,478,:
463:85,175,393,395,457,459,460,461,462,:
464:203,449,455,456,457,458,459,460,461,462,465,466,467,468,469,470,471,476,477,:
465:174,201,202,203,455,456,457,458,459,460,462,464,466,467,469,470,471,476,477,:
466:457,458,459,464,465,467,468,469,470,471,472,476,477,478,:
467:201,458,459,464,465,466,468,469,470,476,477,478,479,:
468:197,464,466,467,469,476,477,478,479,:
469:458,464,465,466,467,468,470,471,472,473,474,476,477,:
470:464,465,466,467,469,471,472,473,474,475,:
471:213,458,464,465,466,469,470,472,473,474,475,:
472:373,466,469,470,471,473,474,475,:
473:441,469,470,471,472,474,475,:
474:373,469,470,471,472,473,475,:
475:373,470,471,472,473,474,:
476:201,202,203,458,459,462,464,465,466,467,468,469,477,478,479,480,:
477:174,175,202,203,457,458,459,460,461,462,464,465,466,467,468,469,476,478,479,:
478:202,204,462,466,467,468,476,477,479,480,:
479:467,468,476,477,478,480,:
480:476,478,479,:
