1:2,3,4,7,8,9,10,11,12,15,16,18,19,20,21,22,70,:
2:1,3,5,6,7,8,9,12,13,14,17,18,19,:
3:1,2,5,6,7,8,9,13,14,17,18,19,193,196,198,256,:
4:1,7,8,9,10,11,12,15,16,18,19,20,21,22,70,132,133,:
5:2,3,6,7,8,9,13,14,17,18,19,193,:
6:2,3,5,7,8,13,14,17,192,193,219,221,:
7:1,2,3,4,5,6,8,9,11,12,13,14,15,16,18,19,198,:
8:1,2,3,4,5,6,7,9,11,12,13,14,16,17,18,19,:
9:1,2,3,4,5,7,8,10,11,12,13,14,15,16,18,19,:
10:1,4,9,11,12,15,16,20,21,22,68,70,133,:
11:1,4,7,8,9,10,12,15,16,18,19,20,21,22,53,68,70,270,:
12:1,2,4,7,8,9,10,11,15,16,18,19,20,21,22,310,311,:
13:2,3,5,6,7,8,9,17,19,:
14:2,3,5,6,7,8,9,17,18,191,192,193,195,196,198,200,256,:
15:1,4,7,9,10,11,12,16,18,20,21,22,70,131,132,133,270,:
16:1,4,7,8,9,10,11,12,15,18,19,20,21,22,129,131,132,133,:
17:2,3,5,6,8,13,14,193,219,221,:
18:1,2,3,4,5,7,8,9,11,12,14,15,16,133,196,198,200,270,:
19:1,2,3,4,5,7,8,9,11,12,13,16,311,:
20:1,4,10,11,12,15,16,21,22,70,90,133,:
21:1,4,10,11,12,15,16,20,22,70,:
22:1,4,10,11,12,15,16,20,21,68,69,70,90,91,92,270,:
23:24,25,26,27,28,29,41,:
24:23,25,26,28,29,41,328,:
25:23,24,26,27,28,29,30,41,327,328,:
26:23,24,25,27,28,29,30,31,33,34,40,41,327,328,:
27:23,25,26,28,29,30,31,40,41,327,328,:
28:23,24,25,26,27,29,30,31,32,33,34,40,41,:
29:23,24,25,26,27,28,30,31,33,34,40,41,:
30:25,26,27,28,29,31,32,33,34,35,40,41,42,251,:
31:26,27,28,29,30,32,33,34,40,41,42,43,44,251,:
32:28,30,31,33,40,41,42,43,44,248,250,251,:
33:26,28,29,30,31,32,34,35,36,37,40,41,251,:
34:26,28,29,30,31,33,35,36,37,38,39,:
35:30,33,34,36,37,38,39,:
36:33,34,35,37,38,39,235,238,:
37:33,34,35,36,38,39,220,:
38:34,35,36,37,39,:
39:34,35,36,37,38,:
40:26,27,28,29,30,31,32,33,41,42,43,44,:
41:23,24,25,26,27,28,29,30,31,32,33,40,42,43,44,328,:
42:30,31,32,40,41,43,44,52,:
43:31,32,40,41,42,44,52,:
44:31,32,40,41,42,43,:
45:46,47,48,49,50,51,54,55,260,261,:
46:45,47,48,49,50,246,258,260,261,262,264,:
47:45,46,48,49,50,51,52,53,54,55,56,261,:
48:45,46,47,49,50,51,52,54,55,56,57,58,59,61,62,63,:
49:45,46,47,48,50,51,54,55,56,57,62,63,264,265,268,:
50:45,46,47,48,49,51,52,53,54,55,261,:
51:45,47,48,49,50,52,53,54,55,:
52:42,43,47,48,50,51,53,55,:
53:11,47,50,51,52,:
54:45,47,48,49,50,51,55,56,57,58,59,60,61,62,63,:
55:45,47,48,49,50,51,52,54,56,57,58,59,61,:
56:47,48,49,54,55,57,58,59,60,61,62,63,64,:
57:48,49,54,55,56,58,59,60,61,62,63,64,65,67,305,306,:
58:48,54,55,56,57,59,60,62,63,64,67,72,304,305,306,:
59:48,54,55,56,57,58,60,61,62,63,:
60:54,56,57,58,59,61,62,63,305,306,:
61:48,54,55,56,57,59,60,:
62:48,49,54,56,57,58,59,60,63,64,65,66,67,68,71,72,305,306,:
63:48,49,54,56,57,58,59,60,62,64,65,66,67,71,:
64:56,57,58,62,63,65,66,67,68,69,70,71,72,73,81,305,306,:
65:57,62,63,64,66,67,68,69,71,72,73,74,76,79,80,81,86,92,305,306,:
66:62,63,64,65,67,68,69,71,72,73,74,80,81,85,86,89,92,273,274,:
67:57,58,62,63,64,65,66,68,69,70,71,72,81,91,92,268,270,:
68:10,11,22,62,64,65,66,67,69,70,71,80,81,85,86,91,92,297,308,:
69:22,64,65,66,67,68,70,71,72,80,81,82,83,86,92,296,297,307,308,309,:
70:1,4,10,11,15,20,21,22,64,67,68,69,81,83,85,86,90,91,92,270,:
71:62,63,64,65,66,67,68,69,72,73,74,75,76,77,78,79,80,81,86,299,300,305,306,308,:
72:58,62,64,65,66,67,69,71,73,74,76,77,78,79,80,81,297,299,300,301,302,304,305,306,307,308,:
73:64,65,66,71,72,74,75,76,77,78,79,80,81,82,86,300,:
74:65,66,71,72,73,75,76,77,78,79,80,81,82,83,85,86,300,:
75:71,73,74,76,77,78,80,81,82,83,85,86,:
76:65,71,72,73,74,75,77,78,79,80,81,300,:
77:71,72,73,74,75,76,78,79,80,81,290,292,293,299,300,304,305,:
78:71,72,73,74,75,76,77,79,80,81,290,292,293,295,297,299,300,:
79:65,71,72,73,74,76,77,78,300,305,:
80:65,66,68,69,71,72,73,74,75,76,77,78,81,82,83,84,85,86,296,297,300,:
81:64,65,66,67,68,69,70,71,72,73,74,75,76,77,78,80,82,83,85,86,92,296,297,300,308,:
82:69,73,74,75,80,81,83,84,85,86,87,296,297,:
83:69,70,74,75,80,81,82,84,85,86,87,88,89,90,91,92,:
84:80,82,83,85,86,87,90,92,283,285,:
85:66,68,70,74,75,80,81,82,83,84,86,87,88,89,90,91,92,93,94,:
86:65,66,68,69,70,71,73,74,75,80,81,82,83,84,85,87,88,89,90,91,92,93,:
87:82,83,84,85,86,88,89,90,91,92,93,94,95,:
88:83,85,86,87,89,90,91,92,93,94,95,96,98,99,101,102,273,274,:
89:66,83,85,86,87,88,90,91,92,93,94,95,98,99,273,274,275,:
90:20,22,70,83,84,85,86,87,88,89,91,92,93,94,102,:
91:22,67,68,70,83,85,86,87,88,89,90,92,93,94,102,270,273,:
92:22,65,66,67,68,69,70,81,83,84,85,86,87,88,89,90,91,270,:
93:85,86,87,88,89,90,91,94,95,96,97,98,99,100,101,102,273,:
94:85,87,88,89,90,91,93,95,96,98,99,101,102,:
95:87,88,89,93,94,96,97,98,99,100,101,102,103,273,274,275,:
96:88,93,94,95,97,98,99,101,102,103,104,105,106,107,108,273,275,:
97:93,95,96,98,101,102,103,104,:
98:88,89,93,94,95,96,97,99,100,101,102,:
99:88,89,93,94,95,96,98,100,:
100:93,95,98,99,:
101:88,93,94,95,96,97,98,102,103,104,105,106,107,108,272,273,:
102:88,90,91,93,94,95,96,97,98,101,103,104,105,106,107,108,272,273,:
103:95,96,97,101,102,104,105,106,107,108,109,111,272,:
104:96,97,101,102,103,105,106,107,271,272,:
105:96,101,102,103,104,106,265,266,271,272,273,:
106:96,101,102,103,104,105,107,108,109,110,111,:
107:96,101,102,103,104,106,108,109,110,111,:
108:96,101,102,103,106,107,109,110,111,:
109:103,106,107,108,110,111,:
110:106,107,108,109,111,:
111:103,106,107,108,109,110,:
112:113,114,115,116,117,118,119,152,154,155,:
113:112,114,115,116,117,119,151,152,153,154,155,:
114:112,113,115,116,117,118,119,152,155,:
115:112,113,114,116,117,118,119,152,155,:
116:112,113,114,115,117,118,128,151,152,155,:
117:112,113,114,115,116,118,119,152,155,160,161,162,:
118:112,114,115,116,117,119,131,132,160,161,:
119:112,113,114,115,117,118,160,162,164,166,:
120:121,122,123,124,125,126,127,128,149,150,:
121:120,122,123,124,125,126,128,149,150,:
122:120,121,123,124,125,126,127,128,135,142,150,:
123:120,121,122,124,125,126,134,135,142,150,:
124:120,121,122,123,125,134,135,137,150,:
125:120,121,122,123,124,126,127,128,129,130,135,142,147,150,:
126:120,121,122,123,125,127,128,129,130,131,:
127:120,122,125,126,128,129,130,131,132,133,:
128:116,120,121,122,125,126,127,129,130,131,132,:
129:16,125,126,127,128,130,131,132,133,:
130:125,126,127,128,129,131,132,133,152,158,196,:
131:15,16,118,126,127,128,129,130,132,133,161,:
132:4,15,16,118,127,128,129,130,131,133,158,160,161,198,:
133:4,10,15,16,18,20,127,129,130,131,132,160,161,:
134:123,124,135,136,137,138,139,140,141,142,146,147,:
135:122,123,124,125,134,136,137,139,140,141,142,143,146,147,:
136:134,135,137,138,139,140,141,142,146,147,148,:
137:124,134,135,136,138,139,140,146,147,148,149,150,:
138:134,136,137,139,146,147,148,149,150,186,:
139:134,135,136,137,138,140,141,142,143,145,146,147,:
140:134,135,136,137,139,141,142,143,144,145,147,:
141:134,135,136,139,140,142,143,144,145,147,:
142:122,123,125,134,135,136,139,140,141,143,144,145,147,:
143:135,139,140,141,142,144,145,:
144:140,141,142,143,145,:
145:139,140,141,142,143,144,:
146:134,135,136,137,138,139,147,148,149,150,171,:
147:125,134,135,136,137,138,139,140,141,142,146,148,149,150,171,:
148:136,137,138,146,147,149,150,171,172,175,:
149:120,121,137,138,146,147,148,150,171,:
150:120,121,122,123,124,125,137,138,146,147,148,149,:
151:113,116,152,153,154,155,156,157,158,168,:
152:112,113,114,115,116,117,130,151,153,154,155,156,157,158,:
153:113,151,152,154,155,156,157,158,159,163,:
154:112,113,151,152,153,155,156,157,159,163,:
155:112,113,114,115,116,117,151,152,153,154,156,157,159,163,:
156:151,152,153,154,155,157,158,159,160,162,163,:
157:151,152,153,154,155,156,158,159,160,161,162,163,164,165,:
158:130,132,151,152,153,156,157,159,160,161,162,163,164,196,198,200,:
159:153,154,155,156,157,158,160,161,162,163,164,165,166,:
160:117,118,119,132,133,156,157,158,159,161,162,163,164,166,:
161:117,118,131,132,133,157,158,159,160,162,164,:
162:117,119,156,157,158,159,160,161,163,164,165,166,:
163:153,154,155,156,157,158,159,160,162,164,165,166,:
164:119,157,158,159,160,161,162,163,165,166,:
165:157,159,162,163,164,166,:
166:119,159,160,162,163,164,165,:
167:168,169,170,171,172,173,176,177,190,:
168:151,167,169,170,171,172,176,190,194,:
169:167,168,170,171,172,173,174,175,176,177,178,190,:
170:167,168,169,171,172,173,175,176,177,178,179,180,181,182,189,190,:
171:146,147,148,149,167,168,169,170,172,173,176,177,178,179,180,181,189,190,191,:
172:148,167,168,169,170,171,173,174,175,176,177,:
173:167,169,170,171,172,174,175,176,177,:
174:169,172,173,175,177,:
175:148,169,170,172,173,174,176,177,182,183,:
176:167,168,169,170,171,172,173,175,177,178,179,180,181,182,189,190,:
177:167,169,170,171,172,173,174,175,176,178,179,181,182,189,190,:
178:169,170,171,176,177,179,180,181,182,183,189,190,191,:
179:170,171,176,177,178,180,181,182,189,190,191,192,193,194,201,202,:
180:170,171,176,178,179,181,189,190,191,192,193,:
181:170,171,176,177,178,179,180,182,183,184,189,190,:
182:170,175,176,177,178,179,181,183,184,185,:
183:175,178,181,182,184,185,186,187,188,:
184:181,182,183,185,186,187,188,:
185:182,183,184,186,187,188,:
186:138,183,184,185,187,188,:
187:183,184,185,186,188,:
188:183,184,185,186,187,:
189:170,171,176,177,178,179,180,181,190,191,192,193,194,195,201,202,:
190:167,168,169,170,171,176,177,178,179,180,181,189,191,192,193,194,201,202,:
191:14,171,178,179,180,189,190,192,193,194,195,196,197,201,202,203,:
192:6,14,179,180,189,190,191,193,194,195,196,197,201,202,203,204,205,206,213,:
193:3,5,6,14,17,179,180,189,190,191,192,194,195,197,201,202,203,204,205,213,214,256,:
194:168,179,189,190,191,192,193,195,196,197,198,199,201,202,:
195:14,189,191,192,193,194,196,197,198,199,200,201,202,:
196:3,14,18,130,158,191,192,194,195,197,198,199,200,:
197:191,192,193,194,195,196,198,199,200,201,202,209,211,212,:
198:3,7,14,18,132,158,194,195,196,197,199,200,:
199:194,195,196,197,198,200,209,211,:
200:14,18,158,195,196,197,198,199,269,:
201:179,189,190,191,192,193,194,195,197,202,203,204,205,206,207,208,209,213,214,:
202:179,189,190,191,192,193,194,195,197,201,203,204,205,206,207,208,209,:
203:191,192,193,201,202,204,205,206,207,208,209,213,214,215,:
204:192,193,201,202,203,205,206,207,213,214,215,216,217,218,219,:
205:192,193,201,202,203,204,206,213,214,215,216,222,223,:
206:192,201,202,203,204,205,207,208,209,210,211,213,214,:
207:201,202,203,204,206,208,209,210,211,212,:
208:201,202,203,206,207,209,210,211,212,:
209:197,199,201,202,203,206,207,208,210,211,212,255,:
210:206,207,208,209,211,212,:
211:197,199,206,207,208,209,210,212,:
212:197,207,208,209,210,211,:
213:192,193,201,203,204,205,206,214,215,216,217,218,219,220,222,223,240,:
214:193,201,203,204,205,206,213,215,216,217,218,219,239,240,:
215:203,204,205,213,214,216,217,218,219,220,221,222,223,224,240,:
216:204,205,213,214,215,217,218,219,220,222,223,224,225,226,227,234,:
217:204,213,214,215,216,218,220,222,223,224,225,226,233,234,235,238,239,240,:
218:204,213,214,215,216,217,219,220,221,222,223,238,239,240,:
219:6,17,204,213,214,215,216,218,220,221,:
220:37,213,215,216,217,218,219,221,222,223,226,:
221:6,17,215,218,219,220,254,:
222:205,213,215,216,217,218,220,223,224,225,226,227,228,234,:
223:205,213,215,216,217,218,220,222,224,225,226,227,:
224:215,216,217,222,223,225,226,227,228,229,230,234,:
225:216,217,222,223,224,226,227,228,229,233,234,:
226:216,217,220,222,223,224,225,227,228,233,234,:
227:216,222,223,224,225,226,228,229,230,231,232,:
228:222,224,225,226,227,229,230,231,232,:
229:224,225,227,228,230,231,232,:
230:224,227,228,229,231,232,:
231:227,228,229,230,232,:
232:227,228,229,230,231,:
233:217,225,226,234,235,236,237,238,239,240,:
234:216,217,222,224,225,226,233,235,236,237,238,239,240,:
235:36,217,233,234,236,237,238,239,240,242,:
236:233,234,235,237,238,239,240,241,242,:
237:233,234,235,236,238,239,241,242,:
238:36,217,218,233,234,235,236,237,239,240,242,:
239:214,217,218,233,234,235,236,237,238,240,241,242,245,:
240:213,214,215,217,218,233,234,235,236,238,239,242,245,247,248,249,250,251,252,254,:
241:236,237,239,242,243,244,245,246,247,248,:
242:235,236,237,238,239,240,241,243,244,245,246,247,248,249,:
243:241,242,244,245,246,247,248,249,253,258,:
244:241,242,243,245,246,247,249,253,257,258,:
245:239,240,241,242,243,244,246,247,249,253,258,:
246:46,241,242,243,244,245,247,248,249,250,252,253,258,:
247:240,241,242,243,244,245,246,248,249,250,251,252,253,254,255,:
248:32,240,241,242,243,246,247,249,250,251,252,253,254,:
249:240,242,243,244,245,246,247,248,250,251,252,253,254,255,256,:
250:32,240,246,247,248,249,251,252,253,254,256,:
251:30,31,32,33,240,247,248,249,250,252,254,:
252:240,246,247,248,249,250,251,253,254,255,256,:
253:243,244,245,246,247,248,249,250,252,254,255,256,257,258,261,:
254:221,240,247,248,249,250,251,252,253,255,256,:
255:209,247,249,252,253,254,256,261,:
256:3,14,193,249,250,252,253,254,255,:
257:244,253,258,259,260,261,262,263,:
258:46,243,244,245,246,253,257,259,260,261,262,:
259:257,258,260,261,262,263,264,:
260:45,46,257,258,259,261,262,263,264,265,267,:
261:45,46,47,50,253,255,257,258,259,260,262,263,264,267,:
262:46,257,258,259,260,261,263,264,265,266,267,268,269,:
263:257,259,260,261,262,264,265,266,267,269,:
264:46,49,259,260,261,262,263,265,266,267,268,269,270,:
265:49,105,260,262,263,264,266,267,268,269,271,272,:
266:105,262,263,264,265,267,268,269,271,272,:
267:260,261,262,263,264,265,266,268,269,270,:
268:49,67,262,264,265,266,267,269,270,:
269:200,262,263,264,265,266,267,268,270,:
270:11,15,18,22,67,70,91,92,264,267,268,269,:
271:104,105,265,266,272,273,274,275,:
272:101,102,103,104,105,265,266,271,273,274,275,:
273:66,88,89,91,93,95,96,101,102,105,271,272,274,275,:
274:66,88,89,95,271,272,273,275,:
275:89,95,96,271,272,273,274,:
276:277,278,279,280,281,282,284,:
277:276,278,279,280,281,282,284,:
278:276,277,279,280,281,282,283,284,:
279:276,277,278,280,281,282,:
280:276,277,278,279,281,:
281:276,277,278,279,280,282,283,284,285,286,:
282:276,277,278,279,281,283,284,285,286,287,:
283:84,278,281,282,284,285,286,287,288,289,:
284:276,277,278,281,282,283,285,286,287,288,:
285:84,281,282,283,284,286,287,288,289,:
286:281,282,283,284,285,287,288,289,:
287:282,283,284,285,286,288,289,:
288:283,284,285,286,287,289,:
289:283,285,286,287,288,:
290:77,78,291,292,293,294,295,296,299,300,:
291:290,292,293,294,295,299,:
292:77,78,290,291,293,294,295,296,297,298,299,300,301,308,:
293:77,78,290,291,292,294,295,296,297,299,300,301,302,304,307,308,313,:
294:290,291,292,293,295,296,297,299,300,301,302,307,308,312,313,316,:
295:78,290,291,292,293,294,296,297,298,299,300,308,313,319,:
296:69,80,81,82,290,292,293,294,295,297,298,299,300,307,308,312,313,318,319,:
297:68,69,72,78,80,81,82,292,293,294,295,296,298,299,300,301,302,307,308,309,310,312,313,319,:
298:292,295,296,297,308,312,313,317,318,319,:
299:71,72,77,78,290,291,292,293,294,295,296,297,300,301,302,303,304,305,306,307,308,313,:
300:71,72,73,74,76,77,78,79,80,81,290,292,293,294,295,296,297,299,301,302,304,305,306,307,308,:
301:72,292,293,294,297,299,300,302,303,304,305,306,307,308,309,313,:
302:72,293,294,297,299,300,301,303,304,305,306,307,308,309,310,312,313,:
303:299,301,302,304,305,306,307,308,309,310,312,313,:
304:58,72,77,293,299,300,301,302,303,305,306,307,308,:
305:57,58,60,62,64,65,71,72,77,79,299,300,301,302,303,304,306,307,308,:
306:57,58,60,62,64,65,71,72,299,300,301,302,303,304,305,307,308,309,:
307:69,72,293,294,296,297,299,300,301,302,303,304,305,306,308,309,310,311,312,313,:
308:68,69,71,72,81,292,293,294,295,296,297,298,299,300,301,302,303,304,305,306,307,309,310,312,313,319,:
309:69,297,301,302,303,306,307,308,310,311,312,313,314,:
310:12,297,302,303,307,308,309,311,312,313,314,315,316,317,318,319,:
311:12,19,307,309,310,312,313,314,315,319,322,:
312:294,296,297,298,302,303,307,308,309,310,311,313,314,315,316,317,318,319,320,321,322,:
313:293,294,295,296,297,298,299,301,302,303,307,308,309,310,311,312,314,315,316,317,318,319,:
314:309,310,311,312,313,315,316,317,318,319,320,321,322,323,:
315:310,311,312,313,314,316,317,318,320,321,322,323,324,325,326,:
316:294,310,312,313,314,315,317,320,321,322,323,324,325,:
317:298,310,312,313,314,315,316,318,319,320,321,322,:
318:296,298,310,312,313,314,315,317,319,320,:
319:295,296,297,298,308,310,311,312,313,314,317,318,320,:
320:312,314,315,316,317,318,319,321,322,:
321:312,314,315,316,317,320,322,323,324,325,326,327,328,329,:
322:311,312,314,315,316,317,320,321,323,324,326,327,328,:
323:314,315,316,321,322,324,325,326,327,328,329,:
324:315,316,321,322,323,325,326,327,328,329,:
325:315,316,321,323,324,326,329,:
326:315,321,322,323,324,325,327,328,329,:
327:25,26,27,321,322,323,324,326,328,329,:
328:24,25,26,27,41,321,322,323,324,326,327,329,:
329:321,323,324,325,326,327,328,:
