1:3,4,5,12,20,21,22,23,24,25,26,29,41,54,60,61,325,:
2:4,5,8,23,24,25,38,39,40,41,42,43,48,49,50,91,95,97,99,:
3:1,4,5,6,9,12,13,21,23,24,25,26,29,42,43,44,45,54,60,61,325,:
4:1,2,3,5,8,21,22,23,24,25,38,39,40,41,43,45,48,49,50,129,:
5:1,2,3,4,6,7,8,23,24,25,26,29,30,31,39,40,42,43,44,45,50,61,62,63,86,:
6:3,5,7,8,24,25,26,29,30,31,32,33,40,42,43,44,45,46,47,50,61,62,63,64,:
7:5,6,30,31,32,33,34,35,44,45,46,47,62,63,64,65,66,67,274,275,574,585,:
8:2,4,5,6,22,23,24,25,38,39,40,41,43,45,48,49,50,106,129,250,252,276,:
9:3,12,13,26,27,28,29,42,44,51,54,55,61,367,409,410,411,464,465,:
10:11,14,15,16,17,18,19,20,21,22,52,53,56,57,58,59,60,:
11:10,14,15,16,17,18,19,52,53,56,57,97,:
12:1,3,9,13,25,26,27,28,29,44,51,54,55,61,356,367,:
13:3,9,12,26,27,28,29,51,54,55,61,356,367,410,411,510,:
14:10,11,15,16,17,18,19,20,52,53,56,57,58,59,158,160,161,164,316,317,:
15:10,11,14,16,17,53,57,119,120,121,122,:
16:10,11,14,15,17,18,52,53,56,57,119,122,124,:
17:10,11,14,15,16,18,19,52,53,56,57,124,317,:
18:10,11,14,16,17,19,20,21,22,52,53,56,57,58,59,60,128,:
19:10,11,14,17,18,20,21,22,23,52,56,58,59,60,129,347,:
20:1,10,14,18,19,21,22,23,24,41,52,58,59,60,129,347,:
21:1,3,4,10,18,19,20,22,23,24,25,41,48,52,58,59,60,128,129,:
22:1,4,8,10,18,19,20,21,23,24,41,48,52,58,59,60,127,128,129,:
23:1,2,3,4,5,8,19,20,21,22,24,25,26,39,40,41,48,50,52,59,60,325,:
24:1,2,3,4,5,6,8,20,21,22,23,25,26,38,39,40,41,42,43,45,48,49,50,60,325,:
25:1,2,3,4,5,6,8,12,21,23,24,26,29,30,39,40,41,42,43,44,45,48,50,54,61,325,:
26:1,3,5,6,9,12,13,23,24,25,27,29,42,44,45,51,54,55,61,:
27:9,12,13,26,28,29,51,54,55,61,367,409,410,411,464,465,510,:
28:9,12,13,27,29,51,55,367,405,408,409,410,411,463,464,465,510,:
29:1,3,5,6,9,12,13,25,26,27,28,42,44,51,54,55,61,:
30:5,6,7,25,31,32,33,34,42,43,44,45,46,47,50,62,63,64,65,86,274,275,574,585,:
31:5,6,7,30,32,40,42,43,44,45,46,47,50,62,63,84,85,86,272,274,275,276,584,585,586,587,:
32:6,7,30,31,33,34,35,36,37,44,45,46,47,62,64,65,66,67,412,414,574,:
33:6,7,30,32,34,35,36,44,45,46,47,62,64,65,66,67,408,409,411,412,413,414,437,571,572,574,:
34:7,30,32,33,35,36,37,46,47,64,65,66,67,214,241,414,519,574,597,598,599,600,:
35:7,32,33,34,36,37,64,65,66,67,211,212,213,214,241,412,413,414,517,518,519,597,598,599,600,:
36:32,33,34,35,37,64,65,66,67,211,212,213,214,412,413,414,517,518,519,532,567,597,598,599,600,:
37:32,34,35,36,64,65,66,67,210,211,212,213,214,241,326,517,518,519,597,598,600,:
38:2,4,8,24,39,40,41,43,48,49,50,83,84,90,91,94,95,96,97,99,100,101,104,:
39:2,4,5,8,23,24,25,38,40,41,43,49,50,90,91,94,95,96,97,99,:
40:2,4,5,6,8,23,24,25,31,38,39,41,42,43,48,49,50,63,83,84,86,91,:
41:1,2,4,8,20,21,22,23,24,25,38,39,40,43,48,49,50,52,95,96,127,128,129,:
42:2,3,5,6,9,24,25,26,29,30,31,40,43,44,45,50,61,62,63,86,:
43:2,3,4,5,6,8,24,25,30,31,38,39,40,41,42,44,45,48,49,50,61,62,63,84,86,275,:
44:3,5,6,7,9,12,25,26,29,30,31,32,33,42,43,45,46,47,54,61,62,63,64,65,411,:
45:3,4,5,6,7,8,24,25,26,30,31,32,33,42,43,44,46,47,48,50,62,63,64,325,326,:
46:6,7,30,31,32,33,34,44,45,47,50,62,63,64,66,67,248,249,250,274,275,276,326,:
47:6,7,30,31,32,33,34,44,45,46,62,63,64,65,66,67,274,275,572,574,582,584,585,:
48:2,4,8,21,22,23,24,25,38,40,41,43,45,49,50,129,250,252,253,276,323,324,325,326,:
49:2,4,8,24,38,39,40,41,43,48,50,101,104,106,129,250,252,276,:
50:2,4,5,6,8,23,24,25,30,31,38,39,40,41,42,43,45,46,48,49,63,250,274,275,276,:
51:9,12,13,26,27,28,29,61,409,410,411,463,464,465,:
52:10,11,14,16,17,18,19,20,21,22,23,41,53,58,59,60,97,98,:
53:10,11,14,15,16,17,18,52,94,96,97,98,121,:
54:1,3,9,12,13,25,26,27,29,44,55,325,354,356,:
55:9,12,13,26,27,28,29,54,356,367,510,513,:
56:10,11,14,16,17,18,19,57,58,59,157,158,159,160,161,162,163,164,165,166,316,317,:
57:10,11,14,15,16,17,18,56,120,155,157,158,159,160,162,317,:
58:10,14,18,19,20,21,22,52,56,59,60,166,347,:
59:10,14,18,19,20,21,22,23,52,56,58,60,128,129,164,165,166,314,316,347,:
60:1,3,10,18,19,20,21,22,23,24,52,58,59,:
61:1,3,5,6,9,12,13,25,26,27,29,42,43,44,51,:
62:5,6,7,30,31,32,33,42,43,44,45,46,47,63,64,65,86,275,411,574,585,:
63:5,6,7,30,31,40,42,43,44,45,46,47,50,62,83,84,85,86,274,275,276,584,585,586,587,:
64:6,7,30,32,33,34,35,36,37,44,45,46,47,62,65,66,67,326,411,414,:
65:7,30,32,33,34,35,36,37,44,47,62,64,66,67,408,409,411,412,413,414,437,519,571,572,574,:
66:7,32,33,34,35,36,37,46,47,64,65,67,240,241,245,248,326,597,598,599,:
67:7,32,33,34,35,36,37,46,47,64,65,66,241,414,569,570,571,572,574,597,598,599,600,:
68:69,70,71,72,73,74,76,:
69:68,70,71,72,73,76,:
70:68,69,71,72,73,74,75,76,78,:
71:68,69,70,72,73,74,75,76,77,78,:
72:68,69,70,71,73,74,76,:
73:68,69,70,71,72,74,75,76,78,:
74:68,70,71,72,73,75,76,77,78,79,82,107,:
75:70,71,73,74,76,77,78,79,81,82,104,105,107,:
76:68,69,70,71,72,73,74,75,78,115,:
77:71,74,75,78,79,80,81,82,83,87,88,:
78:70,71,73,74,75,76,77,79,80,81,82,:
79:74,75,77,78,80,81,82,83,84,87,88,89,:
80:77,78,79,81,82,83,87,88,89,90,91,92,100,:
81:75,77,78,79,80,82,83,87,88,89,90,91,92,93,99,100,104,:
82:74,75,77,78,79,80,81,83,84,85,86,87,88,:
83:38,40,63,77,79,80,81,82,84,85,86,87,88,91,:
84:31,38,40,43,63,79,82,83,85,86,275,584,585,586,587,626,:
85:31,63,82,83,84,86,272,273,274,275,584,585,586,587,626,:
86:5,30,31,40,42,43,62,63,82,83,84,85,275,584,585,587,:
87:77,79,80,81,82,83,88,89,90,91,92,93,100,:
88:77,79,80,81,82,83,87,89,90,91,:
89:79,80,81,87,88,90,91,92,93,94,100,377,:
90:38,39,80,81,87,88,89,91,92,93,94,95,97,98,99,100,377,:
91:2,38,39,40,80,81,83,87,88,89,90,92,93,94,95,97,98,99,100,:
92:80,81,87,89,90,91,93,94,95,96,97,98,99,100,375,376,377,:
93:81,87,89,90,91,92,94,95,97,98,99,100,374,375,376,377,:
94:38,39,53,89,90,91,92,93,95,96,97,98,99,100,101,117,375,376,377,:
95:2,38,39,41,90,91,92,93,94,96,97,99,100,101,102,103,104,108,109,117,123,376,:
96:38,39,41,53,92,94,95,97,99,100,101,102,103,108,109,116,117,119,122,123,124,127,376,:
97:2,11,38,39,52,53,90,91,92,93,94,95,96,98,99,100,:
98:52,53,90,91,92,93,94,97,:
99:2,38,39,81,90,91,92,93,94,95,96,97,100,101,102,103,104,105,108,109,117,123,376,:
100:38,80,81,87,89,90,91,92,93,94,95,96,97,99,101,102,104,108,109,376,:
101:38,49,94,95,96,99,100,102,103,104,105,106,107,108,109,110,123,:
102:95,96,99,100,101,103,104,105,106,108,109,110,111,112,113,116,117,122,123,131,137,:
103:95,96,99,101,102,104,105,106,108,109,110,111,112,116,117,122,123,124,125,127,130,131,132,135,136,137,:
104:38,49,75,81,95,99,100,101,102,103,105,106,107,108,109,:
105:75,99,101,102,103,104,106,107,108,109,137,:
106:8,49,101,102,103,104,105,107,137,252,271,276,285,:
107:74,75,101,104,105,106,270,271,:
108:95,96,99,100,101,102,103,104,105,109,110,111,112,113,114,115,116,117,123,131,376,:
109:95,96,99,100,101,102,103,104,105,108,110,111,113,115,116,117,369,376,:
110:101,102,103,108,109,111,112,113,114,115,116,117,118,123,131,376,:
111:102,103,108,109,110,112,113,114,115,116,117,118,119,120,121,122,123,130,131,140,:
112:102,103,108,110,111,113,114,116,117,118,119,120,122,123,130,131,132,133,135,139,140,141,144,:
113:102,108,109,110,111,112,114,115,116,117,369,372,376,:
114:108,110,111,112,113,115,116,372,:
115:76,108,109,110,111,113,114,369,:
116:96,102,103,108,109,110,111,112,113,114,117,118,119,120,121,122,123,131,140,376,:
117:94,95,96,99,102,103,108,109,110,111,112,113,116,118,119,121,122,123,373,374,375,376,:
118:110,111,112,116,117,119,120,121,122,123,124,140,:
119:15,16,96,111,112,116,117,118,120,121,122,123,124,125,126,127,130,131,139,140,144,151,:
120:15,57,111,112,116,118,119,121,122,123,124,125,126,130,131,139,140,141,142,144,150,151,155,:
121:15,53,111,116,117,118,119,120,122,123,374,376,:
122:15,16,96,102,103,111,112,116,117,118,119,120,121,123,124,125,126,127,128,130,131,140,151,:
123:95,96,99,101,102,103,108,110,111,112,116,117,118,119,120,121,122,124,125,127,128,130,131,140,:
124:16,17,96,103,118,119,120,122,123,125,126,127,128,129,130,131,132,140,151,316,317,:
125:103,119,120,122,123,124,126,127,128,129,130,131,132,133,134,135,137,139,140,150,151,168,315,316,317,:
126:119,120,122,124,125,127,128,130,131,132,133,134,139,140,150,151,152,153,155,167,168,315,316,317,:
127:22,41,96,103,119,122,123,124,125,126,128,129,130,131,316,317,:
128:18,21,22,41,59,122,123,124,125,126,127,129,130,131,315,316,317,:
129:4,8,19,20,21,22,41,48,49,59,124,125,127,128,315,316,317,318,319,:
130:103,111,112,119,120,122,123,124,125,126,127,128,131,132,133,134,135,136,137,138,139,140,151,168,317,:
131:102,103,108,110,111,112,116,119,120,122,123,124,125,126,127,128,130,132,133,135,136,137,139,140,:
132:103,112,124,125,126,130,131,133,134,135,136,137,138,139,140,141,151,168,:
133:112,125,126,130,131,132,134,135,136,138,139,140,141,142,143,144,150,151,167,168,:
134:125,126,130,132,133,135,138,139,140,141,142,143,150,151,153,167,168,169,170,:
135:103,112,125,130,131,132,133,134,136,137,138,139,140,:
136:103,130,131,132,133,135,137,138,283,285,:
137:102,103,105,106,125,130,131,132,135,136,138,:
138:130,132,133,134,135,136,137,139,:
139:112,119,120,125,126,130,131,132,133,134,135,138,140,141,142,143,144,145,149,150,151,168,:
140:111,112,116,118,119,120,122,123,124,125,126,130,131,132,133,134,135,139,141,142,144,150,151,:
141:112,120,132,133,134,139,140,142,143,144,145,146,147,148,149,150,151,152,168,:
142:120,133,134,139,140,141,143,144,145,146,147,149,150,151,152,153,154,155,167,168,:
143:133,134,139,141,142,144,145,146,147,149,150,151,152,153,154,167,168,:
144:112,119,120,133,139,140,141,142,143,145,146,147,148,149,150,151,:
145:139,141,142,143,144,146,147,148,149,385,:
146:141,142,143,144,145,147,148,149,385,:
147:141,142,143,144,145,146,148,149,:
148:141,144,145,146,147,149,:
149:139,141,142,143,144,145,146,147,148,:
150:120,125,126,133,134,139,140,141,142,143,144,151,152,153,154,155,156,167,168,:
151:119,120,122,124,125,126,130,132,133,134,139,140,141,142,143,144,150,152,153,155,167,168,317,:
152:126,141,142,143,150,151,153,154,155,156,157,167,168,169,:
153:126,134,142,143,150,151,152,154,155,156,167,168,169,170,171,:
154:142,143,150,152,153,155,156,167,168,169,170,171,178,:
155:57,120,126,142,150,151,152,153,154,156,157,158,159,167,168,316,317,:
156:150,152,153,154,155,157,158,159,160,162,167,176,178,:
157:56,57,152,155,156,158,159,160,161,162,163,164,165,176,:
158:14,56,57,155,156,157,159,160,161,162,163,164,165,166,188,316,317,:
159:56,57,155,156,157,158,160,161,162,164,165,166,188,312,315,316,317,:
160:14,56,57,156,157,158,159,161,162,163,164,165,166,316,:
161:14,56,157,158,159,160,162,163,164,165,166,176,:
162:56,57,156,157,158,159,160,161,163,164,166,176,195,:
163:56,157,158,160,161,162,164,165,166,184,195,:
164:14,56,59,157,158,159,160,161,162,163,165,166,312,313,314,316,341,343,:
165:56,59,157,158,159,160,161,163,164,166,188,312,313,314,315,316,317,341,342,343,:
166:56,58,59,158,159,160,161,162,163,164,165,184,314,339,341,342,343,344,347,:
167:126,133,134,142,143,150,151,152,153,154,155,156,168,169,170,171,315,:
168:125,126,130,132,133,134,139,141,142,143,150,151,152,153,154,155,167,169,170,315,316,317,:
169:134,152,153,154,167,168,170,171,:
170:134,153,154,167,168,169,171,:
171:153,154,167,169,170,:
172:173,174,175,176,177,178,179,180,181,190,:
173:172,174,175,177,179,180,181,190,:
174:172,173,175,176,177,178,179,180,181,182,190,200,:
175:172,173,174,176,177,178,179,180,181,182,183,185,186,189,190,200,:
176:156,157,161,162,172,174,175,177,178,180,181,182,183,189,190,200,:
177:172,173,174,175,176,178,179,180,181,:
178:154,156,172,174,175,176,177,179,180,:
179:172,173,174,175,177,178,:
180:172,173,174,175,176,177,178,181,182,183,184,185,186,188,189,190,:
181:172,173,174,175,176,177,180,182,183,185,186,189,190,:
182:174,175,176,180,181,183,184,185,186,187,188,189,190,191,:
183:175,176,180,181,182,184,185,186,189,190,191,192,194,195,:
184:163,166,180,182,183,185,189,190,191,192,193,194,195,341,:
185:175,180,181,182,183,184,186,187,188,189,190,341,:
186:175,180,181,182,183,185,187,188,:
187:182,185,186,188,:
188:158,159,165,180,182,185,186,187,:
189:175,176,180,181,182,183,184,185,190,191,192,193,194,195,196,:
190:172,173,174,175,176,180,181,182,183,184,185,189,191,192,194,195,196,:
191:182,183,184,189,190,192,193,194,195,196,:
192:183,184,189,190,191,193,194,195,:
193:184,189,191,192,194,:
194:183,184,189,190,191,192,193,195,196,197,:
195:162,163,183,184,189,190,191,192,194,196,197,198,200,:
196:189,190,191,194,195,197,198,199,200,201,:
197:194,195,196,198,199,200,201,:
198:195,196,197,199,200,201,:
199:196,197,198,200,201,:
200:174,175,176,195,196,197,198,199,201,:
201:196,197,198,199,200,:
202:203,204,205,206,207,208,215,216,:
203:202,204,205,207,215,216,:
204:202,203,205,206,207,208,209,215,216,217,524,:
205:202,203,204,206,207,208,215,216,217,218,220,222,533,535,:
206:202,204,205,207,208,215,216,217,218,219,524,530,531,533,535,:
207:202,203,204,205,206,208,209,210,215,216,:
208:202,204,205,206,207,209,210,211,212,213,214,215,216,222,516,522,523,525,526,531,532,533,:
209:204,207,208,210,211,212,213,214,222,334,516,:
210:37,207,208,209,211,212,213,214,222,239,242,334,355,516,531,532,:
211:35,36,37,208,209,210,212,213,214,355,515,516,517,518,519,525,526,531,532,600,:
212:35,36,37,208,209,210,211,213,214,515,516,517,518,519,520,522,523,525,526,527,530,531,532,600,:
213:35,36,37,208,209,210,211,212,214,355,513,514,515,516,517,518,519,520,526,532,:
214:34,35,36,37,208,209,210,211,212,213,516,517,518,519,526,531,532,597,598,600,:
215:202,203,204,205,206,207,208,216,217,218,219,220,221,222,535,:
216:202,203,204,205,206,207,208,215,217,218,220,221,222,:
217:204,205,206,215,216,218,219,220,221,222,223,533,534,535,:
218:205,206,215,216,217,219,220,221,535,:
219:206,215,217,218,220,535,:
220:205,215,216,217,218,219,221,222,223,224,225,:
221:215,216,217,218,220,222,223,224,225,228,229,230,237,534,:
222:205,208,209,210,215,216,217,220,221,223,224,225,228,229,230,237,238,239,531,533,534,535,:
223:217,220,221,222,224,225,228,229,237,238,299,334,335,:
224:220,221,222,223,225,228,229,237,238,239,242,299,333,334,335,:
225:220,221,222,223,224,299,335,:
226:227,228,229,230,231,232,233,234,235,236,237,238,534,:
227:226,228,229,230,231,232,233,234,235,236,237,533,534,535,594,:
228:221,222,223,224,226,227,229,230,231,232,233,234,236,237,238,239,299,534,:
229:221,222,223,224,226,227,228,230,231,232,233,234,237,238,239,240,241,242,243,244,299,533,534,598,:
230:221,222,226,227,228,229,231,232,233,237,238,239,240,241,531,532,533,534,535,594,595,596,597,598,:
231:226,227,228,229,230,232,233,234,235,236,237,238,255,299,:
232:226,227,228,229,230,231,233,234,235,236,237,238,255,259,:
233:226,227,228,229,230,231,232,234,235,236,237,238,240,243,244,254,255,256,259,261,594,595,:
234:226,227,228,229,231,232,233,235,236,594,:
235:226,227,231,232,233,234,236,594,:
236:226,227,228,231,232,233,234,235,:
237:221,222,223,224,226,227,228,229,230,231,232,233,238,239,240,241,242,243,244,255,298,299,300,534,598,:
238:222,223,224,226,228,229,230,231,232,233,237,239,240,242,243,244,255,297,298,299,300,:
239:210,222,224,228,229,230,237,238,240,241,242,243,244,245,299,300,534,598,:
240:66,229,230,233,237,238,239,241,242,243,244,245,246,248,249,255,300,595,597,598,599,:
241:34,35,37,66,67,229,230,237,239,240,242,243,244,245,248,595,596,597,598,599,600,:
242:210,224,229,237,238,239,240,241,243,244,298,299,300,334,:
243:229,233,237,238,239,240,241,242,244,245,246,247,248,249,251,254,255,298,300,598,:
244:229,233,237,238,239,240,241,242,243,245,246,247,248,249,251,254,255,256,298,299,300,:
245:66,239,240,241,243,244,246,247,248,249,250,251,254,255,256,261,267,300,:
246:240,243,244,245,247,248,249,250,251,254,255,256,257,258,259,260,261,266,267,278,300,:
247:243,244,245,246,248,249,250,251,252,254,255,256,257,258,260,261,266,267,268,271,277,278,285,:
248:46,66,240,241,243,244,245,246,247,249,250,251,252,253,254,267,274,276,326,:
249:46,240,243,244,245,246,247,248,250,251,252,253,274,276,326,:
250:8,46,48,49,50,245,246,247,248,249,251,252,253,271,272,274,275,276,285,:
251:243,244,245,246,247,248,249,250,252,253,290,300,323,326,:
252:8,48,49,106,247,248,249,250,251,253,276,285,290,:
253:48,248,249,250,251,252,288,289,290,319,323,326,:
254:233,243,244,245,246,247,248,255,256,257,258,259,260,261,267,300,:
255:231,232,233,237,238,240,243,244,245,246,247,254,256,257,259,260,261,300,:
256:233,244,245,246,247,254,255,257,258,259,260,261,262,267,278,:
257:246,247,254,255,256,258,259,260,261,262,263,264,265,266,267,277,278,:
258:246,247,254,256,257,259,260,261,262,263,264,266,267,277,278,279,280,282,:
259:232,233,246,254,255,256,257,258,260,261,:
260:246,247,254,255,256,257,258,259,261,262,263,264,265,266,267,278,:
261:233,245,246,247,254,255,256,257,258,259,260,262,263,265,266,267,579,:
262:256,257,258,260,261,263,264,265,266,267,268,278,:
263:257,258,260,261,262,264,265,266,267,268,269,270,271,277,278,632,:
264:257,258,260,262,263,265,266,267,268,269,270,277,278,632,:
265:257,260,261,262,263,264,266,267,579,:
266:246,247,257,258,260,261,262,263,264,265,267,268,269,270,271,272,273,277,278,632,:
267:245,246,247,248,254,256,257,258,260,261,262,263,264,265,266,268,269,271,272,273,274,277,278,:
268:247,262,263,264,266,267,269,270,271,272,273,274,277,278,279,632,:
269:263,264,266,267,268,270,271,272,277,278,279,280,281,282,285,:
270:107,263,264,266,268,269,271,277,278,279,280,281,:
271:106,107,247,250,263,266,267,268,269,270,272,273,274,275,276,277,278,586,:
272:31,85,250,266,267,268,269,271,273,274,275,276,584,585,586,:
273:85,266,267,268,271,272,274,275,276,582,583,584,585,586,587,632,:
274:7,30,31,46,47,50,63,85,248,249,250,267,268,271,272,273,275,276,584,585,586,:
275:7,30,31,43,46,47,50,62,63,84,85,86,250,271,272,273,274,276,582,583,584,585,586,587,:
276:8,31,46,48,49,50,63,106,248,249,250,252,271,272,273,274,275,586,:
277:247,257,258,263,264,266,267,268,269,270,271,278,279,280,281,282,283,284,285,:
278:246,247,256,257,258,260,262,263,264,266,267,268,269,270,271,277,279,280,282,283,285,:
279:258,268,269,270,277,278,280,281,282,283,284,285,:
280:258,269,270,277,278,279,281,282,283,284,:
281:269,270,277,279,280,282,284,:
282:258,269,277,278,279,280,281,283,284,285,:
283:136,277,278,279,280,282,284,285,:
284:277,279,280,281,282,283,285,:
285:106,136,247,250,252,269,277,278,279,282,283,284,:
286:287,288,289,290,291,292,302,:
287:286,288,289,291,292,:
288:253,286,287,289,290,291,292,293,302,311,:
289:253,286,287,288,290,291,292,293,294,295,296,301,302,310,311,319,:
290:251,252,253,286,288,289,291,292,293,294,295,301,302,310,311,318,319,323,328,:
291:286,287,288,289,290,292,293,294,295,296,297,301,302,311,:
292:286,287,288,289,290,291,293,294,296,297,301,302,:
293:288,289,290,291,292,294,295,296,297,298,300,301,302,303,311,:
294:289,290,291,292,293,295,296,297,301,302,303,304,305,306,310,311,319,328,:
295:289,290,291,293,294,296,301,302,303,304,305,310,311,318,319,327,328,329,332,333,337,:
296:289,291,292,293,294,295,297,298,299,300,301,302,:
297:238,291,292,293,294,296,298,299,300,:
298:237,238,242,243,244,293,296,297,299,300,:
299:223,224,225,228,229,231,237,238,239,242,244,296,297,298,300,:
300:237,238,239,240,242,243,244,245,246,251,254,255,293,296,297,298,299,:
301:289,290,291,292,293,294,295,296,302,303,304,305,306,307,310,311,:
302:286,288,289,290,291,292,293,294,295,296,301,303,304,306,307,310,311,:
303:293,294,295,301,302,304,305,306,307,308,309,310,311,312,:
304:294,295,301,302,303,305,306,307,310,311,312,313,315,318,319,328,337,:
305:294,295,301,303,304,306,310,311,312,313,314,318,319,327,328,336,337,338,341,:
306:294,301,302,303,304,305,307,308,309,310,311,:
307:301,302,303,304,306,308,309,:
308:303,306,307,309,:
309:303,306,307,308,:
310:289,290,294,295,301,302,303,304,305,306,311,312,313,314,315,316,318,319,328,337,:
311:288,289,290,291,293,294,295,301,302,303,304,305,306,310,312,313,315,318,319,328,:
312:159,164,165,303,304,305,310,311,313,314,315,316,317,318,319,320,328,337,:
313:164,165,304,305,310,311,312,314,315,316,317,318,319,320,321,322,323,327,328,336,337,343,:
314:59,164,165,166,305,310,312,313,315,316,318,319,320,321,322,327,328,336,337,338,341,342,343,344,347,:
315:125,126,128,129,159,165,167,168,304,310,311,312,313,314,316,317,318,319,:
316:14,56,59,124,125,126,127,128,129,155,158,159,160,164,165,168,310,312,313,314,315,317,318,:
317:14,17,56,57,124,125,126,127,128,129,130,151,155,158,159,165,168,312,313,315,316,:
318:129,290,295,304,305,310,311,312,313,314,315,316,319,320,321,322,323,324,327,328,337,343,:
319:129,253,289,290,294,295,304,305,310,311,312,313,314,315,318,320,321,323,327,328,:
320:312,313,314,318,319,321,322,323,324,325,326,327,328,329,337,343,:
321:313,314,318,319,320,322,323,324,325,327,328,329,330,331,332,336,337,342,343,349,:
322:313,314,318,320,321,323,324,325,327,328,329,330,331,336,337,342,343,344,345,347,348,349,350,353,354,355,:
323:48,251,253,290,313,318,319,320,321,322,324,325,326,327,328,:
324:48,318,320,321,322,323,325,326,327,:
325:1,3,23,24,25,45,48,54,320,321,322,323,324,326,:
326:37,45,46,48,64,66,248,249,251,253,320,323,324,325,:
327:295,305,313,314,318,319,320,321,322,323,324,328,329,330,331,332,333,336,337,343,349,:
328:290,294,295,304,305,310,311,312,313,314,318,319,320,321,322,323,327,329,330,332,333,336,337,:
329:295,320,321,322,327,328,330,331,332,333,334,336,337,338,343,349,:
330:321,322,327,328,329,331,332,333,336,337,338,339,340,341,342,343,348,349,:
331:321,322,327,329,330,332,336,337,338,339,340,342,343,348,349,350,351,353,:
332:295,321,327,328,329,330,331,333,334,335,336,337,:
333:224,295,327,328,329,330,332,334,335,:
334:209,210,223,224,242,329,332,333,335,:
335:223,224,225,332,333,334,:
336:305,313,314,321,322,327,328,329,330,331,332,337,338,339,340,341,342,343,349,:
337:295,304,305,310,312,313,314,318,320,321,322,327,328,329,330,331,332,336,338,339,341,342,343,:
338:305,314,329,330,331,336,337,339,340,341,342,343,344,:
339:166,330,331,336,337,338,340,341,342,343,344,345,346,347,348,349,:
340:330,331,336,338,339,341,342,343,344,345,346,348,349,:
341:164,165,166,184,185,305,314,330,336,337,338,339,340,342,343,:
342:165,166,314,321,322,330,331,336,337,338,339,340,341,343,344,345,346,347,348,349,:
343:164,165,166,313,314,318,320,321,322,327,329,330,331,336,337,338,339,340,341,342,344,345,347,348,349,:
344:166,314,322,338,339,340,342,343,345,346,347,348,349,350,:
345:322,339,340,342,343,344,346,347,348,349,350,351,353,358,:
346:339,340,342,344,345,347,348,349,350,351,352,357,358,359,360,361,:
347:19,20,58,59,166,314,322,339,342,343,344,345,346,348,349,:
348:322,330,331,339,340,342,343,344,345,346,347,349,350,351,352,353,354,:
349:321,322,327,329,330,331,336,339,340,342,343,344,345,346,347,348,350,351,353,354,355,:
350:322,331,344,345,346,348,349,351,352,353,354,355,356,358,:
351:331,345,346,348,349,350,352,353,354,358,:
352:346,348,350,351,353,358,:
353:322,331,345,348,349,350,351,352,354,355,356,:
354:54,322,348,349,350,351,353,355,356,:
355:210,211,213,322,349,350,353,354,356,:
356:12,13,54,55,350,353,354,355,505,510,513,:
357:346,358,359,360,361,362,363,365,:
358:345,346,350,351,352,357,359,360,361,362,363,365,:
359:346,357,358,360,361,362,363,364,365,:
360:346,357,358,359,361,362,363,:
361:346,357,358,359,360,362,:
362:357,358,359,360,361,363,364,365,366,367,:
363:357,358,359,360,362,364,365,366,367,497,:
364:359,362,363,365,366,367,495,496,497,:
365:357,358,359,362,363,364,366,367,:
366:362,363,364,365,367,465,496,497,:
367:9,12,13,27,28,55,362,363,364,365,366,:
368:369,370,371,372,373,374,375,376,377,378,379,:
369:109,113,115,368,370,371,372,373,374,375,376,377,:
370:368,369,371,372,373,374,375,376,377,378,379,380,:
371:368,369,370,372,373,374,378,379,380,381,382,383,384,:
372:113,114,368,369,370,371,373,378,379,380,381,382,383,:
373:117,368,369,370,371,372,374,375,376,377,378,379,:
374:93,117,121,368,369,370,371,373,375,376,377,:
375:92,93,94,117,368,369,370,373,374,376,377,:
376:92,93,94,95,96,99,100,108,109,110,113,116,117,121,368,369,370,373,374,375,377,:
377:89,90,92,93,94,368,369,370,373,374,375,376,:
378:368,370,371,372,373,379,380,381,382,383,384,385,386,388,:
379:368,370,371,372,373,378,380,381,383,384,386,387,388,:
380:370,371,372,378,379,381,382,383,384,385,386,387,388,:
381:371,372,378,379,380,382,383,384,388,:
382:371,372,378,380,381,383,:
383:371,372,378,379,380,381,382,384,385,386,387,388,:
384:371,378,379,380,381,383,385,386,387,388,:
385:145,146,378,380,383,384,386,387,388,:
386:378,379,380,383,384,385,387,388,:
387:379,380,383,384,385,386,388,:
388:378,379,380,381,383,384,385,386,387,:
389:390,391,392,393,394,395,396,397,398,399,610,616,:
390:389,391,392,393,394,395,396,397,607,608,609,610,611,615,616,:
391:389,390,392,393,394,395,396,397,398,399,400,610,616,:
392:389,390,391,393,394,395,396,397,398,399,400,401,403,456,610,615,616,:
393:389,390,391,392,394,395,398,399,400,403,555,609,610,611,615,616,617,:
394:389,390,391,392,393,395,396,397,398,399,554,610,:
395:389,390,391,392,393,394,396,397,398,399,552,553,554,555,607,608,609,610,616,:
396:389,390,391,392,394,395,397,552,553,554,557,558,607,608,609,610,:
397:389,390,391,392,394,395,396,:
398:389,391,392,393,394,395,399,400,401,402,403,404,415,416,456,616,:
399:389,391,392,393,394,395,398,400,401,402,403,415,456,:
400:391,392,393,398,399,401,402,403,404,405,406,407,415,416,417,555,556,:
401:392,398,399,400,402,403,404,407,415,416,417,418,:
402:398,399,400,401,403,404,415,416,417,418,:
403:392,393,398,399,400,401,402,404,405,406,407,415,416,456,485,:
404:398,400,401,402,403,405,406,407,408,410,415,416,508,:
405:28,400,403,404,406,407,408,409,410,411,412,413,416,508,:
406:400,403,404,405,407,408,409,410,411,412,413,414,416,508,517,518,556,:
407:400,401,403,404,405,406,408,409,410,412,413,414,415,416,508,514,517,518,519,555,556,:
408:28,33,65,404,405,406,407,409,410,411,412,413,414,437,517,518,519,556,:
409:9,27,28,33,51,65,405,406,407,408,410,411,412,413,414,437,:
410:9,13,27,28,51,404,405,406,407,408,409,411,412,414,437,463,465,:
411:9,13,27,28,33,44,51,62,64,65,405,406,408,409,410,412,413,414,437,:
412:32,33,35,36,65,405,406,407,408,409,410,411,413,414,437,517,518,519,556,:
413:33,35,36,65,405,406,407,408,409,411,412,414,517,518,519,555,556,571,:
414:32,33,34,35,36,64,65,67,406,407,408,409,410,411,412,413,437,518,519,571,572,574,:
415:398,399,400,401,402,403,404,407,416,417,418,419,550,552,555,556,:
416:398,400,401,402,403,404,405,406,407,415,417,418,419,550,551,552,555,556,:
417:400,401,402,415,416,418,419,521,537,539,550,556,:
418:401,402,415,416,417,419,520,521,537,:
419:415,416,417,418,514,515,520,521,522,523,525,526,536,537,541,:
420:421,422,423,424,425,426,:
421:420,422,423,425,:
422:420,421,423,424,425,426,427,:
423:420,421,422,424,425,426,427,429,430,:
424:420,422,423,425,426,427,430,:
425:420,421,422,423,424,426,427,428,:
426:420,422,423,424,425,427,428,641,643,:
427:422,423,424,425,426,428,429,430,435,640,641,642,643,:
428:425,426,427,430,435,640,641,642,643,:
429:423,427,430,431,432,433,434,435,438,439,450,:
430:423,424,427,428,429,431,432,434,435,438,439,:
431:429,430,432,433,434,435,436,438,439,440,450,:
432:429,430,431,433,434,435,438,439,440,441,442,443,449,450,459,:
433:429,431,432,434,438,439,440,441,442,449,450,451,452,454,458,459,460,463,:
434:429,430,431,432,433,435,436,437,438,439,:
435:427,428,429,430,431,432,434,436,437,643,:
436:431,434,435,437,614,615,616,617,643,:
437:33,65,408,409,410,411,412,414,434,435,436,572,574,615,616,617,:
438:429,430,431,432,433,434,439,440,441,442,443,444,445,446,450,459,:
439:429,430,431,432,433,434,438,440,441,443,444,445,446,448,:
440:431,432,433,438,439,441,442,443,444,445,446,448,459,:
441:432,433,438,439,440,442,443,444,449,450,458,459,467,:
442:432,433,438,440,441,443,449,450,458,459,460,461,463,466,467,468,471,:
443:432,438,439,440,441,442,444,445,446,447,448,:
444:438,439,440,441,443,445,446,447,448,:
445:438,439,440,443,444,446,447,448,:
446:438,439,440,443,444,445,447,448,:
447:443,444,445,446,448,:
448:439,440,443,444,445,446,447,:
449:432,433,441,442,450,451,452,453,454,455,456,457,458,459,467,:
450:429,431,432,433,438,441,442,449,451,452,454,455,457,458,459,:
451:433,449,450,452,453,454,455,456,457,458,459,460,486,:
452:433,449,450,451,453,454,455,456,458,459,460,461,462,463,466,467,479,480,485,486,:
453:449,451,452,454,456,458,459,460,461,462,466,467,479,480,481,484,485,486,:
454:433,449,450,451,452,453,455,456,457,458,459,:
455:449,450,451,452,454,456,457,:
456:392,398,399,403,449,451,452,453,454,455,457,458,486,:
457:449,450,451,454,455,456,:
458:433,441,442,449,450,451,452,453,454,456,459,460,461,462,463,464,466,467,480,486,:
459:432,433,438,440,441,442,449,450,451,452,453,454,458,460,461,463,464,466,467,:
460:433,442,451,452,453,458,459,461,462,463,464,465,466,467,468,480,486,:
461:442,452,453,458,459,460,462,463,464,465,466,467,468,469,470,471,479,480,489,:
462:452,453,458,460,461,463,464,466,467,468,469,470,479,480,481,482,484,488,489,490,493,494,:
463:28,51,410,433,442,452,458,459,460,461,462,464,465,466,467,:
464:9,27,28,51,458,459,460,461,462,463,465,466,467,:
465:9,27,28,51,366,410,460,461,463,464,:
466:442,452,453,458,459,460,461,462,463,464,467,468,469,470,471,472,480,489,:
467:441,442,449,452,453,458,459,460,461,462,463,464,466,468,469,471,480,:
468:442,460,461,462,466,467,469,470,471,472,473,480,489,:
469:461,462,466,467,468,470,471,472,479,480,488,489,:
470:461,462,466,468,469,471,472,479,480,488,489,493,:
471:442,461,466,467,468,469,470,472,473,474,:
472:466,468,469,470,471,473,474,475,476,477,:
473:468,471,472,474,475,476,477,478,:
474:471,472,473,475,476,477,478,:
475:472,473,474,476,477,478,:
476:472,473,474,475,477,478,:
477:472,473,474,475,476,478,:
478:473,474,475,476,477,:
479:452,453,461,462,469,470,480,481,482,483,484,485,486,487,488,489,:
480:452,453,458,460,461,462,466,467,468,469,470,479,481,482,484,485,486,488,489,:
481:453,462,479,480,482,483,484,485,486,487,488,489,490,:
482:462,479,480,481,483,484,485,487,488,489,490,491,492,493,:
483:479,481,482,484,487,488,489,490,491,492,:
484:453,462,479,480,481,482,483,485,486,487,488,489,:
485:403,452,453,479,480,481,482,484,486,487,:
486:451,452,453,456,458,460,479,480,481,484,485,487,:
487:479,481,482,483,484,485,486,488,:
488:462,469,470,479,480,481,482,483,484,487,489,490,491,492,493,494,:
489:461,462,466,468,469,470,479,480,481,482,483,484,488,490,491,493,494,:
490:462,481,482,483,488,489,491,492,493,494,495,:
491:482,483,488,489,490,492,493,494,:
492:482,483,488,490,491,493,:
493:462,470,482,488,489,490,491,492,494,495,496,497,:
494:462,488,489,490,491,493,495,496,497,511,:
495:364,490,493,494,496,497,:
496:364,366,493,494,495,497,:
497:363,364,366,493,494,495,496,:
498:499,500,501,502,503,504,505,:
499:498,500,501,502,503,504,:
500:498,499,501,502,503,504,505,506,513,:
501:498,499,500,502,503,504,505,506,507,509,512,513,:
502:498,499,500,501,503,504,505,506,507,508,512,513,515,:
503:498,499,500,501,502,504,505,513,515,516,:
504:498,499,500,501,502,503,505,506,507,508,509,510,511,512,513,:
505:356,498,500,501,502,503,504,506,507,509,510,512,513,:
506:500,501,502,504,505,507,508,509,510,511,512,513,514,:
507:501,502,504,505,506,508,509,510,511,512,513,514,515,517,521,:
508:404,405,406,407,502,504,506,507,509,510,511,512,513,514,517,521,:
509:501,504,505,506,507,508,510,511,512,513,:
510:13,27,28,55,356,504,505,506,507,508,509,511,512,513,:
511:494,504,506,507,508,509,510,:
512:501,502,504,505,506,507,508,509,510,513,514,515,516,517,518,520,521,:
513:55,213,356,500,501,502,503,504,505,506,507,508,509,510,512,514,515,516,517,520,:
514:213,407,419,506,507,508,512,513,515,516,517,518,519,520,521,522,526,:
515:211,212,213,419,502,503,507,512,513,514,516,517,518,519,520,521,522,523,525,526,:
516:208,209,210,211,212,213,214,503,512,513,514,515,517,518,520,521,522,523,525,526,:
517:35,36,37,211,212,213,214,406,407,408,412,413,507,508,512,513,514,515,516,518,519,520,521,526,:
518:35,36,37,211,212,213,214,406,407,408,412,413,414,512,514,515,516,517,519,520,521,525,526,556,:
519:34,35,36,37,65,211,212,213,214,407,408,412,413,414,514,515,517,518,526,556,600,:
520:212,213,418,419,512,513,514,515,516,517,518,521,522,523,524,525,526,537,:
521:417,418,419,507,508,512,514,515,516,517,518,520,522,523,524,525,526,537,:
522:208,212,419,514,515,516,520,521,523,524,525,526,527,537,:
523:208,212,419,515,516,520,521,522,524,525,526,527,528,530,536,537,:
524:204,206,520,521,522,523,525,526,527,528,529,530,536,537,:
525:208,211,212,419,515,516,518,520,521,522,523,524,526,527,528,529,530,531,532,536,537,551,:
526:208,211,212,213,214,419,514,515,516,517,518,519,520,521,522,523,524,525,527,528,530,531,532,536,537,:
527:212,522,523,524,525,526,528,529,530,531,532,533,536,537,538,551,600,:
528:523,524,525,526,527,529,530,531,536,537,538,539,541,550,551,563,564,:
529:524,525,527,528,530,536,537,538,539,541,550,551,562,563,564,565,:
530:206,212,523,524,525,526,527,528,529,531,532,533,534,535,536,537,600,:
531:206,208,210,211,212,214,222,230,525,526,527,528,530,532,533,534,535,596,597,598,600,:
532:36,208,210,211,212,213,214,230,525,526,527,530,531,533,534,535,596,597,598,599,600,:
533:205,206,208,217,222,227,229,230,527,530,531,532,534,535,596,597,598,600,:
534:217,221,222,226,227,228,229,230,237,239,530,531,532,533,535,596,597,598,600,:
535:205,206,215,217,218,219,222,227,230,530,531,532,533,534,:
536:419,523,524,525,526,527,528,529,530,537,538,539,540,541,542,550,551,564,:
537:417,418,419,520,521,522,523,524,525,526,527,528,529,530,536,538,539,541,550,551,556,:
538:527,528,529,536,537,539,540,541,542,543,544,550,551,552,563,564,:
539:417,528,529,536,537,538,540,541,542,543,544,550,551,552,553,554,555,557,559,563,564,:
540:536,538,539,541,542,543,544,550,551,552,553,554,557,564,:
541:419,528,529,536,537,538,539,540,542,543,544,545,546,550,551,:
542:536,538,539,540,541,543,544,545,546,547,:
543:538,539,540,541,542,544,545,546,547,548,:
544:538,539,540,541,542,543,545,546,547,548,549,:
545:541,542,543,544,546,547,548,549,:
546:541,542,543,544,545,547,548,549,:
547:542,543,544,545,546,548,549,:
548:543,544,545,546,547,549,:
549:544,545,546,547,548,:
550:415,416,417,528,529,536,537,538,539,540,541,551,552,553,554,555,556,557,558,559,562,563,564,:
551:416,525,527,528,529,536,537,538,539,540,541,550,552,553,555,556,557,559,562,563,564,567,:
552:395,396,415,416,538,539,540,550,551,553,554,555,556,557,558,559,560,564,610,:
553:395,396,539,540,550,551,552,554,555,557,558,559,560,561,562,563,564,609,610,:
554:394,395,396,539,540,550,552,553,555,557,558,559,608,609,610,:
555:393,395,400,407,413,415,416,539,550,551,552,553,554,556,557,559,560,566,567,610,615,616,:
556:400,406,407,408,412,413,415,416,417,518,519,537,550,551,552,555,567,:
557:396,539,540,550,551,552,553,554,555,558,559,560,561,562,563,564,565,566,567,608,609,610,:
558:396,550,552,553,554,557,559,560,561,562,563,564,608,:
559:539,550,551,552,553,554,555,557,558,560,561,562,563,564,565,566,567,568,:
560:552,553,555,557,558,559,561,562,563,565,566,567,568,569,571,576,609,611,:
561:553,557,558,559,560,562,565,566,567,568,569,571,576,608,609,611,612,613,:
562:529,550,551,553,557,558,559,560,561,563,564,565,566,567,:
563:528,529,538,539,550,551,553,557,558,559,560,562,564,565,:
564:528,529,536,538,539,540,550,551,552,553,557,558,559,562,563,565,:
565:529,557,559,560,561,562,563,564,566,567,589,:
566:555,557,559,560,561,562,565,567,568,569,570,571,572,575,576,589,599,:
567:36,551,555,556,557,559,560,561,562,565,566,568,569,570,571,597,599,600,:
568:559,560,561,566,567,569,570,571,572,573,574,575,576,577,589,599,611,612,613,614,617,:
569:67,560,561,566,567,568,570,571,572,573,574,575,576,577,578,580,581,588,589,599,:
570:67,566,567,568,569,571,572,575,576,577,578,579,580,588,589,595,596,597,598,599,600,:
571:33,65,67,413,414,560,561,566,567,568,569,570,572,573,574,575,576,611,612,614,615,617,:
572:33,47,65,67,414,437,566,568,569,570,571,573,574,575,576,581,582,612,614,615,617,644,:
573:568,569,571,572,574,575,576,581,582,611,612,613,614,615,617,639,640,642,643,644,:
574:7,30,32,33,34,47,62,65,67,414,437,568,569,571,572,573,581,582,614,617,644,:
575:566,568,569,570,571,572,573,576,577,578,579,580,581,588,589,:
576:560,561,566,568,569,570,571,572,573,575,577,578,580,581,588,589,613,614,:
577:568,569,570,575,576,578,579,580,581,582,588,589,590,:
578:569,570,575,576,577,579,580,581,588,589,590,591,592,593,594,595,:
579:261,265,570,575,577,578,580,588,589,590,593,594,595,:
580:569,570,575,576,577,578,579,581,582,583,588,589,:
581:569,572,573,574,575,576,577,578,580,582,583,584,630,631,639,:
582:47,273,275,572,573,574,577,580,581,583,584,585,586,587,:
583:273,275,580,581,582,584,585,586,587,624,625,626,639,644,:
584:31,47,63,84,85,86,272,273,274,275,581,582,583,585,586,587,624,625,626,:
585:7,30,31,47,62,63,84,85,86,272,273,274,275,582,583,584,586,587,626,:
586:31,63,84,85,271,272,273,274,275,276,582,583,584,585,587,624,625,626,632,:
587:31,63,84,85,86,273,275,582,583,584,585,586,623,624,625,626,:
588:569,570,575,576,577,578,579,580,589,590,591,592,593,594,595,:
589:565,566,568,569,570,575,576,577,578,579,580,588,590,591,592,593,594,595,:
590:577,578,579,588,589,591,592,593,594,595,:
591:578,588,589,590,592,593,594,:
592:578,588,589,590,591,593,:
593:578,579,588,589,590,591,592,594,595,596,:
594:227,230,233,234,235,578,579,588,589,590,591,593,595,596,597,:
595:230,233,240,241,570,578,579,588,589,590,593,594,596,597,598,599,600,:
596:230,241,531,532,533,534,570,593,594,595,597,598,599,600,:
597:34,35,36,37,66,67,214,230,240,241,531,532,533,534,567,570,594,595,596,598,599,600,:
598:34,35,36,37,66,67,214,229,230,237,239,240,241,243,531,532,533,534,570,595,596,597,599,600,:
599:34,35,36,66,67,240,241,532,566,567,568,569,570,595,596,597,598,600,:
600:34,35,36,37,67,211,212,214,241,519,527,530,531,532,533,534,567,570,595,596,597,598,599,:
601:602,603,604,605,606,607,:
602:601,603,604,605,606,:
603:601,602,604,605,606,607,608,:
604:601,602,603,605,606,607,:
605:601,602,603,604,606,607,:
606:601,602,603,604,605,607,608,609,:
607:390,395,396,601,603,604,605,606,608,609,610,611,612,613,:
608:390,395,396,554,557,558,561,603,606,607,609,610,611,612,613,614,615,616,:
609:390,393,395,396,553,554,557,560,561,606,607,608,610,611,612,613,614,615,616,617,:
610:389,390,391,392,393,394,395,396,552,553,554,555,557,607,608,609,611,612,613,615,616,617,:
611:390,393,560,561,568,571,573,607,608,609,610,612,613,614,615,616,617,:
612:561,568,571,572,573,607,608,609,610,611,613,614,615,616,617,642,643,644,:
613:561,568,573,576,607,608,609,610,611,612,614,615,617,644,:
614:436,568,571,572,573,574,576,608,609,611,612,613,615,616,617,642,643,644,:
615:390,392,393,436,437,555,571,572,573,608,609,610,611,612,613,614,616,617,:
616:389,390,391,392,393,395,398,436,437,555,608,609,610,611,612,614,615,617,:
617:393,436,437,568,571,572,573,574,609,610,611,612,613,614,615,616,644,:
618:619,620,621,622,623,624,:
619:618,620,621,622,623,:
620:618,619,621,622,623,624,625,626,628,634,:
621:618,619,620,622,623,624,625,627,628,633,634,:
622:618,619,620,621,623,624,625,627,628,633,634,635,638,:
623:587,618,619,620,621,622,624,625,626,634,641,:
624:583,584,586,587,618,620,621,622,623,625,626,628,634,:
625:583,584,586,587,620,621,622,623,624,626,627,628,629,632,634,:
626:84,85,583,584,585,586,587,620,623,624,625,:
627:621,622,625,628,629,630,631,632,633,634,:
628:620,621,622,624,625,627,629,630,632,633,634,:
629:625,627,628,630,631,632,633,634,635,:
630:581,627,628,629,631,632,633,634,635,636,638,:
631:581,627,629,630,632,633,634,635,636,:
632:263,264,266,268,273,586,625,627,628,629,630,631,633,634,:
633:621,622,627,628,629,630,631,632,634,635,636,637,638,639,:
634:620,621,622,623,624,625,627,628,629,630,631,632,633,635,636,638,639,:
635:622,629,630,631,633,634,636,637,638,639,640,:
636:630,631,633,634,635,637,638,639,:
637:633,635,636,638,:
638:622,630,633,634,635,636,637,639,640,641,642,644,:
639:573,581,583,633,634,635,636,638,640,641,642,643,644,:
640:427,428,573,635,638,639,641,642,643,644,:
641:426,427,428,623,638,639,640,642,643,644,:
642:427,428,573,612,614,638,639,640,641,643,644,:
643:426,427,428,435,436,573,612,614,639,640,641,642,644,:
644:572,573,574,583,612,613,614,617,638,639,640,641,642,643,:
