1:2,3,4,5,6,7,8,9,10,11,20,21,22,23,24,25,281,282,355,:
2:1,3,4,5,6,7,20,21,22,23,24,281,294,355,:
3:1,2,4,5,6,20,21,22,23,24,:
4:1,2,3,5,6,7,20,21,22,23,24,:
5:1,2,3,4,6,7,8,9,10,20,21,22,23,24,25,:
6:1,2,3,4,5,7,8,9,10,11,20,21,22,23,24,25,281,282,:
7:1,2,4,5,6,8,9,10,11,12,13,20,24,25,142,282,:
8:1,5,6,7,9,10,11,12,20,25,258,282,:
9:1,5,6,7,8,10,11,24,25,142,:
10:1,5,6,7,8,9,11,12,13,14,15,20,24,25,142,:
11:1,6,7,8,9,10,12,13,14,15,20,25,:
12:7,8,10,11,13,14,15,16,17,18,20,25,167,259,356,:
13:7,10,11,12,14,15,16,25,27,372,373,:
14:10,11,12,13,15,16,17,18,19,25,27,358,367,371,372,373,374,:
15:10,11,12,13,14,16,17,18,19,26,27,167,356,358,:
16:12,13,14,15,17,18,19,26,27,167,168,358,363,:
17:12,14,15,16,18,19,26,27,350,351,353,356,357,358,363,367,435,:
18:12,14,15,16,17,19,26,27,167,168,237,239,259,329,:
19:14,15,16,17,18,26,27,167,168,190,191,239,241,358,363,364,:
20:1,2,3,4,5,6,7,8,10,11,12,21,282,315,355,356,:
21:1,2,3,4,5,6,20,22,293,294,355,:
22:1,2,3,4,5,6,21,23,:
23:1,2,3,4,5,6,22,24,:
24:1,2,3,4,5,6,7,9,10,23,25,:
25:1,5,6,7,8,9,10,11,12,13,14,24,113,142,:
26:15,16,17,18,19,27,168,189,190,191,200,238,239,241,358,362,363,364,365,:
27:13,14,15,16,17,18,19,26,167,168,190,191,239,358,363,364,374,:
28:29,30,31,32,33,34,35,:
29:28,30,31,32,33,34,35,36,37,:
30:28,29,31,32,33,34,35,36,:
31:28,29,30,32,33,34,35,36,40,:
32:28,29,30,31,33,34,35,36,40,:
33:28,29,30,31,32,34,35,36,37,39,40,:
34:28,29,30,31,32,33,35,36,37,38,39,40,41,42,380,:
35:28,29,30,31,32,33,34,36,37,38,39,40,41,379,380,:
36:29,30,31,32,33,34,35,37,38,39,40,41,42,43,380,381,:
37:29,33,34,35,36,38,39,40,41,43,379,:
38:34,35,36,37,39,41,379,:
39:33,34,35,36,37,38,40,41,42,43,379,380,381,:
40:31,32,33,34,35,36,37,39,41,42,43,381,:
41:34,35,36,37,38,39,40,42,43,92,:
42:34,36,39,40,41,43,54,381,:
43:36,37,39,40,41,42,89,90,92,371,:
44:45,46,47,48,49,50,52,:
45:44,46,47,48,49,50,52,:
46:44,45,47,48,49,50,51,52,:
47:44,45,46,48,49,50,:
48:44,45,46,47,49,:
49:44,45,46,47,48,50,51,52,53,54,:
50:44,45,46,47,49,51,52,53,54,55,440,:
51:46,49,50,52,53,54,55,56,57,440,441,:
52:44,45,46,49,50,51,53,54,55,56,440,443,:
53:49,50,51,52,54,55,56,57,440,441,442,:
54:42,49,50,51,52,53,55,56,57,440,443,:
55:50,51,52,53,54,56,57,440,441,442,:
56:51,52,53,54,55,57,374,441,442,:
57:51,53,54,55,56,374,441,442,:
58:59,60,61,62,63,64,65,66,341,345,346,347,461,462,:
59:58,60,61,62,63,64,65,340,341,345,346,347,352,460,461,462,:
60:58,59,61,62,63,64,65,66,67,68,69,72,341,346,:
61:58,59,60,62,63,64,65,66,67,68,69,70,71,72,365,460,461,:
62:58,59,60,61,63,66,67,72,346,347,365,456,457,459,460,461,462,:
63:58,59,60,61,62,64,65,66,67,340,341,344,346,347,365,431,432,:
64:58,59,60,61,63,65,340,341,344,429,431,432,433,:
65:58,59,60,61,63,64,340,341,429,431,432,:
66:58,60,61,62,63,67,68,69,70,71,72,365,:
67:60,61,62,63,66,68,69,70,71,72,212,:
68:60,61,66,67,69,70,71,72,:
69:60,61,66,67,68,70,71,72,:
70:61,66,67,68,69,71,72,195,196,197,202,210,212,:
71:61,66,67,68,69,70,72,195,196,197,453,:
72:60,61,62,66,67,68,69,70,71,365,453,454,456,:
73:74,75,76,77,78,79,80,81,85,96,99,:
74:73,75,76,78,79,80,81,82,83,85,95,96,98,99,:
75:73,74,76,77,78,79,80,81,83,85,:
76:73,74,75,77,78,79,80,84,85,96,:
77:73,75,76,78,79,80,84,85,:
78:73,74,75,76,77,79,80,81,82,83,85,:
79:73,74,75,76,77,78,80,81,82,83,84,85,92,93,94,95,96,99,114,:
80:73,74,75,76,77,78,79,81,82,83,84,85,86,87,89,90,91,92,93,94,95,96,97,98,99,:
81:73,74,75,78,79,80,82,83,93,94,96,99,110,112,113,114,:
82:74,78,79,80,81,83,91,93,94,95,96,97,98,99,100,112,113,114,:
83:74,75,78,79,80,81,82,108,109,110,111,112,113,114,:
84:76,77,79,80,85,86,87,88,89,90,92,95,96,99,:
85:73,74,75,76,77,78,79,80,84,86,87,88,89,90,91,92,95,96,97,99,:
86:80,84,85,87,88,89,90,91,92,95,96,97,:
87:80,84,85,86,88,89,90,91,95,96,97,98,99,100,448,:
88:84,85,86,87,89,90,91,95,96,97,100,443,444,446,447,448,:
89:43,80,84,85,86,87,88,90,91,92,93,94,95,96,:
90:43,80,84,85,86,87,88,89,91,92,93,94,95,96,:
91:80,82,85,86,87,88,89,90,92,93,94,95,96,:
92:41,43,79,80,84,85,86,89,90,91,93,94,:
93:79,80,81,82,89,90,91,92,94,:
94:79,80,81,82,89,90,91,92,93,:
95:74,79,80,82,84,85,86,87,88,89,90,91,96,97,98,99,100,101,448,:
96:73,74,76,79,80,81,82,84,85,86,87,88,89,90,91,95,97,98,99,100,:
97:80,82,85,86,87,88,95,96,98,99,100,101,102,446,447,448,:
98:74,80,82,87,95,96,97,99,100,101,102,:
99:73,74,79,80,81,82,84,85,87,95,96,97,98,100,:
100:82,87,88,95,96,97,98,99,101,102,173,446,447,448,:
101:95,97,98,100,102,163,169,170,172,173,447,448,:
102:97,98,100,101,160,161,163,164,166,169,170,171,172,173,:
103:104,105,106,107,108,109,114,:
104:103,105,106,107,108,109,:
105:103,104,106,107,108,109,110,114,150,:
106:103,104,105,107,108,109,150,:
107:103,104,105,106,108,109,116,:
108:83,103,104,105,106,107,109,110,111,112,113,114,143,144,150,:
109:83,103,104,105,106,107,108,110,111,112,113,114,:
110:81,83,105,108,109,111,112,113,114,124,:
111:83,108,109,110,112,113,114,121,122,124,:
112:81,82,83,108,109,110,111,113,114,142,:
113:25,81,82,83,108,109,110,111,112,114,142,:
114:79,81,82,83,103,105,108,109,110,111,112,113,142,:
115:116,117,118,119,120,121,:
116:107,115,117,118,119,120,121,:
117:115,116,118,119,120,121,122,129,:
118:115,116,117,119,120,121,129,:
119:115,116,117,118,120,:
120:115,116,117,118,119,121,122,123,124,:
121:111,115,116,117,118,120,122,123,124,:
122:111,117,120,121,123,124,:
123:120,121,122,124,:
124:110,111,120,121,122,123,:
125:126,127,128,129,130,131,132,134,135,256,:
126:125,127,128,130,132,134,135,138,255,256,260,262,:
127:125,126,128,129,130,131,132,133,134,135,136,:
128:125,126,127,129,130,131,132,134,135,136,137,139,140,:
129:117,118,125,127,128,130,131,134,135,136,139,:
130:125,126,127,128,129,131,132,133,134,135,:
131:125,127,128,129,130,132,133,134,:
132:125,126,127,128,130,131,133,134,135,256,:
133:127,130,131,132,278,:
134:125,126,127,128,129,130,131,132,135,136,137,138,139,140,146,147,256,:
135:125,126,127,128,129,130,132,134,136,137,138,139,140,146,252,253,255,256,257,:
136:127,128,129,134,135,137,138,139,140,141,143,145,146,147,148,:
137:128,134,135,136,138,139,140,141,143,145,146,147,148,149,150,151,253,:
138:126,134,135,136,137,139,140,141,143,145,146,147,148,151,245,246,252,253,254,256,257,259,:
139:128,129,134,135,136,137,138,140,141,142,143,144,145,146,147,:
140:128,134,135,136,137,138,139,141,142,143,144,145,146,:
141:136,137,138,139,140,142,143,144,145,165,:
142:7,9,10,25,112,113,114,139,140,141,143,144,145,165,:
143:108,136,137,138,139,140,141,142,144,145,146,147,148,149,150,158,159,163,164,165,167,259,:
144:108,139,140,141,142,143,145,146,148,149,150,158,159,160,163,164,165,166,167,:
145:136,137,138,139,140,141,142,143,144,146,147,148,149,150,151,158,159,165,253,:
146:134,135,136,137,138,139,140,143,144,145,147,148,149,150,151,152,154,158,159,253,:
147:134,136,137,138,139,143,145,146,148,149,150,151,152,154,:
148:136,137,138,143,144,145,146,147,149,150,151,152,153,154,158,159,160,236,253,:
149:137,143,144,145,146,147,148,150,151,152,153,158,159,160,161,162,163,164,165,236,:
150:105,106,108,137,143,144,145,146,147,148,149,151,152,153,158,159,160,163,:
151:137,138,145,146,147,148,149,150,152,153,154,155,156,158,159,236,249,251,:
152:146,147,148,149,150,151,153,154,155,156,157,158,159,:
153:148,149,150,151,152,154,155,156,157,158,178,230,:
154:146,147,148,151,152,153,155,156,157,:
155:151,152,153,154,156,157,178,:
156:151,152,153,154,155,157,:
157:152,153,154,155,156,:
158:143,144,145,146,148,149,150,151,152,153,159,160,161,162,163,164,165,166,169,170,233,236,:
159:143,144,145,146,148,149,150,151,152,158,160,161,162,163,164,165,166,167,169,232,233,234,235,236,:
160:102,144,148,149,150,158,159,161,162,163,164,165,166,169,170,171,:
161:102,149,158,159,160,162,163,164,165,166,169,170,171,172,173,174,175,176,233,:
162:149,158,159,160,161,163,164,166,169,170,171,172,174,175,176,225,226,230,232,233,234,236,:
163:101,102,143,144,149,150,158,159,160,161,162,164,165,166,167,168,169,170,:
164:102,143,144,149,158,159,160,161,162,163,165,166,167,168,169,170,:
165:141,142,143,144,145,149,158,159,160,161,163,164,166,167,168,236,:
166:102,144,158,159,160,161,162,163,164,165,167,168,169,170,189,191,:
167:12,15,16,18,19,27,143,144,159,163,164,165,166,168,237,259,:
168:16,18,19,26,27,163,164,165,166,167,189,191,237,238,239,:
169:101,102,158,159,160,161,162,163,164,166,170,171,172,173,174,175,176,181,182,233,:
170:101,102,158,160,161,162,163,164,166,169,171,172,173,174,175,176,:
171:102,160,161,162,169,170,172,173,174,175,176,177,181,182,183,217,:
172:101,102,161,162,169,170,171,173,174,175,181,182,183,184,185,186,187,189,217,:
173:100,101,102,161,169,170,171,172,174,181,182,183,184,186,187,189,446,447,:
174:161,162,169,170,171,172,173,175,176,177,178,179,181,182,217,:
175:161,162,169,170,171,172,174,176,177,178,179,180,:
176:161,162,169,170,171,174,175,177,178,179,180,:
177:171,174,175,176,178,179,180,225,228,:
178:153,155,174,175,176,177,179,180,:
179:174,175,176,177,178,180,228,230,:
180:175,176,177,178,179,230,:
181:169,171,172,173,174,182,183,184,185,186,187,189,214,217,:
182:169,171,172,173,174,181,183,184,185,186,187,189,213,214,215,216,217,:
183:171,172,173,181,182,184,185,186,187,188,189,214,217,445,447,:
184:172,173,181,182,183,185,186,187,214,445,:
185:172,181,182,183,184,186,213,214,217,:
186:172,173,181,182,183,184,185,187,188,189,190,191,198,442,445,:
187:172,173,181,182,183,184,186,188,189,190,191,198,199,200,201,442,:
188:183,186,187,189,190,191,199,200,201,441,442,:
189:26,166,168,172,173,181,182,183,186,187,188,190,191,199,200,239,241,:
190:19,26,27,186,187,188,189,191,199,200,201,363,364,442,:
191:19,26,27,166,168,186,187,188,189,190,199,200,239,241,364,:
192:193,194,195,196,197,198,202,203,206,220,221,:
193:192,194,195,197,198,202,203,206,218,219,220,221,222,:
194:192,193,195,196,197,198,199,202,203,204,221,:
195:70,71,192,193,194,196,197,198,202,203,204,205,206,207,221,:
196:70,71,192,194,195,197,202,203,204,205,206,:
197:70,71,192,193,194,195,196,198,199,200,201,202,203,221,:
198:186,187,192,193,194,195,197,199,200,201,364,450,:
199:187,188,189,190,191,194,197,198,200,201,362,363,364,449,450,:
200:26,187,188,189,190,191,197,198,199,201,239,241,362,363,364,365,450,:
201:187,188,190,197,198,199,200,362,363,364,449,450,451,454,:
202:70,192,193,194,195,196,197,203,204,205,206,207,208,209,220,221,222,:
203:192,193,194,195,196,197,202,204,205,206,207,208,209,220,221,222,:
204:194,195,196,202,203,205,206,207,208,209,210,221,:
205:195,196,202,203,204,206,207,208,:
206:192,193,195,196,202,203,204,205,207,221,:
207:195,202,203,204,205,206,208,209,210,211,212,221,:
208:202,203,204,205,207,209,210,211,212,222,:
209:202,203,204,207,208,210,211,212,220,221,222,:
210:70,204,207,208,209,211,212,:
211:207,208,209,210,212,222,430,434,436,:
212:67,70,207,208,209,210,211,:
213:182,185,214,215,216,217,218,219,223,224,:
214:181,182,183,184,185,213,215,216,217,218,223,:
215:182,213,214,216,217,218,219,220,223,224,225,:
216:182,213,214,215,217,218,219,223,224,225,226,227,228,:
217:171,172,174,181,182,183,185,213,214,215,216,218,219,223,224,225,226,233,:
218:193,213,214,215,216,217,219,220,221,222,223,224,:
219:193,213,215,216,217,218,220,221,222,223,224,240,242,:
220:192,193,202,203,209,215,218,219,221,222,242,:
221:192,193,194,195,197,202,203,204,206,207,209,218,219,220,222,:
222:193,202,203,208,209,211,218,219,220,221,240,241,242,:
223:213,214,215,216,217,218,219,224,225,226,227,228,229,232,233,:
224:213,215,216,217,218,219,223,225,226,227,228,229,:
225:162,177,215,216,217,223,224,226,227,228,229,230,231,232,233,234,:
226:162,216,217,223,224,225,227,228,229,230,232,233,234,235,237,238,240,244,:
227:216,223,224,225,226,228,229,232,233,234,235,237,238,240,244,335,:
228:177,179,216,223,224,225,226,227,229,230,231,232,233,:
229:223,224,225,226,227,228,230,231,232,233,:
230:153,162,179,180,225,226,228,229,231,232,233,:
231:225,228,229,230,:
232:159,162,223,225,226,227,228,229,230,233,234,235,236,237,238,240,243,244,:
233:158,159,161,162,169,217,223,225,226,227,228,229,230,232,234,235,236,237,238,243,:
234:159,162,225,226,227,232,233,235,236,237,238,239,240,243,244,245,335,:
235:159,226,227,232,233,234,236,237,238,243,244,245,246,247,248,249,252,253,335,:
236:148,149,151,158,159,162,165,232,233,234,235,237,243,244,245,246,252,253,:
237:18,167,168,226,227,232,233,234,235,236,238,239,240,241,242,243,244,329,:
238:26,168,226,227,232,233,234,235,237,239,240,241,242,329,:
239:18,19,26,27,168,189,191,200,234,237,238,240,241,242,437,:
240:219,222,226,227,232,234,237,238,239,241,242,436,437,:
241:19,26,189,191,200,222,237,238,239,240,242,364,437,:
242:219,220,222,237,238,239,240,241,436,437,:
243:232,233,234,235,236,237,244,245,246,247,248,249,250,252,253,332,334,335,:
244:226,227,232,234,235,236,237,243,245,246,247,248,249,250,329,331,332,333,334,335,336,:
245:138,234,235,236,243,244,246,247,248,249,250,251,252,253,254,332,335,:
246:138,235,236,243,244,245,247,248,249,252,253,254,255,256,257,259,267,269,332,:
247:235,243,244,245,246,248,252,253,254,255,260,261,267,269,321,325,326,329,331,332,333,335,336,:
248:235,243,244,245,246,247,249,250,251,252,253,269,332,:
249:151,235,243,244,245,246,248,250,251,:
250:243,244,245,248,249,251,:
251:151,245,248,249,250,:
252:135,138,235,236,243,245,246,247,248,253,254,255,256,257,258,259,260,261,:
253:135,137,138,145,146,148,235,236,243,245,246,247,248,252,254,255,256,257,259,:
254:138,245,246,247,252,253,255,256,257,258,259,260,261,262,267,321,:
255:126,135,246,247,252,253,254,256,257,258,259,260,261,262,263,264,265,266,267,321,:
256:125,126,132,134,135,138,246,252,253,254,255,257,258,260,261,262,265,266,267,:
257:135,138,246,252,253,254,255,256,258,259,260,261,:
258:8,252,254,255,256,257,259,260,261,:
259:12,18,138,143,167,246,252,253,254,255,257,258,:
260:126,247,252,254,255,256,257,258,261,262,263,264,265,266,267,318,321,:
261:247,252,254,255,256,257,258,260,262,263,264,265,266,267,317,318,319,320,321,323,:
262:126,254,255,256,260,261,263,264,265,266,267,268,318,321,:
263:255,260,261,262,264,265,266,317,318,321,:
264:255,260,261,262,263,265,310,311,313,316,317,318,319,321,:
265:255,256,260,261,262,263,264,266,267,268,269,270,318,321,:
266:255,256,260,261,262,263,265,267,268,269,270,321,:
267:246,247,254,255,256,260,261,262,265,266,268,269,270,321,332,:
268:262,265,266,267,269,270,:
269:246,247,248,265,266,267,268,270,332,:
270:265,266,267,268,269,:
271:272,273,274,275,276,277,283,284,:
272:271,273,274,276,283,284,:
273:271,272,274,275,276,277,278,279,283,284,285,:
274:271,272,273,275,276,277,278,279,283,284,285,286,287,289,:
275:271,273,274,276,277,278,279,283,284,285,286,287,288,289,294,295,:
276:271,272,273,274,275,277,278,279,280,281,283,284,:
277:271,273,274,275,276,278,279,280,281,282,283,284,:
278:133,273,274,275,276,277,279,280,281,282,:
279:273,274,275,276,277,278,280,281,282,283,:
280:276,277,278,279,281,282,316,:
281:1,2,6,276,277,278,279,280,282,294,:
282:1,6,7,8,20,277,278,279,280,281,294,:
283:271,272,273,274,275,276,277,279,284,285,286,287,:
284:271,272,273,274,275,276,277,283,285,286,:
285:273,274,275,283,284,286,287,289,:
286:274,275,283,284,285,287,289,:
287:274,275,283,285,286,288,289,295,297,:
288:275,287,289,290,291,292,293,294,295,296,297,:
289:274,275,285,286,287,288,290,291,293,294,295,296,297,:
290:288,289,291,292,293,294,295,296,297,298,:
291:288,289,290,292,293,294,295,296,297,298,299,301,302,412,:
292:288,290,291,293,295,296,297,298,299,405,412,413,:
293:21,288,289,290,291,292,294,295,296,297,405,:
294:2,21,275,281,282,288,289,290,291,293,295,:
295:275,287,288,289,290,291,292,293,294,296,297,405,:
296:288,289,290,291,292,293,295,297,298,299,300,301,302,:
297:287,288,289,290,291,292,293,295,296,298,299,301,302,:
298:290,291,292,296,297,299,300,301,302,303,304,305,:
299:291,292,296,297,298,300,301,302,:
300:296,298,299,301,:
301:291,296,297,298,299,300,302,303,304,305,306,307,:
302:291,296,297,298,299,301,303,304,305,306,307,:
303:298,301,302,304,305,306,307,:
304:298,301,302,303,305,306,307,:
305:298,301,302,303,304,306,307,:
306:301,302,303,304,305,307,:
307:301,302,303,304,305,306,:
308:309,310,311,312,313,314,316,317,318,411,:
309:308,310,311,312,313,314,410,411,414,416,:
310:264,308,309,311,312,313,314,315,316,317,318,319,411,:
311:264,308,309,310,312,313,314,317,318,319,320,322,:
312:308,309,310,311,313,317,318,319,320,322,411,416,417,:
313:264,308,309,310,311,312,314,315,316,317,318,411,:
314:308,309,310,311,313,315,316,413,:
315:20,310,313,314,316,356,:
316:264,280,308,310,313,314,315,:
317:261,263,264,308,310,311,312,313,318,319,320,321,322,323,324,:
318:260,261,262,263,264,265,308,310,311,312,313,317,319,320,321,322,323,:
319:261,264,310,311,312,317,318,320,321,322,323,324,325,:
320:261,311,312,317,318,319,321,322,323,324,325,326,327,328,330,:
321:247,254,255,260,261,262,263,264,265,266,267,317,318,319,320,322,323,324,325,326,328,330,332,:
322:311,312,317,318,319,320,321,323,324,:
323:261,317,318,319,320,321,322,324,325,326,327,328,329,330,331,332,:
324:317,319,320,321,322,323,325,326,327,328,330,331,420,422,424,:
325:247,319,320,321,323,324,326,327,328,329,330,331,332,333,:
326:247,320,321,323,324,325,327,328,329,330,331,332,333,334,335,336,:
327:320,323,324,325,326,328,329,331,332,333,334,424,425,434,:
328:320,321,323,324,325,326,327,329,330,331,332,434,436,437,:
329:18,237,238,244,247,323,325,326,327,328,330,331,332,335,436,437,:
330:320,321,323,324,325,326,328,329,420,:
331:244,247,323,324,325,326,327,328,329,332,333,334,335,336,337,:
332:243,244,245,246,247,248,267,269,321,323,325,326,327,328,329,331,333,334,335,336,:
333:244,247,325,326,327,331,332,334,335,336,337,338,339,:
334:243,244,326,327,331,332,333,335,336,337,338,:
335:227,234,235,243,244,245,247,326,329,331,332,333,334,336,337,:
336:244,247,326,331,332,333,334,335,337,338,339,:
337:331,333,334,335,336,338,339,:
338:333,334,336,337,339,:
339:333,336,337,338,:
340:59,63,64,65,341,342,343,344,345,346,347,348,415,431,432,:
341:58,59,60,63,64,65,340,342,343,344,345,346,347,429,431,432,:
342:340,341,343,344,345,346,347,348,349,350,352,402,408,415,432,:
343:340,341,342,344,345,346,347,348,349,350,351,352,353,357,402,421,431,432,:
344:63,64,340,341,342,343,345,346,347,348,349,350,351,352,357,358,421,431,432,433,435,:
345:58,59,340,341,342,343,344,346,347,348,349,352,393,402,:
346:58,59,60,62,63,340,341,342,343,344,345,347,348,349,351,352,461,462,:
347:58,59,62,63,340,341,342,343,344,345,346,348,349,350,351,352,357,359,461,462,:
348:340,342,343,344,345,346,347,349,350,351,352,353,354,356,357,358,402,421,:
349:342,343,344,345,346,347,348,350,351,352,353,354,355,356,392,393,398,399,400,401,402,408,421,:
350:17,342,343,344,347,348,349,351,352,353,354,355,356,357,358,359,367,:
351:17,343,344,346,347,348,349,350,352,353,354,357,358,359,360,362,365,366,367,:
352:59,342,343,344,345,346,347,348,349,350,351,353,357,358,359,360,366,367,391,397,461,:
353:17,343,348,349,350,351,352,354,355,356,357,358,367,370,390,399,:
354:348,349,350,351,353,355,356,399,402,:
355:1,2,20,21,349,350,353,354,356,390,398,399,:
356:12,15,17,20,315,348,349,350,353,354,355,421,:
357:17,343,344,347,348,350,351,352,353,358,359,360,361,362,363,364,365,366,367,:
358:14,15,16,17,19,26,27,344,348,350,351,352,353,357,359,360,362,363,364,365,366,367,:
359:347,350,351,352,357,358,360,361,362,363,364,365,366,367,368,461,:
360:351,352,357,358,359,361,362,363,364,365,366,367,368,369,370,371,374,397,:
361:357,359,360,362,363,364,366,367,368,369,371,374,397,454,456,:
362:26,199,200,201,351,357,358,359,360,361,363,364,365,366,367,:
363:16,17,19,26,27,190,199,200,201,357,358,359,360,361,362,364,365,366,367,:
364:19,26,27,190,191,198,199,200,201,241,357,358,359,360,361,362,363,365,:
365:26,61,62,63,66,72,200,351,357,358,359,360,362,363,364,435,:
366:351,352,357,358,359,360,361,362,363,367,368,369,370,371,372,373,374,375,397,:
367:14,17,350,351,352,353,357,358,359,360,361,362,363,366,368,369,370,371,372,373,374,:
368:359,360,361,366,367,369,370,371,372,373,374,375,376,381,397,:
369:360,361,366,367,368,370,371,372,373,374,375,376,377,378,379,380,381,382,389,390,395,397,:
370:353,360,366,367,368,369,371,372,373,375,376,377,378,381,382,384,389,390,391,395,397,:
371:14,43,360,361,366,367,368,369,370,372,373,374,375,378,381,:
372:13,14,366,367,368,369,370,371,373,374,375,378,:
373:13,14,366,367,368,369,370,371,372,374,375,376,377,378,:
374:14,27,56,57,360,361,366,367,368,369,371,372,373,:
375:366,368,369,370,371,372,373,376,377,378,379,380,381,382,390,395,397,:
376:368,369,370,373,375,377,378,379,380,381,382,383,384,388,389,390,395,:
377:369,370,373,375,376,378,379,380,381,382,383,384,386,387,388,389,390,:
378:369,370,371,372,373,375,376,377,379,381,382,383,388,390,:
379:35,37,38,39,369,375,376,377,378,380,381,382,383,:
380:34,35,36,39,369,375,376,377,379,381,:
381:36,39,40,42,368,369,370,371,375,376,377,378,379,380,:
382:369,370,375,376,377,378,379,383,384,385,386,387,388,389,390,:
383:376,377,378,379,382,384,385,386,387,388,389,390,391,399,:
384:370,376,377,382,383,385,386,387,388,389,390,391,392,394,395,398,399,:
385:382,383,384,386,387,389,390,391,392,393,394,395,398,399,406,:
386:377,382,383,384,385,387,388,389,390,404,:
387:377,382,383,384,385,386,388,389,390,399,404,405,:
388:376,377,378,382,383,384,386,387,389,390,:
389:369,370,376,377,382,383,384,385,386,387,388,390,391,392,393,394,395,397,398,399,:
390:353,355,369,370,375,376,377,378,382,383,384,385,386,387,388,389,391,392,394,395,397,398,399,:
391:352,370,383,384,385,389,390,392,393,394,395,396,397,398,399,400,:
392:349,384,385,389,390,391,393,394,395,398,399,400,401,402,403,:
393:345,349,385,389,391,392,394,398,399,400,401,402,:
394:384,385,389,390,391,392,393,395,396,397,398,399,:
395:369,370,375,376,384,385,389,390,391,392,394,396,397,:
396:391,394,395,397,:
397:352,360,361,366,368,369,370,375,389,390,391,394,395,396,460,461,462,:
398:349,355,384,385,389,390,391,392,393,394,399,400,401,402,403,404,406,:
399:349,353,354,355,383,384,385,387,389,390,391,392,393,394,398,400,401,402,403,404,405,406,:
400:349,391,392,393,398,399,401,402,403,404,405,406,:
401:349,392,393,398,399,400,402,403,404,407,408,:
402:342,343,345,348,349,354,392,393,398,399,400,401,403,407,408,413,:
403:392,398,399,400,401,402,404,405,406,413,:
404:386,387,398,399,400,401,403,405,406,:
405:292,293,295,387,399,400,403,404,406,:
406:385,398,399,400,403,404,405,:
407:401,402,408,409,410,411,412,413,414,415,:
408:342,349,401,402,407,409,410,411,412,413,414,415,416,421,:
409:407,408,410,411,412,413,414,415,416,:
410:309,407,408,409,411,412,413,414,415,416,417,419,421,:
411:308,309,310,312,313,407,408,409,410,412,413,414,415,416,417,419,:
412:291,292,407,408,409,410,411,413,414,415,:
413:292,314,402,403,407,408,409,410,411,412,414,:
414:309,407,408,409,410,411,412,413,415,416,417,418,419,420,421,:
415:340,342,407,408,409,410,411,412,414,416,417,418,419,421,:
416:309,312,408,409,410,411,414,415,417,418,419,420,421,:
417:312,410,411,414,415,416,418,419,420,421,422,423,:
418:414,415,416,417,419,420,422,423,:
419:410,411,414,415,416,417,418,420,421,429,431,432,:
420:324,330,414,416,417,418,419,421,422,428,429,431,432,433,:
421:343,344,348,349,356,408,410,414,415,416,417,419,420,:
422:324,417,418,420,423,424,425,426,427,428,429,:
423:417,418,422,424,425,426,427,428,429,:
424:324,327,422,423,425,426,427,428,429,430,434,:
425:327,422,423,424,426,427,428,:
426:422,423,424,425,427,:
427:422,423,424,425,426,428,429,430,431,433,434,:
428:420,422,423,424,425,427,429,430,431,432,433,434,435,436,:
429:64,65,341,419,420,422,423,424,427,428,430,431,432,433,434,435,:
430:211,424,427,428,429,431,432,433,434,435,436,437,:
431:63,64,65,340,341,343,344,419,420,427,428,429,430,432,433,434,435,437,:
432:63,64,65,340,341,342,343,344,419,420,428,429,430,431,433,435,:
433:64,344,420,427,428,429,430,431,432,434,435,436,437,:
434:211,327,328,424,427,428,429,430,431,433,435,436,437,:
435:17,344,365,428,429,430,431,432,433,434,436,437,:
436:211,240,242,328,329,428,430,433,434,435,437,:
437:239,240,241,242,328,329,430,431,433,434,435,436,:
438:439,440,441,442,443,444,445,:
439:438,440,441,442,443,444,445,446,:
440:50,51,52,53,54,55,438,439,441,442,443,444,445,446,:
441:51,53,55,56,57,188,438,439,440,442,443,444,445,:
442:53,55,56,57,186,187,188,190,438,439,440,441,443,444,445,:
443:52,54,88,438,439,440,441,442,444,445,446,447,448,:
444:88,438,439,440,441,442,443,445,446,447,448,:
445:183,184,186,438,439,440,441,442,443,444,446,447,448,:
446:88,97,100,173,439,440,443,444,445,447,448,:
447:88,97,100,101,173,183,443,444,445,446,448,:
448:87,88,95,97,100,101,443,444,445,446,447,:
449:199,201,450,451,452,453,454,455,:
450:198,199,200,201,449,451,452,453,454,:
451:201,449,450,452,453,454,455,456,:
452:449,450,451,453,454,455,:
453:71,72,449,450,451,452,454,455,:
454:72,201,361,449,450,451,452,453,455,456,457,458,:
455:449,451,452,453,454,456,457,458,459,:
456:62,72,361,451,454,455,457,458,459,460,461,462,463,464,:
457:62,454,455,456,458,459,460,461,462,463,464,465,:
458:454,455,456,457,459,460,461,463,464,465,:
459:62,455,456,457,458,460,461,462,463,464,465,:
460:59,61,62,397,456,457,458,459,461,462,463,464,465,:
461:58,59,61,62,346,347,352,359,397,456,457,458,459,460,462,463,465,:
462:58,59,62,346,347,397,456,457,459,460,461,463,464,465,:
463:456,457,458,459,460,461,462,464,465,:
464:456,457,458,459,460,462,463,465,:
465:457,458,459,460,461,462,463,464,:
