1:2,3,4,5,6,7,24,25,26,243,248,249,545,546,:
2:1,3,4,5,6,101,248,249,543,544,545,546,:
3:1,2,4,5,6,24,25,112,234,242,243,248,249,546,:
4:1,2,3,5,6,24,25,236,242,243,247,248,249,:
5:1,2,3,4,6,7,8,9,24,25,26,27,545,546,:
6:1,2,3,4,5,7,8,9,10,11,13,15,24,25,26,27,28,32,234,236,:
7:1,5,6,8,9,10,11,12,13,14,15,24,25,26,27,28,29,30,31,32,:
8:5,6,7,9,10,11,12,13,14,15,23,24,25,26,27,28,29,30,31,32,151,152,:
9:5,6,7,8,10,11,12,13,14,15,24,25,26,27,28,29,30,31,32,424,425,426,:
10:6,7,8,9,11,12,13,24,25,26,27,28,29,30,229,424,425,426,489,490,491,:
11:6,7,8,9,10,12,13,14,15,22,23,24,25,26,27,28,29,30,31,32,225,424,425,426,454,457,458,:
12:7,8,9,10,11,13,14,26,27,28,29,30,31,424,425,426,454,456,457,458,482,490,:
13:6,7,8,9,10,11,12,14,15,16,17,22,23,25,26,27,28,29,30,31,32,152,:
14:7,8,9,11,12,13,15,16,17,18,21,22,23,25,27,29,31,32,149,151,152,223,231,:
15:6,7,8,9,11,13,14,16,17,18,22,23,25,27,29,31,32,148,149,150,151,152,223,230,231,234,:
16:13,14,15,17,18,19,20,22,23,32,34,147,148,149,150,151,211,218,221,223,230,231,:
17:13,14,15,16,18,19,20,21,22,23,29,31,32,33,34,35,148,149,151,153,154,157,211,223,231,:
18:14,15,16,17,19,20,21,22,23,33,34,35,149,156,157,211,338,:
19:16,17,18,20,21,23,33,34,157,203,205,208,210,211,218,221,338,:
20:16,17,18,19,21,22,23,33,34,35,156,157,163,165,172,205,338,:
21:14,17,18,19,20,22,23,33,35,156,157,163,164,165,170,451,453,455,456,:
22:11,13,14,15,16,17,18,20,21,23,29,31,35,155,156,157,163,451,452,453,454,455,456,457,:
23:8,11,13,14,15,16,17,18,19,20,21,22,29,31,32,34,35,149,151,152,153,155,156,157,223,:
24:1,3,4,5,6,7,8,9,10,11,25,26,27,28,32,234,235,236,239,243,:
25:1,3,4,5,6,7,8,9,10,11,13,14,15,24,26,27,32,233,234,235,236,:
26:1,5,6,7,8,9,10,11,12,13,24,25,27,28,30,31,:
27:5,6,7,8,9,10,11,12,13,14,15,24,25,26,28,29,30,31,32,225,229,231,233,234,235,236,425,:
28:6,7,8,9,10,11,12,13,24,26,27,29,30,424,425,426,482,483,485,489,490,491,:
29:7,8,9,10,11,12,13,14,15,17,22,23,27,28,30,31,32,223,225,227,229,424,425,426,452,454,456,457,458,:
30:7,8,9,10,11,12,13,26,27,28,29,31,423,424,425,426,454,456,457,458,481,482,489,490,:
31:7,8,9,11,12,13,14,15,17,22,23,26,27,29,30,32,151,152,457,458,:
32:6,7,8,9,11,13,14,15,16,17,23,24,25,27,29,31,148,149,150,151,152,230,231,233,234,:
33:17,18,19,20,21,34,157,202,203,204,205,206,208,210,211,337,338,:
34:16,17,18,19,20,23,33,143,149,203,207,208,209,210,211,216,218,221,:
35:17,18,20,21,22,23,156,157,163,164,165,168,170,451,453,455,456,:
36:37,38,39,40,41,42,43,45,46,77,80,:
37:36,38,39,40,41,42,76,77,79,80,:
38:36,37,39,40,41,42,43,44,45,46,47,:
39:36,37,38,40,41,42,43,45,46,47,48,49,50,52,76,77,:
40:36,37,38,39,41,43,45,46,47,48,59,60,76,77,78,80,81,83,:
41:36,37,38,39,40,42,43,44,45,46,:
42:36,37,38,39,41,43,44,:
43:36,38,39,40,41,42,44,45,46,49,88,105,:
44:38,41,42,43,104,106,109,:
45:36,38,39,40,41,43,46,47,48,49,50,51,52,59,60,77,:
46:36,38,39,40,41,43,45,47,48,49,50,51,52,:
47:38,39,40,45,46,48,49,50,51,52,53,59,60,61,77,:
48:39,40,45,46,47,49,50,51,59,60,61,62,63,64,67,:
49:39,43,45,46,47,48,50,59,60,61,62,64,67,:
50:39,45,46,47,48,49,51,52,53,54,55,59,60,:
51:45,46,47,48,50,52,53,54,55,56,:
52:39,45,46,47,50,51,53,54,55,56,57,:
53:47,50,51,52,54,55,56,57,58,:
54:50,51,52,53,55,56,57,58,:
55:50,51,52,53,54,56,57,58,:
56:51,52,53,54,55,57,58,:
57:52,53,54,55,56,58,:
58:53,54,55,56,57,:
59:40,45,47,48,49,50,60,61,62,63,64,65,66,67,68,69,:
60:40,45,47,48,49,50,59,61,62,63,64,65,66,67,77,:
61:47,48,49,59,60,62,63,64,65,66,67,68,69,70,:
62:48,49,59,60,61,63,64,65,66,67,68,69,70,71,72,73,74,:
63:48,59,60,61,62,64,65,68,69,70,71,72,73,:
64:48,49,59,60,61,62,63,65,66,67,68,69,:
65:59,60,61,62,63,64,66,67,68,69,83,260,:
66:59,60,61,62,64,65,67,83,258,259,260,376,:
67:48,49,59,60,61,62,64,65,66,69,247,248,249,250,:
68:59,61,62,63,64,65,69,70,71,72,73,74,75,:
69:59,61,62,63,64,65,67,68,70,71,72,73,74,:
70:61,62,63,68,69,71,72,73,74,75,:
71:62,63,68,69,70,72,73,74,:
72:62,63,68,69,70,71,73,:
73:62,63,68,69,70,71,72,74,75,:
74:62,68,69,70,71,73,75,:
75:68,70,73,74,:
76:37,39,40,77,78,79,80,81,82,83,:
77:36,37,39,40,45,47,60,76,78,79,80,81,83,:
78:40,76,77,79,80,81,82,83,:
79:37,76,77,78,80,81,82,83,:
80:36,37,40,76,77,78,79,81,82,:
81:40,76,77,78,79,80,82,83,:
82:76,78,79,80,81,83,245,246,253,:
83:40,65,66,76,77,78,79,81,82,257,258,260,372,:
84:85,86,87,88,89,90,91,92,93,:
85:84,86,87,89,90,92,93,:
86:84,85,87,88,89,90,91,92,93,94,:
87:84,85,86,88,89,90,91,92,93,94,95,97,:
88:43,84,86,87,89,90,91,92,93,94,95,97,105,:
89:84,85,86,87,88,90,91,92,93,:
90:84,85,86,87,88,89,91,:
91:84,86,87,88,89,90,92,:
92:84,85,86,87,88,89,91,93,94,95,96,97,98,104,105,:
93:84,85,86,87,88,89,92,94,95,96,97,104,:
94:86,87,88,92,93,95,96,97,98,99,100,104,105,106,114,:
95:87,88,92,93,94,96,97,98,99,104,105,106,107,109,113,114,:
96:92,93,94,95,97,98,104,105,106,107,108,113,114,115,:
97:87,88,92,93,94,95,96,98,99,100,101,102,104,105,114,529,530,531,532,:
98:92,94,95,96,97,99,100,101,102,103,104,105,113,114,528,529,530,531,:
99:94,95,97,98,100,101,102,103,104,105,113,114,531,544,546,:
100:94,97,98,99,101,102,103,114,118,527,528,529,:
101:2,97,98,99,100,102,103,114,543,544,545,546,:
102:97,98,99,100,101,103,114,118,121,527,544,:
103:98,99,100,101,102,114,118,542,543,544,545,546,:
104:44,92,93,94,95,96,97,98,99,105,106,107,108,109,110,112,113,114,:
105:43,88,92,94,95,96,97,98,99,104,106,107,109,110,112,113,114,:
106:44,94,95,96,104,105,107,108,109,110,111,112,113,114,115,:
107:95,96,104,105,106,108,109,110,112,113,114,115,116,117,118,:
108:96,104,106,107,109,110,112,113,114,115,116,117,282,283,:
109:44,95,104,105,106,107,108,110,111,112,113,114,:
110:104,105,106,107,108,109,111,112,113,114,244,248,250,277,278,:
111:106,109,110,112,242,244,247,248,250,276,277,278,283,:
112:3,104,105,106,107,108,109,110,111,113,114,248,:
113:95,96,98,99,104,105,106,107,108,109,110,112,114,115,116,117,118,119,:
114:94,95,96,97,98,99,100,101,102,103,104,105,106,107,108,109,110,112,113,115,116,118,:
115:96,106,107,108,113,114,116,117,118,119,120,121,:
116:107,108,113,114,115,117,118,119,120,:
117:107,108,113,115,116,118,119,120,:
118:100,102,103,107,113,114,115,116,117,119,120,121,:
119:113,115,116,117,118,120,121,:
120:115,116,117,118,119,121,146,:
121:102,115,118,119,120,:
122:123,124,125,126,127,128,162,:
123:122,124,125,126,127,128,:
124:122,123,125,126,127,128,162,:
125:122,123,124,126,:
126:122,123,124,125,127,128,167,:
127:122,123,124,126,128,154,156,157,166,167,:
128:122,123,124,126,127,142,145,153,154,158,159,162,:
129:130,131,132,133,134,135,136,137,141,142,191,214,:
130:129,131,132,133,134,135,137,188,190,191,198,208,214,:
131:129,130,132,133,134,135,136,137,141,142,143,191,214,:
132:129,130,131,133,134,135,141,142,143,144,145,146,208,213,214,:
133:129,130,131,132,134,141,142,143,146,191,198,199,203,207,208,209,210,211,212,213,214,215,:
134:129,130,131,132,133,135,136,137,138,139,141,142,191,:
135:129,130,131,132,134,136,137,138,139,140,:
136:129,131,134,135,137,138,139,140,:
137:129,130,131,134,135,136,138,139,140,178,179,191,:
138:134,135,136,137,139,140,:
139:134,135,136,137,138,140,:
140:135,136,137,138,139,:
141:129,131,132,133,134,142,143,144,145,146,148,149,213,214,:
142:128,129,131,132,133,134,141,143,144,145,146,148,:
143:34,131,132,133,141,142,144,145,146,147,148,149,150,154,211,213,214,:
144:132,141,142,143,145,146,147,148,149,150,151,153,154,:
145:128,132,141,142,143,144,146,148,149,150,151,153,154,:
146:120,132,133,141,142,143,144,145,147,148,149,213,214,:
147:16,143,144,146,148,149,211,213,214,231,280,289,:
148:15,16,17,32,141,142,143,144,145,146,147,149,150,151,152,153,154,:
149:14,15,16,17,18,23,32,34,141,143,144,145,146,147,148,150,151,152,153,154,211,:
150:15,16,32,143,144,145,148,149,151,152,153,154,155,542,:
151:8,14,15,16,17,23,31,32,144,145,148,149,150,152,153,154,155,156,157,158,159,542,:
152:8,13,14,15,23,31,32,148,149,150,151,153,154,155,158,159,541,542,:
153:17,23,128,144,145,148,149,150,151,152,154,155,156,157,158,159,163,164,:
154:17,127,128,143,144,145,148,149,150,151,152,153,155,156,157,158,159,163,:
155:22,23,150,151,152,153,154,156,157,158,159,160,163,164,165,:
156:18,20,21,22,23,35,127,151,153,154,155,157,158,159,163,164,165,166,167,168,171,172,:
157:17,18,19,20,21,22,23,33,35,127,151,153,154,155,156,158,163,164,165,166,167,171,172,:
158:128,151,152,153,154,155,156,157,159,160,161,162,163,164,:
159:128,151,152,153,154,155,156,158,160,161,162,540,:
160:155,158,159,161,162,536,539,540,:
161:158,159,160,162,536,537,539,:
162:122,124,128,158,159,160,161,:
163:20,21,22,35,153,154,155,156,157,158,164,165,166,167,168,169,170,171,172,:
164:21,35,153,155,156,157,158,163,165,166,167,168,170,:
165:20,21,35,155,156,157,163,164,166,167,168,169,170,171,172,173,:
166:127,156,157,163,164,165,167,168,169,170,171,172,173,174,175,176,180,186,:
167:126,127,156,157,163,164,165,166,168,169,171,172,173,174,180,185,186,:
168:35,156,163,164,165,166,167,169,170,171,172,:
169:163,165,166,167,168,170,171,172,174,175,:
170:21,35,163,164,165,166,168,169,453,455,:
171:156,157,163,165,166,167,168,169,172,173,174,175,176,177,180,186,:
172:20,156,157,163,165,166,167,168,169,171,173,174,175,176,180,205,:
173:165,166,167,171,172,174,175,176,177,178,179,180,181,186,:
174:166,167,169,171,172,173,175,176,177,178,180,181,182,183,184,185,186,:
175:166,169,171,172,173,174,176,177,180,181,182,183,186,322,323,:
176:166,171,172,173,174,175,177,178,179,180,202,203,205,:
177:171,173,174,175,176,178,179,180,:
178:137,173,174,176,177,179,:
179:137,173,176,177,178,201,202,203,323,:
180:166,167,171,172,173,174,175,176,177,181,182,183,184,185,186,:
181:173,174,175,180,182,183,184,185,186,:
182:174,175,180,181,183,184,185,186,:
183:174,175,180,181,182,184,186,:
184:174,180,181,182,183,185,186,:
185:167,174,180,181,182,184,186,:
186:166,167,171,173,174,175,180,181,182,183,184,185,:
187:188,189,190,191,192,193,196,197,:
188:130,187,189,190,191,192,:
189:187,188,190,191,192,193,194,196,197,198,311,:
190:130,187,188,189,191,192,193,196,197,198,199,200,201,311,:
191:129,130,131,133,134,137,187,188,189,190,192,196,197,198,199,201,208,:
192:187,188,189,190,191,193,194,195,196,197,:
193:187,189,190,192,194,195,196,197,311,:
194:189,192,193,195,311,:
195:192,193,194,:
196:187,189,190,191,192,193,197,198,199,200,201,202,207,208,308,311,:
197:187,189,190,191,192,193,196,198,199,200,201,307,308,309,310,311,314,:
198:130,133,189,190,191,196,197,199,200,201,202,203,204,207,208,209,308,:
199:133,190,191,196,197,198,200,201,202,203,207,208,209,210,211,212,214,215,308,:
200:190,196,197,198,199,201,207,208,209,212,215,307,308,309,311,314,336,:
201:179,190,191,196,197,198,199,200,202,203,204,205,206,207,208,:
202:33,176,179,196,198,199,201,203,204,205,206,207,208,:
203:19,33,34,133,176,179,198,199,201,202,204,205,206,207,208,211,:
204:33,198,201,202,203,205,206,328,334,:
205:19,20,33,172,176,201,202,203,204,206,328,334,338,:
206:33,201,202,203,204,205,321,327,328,332,334,:
207:34,133,196,198,199,200,201,202,203,208,209,210,211,212,213,214,215,216,217,:
208:19,33,34,130,132,133,191,196,198,199,200,201,202,203,207,209,210,211,212,213,214,215,216,:
209:34,133,198,199,200,207,208,210,211,212,213,214,215,216,217,218,302,305,336,:
210:19,33,34,133,199,207,208,209,211,212,213,214,215,216,217,218,219,221,302,305,:
211:16,17,18,19,33,34,133,143,147,149,199,203,207,208,209,210,212,213,214,216,217,218,221,:
212:133,199,200,207,208,209,210,211,213,214,215,216,217,302,:
213:132,133,141,143,146,147,207,208,209,210,211,212,214,215,216,217,:
214:129,130,131,132,133,141,143,146,147,199,207,208,209,210,211,212,213,215,:
215:133,199,200,207,208,209,210,212,213,214,302,:
216:34,207,208,209,210,211,212,213,217,218,219,220,221,222,230,231,299,302,304,305,336,:
217:207,209,210,211,212,213,216,218,219,220,221,230,289,291,298,299,300,301,302,303,304,305,336,:
218:16,19,34,209,210,211,216,217,219,220,221,222,223,224,230,231,232,299,304,305,:
219:210,216,217,218,220,221,222,223,224,226,230,231,232,233,286,289,291,299,:
220:216,217,218,219,221,222,224,230,231,232,286,287,289,290,291,292,297,298,299,304,:
221:16,19,34,210,211,216,217,218,219,220,222,223,224,225,226,230,231,304,305,337,338,339,:
222:216,218,219,220,221,223,224,225,226,227,230,231,232,339,:
223:14,15,16,17,23,29,218,219,221,222,224,225,226,227,228,229,230,231,:
224:218,219,220,221,222,223,225,226,227,228,230,231,232,304,:
225:11,27,29,221,222,223,224,226,227,228,229,231,425,452,:
226:219,221,222,223,224,225,227,228,229,230,:
227:29,222,223,224,225,226,228,229,425,:
228:223,224,225,226,227,229,352,353,409,410,412,423,424,425,:
229:10,27,29,223,225,226,227,228,409,410,412,423,424,425,426,:
230:15,16,32,216,217,218,219,220,221,222,223,224,226,231,232,233,234,235,291,:
231:14,15,16,17,27,32,147,216,218,219,220,221,222,223,224,225,230,232,233,234,235,:
232:218,219,220,222,224,230,231,233,234,235,236,241,280,286,291,:
233:25,27,32,219,230,231,232,234,235,236,237,238,239,240,241,280,:
234:3,6,15,24,25,27,32,230,231,232,233,235,236,237,238,241,280,:
235:24,25,27,230,231,232,233,234,236,237,238,239,240,241,242,243,262,:
236:4,6,24,25,27,232,233,234,235,237,238,239,240,241,242,243,244,252,262,:
237:233,234,235,236,238,239,240,241,242,243,244,245,246,247,249,251,252,261,262,:
238:233,234,235,236,237,239,240,241,242,243,244,245,246,251,252,254,261,262,263,264,266,267,268,276,277,:
239:24,233,235,236,237,238,240,241,242,243,251,252,259,262,387,:
240:233,235,236,237,238,239,241,252,261,262,266,362,385,387,:
241:232,233,234,235,236,237,238,239,240,262,266,362,:
242:3,4,111,235,236,237,238,239,243,244,245,246,247,248,249,250,251,252,259,262,:
243:1,3,4,24,235,236,237,238,239,242,244,245,247,248,249,251,252,259,:
244:110,111,236,237,238,242,243,245,246,247,248,249,250,251,252,253,259,262,277,:
245:82,237,238,242,243,244,246,247,248,250,251,252,253,254,256,259,261,262,267,268,277,:
246:82,237,238,242,244,245,247,250,251,252,253,254,255,261,262,264,267,268,269,277,:
247:4,67,111,237,242,243,244,245,246,248,249,250,251,252,:
248:1,2,3,4,67,110,111,112,242,243,244,245,247,249,250,:
249:1,2,3,4,67,237,242,243,244,247,248,250,252,:
250:67,110,111,242,244,245,246,247,248,249,251,:
251:237,238,239,242,243,244,245,246,247,250,252,253,254,255,256,257,258,259,261,262,268,:
252:236,237,238,239,240,242,243,244,245,246,247,249,251,253,254,256,257,258,259,260,261,262,:
253:82,244,245,246,251,252,254,255,256,257,258,259,261,262,263,268,:
254:238,245,246,251,252,253,255,256,257,261,262,263,264,266,267,268,:
255:246,251,253,254,256,261,262,263,264,266,267,268,:
256:245,251,252,253,254,255,257,258,259,260,261,262,383,384,385,386,387,388,:
257:83,251,252,253,254,256,258,259,260,372,374,375,376,384,386,388,389,:
258:66,83,251,252,253,256,257,259,260,375,376,386,388,389,:
259:66,239,242,243,244,245,251,252,253,256,257,258,260,376,388,389,:
260:65,66,83,252,256,257,258,259,372,374,375,376,389,:
261:237,238,240,245,246,251,252,253,254,255,256,262,263,264,265,266,267,268,:
262:235,236,237,238,239,240,241,242,244,245,246,251,252,253,254,255,256,261,263,264,265,266,267,268,:
263:238,253,254,255,261,262,264,265,266,267,268,269,274,:
264:238,246,254,255,261,262,263,265,266,267,268,269,270,271,272,273,274,276,277,:
265:261,262,263,264,266,267,268,269,270,271,272,273,274,276,285,296,:
266:238,240,241,254,255,261,262,263,264,265,267,268,296,362,:
267:238,245,246,254,255,261,262,263,264,265,266,268,269,270,271,272,273,274,275,276,277,:
268:238,245,246,251,253,254,255,261,262,263,264,265,266,267,269,270,272,273,274,276,277,:
269:246,263,264,265,267,268,270,271,272,273,274,275,276,277,278,:
270:264,265,267,268,269,271,272,273,275,276,277,278,279,281,283,284,285,:
271:264,265,267,269,270,272,275,276,277,278,279,281,283,284,285,288,:
272:264,265,267,268,269,270,271,273,274,275,276,277,:
273:264,265,267,268,269,270,272,274,275,:
274:263,264,265,267,268,269,272,273,275,:
275:267,269,270,271,272,273,274,:
276:111,238,264,265,267,268,269,270,271,272,277,278,279,280,281,282,283,284,285,:
277:110,111,238,244,245,246,264,267,268,269,270,271,272,276,278,279,280,281,283,:
278:110,111,269,270,271,276,277,279,280,281,282,283,284,285,286,:
279:270,271,276,277,278,280,281,282,283,284,285,286,287,289,:
280:147,232,233,234,276,277,278,279,281,282,284,285,286,289,:
281:270,271,276,277,278,279,280,282,283,284,285,:
282:108,276,278,279,280,281,283,284,285,:
283:108,111,270,271,276,277,278,279,281,282,285,:
284:270,271,276,278,279,280,281,282,285,286,287,288,289,290,291,:
285:265,270,271,276,278,279,280,281,282,283,284,286,287,288,289,290,:
286:219,220,232,278,279,280,284,285,287,288,289,290,291,292,299,:
287:220,279,284,285,286,288,289,290,291,292,293,295,296,298,299,:
288:271,284,285,286,287,289,290,291,292,293,295,296,:
289:147,217,219,220,279,280,284,285,286,287,288,290,291,299,:
290:220,284,285,286,287,288,289,291,292,293,294,295,296,297,298,299,:
291:217,219,220,230,232,284,286,287,288,289,290,292,293,295,296,297,298,299,300,:
292:220,286,287,288,290,291,293,294,295,296,297,298,299,300,:
293:287,288,290,291,292,294,295,296,297,298,299,300,301,302,303,306,:
294:290,292,293,295,297,298,299,300,301,303,306,:
295:287,288,290,291,292,293,294,296,297,298,299,:
296:265,266,287,288,290,291,292,293,295,297,:
297:220,290,291,292,293,294,295,296,298,299,306,362,:
298:217,220,287,290,291,292,293,294,295,297,299,300,301,302,303,304,305,306,:
299:216,217,218,219,220,286,287,289,290,291,292,293,294,295,297,298,300,301,302,303,304,305,306,:
300:217,291,292,293,294,298,299,301,302,303,304,305,306,:
301:217,293,294,298,299,300,302,303,304,305,306,336,:
302:209,210,212,215,216,217,293,298,299,300,301,303,304,305,336,:
303:217,293,294,298,299,300,301,302,304,305,306,336,342,343,344,:
304:216,217,218,220,221,224,298,299,300,301,302,303,305,306,335,336,337,339,:
305:209,210,216,217,218,221,298,299,300,301,302,303,304,306,334,335,336,337,340,342,:
306:293,294,297,298,299,300,301,303,304,305,344,:
307:197,200,308,309,310,311,312,313,314,:
308:196,197,198,199,200,307,309,310,311,312,314,:
309:197,200,307,308,310,311,312,313,314,315,:
310:197,307,308,309,311,312,313,314,:
311:189,190,193,194,196,197,200,307,308,309,310,312,313,314,:
312:307,308,309,310,311,313,314,315,342,:
313:307,309,310,311,312,314,315,:
314:197,200,307,308,309,310,311,312,313,315,328,335,340,342,:
315:309,312,313,314,330,:
316:317,318,319,320,321,322,324,325,:
317:316,318,319,320,321,322,324,:
318:316,317,319,320,321,322,323,324,325,326,331,:
319:316,317,318,320,321,322,325,326,327,328,329,330,331,:
320:316,317,318,319,321,325,326,327,328,331,332,:
321:206,316,317,318,319,320,322,323,324,325,328,331,:
322:175,316,317,318,319,321,323,324,:
323:175,179,318,321,322,324,:
324:316,317,318,321,322,323,:
325:316,318,319,320,321,326,327,328,329,330,331,332,333,:
326:318,319,320,325,327,328,329,330,331,332,333,334,341,441,443,:
327:206,319,320,325,326,328,329,330,331,332,333,334,335,337,338,340,341,:
328:204,205,206,314,319,320,321,325,326,327,329,330,331,332,333,334,335,340,341,:
329:319,325,326,327,328,330,331,332,333,341,441,443,444,:
330:315,319,325,326,327,328,329,331,:
331:318,319,320,321,325,326,327,328,329,330,:
332:206,320,325,326,327,328,329,333,334,335,336,337,338,339,340,341,:
333:325,326,327,328,329,332,334,335,337,338,339,340,341,433,435,446,:
334:204,205,206,305,326,327,328,332,333,335,336,337,338,339,340,341,342,:
335:304,305,314,327,328,332,333,334,336,337,338,339,340,341,342,343,344,:
336:200,209,216,217,301,302,303,304,305,332,334,335,337,339,340,341,342,343,:
337:33,221,304,305,327,332,333,334,335,336,338,339,340,341,:
338:18,19,20,33,205,221,327,332,333,334,335,337,339,446,450,:
339:221,222,304,332,333,334,335,336,337,338,340,341,:
340:305,314,327,328,332,333,334,335,336,337,339,341,342,343,344,:
341:326,327,328,329,332,333,334,335,336,337,339,340,342,343,344,:
342:303,305,312,314,334,335,336,340,341,343,344,:
343:303,335,336,340,341,342,344,:
344:303,306,335,340,341,342,343,:
345:346,347,348,349,350,351,352,410,411,422,:
346:345,347,348,349,350,351,353,410,411,419,420,421,422,427,:
347:345,346,348,349,350,351,352,353,410,411,:
348:345,346,347,349,350,351,352,405,410,411,:
349:345,346,347,348,350,352,381,404,405,406,409,410,411,412,414,:
350:345,346,347,348,349,351,352,353,410,411,:
351:345,346,347,348,350,352,353,:
352:228,345,347,348,349,350,351,353,411,:
353:228,346,347,350,351,352,:
354:355,356,357,358,359,360,361,378,381,:
355:354,356,357,358,359,360,377,378,379,380,381,:
356:354,355,357,358,359,360,361,362,378,:
357:354,355,356,358,359,360,361,377,378,:
358:354,355,356,357,359,361,377,378,379,381,:
359:354,355,356,357,358,360,361,362,378,:
360:354,355,356,357,359,361,362,:
361:354,356,357,358,359,360,362,:
362:240,241,266,297,356,359,360,361,412,:
363:364,365,366,367,368,369,370,371,:
364:363,365,366,367,368,369,370,371,:
365:363,364,366,367,368,369,370,371,:
366:363,364,365,367,368,369,:
367:363,364,365,366,368,:
368:363,364,365,366,367,369,370,371,372,373,:
369:363,364,365,366,368,370,371,372,373,374,:
370:363,364,365,368,369,371,372,373,374,375,376,:
371:363,364,365,368,369,370,372,373,374,375,:
372:83,257,260,368,369,370,371,373,374,375,376,:
373:368,369,370,371,372,374,375,376,:
374:257,260,369,370,371,372,373,375,376,:
375:257,258,260,370,371,372,373,374,376,386,389,:
376:66,257,258,259,260,370,372,373,374,375,386,388,389,:
377:355,357,358,378,379,380,381,382,383,391,392,:
378:354,355,356,357,358,359,377,379,380,381,382,391,:
379:355,358,377,378,380,381,382,383,384,385,391,392,393,:
380:355,377,378,379,381,382,383,384,385,391,392,393,394,395,396,404,405,:
381:349,354,355,358,377,378,379,380,382,383,385,391,392,393,394,404,405,412,:
382:377,378,379,380,381,383,384,385,386,387,391,392,:
383:256,377,379,380,381,382,384,385,386,387,388,391,392,395,:
384:256,257,379,380,382,383,385,386,387,388,389,391,392,395,:
385:240,256,379,380,381,382,383,384,386,387,388,389,390,391,394,395,412,:
386:256,257,258,375,376,382,383,384,385,387,388,389,390,395,:
387:239,240,256,382,383,384,385,386,388,389,390,394,395,404,406,:
388:256,257,258,259,376,383,384,385,386,387,389,390,395,:
389:257,258,259,260,375,376,384,385,386,387,388,390,395,:
390:385,386,387,388,389,395,406,407,408,:
391:377,378,379,380,381,382,383,384,385,392,393,394,395,396,397,404,405,:
392:377,379,380,381,382,383,384,391,393,394,395,396,397,398,:
393:379,380,381,391,392,394,395,396,397,398,404,405,406,:
394:380,381,385,387,391,392,393,395,396,397,404,405,406,407,409,411,412,413,414,:
395:380,383,384,385,386,387,388,389,390,391,392,393,394,396,404,405,406,407,408,413,414,:
396:380,391,392,393,394,395,397,398,399,404,405,:
397:391,392,393,394,396,398,399,400,:
398:392,393,396,397,399,400,401,402,403,:
399:396,397,398,400,401,402,403,:
400:397,398,399,401,402,403,:
401:398,399,400,402,403,:
402:398,399,400,401,403,:
403:398,399,400,401,402,:
404:349,380,381,387,391,393,394,395,396,405,406,407,408,409,410,411,412,413,414,419,:
405:348,349,380,381,391,393,394,395,396,404,406,407,409,410,411,412,413,414,419,:
406:349,387,390,393,394,395,404,405,407,408,409,410,411,412,413,414,415,418,419,:
407:390,394,395,404,405,406,408,409,410,411,412,413,414,415,416,418,419,489,491,:
408:390,395,404,406,407,409,410,413,414,415,416,418,419,485,486,488,489,490,491,:
409:228,229,349,394,404,405,406,407,408,410,411,412,413,414,418,419,423,424,425,:
410:228,229,345,346,347,348,349,350,404,405,406,407,408,409,411,412,413,414,418,419,420,422,423,424,425,:
411:345,346,347,348,349,350,352,394,404,405,406,407,409,410,412,413,414,418,419,422,423,:
412:228,229,349,362,381,385,394,404,405,406,407,409,410,411,:
413:394,395,404,405,406,407,408,409,410,411,414,415,416,417,418,419,420,491,:
414:349,394,395,404,405,406,407,408,409,410,411,413,415,416,418,419,:
415:406,407,408,413,414,416,417,418,419,420,488,489,491,:
416:407,408,413,414,415,417,418,419,420,421,422,423,424,426,489,490,491,493,498,499,:
417:413,415,416,418,419,420,421,426,477,478,485,489,490,491,492,493,494,497,498,499,:
418:406,407,408,409,410,411,413,414,415,416,417,419,420,421,422,423,424,425,426,427,428,489,490,491,493,:
419:346,404,405,406,407,408,409,410,411,413,414,415,416,417,418,420,421,422,423,424,425,426,491,:
420:346,410,413,415,416,417,418,419,421,422,423,424,425,426,427,428,429,474,490,493,:
421:346,416,417,418,419,420,422,423,424,427,428,429,430,431,432,474,493,:
422:345,346,410,411,416,418,419,420,421,423,427,428,429,430,432,:
423:30,228,229,409,410,411,416,418,419,420,421,422,424,425,426,427,428,490,:
424:9,10,11,12,28,29,30,228,229,409,410,416,418,419,420,421,423,425,426,454,458,489,490,491,:
425:9,10,11,12,27,28,29,30,225,227,228,229,409,410,418,419,420,423,424,426,489,490,:
426:9,10,11,12,28,29,30,229,416,417,418,419,420,423,424,425,454,458,482,483,485,489,490,491,:
427:346,418,420,421,422,423,428,429,430,431,432,471,473,474,493,:
428:418,420,421,422,423,427,429,430,431,432,470,471,472,473,474,475,477,492,493,:
429:420,421,422,427,428,430,431,432,471,474,:
430:421,422,427,428,429,431,432,459,460,464,469,471,474,:
431:421,427,428,429,430,432,447,448,459,460,461,462,464,469,470,471,474,:
432:421,422,427,428,429,430,431,471,474,500,:
433:333,434,435,436,437,438,439,440,445,446,:
434:433,435,436,437,438,439,440,445,:
435:333,433,434,436,437,438,439,440,441,445,446,447,:
436:433,434,435,437,438,439,445,446,447,448,449,450,:
437:433,434,435,436,438,445,446,447,448,460,:
438:433,434,435,436,437,439,440,441,442,443,445,446,:
439:433,434,435,436,438,440,441,442,443,444,:
440:433,434,435,438,439,441,442,443,444,:
441:326,329,435,438,439,440,442,443,444,:
442:438,439,440,441,443,444,:
443:326,329,438,439,440,441,442,444,:
444:329,439,440,441,442,443,:
445:433,434,435,436,437,438,446,447,448,449,450,451,459,460,:
446:333,338,433,435,436,437,438,445,447,448,449,450,:
447:431,435,436,437,445,446,448,449,450,451,452,453,459,460,461,:
448:431,436,437,445,446,447,449,450,451,452,453,459,460,461,462,464,465,470,471,:
449:436,445,446,447,448,450,451,453,459,460,461,462,464,466,:
450:338,436,445,446,447,448,449,451,452,453,454,455,459,460,:
451:21,22,35,445,447,448,449,450,452,453,454,455,456,459,460,471,:
452:22,29,225,447,448,450,451,453,454,455,456,457,458,460,471,:
453:21,22,35,170,447,448,449,450,451,452,454,455,456,457,459,470,471,:
454:11,12,22,29,30,424,426,450,451,452,453,455,456,457,458,471,:
455:21,22,35,170,450,451,452,453,454,456,457,458,470,471,472,:
456:12,21,22,29,30,35,451,452,453,454,455,457,458,470,471,472,473,:
457:11,12,22,29,30,31,452,453,454,455,456,458,472,473,475,476,481,482,521,:
458:11,12,29,30,31,424,426,452,454,455,456,457,473,475,476,477,481,482,:
459:430,431,445,447,448,449,450,451,453,460,461,462,463,464,465,466,467,469,470,471,:
460:430,431,437,445,447,448,449,450,451,452,459,461,462,464,465,467,469,470,471,:
461:431,447,448,449,459,460,462,463,464,465,466,467,469,470,471,472,:
462:431,448,449,459,460,461,463,464,465,470,471,472,473,474,:
463:459,461,462,464,470,471,472,518,:
464:430,431,448,449,459,460,461,462,463,465,466,467,468,469,470,471,:
465:448,459,460,461,462,464,466,467,468,469,:
466:449,459,461,464,465,467,468,469,:
467:459,460,461,464,465,466,468,469,:
468:464,465,466,467,469,:
469:430,431,459,460,461,464,465,466,467,468,:
470:428,431,448,453,455,456,459,460,461,462,463,464,471,472,473,474,475,476,:
471:427,428,429,430,431,432,448,451,452,453,454,455,456,459,460,461,462,463,464,470,472,473,474,475,:
472:428,455,456,457,461,462,463,470,471,473,474,475,476,477,519,520,521,522,:
473:427,428,456,457,458,462,470,471,472,474,475,476,477,478,479,480,492,521,:
474:420,421,427,428,429,430,431,432,462,470,471,472,473,475,476,477,478,479,492,493,:
475:428,457,458,470,471,472,473,474,476,477,478,479,480,481,482,492,493,520,521,522,:
476:457,458,470,472,473,474,475,477,478,479,480,481,506,519,520,521,522,:
477:417,428,458,472,473,474,475,476,478,479,480,481,482,483,492,493,494,502,:
478:417,473,474,475,476,477,479,480,481,492,493,494,495,496,497,501,502,:
479:473,474,475,476,477,478,480,492,493,494,495,496,501,502,503,504,506,:
480:473,475,476,477,478,479,481,482,483,484,492,493,502,506,507,508,521,:
481:30,457,458,475,476,477,478,480,482,483,484,485,490,521,:
482:12,28,30,426,457,458,475,477,480,481,483,484,485,486,487,489,490,491,:
483:28,426,477,480,481,482,484,485,486,487,488,489,490,491,:
484:480,481,482,483,485,486,487,488,489,490,:
485:28,408,417,426,481,482,483,484,486,487,488,489,490,491,:
486:408,482,483,484,485,487,488,489,490,491,:
487:482,483,484,485,486,488,489,491,:
488:408,415,483,484,485,486,487,489,490,491,:
489:10,28,30,407,408,415,416,417,418,424,425,426,482,483,484,485,486,487,488,490,491,:
490:10,12,28,30,408,416,417,418,420,423,424,425,426,481,482,483,484,485,486,488,489,491,:
491:10,28,407,408,413,415,416,417,418,419,424,426,482,483,485,486,487,488,489,490,:
492:417,428,473,474,475,477,478,479,480,493,494,495,496,497,498,500,502,:
493:416,417,418,420,421,427,428,474,475,477,478,479,480,492,494,495,497,498,500,:
494:417,477,478,479,492,493,495,496,497,498,499,500,502,:
495:478,479,492,493,494,496,497,498,501,502,:
496:478,479,492,494,495,497,501,502,:
497:417,478,492,493,494,495,496,498,499,500,:
498:416,417,492,493,494,495,497,499,500,:
499:416,417,494,497,498,500,:
500:432,492,493,494,497,498,499,:
501:478,479,495,496,502,503,504,505,506,507,509,:
502:477,478,479,480,492,494,495,496,501,503,504,505,506,507,509,:
503:479,501,502,504,505,506,507,508,509,:
504:479,501,502,503,505,506,507,:
505:501,502,503,504,506,:
506:476,479,480,501,502,503,504,505,507,508,509,510,511,522,:
507:480,501,502,503,504,506,508,509,510,511,512,:
508:480,503,506,507,509,510,511,512,521,:
509:501,502,503,506,507,508,510,511,512,:
510:506,507,508,509,511,512,554,555,556,:
511:506,507,508,509,510,512,:
512:507,508,509,510,511,:
513:514,515,516,517,518,519,520,522,:
514:513,515,516,518,519,520,521,522,:
515:513,514,516,517,518,519,520,522,:
516:513,514,515,517,518,519,:
517:513,515,516,518,:
518:463,513,514,515,516,517,519,520,521,522,:
519:472,476,513,514,515,516,518,520,521,522,:
520:472,475,476,513,514,515,518,519,521,522,:
521:457,472,473,475,476,480,481,508,514,518,519,520,522,:
522:472,475,476,506,513,514,515,518,519,520,521,:
523:524,525,526,527,528,529,530,535,:
524:523,525,526,528,529,530,535,:
525:523,524,526,527,528,529,530,531,535,:
526:523,524,525,527,528,529,534,535,:
527:100,102,523,525,526,528,535,:
528:98,100,523,524,525,526,527,529,530,531,532,533,535,:
529:97,98,100,523,524,525,526,528,530,531,532,533,:
530:97,98,523,524,525,528,529,531,532,533,:
531:97,98,99,525,528,529,530,532,533,:
532:97,528,529,530,531,533,:
533:528,529,530,531,532,544,545,:
534:526,535,536,537,538,539,540,:
535:523,524,525,526,527,528,534,536,537,538,539,540,:
536:160,161,534,535,537,538,539,540,541,:
537:161,534,535,536,538,539,540,:
538:534,535,536,537,539,:
539:160,161,534,535,536,537,538,540,541,542,:
540:159,160,534,535,536,537,539,541,542,543,544,545,:
541:152,536,539,540,542,543,544,545,546,:
542:103,150,151,152,539,540,541,543,544,545,546,:
543:2,101,103,540,541,542,544,545,546,:
544:2,99,101,102,103,533,540,541,542,543,545,546,:
545:1,2,5,101,103,533,540,541,542,543,544,546,:
546:1,2,3,5,99,101,103,541,542,543,544,545,:
547:548,549,550,551,552,553,:
548:547,549,550,552,553,:
549:547,548,550,551,552,553,554,:
550:547,548,549,551,552,553,:
551:547,549,550,552,:
552:547,548,549,550,551,553,554,555,559,:
553:547,548,549,550,552,554,555,556,557,558,559,:
554:510,549,552,553,555,556,557,558,559,560,561,562,:
555:510,552,553,554,556,557,558,559,560,561,562,563,:
556:510,553,554,555,557,558,559,561,562,563,:
557:553,554,555,556,558,559,560,561,562,563,:
558:553,554,555,556,557,559,560,561,562,563,:
559:552,553,554,555,556,557,558,560,561,563,:
560:554,555,557,558,559,561,562,563,:
561:554,555,556,557,558,559,560,562,563,:
562:554,555,556,557,558,560,561,563,:
563:555,556,557,558,559,560,561,562,:
