1:2,3,4,5,6,7,8,9,10,11,12,13,15,22,23,24,25,26,28,127,:
2:1,3,4,5,6,7,8,9,10,11,15,22,23,24,25,26,133,142,143,148,287,:
3:1,2,4,5,6,7,8,9,22,23,24,25,142,143,147,148,149,287,289,:
4:1,2,3,5,6,7,8,22,23,24,148,287,289,:
5:1,2,3,4,6,8,9,22,23,24,173,295,:
6:1,2,3,4,5,7,8,9,10,12,13,15,17,22,23,24,25,26,28,:
7:1,2,3,4,6,9,10,11,15,22,25,26,64,66,133,134,138,142,143,144,147,148,287,:
8:1,2,3,4,5,6,22,23,148,149,289,307,313,:
9:1,2,3,5,6,7,10,11,12,13,14,15,16,17,24,25,26,27,28,29,30,127,:
10:1,2,6,7,9,11,12,13,14,15,16,24,25,26,27,28,29,30,283,:
11:1,2,7,9,10,12,13,14,15,25,26,27,28,29,30,66,67,:
12:1,6,9,10,11,13,14,15,16,17,24,25,26,27,28,29,30,31,32,283,:
13:1,6,9,10,11,12,14,15,16,17,18,24,25,26,27,28,29,30,31,32,:
14:9,10,11,12,13,15,16,17,26,27,28,29,30,31,275,277,:
15:1,2,6,7,9,10,11,12,13,14,16,17,24,25,26,27,28,29,30,31,32,127,:
16:9,10,12,13,14,15,17,18,19,20,21,24,28,29,30,31,32,:
17:6,9,12,13,14,15,16,18,19,20,21,24,28,29,31,32,:
18:13,16,17,19,20,21,24,28,31,32,:
19:16,17,18,20,21,31,32,:
20:16,17,18,19,21,31,32,:
21:16,17,18,19,20,24,174,:
22:1,2,3,4,5,6,7,8,142,143,144,147,148,149,150,287,289,:
23:1,2,3,4,5,6,8,24,172,173,174,175,295,:
24:1,2,3,4,5,6,9,10,12,13,15,16,17,18,21,23,25,26,28,:
25:1,2,3,6,7,9,10,11,12,13,15,24,26,27,28,29,66,126,127,133,138,143,:
26:1,2,6,7,9,10,11,12,13,14,15,24,25,27,28,29,30,66,280,281,282,283,284,:
27:9,10,11,12,13,14,15,25,26,28,29,30,66,67,280,:
28:1,6,9,10,11,12,13,14,15,16,17,18,24,25,26,27,29,30,31,32,277,283,:
29:9,10,11,12,13,14,15,16,17,25,26,27,28,30,31,32,:
30:9,10,11,12,13,14,15,16,26,27,28,29,31,275,:
31:12,13,14,15,16,17,18,19,20,28,29,30,32,:
32:12,13,15,16,17,18,19,20,28,29,31,:
33:34,35,36,37,38,39,46,:
34:33,35,36,38,:
35:33,34,36,37,38,39,40,41,46,:
36:33,34,35,37,38,39,40,41,45,46,57,58,:
37:33,35,36,38,39,40,45,46,47,48,57,58,59,60,62,63,65,:
38:33,34,35,36,37,39,40,41,42,43,:
39:33,35,36,37,38,40,41,42,43,44,:
40:35,36,37,38,39,41,42,43,44,:
41:35,36,38,39,40,42,43,44,65,263,268,269,271,:
42:38,39,40,41,43,44,:
43:38,39,40,41,42,44,62,65,269,271,272,279,:
44:39,40,41,42,43,:
45:36,37,46,47,48,49,50,51,57,58,:
46:33,35,36,37,45,47,48,50,51,56,57,58,:
47:37,45,46,48,49,50,51,52,56,57,58,59,140,:
48:37,45,46,47,49,50,51,57,58,59,60,62,63,64,65,139,140,160,:
49:45,47,48,50,57,58,59,60,62,63,64,66,137,138,139,140,141,146,158,160,162,:
50:45,46,47,48,49,51,52,53,54,55,56,57,58,65,67,:
51:45,46,47,48,50,52,53,54,55,56,85,113,:
52:47,50,51,53,54,55,56,112,113,114,115,:
53:50,51,52,54,55,56,85,112,113,114,115,:
54:50,51,52,53,55,56,67,113,114,:
55:50,51,52,53,54,56,113,114,:
56:46,47,50,51,52,53,54,55,65,67,:
57:36,37,45,46,47,48,49,50,58,59,60,61,62,63,64,65,140,:
58:36,37,45,46,47,48,49,50,57,59,60,62,63,:
59:37,47,48,49,57,58,60,61,62,63,64,65,146,:
60:37,48,49,57,58,59,61,62,63,:
61:57,59,60,62,146,153,154,:
62:37,43,48,49,57,58,59,60,61,63,64,65,66,67,146,:
63:37,48,49,57,58,59,60,62,64,65,66,67,146,284,:
64:7,48,49,57,59,62,63,65,66,67,138,140,142,143,145,146,284,:
65:37,41,43,48,50,56,57,59,62,63,64,66,67,280,284,:
66:7,11,25,26,27,49,62,63,64,65,67,137,138,143,146,284,:
67:11,27,50,54,56,62,63,64,65,66,138,280,284,:
68:69,70,71,72,73,74,:
69:68,70,71,73,74,:
70:68,69,71,72,73,74,75,:
71:68,69,70,72,73,74,78,:
72:68,70,71,73,77,78,79,80,82,83,:
73:68,69,70,71,72,74,75,76,:
74:68,69,70,71,73,75,76,:
75:70,73,74,76,84,136,139,141,161,219,:
76:73,74,75,82,107,108,136,:
77:72,78,79,80,81,82,83,85,:
78:71,72,77,79,80,82,83,85,:
79:72,77,78,80,81,82,83,84,85,:
80:72,77,78,79,81,82,83,90,104,:
81:77,79,80,82,90,103,104,105,108,:
82:72,76,77,78,79,80,81,83,84,85,:
83:72,77,78,79,80,82,84,85,113,:
84:75,79,82,83,85,113,137,138,139,140,141,162,:
85:51,53,77,78,79,82,83,84,111,112,113,115,:
86:87,88,89,90,91,92,:
87:86,88,89,90,91,92,:
88:86,87,89,90,91,92,93,:
89:86,87,88,90,91,92,103,104,:
90:80,81,86,87,88,89,91,92,103,104,:
91:86,87,88,89,90,92,93,94,:
92:86,87,88,89,90,91,93,94,95,96,101,:
93:88,91,92,94,95,96,97,98,100,101,102,:
94:91,92,93,95,96,97,98,99,100,101,102,:
95:92,93,94,96,97,98,99,100,101,:
96:92,93,94,95,97,98,99,100,101,102,122,:
97:93,94,95,96,98,99,100,101,102,122,:
98:93,94,95,96,97,99,100,102,:
99:94,95,96,97,98,100,101,102,121,122,:
100:93,94,95,96,97,98,99,101,102,121,122,:
101:92,93,94,95,96,97,99,100,102,:
102:93,94,96,97,98,99,100,101,121,122,:
103:81,89,90,104,105,106,107,108,109,116,122,:
104:80,81,89,90,103,105,106,107,108,:
105:81,103,104,106,107,108,109,110,116,117,122,:
106:103,104,105,107,108,109,116,117,118,120,121,122,123,124,:
107:76,103,104,105,106,108,109,116,117,118,119,122,123,124,:
108:76,81,103,104,105,106,107,109,110,111,116,122,:
109:103,105,106,107,108,110,111,112,114,116,122,124,127,:
110:105,108,109,111,112,113,114,115,138,:
111:85,108,109,110,112,113,114,115,:
112:52,53,85,109,110,111,113,114,115,:
113:51,52,53,54,55,83,84,85,110,111,112,114,115,:
114:52,53,54,55,109,110,111,112,113,115,:
115:52,53,85,110,111,112,113,114,:
116:103,105,106,107,108,109,117,118,119,120,121,122,123,124,:
117:105,106,107,116,118,119,120,121,122,123,124,125,:
118:106,107,116,117,119,120,121,122,123,124,125,126,128,130,:
119:107,116,117,118,120,123,124,125,128,130,218,223,224,:
120:106,116,117,118,119,121,122,123,124,:
121:99,100,102,106,116,117,118,120,122,123,124,:
122:96,97,99,100,102,103,105,106,107,108,109,116,117,118,120,121,123,124,:
123:106,107,116,117,118,119,120,121,122,124,125,126,127,128,129,130,131,132,:
124:106,107,109,116,117,118,119,120,121,122,123,125,126,127,128,130,131,:
125:117,118,119,123,124,126,127,128,129,130,131,132,133,218,:
126:25,118,123,124,125,127,128,129,130,131,132,133,134,136,218,:
127:1,9,15,25,109,123,124,125,126,128,129,131,132,133,136,:
128:118,119,123,124,125,126,127,129,130,131,132,:
129:123,125,126,127,128,130,131,132,:
130:118,119,123,124,125,126,128,129,235,:
131:123,124,125,126,127,128,129,132,133,134,135,136,137,142,143,215,218,:
132:123,125,126,127,128,129,131,133,134,135,136,142,214,215,216,217,218,219,:
133:2,7,25,125,126,127,131,132,134,135,136,137,138,139,141,142,143,144,215,:
134:7,126,131,132,133,135,136,137,138,139,141,142,143,144,145,146,147,148,149,215,:
135:131,132,133,134,136,137,139,141,142,143,144,145,147,148,149,152,200,207,208,214,215,216,218,219,220,:
136:75,76,126,127,131,132,133,134,135,137,138,139,140,141,142,143,:
137:49,66,84,131,133,134,135,136,138,139,140,141,142,143,:
138:7,25,49,64,66,67,84,110,133,134,136,137,139,140,141,142,143,:
139:48,49,75,84,133,134,135,136,137,138,140,141,142,143,146,159,160,161,162,:
140:47,48,49,57,64,84,136,137,138,139,141,143,146,158,160,161,162,:
141:49,75,84,133,134,135,136,137,138,139,140,142,143,157,158,159,160,161,162,:
142:2,3,7,22,64,131,132,133,134,135,136,137,138,139,141,143,144,145,146,147,148,149,150,151,152,215,:
143:2,3,7,22,25,64,66,131,133,134,135,136,137,138,139,140,141,142,144,145,146,147,148,149,:
144:7,22,133,134,135,142,143,145,146,147,148,149,150,151,152,153,200,:
145:64,134,135,142,143,144,146,147,148,150,151,152,153,154,155,156,157,200,:
146:49,59,61,62,63,64,66,134,139,140,142,143,144,145,147,150,151,152,153,154,156,:
147:3,7,22,134,135,142,143,144,145,146,148,149,150,151,152,212,289,290,:
148:2,3,4,7,8,22,134,135,142,143,144,145,147,149,150,211,212,289,:
149:3,8,22,134,135,142,143,144,147,148,150,207,210,211,212,213,215,:
150:22,142,144,145,146,147,148,149,151,152,155,192,200,212,289,290,:
151:142,144,145,146,147,150,152,153,154,155,156,157,158,159,197,200,:
152:135,142,144,145,146,147,150,151,153,154,155,156,157,159,196,197,198,199,200,:
153:61,144,145,146,151,152,154,155,156,157,158,159,197,200,:
154:61,145,146,151,152,153,155,156,157,196,197,:
155:145,150,151,152,153,154,156,189,190,192,196,197,198,200,203,:
156:145,146,151,152,153,154,155,157,158,159,160,161,197,:
157:141,145,151,152,153,154,156,158,159,160,161,162,:
158:49,140,141,151,153,156,157,159,160,161,162,:
159:139,141,151,152,153,156,157,158,160,161,162,220,:
160:48,49,139,140,141,156,157,158,159,161,162,:
161:75,139,140,141,156,157,158,159,160,162,220,:
162:49,84,139,140,141,157,158,159,160,161,:
163:164,165,166,167,168,169,176,177,297,298,299,:
164:163,165,166,168,169,170,176,177,297,298,299,:
165:163,164,166,167,168,169,170,176,177,178,299,:
166:163,164,165,167,168,169,176,177,178,179,181,:
167:163,165,166,168,176,177,178,179,:
168:163,164,165,166,167,169,170,171,176,177,298,299,:
169:163,164,165,166,168,170,171,172,299,:
170:164,165,168,169,171,172,173,174,175,295,299,:
171:168,169,170,172,173,174,175,295,305,:
172:23,169,170,171,173,174,175,295,302,305,:
173:5,23,170,171,172,174,175,294,295,300,302,305,:
174:21,23,170,171,172,173,175,295,:
175:23,170,171,172,173,174,295,302,305,:
176:163,164,165,166,167,168,177,178,179,180,181,182,183,:
177:163,164,165,166,167,168,176,178,179,181,182,183,184,:
178:165,166,167,176,177,179,180,181,182,183,184,:
179:166,167,176,177,178,180,181,182,183,:
180:176,178,179,181,182,183,:
181:166,176,177,178,179,180,182,183,184,185,186,:
182:176,177,178,179,180,181,183,184,185,186,:
183:176,177,178,179,180,181,182,184,185,186,:
184:177,178,181,182,183,185,186,:
185:181,182,183,184,186,:
186:181,182,183,184,185,:
187:188,189,190,191,192,193,194,196,197,:
188:187,189,190,191,192,193,194,:
189:155,187,188,190,191,192,193,194,195,196,197,198,203,:
190:155,187,188,189,191,192,193,194,196,197,198,199,201,202,203,:
191:187,188,189,190,192,193,196,197,198,199,201,202,203,:
192:150,155,187,188,189,190,191,193,194,195,196,197,:
193:187,188,189,190,191,192,194,195,196,:
194:187,188,189,190,192,193,195,:
195:189,192,193,194,311,312,:
196:152,154,155,187,189,190,191,192,193,197,198,199,200,201,202,203,204,205,206,:
197:151,152,153,154,155,156,187,189,190,191,192,196,198,199,200,201,202,203,205,:
198:152,155,189,190,191,196,197,199,200,201,202,203,204,205,206,207,:
199:152,190,191,196,197,198,200,201,202,203,204,205,206,207,208,209,210,:
200:135,144,145,150,151,152,153,155,196,197,198,199,201,204,205,206,207,208,214,215,:
201:190,191,196,197,198,199,200,202,203,204,205,206,:
202:190,191,196,197,198,199,201,203,204,:
203:155,189,190,191,196,197,198,199,201,202,204,:
204:196,198,199,200,201,202,203,205,206,209,:
205:196,197,198,199,200,201,204,206,207,208,209,210,211,212,213,214,215,:
206:196,198,199,200,201,204,205,207,208,209,210,211,212,213,:
207:135,149,198,199,200,205,206,208,209,210,211,212,213,214,215,216,:
208:135,199,200,205,206,207,209,210,211,214,215,216,217,218,219,220,:
209:199,204,205,206,207,208,210,214,215,216,217,219,222,:
210:149,199,205,206,207,208,209,211,212,213,214,215,:
211:148,149,205,206,207,208,210,212,213,:
212:147,148,149,150,205,206,207,210,211,213,:
213:149,205,206,207,210,211,212,248,:
214:132,135,200,205,207,208,209,210,215,216,217,218,219,220,221,222,:
215:131,132,133,134,135,142,149,200,205,207,208,209,210,214,216,217,218,219,220,221,:
216:132,135,207,208,209,214,215,217,218,219,220,221,222,223,:
217:132,208,209,214,215,216,218,219,221,222,223,224,226,:
218:119,125,126,131,132,135,208,214,215,216,217,219,221,222,223,224,226,:
219:75,132,135,208,209,214,215,216,217,218,220,221,222,:
220:135,159,161,208,214,215,216,219,:
221:214,215,216,217,218,219,222,223,224,225,226,227,:
222:209,214,216,217,218,219,221,223,224,225,226,:
223:119,216,217,218,221,222,224,225,226,227,228,:
224:119,217,218,221,222,223,225,226,227,:
225:221,222,223,224,226,227,:
226:217,218,221,222,223,224,225,227,228,229,230,:
227:221,223,224,225,226,228,229,230,231,235,236,:
228:223,226,227,229,230,231,232,233,235,236,237,:
229:226,227,228,230,231,232,233,234,235,236,237,:
230:226,227,228,229,231,232,233,234,235,236,:
231:227,228,229,230,232,233,234,235,236,237,:
232:228,229,230,231,233,234,235,236,237,:
233:228,229,230,231,232,234,235,237,:
234:229,230,231,232,233,235,236,237,:
235:130,227,228,229,230,231,232,233,234,236,237,:
236:227,228,229,230,231,232,234,235,237,:
237:228,229,231,232,233,234,235,236,:
238:239,240,241,242,243,244,:
239:238,240,241,242,243,244,:
240:238,239,241,242,243,244,245,318,:
241:238,239,240,242,243,244,318,:
242:238,239,240,241,243,:
243:238,239,240,241,242,244,245,246,311,318,:
244:238,239,240,241,243,245,246,247,:
245:240,243,244,246,247,248,249,250,312,:
246:243,244,245,247,248,249,250,:
247:244,245,246,248,249,250,:
248:213,245,246,247,249,250,312,:
249:245,246,247,248,250,312,:
250:245,246,247,248,249,:
251:252,253,254,255,256,257,258,301,303,304,:
252:251,253,254,255,256,257,290,300,301,303,304,306,308,:
253:251,252,254,255,256,257,258,259,301,304,:
254:251,252,253,255,256,257,258,291,292,301,304,:
255:251,252,253,254,256,258,282,291,292,293,294,296,300,301,304,:
256:251,252,253,254,255,257,258,259,301,304,:
257:251,252,253,254,256,258,259,:
258:251,253,254,255,256,257,259,:
259:253,256,257,258,:
260:261,262,263,264,265,266,267,268,269,:
261:260,262,263,264,265,266,267,268,269,:
262:260,261,263,264,265,266,267,268,269,270,:
263:41,260,261,262,264,265,266,267,268,269,270,271,273,:
264:260,261,262,263,265,267,268,269,270,273,:
265:260,261,262,263,264,266,267,268,269,:
266:260,261,262,263,265,267,:
267:260,261,262,263,264,265,266,268,269,:
268:41,260,261,262,263,264,265,267,269,270,271,272,273,274,279,280,:
269:41,43,260,261,262,263,264,265,267,268,270,271,272,273,279,:
270:262,263,264,268,269,271,272,273,274,275,276,279,280,281,:
271:41,43,263,268,269,270,272,273,274,275,276,279,280,281,282,283,284,291,292,:
272:43,268,269,270,271,273,274,276,279,280,281,282,291,292,:
273:263,264,268,269,270,271,272,274,275,276,277,278,279,280,:
274:268,270,271,272,273,275,276,277,278,279,280,282,283,:
275:14,30,270,271,273,274,276,277,278,279,280,283,:
276:270,271,272,273,274,275,277,278,279,282,283,291,293,296,298,:
277:14,28,273,274,275,276,278,282,283,298,:
278:273,274,275,276,277,282,283,291,293,296,297,298,:
279:43,268,269,270,271,272,273,274,275,276,280,281,282,283,284,285,291,292,:
280:26,27,65,67,268,270,271,272,273,274,275,279,281,282,283,284,:
281:26,270,271,272,279,280,282,283,284,285,286,287,291,292,293,:
282:26,255,271,272,274,276,277,278,279,280,281,283,284,285,287,291,292,293,294,296,300,301,:
283:10,12,26,28,271,274,275,276,277,278,279,280,281,282,284,285,287,291,292,293,294,295,:
284:26,63,64,65,66,67,271,279,280,281,282,283,285,286,287,288,289,291,292,:
285:279,281,282,283,284,286,287,288,289,290,291,292,:
286:281,284,285,287,288,289,290,:
287:2,3,4,7,22,281,282,283,284,285,286,288,289,290,291,292,300,301,:
288:284,285,286,287,289,290,:
289:3,4,8,22,147,148,150,284,285,286,287,288,290,300,301,303,304,:
290:147,150,252,285,286,287,288,289,304,:
291:254,255,271,272,276,278,279,281,282,283,284,285,287,292,293,294,295,296,297,300,301,:
292:254,255,271,272,279,281,282,283,284,285,287,291,293,294,296,300,301,:
293:255,276,278,281,282,283,291,292,294,295,296,297,298,299,300,301,302,:
294:173,255,282,283,291,292,293,295,296,297,298,299,300,301,302,303,304,305,:
295:5,23,170,171,172,173,174,175,283,291,293,294,296,297,298,300,301,302,305,:
296:255,276,278,282,291,292,293,294,295,297,298,299,300,301,:
297:163,164,278,291,293,294,295,296,298,299,:
298:163,164,168,276,277,278,293,294,295,296,297,299,:
299:163,164,165,168,169,170,293,294,296,297,298,:
300:173,252,255,282,287,289,291,292,293,294,295,296,301,302,303,304,305,306,307,:
301:251,252,253,254,255,256,282,287,289,291,292,293,294,295,296,300,302,303,304,305,306,:
302:172,173,175,293,294,295,300,301,303,304,305,306,307,308,:
303:251,252,289,294,300,301,302,304,305,306,307,308,309,310,311,313,:
304:251,252,253,254,255,256,289,290,294,300,301,302,303,305,306,307,308,309,311,:
305:171,172,173,175,294,295,300,301,302,303,304,306,307,:
306:252,300,301,302,303,304,305,307,308,309,310,311,312,313,314,315,:
307:8,300,302,303,304,305,306,308,309,310,311,312,313,:
308:252,302,303,304,306,307,309,310,311,312,313,314,315,316,:
309:303,304,306,307,308,310,311,312,313,314,315,316,317,318,319,320,:
310:303,306,307,308,309,311,312,313,314,315,316,319,320,:
311:195,243,303,304,306,307,308,309,310,312,313,314,315,:
312:195,245,248,249,306,307,308,309,310,311,313,314,:
313:8,303,306,307,308,309,310,311,312,:
314:306,308,309,310,311,312,315,316,317,318,319,320,321,322,:
315:306,308,309,310,311,314,316,317,318,319,320,321,322,:
316:308,309,310,314,315,317,318,319,320,321,322,:
317:309,314,315,316,318,319,320,321,322,:
318:240,241,243,309,314,315,316,317,319,321,322,:
319:309,310,314,315,316,317,318,320,321,322,:
320:309,310,314,315,316,317,319,321,:
321:314,315,316,317,318,319,320,322,:
322:314,315,316,317,318,319,321,:
