1:2,3,4,25,29,34,36,37,38,39,40,65,66,135,136,143,145,183,:
2:1,3,4,25,29,30,34,36,37,38,39,40,65,66,269,460,:
3:1,2,4,5,6,7,8,9,26,29,30,37,38,39,40,41,42,44,45,61,67,70,:
4:1,2,3,25,26,29,30,34,36,37,38,39,40,65,66,67,136,183,:
5:3,6,7,8,9,10,14,26,27,29,30,31,32,35,41,42,43,44,45,46,50,51,61,67,70,128,354,:
6:3,5,7,8,14,15,16,23,26,27,30,31,32,35,41,42,43,44,50,51,53,54,61,67,70,113,114,354,:
7:3,5,6,8,9,10,11,12,14,26,27,30,31,32,41,42,43,44,45,46,51,67,70,128,354,559,:
8:3,5,6,7,9,10,11,12,13,26,30,32,41,43,44,45,46,47,48,49,67,128,:
9:3,5,7,8,10,11,12,13,26,29,41,43,44,45,46,47,48,49,67,128,539,:
10:5,7,8,9,11,12,13,26,32,41,43,44,45,46,47,48,49,189,190,539,:
11:7,8,9,10,12,13,45,46,47,48,49,325,539,:
12:7,8,9,10,11,13,45,46,47,48,49,186,187,188,189,190,191,530,539,:
13:8,9,10,11,12,45,46,47,48,49,530,539,:
14:5,6,7,15,16,17,18,23,26,27,31,32,33,35,41,42,43,44,50,51,52,53,54,55,61,70,354,369,:
15:6,14,16,17,22,23,24,27,32,33,35,41,42,50,51,52,53,54,58,59,60,61,62,63,64,369,:
16:6,14,15,23,24,27,35,42,50,52,53,54,59,60,61,62,63,64,114,369,:
17:14,15,18,19,20,21,22,27,32,33,35,50,51,52,53,55,56,57,58,:
18:14,17,19,20,21,22,27,28,32,33,35,50,51,53,55,56,57,58,68,375,:
19:17,18,20,21,22,28,35,55,56,57,58,68,69,372,375,386,389,410,:
20:17,18,19,21,22,28,55,56,57,58,68,69,377,386,389,:
21:17,18,19,20,22,28,35,52,55,56,57,58,68,69,:
22:15,17,18,19,20,21,27,28,32,33,35,52,53,55,56,57,58,69,446,:
23:6,14,15,16,24,27,33,41,42,52,53,54,59,60,61,62,63,64,453,:
24:15,16,23,27,52,53,54,59,60,61,62,63,64,96,369,:
25:1,2,4,29,34,36,37,38,39,40,65,66,134,136,144,145,146,147,148,149,169,:
26:3,4,5,6,7,8,9,10,14,29,30,31,38,40,41,42,43,44,45,61,67,70,127,128,131,:
27:5,6,7,14,15,16,17,18,22,23,24,31,32,33,35,41,42,43,50,51,52,53,54,55,58,60,61,:
28:18,19,20,21,22,56,57,68,69,377,385,386,387,388,389,390,410,:
29:1,2,3,4,5,9,25,26,30,34,36,37,38,39,40,41,45,65,67,128,131,134,136,:
30:2,3,4,5,6,7,8,26,29,38,39,40,41,42,61,67,186,190,453,460,:
31:5,6,7,14,26,27,41,42,43,44,50,51,54,67,70,112,113,114,124,125,126,127,128,129,130,353,354,355,:
32:5,6,7,8,10,14,15,17,18,22,27,33,35,41,43,46,50,51,52,55,194,195,197,559,:
33:14,15,17,18,22,23,27,32,35,41,51,52,53,58,60,61,190,194,196,446,447,449,453,:
34:1,2,4,25,29,36,37,38,39,40,65,66,131,132,135,136,137,144,145,146,148,149,:
35:5,6,14,15,16,17,18,19,21,22,27,32,33,41,42,43,46,50,51,52,53,55,58,61,:
36:1,2,4,25,29,34,37,38,39,40,65,66,136,180,183,:
37:1,2,3,4,25,29,34,36,40,47,65,66,135,136,141,143,145,183,:
38:1,2,3,4,25,26,29,30,34,36,39,40,65,66,134,269,460,:
39:1,2,3,4,25,29,30,34,36,38,40,65,66,169,178,458,460,:
40:1,2,3,4,25,26,29,30,34,36,37,38,39,66,182,183,184,186,:
41:3,5,6,7,8,9,10,14,15,23,26,27,29,30,31,32,33,35,42,43,44,46,50,51,61,67,70,190,:
42:3,5,6,7,14,15,16,23,26,27,30,31,35,41,43,44,50,51,53,54,59,60,61,67,70,112,113,114,:
43:5,6,7,8,9,10,14,26,27,31,32,35,41,42,44,45,46,50,51,55,67,70,354,557,559,:
44:3,5,6,7,8,9,10,14,26,31,41,42,43,45,46,51,67,70,126,127,128,337,353,354,:
45:3,5,7,8,9,10,11,12,13,26,29,43,44,47,67,127,128,337,:
46:5,7,8,9,10,11,12,13,32,35,41,43,44,48,189,190,191,194,195,197,559,:
47:8,9,10,11,12,13,37,45,49,322,323,325,326,328,:
48:8,9,10,11,12,13,46,49,186,187,188,189,190,191,194,195,530,531,:
49:8,9,10,11,12,13,47,48,530,:
50:5,6,14,15,16,17,18,27,31,32,35,41,42,43,51,52,53,54,55,70,113,353,354,355,367,368,369,370,371,372,375,:
51:5,6,7,14,15,17,18,27,31,32,33,35,41,42,43,44,50,52,53,55,70,353,354,375,559,:
52:14,15,16,17,21,22,23,24,27,32,33,35,50,51,53,54,58,59,60,61,62,63,64,446,:
53:6,14,15,16,17,18,22,23,24,27,33,35,42,50,51,52,54,58,60,61,62,63,64,368,369,370,372,:
54:6,14,15,16,23,24,27,31,42,50,52,53,59,60,61,62,63,64,112,114,369,:
55:14,17,18,19,20,21,22,27,32,35,43,50,51,56,375,558,559,:
56:17,18,19,20,21,22,28,55,68,69,372,375,386,388,389,410,558,:
57:17,18,19,20,21,22,28,58,68,69,438,443,446,:
58:15,17,18,19,20,21,22,27,33,35,52,53,57,443,445,446,447,:
59:15,16,23,24,42,52,54,60,61,62,63,64,114,240,268,269,:
60:15,16,23,24,27,33,42,52,53,54,59,61,62,63,64,240,241,449,450,452,453,:
61:3,5,6,14,15,16,23,24,26,27,30,33,35,41,42,52,53,54,59,60,63,64,453,:
62:15,16,23,24,52,53,54,59,60,63,64,96,369,:
63:15,16,23,24,52,53,54,59,60,61,62,64,240,:
64:15,16,23,24,52,53,54,59,60,61,62,63,96,268,:
65:1,2,4,25,29,34,36,37,38,39,66,131,132,134,135,136,144,145,146,147,148,149,169,269,:
66:1,2,4,25,34,36,37,38,39,40,65,144,145,146,147,148,149,152,169,178,:
67:3,4,5,6,7,8,9,26,29,30,31,41,42,43,44,45,70,126,127,128,129,130,131,134,:
68:18,19,20,21,28,56,57,69,385,386,387,388,389,390,410,507,:
69:19,20,21,22,28,56,57,68,385,386,390,440,:
70:3,5,6,7,14,26,31,41,42,43,44,50,51,67,112,113,114,124,125,126,127,128,129,130,131,134,353,354,355,:
71:72,73,74,75,76,77,582,584,585,586,587,588,:
72:71,73,74,75,76,77,584,585,587,588,590,:
73:71,72,74,75,76,77,78,582,583,584,:
74:71,72,73,75,76,77,:
75:71,72,73,74,76,:
76:71,72,73,74,75,77,78,79,80,95,:
77:71,72,73,74,76,78,79,80,81,83,383,582,583,584,588,589,590,:
78:73,76,77,79,80,81,82,83,84,85,86,383,589,:
79:76,77,78,80,81,82,83,84,85,86,87,382,383,384,589,:
80:76,77,78,79,81,82,83,85,86,87,382,383,384,589,:
81:77,78,79,80,82,83,84,85,86,87,382,383,384,:
82:78,79,80,81,83,84,85,86,87,:
83:77,78,79,80,81,82,84,85,87,96,:
84:78,79,81,82,83,85,86,87,:
85:78,79,80,81,82,83,84,86,87,382,383,384,:
86:78,79,80,81,82,84,85,87,382,383,384,:
87:79,80,81,82,83,84,85,86,384,:
88:89,90,91,92,93,94,97,98,253,254,271,:
89:88,90,91,92,93,253,254,261,263,270,271,:
90:88,89,91,92,93,94,95,96,97,98,99,254,271,:
91:88,89,90,92,93,94,95,97,98,99,100,101,102,106,107,270,271,:
92:88,89,90,91,93,94,97,98,99,100,106,107,111,263,264,270,271,272,274,275,:
93:88,89,90,91,92,94,95,96,97,98,254,:
94:88,90,91,92,93,95,96,97,98,:
95:76,90,91,93,94,96,97,98,:
96:24,62,64,83,90,93,94,95,367,369,:
97:88,90,91,92,93,94,95,98,99,100,101,102,103,105,106,107,271,:
98:88,90,91,92,93,94,95,97,99,100,101,102,103,105,:
99:90,91,92,97,98,100,101,102,103,104,105,106,107,108,:
100:91,92,97,98,99,101,102,103,106,107,108,109,111,116,274,362,363,:
101:91,97,98,99,100,102,106,107,108,109,111,116,359,361,362,363,:
102:91,97,98,99,100,101,103,104,105,106,107,:
103:97,98,99,100,102,104,105,:
104:99,102,103,105,:
105:97,98,99,102,103,104,:
106:91,92,97,99,100,101,102,107,108,109,110,111,112,115,116,274,362,363,:
107:91,92,97,99,100,101,102,106,108,109,110,111,115,116,271,272,273,274,:
108:99,100,101,106,107,109,110,111,112,113,114,115,116,117,125,130,274,362,363,366,:
109:100,101,106,107,108,110,111,112,113,115,116,117,118,120,124,125,129,130,274,362,363,:
110:106,107,108,109,111,112,113,115,116,117,118,119,124,125,129,130,131,133,134,274,281,:
111:92,100,101,106,107,108,109,110,112,113,114,115,116,130,134,274,:
112:31,42,54,70,106,108,109,110,111,113,114,125,129,130,134,367,:
113:6,31,42,50,70,108,109,110,111,112,114,115,116,124,125,126,127,129,130,134,353,355,365,366,367,:
114:6,16,31,42,54,59,70,108,111,112,113,134,266,268,269,:
115:106,107,108,109,110,111,113,116,117,118,119,120,121,122,123,124,125,130,357,362,363,366,:
116:100,101,106,107,108,109,110,111,113,115,117,118,120,121,122,123,124,125,355,356,357,358,359,361,362,363,364,365,366,:
117:108,109,110,115,116,118,119,120,121,122,123,124,125,126,130,357,:
118:109,110,115,116,117,119,120,121,122,123,124,125,126,127,129,130,:
119:110,115,117,118,120,121,122,124,125,126,127,129,130,290,291,293,:
120:109,115,116,117,118,119,121,122,123,124,125,342,357,362,:
121:115,116,117,118,119,120,122,123,124,125,341,342,347,349,350,356,357,361,362,364,:
122:115,116,117,118,119,120,121,123,124,125,126,341,342,347,349,350,352,355,356,357,366,:
123:115,116,117,118,120,121,122,357,362,:
124:31,70,109,110,113,115,116,117,118,119,120,121,122,125,126,127,128,129,130,353,355,:
125:31,70,108,109,110,112,113,115,116,117,118,119,120,121,122,124,126,127,129,130,349,352,353,354,355,356,357,365,366,:
126:31,44,67,70,113,117,118,119,122,124,125,127,128,129,130,131,353,354,355,:
127:26,31,44,45,67,70,113,118,119,124,125,126,128,129,130,131,132,133,134,:
128:5,7,8,9,26,29,31,44,45,67,70,124,126,127,129,130,131,132,135,136,:
129:31,67,70,109,110,112,113,118,119,124,125,126,127,128,130,131,132,133,134,135,136,:
130:31,67,70,108,109,110,111,112,113,115,117,118,119,124,125,126,127,128,129,131,132,133,134,:
131:26,29,34,65,67,70,110,126,127,128,129,130,132,133,134,135,136,137,145,:
132:34,65,127,128,129,130,131,133,134,135,136,137,138,139,140,144,145,284,285,:
133:110,127,129,130,131,132,134,135,136,137,138,139,144,145,281,282,284,285,286,289,290,293,:
134:25,29,38,65,67,70,110,111,112,113,114,127,129,130,131,132,133,135,136,145,148,:
135:1,34,37,65,128,129,131,132,133,134,136,137,138,139,140,141,142,143,144,145,285,293,:
136:1,4,25,29,34,36,37,65,128,129,131,132,133,134,135,137,138,140,141,142,143,144,145,:
137:34,131,132,133,135,136,138,139,140,141,142,143,144,145,146,285,293,298,299,:
138:132,133,135,136,137,139,140,141,144,145,146,147,148,149,150,151,284,285,302,:
139:132,133,135,137,138,140,144,145,146,147,151,284,285,286,289,301,302,306,308,:
140:132,135,136,137,138,139,141,142,143,144,145,298,299,300,:
141:37,135,136,137,138,140,142,143,293,298,299,300,320,321,326,327,:
142:135,136,137,140,141,143,292,293,294,298,299,300,318,319,320,321,322,326,327,:
143:1,37,135,136,137,140,141,142,299,320,321,322,326,327,328,:
144:25,34,65,66,132,133,135,136,137,138,139,140,145,146,147,148,149,150,151,152,153,154,285,:
145:1,25,34,37,65,66,131,132,133,134,135,136,137,138,139,140,144,146,147,148,149,150,151,152,:
146:25,34,65,66,137,138,139,144,145,147,148,149,150,151,152,153,154,155,308,:
147:25,65,66,138,139,144,145,146,148,149,150,153,154,155,156,157,158,159,160,162,280,281,308,:
148:25,34,65,66,134,138,144,145,146,147,149,153,154,155,156,160,162,163,279,280,281,:
149:25,34,65,66,138,144,145,146,147,148,150,151,152,153,154,224,:
150:138,144,145,146,147,149,151,152,:
151:138,139,144,145,146,149,150,152,:
152:66,144,145,146,149,150,151,224,:
153:144,146,147,148,149,154,155,156,157,158,159,160,161,162,163,280,308,:
154:144,146,147,148,149,153,155,156,157,158,159,160,307,308,309,310,:
155:146,147,148,153,154,156,157,158,159,160,161,162,163,164,265,279,280,308,:
156:147,148,153,154,155,157,158,159,161,162,163,164,165,167,169,218,265,:
157:147,153,154,155,156,158,161,162,163,164,167,169,217,218,219,221,222,223,:
158:147,153,154,155,156,157,159,160,161,162,163,265,279,280,308,310,:
159:147,153,154,155,156,158,160,161,272,273,279,280,281,283,307,308,310,:
160:147,148,153,154,155,158,159,161,279,280,281,282,283,302,307,308,309,310,:
161:153,155,156,157,158,159,160,162,163,265,278,280,:
162:147,148,153,155,156,157,158,161,163,164,165,166,167,168,169,218,262,265,267,:
163:148,153,155,156,157,158,161,162,164,165,166,167,169,261,262,263,264,265,266,267,:
164:155,156,157,162,163,165,166,167,168,169,218,221,262,265,:
165:156,162,163,164,166,167,168,169,221,234,261,262,265,:
166:162,163,164,165,167,168,234,246,252,253,261,262,263,265,267,:
167:156,157,162,163,164,165,166,168,169,267,:
168:162,164,165,166,167,169,221,231,234,:
169:25,39,65,66,156,157,162,163,164,165,167,168,178,:
170:171,172,173,174,175,176,177,179,180,209,212,:
171:170,172,173,174,175,176,177,208,209,210,211,212,214,:
172:170,171,173,174,175,176,177,178,179,180,181,209,:
173:170,171,172,174,175,176,177,179,180,181,182,183,209,:
174:170,171,172,173,175,176,179,180,181,182,208,209,210,212,214,:
175:170,171,172,173,174,176,177,178,179,180,:
176:170,171,172,173,174,175,177,178,179,214,:
177:170,171,172,173,175,176,178,224,:
178:39,66,169,172,175,176,177,224,:
179:170,172,173,174,175,176,180,181,182,183,184,185,:
180:36,170,172,173,174,175,179,181,182,183,:
181:172,173,174,179,180,182,183,184,185,186,207,:
182:40,173,174,179,180,181,183,184,185,186,187,188,207,:
183:1,4,36,37,40,173,179,180,181,182,184,185,186,:
184:40,179,181,182,183,185,186,187,188,189,190,204,207,456,459,:
185:179,181,182,183,184,186,187,188,189,199,203,204,206,207,456,459,:
186:12,30,40,48,181,182,183,184,185,187,188,189,190,191,199,207,456,:
187:12,48,182,184,185,186,188,189,190,191,192,193,194,198,199,204,207,456,:
188:12,48,182,184,185,186,187,189,190,191,192,193,198,199,203,204,207,:
189:10,12,46,48,184,185,186,187,188,190,191,192,193,194,195,196,198,199,204,456,:
190:10,12,30,33,41,46,48,184,186,187,188,189,191,192,194,196,198,199,452,453,456,:
191:12,46,48,186,187,188,189,190,192,193,194,195,196,197,198,199,200,204,:
192:187,188,189,190,191,193,194,195,196,198,199,200,201,203,204,:
193:187,188,189,191,192,194,195,196,198,199,200,201,203,204,490,:
194:32,33,46,48,187,189,190,191,192,193,195,196,197,198,199,:
195:32,46,48,189,191,192,193,194,196,197,522,:
196:33,189,190,191,192,193,194,195,197,198,199,447,448,:
197:32,46,191,194,195,196,441,522,:
198:187,188,189,190,191,192,193,194,196,199,200,201,202,203,204,456,:
199:185,186,187,188,189,190,191,192,193,194,196,198,200,201,203,204,455,456,467,:
200:191,192,193,198,199,201,202,203,204,205,456,464,466,469,470,:
201:192,193,198,199,200,202,203,204,205,206,207,456,463,464,465,:
202:198,200,201,203,204,205,464,465,:
203:185,188,192,193,198,199,200,201,202,204,205,206,207,456,463,:
204:184,185,187,188,189,191,192,193,198,199,200,201,202,203,205,206,207,456,:
205:200,201,202,203,204,206,207,:
206:185,201,203,204,205,207,463,:
207:181,182,184,185,186,187,188,201,203,204,205,206,456,463,:
208:171,174,209,210,211,212,213,214,215,:
209:170,171,172,173,174,208,210,211,212,213,214,215,:
210:171,174,208,209,211,212,213,214,215,216,:
211:171,208,209,210,212,213,214,215,:
212:170,171,174,208,209,210,211,213,214,:
213:208,209,210,211,212,214,215,216,:
214:171,174,176,208,209,210,211,212,213,215,216,459,:
215:208,209,210,211,213,214,216,461,462,463,:
216:210,213,214,215,459,:
217:157,218,219,220,221,222,223,225,:
218:156,157,162,164,217,219,220,221,222,223,225,:
219:157,217,218,220,221,222,223,224,225,:
220:217,218,219,221,222,223,:
221:157,164,165,168,217,218,219,220,222,:
222:157,217,218,219,220,221,223,224,225,:
223:157,217,218,219,220,222,224,225,:
224:149,152,177,178,219,222,223,225,:
225:217,218,219,222,223,224,:
226:227,228,229,230,231,232,233,234,235,:
227:226,228,229,230,231,232,234,:
228:226,227,229,230,231,232,233,234,235,236,241,243,:
229:226,227,228,230,231,232,233,234,235,236,237,239,240,241,242,243,:
230:226,227,228,229,231,232,233,234,235,236,237,238,241,242,243,:
231:168,226,227,228,229,230,232,233,234,235,241,243,246,:
232:226,227,228,229,230,231,233,234,235,240,241,242,243,245,246,458,460,:
233:226,228,229,230,231,232,234,235,236,237,240,241,242,243,244,245,246,:
234:165,166,168,226,227,228,229,230,231,232,233,243,246,:
235:226,228,229,230,231,232,233,236,237,238,239,240,241,242,243,:
236:228,229,230,233,235,237,238,239,240,241,242,243,244,:
237:229,230,233,235,236,238,239,240,241,242,243,244,245,246,247,249,:
238:230,235,236,237,239,242,243,244,247,249,:
239:229,235,236,237,238,240,241,242,243,:
240:59,60,63,229,232,233,235,236,237,239,241,242,243,449,450,:
241:60,228,229,230,231,232,233,235,236,237,239,240,242,243,450,452,458,:
242:229,230,232,233,235,236,237,238,239,240,241,243,244,245,246,247,248,249,250,251,:
243:228,229,230,231,232,233,234,235,236,237,238,239,240,241,242,244,245,246,247,249,250,:
244:233,236,237,238,242,243,245,246,247,248,249,250,251,252,:
245:232,233,237,242,243,244,246,247,248,249,250,251,252,253,254,255,261,262,:
246:166,231,232,233,234,237,242,243,244,245,247,248,250,251,252,253,254,261,262,268,:
247:237,238,242,243,244,245,246,248,249,250,251,:
248:242,244,245,246,247,249,250,251,254,:
249:237,238,242,243,244,245,247,248,:
250:242,243,244,245,246,247,248,251,252,253,254,255,256,257,258,261,262,:
251:242,244,245,246,247,248,250,252,253,254,255,256,257,258,260,:
252:166,244,245,246,250,251,253,254,255,256,257,258,260,261,262,263,:
253:88,89,166,245,246,250,251,252,254,255,256,261,262,263,264,266,268,:
254:88,89,90,93,245,246,248,250,251,252,253,255,261,262,263,264,266,268,271,:
255:245,250,251,252,253,254,256,257,258,259,260,261,262,:
256:250,251,252,253,255,257,258,259,260,:
257:250,251,252,255,256,258,259,260,:
258:250,251,252,255,256,257,259,260,:
259:255,256,257,258,260,:
260:251,252,255,256,257,258,259,:
261:89,163,165,166,245,246,250,252,253,254,255,262,263,264,265,266,267,268,270,271,:
262:162,163,164,165,166,245,246,250,252,253,254,255,261,263,264,265,266,267,268,:
263:89,92,163,166,252,253,254,261,262,264,265,266,267,268,269,270,271,272,:
264:92,163,253,254,261,262,263,265,266,267,268,270,271,272,273,274,275,276,278,279,280,:
265:155,156,158,161,162,163,164,165,166,261,262,263,264,266,267,270,271,272,273,279,280,:
266:114,163,253,254,261,262,263,264,265,267,268,269,270,271,:
267:162,163,166,167,261,262,263,264,265,266,268,269,:
268:59,64,114,246,253,254,261,262,263,264,266,267,269,:
269:2,38,59,65,114,263,266,267,268,460,:
270:89,91,92,261,263,264,265,266,271,272,273,274,275,276,277,278,279,280,:
271:88,89,90,91,92,97,107,254,261,263,264,265,266,270,272,273,274,275,276,278,:
272:92,107,159,263,264,265,270,271,273,274,275,276,277,278,279,280,281,:
273:107,159,264,265,270,271,272,274,275,276,277,279,280,281,282,283,:
274:92,100,106,107,108,109,110,111,264,270,271,272,273,275,277,279,280,281,282,283,:
275:92,264,270,271,272,273,274,276,277,278,279,280,:
276:264,270,271,272,273,275,277,278,:
277:270,272,273,274,275,276,278,279,280,283,:
278:161,264,270,271,272,275,276,277,:
279:148,155,158,159,160,264,265,270,272,273,274,275,277,280,281,282,283,284,285,:
280:147,148,153,155,158,159,160,161,264,265,270,272,273,274,275,277,279,281,282,283,308,:
281:110,133,147,148,159,160,272,273,274,279,280,282,283,284,285,286,302,:
282:133,160,273,274,279,280,281,283,284,285,286,287,289,301,302,308,:
283:159,160,273,274,277,279,280,281,282,284,285,286,287,288,301,302,308,:
284:132,133,138,139,279,281,282,283,285,286,287,288,289,290,301,302,:
285:132,133,135,137,138,139,144,279,281,282,283,284,286,287,289,290,301,302,:
286:133,139,281,282,283,284,285,287,288,289,290,291,301,302,303,:
287:282,283,284,285,286,288,289,290,301,302,303,304,305,306,:
288:283,284,286,287,289,301,302,303,304,305,:
289:133,139,282,284,285,286,287,288,290,291,292,293,294,295,296,301,302,:
290:119,133,284,285,286,287,289,291,292,293,294,295,296,:
291:119,286,289,290,292,293,294,295,296,297,298,299,:
292:142,289,290,291,293,294,295,296,297,298,299,300,312,314,:
293:119,133,135,137,141,142,289,290,291,292,294,295,296,298,299,300,314,318,:
294:142,289,290,291,292,293,295,296,297,298,299,300,312,313,314,318,:
295:289,290,291,292,293,294,296,297,298,299,300,312,:
296:289,290,291,292,293,294,295,297,298,300,:
297:291,292,294,295,296,298,299,300,:
298:137,140,141,142,291,292,293,294,295,296,297,299,300,312,313,318,321,:
299:137,140,141,142,143,291,292,293,294,295,297,298,300,318,319,320,321,:
300:140,141,142,292,293,294,295,296,297,298,299,313,321,:
301:139,282,283,284,285,286,287,288,289,302,303,304,305,306,307,308,:
302:138,139,160,281,282,283,284,285,286,287,288,289,301,303,304,306,307,308,:
303:286,287,288,301,302,304,305,306,307,308,309,311,:
304:287,288,301,302,303,305,306,307,308,309,311,:
305:287,288,301,303,304,306,307,:
306:139,287,301,302,303,304,305,307,308,309,310,311,:
307:154,159,160,301,302,303,304,305,306,308,309,310,311,:
308:139,146,147,153,154,155,158,159,160,280,282,283,301,302,303,304,306,307,309,310,311,:
309:154,160,303,304,306,307,308,310,311,:
310:154,158,159,160,306,307,308,309,311,:
311:303,304,306,307,308,309,310,:
312:292,294,295,298,313,314,315,316,317,318,:
313:294,298,300,312,314,315,316,317,318,:
314:292,293,294,312,313,315,316,317,318,319,:
315:312,313,314,316,317,318,:
316:312,313,314,315,317,:
317:312,313,314,315,316,318,319,320,336,:
318:142,293,294,298,299,312,313,314,315,317,319,320,321,322,324,:
319:142,299,314,317,318,320,321,322,323,324,325,326,327,:
320:141,142,143,299,317,318,319,321,322,323,324,325,326,327,328,:
321:141,142,143,298,299,300,318,319,320,322,323,324,326,327,328,:
322:47,142,143,318,319,320,321,323,324,325,326,327,328,:
323:47,319,320,321,322,324,325,326,327,328,538,:
324:318,319,320,321,322,323,325,326,328,538,:
325:11,47,319,320,322,323,324,326,327,328,538,:
326:47,141,142,143,319,320,321,322,323,324,325,327,328,:
327:141,142,143,319,320,321,322,323,325,326,328,:
328:47,143,320,321,322,323,324,325,326,327,:
329:330,331,332,333,334,335,336,338,339,543,544,561,:
330:329,331,332,333,334,335,543,544,551,553,561,:
331:329,330,332,333,334,335,336,337,338,339,340,544,561,:
332:329,330,331,333,334,335,338,339,340,341,342,343,347,348,560,561,:
333:329,330,331,332,334,338,339,340,341,347,348,553,554,560,561,562,563,564,565,566,:
334:329,330,331,332,333,335,336,337,338,339,544,561,:
335:329,330,331,332,334,336,337,:
336:317,329,331,334,335,337,:
337:44,45,331,334,335,336,539,:
338:329,331,332,333,334,339,340,341,342,343,344,346,347,348,561,:
339:329,331,332,333,334,338,340,341,342,343,344,346,:
340:331,332,333,338,339,341,342,343,344,345,346,347,348,349,564,:
341:121,122,332,333,338,339,340,342,343,344,347,348,349,350,352,356,357,564,:
342:120,121,122,332,338,339,340,341,343,347,348,349,350,352,356,357,:
343:332,338,339,340,341,342,344,345,346,347,348,:
344:338,339,340,341,343,345,346,:
345:340,343,344,346,:
346:338,339,340,343,344,345,:
347:121,122,332,333,338,340,341,342,343,348,349,350,351,352,353,356,357,564,:
348:332,333,338,340,341,342,343,347,349,350,351,352,356,357,560,561,562,563,564,565,:
349:121,122,125,340,341,342,347,348,350,351,352,353,354,355,356,357,358,366,371,564,:
350:121,122,341,342,347,348,349,351,352,353,355,356,357,358,359,361,365,366,370,371,564,:
351:347,348,349,350,352,353,355,356,357,358,359,360,365,366,370,371,372,374,375,564,571,:
352:122,125,341,342,347,348,349,350,351,353,354,355,356,357,366,371,558,564,:
353:31,44,50,51,70,113,124,125,126,347,349,350,351,352,354,355,356,365,366,370,371,375,:
354:5,6,7,14,31,43,44,50,51,70,125,126,349,352,353,355,371,375,558,:
355:31,50,70,113,116,122,124,125,126,349,350,351,352,353,354,356,357,359,365,366,367,368,370,371,:
356:116,121,122,125,341,342,347,348,349,350,351,352,353,355,357,358,359,360,361,362,363,364,365,366,371,:
357:115,116,117,120,121,122,123,125,341,342,347,348,349,350,351,352,355,356,358,359,361,362,363,364,365,366,:
358:116,349,350,351,356,357,359,360,361,362,363,364,365,366,367,371,:
359:101,116,350,351,355,356,357,358,360,361,362,363,364,365,366,367,368,370,371,:
360:351,356,358,359,361,362,363,365,366,367,368,370,371,580,581,583,:
361:101,116,121,350,356,357,358,359,360,362,363,364,365,366,:
362:100,101,106,108,109,115,116,120,121,123,356,357,358,359,360,361,363,364,365,366,:
363:100,101,106,108,109,115,116,356,357,358,359,360,361,362,364,365,366,367,:
364:116,121,356,357,358,359,361,362,363,:
365:113,116,125,350,351,353,355,356,357,358,359,360,361,362,363,366,367,368,369,370,371,:
366:108,113,115,116,122,125,349,350,351,352,353,355,356,357,358,359,360,361,362,363,365,367,368,370,371,:
367:50,96,112,113,355,358,359,360,363,365,366,368,369,370,371,372,:
368:50,53,355,359,360,365,366,367,369,370,371,372,373,375,377,:
369:14,15,16,24,50,53,54,62,96,365,367,368,370,371,372,373,376,377,:
370:50,53,350,351,353,355,359,360,365,366,367,368,369,371,372,373,374,375,376,377,:
371:50,349,350,351,352,353,354,355,356,358,359,360,365,366,367,368,369,370,372,373,374,375,:
372:19,50,53,56,351,367,368,369,370,371,373,374,375,376,377,378,386,:
373:368,369,370,371,372,374,375,376,377,378,379,380,381,385,386,574,575,583,:
374:351,370,371,372,373,375,376,377,378,379,380,385,386,571,572,574,575,576,579,580,583,:
375:18,19,50,51,55,56,351,353,354,368,370,371,372,373,374,376,377,386,389,558,571,:
376:369,370,372,373,374,375,377,378,379,380,381,382,383,385,386,575,583,:
377:20,28,368,369,370,372,373,374,375,376,378,379,381,382,383,384,385,386,:
378:372,373,374,376,377,379,380,381,382,383,384,385,386,387,575,583,588,589,:
379:373,374,376,377,378,380,381,382,385,386,387,388,390,391,392,393,574,575,592,:
380:373,374,376,378,379,381,385,386,387,390,391,392,574,575,591,592,596,:
381:373,376,377,378,379,380,382,383,384,385,386,589,:
382:79,80,81,85,86,376,377,378,379,381,383,384,583,588,589,:
383:77,78,79,80,81,85,86,376,377,378,381,382,384,582,583,584,588,589,590,:
384:79,80,81,85,86,87,377,378,381,382,383,589,:
385:28,68,69,373,374,376,377,378,379,380,381,386,387,388,389,390,391,392,393,394,395,575,592,:
386:19,20,28,56,68,69,372,373,374,375,376,377,378,379,380,381,385,387,388,389,390,391,:
387:28,68,378,379,380,385,386,388,389,390,391,392,393,394,395,396,592,598,:
388:28,56,68,379,385,386,387,389,390,391,394,395,396,397,398,399,400,401,403,570,571,598,:
389:19,20,28,56,68,375,385,386,387,388,390,394,395,396,397,398,403,404,410,:
390:28,68,69,379,380,385,386,387,388,389,391,392,393,394,395,507,:
391:379,380,385,386,387,388,390,392,393,422,:
392:379,380,385,387,390,391,393,395,596,597,599,:
393:379,385,387,390,391,392,420,422,423,:
394:385,387,388,389,390,395,396,397,398,399,400,401,402,403,404,569,570,571,597,598,:
395:385,387,388,389,390,392,394,396,397,398,399,400,401,402,570,597,598,599,600,:
396:387,388,389,394,395,397,398,399,400,401,402,403,404,405,555,569,570,598,:
397:388,389,394,395,396,398,399,400,402,403,404,405,406,408,410,500,501,555,:
398:388,389,394,395,396,397,399,402,403,404,405,406,408,410,500,501,502,504,505,506,:
399:388,394,395,396,397,398,400,401,402,403,404,555,569,570,598,600,:
400:388,394,395,396,397,399,401,402,562,563,569,570,571,573,597,598,600,:
401:388,394,395,396,399,400,402,569,570,571,572,573,597,598,599,600,:
402:394,395,396,397,398,399,400,401,403,404,555,568,570,:
403:388,389,394,396,397,398,399,402,404,405,406,407,408,409,410,501,552,555,:
404:389,394,396,397,398,399,402,403,405,406,407,408,410,551,552,553,554,555,556,558,:
405:396,397,398,403,404,406,407,408,409,410,501,504,555,:
406:397,398,403,404,405,407,408,409,410,504,552,555,:
407:403,404,405,406,408,409,542,543,551,552,553,554,555,556,:
408:397,398,403,404,405,406,407,409,410,:
409:403,405,406,407,408,410,441,504,524,:
410:19,28,56,68,389,397,398,403,404,405,406,408,409,441,507,:
411:412,413,414,415,416,417,424,425,493,496,:
412:411,413,414,415,416,424,492,493,495,496,:
413:411,412,414,415,416,417,418,424,425,426,493,496,:
414:411,412,413,415,416,417,424,425,426,427,429,430,492,493,496,499,:
415:411,412,413,414,416,424,425,426,427,429,430,487,492,493,494,495,496,499,:
416:411,412,413,414,415,417,418,419,424,425,499,:
417:411,413,414,416,418,419,420,421,424,425,:
418:413,416,417,419,420,421,422,423,508,:
419:416,417,418,420,421,422,423,440,507,:
420:393,417,418,419,421,422,423,:
421:417,418,419,420,422,423,:
422:391,393,418,419,420,421,423,507,508,:
423:393,418,419,420,421,422,:
424:411,412,413,414,415,416,417,425,426,427,428,429,430,433,434,493,:
425:411,413,414,415,416,417,424,426,427,428,429,430,433,:
426:413,414,415,424,425,427,428,429,430,433,434,435,487,493,:
427:414,415,424,425,426,428,429,430,433,434,435,436,437,438,440,479,487,:
428:424,425,426,427,429,433,434,435,436,438,440,479,:
429:414,415,424,425,426,427,428,430,431,433,434,487,:
430:414,415,424,425,426,427,429,431,432,:
431:429,430,432,:
432:430,431,:
433:424,425,426,427,428,429,434,435,436,437,438,439,440,442,443,479,484,487,:
434:424,426,427,428,429,433,435,436,437,438,439,440,483,484,485,486,487,:
435:426,427,428,433,434,436,437,438,439,440,441,442,443,444,479,484,:
436:427,428,433,434,435,437,438,439,440,442,443,444,445,446,477,479,481,484,:
437:427,433,434,435,436,438,439,442,443,444,445,473,474,476,477,479,483,484,487,:
438:57,427,428,433,434,435,436,437,439,440,441,442,443,:
439:433,434,435,436,437,438,440,441,489,:
440:69,419,427,428,433,434,435,436,438,439,441,507,:
441:197,409,410,435,438,439,440,:
442:433,435,436,437,438,443,444,445,446,447,448,477,479,481,:
443:57,58,433,435,436,437,438,442,444,445,446,479,481,:
444:435,436,437,442,443,445,446,447,448,449,470,473,477,478,479,481,482,:
445:58,436,437,442,443,444,446,447,448,449,450,451,470,:
446:22,33,52,57,58,436,442,443,444,445,447,448,449,:
447:33,58,196,442,444,445,446,448,449,450,451,452,453,467,470,:
448:196,442,444,445,446,447,449,450,451,452,466,467,468,469,470,:
449:33,60,240,444,445,446,447,448,450,451,452,453,454,470,:
450:60,240,241,445,447,448,449,451,452,453,454,455,456,457,461,462,466,467,470,:
451:445,447,448,449,450,452,453,454,455,456,461,462,464,466,467,468,469,470,:
452:60,190,241,447,448,449,450,451,453,454,455,456,457,458,459,461,462,467,:
453:23,30,33,60,61,190,447,449,450,451,452,454,455,456,457,458,460,:
454:449,450,451,452,453,455,456,457,458,459,460,461,462,463,467,:
455:199,450,451,452,453,454,456,457,458,459,461,462,463,464,466,467,:
456:184,185,186,187,189,190,198,199,200,201,203,204,207,450,451,452,453,454,455,457,459,461,462,463,464,466,467,:
457:450,452,453,454,455,456,458,459,460,461,462,:
458:39,232,241,452,453,454,455,457,459,460,:
459:184,185,214,216,452,454,455,456,457,458,460,461,462,:
460:2,30,38,39,232,269,453,454,457,458,459,:
461:215,450,451,452,454,455,456,457,459,462,463,464,465,466,467,:
462:215,450,451,452,454,455,456,457,459,461,463,464,466,467,:
463:201,203,206,207,215,454,455,456,461,462,464,465,466,467,468,:
464:200,201,202,451,455,456,461,462,463,465,466,467,468,469,470,:
465:201,202,461,463,464,466,467,468,469,:
466:200,448,450,451,455,456,461,462,463,464,465,467,468,469,470,471,472,:
467:199,447,448,450,451,452,454,455,456,461,462,463,464,465,466,468,469,470,:
468:448,451,463,464,465,466,467,469,470,471,472,473,:
469:200,448,451,464,465,466,467,468,470,471,472,473,474,475,476,477,478,:
470:200,444,445,447,448,449,450,451,464,466,467,468,469,471,472,473,474,476,:
471:466,468,469,470,472,473,474,475,476,477,478,483,484,:
472:466,468,469,470,471,473,474,475,476,477,478,:
473:437,444,468,469,470,471,472,474,475,476,477,478,479,483,484,485,:
474:437,469,470,471,472,473,475,476,477,483,484,485,486,487,488,490,:
475:469,471,472,473,474,476,483,484,485,488,490,:
476:437,469,470,471,472,473,474,475,477,478,479,480,481,483,484,:
477:436,437,442,444,469,471,472,473,474,476,478,479,480,481,482,:
478:444,469,471,472,473,476,477,479,480,481,482,:
479:427,428,433,435,436,437,442,443,444,473,476,477,478,480,481,482,:
480:476,477,478,479,481,482,:
481:436,442,443,444,476,477,478,479,480,482,:
482:444,477,478,479,480,481,:
483:434,437,471,473,474,475,476,484,485,486,487,488,489,490,:
484:433,434,435,436,437,471,473,474,475,476,483,485,486,487,488,489,490,:
485:434,473,474,475,483,484,486,487,488,489,490,491,:
486:434,474,483,484,485,487,488,489,490,492,:
487:415,426,427,429,433,434,437,474,483,484,485,486,488,489,492,493,:
488:474,475,483,484,485,486,487,489,490,491,:
489:439,483,484,485,486,487,488,490,491,498,:
490:193,474,475,483,484,485,486,488,489,491,:
491:485,488,489,490,498,516,:
492:412,414,415,486,487,493,494,495,496,497,498,499,:
493:411,412,413,414,415,424,426,487,492,494,495,496,497,498,499,:
494:415,492,493,495,496,497,498,499,:
495:412,415,492,493,494,496,497,498,499,:
496:411,412,413,414,415,492,493,494,495,497,499,:
497:492,493,494,495,496,498,499,:
498:489,491,492,493,494,495,497,499,:
499:414,415,416,492,493,494,495,496,497,498,505,:
500:397,398,501,502,503,504,505,506,508,:
501:397,398,403,405,500,502,503,504,505,506,508,:
502:398,500,501,503,504,505,506,507,508,:
503:500,501,502,504,505,506,:
504:398,405,406,409,500,501,502,503,505,:
505:398,499,500,501,502,503,504,506,507,508,:
506:398,500,501,502,503,505,507,508,:
507:68,390,410,419,422,440,502,505,506,508,:
508:418,422,500,501,502,505,506,507,:
509:510,511,512,513,514,515,516,517,:
510:509,511,512,513,514,515,516,517,518,:
511:509,510,512,513,514,515,516,517,518,519,520,521,:
512:509,510,511,513,514,516,517,518,519,520,525,:
513:509,510,511,512,514,515,516,:
514:509,510,511,512,513,515,:
515:509,510,511,513,514,517,:
516:491,509,510,511,512,513,517,518,519,520,521,522,523,524,525,:
517:509,510,511,512,515,516,518,519,520,521,522,524,:
518:510,511,512,516,517,519,520,521,522,523,524,525,526,531,533,:
519:511,512,516,517,518,520,521,522,523,524,525,526,527,529,530,531,532,533,:
520:511,512,516,517,518,519,521,522,523,524,525,526,527,531,532,533,:
521:511,516,517,518,519,520,522,523,524,525,531,533,536,:
522:195,197,516,517,518,519,520,521,523,524,525,531,532,533,535,536,:
523:516,518,519,520,521,522,524,525,526,527,530,531,532,533,534,535,536,539,:
524:409,516,517,518,519,520,521,522,523,533,536,:
525:512,516,518,519,520,521,522,523,526,527,528,529,530,531,532,533,:
526:518,519,520,523,525,527,528,529,530,531,532,533,534,:
527:519,520,523,525,526,528,529,530,531,532,533,534,535,537,538,:
528:525,526,527,529,530,532,533,534,537,538,:
529:519,525,526,527,528,530,531,532,533,:
530:12,13,48,49,519,523,525,526,527,528,529,531,532,533,:
531:48,518,519,520,521,522,523,525,526,527,529,530,532,533,:
532:519,520,522,523,525,526,527,528,529,530,531,533,534,535,536,537,538,539,540,541,:
533:518,519,520,521,522,523,524,525,526,527,528,529,530,531,532,534,535,536,537,538,539,540,:
534:523,526,527,528,532,533,535,536,537,538,539,540,541,542,:
535:522,523,527,532,533,534,536,537,538,539,540,541,542,543,544,545,551,:
536:521,522,523,524,532,533,534,535,537,539,540,541,542,543,544,551,552,557,559,:
537:527,528,532,533,534,535,536,538,539,540,541,:
538:323,324,325,527,528,532,533,534,535,537,539,:
539:9,10,11,12,13,337,523,532,533,534,535,536,537,538,540,557,:
540:532,533,534,535,536,537,539,541,542,543,544,545,546,547,548,550,551,552,:
541:532,534,535,536,537,540,542,543,544,545,546,547,548,550,:
542:407,534,535,536,540,541,543,544,545,546,547,548,550,551,552,553,:
543:329,330,407,535,536,540,541,542,544,545,546,551,552,553,554,556,557,:
544:329,330,331,334,535,536,540,541,542,543,545,551,552,553,554,556,557,561,:
545:535,540,541,542,543,544,546,547,548,549,550,551,552,:
546:540,541,542,543,545,547,548,549,550,:
547:540,541,542,545,546,548,549,550,:
548:540,541,542,545,546,547,549,550,:
549:545,546,547,548,550,:
550:540,541,542,545,546,547,548,549,:
551:330,404,407,535,536,540,542,543,544,545,552,553,554,555,556,557,558,560,561,:
552:403,404,406,407,536,540,542,543,544,545,551,553,554,555,556,557,560,:
553:330,333,404,407,542,543,544,551,552,554,555,556,557,558,559,560,561,562,:
554:333,404,407,543,544,551,552,553,555,556,557,558,560,561,562,563,564,565,566,568,569,570,:
555:396,397,399,402,403,404,405,406,407,551,552,553,554,556,558,560,561,562,563,568,569,570,:
556:404,407,543,544,551,552,553,554,555,557,558,559,560,561,:
557:43,536,539,543,544,551,552,553,554,556,558,559,:
558:55,56,352,354,375,404,551,553,554,555,556,557,559,560,561,:
559:7,32,43,46,51,55,536,553,556,557,558,:
560:332,333,348,551,552,553,554,555,556,558,561,562,563,564,565,566,567,568,569,570,:
561:329,330,331,332,333,334,338,348,544,551,553,554,555,556,558,560,562,563,564,565,566,568,:
562:333,348,400,553,554,555,560,561,563,564,565,566,567,568,569,570,571,:
563:333,348,400,554,555,560,561,562,564,565,566,567,569,570,571,572,573,:
564:333,340,341,347,348,349,350,351,352,554,560,561,562,563,565,567,569,570,571,572,573,:
565:333,348,554,560,561,562,563,564,566,567,568,569,570,:
566:333,554,560,561,562,563,565,567,568,:
567:560,562,563,564,565,566,568,569,570,:
568:402,554,555,560,561,562,565,566,567,:
569:394,396,399,400,401,554,555,560,562,563,564,565,567,570,571,572,573,574,575,:
570:388,394,395,396,399,400,401,402,554,555,560,562,563,564,565,567,569,571,572,573,598,:
571:351,374,375,388,394,400,401,562,563,564,569,570,572,573,574,575,576,592,:
572:374,401,563,564,569,570,571,573,574,575,576,577,579,591,592,598,:
573:400,401,563,564,569,570,571,572,574,575,576,577,578,591,592,598,:
574:373,374,379,380,569,571,572,573,575,576,577,578,579,580,591,592,:
575:373,374,376,378,379,380,385,569,571,572,573,574,576,577,579,580,591,592,:
576:374,571,572,573,574,575,577,578,579,580,581,591,592,593,:
577:572,573,574,575,576,578,579,580,591,592,593,594,595,596,:
578:573,574,576,577,579,591,592,593,594,595,:
579:374,572,574,575,576,577,578,580,581,582,583,584,585,586,591,592,:
580:360,374,574,575,576,577,579,581,582,583,584,585,586,:
581:360,576,579,580,582,583,584,585,586,587,588,589,:
582:71,73,77,383,579,580,581,583,584,585,586,587,588,589,590,:
583:73,77,360,373,374,376,378,382,383,579,580,581,582,584,585,586,588,589,590,:
584:71,72,73,77,383,579,580,581,582,583,585,586,587,588,589,590,:
585:71,72,579,580,581,582,583,584,586,587,588,589,590,:
586:71,579,580,581,582,583,584,585,587,588,590,:
587:71,72,581,582,584,585,586,588,589,590,:
588:71,72,77,378,382,383,581,582,583,584,585,586,587,589,590,:
589:77,78,79,80,378,381,382,383,384,581,582,583,584,585,587,588,590,:
590:72,77,383,582,583,584,585,586,587,588,589,:
591:380,572,573,574,575,576,577,578,579,592,593,594,595,596,597,598,:
592:379,380,385,387,571,572,573,574,575,576,577,578,579,591,593,594,596,597,598,:
593:576,577,578,591,592,594,595,596,597,598,599,601,:
594:577,578,591,592,593,595,596,597,598,599,601,:
595:577,578,591,593,594,596,597,:
596:380,392,577,591,592,593,594,595,597,598,599,600,601,:
597:392,394,395,400,401,591,592,593,594,595,596,598,599,600,601,:
598:387,388,394,395,396,399,400,401,570,572,573,591,592,593,594,596,597,599,600,601,:
599:392,395,401,593,594,596,597,598,600,601,:
600:395,399,400,401,596,597,598,599,601,:
601:593,594,596,597,598,599,600,:
