1:2,3,4,5,10,11,12,17,18,22,56,67,72,73,375,:
2:1,3,4,5,6,7,10,11,12,13,16,17,18,19,22,23,66,67,76,:
3:1,2,4,5,6,8,10,11,12,17,18,19,20,23,59,60,66,67,68,69,71,72,75,76,79,:
4:1,2,3,5,6,7,8,10,11,12,17,18,19,20,22,23,67,:
5:1,2,3,4,6,7,8,9,10,17,18,19,20,21,23,79,:
6:2,3,4,5,7,8,9,10,12,17,18,19,20,21,23,79,314,:
7:2,4,5,6,8,9,10,17,18,19,20,21,251,313,314,:
8:3,4,5,6,7,9,12,18,19,20,21,23,78,79,83,259,260,:
9:5,6,7,8,18,20,21,23,79,249,251,259,260,261,279,281,:
10:1,2,3,4,5,6,7,11,12,13,14,16,17,18,22,23,24,25,:
11:1,2,3,4,10,12,13,14,15,16,17,22,23,24,25,365,368,374,375,:
12:1,2,3,4,6,8,10,11,13,14,15,16,20,22,23,24,25,260,:
13:2,10,11,12,14,15,16,22,23,24,25,226,246,247,249,251,260,:
14:10,11,12,13,15,16,22,23,24,25,246,247,248,249,250,251,:
15:11,12,13,14,16,24,25,246,247,248,249,:
16:2,10,11,12,13,14,15,22,23,24,25,366,368,369,374,375,376,379,:
17:1,2,3,4,5,6,7,10,11,18,19,22,361,:
18:1,2,3,4,5,6,7,8,9,10,17,19,20,23,64,67,76,79,:
19:2,3,4,5,6,7,8,17,18,20,:
20:3,4,5,6,7,8,9,12,18,19,21,23,76,78,79,81,83,86,259,260,261,:
21:5,6,7,8,9,20,249,251,259,260,261,277,279,280,281,314,:
22:1,2,4,10,11,12,13,14,16,17,25,360,361,365,366,367,368,369,374,375,376,379,:
23:2,3,4,5,6,8,9,10,11,12,13,14,16,18,20,24,67,75,76,79,80,260,:
24:10,11,12,13,14,15,16,23,220,221,222,226,246,247,249,253,259,260,:
25:10,11,12,13,14,15,16,22,350,365,366,367,368,369,374,375,376,379,:
26:27,28,29,30,31,32,33,34,38,39,:
27:26,28,29,30,31,32,33,:
28:26,27,29,30,31,32,33,34,38,39,40,:
29:26,27,28,30,31,32,38,39,40,41,43,46,:
30:26,27,28,29,31,38,39,40,41,43,:
31:26,27,28,29,30,32,33,34,35,36,38,39,139,140,141,:
32:26,27,28,29,31,33,34,35,36,37,39,138,139,140,141,:
33:26,27,28,31,32,34,35,36,37,135,138,139,141,:
34:26,28,31,32,33,35,36,37,64,138,140,:
35:31,32,33,34,36,37,124,125,133,135,:
36:31,32,33,34,35,37,64,77,89,:
37:32,33,34,35,36,82,89,113,114,115,124,133,134,:
38:26,28,29,30,31,39,40,41,42,43,44,46,140,:
39:26,28,29,30,31,32,38,40,41,42,43,44,45,46,139,140,:
40:28,29,30,38,39,41,42,43,44,45,46,:
41:29,30,38,39,40,42,43,44,46,:
42:38,39,40,41,43,44,46,:
43:29,30,38,39,40,41,42,44,45,46,:
44:38,39,40,41,42,43,45,46,51,57,58,:
45:39,40,43,44,46,51,54,55,57,58,59,62,63,:
46:29,38,39,40,41,42,43,44,45,51,57,58,59,61,62,140,:
47:48,49,50,51,52,53,149,150,151,:
48:47,49,50,51,149,150,151,:
49:47,48,50,51,52,53,54,150,:
50:47,48,49,51,52,53,54,55,56,57,58,:
51:44,45,46,47,48,49,50,52,53,54,55,56,57,58,60,61,151,:
52:47,49,50,51,53,54,55,56,57,58,:
53:47,49,50,51,52,54,55,56,:
54:45,49,50,51,52,53,55,56,57,58,59,:
55:45,50,51,52,53,54,56,57,58,59,60,61,62,66,67,:
56:1,50,51,52,53,54,55,57,58,59,60,61,66,67,72,74,:
57:44,45,46,50,51,52,54,55,56,58,59,60,61,62,63,64,66,67,:
58:44,45,46,50,51,52,54,55,56,57,59,60,61,62,63,65,:
59:3,45,46,54,55,56,57,58,60,61,62,63,64,65,66,67,68,76,:
60:3,51,55,56,57,58,59,61,62,63,64,66,67,68,69,71,72,75,76,:
61:46,51,55,56,57,58,59,60,62,64,66,67,68,69,76,138,140,151,:
62:45,46,55,57,58,59,60,61,63,64,65,66,67,:
63:45,57,58,59,60,62,64,65,:
64:18,34,36,57,59,60,61,62,63,65,66,67,75,76,79,:
65:58,59,62,63,64,:
66:2,3,55,56,57,59,60,61,62,64,67,68,69,70,71,72,74,75,76,:
67:1,2,3,4,18,23,55,56,57,59,60,61,62,64,66,68,69,71,72,74,75,76,79,:
68:3,59,60,61,66,67,69,70,71,72,73,74,75,76,77,151,:
69:3,60,61,66,67,68,70,71,72,75,76,77,78,79,80,133,134,138,:
70:66,68,69,71,75,76,77,80,123,124,133,134,135,138,165,167,:
71:3,60,66,67,68,69,70,72,73,74,75,76,:
72:1,3,56,60,66,67,68,69,71,73,74,:
73:1,68,71,72,74,176,379,380,:
74:56,66,67,68,71,72,73,148,149,150,151,:
75:3,23,60,64,66,67,68,69,70,71,76,77,78,79,80,81,82,134,:
76:2,3,18,20,23,59,60,61,64,66,67,68,69,70,71,75,77,78,79,80,81,:
77:36,68,69,70,75,76,78,79,80,81,82,83,114,134,:
78:8,20,69,75,76,77,79,80,81,82,83,84,85,86,114,259,260,261,:
79:3,5,6,8,9,18,20,23,64,67,69,75,76,77,78,80,81,82,83,86,260,:
80:23,69,70,75,76,77,78,79,81,82,114,128,134,226,258,259,260,:
81:20,75,76,77,78,79,80,82,83,84,85,86,87,89,92,93,111,114,259,261,:
82:37,75,77,78,79,80,81,83,84,85,86,87,89,92,110,111,112,113,114,115,261,:
83:8,20,77,78,79,81,82,84,85,86,87,88,89,92,93,94,259,261,:
84:78,81,82,83,85,86,87,88,89,92,93,94,95,97,111,259,261,:
85:78,81,82,83,84,86,87,88,89,92,93,94,97,110,111,112,113,114,115,261,:
86:20,78,79,81,82,83,84,85,87,88,89,90,91,92,93,:
87:81,82,83,84,85,86,88,89,90,91,92,93,:
88:83,84,85,86,87,89,90,91,92,93,:
89:36,37,81,82,83,84,85,86,87,88,90,91,115,:
90:86,87,88,89,91,108,109,117,:
91:86,87,88,89,90,115,116,117,:
92:81,82,83,84,85,86,87,88,93,94,95,96,97,98,99,111,261,:
93:81,83,84,85,86,87,88,92,94,95,96,97,98,261,:
94:83,84,85,92,93,95,96,97,98,99,100,111,261,:
95:84,92,93,94,96,97,98,99,100,101,102,103,104,:
96:92,93,94,95,97,98,99,100,101,:
97:84,85,92,93,94,95,96,98,99,256,261,276,288,289,:
98:92,93,94,95,96,97,99,100,101,102,103,104,105,106,:
99:92,94,95,96,97,98,100,101,102,103,104,106,289,:
100:94,95,96,98,99,101,102,103,104,105,106,:
101:95,96,98,99,100,102,103,104,:
102:95,98,99,100,101,103,275,284,289,:
103:95,98,99,100,101,102,104,105,106,107,108,:
104:95,98,99,100,101,103,105,106,107,108,109,:
105:98,100,103,104,106,107,108,109,:
106:98,99,100,103,104,105,107,108,109,:
107:103,104,105,106,108,109,:
108:90,103,104,105,106,107,109,119,:
109:90,104,105,106,107,108,:
110:82,85,111,112,113,114,115,116,118,121,122,:
111:81,82,84,85,92,94,110,112,113,114,115,116,118,:
112:82,85,110,111,113,114,115,116,117,118,121,122,123,:
113:37,82,85,110,111,112,114,115,116,121,122,123,124,125,126,127,129,:
114:37,77,78,80,81,82,85,110,111,112,113,115,121,122,123,124,126,127,:
115:37,82,85,89,91,110,111,112,113,114,116,117,118,119,120,121,122,:
116:91,110,111,112,113,115,117,118,119,120,:
117:90,91,112,115,116,118,119,120,:
118:110,111,112,115,116,117,119,120,:
119:108,115,116,117,118,120,:
120:115,116,117,118,119,:
121:110,112,113,114,115,122,123,124,125,126,127,129,133,134,:
122:110,112,113,114,115,121,123,124,125,126,127,129,:
123:70,112,113,114,121,122,124,125,126,127,128,129,133,134,135,:
124:35,37,70,113,114,121,122,123,125,126,127,133,134,135,136,137,138,:
125:35,113,121,122,123,124,126,133,134,135,136,137,:
126:113,114,121,122,123,124,125,127,128,129,130,131,133,134,165,:
127:113,114,121,122,123,124,126,128,129,130,131,132,:
128:80,123,126,127,129,130,131,132,167,195,:
129:113,121,122,123,126,127,128,130,131,132,:
130:126,127,128,129,131,132,195,226,227,229,:
131:126,127,128,129,130,132,:
132:127,128,129,130,131,229,232,:
133:35,37,69,70,121,123,124,125,126,134,135,136,137,138,139,162,165,:
134:37,69,70,75,77,80,121,123,124,125,126,133,135,136,137,138,165,:
135:33,35,70,123,124,125,133,134,136,137,138,139,140,141,143,162,:
136:124,125,133,134,135,137,138,139,141,142,143,161,162,:
137:124,125,133,134,135,136,138,139,141,142,143,144,147,148,161,162,163,165,:
138:32,33,34,61,69,70,124,133,134,135,136,137,139,140,141,143,148,151,:
139:31,32,33,39,133,135,136,137,138,140,141,143,151,:
140:31,32,34,38,39,46,61,135,138,139,141,151,:
141:31,32,33,135,136,137,138,139,140,143,:
142:136,137,143,144,145,146,147,148,149,150,151,:
143:135,136,137,138,139,141,142,144,145,146,147,148,149,150,151,162,:
144:137,142,143,145,146,147,148,149,150,:
145:142,143,144,146,147,148,152,153,:
146:142,143,144,145,147,152,153,159,161,162,:
147:137,142,143,144,145,146,148,149,150,151,161,162,163,165,:
148:74,137,138,142,143,144,145,147,149,150,151,165,:
149:47,48,74,142,143,144,147,148,150,151,:
150:47,48,49,74,142,143,144,147,148,149,151,:
151:47,48,51,61,68,74,138,139,140,142,143,147,148,149,150,:
152:145,146,153,154,155,156,157,158,159,160,169,:
153:145,146,152,154,155,156,157,158,159,160,161,:
154:152,153,155,156,157,158,159,160,164,169,172,:
155:152,153,154,156,157,158,172,:
156:152,153,154,155,157,:
157:152,153,154,155,156,158,159,160,161,163,164,:
158:152,153,154,155,157,159,160,161,162,163,164,165,166,:
159:146,152,153,154,157,158,160,161,162,163,164,165,:
160:152,153,154,157,158,159,161,162,163,164,165,166,167,:
161:136,137,146,147,153,157,158,159,160,162,163,164,165,167,:
162:133,135,136,137,143,146,147,158,159,160,161,163,165,:
163:137,147,157,158,159,160,161,162,164,165,166,167,:
164:154,157,158,159,160,161,163,165,166,167,172,190,195,:
165:70,126,133,134,137,147,148,158,159,160,161,162,163,164,166,167,:
166:158,160,163,164,165,167,173,176,223,224,225,226,:
167:70,128,160,161,163,164,165,166,226,:
168:169,170,171,172,173,174,175,176,177,178,387,:
169:152,154,168,170,171,172,173,174,175,177,:
170:168,169,171,172,173,174,175,176,177,178,179,386,387,:
171:168,169,170,172,173,174,176,177,178,179,180,181,182,188,189,386,387,:
172:154,155,164,168,169,170,171,173,176,177,178,179,180,181,188,189,:
173:166,168,169,170,171,172,174,175,176,177,178,387,:
174:168,169,170,171,173,175,176,:
175:168,169,170,173,174,176,:
176:73,166,168,170,171,172,173,174,175,177,178,224,225,383,385,387,:
177:168,169,170,171,172,173,176,178,179,180,181,182,183,188,189,225,385,386,387,:
178:168,170,171,172,173,176,177,179,180,181,182,225,383,384,385,386,387,:
179:170,171,172,177,178,180,181,182,183,184,185,187,188,189,190,386,387,:
180:171,172,177,178,179,181,182,183,184,185,188,189,190,191,192,193,197,198,210,219,224,225,:
181:171,172,177,178,179,180,182,183,184,188,189,190,191,192,197,198,209,210,218,219,220,223,224,225,:
182:171,177,178,179,180,181,183,184,185,186,187,188,189,210,386,387,:
183:177,179,180,181,182,184,185,186,187,188,189,198,210,:
184:179,180,181,182,183,185,186,187,188,189,191,197,198,199,200,202,209,210,211,214,215,:
185:179,180,182,183,184,186,187,189,:
186:182,183,184,185,187,198,:
187:179,182,183,184,185,186,:
188:171,172,177,179,180,181,182,183,184,189,190,191,192,193,194,197,198,210,219,:
189:171,172,177,179,180,181,182,183,184,185,188,190,191,193,197,198,:
190:164,179,180,181,188,189,191,192,193,194,195,196,197,198,199,219,:
191:180,181,184,188,189,190,192,193,194,195,197,198,199,200,201,202,209,210,218,219,227,228,:
192:180,181,188,190,191,193,194,195,197,198,199,200,201,209,210,218,219,220,221,223,227,228,229,232,:
193:180,188,189,190,191,192,194,195,196,197,198,:
194:188,190,191,192,193,195,196,197,198,:
195:128,130,164,190,191,192,193,194,196,:
196:190,193,194,195,:
197:180,181,184,188,189,190,191,192,193,194,198,199,200,201,202,203,209,210,219,228,:
198:180,181,183,184,186,188,189,190,191,192,193,194,197,199,200,202,209,210,:
199:184,190,191,192,197,198,200,201,202,203,204,205,209,210,211,219,228,:
200:184,191,192,197,198,199,201,202,203,204,205,209,210,211,212,213,214,218,219,227,228,234,:
201:191,192,197,199,200,202,203,204,205,209,210,211,212,213,218,219,227,228,229,230,232,233,234,235,238,240,:
202:184,191,197,198,199,200,201,203,204,205,206,207,209,210,:
203:197,199,200,201,202,204,205,206,207,208,209,210,:
204:199,200,201,202,203,205,206,207,208,209,210,211,217,:
205:199,200,201,202,203,204,206,207,208,:
206:202,203,204,205,207,208,217,:
207:202,203,204,205,206,208,240,:
208:203,204,205,206,207,240,:
209:181,184,191,192,197,198,199,200,201,202,203,204,210,211,212,213,214,215,217,218,219,228,234,:
210:180,181,182,183,184,188,191,192,197,198,199,200,201,202,203,204,209,211,212,214,215,218,219,:
211:184,199,200,201,204,209,210,212,213,214,215,216,217,218,219,220,228,234,:
212:200,201,209,210,211,213,214,215,218,219,220,221,222,223,225,227,228,233,234,242,:
213:200,201,209,211,212,214,218,219,220,221,222,227,228,233,234,235,238,241,242,246,:
214:184,200,209,210,211,212,213,215,216,217,218,219,:
215:184,209,210,211,212,214,216,217,:
216:211,214,215,217,:
217:204,206,209,211,214,215,216,:
218:181,191,192,200,201,209,210,211,212,213,214,219,220,221,222,223,224,225,226,227,228,234,:
219:180,181,188,190,191,192,197,199,200,201,209,210,211,212,213,214,218,220,221,223,224,225,227,228,:
220:24,181,192,211,212,213,218,219,221,222,223,224,225,226,227,228,229,234,242,:
221:24,192,212,213,218,219,220,222,223,224,226,227,228,229,230,231,232,233,234,241,242,253,:
222:24,212,213,218,220,221,223,226,227,228,229,230,231,233,234,241,242,243,244,246,252,253,254,257,258,:
223:166,181,192,212,218,219,220,221,222,224,225,226,227,228,:
224:166,176,180,181,218,219,220,221,223,225,226,381,383,:
225:166,176,177,178,180,181,212,218,219,220,223,224,226,381,383,:
226:13,24,80,130,166,167,218,220,221,222,223,224,225,227,:
227:130,191,192,200,201,212,213,218,219,220,221,222,223,226,228,229,230,231,232,233,234,242,253,:
228:191,192,197,199,200,201,209,211,212,213,218,219,220,221,222,223,227,229,230,232,233,234,:
229:130,132,192,201,220,221,222,227,228,230,231,232,233,234,235,242,253,263,:
230:201,221,222,227,228,229,231,232,233,234,235,236,237,238,241,242,252,253,262,263,:
231:221,222,227,229,230,232,233,234,235,236,237,241,242,244,252,253,254,255,257,262,263,264,267,268,270,:
232:132,192,201,221,227,228,229,230,231,233,234,:
233:201,212,213,221,222,227,228,229,230,231,232,234,235,236,237,238,239,240,241,242,253,263,:
234:200,201,209,211,212,213,218,220,221,222,227,228,229,230,231,232,233,235,236,238,240,241,242,:
235:201,213,229,230,231,233,234,236,237,238,239,240,241,242,243,263,:
236:230,231,233,234,235,237,238,239,240,241,242,243,244,245,246,252,253,262,263,:
237:230,231,233,235,236,238,239,241,242,243,244,245,252,253,262,263,264,265,:
238:201,213,230,233,234,235,236,237,239,240,241,242,:
239:233,235,236,237,238,240,241,242,335,336,:
240:201,207,208,233,234,235,236,238,239,:
241:213,221,222,230,231,233,234,235,236,237,238,239,242,243,244,245,246,247,252,253,263,:
242:212,213,220,221,222,227,229,230,231,233,234,235,236,237,238,239,241,243,244,246,252,253,:
243:222,235,236,237,241,242,244,245,246,247,248,249,252,253,254,344,:
244:222,231,236,237,241,242,243,245,246,247,249,252,253,254,255,256,257,262,263,272,:
245:236,237,241,243,244,246,247,249,252,253,254,255,256,262,263,271,272,279,344,345,:
246:13,14,15,24,213,222,236,241,242,243,244,245,247,248,249,250,251,252,253,333,:
247:13,14,15,24,241,243,244,245,246,248,249,250,251,252,253,333,:
248:14,15,243,246,247,249,250,251,332,333,339,340,350,:
249:9,13,14,15,21,24,243,244,245,246,247,248,250,251,252,253,259,260,279,281,:
250:14,246,247,248,249,251,312,314,333,339,340,341,350,:
251:7,9,13,14,21,246,247,248,249,250,279,280,281,312,314,:
252:222,230,231,236,237,241,242,243,244,245,246,247,249,253,254,255,256,257,258,259,260,262,263,272,:
253:24,221,222,227,229,230,231,233,236,237,241,242,243,244,245,246,247,249,252,254,255,257,258,259,260,262,263,:
254:222,231,243,244,245,252,253,255,256,257,258,259,260,261,262,263,264,272,:
255:231,244,245,252,253,254,256,257,258,262,263,264,265,266,267,271,272,283,:
256:97,244,245,252,254,255,257,262,263,264,265,266,271,272,273,274,276,282,283,284,287,288,289,:
257:222,231,244,252,253,254,255,256,258,259,260,261,262,263,:
258:80,222,252,253,254,255,257,259,260,261,:
259:8,9,20,21,24,78,80,81,83,84,249,252,253,254,257,258,260,261,:
260:8,9,12,13,20,21,23,24,78,79,80,249,252,253,254,257,258,259,261,:
261:9,20,21,78,81,82,83,84,85,92,93,94,97,254,257,258,259,260,279,:
262:230,231,236,237,244,245,252,253,254,255,256,257,263,264,265,266,267,268,269,272,283,:
263:229,230,231,233,235,236,237,241,244,245,252,253,254,255,256,257,262,264,265,267,268,270,:
264:231,237,254,255,256,262,263,265,266,267,268,269,270,272,283,287,288,:
265:237,255,256,262,263,264,266,267,268,269,271,272,282,283,287,:
266:255,256,262,264,265,267,269,271,272,274,282,283,284,285,287,:
267:231,255,262,263,264,265,266,268,269,270,:
268:231,262,263,264,265,267,269,270,:
269:262,264,265,266,267,268,270,:
270:231,263,264,267,268,269,:
271:245,255,256,265,266,272,273,274,275,276,277,278,282,283,291,345,:
272:244,245,252,254,255,256,262,264,265,266,271,273,274,276,277,278,279,282,283,345,:
273:256,271,272,274,275,276,277,278,279,282,283,284,291,294,:
274:256,266,271,272,273,275,276,277,282,283,284,285,287,291,:
275:102,271,273,274,276,282,283,284,285,286,291,:
276:97,256,271,272,273,274,275,277,278,279,280,281,282,283,:
277:21,271,272,273,274,276,278,279,280,281,294,:
278:271,272,273,276,277,279,280,281,294,345,:
279:9,21,245,249,251,261,272,273,276,277,278,280,281,:
280:21,251,276,277,278,279,281,294,312,314,345,:
281:9,21,249,251,276,277,278,279,280,312,314,345,:
282:256,265,266,271,272,273,274,275,276,283,284,285,286,287,288,289,:
283:255,256,262,264,265,266,271,272,273,274,275,276,282,284,285,287,288,289,:
284:102,256,266,273,274,275,282,283,285,286,287,288,289,:
285:266,274,275,282,283,284,286,287,288,289,:
286:275,282,284,285,287,:
287:256,264,265,266,274,282,283,284,285,286,288,289,:
288:97,256,264,282,283,284,285,287,289,:
289:97,99,102,256,282,283,284,285,287,288,:
290:291,292,293,294,295,296,298,299,300,:
291:271,273,274,275,290,292,293,294,295,296,:
292:290,291,293,294,295,296,297,298,299,300,301,:
293:290,291,292,294,295,296,299,300,301,302,303,:
294:273,277,278,280,290,291,292,293,295,299,300,301,302,303,:
295:290,291,292,293,294,296,297,298,299,300,303,:
296:290,291,292,293,295,297,298,:
297:292,295,296,298,343,:
298:290,292,295,296,297,:
299:290,292,293,294,295,300,301,302,303,304,305,:
300:290,292,293,294,295,299,301,302,303,:
301:292,293,294,299,300,302,303,304,305,306,:
302:293,294,299,300,301,303,304,305,306,307,308,309,:
303:293,294,295,299,300,301,302,304,305,306,307,308,315,316,342,343,345,:
304:299,301,302,303,305,306,307,308,309,310,312,315,316,:
305:299,301,302,303,304,306,307,308,309,310,311,312,:
306:301,302,303,304,305,307,308,309,310,311,312,315,316,317,341,:
307:302,303,304,305,306,308,309,310,315,316,317,318,319,320,341,:
308:302,303,304,305,306,307,309,315,316,317,318,:
309:302,304,305,306,307,308,310,311,312,313,314,315,316,341,363,:
310:304,305,306,307,309,311,312,313,314,341,362,363,:
311:305,306,309,310,312,313,314,362,363,:
312:250,251,280,281,304,305,306,309,310,311,313,314,341,362,:
313:7,309,310,311,312,314,362,:
314:6,7,21,250,251,280,281,309,310,311,312,313,362,:
315:303,304,306,307,308,309,316,317,318,319,320,321,340,341,:
316:303,304,306,307,308,309,315,317,318,319,320,321,339,340,341,342,346,348,364,:
317:306,307,308,315,316,318,319,320,321,322,:
318:307,308,315,316,317,319,320,321,322,:
319:307,315,316,317,318,320,321,348,353,364,:
320:307,315,316,317,318,319,321,322,328,:
321:315,316,317,318,319,320,322,328,:
322:317,318,320,321,328,:
323:324,325,326,327,328,329,330,:
324:323,325,326,327,328,:
325:323,324,326,327,328,329,330,331,338,347,:
326:323,324,325,327,328,329,330,331,332,333,334,337,338,346,347,:
327:323,324,325,326,328,329,330,331,332,333,337,338,346,347,348,351,:
328:320,321,322,323,324,325,326,327,329,330,337,338,347,:
329:323,325,326,327,328,330,331,332,333,334,335,336,337,338,347,:
330:323,325,326,327,328,329,331,332,334,335,337,338,:
331:325,326,327,329,330,332,333,334,335,336,337,338,339,347,:
332:248,326,327,329,330,331,333,334,335,336,337,338,339,340,342,346,347,:
333:246,247,248,250,326,327,329,331,332,334,335,336,337,338,339,340,346,347,350,:
334:326,329,330,331,332,333,335,336,337,338,:
335:239,329,330,331,332,333,334,336,337,338,:
336:239,329,331,332,333,334,335,:
337:326,327,328,329,330,331,332,333,334,335,338,339,340,341,342,343,344,346,347,:
338:325,326,327,328,329,330,331,332,333,334,335,337,339,340,342,343,346,347,:
339:248,250,316,331,332,333,337,338,340,341,342,343,344,345,346,347,348,:
340:248,250,315,316,332,333,337,338,339,341,342,343,346,347,348,349,350,351,358,:
341:250,306,307,309,310,312,315,316,337,339,340,342,346,347,348,349,350,358,364,:
342:303,316,332,337,338,339,340,341,343,344,345,346,347,:
343:297,303,337,338,339,340,342,344,345,:
344:243,245,337,339,342,343,345,:
345:245,271,272,278,280,281,303,339,342,343,344,:
346:316,326,327,332,333,337,338,339,340,341,342,347,348,349,350,351,352,358,:
347:325,326,327,328,329,331,332,333,337,338,339,340,341,342,346,348,349,350,351,:
348:316,319,327,339,340,341,346,347,349,350,351,352,353,354,358,359,364,366,:
349:340,341,346,347,348,350,351,352,353,354,358,359,360,362,363,364,365,366,:
350:25,248,250,333,340,341,346,347,348,349,351,352,354,358,359,360,364,365,366,369,:
351:327,340,346,347,348,349,350,352,353,354,355,356,358,364,366,:
352:346,348,349,350,351,353,354,355,356,357,358,364,366,:
353:319,348,349,351,352,354,355,356,357,364,:
354:348,349,350,351,352,353,355,356,357,365,366,370,:
355:351,352,353,354,356,357,:
356:351,352,353,354,355,357,370,371,:
357:352,353,354,355,356,:
358:340,341,346,348,349,350,351,352,359,360,361,362,363,364,365,366,:
359:348,349,350,358,360,361,362,363,364,365,366,367,:
360:22,349,350,358,359,361,362,363,364,365,366,367,368,370,371,372,:
361:17,22,358,359,360,362,363,364,365,366,367,370,371,372,:
362:310,311,312,313,314,349,358,359,360,361,363,364,365,:
363:309,310,311,349,358,359,360,361,362,364,:
364:316,319,341,348,349,350,351,352,353,358,359,360,361,362,363,366,:
365:11,22,25,349,350,354,358,359,360,361,362,366,367,368,369,370,371,372,373,374,375,:
366:16,22,25,348,349,350,351,352,354,358,359,360,361,364,365,367,368,369,370,371,374,:
367:22,25,359,360,361,365,366,368,369,370,371,372,373,374,375,376,:
368:11,16,22,25,360,365,366,367,369,370,371,373,374,375,376,377,378,379,388,389,:
369:16,22,25,350,365,366,367,368,370,373,374,375,376,377,378,388,389,:
370:354,356,360,361,365,366,367,368,369,371,372,373,374,375,:
371:356,360,361,365,366,367,368,370,372,373,:
372:360,361,365,367,370,371,373,:
373:365,367,368,369,370,371,372,374,375,378,:
374:11,16,22,25,365,366,367,368,369,370,373,375,376,377,378,379,380,388,389,:
375:1,11,16,22,25,365,367,368,369,370,373,374,376,377,378,379,:
376:16,22,25,367,368,369,374,375,377,378,379,380,381,382,388,389,390,:
377:368,369,374,375,376,378,379,380,381,382,388,389,390,391,393,:
378:368,369,373,374,375,376,377,379,380,382,388,389,390,393,:
379:16,22,25,73,368,374,375,376,377,378,380,381,382,383,384,388,389,:
380:73,374,376,377,378,379,381,382,383,384,385,388,389,:
381:224,225,376,377,379,380,382,383,384,385,386,388,389,:
382:376,377,378,379,380,381,383,384,385,386,387,388,389,:
383:176,178,224,225,379,380,381,382,384,385,386,387,:
384:178,379,380,381,382,383,385,386,387,:
385:176,177,178,380,381,382,383,384,386,387,:
386:170,171,177,178,179,182,381,382,383,384,385,387,:
387:168,170,171,173,176,177,178,179,182,382,383,384,385,386,:
388:368,369,374,376,377,378,379,380,381,382,389,390,391,392,393,394,:
389:368,369,374,376,377,378,379,380,381,382,388,390,391,392,393,:
390:376,377,378,388,389,391,392,393,394,395,:
391:377,388,389,390,392,393,394,:
392:388,389,390,391,393,394,:
393:377,378,388,389,390,391,392,394,395,396,:
394:388,390,391,392,393,395,396,397,398,399,400,:
395:390,393,394,396,397,398,399,400,:
396:393,394,395,397,398,399,400,:
397:394,395,396,398,399,400,:
398:394,395,396,397,399,400,:
399:394,395,396,397,398,400,:
400:394,395,396,397,398,399,:
