1:2,3,4,5,11,12,13,15,17,47,54,55,58,59,63,67,74,202,206,208,450,453,457,:
2:1,3,4,5,6,10,11,12,13,14,17,18,20,47,53,54,55,59,63,64,67,68,74,:
3:1,2,4,5,11,12,13,17,18,20,21,22,27,53,55,63,64,67,68,74,209,563,:
4:1,2,3,5,6,7,10,11,12,13,17,47,48,52,53,54,55,63,64,:
5:1,2,3,4,6,7,8,10,11,12,13,47,48,52,53,54,55,450,:
6:2,4,5,7,8,9,10,11,47,48,50,51,52,53,55,450,:
7:4,5,6,8,9,10,11,47,48,49,50,51,52,53,381,390,:
8:5,6,7,9,10,11,48,49,50,51,52,380,381,389,390,391,394,395,397,:
9:6,7,8,10,48,49,50,51,381,385,390,394,395,397,:
10:2,4,5,6,7,8,9,11,47,48,52,53,376,379,381,390,393,414,:
11:1,2,3,4,5,6,7,8,10,12,13,17,47,48,52,53,54,55,63,64,376,379,:
12:1,2,3,4,5,11,13,14,15,16,17,18,19,20,21,47,53,54,55,56,57,58,59,63,64,65,67,68,:
13:1,2,3,4,5,11,12,14,15,16,17,18,47,54,55,56,57,58,59,60,61,62,63,64,65,67,373,:
14:2,12,13,15,16,17,18,54,55,56,57,58,59,60,61,62,64,65,126,373,:
15:1,12,13,14,16,17,18,54,55,56,57,58,59,60,61,62,65,67,457,:
16:12,13,14,15,54,55,56,57,58,59,60,61,62,108,263,373,:
17:1,2,3,4,11,12,13,14,15,18,19,20,21,28,53,54,55,56,59,63,64,65,66,67,68,69,358,373,:
18:2,3,12,13,14,15,17,19,20,21,22,28,29,30,54,56,59,63,64,65,66,67,68,69,75,124,125,126,358,:
19:12,17,18,20,21,28,56,63,64,65,66,67,68,69,75,124,125,126,136,137,138,139,140,141,357,358,359,:
20:2,3,12,17,18,19,21,22,23,27,28,29,30,31,59,63,64,65,66,67,68,69,70,74,75,140,358,:
21:3,12,17,18,19,20,22,23,24,26,27,28,29,30,63,65,66,67,68,69,70,74,75,140,358,563,:
22:3,18,20,21,23,24,25,26,27,28,29,30,67,68,69,70,71,72,73,74,75,78,140,:
23:20,21,22,24,25,26,27,28,29,32,33,35,36,67,68,69,70,71,72,73,74,75,78,140,340,:
24:21,22,23,25,26,27,33,35,36,37,41,70,71,72,73,74,78,82,543,:
25:22,23,24,26,27,41,44,70,71,72,73,74,78,82,:
26:21,22,23,24,25,27,70,71,72,73,74,78,82,201,:
27:3,20,21,22,23,24,25,26,28,29,30,67,68,69,70,71,72,73,74,78,202,563,:
28:17,18,19,20,21,22,23,27,29,30,31,32,33,35,59,65,66,67,68,69,70,74,75,76,78,139,140,:
29:18,20,21,22,23,27,28,30,31,32,33,35,36,59,65,67,69,70,75,76,77,78,:
30:18,20,21,22,27,28,29,31,32,35,59,65,67,74,75,76,77,78,198,202,457,464,:
31:20,28,29,30,32,33,34,35,36,37,75,76,77,78,:
32:23,28,29,30,31,33,34,35,36,37,70,75,76,77,78,140,143,144,146,147,148,:
33:23,24,28,29,31,32,34,35,36,37,38,41,70,71,75,76,77,78,79,82,140,147,148,:
34:31,32,33,35,36,37,38,76,79,140,144,147,148,149,152,153,154,155,325,331,:
35:23,24,28,29,30,31,32,33,34,36,37,38,41,75,76,77,78,82,195,198,:
36:23,24,29,31,32,33,34,35,37,38,39,41,42,71,75,76,77,78,79,82,148,195,:
37:24,31,32,33,34,35,36,38,39,40,41,42,43,71,77,78,79,80,81,82,195,:
38:33,34,35,36,37,39,40,41,42,77,79,80,81,82,155,330,331,332,:
39:36,37,38,40,41,42,43,79,80,81,82,330,331,332,:
40:37,38,39,41,42,43,44,45,46,79,80,81,82,:
41:24,25,33,35,36,37,38,39,40,42,43,44,45,46,71,72,77,78,79,80,81,82,194,195,:
42:36,37,38,39,40,41,43,44,45,46,72,79,80,81,82,:
43:37,39,40,41,42,44,45,46,72,81,82,:
44:25,40,41,42,43,45,46,72,81,82,533,534,:
45:40,41,42,43,44,46,81,82,231,:
46:40,41,42,43,44,45,72,81,82,193,194,195,196,197,200,229,231,:
47:1,2,4,5,6,7,10,11,12,13,48,54,55,449,450,451,453,:
48:4,5,6,7,8,9,10,11,47,49,50,51,442,447,450,:
49:7,8,9,48,50,51,385,389,390,394,395,396,397,:
50:6,7,8,9,48,49,51,397,442,444,:
51:6,7,8,9,48,49,50,381,385,386,388,390,:
52:4,5,6,7,8,10,11,53,376,377,379,380,381,389,390,391,392,393,414,:
53:2,3,4,5,6,7,10,11,12,17,52,54,63,64,68,376,379,562,563,:
54:1,2,4,5,11,12,13,14,15,16,17,18,47,53,55,56,58,59,60,61,62,63,64,65,372,373,376,:
55:1,2,3,4,5,6,11,12,13,14,15,16,17,47,54,56,57,58,59,60,61,62,64,450,453,:
56:12,13,14,15,16,17,18,19,54,55,57,58,59,60,61,62,63,64,65,124,126,373,:
57:12,13,14,15,16,55,56,58,59,60,61,62,65,126,283,284,:
58:1,12,13,14,15,16,54,55,56,57,59,60,61,62,65,255,256,453,454,456,457,:
59:1,2,12,13,14,15,16,17,18,20,28,29,30,54,55,56,57,58,61,62,64,65,67,457,:
60:13,14,15,16,54,55,56,57,58,61,62,64,108,263,373,:
61:13,14,15,16,54,55,56,57,58,59,60,62,255,263,:
62:13,14,15,16,54,55,56,57,58,59,60,61,108,263,283,:
63:1,2,3,4,11,12,13,17,18,19,20,21,53,54,56,64,65,66,67,68,69,357,358,379,:
64:2,3,4,11,12,13,14,17,18,19,20,53,54,55,56,59,60,63,65,66,67,68,125,126,357,358,359,371,372,373,374,376,379,:
65:12,13,14,15,17,18,19,20,21,28,29,30,54,56,57,58,59,63,64,66,67,68,69,75,124,125,126,:
66:17,18,19,20,21,28,63,64,65,67,68,69,75,124,125,126,136,137,138,139,140,141,142,143,146,357,358,359,:
67:1,2,3,12,13,15,17,18,19,20,21,22,23,27,28,29,30,59,63,64,65,66,68,69,74,75,:
68:2,3,12,17,18,19,20,21,22,23,27,28,53,63,64,65,66,67,69,70,74,75,358,561,563,:
69:17,18,19,20,21,22,23,27,28,29,63,65,66,67,68,70,74,75,138,139,140,340,357,358,:
70:20,21,22,23,24,25,26,27,28,29,32,33,68,69,71,75,78,139,140,340,:
71:22,23,24,25,26,27,33,36,37,41,70,72,78,82,543,:
72:22,23,24,25,26,27,41,42,43,44,46,71,73,78,82,533,534,543,:
73:22,23,24,25,26,27,72,74,78,82,199,200,201,202,203,206,207,534,535,:
74:1,2,3,20,21,22,23,24,25,26,27,28,30,67,68,69,73,201,202,203,206,207,563,:
75:18,19,20,21,22,23,28,29,30,31,32,33,35,36,65,66,67,68,69,70,76,78,139,140,141,143,146,:
76:28,29,30,31,32,33,34,35,36,75,77,78,464,:
77:29,30,31,32,33,35,36,37,38,41,76,78,82,194,195,196,198,:
78:22,23,24,25,26,27,28,29,30,31,32,33,35,36,37,41,70,71,72,73,75,76,77,82,195,198,:
79:33,34,36,37,38,39,40,41,42,80,148,152,153,155,330,331,332,:
80:37,38,39,40,41,42,79,81,155,330,331,332,:
81:37,38,39,40,41,42,43,44,45,46,80,:
82:24,25,26,33,35,36,37,38,39,40,41,42,43,44,45,46,71,72,73,77,78,194,195,196,198,:
83:84,85,86,87,88,89,586,588,589,590,591,592,:
84:83,85,86,87,88,89,588,589,591,592,594,:
85:83,84,86,87,88,89,90,586,587,588,:
86:83,84,85,87,88,89,:
87:83,84,85,86,88,:
88:83,84,85,86,87,89,90,91,92,107,:
89:83,84,85,86,88,90,91,92,93,95,387,587,588,592,593,594,:
90:85,88,89,91,92,93,94,95,96,97,98,387,593,:
91:88,89,90,92,93,94,95,96,97,98,99,386,387,388,593,:
92:88,89,90,91,93,94,95,97,98,99,386,387,388,593,:
93:89,90,91,92,94,95,96,97,98,99,386,387,388,:
94:90,91,92,93,95,96,97,98,99,387,388,:
95:89,90,91,92,93,94,96,97,99,:
96:90,91,93,94,95,97,98,99,388,:
97:90,91,92,93,94,95,96,98,99,386,387,388,:
98:90,91,92,93,94,96,97,99,386,387,388,:
99:91,92,93,94,95,96,97,98,386,388,:
100:101,102,103,104,105,106,109,110,268,269,286,:
101:100,102,103,104,105,268,269,276,278,286,:
102:100,101,103,104,105,106,107,108,109,110,111,269,286,:
103:100,101,102,104,105,106,107,109,110,111,112,113,114,118,119,285,286,:
104:100,101,102,103,105,106,109,110,111,112,118,119,123,278,279,285,286,287,289,290,:
105:100,101,102,103,104,106,107,108,109,110,269,:
106:100,102,103,104,105,107,108,109,110,:
107:88,102,103,105,106,108,110,:
108:16,60,62,102,105,106,107,371,373,:
109:100,102,103,104,105,106,110,111,112,113,114,115,117,118,119,286,:
110:100,102,103,104,105,106,107,109,111,112,113,114,115,117,:
111:102,103,104,109,110,112,113,114,115,116,117,118,119,120,286,:
112:103,104,109,110,111,113,114,115,118,119,120,121,123,127,128,289,366,367,:
113:103,109,110,111,112,114,118,119,120,121,123,128,363,364,365,366,367,369,:
114:103,109,110,111,112,113,115,116,117,118,119,:
115:109,110,111,112,114,116,117,:
116:111,114,115,117,:
117:109,110,111,114,115,116,:
118:103,104,109,111,112,113,114,119,120,121,122,123,124,127,128,289,366,367,:
119:103,104,109,111,112,113,114,118,120,121,122,123,127,128,286,288,289,:
120:111,112,113,118,119,121,122,123,124,125,126,127,128,129,137,142,289,366,367,369,370,:
121:112,113,118,119,120,122,123,124,125,127,128,129,130,132,136,137,141,142,289,366,367,370,:
122:118,119,120,121,123,124,125,127,128,129,130,131,136,137,141,142,143,145,146,289,296,:
123:104,112,113,118,119,120,121,122,124,125,126,127,128,142,146,289,:
124:18,19,56,65,66,118,120,121,122,123,125,126,137,141,142,146,370,371,:
125:18,19,64,65,66,120,121,122,123,124,126,127,128,136,137,138,139,141,142,146,357,359,369,370,371,:
126:14,18,19,56,57,64,65,66,120,123,124,125,146,281,283,284,:
127:112,118,119,120,121,122,123,125,128,129,130,131,132,133,134,135,136,137,142,361,366,367,370,:
128:112,113,118,119,120,121,122,123,125,127,129,130,132,133,134,135,136,137,359,360,361,362,363,365,366,367,368,369,370,:
129:120,121,122,127,128,130,131,132,133,134,135,136,137,138,142,361,:
130:121,122,127,128,129,131,132,133,134,135,136,137,138,139,141,142,:
131:122,127,129,130,132,133,134,136,137,138,139,141,142,305,306,308,:
132:121,127,128,129,130,131,133,134,135,136,137,346,361,366,:
133:127,128,129,130,131,132,134,135,136,137,345,346,351,353,354,360,361,362,365,366,368,:
134:127,128,129,130,131,132,133,135,136,137,138,345,346,351,353,354,356,359,360,361,:
135:127,128,129,130,132,133,134,361,366,368,:
136:19,66,121,122,125,127,128,129,130,131,132,133,134,137,138,139,140,141,142,357,359,:
137:19,66,120,121,122,124,125,127,128,129,130,131,132,133,134,136,138,139,141,142,353,356,357,358,359,360,361,369,370,:
138:19,66,69,125,129,130,131,134,136,137,139,140,141,142,143,340,357,358,359,:
139:19,28,66,69,70,75,125,130,131,136,137,138,140,141,142,143,144,146,148,:
140:19,20,21,22,23,28,32,33,34,66,69,70,75,136,138,139,141,142,143,144,146,148,340,:
141:19,66,75,121,122,124,125,130,131,136,137,138,139,140,142,143,144,145,146,147,148,:
142:66,120,121,122,123,124,125,127,129,130,131,136,137,138,139,140,141,143,144,145,146,:
143:32,66,75,122,138,139,140,141,142,144,145,146,147,148,149,157,:
144:32,34,139,140,141,142,143,145,146,147,148,149,150,151,152,156,157,300,:
145:122,141,142,143,144,146,147,148,149,150,151,156,157,296,297,299,300,301,304,305,308,:
146:32,66,75,122,123,124,125,126,139,140,141,142,143,144,145,147,148,157,160,284,:
147:32,33,34,141,143,144,145,146,148,149,150,151,152,153,154,156,157,300,308,:
148:32,33,34,36,79,139,140,141,143,144,145,146,147,149,150,152,153,154,155,156,157,:
149:34,143,144,145,147,148,150,151,152,153,154,155,156,157,158,300,308,313,314,:
150:144,145,147,148,149,151,152,153,156,157,158,159,160,161,162,163,299,300,:
151:144,145,147,149,150,152,156,157,158,159,163,299,300,301,302,304,:
152:34,79,144,147,148,149,150,151,153,154,155,156,157,162,163,314,:
153:34,79,147,148,149,150,152,154,155,313,314,315,324,325,330,331,:
154:34,147,148,149,152,153,155,307,308,309,313,314,315,322,323,324,325,326,330,331,:
155:34,38,79,80,148,149,152,153,154,314,324,325,326,330,331,332,:
156:144,145,147,148,149,150,151,152,157,158,159,160,161,162,163,164,165,166,300,:
157:143,144,145,146,147,148,149,150,151,152,156,158,159,160,161,162,163,164,:
158:149,150,151,156,157,159,160,161,162,163,164,165,166,167,:
159:150,151,156,157,158,160,161,162,165,166,167,168,169,170,171,172,174,175,294,295,296,:
160:146,150,156,157,158,159,161,165,166,167,168,174,175,181,294,295,296,:
161:150,156,157,158,159,160,162,163,164,165,166,:
162:150,152,156,157,158,159,161,163,164,:
163:150,151,152,156,157,158,161,162,164,:
164:156,157,158,161,162,163,:
165:156,158,159,160,161,166,167,168,169,170,171,172,173,174,175,294,295,:
166:156,158,159,160,161,165,167,168,169,170,171,172,295,:
167:158,159,160,165,166,168,169,170,171,172,173,174,175,176,280,294,295,:
168:159,160,165,166,167,169,170,171,173,174,175,176,177,179,181,280,:
169:159,165,166,167,168,170,173,174,175,176,177,179,181,:
170:159,165,166,167,168,169,171,172,173,174,175,280,294,295,:
171:159,165,166,167,168,170,172,173,287,288,294,295,296,298,:
172:159,165,166,167,170,171,173,294,295,296,297,298,:
173:165,167,168,169,170,171,172,174,175,280,295,:
174:159,160,165,167,168,169,170,173,175,176,177,178,179,180,181,277,280,282,:
175:159,160,165,167,168,169,170,173,174,176,177,178,179,181,276,277,278,279,280,281,282,284,295,:
176:167,168,169,174,175,177,178,179,180,181,277,:
177:168,169,174,175,176,178,179,180,181,249,277,280,:
178:174,175,176,177,179,180,249,261,267,268,276,277,278,279,280,282,:
179:168,169,174,175,176,177,178,180,181,282,:
180:174,176,177,178,179,181,246,249,:
181:160,168,169,174,175,176,177,179,180,190,:
182:183,184,185,186,187,188,189,191,192,233,236,:
183:182,184,185,186,187,188,189,232,233,234,235,236,238,:
184:182,183,185,186,187,188,189,190,191,192,193,233,:
185:182,183,184,186,187,188,189,191,192,193,194,195,228,230,233,:
186:182,183,184,185,187,188,191,192,193,194,222,223,225,226,228,232,233,234,236,238,:
187:182,183,184,185,186,188,189,190,191,192,:
188:182,183,184,185,186,187,189,190,191,238,:
189:182,183,184,185,187,188,190,:
190:181,184,187,188,189,:
191:182,184,185,186,187,188,192,193,194,195,196,197,228,230,:
192:182,184,185,186,187,191,193,194,195,228,230,:
193:46,184,185,186,191,192,194,195,196,197,198,219,226,227,228,229,230,231,:
194:41,46,77,82,185,186,191,192,193,195,196,197,198,199,200,219,:
195:35,36,37,41,46,77,78,82,185,191,192,193,194,196,197,198,:
196:46,77,82,191,193,194,195,197,198,199,200,201,202,216,218,219,463,:
197:46,191,193,194,195,196,198,199,200,201,215,216,217,218,219,220,460,:
198:30,35,77,78,82,193,194,195,196,197,199,200,201,202,203,211,216,219,460,461,463,:
199:73,194,196,197,198,200,201,202,203,204,206,210,211,215,216,219,460,:
200:46,73,194,196,197,198,199,201,202,203,204,205,210,211,215,216,219,:
201:26,73,74,196,197,198,199,200,202,203,204,205,206,207,208,210,211,216,460,:
202:1,27,30,73,74,196,198,199,200,201,203,204,206,208,210,211,456,457,460,:
203:73,74,198,199,200,201,202,204,205,206,207,208,209,210,211,212,216,:
204:199,200,201,202,203,205,206,207,208,210,211,212,213,215,216,460,:
205:200,201,203,204,206,207,208,210,211,212,213,215,216,494,:
206:1,73,74,199,201,202,203,204,205,207,208,209,210,211,:
207:73,74,201,203,204,205,206,208,209,495,:
208:1,201,202,203,204,205,206,207,209,210,211,451,452,453,:
209:3,203,206,207,208,495,:
210:199,200,201,202,203,204,205,206,208,211,212,213,214,215,216,460,:
211:198,199,200,201,202,203,204,205,206,208,210,212,213,215,216,459,460,471,:
212:203,204,205,210,211,213,214,215,216,217,460,468,470,471,473,474,:
213:204,205,210,211,212,214,215,216,217,218,219,460,467,468,469,:
214:210,212,213,215,216,217,468,469,:
215:197,199,200,204,205,210,211,212,213,214,216,217,218,219,220,221,460,467,:
216:196,197,198,199,200,201,203,204,205,210,211,212,213,214,215,217,218,219,460,:
217:197,212,213,214,215,216,218,219,220,221,222,:
218:196,197,213,215,216,217,219,220,221,222,223,224,225,226,227,467,:
219:193,194,196,197,198,199,200,213,215,216,217,218,220,221,222,223,225,227,460,467,:
220:197,215,217,218,219,221,222,223,224,225,226,227,232,233,:
221:215,217,218,219,220,222,223,224,225,226,227,:
222:186,217,218,219,220,221,223,224,225,226,227,228,232,233,234,:
223:186,218,219,220,221,222,224,225,226,232,233,234,235,236,237,239,:
224:218,220,221,222,223,225,232,233,234,237,239,:
225:186,218,219,220,221,222,223,224,226,227,228,229,230,232,233,:
226:186,193,218,220,221,222,223,225,227,228,229,230,231,:
227:193,218,219,220,221,222,225,226,228,229,230,231,:
228:185,186,191,192,193,222,225,226,227,229,230,231,:
229:46,193,225,226,227,228,230,231,:
230:185,191,192,193,225,226,227,228,229,231,:
231:45,46,193,226,227,228,229,230,:
232:183,186,220,222,223,224,225,233,234,235,236,237,238,239,:
233:182,183,184,185,186,220,222,223,224,225,232,234,235,236,237,238,239,:
234:183,186,222,223,224,232,233,235,236,237,238,239,240,:
235:183,223,232,233,234,236,237,238,239,:
236:182,183,186,223,232,233,234,235,237,238,:
237:223,224,232,233,234,235,236,238,239,240,:
238:183,186,188,232,233,234,235,236,237,239,240,463,:
239:223,224,232,233,234,235,237,238,240,465,466,467,:
240:234,237,238,239,463,:
241:242,243,244,245,246,247,248,249,250,:
242:241,243,244,245,246,247,249,:
243:241,242,244,245,246,247,248,249,250,251,256,258,:
244:241,242,243,245,246,247,248,249,250,251,252,254,255,256,257,258,:
245:241,242,243,244,246,247,248,249,250,251,252,253,256,257,258,:
246:180,241,242,243,244,245,247,248,249,250,256,258,261,:
247:241,242,243,244,245,246,248,249,250,256,257,258,260,261,462,:
248:241,243,244,245,246,247,249,250,251,252,255,256,257,258,259,260,261,:
249:177,178,180,241,242,243,244,245,246,247,248,258,260,261,:
250:241,243,244,245,246,247,248,251,252,253,254,255,256,257,258,:
251:243,244,245,248,250,252,253,254,255,256,257,258,259,:
252:244,245,248,250,251,253,254,255,256,257,258,259,260,261,262,263,:
253:245,250,251,252,254,257,258,259,262,:
254:244,250,251,252,253,255,256,257,258,:
255:58,61,244,248,250,251,252,254,256,257,258,453,454,455,:
256:58,243,244,245,246,247,248,250,251,252,254,255,257,258,454,455,456,458,462,:
257:244,245,247,248,250,251,252,253,254,255,256,258,259,260,261,262,263,264,265,266,:
258:243,244,245,246,247,248,249,250,251,252,253,254,255,256,257,259,260,261,262,263,265,:
259:248,251,252,253,257,258,260,261,262,263,264,265,266,267,:
260:247,248,249,252,257,258,259,261,262,263,264,265,266,267,268,269,270,276,277,:
261:178,246,247,248,249,252,257,258,259,260,262,263,265,266,267,268,269,276,277,283,:
262:252,253,257,258,259,260,261,263,264,265,266,:
263:16,60,61,62,252,257,258,259,260,261,262,264,265,283,:
264:257,259,260,262,263,265,266,269,:
265:257,258,259,260,261,262,263,264,266,267,268,269,270,271,272,273,276,277,:
266:257,259,260,261,262,264,265,267,268,269,270,271,272,273,275,:
267:178,259,260,261,265,266,268,269,270,271,272,273,275,276,277,278,:
268:100,101,178,260,261,265,266,267,269,270,271,276,277,278,279,281,283,:
269:100,101,102,105,260,261,264,265,266,267,268,270,276,277,278,279,281,283,:
270:260,265,266,267,268,269,271,272,273,274,275,276,277,:
271:265,266,267,268,270,272,273,274,275,:
272:265,266,267,270,271,273,274,275,:
273:265,266,267,270,271,272,274,275,:
274:270,271,272,273,275,:
275:266,267,270,271,272,273,274,:
276:101,175,178,260,261,265,267,268,269,270,277,278,279,280,281,282,283,285,286,:
277:174,175,176,177,178,260,261,265,267,268,269,270,276,278,279,280,281,282,283,:
278:101,104,175,178,267,268,269,276,277,279,280,281,282,283,284,285,286,287,:
279:104,175,178,268,269,276,277,278,280,281,282,283,285,286,287,288,289,290,291,293,294,295,:
280:167,168,170,173,174,175,177,178,276,277,278,279,281,282,285,286,287,288,293,294,295,:
281:126,175,268,269,276,277,278,279,280,282,283,284,285,286,:
282:174,175,178,179,276,277,278,279,280,281,283,284,:
283:57,62,126,261,263,268,269,276,277,278,279,281,282,284,:
284:57,126,146,175,278,281,282,283,:
285:103,104,276,278,279,280,281,286,287,288,289,290,291,292,293,294,295,:
286:100,101,102,103,104,109,111,119,276,278,279,280,281,285,287,288,289,290,291,293,294,:
287:104,171,278,279,280,285,286,288,289,290,291,292,293,294,295,296,:
288:119,171,279,280,285,286,287,289,290,291,292,294,295,296,297,298,:
289:104,112,118,119,120,121,122,123,279,285,286,287,288,290,292,294,295,296,297,298,:
290:104,279,285,286,287,288,289,291,292,293,294,295,:
291:279,285,286,287,288,290,292,293,:
292:285,287,288,289,290,291,293,294,295,298,:
293:279,280,285,286,287,290,291,292,:
294:159,160,165,167,170,171,172,279,280,285,286,287,288,289,290,292,295,296,297,298,299,300,:
295:159,160,165,166,167,170,171,172,173,175,279,280,285,287,288,289,290,292,294,296,297,298,:
296:122,145,159,160,171,172,287,288,289,294,295,297,298,299,300,301,:
297:145,172,288,289,294,295,296,298,299,300,301,302,304,:
298:171,172,288,289,292,294,295,296,297,299,300,301,302,303,:
299:145,150,151,294,296,297,298,300,301,302,303,304,305,:
300:144,145,147,149,150,151,156,294,296,297,298,299,301,302,304,305,:
301:145,151,296,297,298,299,300,302,303,304,305,306,:
302:151,297,298,299,300,301,303,304,305,:
303:298,299,301,302,304,:
304:145,151,297,299,300,301,302,303,305,306,307,308,309,310,311,:
305:131,145,299,300,301,302,304,306,307,308,309,310,311,:
306:131,301,304,305,307,308,309,310,311,312,313,314,:
307:154,304,305,306,308,309,310,311,312,313,314,315,316,318,322,:
308:131,145,147,149,154,304,305,306,307,309,310,311,313,314,315,318,322,:
309:154,304,305,306,307,308,310,311,312,313,314,315,316,317,318,:
310:304,305,306,307,308,309,311,312,313,314,315,316,:
311:304,305,306,307,308,309,310,312,313,315,:
312:306,307,309,310,311,313,314,315,:
313:149,153,154,306,307,308,309,310,311,312,314,315,316,317,322,325,:
314:149,152,153,154,155,306,307,308,309,310,312,313,315,322,323,324,325,:
315:153,154,307,308,309,310,311,312,313,314,317,:
316:307,309,310,313,317,318,319,320,321,322,:
317:309,313,315,316,318,319,320,321,322,323,:
318:307,308,309,316,317,319,320,321,322,323,:
319:316,317,318,320,321,322,:
320:316,317,318,319,321,:
321:316,317,318,319,320,322,323,324,341,:
322:154,307,308,313,314,316,317,318,319,321,323,324,325,326,328,:
323:154,314,317,318,321,322,324,325,326,327,328,329,330,331,:
324:153,154,155,314,321,322,323,325,326,327,328,329,330,331,332,:
325:34,153,154,155,313,314,322,323,324,326,327,328,330,331,332,:
326:154,155,322,323,324,325,327,328,329,330,331,332,:
327:323,324,325,326,328,329,330,331,332,:
328:322,323,324,325,326,327,329,330,332,:
329:323,324,326,327,328,330,331,332,:
330:38,39,79,80,153,154,155,323,324,325,326,327,328,329,331,332,:
331:34,38,39,79,80,153,154,155,323,324,325,326,327,329,330,332,:
332:38,39,79,80,155,324,325,326,327,328,329,330,331,:
333:334,335,336,337,338,339,342,343,547,548,565,:
334:333,335,336,337,338,339,542,547,548,555,557,565,:
335:333,334,336,337,338,339,340,341,342,343,344,548,565,:
336:333,334,335,337,338,339,342,343,344,345,346,347,351,352,565,:
337:333,334,335,336,338,342,343,344,345,351,352,356,557,558,564,565,566,567,568,569,570,:
338:333,334,335,336,337,339,340,341,342,343,548,:
339:333,334,335,336,338,340,341,542,:
340:23,69,70,138,140,335,338,339,341,542,:
341:321,335,338,339,340,:
342:333,335,336,337,338,343,344,345,346,347,348,350,351,352,:
343:333,335,336,337,338,342,344,345,346,347,348,350,:
344:335,336,337,342,343,345,346,347,348,349,350,351,352,353,:
345:133,134,336,337,342,343,344,346,347,348,351,352,353,354,356,360,361,568,:
346:132,133,134,336,342,343,344,345,347,351,352,353,354,356,360,361,:
347:336,342,343,344,345,346,348,349,350,351,352,:
348:342,343,344,345,347,349,350,:
349:344,347,348,350,:
350:342,343,344,347,348,349,:
351:133,134,336,337,342,344,345,346,347,352,353,354,355,356,357,360,361,568,:
352:336,337,342,344,345,346,347,351,353,354,355,356,360,565,566,567,568,:
353:133,134,137,344,345,346,351,352,354,355,356,357,358,359,360,361,362,370,568,:
354:133,134,345,346,351,352,353,355,356,357,359,360,361,362,363,365,369,370,374,375,568,:
355:351,352,353,354,356,357,359,360,361,362,363,364,369,370,374,375,376,378,379,568,575,579,:
356:134,137,337,345,346,351,352,353,354,355,357,358,359,360,361,370,375,562,568,:
357:19,63,64,66,69,125,136,137,138,351,353,354,355,356,358,359,360,369,370,374,375,379,:
358:17,18,19,20,21,63,64,66,68,69,137,138,353,356,357,359,379,562,:
359:19,64,66,125,128,134,136,137,138,353,354,355,356,357,358,360,361,363,369,370,371,372,374,375,:
360:128,133,134,137,345,346,351,352,353,354,355,356,357,359,361,362,363,364,365,366,367,368,369,370,375,:
361:127,128,129,132,133,134,135,137,345,346,351,353,354,355,356,359,360,362,363,365,366,367,368,369,370,:
362:128,133,353,354,355,360,361,363,364,365,366,367,368,369,370,371,375,:
363:113,128,354,355,359,360,361,362,364,365,366,367,368,369,370,371,372,374,375,:
364:113,355,360,362,363,365,366,367,369,370,371,372,374,375,584,585,587,:
365:113,128,133,354,360,361,362,363,364,366,367,368,369,370,:
366:112,113,118,120,121,127,128,132,133,135,360,361,362,363,364,365,367,368,369,370,:
367:112,113,118,120,121,127,128,360,361,362,363,364,365,366,368,369,370,371,:
368:128,133,135,360,361,362,363,365,366,367,:
369:113,120,125,128,137,354,355,357,359,360,361,362,363,364,365,366,367,370,371,372,373,374,375,:
370:120,121,124,125,127,128,137,353,354,355,356,357,359,360,361,362,363,364,365,366,367,369,371,372,374,375,:
371:64,108,124,125,359,362,363,364,367,369,370,372,373,374,375,376,:
372:54,64,359,363,364,369,370,371,373,374,375,376,377,379,381,:
373:13,14,16,17,54,56,60,64,108,369,371,372,374,375,376,377,381,:
374:64,354,355,357,359,363,364,369,370,371,372,373,375,376,377,378,379,380,381,:
375:354,355,356,357,359,360,362,363,364,369,370,371,372,373,374,376,377,378,379,:
376:10,11,52,53,54,64,355,371,372,373,374,375,377,378,379,380,381,382,390,:
377:52,372,373,374,375,376,378,379,380,381,382,383,384,385,389,390,579,587,:
378:355,374,375,376,377,379,380,381,382,383,384,389,390,575,576,578,579,580,583,584,587,:
379:10,11,52,53,63,64,355,357,358,372,374,375,376,377,378,380,381,390,393,562,575,:
380:8,52,374,376,377,378,379,381,382,383,384,385,386,387,389,390,579,587,:
381:7,8,9,10,51,52,372,373,374,376,377,378,379,380,382,383,385,386,387,388,389,390,:
382:376,377,378,380,381,383,384,385,386,387,388,389,390,391,579,587,592,593,:
383:377,378,380,381,382,384,385,386,389,390,391,392,393,394,395,396,578,579,596,:
384:377,378,380,382,383,385,389,390,391,392,394,395,396,578,579,580,583,595,596,602,:
385:9,49,51,377,380,381,382,383,384,386,387,388,389,390,396,592,593,:
386:51,91,92,93,97,98,99,380,381,382,383,385,387,388,592,593,594,:
387:89,90,91,92,93,94,97,98,380,381,382,385,386,388,586,587,588,592,593,594,:
388:51,91,92,93,94,96,97,98,99,381,382,385,386,387,593,:
389:8,49,52,377,378,380,381,382,383,384,385,390,391,392,393,394,395,396,397,398,399,579,:
390:7,8,9,10,49,51,52,376,377,378,379,380,381,382,383,384,385,389,391,392,393,394,395,396,:
391:8,52,382,383,384,389,390,392,393,394,395,396,397,398,399,400,602,:
392:52,383,384,389,390,391,393,394,395,398,399,400,401,402,403,404,405,407,574,575,602,:
393:10,52,379,383,389,390,391,392,394,398,399,400,401,407,408,414,573,574,575,:
394:8,9,49,383,384,389,390,391,392,393,395,396,397,398,399,511,:
395:8,9,49,383,384,389,390,391,392,394,396,397,:
396:49,383,384,385,389,390,391,394,395,397,:
397:8,9,49,50,389,391,394,395,396,424,426,427,511,:
398:389,391,392,393,394,399,400,401,402,403,404,405,406,407,408,574,602,:
399:389,391,392,393,394,398,400,401,402,403,404,405,574,601,602,603,604,:
400:391,392,393,398,399,401,402,403,404,405,406,407,408,409,559,573,574,602,:
401:392,393,398,399,400,402,403,404,406,407,408,409,410,412,414,504,505,559,:
402:392,398,399,400,401,403,406,407,408,409,410,412,414,504,505,506,508,509,510,:
403:392,398,399,400,401,402,404,405,406,407,408,559,573,574,602,604,:
404:392,398,399,400,401,403,405,406,566,567,573,574,575,577,601,602,603,604,:
405:392,398,399,400,403,404,406,573,574,575,576,577,596,601,602,603,604,:
406:398,400,401,402,403,404,405,407,408,559,572,574,:
407:392,393,398,400,401,402,403,406,408,409,410,411,412,413,414,505,556,558,559,:
408:393,398,400,401,402,403,406,407,409,410,411,412,414,555,556,557,558,559,560,562,574,:
409:400,401,402,407,408,410,411,412,413,414,505,508,556,559,:
410:401,402,407,408,409,411,412,413,414,508,555,556,559,:
411:407,408,409,410,412,413,540,546,547,555,556,557,558,559,560,:
412:401,402,407,408,409,410,411,413,414,:
413:407,409,410,411,412,414,508,528,:
414:10,52,393,401,402,407,408,409,410,412,413,445,:
415:416,417,418,419,420,421,428,429,497,500,:
416:415,417,418,419,420,428,496,497,499,500,:
417:415,416,418,419,420,421,422,428,429,430,497,500,:
418:415,416,417,419,420,421,428,429,430,431,432,433,434,496,497,500,503,:
419:415,416,417,418,420,421,428,429,430,431,433,491,496,497,498,499,500,503,:
420:415,416,417,418,419,421,422,423,428,429,503,:
421:415,417,418,419,420,422,423,424,425,428,429,431,432,:
422:417,420,421,423,424,425,426,427,:
423:420,421,422,424,425,426,427,444,:
424:397,421,422,423,425,426,427,:
425:421,422,423,424,426,427,:
426:397,422,423,424,425,427,:
427:397,422,423,424,425,426,:
428:415,416,417,418,419,420,421,429,430,431,432,433,434,437,438,497,:
429:415,417,418,419,420,421,428,430,431,432,433,434,:
430:417,418,419,428,429,431,432,433,434,435,437,438,439,491,:
431:418,419,421,428,429,430,432,433,434,437,438,439,440,441,442,444,491,:
432:418,421,428,429,430,431,433,437,438,439,442,444,:
433:418,419,428,429,430,431,432,434,435,436,437,438,483,:
434:418,428,429,430,431,433,435,436,:
435:430,433,434,436,491,:
436:433,434,435,480,:
437:428,430,431,432,433,438,439,440,441,442,443,444,446,447,483,488,491,:
438:428,430,431,432,433,437,439,440,441,442,443,444,446,487,488,489,490,491,:
439:430,431,432,437,438,440,441,442,443,444,445,446,447,448,483,488,:
440:431,437,438,439,441,442,443,444,446,447,448,449,450,481,483,485,488,:
441:431,437,438,439,440,442,443,446,447,448,449,477,478,480,481,483,487,488,491,:
442:48,50,431,432,437,438,439,440,441,443,444,445,446,447,:
443:437,438,439,440,441,442,444,445,446,493,:
444:50,423,431,432,437,438,439,440,442,443,445,511,:
445:414,439,442,443,444,:
446:437,438,439,440,441,442,443,447,448,449,450,451,452,483,485,:
447:48,437,439,440,441,442,446,448,449,450,483,485,:
448:439,440,441,446,447,449,450,451,452,453,474,481,483,485,486,:
449:47,440,441,446,447,448,450,451,452,453,454,455,474,:
450:1,5,6,47,48,55,440,446,447,448,449,451,452,453,:
451:47,208,446,448,449,450,452,453,454,455,456,457,471,474,:
452:208,446,448,449,450,451,453,454,455,456,470,471,472,473,474,475,:
453:1,47,55,58,208,255,448,449,450,451,452,454,455,456,457,458,474,:
454:58,255,256,449,451,452,453,455,456,457,458,459,460,461,465,466,471,474,:
455:255,256,449,451,452,453,454,456,457,458,459,460,465,466,470,471,472,474,:
456:58,202,256,451,452,453,454,455,457,458,459,460,461,462,463,465,466,471,:
457:1,15,30,58,59,202,451,453,454,455,456,458,459,460,461,462,:
458:256,453,454,455,456,457,459,460,461,462,463,464,465,466,467,471,:
459:211,454,455,456,457,458,460,461,462,463,465,466,467,468,470,471,:
460:197,198,199,201,202,204,210,211,212,213,215,216,219,454,455,456,457,458,459,461,463,465,466,467,468,470,471,:
461:198,454,456,457,458,459,460,462,463,464,465,466,:
462:247,256,456,457,458,459,461,463,464,:
463:196,198,238,240,456,458,459,460,461,462,464,465,466,:
464:30,76,458,461,462,463,:
465:239,454,455,456,458,459,460,461,463,466,467,468,469,470,471,:
466:239,454,455,456,458,459,460,461,463,465,467,468,470,471,:
467:213,215,218,219,239,458,459,460,465,466,468,469,470,471,472,:
468:212,213,214,459,460,465,466,467,469,470,471,472,473,474,:
469:213,214,465,467,468,470,471,472,473,:
470:212,452,455,459,460,465,466,467,468,469,471,472,473,474,475,476,:
471:211,212,451,452,454,455,456,458,459,460,465,466,467,468,469,470,472,473,474,:
472:452,455,467,468,469,470,471,473,474,475,476,477,:
473:212,452,468,469,470,471,472,474,475,476,477,478,479,480,481,482,:
474:212,448,449,451,452,453,454,455,468,470,471,472,473,475,476,477,478,:
475:452,470,472,473,474,476,477,478,479,480,481,482,487,488,:
476:470,472,473,474,475,477,478,479,480,481,482,:
477:441,472,473,474,475,476,478,479,480,481,482,483,487,488,489,:
478:441,473,474,475,476,477,479,480,481,487,488,489,490,491,492,494,:
479:473,475,476,477,478,480,487,488,489,492,494,:
480:436,441,473,475,476,477,478,479,481,482,483,484,485,487,488,:
481:440,441,448,473,475,476,477,478,480,482,483,484,485,486,:
482:473,475,476,477,480,481,483,484,485,486,:
483:433,437,439,440,441,446,447,448,477,480,481,482,484,485,486,:
484:480,481,482,483,485,486,:
485:440,446,447,448,480,481,482,483,484,486,:
486:448,481,482,483,484,485,:
487:438,441,475,477,478,479,480,488,489,490,491,492,493,494,:
488:437,438,439,440,441,475,477,478,479,480,487,489,490,491,492,493,494,:
489:438,477,478,479,487,488,490,491,492,493,494,495,:
490:438,478,487,488,489,491,492,493,494,496,:
491:419,430,431,435,437,438,441,478,487,488,489,490,492,493,496,497,:
492:478,479,487,488,489,490,491,493,494,495,:
493:443,487,488,489,490,491,492,494,495,:
494:205,478,479,487,488,489,490,492,493,495,:
495:207,209,489,492,493,494,502,:
496:416,418,419,490,491,497,498,499,500,501,502,503,:
497:415,416,417,418,419,428,491,496,498,499,500,501,502,503,:
498:419,496,497,499,500,501,502,503,:
499:416,419,496,497,498,500,501,502,503,:
500:415,416,417,418,419,496,497,498,499,501,503,:
501:496,497,498,499,500,502,503,:
502:495,496,497,498,499,501,503,:
503:418,419,420,496,497,498,499,500,501,502,509,:
504:401,402,505,506,507,508,509,510,512,:
505:401,402,407,409,504,506,507,508,509,510,512,:
506:402,504,505,507,508,509,510,511,512,:
507:504,505,506,508,509,510,:
508:402,409,410,413,504,505,506,507,509,:
509:402,503,504,505,506,507,508,510,511,512,:
510:402,504,505,506,507,509,511,512,:
511:394,397,444,506,509,510,512,:
512:504,505,506,509,510,511,:
513:514,515,516,517,518,519,520,521,:
514:513,515,516,517,518,519,520,521,522,:
515:513,514,516,517,518,519,520,521,522,523,524,525,:
516:513,514,515,517,518,519,520,521,522,523,:
517:513,514,515,516,518,519,520,:
518:513,514,515,516,517,519,:
519:513,514,515,516,517,518,:
520:513,514,515,516,517,521,522,523,524,525,526,528,529,:
521:513,514,515,516,520,522,523,524,525,528,:
522:514,515,516,520,521,523,524,525,526,527,528,529,530,535,537,:
523:515,516,520,521,522,524,525,526,527,528,529,530,531,533,534,535,536,537,:
524:515,520,521,522,523,525,526,528,529,530,531,532,535,536,537,:
525:515,520,521,522,523,524,526,527,528,529,535,537,540,:
526:520,522,523,524,525,527,528,529,535,536,537,539,540,563,:
527:522,523,525,526,528,529,536,537,539,540,561,563,:
528:413,520,521,522,523,524,525,526,527,537,540,:
529:520,522,523,524,525,526,527,530,531,532,533,534,535,536,537,:
530:522,523,524,529,531,532,533,534,535,536,537,538,:
531:523,524,529,530,532,533,534,535,536,537,538,539,541,543,:
532:524,529,530,531,533,536,537,538,541,543,:
533:44,72,523,529,530,531,532,534,535,536,537,:
534:44,72,73,523,529,530,531,533,535,536,537,:
535:73,522,523,524,525,526,529,530,531,533,534,536,537,:
536:523,524,526,527,529,530,531,532,533,534,535,537,538,539,540,541,542,543,544,545,:
537:522,523,524,525,526,527,528,529,530,531,532,533,534,535,536,538,539,540,541,543,544,:
538:530,531,532,536,537,539,540,541,542,543,544,545,546,:
539:526,527,531,536,537,538,540,541,542,543,544,545,546,547,548,549,555,:
540:411,525,526,527,528,536,537,538,539,541,542,544,545,546,547,548,555,556,561,563,:
541:531,532,536,537,538,539,540,542,543,544,545,:
542:334,339,340,536,538,539,540,541,543,544,545,548,:
543:24,71,72,531,532,536,537,538,539,541,542,:
544:536,537,538,539,540,541,542,545,546,547,548,549,550,551,552,554,555,556,:
545:536,538,539,540,541,542,544,546,547,548,549,550,551,552,553,554,:
546:411,538,539,540,544,545,547,548,549,550,551,552,554,555,556,557,:
547:333,334,411,539,540,544,545,546,548,549,550,555,556,557,558,560,561,565,:
548:333,334,335,338,539,540,542,544,545,546,547,549,555,556,557,558,560,561,565,:
549:539,544,545,546,547,548,550,551,552,553,554,555,556,:
550:544,545,546,547,549,551,552,553,554,:
551:544,545,546,549,550,552,553,554,:
552:544,545,546,549,550,551,553,554,:
553:545,549,550,551,552,554,:
554:544,545,546,549,550,551,552,553,:
555:334,408,410,411,539,540,544,546,547,548,549,556,557,558,559,560,561,562,564,565,:
556:407,408,409,410,411,540,544,546,547,548,549,555,557,558,559,560,561,564,:
557:334,337,408,411,546,547,548,555,556,558,559,560,561,562,563,564,565,566,:
558:337,407,408,411,547,548,555,556,557,559,560,561,562,564,565,566,567,568,569,570,573,574,:
559:400,401,403,406,407,408,409,410,411,555,556,557,558,560,562,564,565,566,567,573,574,:
560:408,411,547,548,555,556,557,558,559,561,562,563,564,565,:
561:68,527,540,547,548,555,556,557,558,560,562,563,:
562:53,356,358,379,408,555,557,558,559,560,561,563,564,565,:
563:3,21,27,53,68,74,526,527,540,557,560,561,562,:
564:337,555,556,557,558,559,560,562,565,566,567,568,569,570,571,572,573,574,:
565:333,334,335,336,337,352,547,548,555,557,558,559,560,562,564,566,567,568,569,570,572,:
566:337,352,404,557,558,559,564,565,567,568,569,570,571,572,573,574,575,:
567:337,352,404,558,559,564,565,566,568,569,570,571,573,574,575,576,577,:
568:337,345,351,352,353,354,355,356,558,564,565,566,567,569,571,573,574,575,576,577,:
569:337,558,564,565,566,567,568,570,571,572,573,574,:
570:337,558,564,565,566,567,569,571,572,:
571:564,566,567,568,569,570,572,573,574,577,:
572:406,564,565,566,569,570,571,:
573:393,400,403,404,405,558,559,564,566,567,568,569,571,574,575,576,577,578,579,:
574:392,393,398,399,400,403,404,405,406,408,558,559,564,566,567,568,569,571,573,575,576,577,602,:
575:355,378,379,392,393,404,405,566,567,568,573,574,576,577,578,579,580,596,:
576:378,405,567,568,573,574,575,577,578,579,580,581,583,595,596,602,:
577:404,405,567,568,571,573,574,575,576,578,579,580,581,582,595,596,602,:
578:378,383,384,573,575,576,577,579,580,581,582,583,584,595,596,:
579:355,377,378,380,382,383,384,389,573,575,576,577,578,580,581,583,584,595,596,:
580:378,384,575,576,577,578,579,581,582,583,584,585,595,596,597,:
581:576,577,578,579,580,582,583,584,595,596,597,598,599,600,:
582:577,578,580,581,583,595,596,597,598,599,:
583:378,384,576,578,579,580,581,582,584,585,586,587,588,589,590,595,596,:
584:364,378,578,579,580,581,583,585,586,587,588,589,590,:
585:364,580,583,584,586,587,588,589,590,591,592,593,:
586:83,85,387,583,584,585,587,588,589,590,591,592,593,594,:
587:85,89,364,377,378,380,382,387,583,584,585,586,588,589,590,592,593,594,:
588:83,84,85,89,387,583,584,585,586,587,589,590,591,592,593,594,:
589:83,84,583,584,585,586,587,588,590,591,592,593,594,:
590:83,583,584,585,586,587,588,589,591,592,594,:
591:83,84,585,586,588,589,590,592,593,594,:
592:83,84,89,382,385,386,387,585,586,587,588,589,590,591,593,594,:
593:89,90,91,92,382,385,386,387,388,585,586,587,588,589,591,592,594,:
594:84,89,386,387,586,587,588,589,590,591,592,593,:
595:384,576,577,578,579,580,581,582,583,596,597,598,599,600,601,602,:
596:383,384,405,575,576,577,578,579,580,581,582,583,595,597,598,600,601,602,:
597:580,581,582,595,596,598,599,600,601,602,603,605,:
598:581,582,595,596,597,599,600,601,602,603,605,:
599:581,582,595,597,598,600,601,605,:
600:581,595,596,597,598,599,601,602,603,604,605,:
601:399,404,405,595,596,597,598,599,600,602,603,604,605,:
602:384,391,392,398,399,400,403,404,405,574,576,577,595,596,597,598,600,601,603,604,605,:
603:399,404,405,597,598,600,601,602,604,605,:
604:399,403,404,405,600,601,602,603,605,:
605:597,598,599,600,601,602,603,604,:
