1:2,3,4,5,6,7,8,9,14,15,16,17,18,19,20,21,22,23,148,149,358,359,:
2:1,3,4,6,8,14,15,16,17,148,149,171,172,220,222,343,344,348,349,350,:
3:1,2,4,5,6,8,15,16,17,18,148,149,218,220,240,:
4:1,2,3,5,6,8,14,15,16,17,18,20,148,149,220,343,344,349,:
5:1,3,4,7,8,9,10,14,15,18,19,20,21,22,23,125,148,:
6:1,2,3,4,8,15,16,17,336,337,339,343,344,345,349,351,353,421,423,:
7:1,5,8,9,10,11,14,15,18,19,20,21,22,23,24,25,342,:
8:1,2,3,4,5,6,7,14,15,16,17,18,19,20,21,23,339,342,344,353,:
9:1,5,7,10,11,12,14,18,19,20,21,22,23,24,25,26,27,:
10:5,7,9,11,12,13,20,21,22,23,24,25,26,27,28,29,31,32,341,:
11:7,9,10,12,13,22,23,24,25,26,27,28,29,30,31,32,:
12:9,10,11,13,24,25,26,27,28,29,30,31,32,374,:
13:10,11,12,24,25,26,27,28,29,30,31,32,261,:
14:1,2,4,5,7,8,9,15,17,18,19,20,21,22,23,24,353,357,358,359,360,:
15:1,2,3,4,5,6,7,8,14,16,17,18,19,20,23,146,147,148,149,358,359,:
16:1,2,3,4,6,8,15,17,149,170,171,172,181,219,220,222,344,348,349,350,351,:
17:1,2,3,4,6,8,14,15,16,148,149,171,172,344,349,350,353,360,:
18:1,3,4,5,7,8,9,14,15,19,20,21,22,23,124,125,146,148,240,:
19:1,5,7,8,9,14,15,18,20,21,22,23,124,125,126,148,:
20:1,4,5,7,8,9,10,14,15,18,19,21,22,23,24,25,339,340,341,342,:
21:1,5,7,8,9,10,14,18,19,20,22,23,24,25,26,263,342,:
22:1,5,7,9,10,11,14,18,19,20,21,23,24,25,26,27,126,:
23:1,5,7,8,9,10,11,14,15,18,19,20,21,22,24,25,26,27,358,359,:
24:7,9,10,11,12,13,14,20,21,22,23,25,26,27,28,29,31,32,340,341,374,:
25:7,9,10,11,12,13,20,21,22,23,24,26,27,28,29,30,31,32,261,263,341,:
26:9,10,11,12,13,21,22,23,24,25,27,28,29,30,31,32,261,263,:
27:9,10,11,12,13,22,23,24,25,26,28,29,31,32,:
28:10,11,12,13,24,25,26,27,29,30,31,32,:
29:10,11,12,13,24,25,26,27,28,30,31,32,373,374,:
30:11,12,13,25,26,28,29,31,32,373,391,:
31:10,11,12,13,24,25,26,27,28,29,30,32,261,263,275,341,391,:
32:10,11,12,13,24,25,26,27,28,29,30,31,259,261,263,275,:
33:34,35,36,37,38,39,40,:
34:33,35,36,37,38,39,40,:
35:33,34,36,37,38,39,40,41,45,:
36:33,34,35,37,38,39,40,41,45,:
37:33,34,35,36,38,39,40,41,45,:
38:33,34,35,36,37,39,40,41,42,44,45,:
39:33,34,35,36,37,38,40,41,42,43,44,45,46,47,366,:
40:33,34,35,36,37,38,39,41,42,43,44,45,46,365,:
41:35,36,37,38,39,40,42,43,44,45,46,47,48,366,367,:
42:38,39,40,41,43,44,45,46,48,365,:
43:39,40,41,42,44,46,:
44:38,39,40,41,42,43,45,46,47,48,366,367,:
45:35,36,37,38,39,40,41,42,44,46,47,48,367,:
46:39,40,41,42,43,44,45,47,48,367,:
47:39,41,44,45,46,48,58,60,61,62,367,:
48:41,42,44,45,46,47,62,357,367,:
49:50,51,52,53,54,55,56,:
50:49,51,52,53,54,55,56,:
51:49,50,52,53,54,55,56,57,:
52:49,50,51,53,54,55,:
53:49,50,51,52,54,:
54:49,50,51,52,53,55,56,57,58,59,:
55:49,50,51,52,54,56,57,58,59,60,426,:
56:49,50,51,54,55,57,58,59,60,61,62,426,429,:
57:51,54,55,56,58,59,60,61,426,427,:
58:47,54,55,56,57,59,60,61,62,426,429,:
59:54,55,56,57,58,60,61,62,426,427,428,:
60:47,55,56,57,58,59,61,62,426,427,428,:
61:47,56,57,58,59,60,62,360,428,:
62:47,48,56,58,59,60,61,360,428,:
63:64,65,66,67,68,69,70,71,327,332,333,447,448,:
64:63,65,66,67,68,69,71,326,327,331,332,333,338,446,447,448,:
65:63,64,66,67,68,69,70,71,72,73,74,77,327,332,333,:
66:63,64,65,67,68,69,70,71,72,73,74,75,76,77,351,446,447,:
67:63,64,65,66,68,71,72,77,333,345,351,442,443,445,446,447,448,:
68:63,64,65,66,67,69,70,71,72,326,327,330,332,333,351,417,418,:
69:63,64,65,66,68,70,323,324,326,327,330,415,417,418,:
70:63,65,66,68,69,323,326,327,415,417,418,:
71:63,64,65,66,67,68,72,73,74,75,76,77,351,:
72:65,66,67,68,71,73,74,75,76,77,193,:
73:65,66,71,72,74,75,76,77,:
74:65,66,71,72,73,75,76,77,:
75:66,71,72,73,74,76,77,176,177,178,183,185,189,190,191,192,193,:
76:66,71,72,73,74,75,77,175,176,177,178,439,:
77:65,66,67,71,72,73,74,75,76,351,439,440,442,:
78:79,80,81,82,83,84,85,90,93,:
79:78,80,81,83,84,85,86,90,92,93,:
80:78,79,81,82,83,84,85,86,:
81:78,79,80,82,83,84,85,90,:
82:78,80,81,83,84,85,:
83:78,79,80,81,82,84,85,86,87,88,:
84:78,79,80,81,82,83,85,86,87,88,90,93,:
85:78,79,80,81,82,83,84,86,87,88,89,90,91,92,93,:
86:79,80,83,84,85,87,88,90,101,102,103,104,:
87:83,84,85,86,88,90,101,102,103,104,:
88:83,84,85,86,87,101,102,103,104,:
89:85,90,91,92,93,94,434,:
90:78,79,81,84,85,86,87,89,91,92,93,94,:
91:85,89,90,92,93,94,432,433,434,:
92:79,85,89,90,91,93,94,:
93:78,79,84,85,89,90,91,92,94,:
94:89,90,91,92,93,154,432,433,434,:
95:96,97,98,99,100,101,103,104,105,:
96:95,97,98,99,100,101,103,105,:
97:95,96,98,99,100,101,102,103,104,105,131,:
98:95,96,97,99,100,101,105,131,:
99:95,96,97,98,100,:
100:95,96,97,98,99,101,102,103,104,105,:
101:86,87,88,95,96,97,98,100,102,103,104,105,124,125,126,:
102:86,87,88,97,100,101,103,104,105,124,125,126,:
103:86,87,88,95,96,97,100,101,102,104,105,124,125,144,145,:
104:86,87,88,95,97,100,101,102,103,105,124,125,144,145,146,:
105:95,96,97,98,100,101,102,103,104,125,131,141,144,145,:
106:107,108,109,110,111,112,113,115,116,237,:
107:106,108,109,111,113,115,116,119,236,237,241,243,:
108:106,107,109,110,111,112,113,114,115,116,117,237,:
109:106,107,108,110,111,112,113,115,116,117,118,120,121,:
110:106,108,109,111,112,113,115,116,117,120,:
111:106,107,108,109,110,112,113,114,115,116,:
112:106,108,109,110,111,113,114,115,:
113:106,107,108,109,110,111,112,114,115,116,121,236,237,239,:
114:108,111,112,113,257,258,260,:
115:106,107,108,109,110,111,112,113,116,117,118,119,120,121,127,128,237,:
116:106,107,108,109,110,111,113,115,117,118,119,120,121,127,233,234,235,236,237,238,:
117:108,109,110,115,116,118,119,120,121,122,123,127,128,129,:
118:109,115,116,117,119,120,121,122,123,127,128,129,130,131,132,234,:
119:107,115,116,117,118,120,121,122,123,127,128,129,132,217,226,227,233,234,235,237,238,240,:
120:109,110,115,116,117,118,119,121,122,123,124,126,127,128,:
121:109,113,115,116,117,118,119,120,122,123,124,125,126,127,128,:
122:117,118,119,120,121,123,124,125,126,127,128,146,240,:
123:117,118,119,120,121,122,124,125,126,127,128,129,130,131,139,140,145,146,148,240,:
124:18,19,101,102,103,104,120,121,122,123,125,126,146,:
125:5,18,19,101,102,103,104,105,121,122,123,124,126,145,146,148,:
126:19,22,101,102,120,121,122,123,124,125,:
127:115,116,117,118,119,120,121,122,123,128,129,130,131,132,133,135,139,140,234,:
128:115,117,118,119,120,121,122,123,127,129,130,131,132,133,134,135,139,:
129:117,118,119,123,127,128,130,131,132,133,134,135,139,140,141,217,234,:
130:118,123,127,128,129,131,132,133,134,139,140,141,142,143,144,145,146,217,:
131:97,98,105,118,123,127,128,129,130,132,133,134,139,140,141,144,:
132:118,119,127,128,129,130,131,133,134,135,136,137,139,140,217,226,230,232,:
133:127,128,129,130,131,132,134,135,136,137,138,139,140,:
134:128,129,130,131,132,133,135,136,137,138,139,140,211,:
135:127,128,129,132,133,134,136,137,138,232,:
136:132,133,134,135,137,138,159,:
137:132,133,134,135,136,138,:
138:133,134,135,136,137,:
139:123,127,128,129,130,131,132,133,134,140,141,142,143,144,145,146,150,151,214,217,:
140:123,127,129,130,131,132,133,134,139,141,142,143,144,145,146,147,148,150,213,214,215,216,217,218,:
141:105,129,130,131,139,140,142,143,144,145,146,147,150,151,152,214,:
142:130,139,140,141,143,144,145,146,147,150,151,152,153,154,155,156,157,214,:
143:130,139,140,141,142,144,145,147,150,151,152,153,155,156,157,206,207,211,213,214,215,216,217,218,:
144:103,104,105,130,131,139,140,141,142,143,145,146,147,148,149,150,151,:
145:103,104,105,123,125,130,139,140,141,142,143,144,146,147,148,149,150,151,:
146:15,18,104,122,123,124,125,130,139,140,141,142,144,145,147,148,149,217,:
147:15,140,141,142,143,144,145,146,148,149,150,151,154,170,171,172,:
148:1,2,3,4,5,15,17,18,19,123,125,140,144,145,146,147,149,218,240,:
149:1,2,3,4,15,16,17,144,145,146,147,148,171,172,218,219,220,:
150:139,140,141,142,143,144,145,147,151,152,153,154,155,156,157,162,163,214,:
151:139,141,142,143,144,145,147,150,152,153,154,155,156,157,:
152:141,142,143,150,151,153,154,155,156,157,158,162,163,164,198,214,:
153:142,143,150,151,152,154,155,156,162,163,164,165,166,167,168,170,198,:
154:94,142,147,150,151,152,153,155,162,163,164,167,168,169,170,432,433,:
155:142,143,150,151,152,153,154,156,157,158,159,160,162,163,198,:
156:142,143,150,151,152,153,155,157,158,159,160,161,:
157:142,143,150,151,152,155,156,158,159,160,161,:
158:152,155,156,157,159,160,161,206,209,:
159:136,155,156,157,158,160,161,:
160:155,156,157,158,159,161,209,211,:
161:156,157,158,159,160,211,:
162:150,152,153,154,155,163,164,165,166,167,168,170,195,198,:
163:150,152,153,154,155,162,164,165,166,167,168,170,194,195,196,197,198,:
164:152,153,154,162,163,165,166,167,168,169,170,195,431,433,:
165:153,162,163,164,166,167,168,195,431,:
166:153,162,163,164,165,167,194,195,196,198,:
167:153,154,162,163,164,165,166,168,169,170,171,172,179,428,:
168:153,154,162,163,164,165,167,169,170,171,172,179,180,181,182,428,:
169:154,164,167,168,170,171,172,180,181,182,427,428,:
170:16,147,153,154,162,163,164,167,168,169,171,172,180,181,220,222,350,:
171:2,16,17,147,149,167,168,169,170,172,180,181,182,349,350,428,:
172:2,16,17,147,149,167,168,169,170,171,180,181,220,222,349,350,:
173:174,175,176,177,178,179,183,184,187,201,202,:
174:173,175,176,178,179,183,184,187,199,200,201,202,203,:
175:76,173,174,176,177,178,179,180,183,184,185,202,439,:
176:75,76,173,174,175,177,178,179,183,184,185,186,187,188,202,:
177:75,76,173,175,176,178,183,184,185,186,187,439,:
178:75,76,173,174,175,176,177,179,180,181,182,183,184,202,436,439,:
179:167,168,173,174,175,176,178,180,181,182,350,435,436,:
180:168,169,170,171,172,175,178,179,181,182,348,349,350,435,436,:
181:16,168,169,170,171,172,178,179,180,182,220,222,348,349,350,351,436,:
182:168,169,171,178,179,180,181,348,349,350,435,436,437,440,:
183:75,173,174,175,176,177,178,184,185,186,187,188,189,190,201,202,203,:
184:173,174,175,176,177,178,183,185,186,187,188,189,190,201,202,203,:
185:75,175,176,177,183,184,186,187,188,189,190,191,202,:
186:176,177,183,184,185,187,188,189,:
187:173,174,176,177,183,184,185,186,188,202,:
188:176,183,184,185,186,187,189,190,191,192,193,202,:
189:75,183,184,185,186,188,190,191,192,193,203,:
190:75,183,184,185,188,189,191,192,193,201,202,203,:
191:75,185,188,189,190,192,193,:
192:75,188,189,190,191,193,203,416,419,420,422,423,:
193:72,75,188,189,190,191,192,416,420,:
194:163,166,195,196,197,198,199,200,204,205,:
195:162,163,164,165,166,194,196,197,198,199,204,:
196:163,166,194,195,197,198,199,200,201,204,205,206,:
197:163,194,195,196,198,199,200,204,205,206,207,208,209,:
198:152,153,155,162,163,166,194,195,196,197,199,200,204,205,206,207,214,:
199:174,194,195,196,197,198,200,201,202,203,204,205,:
200:174,194,196,197,198,199,201,202,203,204,205,221,223,:
201:173,174,183,184,190,196,199,200,202,203,223,:
202:173,174,175,176,178,183,184,185,187,188,190,199,200,201,203,:
203:174,183,184,189,190,192,199,200,201,202,221,222,223,:
204:194,195,196,197,198,199,200,205,206,207,208,209,210,213,214,:
205:194,196,197,198,199,200,204,206,207,208,209,:
206:143,158,196,197,198,204,205,207,208,209,210,211,212,213,214,215,:
207:143,197,198,204,205,206,208,209,210,211,213,214,215,216,218,219,221,225,:
208:197,204,205,206,207,209,210,213,214,215,216,218,219,221,225,316,:
209:158,160,197,204,205,206,207,208,210,211,212,213,214,:
210:204,206,207,208,209,211,212,213,214,:
211:134,143,160,161,206,207,209,210,212,213,214,:
212:206,209,210,211,:
213:140,143,204,206,207,208,209,210,211,214,215,216,217,218,219,221,224,225,:
214:139,140,141,142,143,150,152,198,204,206,207,208,209,210,211,213,215,216,217,218,219,224,:
215:140,143,206,207,208,213,214,216,217,218,219,220,221,224,225,226,316,:
216:140,143,207,208,213,214,215,217,218,219,224,225,226,227,228,229,230,233,234,316,:
217:119,129,130,132,139,140,143,146,213,214,215,216,218,224,225,226,227,233,234,:
218:3,140,143,148,149,207,208,213,214,215,216,217,219,220,221,222,223,224,225,310,:
219:16,149,207,208,213,214,215,216,218,220,221,222,223,423,:
220:2,3,4,16,149,170,172,181,215,218,219,221,222,223,350,423,:
221:200,203,207,208,213,215,218,219,220,222,223,422,423,:
222:2,16,170,172,181,203,218,219,220,221,223,350,423,:
223:200,201,203,218,219,220,221,222,422,423,:
224:213,214,215,216,217,218,225,226,227,228,229,230,231,233,234,313,316,:
225:207,208,213,215,216,217,218,224,226,227,228,229,230,231,233,310,312,313,314,315,316,317,:
226:119,132,215,216,217,224,225,227,228,229,230,231,232,233,234,235,313,316,:
227:119,216,217,224,225,226,228,229,230,233,234,235,236,237,238,240,248,250,313,:
228:216,224,225,226,227,229,233,234,235,236,241,242,248,250,302,306,307,310,312,313,314,316,:
229:216,224,225,226,227,228,230,231,232,233,234,250,313,316,:
230:132,216,224,225,226,227,229,231,232,:
231:224,225,226,229,230,232,316,320,:
232:132,135,226,229,230,231,:
233:116,119,216,217,224,225,226,227,228,229,234,235,236,237,238,239,240,241,242,:
234:116,118,119,127,129,216,217,224,226,227,228,229,233,235,236,237,238,240,:
235:116,119,226,227,228,233,234,236,237,238,239,240,241,242,243,248,:
236:107,113,116,227,228,233,234,235,237,238,239,240,241,242,243,244,245,246,247,248,302,:
237:106,107,108,113,115,116,119,227,233,234,235,236,238,239,241,242,243,246,247,248,:
238:116,119,227,233,234,235,236,237,239,240,241,242,:
239:113,233,235,236,237,238,240,241,242,:
240:3,18,119,122,123,148,227,233,234,235,236,238,239,:
241:107,228,233,235,236,237,238,239,242,243,244,245,246,247,248,299,302,:
242:228,233,235,236,237,238,239,241,243,244,245,246,247,248,298,299,301,302,:
243:107,235,236,237,241,242,244,245,246,247,248,249,299,302,:
244:236,241,242,243,245,246,247,299,302,:
245:236,241,242,243,244,246,291,292,294,297,298,299,300,302,:
246:236,237,241,242,243,244,245,247,248,249,250,251,299,302,:
247:236,237,241,242,243,244,246,248,249,250,251,302,:
248:227,228,235,236,237,241,242,243,246,247,249,250,251,302,313,:
249:243,246,247,248,250,251,:
250:227,228,229,246,247,248,249,251,313,:
251:246,247,248,249,250,:
252:253,254,255,256,257,258,264,265,:
253:252,254,255,257,264,265,:
254:252,253,255,256,257,258,259,260,264,265,266,:
255:252,253,254,256,257,258,259,264,265,266,267,268,270,:
256:252,254,255,257,258,259,264,265,266,267,268,269,270,275,276,:
257:114,252,253,254,255,256,258,259,260,261,262,264,265,:
258:114,252,254,255,256,257,259,260,261,262,263,264,265,:
259:32,254,255,256,257,258,260,261,262,263,264,:
260:114,254,257,258,259,261,262,263,297,:
261:13,25,26,31,32,257,258,259,260,262,263,275,:
262:257,258,259,260,261,263,297,:
263:21,25,26,31,32,258,259,260,261,262,275,:
264:252,253,254,255,256,257,258,259,265,266,267,268,:
265:252,253,254,255,256,257,258,264,266,267,:
266:254,255,256,264,265,267,268,270,:
267:255,256,264,265,266,268,270,276,288,:
268:255,256,264,266,267,269,270,276,278,283,286,288,:
269:256,268,270,271,272,273,274,275,276,277,278,:
270:255,256,266,267,268,269,271,272,274,275,276,277,278,:
271:269,270,272,273,274,275,276,277,278,279,399,:
272:269,270,271,273,274,275,276,277,278,279,280,282,283,399,:
273:269,271,272,274,276,277,278,279,280,282,391,399,:
274:269,270,271,272,273,275,276,277,278,391,:
275:31,32,256,261,263,269,270,271,272,274,276,296,:
276:256,267,268,269,270,271,272,273,274,275,277,:
277:269,270,271,272,273,274,276,278,279,280,281,282,283,:
278:268,269,270,271,272,273,274,277,279,280,281,282,283,:
279:271,272,273,277,278,280,281,282,283,284,:
280:272,273,277,278,279,281,282,283,:
281:277,278,279,280,282,:
282:272,273,277,278,279,280,281,283,284,285,286,288,:
283:268,272,277,278,279,280,282,284,285,286,287,288,:
284:279,282,283,285,286,287,288,:
285:282,283,284,286,287,288,:
286:268,282,283,284,285,287,288,:
287:283,284,285,286,288,:
288:267,268,282,283,284,285,286,287,:
289:290,291,292,293,294,295,297,298,299,396,397,:
290:289,291,292,293,294,295,395,396,397,398,400,:
291:245,289,290,292,293,294,295,296,297,298,299,300,397,:
292:245,289,290,291,293,294,295,298,299,300,301,303,397,:
293:289,290,291,292,294,298,299,300,303,397,402,403,:
294:245,289,290,291,292,293,295,296,297,298,299,397,407,:
295:289,290,291,292,294,296,297,:
296:275,291,294,295,297,342,:
297:245,260,262,289,291,294,295,296,:
298:242,245,289,291,292,293,294,299,300,301,302,303,304,305,:
299:241,242,243,244,245,246,289,291,292,293,294,298,300,301,302,303,304,:
300:245,291,292,293,298,299,301,302,303,304,305,306,:
301:242,292,298,299,300,302,303,304,305,306,307,309,311,:
302:228,236,241,242,243,244,245,246,247,248,298,299,300,301,303,304,305,306,307,309,311,313,:
303:292,293,298,299,300,301,302,304,305,:
304:298,299,300,301,302,303,305,306,307,308,309,310,311,312,313,406,:
305:298,300,301,302,303,304,306,307,308,309,311,312,406,408,410,:
306:228,300,301,302,304,305,307,308,309,310,311,312,313,314,:
307:228,301,302,304,305,306,308,309,310,311,312,313,314,315,316,317,:
308:304,305,306,307,309,310,312,313,314,315,410,411,420,:
309:301,302,304,305,306,307,308,310,311,312,313,420,422,423,:
310:218,225,228,304,306,307,308,309,311,312,313,422,423,:
311:301,302,304,305,306,307,309,310,406,:
312:225,228,304,305,306,307,308,309,310,313,314,315,316,317,318,:
313:224,225,226,227,228,229,248,250,302,304,306,307,308,309,310,312,314,315,316,317,:
314:225,228,306,307,308,312,313,315,316,317,318,319,320,:
315:225,307,308,312,313,314,316,317,318,319,:
316:208,215,216,224,225,226,228,229,231,307,312,313,314,315,317,318,:
317:225,307,312,313,314,315,316,318,319,320,:
318:312,314,315,316,317,319,320,:
319:314,315,317,318,320,:
320:231,314,317,318,319,:
321:322,323,324,325,326,327,403,404,409,:
322:321,323,324,325,326,401,402,403,404,409,415,:
323:69,70,321,322,324,325,326,327,328,404,415,:
324:69,321,322,323,325,326,327,328,329,330,331,401,404,418,:
325:321,322,323,324,326,327,328,331,393,394,400,401,402,403,404,405,:
326:64,68,69,70,321,322,323,324,325,327,328,329,330,331,332,333,334,335,401,417,418,:
327:63,64,65,68,69,70,321,323,324,325,326,328,329,330,331,332,333,415,417,418,:
328:323,324,325,326,327,329,330,331,332,333,334,335,336,338,388,394,401,418,:
329:324,326,327,328,330,331,332,333,334,335,336,337,338,339,343,388,407,417,418,:
330:68,69,324,326,327,328,329,331,332,333,334,335,336,337,338,343,344,407,415,417,418,419,421,:
331:64,324,325,326,327,328,329,330,332,333,334,335,338,379,387,388,:
332:63,64,65,68,326,327,328,329,330,331,333,334,335,337,338,448,:
333:63,64,65,67,68,326,327,328,329,330,331,332,334,335,336,337,338,343,447,448,:
334:326,328,329,330,331,332,333,335,336,337,338,339,340,342,343,344,388,407,:
335:326,328,329,330,331,332,333,334,336,337,338,339,340,342,377,378,379,384,385,386,387,388,394,:
336:6,328,329,330,333,334,335,337,338,339,340,341,342,343,344,345,353,:
337:6,329,330,332,333,334,335,336,338,339,340,343,344,345,346,348,351,352,353,:
338:64,328,329,330,331,332,333,334,335,336,337,339,343,344,345,346,352,353,377,383,447,:
339:6,8,20,329,334,335,336,337,338,340,341,342,343,344,353,356,376,385,:
340:20,24,334,335,336,337,339,341,342,384,385,388,:
341:10,20,24,25,31,336,339,340,342,384,385,:
342:7,8,20,21,296,334,335,336,339,340,341,407,:
343:2,4,6,329,330,333,334,336,337,338,339,344,345,346,347,348,349,350,351,352,353,:
344:2,4,6,8,16,17,330,334,336,337,338,339,343,345,346,348,349,350,351,352,353,:
345:6,67,336,337,338,343,344,346,347,348,349,350,351,352,353,354,447,:
346:337,338,343,344,345,347,348,349,350,351,352,353,354,355,356,357,360,383,:
347:343,345,346,348,349,352,353,354,355,357,360,383,440,442,:
348:2,16,180,181,182,337,343,344,345,346,347,349,350,351,352,353,:
349:2,4,6,16,17,171,172,180,181,182,343,344,345,346,347,348,350,351,352,353,360,:
350:2,16,17,170,171,172,179,180,181,182,220,222,343,344,345,346,348,349,351,:
351:6,16,66,67,68,71,77,181,337,343,344,345,346,348,349,350,421,:
352:337,338,343,344,345,346,347,348,349,353,354,355,356,357,358,359,360,361,383,:
353:6,8,14,17,336,337,338,339,343,344,345,346,347,348,349,352,354,355,356,357,358,359,360,:
354:345,346,347,352,353,355,356,357,358,359,360,361,362,367,383,:
355:346,347,352,353,354,356,357,358,359,360,361,362,363,364,365,366,367,368,375,376,381,383,:
356:339,346,352,353,354,355,357,358,359,361,362,363,364,367,368,370,375,376,377,381,383,:
357:14,48,346,347,352,353,354,355,356,358,359,360,361,364,367,:
358:1,14,15,23,352,353,354,355,356,357,359,360,361,364,:
359:1,14,15,23,352,353,354,355,356,357,358,360,364,:
360:14,17,61,62,346,347,349,352,353,354,355,357,358,359,:
361:352,354,355,356,357,358,362,363,364,365,366,367,368,375,376,381,383,:
362:354,355,356,361,363,364,365,366,367,368,369,370,374,375,376,381,:
363:355,356,361,362,364,365,366,367,368,369,370,372,373,374,375,376,:
364:355,356,357,358,359,361,362,363,365,367,368,369,374,376,:
365:40,42,355,361,362,363,364,366,367,368,369,:
366:39,41,44,355,361,362,363,365,367,:
367:41,44,45,46,47,48,354,355,356,357,361,362,363,364,365,366,:
368:355,356,361,362,363,364,365,369,370,371,372,373,374,375,376,:
369:362,363,364,365,368,370,371,372,373,374,375,376,377,385,:
370:356,362,363,368,369,371,372,373,374,375,376,377,378,379,380,381,384,385,:
371:368,369,370,372,373,375,376,377,378,379,380,381,384,385,392,:
372:363,368,369,370,371,373,374,375,376,390,:
373:29,30,363,368,369,370,371,372,374,375,376,385,390,391,:
374:12,24,29,362,363,364,368,369,370,372,373,375,376,:
375:355,356,361,362,363,368,369,370,371,372,373,374,376,377,378,379,380,381,383,384,385,:
376:339,355,356,361,362,363,364,368,369,370,371,372,373,374,375,377,378,380,381,383,384,385,:
377:335,338,356,369,370,371,375,376,378,379,380,381,382,383,384,385,386,:
378:335,370,371,375,376,377,379,380,381,384,385,386,387,388,389,:
379:331,335,370,371,375,377,378,380,384,385,386,387,388,:
380:370,371,375,376,377,378,379,381,382,383,384,:
381:355,356,361,362,370,371,375,376,377,378,380,382,383,:
382:377,380,381,383,451,:
383:338,346,347,352,354,355,356,361,375,376,377,380,381,382,445,446,447,448,:
384:335,340,341,370,371,375,376,377,378,379,380,385,386,387,388,389,390,392,:
385:335,339,340,341,369,370,371,373,375,376,377,378,379,384,386,387,388,389,390,391,392,:
386:335,377,378,379,384,385,387,388,389,390,391,392,:
387:331,335,378,379,384,385,386,388,389,390,393,394,:
388:328,329,331,334,335,340,378,379,384,385,386,387,389,393,394,401,:
389:378,384,385,386,387,388,390,391,392,399,:
390:372,373,384,385,386,387,389,391,392,:
391:30,31,273,274,373,385,386,389,390,392,:
392:371,384,385,386,389,390,391,:
393:325,387,388,394,395,396,397,398,399,400,401,:
394:325,328,335,387,388,393,395,396,397,398,399,400,401,407,:
395:290,393,394,396,397,398,399,400,401,402,:
396:289,290,393,394,395,397,398,400,401,402,403,405,407,:
397:289,290,291,292,293,294,393,394,395,396,398,400,401,402,403,:
398:290,393,394,395,396,397,399,400,401,:
399:271,272,273,389,393,394,395,398,:
400:290,325,393,394,395,396,397,398,401,402,403,404,405,406,407,:
401:322,324,325,326,328,388,393,394,395,396,397,398,400,402,403,404,405,407,:
402:293,322,325,395,396,397,400,401,403,404,405,406,407,:
403:293,321,322,325,396,397,400,401,402,404,405,406,407,408,409,:
404:321,322,323,324,325,400,401,402,403,405,406,408,409,:
405:325,396,400,401,402,403,404,406,407,417,418,:
406:304,305,311,400,402,403,404,405,407,408,414,415,417,418,419,:
407:294,329,330,334,342,394,396,400,401,402,403,405,406,:
408:305,403,404,406,409,410,411,412,413,414,415,:
409:321,322,403,404,408,410,411,412,413,414,415,:
410:305,308,408,409,411,412,413,414,415,416,420,:
411:308,408,409,410,412,413,414,:
412:408,409,410,411,413,:
413:408,409,410,411,412,414,415,416,417,419,420,:
414:406,408,409,410,411,413,415,416,417,418,419,420,421,422,:
415:69,70,322,323,327,330,406,408,409,410,413,414,416,417,418,419,420,421,:
416:192,193,410,413,414,415,417,418,419,420,421,422,423,:
417:68,69,70,326,327,329,330,405,406,413,414,415,416,418,419,420,421,423,:
418:68,69,70,324,326,327,328,329,330,405,406,414,415,416,417,419,421,:
419:192,330,406,413,414,415,416,417,418,420,421,422,423,:
420:192,193,308,309,410,413,414,415,416,417,419,421,422,423,:
421:6,330,351,414,415,416,417,418,419,420,422,423,:
422:192,221,223,309,310,414,416,419,420,421,423,:
423:6,192,219,220,221,222,223,309,310,416,417,419,420,421,422,:
424:425,426,427,428,429,430,431,:
425:424,426,427,428,429,430,431,432,:
426:55,56,57,58,59,60,424,425,427,428,429,430,431,432,:
427:57,59,60,169,424,425,426,428,429,430,431,:
428:59,60,61,62,167,168,169,171,424,425,426,427,429,430,431,432,:
429:56,58,424,425,426,427,428,430,431,432,433,434,:
430:424,425,426,427,428,429,431,432,433,434,:
431:164,165,424,425,426,427,428,429,430,432,433,434,:
432:91,94,154,425,426,428,429,430,431,433,434,:
433:91,94,154,164,429,430,431,432,434,:
434:89,91,94,429,430,431,432,433,:
435:179,180,182,436,437,438,439,440,441,:
436:178,179,180,181,182,435,437,438,439,440,:
437:182,435,436,438,439,440,441,442,:
438:435,436,437,439,440,441,:
439:76,77,175,177,178,435,436,437,438,440,441,:
440:77,182,347,435,436,437,438,439,441,442,443,:
441:435,437,438,439,440,442,443,444,445,:
442:67,77,347,437,440,441,443,444,445,446,447,448,449,450,:
443:67,440,441,442,444,445,446,447,448,449,450,451,:
444:441,442,443,445,446,447,449,450,451,:
445:67,383,441,442,443,444,446,447,448,449,450,451,:
446:64,66,67,383,442,443,444,445,447,448,449,450,451,:
447:63,64,66,67,333,338,345,383,442,443,444,445,446,448,449,451,:
448:63,64,67,332,333,383,442,443,445,446,447,449,450,451,:
449:442,443,444,445,446,447,448,450,451,:
450:442,443,444,445,446,448,449,451,:
451:382,443,444,445,446,447,448,449,450,:
