1:2,3,4,5,6,7,8,31,32,33,134,541,542,547,548,549,550,553,:
2:1,3,4,5,6,7,10,31,33,134,136,535,541,548,549,:
3:1,2,4,5,6,8,9,10,29,31,36,48,135,136,437,:
4:1,2,3,5,6,7,8,9,10,13,21,27,29,31,32,34,36,46,48,:
5:1,2,3,4,6,7,8,9,10,29,31,32,33,34,48,120,134,602,:
6:1,2,3,4,5,7,8,9,10,31,32,33,134,548,549,602,:
7:1,2,4,5,6,8,32,33,120,457,547,548,549,552,598,599,600,601,602,603,:
8:1,3,4,5,6,7,9,10,29,32,34,46,120,121,457,459,460,602,:
9:3,4,5,6,8,10,13,21,27,29,34,46,48,120,460,:
10:2,3,4,5,6,8,9,13,21,26,27,28,29,34,36,46,48,:
11:14,17,18,25,30,39,40,67,68,70,73,74,77,194,195,409,:
12:13,20,21,22,26,27,28,29,35,36,43,45,46,47,48,170,425,426,428,430,435,436,437,496,497,:
13:4,9,10,12,21,26,27,28,29,34,35,36,45,46,48,435,436,437,438,439,463,464,468,469,471,497,:
14:11,17,18,25,30,39,208,209,210,213,226,230,392,393,:
15:16,17,18,19,24,25,30,37,38,39,40,41,89,235,259,260,261,262,263,:
16:15,17,18,19,22,24,25,37,38,39,40,41,42,259,260,261,262,366,494,:
17:11,14,15,16,18,24,25,30,37,38,39,40,88,89,230,235,259,260,261,262,263,392,:
18:11,14,15,16,17,19,22,23,24,25,30,37,38,39,40,41,42,262,:
19:15,16,18,22,23,24,25,26,38,40,41,42,45,432,493,494,495,496,497,:
20:12,21,22,23,26,27,28,29,34,41,43,44,45,46,47,83,145,147,:
21:4,9,10,12,13,20,26,27,28,29,34,35,36,43,44,45,46,47,48,145,147,170,:
22:12,16,18,19,20,23,24,26,28,40,41,42,43,44,45,47,68,69,75,496,:
23:18,19,20,22,24,26,28,40,41,43,44,45,47,69,75,76,82,83,:
24:15,16,17,18,19,22,23,25,30,37,38,39,40,41,42,262,496,:
25:11,14,15,16,17,18,19,24,30,37,38,39,40,88,261,262,:
26:10,12,13,19,20,21,22,23,27,28,29,35,36,41,43,44,45,46,47,48,436,495,496,497,:
27:4,9,10,12,13,20,21,26,28,29,34,35,36,43,44,45,46,47,48,436,471,496,:
28:10,12,13,20,21,22,23,26,27,29,34,35,36,43,44,45,46,47,48,145,147,:
29:3,4,5,8,9,10,12,13,20,21,26,27,28,34,35,36,43,44,45,46,47,48,170,435,436,:
30:11,14,15,17,18,24,25,39,40,77,209,262,:
31:1,2,3,4,5,6,136,441,528,534,535,539,541,548,549,:
32:1,4,5,6,7,8,33,120,457,552,595,598,599,600,601,602,603,607,:
33:1,2,5,6,7,32,542,547,548,549,550,551,552,553,598,599,600,601,602,603,:
34:4,5,8,9,10,13,20,21,27,28,29,43,44,46,48,147,459,460,471,:
35:12,13,21,26,27,28,29,36,45,46,47,48,425,426,428,429,430,435,436,437,439,495,496,497,:
36:3,4,10,12,13,21,26,27,28,29,35,45,46,48,426,435,436,437,438,439,451,464,471,:
37:15,16,17,18,24,25,38,39,89,235,257,258,259,260,261,262,263,362,365,366,367,:
38:15,16,17,18,19,24,25,37,41,42,259,260,261,262,366,367,493,494,495,496,:
39:11,14,15,16,17,18,24,25,30,37,89,226,230,231,233,235,259,260,261,262,263,392,:
40:11,15,16,17,18,19,22,23,24,25,30,41,42,67,68,69,70,73,75,:
41:15,16,18,19,20,22,23,24,26,38,40,42,43,45,493,494,495,496,497,:
42:16,18,19,22,24,38,40,41,45,430,432,434,493,494,495,496,497,:
43:12,20,21,22,23,26,27,28,29,34,41,44,45,46,47,496,:
44:20,21,22,23,26,27,28,29,34,43,45,46,47,83,145,146,147,:
45:12,13,19,20,21,22,23,26,27,28,29,35,36,41,42,43,44,46,47,48,436,495,496,497,:
46:4,8,9,10,12,13,20,21,26,27,28,29,34,35,36,43,44,45,47,48,460,461,469,471,496,:
47:12,20,21,22,23,26,27,28,29,35,43,44,45,46,48,69,145,170,:
48:3,4,5,9,10,12,13,21,26,27,28,29,34,35,36,45,46,47,169,170,171,435,436,437,:
49:50,51,52,53,54,55,58,59,:
50:49,51,52,53,54,:
51:49,50,52,53,54,55,56,57,58,59,60,:
52:49,50,51,53,54,55,56,58,59,60,61,63,65,66,72,412,:
53:49,50,51,52,54,55,58,59,60,61,63,65,72,411,412,416,418,:
54:49,50,51,52,53,55,56,57,58,59,:
55:49,51,52,53,54,56,57,58,59,71,:
56:51,52,54,55,57,58,59,189,:
57:51,54,55,56,71,:
58:49,51,52,53,54,55,56,59,60,61,62,63,64,65,66,72,412,:
59:49,51,52,53,54,55,56,58,60,61,62,63,65,66,180,182,189,:
60:51,52,53,58,59,61,62,63,64,65,66,67,72,412,:
61:52,53,58,59,60,62,63,64,65,66,67,68,69,70,71,72,73,74,189,:
62:58,59,60,61,63,64,66,67,68,69,72,73,74,81,182,183,186,188,189,192,194,:
63:52,53,58,59,60,61,62,64,65,66,:
64:58,60,61,62,63,65,66,81,168,170,:
65:52,53,58,59,60,61,63,64,:
66:52,58,59,60,61,62,63,64,67,68,69,70,71,72,73,74,189,:
67:11,40,60,61,62,66,68,69,70,71,72,73,74,75,189,194,195,:
68:11,22,40,61,62,66,67,69,70,71,72,73,74,75,76,77,78,80,81,192,195,:
69:22,23,40,47,61,62,66,67,68,70,71,72,73,74,75,78,81,:
70:11,40,61,66,67,68,69,71,72,73,74,194,195,:
71:55,57,61,66,67,68,69,70,72,434,:
72:52,53,58,60,61,62,66,67,68,69,70,71,412,415,:
73:11,40,61,62,66,67,68,69,70,74,75,76,77,78,79,80,81,82,83,191,192,194,195,:
74:11,61,62,66,67,68,69,70,73,75,76,77,78,79,80,81,188,189,190,191,192,193,194,195,196,:
75:22,23,40,67,68,69,73,74,76,77,78,79,80,81,82,83,84,92,192,:
76:23,68,73,74,75,77,78,79,80,81,82,83,84,85,87,88,91,92,192,206,:
77:11,30,68,73,74,75,76,78,79,80,82,83,84,85,87,88,91,92,191,192,195,196,198,199,205,206,209,:
78:68,69,73,74,75,76,77,79,80,81,82,83,91,92,110,192,:
79:73,74,75,76,77,78,80,81,82,83,91,92,93,110,191,192,198,202,:
80:68,73,74,75,76,77,78,79,81,82,91,92,186,191,192,196,198,201,202,:
81:62,64,68,69,73,74,75,76,78,79,80,110,186,192,:
82:23,73,75,76,77,78,79,80,83,84,85,86,87,88,91,92,206,:
83:20,23,44,73,75,76,77,78,79,82,84,85,86,87,88,91,92,:
84:75,76,77,82,83,85,86,87,88,91,92,93,206,209,:
85:76,77,82,83,84,86,87,88,91,92,93,94,95,206,:
86:82,83,84,85,87,91,92,93,94,95,224,286,:
87:76,77,82,83,84,85,86,88,89,90,91,92,209,286,288,:
88:17,25,76,77,82,83,84,85,87,89,90,209,226,:
89:15,17,37,39,87,88,90,209,225,226,259,260,:
90:87,88,89,260,285,287,288,289,639,:
91:76,77,78,79,80,82,83,84,85,86,87,92,93,94,95,96,97,203,:
92:75,76,77,78,79,80,82,83,84,85,86,87,91,93,94,95,110,203,206,:
93:79,84,85,86,91,92,94,95,96,97,98,110,203,:
94:85,86,91,92,93,95,96,97,98,99,100,101,102,103,110,:
95:85,86,91,92,93,94,96,97,98,99,100,101,102,103,:
96:91,93,94,95,97,98,99,100,101,102,103,:
97:91,93,94,95,96,98,99,101,102,103,:
98:93,94,95,96,97,99,100,101,102,103,104,:
99:94,95,96,97,98,100,101,102,103,104,105,106,107,111,:
100:94,95,96,98,99,101,102,103,104,105,106,111,112,119,144,146,:
101:94,95,96,97,98,99,100,102,:
102:94,95,96,97,98,99,100,101,103,104,105,106,107,108,110,111,112,:
103:94,95,96,97,98,99,100,102,104,105,106,107,108,110,:
104:98,99,100,102,103,105,106,107,108,109,110,111,112,113,144,146,:
105:99,100,102,103,104,106,107,108,111,112,113,114,115,116,117,144,:
106:99,100,102,103,104,105,107,111,112,113,116,:
107:99,102,103,104,105,106,108,109,110,111,112,:
108:102,103,104,105,107,109,110,:
109:104,107,108,110,:
110:78,79,81,92,93,94,102,103,104,107,108,109,142,143,144,:
111:99,100,102,104,105,106,107,112,113,114,115,116,117,118,119,122,123,138,143,144,146,:
112:100,102,104,105,106,107,111,113,114,115,116,117,118,119,120,121,122,137,138,142,143,144,146,:
113:104,105,106,111,112,114,115,116,117,118,119,122,123,124,133,138,:
114:105,111,112,113,115,116,117,118,122,123,124,125,127,132,133,137,138,149,:
115:105,111,112,113,114,116,117,118,122,123,124,125,126,132,133,134,135,137,138,139,140,142,144,148,149,153,154,:
116:105,106,111,112,113,114,115,117,118,119,120,121,122,123,133,:
117:105,111,112,113,114,115,116,118,119,120,121,122,123,133,138,144,146,:
118:111,112,113,114,115,116,117,119,120,121,122,123,132,133,134,137,138,144,603,:
119:100,111,112,113,116,117,118,120,121,144,146,610,615,616,:
120:5,7,8,9,32,112,116,117,118,119,121,132,133,134,137,138,144,146,601,602,603,:
121:8,112,116,117,118,119,120,144,146,601,602,607,609,610,615,616,:
122:111,112,113,114,115,116,117,118,123,124,125,126,127,128,132,133,138,149,:
123:111,113,114,115,116,117,118,122,124,125,127,132,133,605,:
124:113,114,115,122,123,125,126,127,128,129,130,132,133,134,149,:
125:114,115,122,123,124,126,127,128,132,133,134,135,136,137,138,148,149,158,:
126:115,122,124,125,127,128,129,132,133,134,135,136,137,138,148,149,150,151,153,157,158,159,162,555,:
127:114,122,123,124,125,126,128,129,130,131,132,133,605,:
128:122,124,125,126,127,129,130,131,554,:
129:124,126,127,128,130,131,:
130:124,127,128,129,131,155,:
131:127,128,129,130,:
132:114,115,118,120,122,123,124,125,126,127,133,134,135,136,137,138,149,158,:
133:113,114,115,116,117,118,120,122,123,124,125,126,127,132,134,135,137,138,149,603,605,:
134:1,2,5,6,115,118,120,124,125,126,132,133,135,136,137,138,139,149,158,553,555,:
135:3,115,125,126,132,133,134,136,137,138,139,140,141,142,148,149,157,158,164,:
136:2,3,31,125,126,132,134,135,137,138,139,140,141,148,149,157,158,159,162,163,164,169,:
137:112,114,115,118,120,125,126,132,133,134,135,136,138,139,140,141,142,143,144,145,148,149,158,:
138:111,112,113,114,115,117,118,120,122,125,126,132,133,134,135,136,137,139,140,142,143,144,145,146,148,149,:
139:115,134,135,136,137,138,140,141,142,143,144,145,148,149,150,158,164,:
140:115,135,136,137,138,139,141,142,143,148,149,150,151,152,153,157,158,163,164,173,:
141:135,136,137,139,140,142,148,149,150,151,152,157,158,160,163,164,165,166,168,169,172,173,177,179,:
142:110,112,115,135,137,138,139,140,141,143,144,145,146,147,148,149,:
143:110,111,112,137,138,139,140,142,144,145,146,147,:
144:100,104,105,110,111,112,115,117,118,119,120,121,137,138,139,142,143,145,146,147,:
145:20,21,28,44,47,137,138,139,142,143,144,146,147,:
146:44,100,104,111,112,117,119,120,121,138,142,143,144,145,147,:
147:20,21,28,34,44,142,143,144,145,146,:
148:115,125,126,135,136,137,138,139,140,141,142,149,150,151,152,153,154,156,157,158,164,173,:
149:114,115,122,124,125,126,132,133,134,135,136,137,138,139,140,141,142,148,150,151,153,154,156,157,158,:
150:126,139,140,141,148,149,151,152,153,154,155,156,157,158,159,164,173,:
151:126,140,141,148,149,150,152,153,154,157,158,159,160,161,162,163,164,172,173,:
152:140,141,148,150,151,153,157,158,159,160,161,163,164,172,173,174,175,177,:
153:115,126,140,148,149,150,151,152,154,155,156,157,158,:
154:115,148,149,150,151,153,155,156,:
155:130,150,153,154,156,:
156:148,149,150,153,154,155,:
157:126,135,136,140,141,148,149,150,151,152,153,158,159,160,161,162,163,164,173,:
158:125,126,132,134,135,136,137,139,140,141,148,149,150,151,152,153,157,159,160,162,163,164,:
159:126,136,150,151,152,157,158,160,161,162,163,164,165,:
160:141,151,152,157,158,159,161,162,163,164,165,166,167,168,172,173,:
161:151,152,157,159,160,162,163,164,165,166,167,172,173,:
162:126,136,151,157,158,159,160,161,163,164,555,:
163:136,140,141,151,152,157,158,159,160,161,162,164,165,166,167,168,169,171,172,173,:
164:135,136,139,140,141,148,150,151,152,157,158,159,160,161,162,163,165,166,168,169,171,172,173,:
165:141,159,160,161,163,164,166,167,168,169,170,171,172,173,174,:
166:141,160,161,163,164,165,167,168,169,172,173,174,175,176,177,:
167:160,161,163,165,166,168,172,173,174,175,176,:
168:64,141,160,163,164,165,166,167,169,170,171,172,173,:
169:48,136,141,163,164,165,166,168,170,171,:
170:12,21,29,47,48,64,165,168,169,171,415,436,:
171:48,163,164,165,168,169,170,426,427,435,437,529,530,531,:
172:141,151,152,160,161,163,164,165,166,167,168,173,174,175,176,177,178,179,:
173:140,141,148,150,151,152,157,160,161,163,164,165,166,167,168,172,174,175,177,179,:
174:152,165,166,167,172,173,175,176,177,178,179,:
175:152,166,167,172,173,174,176,177,178,179,:
176:166,167,172,174,175,177,178,:
177:141,152,166,172,173,174,175,176,178,179,:
178:172,174,175,176,177,179,:
179:141,172,173,174,175,177,178,187,:
180:59,181,182,183,184,185,186,187,188,189,:
181:180,182,183,184,185,187,188,291,:
182:59,62,180,181,183,184,185,186,187,188,189,190,:
183:62,180,181,182,184,185,186,187,188,189,190,191,192,193,290,291,:
184:180,181,182,183,185,186,188,189,190,191,196,197,290,291,292,294,:
185:180,181,182,183,184,186,187,188,189,:
186:62,80,81,180,182,183,184,185,187,188,189,192,:
187:179,180,181,182,183,185,186,:
188:62,74,180,181,182,183,184,185,186,189,190,191,192,193,194,195,196,197,291,:
189:56,59,61,62,66,67,74,180,182,183,184,185,186,188,190,191,192,193,194,195,:
190:74,182,183,184,188,189,191,192,193,194,195,196,197,198,291,294,:
191:73,74,77,79,80,183,184,188,189,190,192,193,194,195,196,197,198,199,201,202,294,:
192:62,68,73,74,75,76,77,78,79,80,81,183,186,188,189,190,191,193,194,195,196,197,198,199,201,202,206,:
193:74,183,188,189,190,191,192,194,195,196,197,294,:
194:11,62,67,70,73,74,188,189,190,191,192,193,195,196,409,:
195:11,67,68,70,73,74,77,188,189,190,191,192,193,194,196,197,409,:
196:74,77,80,184,188,190,191,192,193,194,195,197,198,199,200,201,202,203,205,206,294,:
197:184,188,190,191,192,193,195,196,198,199,200,201,202,205,291,293,294,:
198:77,79,80,190,191,192,196,197,199,200,201,202,203,204,205,206,207,294,:
199:77,191,192,196,197,198,200,201,202,203,205,206,207,208,210,:
200:196,197,198,199,201,203,205,206,207,210,294,308,:
201:80,191,192,196,197,198,199,200,202,203,204,205,206,:
202:79,80,191,192,196,197,198,199,201,203,204,:
203:91,92,93,196,198,199,200,201,202,204,205,206,:
204:198,201,202,203,:
205:77,196,197,198,199,200,201,203,206,207,208,209,210,211,217,218,:
206:76,77,82,84,85,92,192,196,198,199,200,201,203,205,207,208,209,210,217,:
207:198,199,200,205,206,208,209,210,211,212,213,217,218,219,:
208:14,199,205,206,207,209,210,211,212,213,217,218,219,220,221,222,224,225,226,:
209:14,30,77,84,87,88,89,205,206,207,208,210,211,213,217,218,219,220,225,226,:
210:14,199,200,205,206,207,208,209,211,212,213,214,215,217,218,:
211:205,207,208,209,210,212,213,214,215,216,217,218,:
212:207,208,210,211,213,214,215,216,217,218,305,307,:
213:14,207,208,209,210,211,212,214,215,216,227,230,393,:
214:210,211,212,213,215,216,305,315,:
215:210,211,212,213,214,216,227,230,232,328,393,:
216:211,212,213,214,215,242,314,315,328,:
217:205,206,207,208,209,210,211,212,218,219,220,221,222,223,224,225,226,:
218:205,207,208,209,210,211,212,217,219,220,221,222,224,225,:
219:207,208,209,217,218,220,221,222,223,224,225,226,227,:
220:208,209,217,218,219,221,222,223,224,225,226,227,228,229,230,236,242,:
221:208,217,218,219,220,222,223,225,226,227,228,236,241,242,:
222:208,217,218,219,220,221,223,224,225,226,:
223:217,219,220,221,222,224,225,226,274,:
224:86,208,217,218,219,220,222,223,:
225:89,208,209,217,218,219,220,221,222,223,226,227,228,229,230,231,236,242,:
226:14,39,88,89,208,209,217,219,220,221,222,223,225,227,228,229,230,231,:
227:213,215,219,220,221,225,226,228,229,230,231,232,233,235,236,237,242,244,:
228:220,221,225,226,227,229,230,231,232,233,236,237,238,240,241,242,243,244,253,272,:
229:220,225,226,227,228,230,231,232,233,235,236,237,238,239,242,243,244,252,253,258,263,265,272,274,:
230:14,17,39,213,215,220,225,226,227,228,229,231,232,233,234,235,236,244,253,261,262,263,:
231:39,225,226,227,228,229,230,232,233,234,235,236,243,244,253,261,263,330,331,391,392,393,:
232:215,227,228,229,230,231,233,234,235,236,242,243,244,245,248,253,263,328,329,330,331,391,:
233:39,227,228,229,230,231,232,234,235,243,244,252,253,257,258,259,261,262,263,330,331,358,359,391,392,:
234:230,231,232,233,235,243,244,245,246,248,252,253,257,261,263,330,331,357,358,359,360,387,391,392,:
235:15,17,37,39,227,229,230,231,232,233,234,252,253,254,257,258,259,260,261,262,263,358,359,360,362,391,392,:
236:220,221,225,227,228,229,230,231,232,237,238,239,240,241,242,243,244,253,:
237:227,228,229,236,238,239,240,241,242,243,244,245,253,265,:
238:228,229,236,237,239,240,241,242,243,244,245,246,248,252,253,264,265,:
239:229,236,237,238,240,243,244,245,246,252,253,264,265,266,268,269,:
240:228,236,237,238,239,241,242,243,244,:
241:221,228,236,237,238,240,242,244,:
242:216,220,221,225,227,228,229,232,236,237,238,240,241,243,244,:
243:228,229,231,232,233,234,236,237,238,239,240,242,244,245,246,247,248,249,252,253,265,331,:
244:227,228,229,230,231,232,233,234,236,237,238,239,240,241,242,243,245,246,248,252,253,331,:
245:232,234,237,238,239,243,244,246,247,248,249,252,253,254,265,:
246:234,238,239,243,244,245,247,248,249,252,253,254,255,257,264,265,357,:
247:243,245,246,248,249,252,253,254,255,264,265,268,356,357,:
248:232,234,238,243,244,245,246,247,249,250,252,253,330,331,357,:
249:243,245,246,247,248,250,251,357,:
250:248,249,251,357,382,383,385,:
251:249,250,355,357,382,383,384,:
252:229,233,234,235,238,239,243,244,245,246,247,248,253,254,255,256,257,258,263,264,265,357,:
253:228,229,230,231,232,233,234,235,236,237,238,239,243,244,245,246,247,248,252,254,255,257,258,263,264,265,:
254:235,245,246,247,252,253,255,256,257,258,259,264,265,266,336,357,:
255:246,247,252,253,254,256,257,258,264,265,266,267,268,269,270,339,:
256:252,254,255,257,258,264,265,266,267,268,334,337,338,339,341,:
257:37,233,234,235,246,252,253,254,255,256,258,259,260,261,262,263,264,265,336,339,341,357,358,360,361,367,:
258:37,229,233,235,252,253,254,255,256,257,259,260,261,262,263,264,265,272,:
259:15,16,17,37,38,39,89,233,235,254,257,258,260,261,262,263,367,:
260:15,16,17,37,38,39,89,90,235,257,258,259,261,262,263,341,367,:
261:15,16,17,25,37,38,39,230,231,233,234,235,257,258,259,260,262,263,362,367,392,:
262:15,16,17,18,24,25,30,37,38,39,230,233,235,257,258,259,260,261,263,362,365,367,392,:
263:15,17,37,39,229,230,231,232,233,234,235,252,253,257,258,259,260,261,262,358,359,360,362,392,:
264:238,239,246,247,252,253,254,255,256,257,258,265,266,267,268,269,270,272,:
265:229,237,238,239,243,245,246,247,252,253,254,255,256,257,258,264,266,267,268,269,270,272,:
266:239,254,255,256,264,265,267,268,269,270,271,272,:
267:255,256,264,265,266,268,269,270,:
268:239,247,255,256,264,265,266,267,269,:
269:239,255,264,265,266,267,268,270,271,272,273,274,:
270:255,264,265,266,267,269,271,272,273,274,275,:
271:266,269,270,272,273,274,275,:
272:228,229,258,264,265,266,269,270,271,273,274,275,:
273:269,270,271,272,274,275,283,:
274:223,229,269,270,271,272,273,275,:
275:270,271,272,273,274,282,283,:
276:277,278,279,280,281,282,:
277:276,278,279,280,281,:
278:276,277,279,280,281,282,283,284,:
279:276,277,278,280,281,282,284,:
280:276,277,278,279,281,282,:
281:276,277,278,279,280,282,283,284,285,286,:
282:275,276,278,279,280,281,283,284,285,286,287,:
283:273,275,278,281,282,284,285,286,287,288,289,637,638,639,:
284:278,279,281,282,283,285,286,287,288,:
285:90,281,282,283,284,286,287,288,289,622,633,634,636,637,638,639,:
286:86,87,281,282,283,284,285,287,288,289,622,:
287:90,282,283,284,285,286,288,289,622,636,637,639,:
288:87,90,283,284,285,286,287,289,621,622,634,636,639,:
289:90,283,285,286,287,288,621,622,633,634,635,636,637,639,:
290:183,184,291,292,293,294,295,296,:
291:181,183,184,188,190,197,290,292,293,294,295,:
292:184,290,291,293,294,295,296,297,298,:
293:197,290,291,292,294,295,296,297,298,302,308,:
294:184,190,191,193,196,197,198,200,290,291,292,293,295,296,302,308,:
295:290,291,292,293,294,296,297,298,299,300,:
296:290,292,293,294,295,297,298,299,300,301,308,:
297:292,293,295,296,298,299,300,301,308,:
298:292,293,295,296,297,299,300,301,410,:
299:295,296,297,298,300,301,306,308,:
300:295,296,297,298,299,301,307,410,:
301:296,297,298,299,300,306,307,:
302:293,294,303,304,305,306,307,308,:
303:302,304,305,306,307,308,:
304:302,303,305,306,307,308,:
305:212,214,302,303,304,306,307,308,:
306:299,301,302,303,304,305,307,308,315,316,:
307:212,300,301,302,303,304,305,306,308,315,:
308:200,293,294,296,297,299,302,303,304,305,306,307,:
309:310,311,312,313,314,315,318,319,:
310:309,311,312,314,315,318,319,:
311:309,310,312,313,314,315,316,318,319,320,:
312:309,310,311,313,314,315,318,319,320,321,323,324,326,:
313:309,311,312,314,318,319,320,323,324,325,:
314:216,309,310,311,312,313,315,316,317,318,319,326,:
315:214,216,306,307,309,310,311,312,314,316,317,:
316:306,311,314,315,317,:
317:314,315,316,393,410,:
318:309,310,311,312,313,314,319,320,321,322,323,324,325,326,:
319:309,310,311,312,313,314,318,320,321,322,323,324,326,:
320:311,312,313,318,319,321,322,323,324,325,326,:
321:312,318,319,320,322,323,324,:
322:318,319,320,321,323,:
323:312,313,318,319,320,321,322,324,325,326,327,328,:
324:312,313,318,319,320,321,323,325,326,327,328,329,:
325:313,318,320,323,324,326,327,328,329,330,:
326:312,314,318,319,320,323,324,325,327,328,329,330,331,:
327:323,324,325,326,328,329,330,331,:
328:215,216,232,323,324,325,326,327,329,330,331,:
329:232,324,325,326,327,328,330,331,:
330:231,232,233,234,248,325,326,327,328,329,331,391,393,:
331:231,232,233,234,243,244,248,326,327,328,329,330,391,:
332:333,334,335,336,337,338,343,344,356,:
333:332,334,335,337,343,344,:
334:256,332,333,335,336,337,338,339,340,343,344,345,356,:
335:332,333,334,336,337,338,339,340,343,344,345,346,348,355,356,361,:
336:254,257,332,334,335,337,338,339,340,343,344,345,346,347,355,356,357,358,360,361,367,:
337:256,332,333,334,335,336,338,339,340,341,342,343,344,:
338:256,332,334,335,336,337,339,340,341,342,343,344,:
339:255,256,257,334,335,336,337,338,340,341,342,:
340:334,335,336,337,338,339,341,342,343,349,350,352,354,:
341:256,257,260,337,338,339,340,342,367,:
342:337,338,339,340,341,352,367,:
343:332,333,334,335,336,337,338,340,344,345,346,347,348,349,350,351,356,361,:
344:332,333,334,335,336,337,338,343,345,346,348,349,351,:
345:334,335,336,343,344,346,347,348,349,350,351,356,361,369,:
346:335,336,343,344,345,347,348,349,355,356,360,361,368,369,:
347:336,343,345,346,348,355,356,360,361,362,363,365,368,369,370,373,374,376,378,:
348:335,343,344,345,346,347,349,350,351,352,353,:
349:340,343,344,345,346,348,350,351,352,353,354,:
350:340,343,345,348,349,351,352,353,354,:
351:343,344,345,348,349,350,352,353,354,:
352:340,342,348,349,350,351,353,354,486,488,491,:
353:348,349,350,351,352,354,:
354:340,349,350,351,352,353,:
355:251,335,336,346,347,356,357,358,359,360,361,369,378,:
356:247,332,334,335,336,343,345,346,347,355,357,358,360,361,:
357:234,246,247,248,249,250,251,252,254,257,336,355,356,358,359,360,361,362,378,:
358:233,234,235,257,263,336,355,356,357,359,360,361,362,363,364,365,368,369,377,378,387,:
359:233,234,235,263,355,357,358,360,361,362,363,364,368,369,377,378,379,382,386,387,388,391,392,:
360:234,235,257,263,336,346,347,355,356,357,358,359,361,362,363,364,365,366,367,368,369,378,387,:
361:257,335,336,343,345,346,347,355,356,357,358,359,360,362,363,365,367,368,369,:
362:37,235,261,262,263,347,357,358,359,360,361,363,364,365,366,367,368,369,370,378,387,:
363:347,358,359,360,361,362,364,365,366,367,368,369,370,371,372,373,377,378,386,387,395,:
364:358,359,360,362,363,365,366,368,369,370,371,372,377,378,386,387,388,389,392,394,395,396,399,401,:
365:37,262,347,358,360,361,362,363,364,366,367,368,369,:
366:16,37,38,360,362,363,364,365,367,368,369,494,:
367:37,38,257,259,260,261,262,336,341,342,360,361,362,363,365,366,494,:
368:346,347,358,359,360,361,362,363,364,365,366,369,370,371,372,373,374,376,377,378,387,395,:
369:345,346,347,355,358,359,360,361,362,363,364,365,366,368,370,371,373,374,376,377,378,:
370:347,362,363,364,368,369,371,372,373,374,375,376,377,378,379,387,395,:
371:363,364,368,369,370,372,373,374,377,378,379,380,381,382,384,386,387,394,395,:
372:363,364,368,370,371,373,377,378,379,380,381,386,387,394,395,396,397,:
373:347,363,368,369,370,371,372,374,375,376,377,378,:
374:347,368,369,370,371,373,375,376,:
375:370,373,374,376,:
376:347,368,369,370,373,374,375,:
377:358,359,363,364,368,369,370,371,372,373,378,379,380,381,382,383,384,385,386,387,395,:
378:347,355,357,358,359,360,362,363,364,368,369,370,371,372,373,377,379,380,382,383,384,386,387,:
379:359,370,371,372,377,378,380,381,382,383,384,385,386,387,388,395,:
380:371,372,377,378,379,381,382,383,385,386,387,388,389,390,391,394,395,:
381:371,372,377,379,380,382,385,386,387,388,389,390,394,395,:
382:250,251,359,371,377,378,379,380,381,383,384,385,386,387,:
383:250,251,377,378,379,380,382,384,385,:
384:251,371,377,378,379,382,383,385,:
385:250,377,379,380,381,382,383,384,386,:
386:359,363,364,371,372,377,378,379,380,381,382,385,387,388,389,390,391,392,393,394,395,:
387:234,358,359,360,362,363,364,368,370,371,372,377,378,379,380,381,382,386,388,389,391,392,394,395,:
388:359,364,379,380,381,386,387,389,390,391,392,393,394,395,396,:
389:364,380,381,386,387,388,390,391,392,393,394,395,396,397,398,399,403,:
390:380,381,386,388,389,391,392,393,394,395,396,397,398,402,403,404,407,408,409,:
391:231,232,233,234,235,330,331,359,380,386,387,388,389,390,392,393,394,395,:
392:14,17,39,231,233,234,235,261,262,263,359,364,386,387,388,389,390,391,393,394,395,:
393:14,213,215,231,317,330,386,388,389,390,391,392,:
394:364,371,372,380,381,386,387,388,389,390,391,392,395,396,397,398,399,400,401,403,:
395:363,364,368,370,371,372,377,379,380,381,386,387,388,389,390,391,392,394,396,397,399,401,:
396:364,372,388,389,390,394,395,397,398,399,400,401,403,:
397:372,389,390,394,395,396,398,399,400,401,402,403,:
398:389,390,394,396,397,399,400,402,403,404,405,407,:
399:364,389,394,395,396,397,398,400,401,:
400:394,396,397,398,399,401,434,:
401:364,394,395,396,397,399,400,434,:
402:390,397,398,403,404,405,406,407,408,410,:
403:389,390,394,396,397,398,402,404,405,407,408,409,:
404:390,398,402,403,405,406,407,408,409,410,:
405:398,402,403,404,406,407,408,:
406:402,404,405,407,:
407:390,398,402,403,404,405,406,408,409,410,:
408:390,402,403,404,405,407,409,410,:
409:11,194,195,390,403,404,407,408,410,:
410:298,300,317,402,404,407,408,409,:
411:53,412,413,414,415,416,417,418,423,424,517,:
412:52,53,58,60,72,411,413,414,415,416,417,418,:
413:411,412,414,415,416,417,418,419,423,424,425,517,520,:
414:411,412,413,415,416,417,423,424,425,426,428,429,431,520,:
415:72,170,411,412,413,414,416,423,424,425,428,429,430,431,:
416:53,411,412,413,414,415,417,418,419,420,421,423,424,:
417:411,412,413,414,416,418,419,420,421,422,:
418:53,411,412,413,416,417,419,420,421,422,:
419:413,416,417,418,420,421,422,521,522,:
420:416,417,418,419,421,422,:
421:416,417,418,419,420,422,521,522,523,:
422:417,418,419,420,421,:
423:411,413,414,415,416,424,425,426,427,428,429,431,435,436,520,:
424:411,413,414,415,416,423,425,426,427,428,429,431,435,517,519,520,525,:
425:12,35,413,414,415,423,424,426,427,428,429,430,431,435,436,437,:
426:12,35,36,171,414,423,424,425,427,428,429,435,436,437,438,439,525,:
427:171,423,424,425,426,428,435,436,437,438,439,440,441,520,524,525,526,529,:
428:12,35,414,415,423,424,425,426,427,429,430,431,432,433,435,436,505,:
429:35,414,415,423,424,425,426,428,430,431,432,433,434,515,:
430:12,35,42,415,425,428,429,431,432,433,434,497,515,:
431:414,415,423,424,425,428,429,430,432,433,434,515,:
432:19,42,428,429,430,431,433,434,515,:
433:428,429,430,431,432,434,514,515,:
434:42,71,400,401,429,430,431,432,433,515,:
435:12,13,29,35,36,48,171,423,424,425,426,427,428,436,437,438,439,440,441,525,:
436:12,13,26,27,29,35,36,45,48,170,423,425,426,427,428,435,437,438,439,:
437:3,12,13,35,36,48,171,425,426,427,435,436,438,439,440,441,442,451,525,528,:
438:13,36,426,427,435,436,437,439,440,441,442,443,445,450,451,464,525,528,:
439:13,35,36,426,427,435,436,437,438,440,441,442,443,444,450,451,463,464,467,:
440:427,435,437,438,439,441,442,443,444,445,446,450,451,464,525,527,528,:
441:31,427,435,437,438,439,440,442,443,445,446,450,451,524,525,526,527,528,532,533,534,539,540,:
442:437,438,439,440,441,443,444,445,446,447,450,451,452,464,528,:
443:438,439,440,441,442,444,445,446,450,451,452,453,454,455,463,464,472,545,546,677,678,:
444:439,440,442,443,445,450,451,452,453,454,463,464,466,472,473,474,477,479,546,675,676,677,678,679,:
445:438,440,441,442,443,444,446,447,448,449,450,451,528,540,545,:
446:440,441,442,443,445,447,448,449,527,528,:
447:442,445,446,448,449,533,:
448:445,446,447,449,533,540,:
449:445,446,447,448,:
450:438,439,440,441,442,443,444,445,451,452,453,454,455,456,463,464,545,546,678,:
451:36,437,438,439,440,441,442,443,444,445,450,452,453,455,463,464,545,546,:
452:442,443,444,450,451,453,454,455,456,457,463,464,465,545,546,677,678,679,:
453:443,444,450,451,452,454,455,456,461,463,464,465,466,468,469,471,472,473,677,678,679,:
454:443,444,450,452,453,455,456,463,464,465,466,472,473,677,678,679,:
455:443,450,451,452,453,454,456,457,458,459,461,463,464,545,546,:
456:450,452,453,454,455,457,458,459,460,461,463,:
457:7,8,32,452,455,456,458,459,460,461,462,602,:
458:455,456,457,459,460,461,462,602,612,613,614,:
459:8,34,455,456,457,458,460,461,462,469,470,471,:
460:8,9,34,46,456,457,458,459,461,462,469,471,:
461:46,453,455,456,457,458,459,460,462,463,469,470,471,:
462:457,458,459,460,461,469,470,471,613,614,635,:
463:13,439,443,444,450,451,452,453,454,455,456,461,464,465,466,467,468,469,470,471,472,473,678,:
464:13,36,438,439,440,442,443,444,450,451,452,453,454,455,463,465,466,467,468,469,471,472,473,:
465:452,453,454,463,464,466,467,468,469,470,471,472,473,474,487,:
466:444,453,454,463,464,465,467,468,469,472,473,474,475,476,477,486,487,499,:
467:439,463,464,465,466,468,472,473,474,475,476,486,487,488,489,491,497,498,499,500,503,:
468:13,453,463,464,465,466,467,469,470,471,472,473,491,495,496,497,:
469:13,46,453,459,460,461,462,463,464,465,466,468,470,471,:
470:459,461,462,463,465,468,469,471,658,:
471:13,27,34,36,46,453,459,460,461,462,463,464,465,468,469,470,:
472:443,444,453,454,463,464,465,466,467,468,473,474,475,476,477,478,487,499,677,678,:
473:444,453,454,463,464,465,466,467,468,472,474,475,477,677,678,679,:
474:444,465,466,467,472,473,475,476,477,478,479,480,487,499,678,:
475:466,467,472,473,474,476,477,478,480,486,487,498,499,:
476:466,467,472,474,475,477,478,480,486,487,489,498,499,500,501,503,:
477:444,466,472,473,474,475,476,478,479,480,481,482,675,676,677,678,679,:
478:472,474,475,476,477,479,480,481,482,483,676,:
479:444,474,477,478,480,481,482,483,484,676,:
480:474,475,476,477,478,479,481,482,483,484,485,:
481:477,478,479,480,482,483,484,485,:
482:477,478,479,480,481,483,484,485,:
483:478,479,480,481,482,484,485,:
484:479,480,481,482,483,485,:
485:480,481,482,483,484,:
486:352,466,467,475,476,487,488,489,490,491,492,498,499,:
487:465,466,467,472,474,475,476,486,488,489,491,498,499,:
488:352,467,486,487,489,490,491,492,493,498,499,500,:
489:467,476,486,487,488,490,491,492,498,499,500,501,502,503,508,:
490:486,488,489,491,492,498,499,500,501,502,507,508,509,512,513,515,:
491:352,467,468,486,487,488,489,490,492,493,494,495,497,498,499,:
492:486,488,489,490,491,493,494,495,496,497,498,499,515,:
493:19,38,41,42,488,491,492,494,495,496,497,:
494:16,19,38,41,42,366,367,491,492,493,495,496,497,:
495:19,26,35,38,41,42,45,468,491,492,493,494,496,497,:
496:12,19,22,24,26,27,35,38,41,42,43,45,46,468,492,493,494,495,497,:
497:12,13,19,26,35,41,42,45,430,467,468,491,492,493,494,495,496,:
498:467,475,476,486,487,488,489,490,491,492,499,500,501,502,503,504,508,:
499:466,467,472,474,475,476,486,487,488,489,490,491,492,498,500,501,503,:
500:467,476,488,489,490,498,499,501,502,503,504,505,506,508,:
501:476,489,490,498,499,500,502,503,504,505,507,508,:
502:489,490,498,500,501,503,504,505,507,508,509,510,512,:
503:467,476,489,498,499,500,501,502,504,505,506,:
504:498,500,501,502,503,505,506,:
505:428,500,501,502,503,504,506,:
506:500,503,504,505,:
507:490,501,502,508,509,510,511,512,513,514,:
508:489,490,498,500,501,502,507,509,510,512,513,515,:
509:490,502,507,508,510,511,512,513,514,515,:
510:502,507,508,509,511,512,513,514,:
511:507,509,510,512,514,:
512:490,502,507,508,509,510,511,513,514,515,:
513:490,507,508,509,510,512,514,515,:
514:433,507,509,510,511,512,513,515,:
515:429,430,431,432,433,434,490,492,508,509,512,513,514,:
516:517,518,519,520,521,522,523,:
517:411,413,424,516,518,519,520,521,523,:
518:516,517,519,520,521,522,523,:
519:424,516,517,518,520,521,522,523,524,:
520:413,414,423,424,427,516,517,518,519,521,522,524,525,:
521:419,421,516,517,518,519,520,522,523,:
522:419,421,516,518,519,520,521,523,:
523:421,516,517,518,519,521,522,:
524:427,441,519,520,525,526,527,528,529,530,531,532,:
525:424,426,427,435,437,438,440,441,520,524,526,527,528,529,531,:
526:427,441,524,525,527,528,529,530,531,532,533,538,:
527:440,441,446,524,525,526,528,529,530,531,532,533,534,535,536,537,538,539,:
528:31,437,438,440,441,442,445,446,524,525,526,527,529,530,532,533,534,535,538,539,540,:
529:171,427,524,525,526,527,528,530,531,532,538,:
530:171,524,526,527,528,529,531,532,535,538,:
531:171,524,525,526,527,529,530,:
532:441,524,526,527,528,529,530,533,534,535,536,537,538,539,540,:
533:441,447,448,526,527,528,532,534,535,536,537,538,539,540,541,:
534:31,441,527,528,532,533,535,536,537,538,539,540,541,542,543,544,548,:
535:2,31,527,528,530,532,533,534,536,538,539,540,541,542,543,548,549,:
536:527,532,533,534,535,537,538,539,540,:
537:527,532,533,534,536,538,:
538:526,527,528,529,530,532,533,534,535,536,537,:
539:31,441,527,528,532,533,534,535,536,540,541,542,543,544,545,546,547,548,549,:
540:441,445,448,528,532,533,534,535,536,539,541,542,543,544,545,546,:
541:1,2,31,533,534,535,539,540,542,543,544,545,546,547,548,549,550,:
542:1,33,534,535,539,540,541,543,544,545,547,548,549,550,551,552,553,555,:
543:534,535,539,540,541,542,544,547,548,549,550,551,556,557,:
544:534,539,540,541,542,543,545,546,547,548,549,:
545:443,445,450,451,452,455,539,540,541,542,544,546,547,:
546:443,444,450,451,452,455,539,540,541,544,545,547,678,:
547:1,7,33,539,541,542,543,544,545,546,548,549,552,597,:
548:1,2,6,7,31,33,534,535,539,541,542,543,544,547,549,550,551,552,553,554,555,556,557,:
549:1,2,6,7,31,33,535,539,541,542,543,544,547,548,550,551,552,553,555,:
550:1,33,541,542,543,548,549,551,552,553,554,555,556,557,558,:
551:33,542,543,548,549,550,552,553,554,555,556,557,558,559,560,561,562,599,:
552:7,32,33,542,547,548,549,550,551,553,554,556,557,558,559,561,562,594,595,598,599,600,603,604,:
553:1,33,134,542,548,549,550,551,552,554,555,556,557,:
554:128,548,550,551,552,553,555,556,557,605,:
555:126,134,162,542,548,549,550,551,553,554,:
556:543,548,550,551,552,553,554,557,558,559,560,561,562,573,574,599,:
557:543,548,550,551,552,553,554,556,558,559,560,561,562,:
558:550,551,552,556,557,559,560,561,562,563,573,574,575,577,587,599,:
559:551,552,556,557,558,560,561,562,573,574,575,576,577,578,587,:
560:551,556,557,558,559,561,573,574,575,576,577,606,:
561:551,552,556,557,558,559,560,562,563,564,568,573,574,577,587,:
562:551,552,556,557,558,559,561,563,564,565,566,567,568,:
563:558,561,562,564,565,566,567,568,569,570,:
564:561,562,563,565,566,567,568,569,570,571,572,:
565:562,563,564,566,567,568,570,571,572,:
566:562,563,564,565,567,568,569,570,571,572,667,668,:
567:562,563,564,565,566,568,569,570,571,572,592,593,666,667,668,:
568:561,562,563,564,565,566,567,569,570,572,583,586,592,593,594,668,:
569:563,564,566,567,568,570,571,572,592,593,597,665,666,667,668,:
570:563,564,565,566,567,568,569,571,572,666,667,668,670,673,:
571:564,565,566,567,569,570,572,667,673,:
572:564,565,566,567,568,569,570,571,666,667,668,669,670,673,:
573:556,558,559,560,561,574,575,576,577,578,579,580,586,587,:
574:556,558,559,560,561,573,575,576,577,578,579,580,583,584,585,586,587,599,:
575:558,559,560,573,574,576,577,578,579,580,581,587,:
576:559,560,573,574,575,577,578,579,:
577:558,559,560,561,573,574,575,576,578,584,:
578:559,573,574,575,576,577,579,580,581,582,584,587,:
579:573,574,575,576,578,580,581,582,587,:
580:573,574,575,578,579,581,582,604,606,:
581:575,578,579,580,582,606,:
582:578,579,580,581,604,606,650,:
583:568,574,584,585,586,587,588,589,592,593,:
584:574,577,578,583,585,586,587,588,:
585:574,583,584,586,587,588,589,590,591,592,593,594,:
586:568,573,574,583,584,585,587,588,589,590,592,593,594,595,596,597,598,599,:
587:558,559,561,573,574,575,578,579,583,584,585,586,588,589,592,593,594,595,596,598,599,:
588:583,584,585,586,587,589,590,591,592,593,:
589:583,585,586,587,588,590,591,592,593,596,648,649,:
590:585,586,588,589,591,592,593,649,:
591:585,588,589,590,646,648,649,650,:
592:567,568,569,583,585,586,587,588,589,590,593,594,595,596,597,598,599,:
593:567,568,569,583,585,586,587,588,589,590,592,594,595,596,597,668,:
594:552,568,585,586,587,592,593,595,596,597,598,599,600,:
595:32,552,586,587,592,593,594,596,597,598,599,600,601,602,603,607,648,649,:
596:586,587,589,592,593,594,595,597,598,599,600,601,602,607,608,646,647,648,649,650,:
597:547,569,586,592,593,594,595,596,598,599,666,668,:
598:7,32,33,552,586,587,592,594,595,596,597,599,600,601,602,603,604,607,608,649,:
599:7,32,33,551,552,556,558,574,586,587,592,594,595,596,597,598,600,601,602,603,604,:
600:7,32,33,552,594,595,596,598,599,601,602,603,604,607,608,609,648,649,650,:
601:7,32,33,120,121,595,596,598,599,600,602,603,604,607,608,609,610,612,648,649,:
602:5,6,7,8,32,33,120,121,457,458,595,596,598,599,600,601,603,607,608,609,612,:
603:7,32,33,118,120,133,552,595,598,599,600,601,602,604,605,607,608,:
604:552,580,582,598,599,600,601,603,605,606,:
605:123,127,133,554,603,604,606,:
606:560,580,581,582,604,605,:
607:32,121,595,596,598,600,601,602,603,608,609,610,611,612,613,615,616,646,648,649,650,:
608:596,598,600,601,602,603,607,609,610,611,612,615,641,645,646,647,648,649,650,:
609:121,600,601,602,607,608,610,611,612,613,614,615,616,617,624,641,:
610:119,121,601,607,608,609,611,612,613,614,615,616,617,618,620,623,624,640,641,:
611:607,608,609,610,612,613,615,616,617,618,619,623,624,640,641,642,645,646,648,650,:
612:458,601,602,607,608,609,610,611,613,614,615,616,623,624,641,646,647,:
613:458,462,607,609,610,611,612,614,615,616,623,624,625,628,634,635,641,:
614:458,462,609,610,612,613,616,623,624,625,628,629,630,635,641,:
615:119,121,607,608,609,610,611,612,613,616,617,618,619,620,621,622,623,624,641,:
616:119,121,607,609,610,611,612,613,614,615,617,618,620,621,622,623,624,635,:
617:609,610,611,615,616,618,619,620,621,622,623,624,625,641,:
618:610,611,615,616,617,619,620,621,622,623,624,625,626,628,640,641,:
619:611,615,617,618,620,621,623,624,625,626,640,641,:
620:610,615,616,617,618,619,621,622,623,624,:
621:288,289,615,616,617,618,619,620,622,623,624,634,635,636,:
622:285,286,287,288,289,615,616,617,618,620,621,634,635,636,:
623:610,611,612,613,614,615,616,617,618,619,620,621,624,625,626,627,628,629,635,640,641,:
624:609,610,611,612,613,614,615,616,617,618,619,620,621,623,625,626,628,629,630,634,635,640,641,:
625:613,614,617,618,619,623,624,626,627,628,629,630,640,641,642,:
626:618,619,623,624,625,627,628,629,640,641,642,643,645,:
627:623,625,626,628,640,641,642,643,644,:
628:613,614,618,623,624,625,626,627,629,630,631,635,640,641,:
629:614,623,624,625,626,628,630,631,632,633,634,635,:
630:614,624,625,628,629,631,632,633,634,635,636,637,638,:
631:628,629,630,632,633,634,635,636,637,638,639,:
632:629,630,631,633,634,635,637,638,639,:
633:285,289,629,630,631,632,634,635,636,637,638,639,:
634:285,288,289,613,621,622,624,629,630,631,632,633,635,636,637,638,639,:
635:289,462,613,614,616,621,622,623,624,628,629,630,631,632,633,634,636,637,639,:
636:285,287,288,289,621,622,630,631,633,634,635,637,638,639,:
637:283,285,287,289,630,631,632,633,634,635,636,638,639,:
638:283,285,630,631,632,633,634,636,637,639,:
639:90,283,285,287,288,289,631,632,633,634,635,636,637,638,:
640:610,611,618,619,623,624,625,626,627,628,641,642,643,644,645,646,647,:
641:608,609,610,611,612,613,614,615,617,618,619,623,624,625,626,627,628,640,642,643,645,646,647,648,:
642:611,625,626,627,640,641,643,644,645,646,647,648,:
643:626,627,640,641,642,644,645,646,:
644:627,640,642,643,645,:
645:608,611,626,640,641,642,643,644,646,647,648,649,650,:
646:591,596,607,608,611,612,640,641,642,643,645,647,648,649,650,:
647:596,608,612,640,641,642,645,646,648,649,650,:
648:589,591,595,596,600,601,607,608,611,641,642,645,646,647,649,650,:
649:589,590,591,595,596,598,600,601,607,608,645,646,647,648,650,:
650:582,591,596,600,607,608,611,645,646,647,648,649,:
651:652,653,654,655,656,657,659,660,661,:
652:651,653,654,655,656,657,:
653:651,652,654,655,656,657,658,659,660,661,662,:
654:651,652,653,655,656,657,660,661,662,663,664,665,:
655:651,652,653,654,656,660,661,662,665,:
656:651,652,653,654,655,657,658,659,660,661,:
657:651,652,653,654,656,658,659,:
658:470,653,656,657,659,:
659:651,653,656,657,658,:
660:651,653,654,655,656,661,662,663,664,665,666,669,670,:
661:651,653,654,655,656,660,662,663,664,665,669,:
662:653,654,655,660,661,663,664,665,666,667,668,669,670,671,679,:
663:654,660,661,662,664,665,666,667,669,670,671,672,673,674,675,677,679,:
664:654,660,661,662,663,665,669,670,671,674,679,:
665:569,654,655,660,661,662,663,664,666,667,668,669,670,:
666:567,569,570,572,597,660,662,663,665,667,668,669,670,:
667:566,567,569,570,571,572,662,663,665,666,668,669,670,671,672,673,:
668:566,567,568,569,570,572,593,597,662,665,666,667,670,:
669:572,660,661,662,663,664,665,666,667,670,671,672,673,674,675,676,677,679,:
670:570,572,660,662,663,664,665,666,667,668,669,671,672,673,674,675,676,677,678,679,:
671:662,663,664,667,669,670,672,673,674,675,676,677,679,:
672:663,667,669,670,671,673,674,675,676,677,:
673:570,571,572,663,667,669,670,671,672,674,675,676,:
674:663,664,669,670,671,672,673,675,676,677,678,679,:
675:444,477,663,669,670,671,672,673,674,676,677,678,679,:
676:444,477,478,479,669,670,671,672,673,674,675,677,678,679,:
677:443,444,452,453,454,472,473,477,663,669,670,671,672,674,675,676,678,679,:
678:443,444,450,452,453,454,463,472,473,474,477,546,670,674,675,676,677,679,:
679:444,452,453,454,473,477,662,663,664,669,670,671,674,675,676,677,678,:
