1:2,3,4,5,6,7,8,9,10,11,12,13,14,15,16,17,153,154,162,163,167,168,169,170,300,302,304,358,:
2:1,3,4,5,6,7,8,9,10,11,12,13,14,15,16,17,154,163,168,299,300,301,302,303,304,:
3:1,2,4,5,6,7,8,9,10,11,12,13,77,96,97,102,103,154,163,168,298,299,300,:
4:1,2,3,5,8,9,11,12,13,77,87,88,96,97,98,101,102,103,298,299,300,301,:
5:1,2,3,4,6,7,8,9,10,11,12,13,14,15,16,17,77,82,83,84,154,:
6:1,2,3,5,7,9,10,11,12,13,14,15,16,17,82,84,154,355,415,:
7:1,2,3,5,6,9,10,11,12,13,14,15,16,17,154,168,170,354,355,357,358,359,415,416,:
8:1,2,3,4,5,9,10,11,13,77,96,97,98,101,102,103,154,158,159,162,163,164,168,169,172,299,300,:
9:1,2,3,4,5,6,7,8,10,11,12,13,14,15,16,17,103,153,154,156,158,159,162,163,164,167,168,169,170,:
10:1,2,3,5,6,7,8,9,11,13,14,15,16,17,154,162,163,167,168,169,170,299,300,302,304,305,358,:
11:1,2,3,4,5,6,7,8,9,10,12,13,14,15,16,17,298,299,300,301,302,303,304,305,334,:
12:1,2,3,4,5,6,7,9,11,13,14,15,17,77,81,82,83,84,334,:
13:1,2,3,4,5,6,7,8,9,10,11,12,14,15,16,76,77,79,80,81,82,83,84,153,154,155,:
14:1,2,5,6,7,9,10,11,12,13,15,16,17,82,84,334,354,355,360,362,415,:
15:1,2,5,6,7,9,10,11,12,13,14,16,17,80,82,84,154,155,355,413,414,415,416,:
16:1,2,5,6,7,9,10,11,13,14,15,17,153,154,170,355,357,358,359,412,414,415,416,:
17:1,2,5,6,7,9,10,11,12,14,15,16,302,304,305,353,354,355,356,357,358,359,360,361,362,415,416,:
18:19,20,21,22,23,24,25,26,28,:
19:18,20,21,23,24,25,26,28,:
20:18,19,21,22,23,24,25,26,28,30,:
21:18,19,20,22,23,24,29,30,:
22:18,20,21,23,29,30,31,32,34,:
23:18,19,20,21,22,24,25,26,27,28,:
24:18,19,20,21,23,25,26,27,28,83,333,:
25:18,19,20,23,24,26,27,28,37,333,343,345,:
26:18,19,20,23,24,25,27,28,92,94,333,:
27:23,24,25,26,28,92,333,:
28:18,19,20,23,24,25,26,27,91,92,93,94,:
29:21,22,30,31,32,33,34,35,36,37,42,:
30:20,21,22,29,31,32,34,35,37,:
31:22,29,30,32,33,34,35,36,37,42,:
32:22,29,30,31,33,34,35,41,42,54,:
33:29,31,32,34,41,42,43,44,46,53,54,55,58,59,61,:
34:22,29,30,31,32,33,35,36,37,38,39,80,82,84,:
35:29,30,31,32,34,36,37,38,39,40,82,84,:
36:29,31,34,35,37,38,39,40,48,49,50,51,82,84,411,:
37:25,29,30,31,34,35,36,38,39,40,82,83,84,:
38:34,35,36,37,39,40,49,51,375,377,378,:
39:34,35,36,37,38,40,84,343,364,:
40:35,36,37,38,39,364,374,375,377,378,:
41:32,33,42,43,44,45,46,47,53,54,:
42:29,31,32,33,41,43,44,46,47,48,53,54,:
43:33,41,42,44,45,46,47,48,52,53,54,55,:
44:33,41,42,43,45,46,47,53,54,55,56,57,58,:
45:41,43,44,46,53,54,55,56,57,:
46:33,41,42,43,44,45,47,48,49,50,51,52,53,54,404,:
47:41,42,43,44,46,48,49,50,51,52,404,:
48:36,42,43,46,47,49,50,51,52,403,404,:
49:36,38,46,47,48,50,51,52,378,404,:
50:36,46,47,48,49,51,52,403,404,405,408,409,411,:
51:36,38,46,47,48,49,50,52,378,403,404,405,408,409,411,413,:
52:43,46,47,48,49,50,51,403,404,405,406,408,409,411,:
53:33,41,42,43,44,45,46,54,55,56,57,58,59,60,:
54:32,33,41,42,43,44,45,46,53,55,56,58,59,61,:
55:33,43,44,45,53,54,56,57,58,59,60,61,:
56:44,45,53,54,55,57,58,59,60,:
57:44,45,53,55,56,58,60,:
58:33,44,53,54,55,56,57,59,60,61,:
59:33,53,54,55,56,58,60,61,148,:
60:53,55,56,57,58,59,61,:
61:33,54,55,58,59,60,78,80,148,:
62:63,64,65,66,67,68,70,73,74,123,124,140,141,:
63:62,64,65,66,67,68,70,119,122,123,124,140,141,:
64:62,63,65,66,67,68,69,70,73,74,75,123,124,141,:
65:62,63,64,66,67,68,73,74,75,76,78,85,86,123,124,140,141,:
66:62,63,64,65,67,73,74,75,76,77,123,124,139,140,141,149,151,157,:
67:62,63,64,65,66,68,69,70,71,72,73,74,115,123,124,:
68:62,63,64,65,67,69,70,71,72,74,115,:
69:64,67,68,70,71,72,115,:
70:62,63,64,67,68,69,71,72,:
71:67,68,69,70,72,:
72:67,68,69,70,71,:
73:62,64,65,66,67,74,75,76,77,78,79,85,86,124,:
74:62,64,65,66,67,68,73,75,76,78,85,86,95,124,:
75:64,65,66,73,74,76,77,78,79,80,81,85,86,87,:
76:13,65,66,73,74,75,77,78,79,80,81,85,86,87,88,89,90,91,124,:
77:3,4,5,8,12,13,66,73,75,76,78,79,80,81,85,86,87,88,89,96,97,153,154,155,156,158,161,:
78:61,65,73,74,75,76,77,79,80,81,82,83,85,86,:
79:13,73,75,76,77,78,80,81,82,83,84,85,86,:
80:13,15,34,61,75,76,77,78,79,81,82,83,84,155,:
81:12,13,75,76,77,78,79,80,82,83,84,85,86,91,92,93,94,:
82:5,6,12,13,14,15,34,35,36,37,78,79,80,81,83,84,:
83:5,12,13,24,37,78,79,80,81,82,84,92,:
84:5,6,12,13,14,15,34,35,36,37,39,79,80,81,82,83,:
85:65,73,74,75,76,77,78,79,81,86,87,88,89,90,91,92,93,95,96,97,124,:
86:65,73,74,75,76,77,78,79,81,85,87,88,89,90,91,92,93,94,95,124,:
87:4,75,76,77,85,86,88,89,90,91,92,93,95,96,97,98,105,110,:
88:4,76,77,85,86,87,89,90,91,96,97,98,99,100,101,103,104,105,109,110,118,123,124,:
89:76,77,85,86,87,88,90,96,97,98,99,100,104,105,109,110,111,112,114,117,118,119,122,123,124,:
90:76,85,86,87,88,89,91,92,93,94,95,96,97,105,110,116,:
91:28,76,81,85,86,87,88,90,92,93,94,95,:
92:26,27,28,81,83,85,86,87,90,91,93,94,95,333,:
93:28,81,85,86,87,90,91,92,94,95,:
94:26,28,81,86,90,91,92,93,95,:
95:74,85,86,87,90,91,92,93,94,116,:
96:3,4,8,77,85,87,88,89,90,97,98,99,100,101,102,103,104,105,110,118,:
97:3,4,8,77,85,87,88,89,90,96,98,99,101,102,103,104,105,298,:
98:4,8,87,88,89,96,97,99,100,101,102,103,104,105,106,110,118,:
99:88,89,96,97,98,100,101,102,104,105,106,107,109,110,117,118,126,:
100:88,89,96,98,99,101,104,105,106,107,108,109,110,112,117,118,119,120,122,125,126,127,130,131,133,:
101:4,8,88,96,97,98,99,100,102,103,104,105,172,176,:
102:3,4,8,96,97,98,99,101,103,158,159,161,162,163,171,172,173,176,:
103:3,4,8,9,88,96,97,98,101,102,158,159,161,162,163,169,171,172,176,:
104:88,89,96,97,98,99,100,101,105,106,107,108,109,110,118,126,:
105:87,88,89,90,96,97,98,99,100,101,104,106,107,109,110,294,:
106:98,99,100,104,105,107,108,109,110,111,126,:
107:99,100,104,105,106,108,109,110,111,112,113,114,116,117,118,126,:
108:100,104,106,107,109,110,111,112,113,126,:
109:88,89,99,100,104,105,106,107,108,110,111,112,113,114,115,116,117,118,126,:
110:87,88,89,90,96,98,99,100,104,105,106,107,108,109,111,112,114,116,117,118,124,126,:
111:89,106,107,108,109,110,112,113,114,115,116,117,118,119,126,:
112:89,100,107,108,109,110,111,113,114,115,116,117,118,119,120,121,122,124,125,126,:
113:107,108,109,111,112,114,115,117,118,119,120,121,125,126,:
114:89,107,109,110,111,112,113,115,116,117,118,:
115:67,68,69,109,111,112,113,114,116,117,118,:
116:90,95,107,109,110,111,112,114,115,:
117:89,99,100,107,109,110,111,112,113,114,115,118,119,120,121,122,123,124,125,126,:
118:88,89,96,98,99,100,104,107,109,110,111,112,113,114,115,117,119,120,122,123,124,125,126,:
119:63,89,100,111,112,113,117,118,120,121,122,123,124,125,126,127,:
120:100,112,113,117,118,119,121,122,123,125,126,127,128,129,130,198,:
121:112,113,117,119,120,122,125,126,127,128,129,196,198,:
122:63,89,100,112,117,118,119,120,121,123,124,125,126,161,196,198,:
123:62,63,64,65,66,67,88,89,117,118,119,120,122,124,161,:
124:62,63,64,65,66,67,73,74,76,85,86,88,89,110,112,117,118,119,122,123,161,:
125:100,112,113,117,118,119,120,121,122,126,127,128,129,130,131,132,:
126:99,100,104,106,107,108,109,110,111,112,113,117,118,119,120,121,122,125,127,128,130,131,133,:
127:100,119,120,121,125,126,128,129,130,131,132,133,:
128:120,121,125,126,127,129,130,131,132,:
129:120,121,125,127,128,130,132,:
130:100,120,125,126,127,128,129,131,132,133,:
131:100,125,126,127,128,130,132,133,:
132:125,127,128,129,130,131,133,:
133:100,126,127,130,131,132,178,190,:
134:135,136,137,138,139,140,141,142,143,:
135:134,136,137,138,139,142,199,201,203,:
136:134,135,137,138,139,140,141,142,143,144,149,151,:
137:134,135,136,138,139,140,141,142,143,144,145,147,148,149,150,151,157,:
138:134,135,136,137,139,140,142,143,144,145,149,150,151,203,204,206,219,:
139:66,134,135,136,137,138,140,141,142,143,149,151,157,161,:
140:62,63,65,66,134,136,137,138,139,141,142,143,149,150,151,153,156,157,158,161,:
141:62,63,64,65,66,134,136,137,139,140,142,143,149,150,151,156,157,161,:
142:134,135,136,137,138,139,140,141,151,156,157,160,161,199,206,207,:
143:134,136,137,138,139,140,141,144,145,146,147,148,149,150,151,157,:
144:136,137,138,143,145,146,147,148,149,150,151,152,:
145:137,138,143,144,146,147,148,149,150,151,152,153,155,157,223,224,:
146:143,144,145,147,148,150,151,152,155,223,224,410,412,:
147:137,143,144,145,146,148,149,150,151,:
148:59,61,137,143,144,145,146,147,149,150,151,:
149:66,136,137,138,139,140,141,143,144,145,147,148,150,151,:
150:137,138,140,141,143,144,145,146,147,148,149,151,152,153,154,155,156,157,224,:
151:66,136,137,138,139,140,141,142,143,144,145,146,147,148,149,150,152,153,154,155,156,157,158,224,:
152:144,145,146,150,151,153,154,155,156,157,158,224,410,412,:
153:1,9,13,16,77,140,145,150,151,152,154,155,156,157,158,159,160,161,162,163,224,:
154:1,2,3,5,6,7,8,9,10,13,15,16,77,150,151,152,153,155,156,157,158,159,162,163,170,224,:
155:13,15,77,80,145,146,150,151,152,153,154,156,157,409,410,412,:
156:9,77,140,141,142,150,151,152,153,154,155,157,158,159,160,161,162,163,224,:
157:66,137,139,140,141,142,143,145,150,151,152,153,154,155,156,158,159,160,161,224,:
158:8,9,77,102,103,140,151,152,153,154,156,157,159,160,161,162,163,164,213,:
159:8,9,102,103,153,154,156,157,158,160,161,162,163,164,165,167,170,171,172,212,213,214,224,:
160:142,153,156,157,158,159,161,162,163,164,165,172,208,211,212,213,214,224,:
161:77,102,103,122,123,124,139,140,141,142,153,156,157,158,159,160,162,163,:
162:1,8,9,10,102,103,153,154,156,158,159,160,161,163,164,165,166,167,168,169,170,171,172,212,213,214,:
163:1,2,3,8,9,10,102,103,153,154,156,158,159,160,161,162,164,165,167,168,169,170,171,172,:
164:8,9,158,159,160,162,163,165,166,167,168,169,170,171,172,173,212,213,214,229,255,:
165:159,160,162,163,164,166,167,168,169,170,171,172,173,174,175,176,182,212,213,214,247,248,253,255,:
166:162,164,165,167,168,169,171,172,173,174,175,182,188,212,213,214,232,233,235,247,248,249,252,253,255,:
167:1,9,10,159,162,163,164,165,166,168,169,170,171,172,229,253,254,255,:
168:1,2,3,7,8,9,10,162,163,164,165,166,167,169,170,171,172,253,254,255,266,300,302,:
169:1,8,9,10,103,162,163,164,165,166,167,168,170,171,172,173,252,253,254,255,300,302,:
170:1,7,9,10,16,154,159,162,163,164,165,167,168,169,224,229,359,429,430,:
171:102,103,159,162,163,164,165,166,167,168,169,172,173,174,175,176,177,182,212,213,214,255,:
172:8,101,102,103,159,160,162,163,164,165,166,167,168,169,171,173,174,175,176,212,213,214,255,:
173:102,164,165,166,169,171,172,174,175,176,177,178,179,181,182,183,188,214,248,255,:
174:165,166,171,172,173,175,176,177,178,179,182,183,184,185,186,187,188,190,212,214,215,217,:
175:165,166,171,172,173,174,176,177,178,182,183,184,185,188,189,190,191,194,211,212,213,214,215,216,217,:
176:101,102,103,165,171,172,173,174,175,177,178,179,180,181,182,188,:
177:171,173,174,175,176,178,179,180,181,182,188,:
178:133,173,174,175,176,177,179,180,181,182,184,188,190,:
179:173,174,176,177,178,180,181,182,188,288,289,:
180:176,177,178,179,181,188,289,:
181:173,176,177,178,179,180,188,288,289,293,295,:
182:165,166,171,173,174,175,176,177,178,179,183,184,185,186,187,188,190,214,217,248,:
183:173,174,175,182,184,185,186,187,188,190,215,216,217,:
184:174,175,178,182,183,185,186,187,188,189,190,215,216,217,:
185:174,175,182,183,184,186,189,190,215,216,217,:
186:174,182,183,184,185,187,188,240,244,245,246,:
187:174,182,183,184,186,188,239,245,248,:
188:166,173,174,175,176,177,178,179,180,181,182,183,184,186,187,248,:
189:175,184,185,190,191,192,193,194,195,217,:
190:133,174,175,178,182,183,184,185,189,191,192,194,214,215,217,:
191:175,189,190,192,193,194,195,196,197,217,:
192:189,190,191,193,194,195,196,197,:
193:189,191,192,194,195,196,197,:
194:175,189,190,191,192,193,195,196,197,198,199,211,212,214,215,217,:
195:189,191,192,193,194,196,197,198,199,200,:
196:121,122,191,192,193,194,195,197,198,199,200,:
197:191,192,193,194,195,196,198,199,200,:
198:120,121,122,194,195,196,197,199,200,:
199:135,142,194,195,196,197,198,200,:
200:195,196,197,198,199,:
201:135,202,203,204,205,206,207,:
202:201,203,204,205,206,207,:
203:135,138,201,202,204,205,206,207,208,219,:
204:138,201,202,203,205,206,207,218,219,:
205:201,202,203,204,206,219,:
206:138,142,201,202,203,204,205,207,208,209,218,219,222,:
207:142,201,202,203,204,206,208,209,210,211,213,:
208:160,203,206,207,209,210,211,212,213,214,215,216,222,:
209:206,207,208,210,211,212,213,214,215,216,217,:
210:207,208,209,211,212,213,215,216,217,:
211:160,175,194,207,208,209,210,212,213,214,215,216,217,:
212:159,160,162,164,165,166,171,172,174,175,194,208,209,210,211,213,214,215,216,217,:
213:158,159,160,162,164,165,166,171,172,175,207,208,209,210,211,212,214,215,217,229,:
214:159,160,162,164,165,166,171,172,173,174,175,182,190,194,208,209,211,212,213,215,216,217,:
215:174,175,183,184,185,190,194,208,209,210,211,212,213,214,216,217,:
216:175,183,184,185,208,209,210,211,212,214,215,217,241,242,:
217:174,175,182,183,184,185,189,190,191,194,209,210,211,212,213,214,215,216,:
218:204,206,219,220,221,222,223,224,225,226,:
219:138,203,204,205,206,218,220,221,222,223,224,:
220:218,219,221,222,223,224,225,226,227,:
221:218,219,220,222,223,224,225,226,227,228,229,:
222:206,208,218,219,220,221,223,224,225,226,227,228,229,:
223:145,146,218,219,220,221,222,224,225,226,:
224:145,146,150,151,152,153,154,156,157,159,160,170,218,219,220,221,222,223,225,226,229,:
225:218,220,221,222,223,224,226,227,228,229,230,231,429,:
226:218,220,221,222,223,224,225,227,228,229,429,430,:
227:220,221,222,225,226,228,229,230,231,232,429,:
228:221,222,225,226,227,229,230,231,232,233,234,235,236,429,:
229:164,167,170,213,221,222,224,225,226,227,228,230,231,232,235,429,:
230:225,227,228,229,231,232,233,234,235,236,247,248,427,429,:
231:225,227,228,229,230,232,233,234,235,236,247,427,429,:
232:166,227,228,229,230,231,233,234,235,236,237,247,248,249,:
233:166,228,230,231,232,234,235,236,247,248,249,250,252,253,254,257,:
234:228,230,231,232,233,235,236,247,248,249,250,256,257,261,427,:
235:166,228,229,230,231,232,233,234,236,237,238,239,247,248,:
236:228,230,231,232,233,234,235,237,238,239,240,242,:
237:232,235,236,238,239,240,241,242,243,244,245,:
238:235,236,237,239,240,241,242,243,244,245,246,:
239:187,235,236,237,238,240,241,242,244,245,246,:
240:186,236,237,238,239,241,242,243,244,245,246,:
241:216,237,238,239,240,242,243,244,245,246,:
242:216,236,237,238,239,240,241,243,244,246,:
243:237,238,240,241,242,244,245,246,:
244:186,237,238,239,240,241,242,243,245,246,:
245:186,187,237,238,239,240,241,243,244,246,:
246:186,238,239,240,241,242,243,244,245,:
247:165,166,230,231,232,233,234,235,248,249,250,251,252,253,254,255,257,:
248:165,166,173,182,187,188,230,232,233,234,235,247,249,250,252,253,254,255,:
249:166,232,233,234,247,248,250,251,252,253,254,255,257,261,267,:
250:233,234,247,248,249,251,252,253,256,257,:
251:247,249,250,252,256,257,258,259,:
252:166,169,233,247,248,249,250,251,253,254,255,267,:
253:165,166,167,168,169,233,247,248,249,250,252,254,255,265,266,267,302,:
254:167,168,169,233,247,248,249,252,253,255,261,263,265,266,267,302,319,:
255:164,165,166,167,168,169,171,172,173,247,248,249,252,253,254,300,302,:
256:234,250,251,257,258,259,260,261,262,425,427,:
257:233,234,247,249,250,251,256,258,259,261,267,427,:
258:251,256,257,259,260,261,262,263,267,425,427,:
259:251,256,257,258,260,261,262,:
260:256,258,259,261,262,:
261:234,249,254,256,257,258,259,260,262,263,264,265,266,267,425,427,428,:
262:256,258,259,260,261,263,264,265,266,267,387,388,389,423,424,426,428,:
263:254,258,261,262,264,265,266,267,351,352,357,358,359,388,389,424,426,428,429,430,:
264:261,262,263,265,266,267,348,349,351,352,353,356,357,358,359,385,386,387,388,389,424,426,:
265:253,254,261,262,263,264,266,267,319,352,357,358,359,426,428,429,430,:
266:168,253,254,261,262,263,264,265,267,302,305,351,352,356,357,358,359,429,430,:
267:249,252,253,254,257,258,261,262,263,264,265,266,319,358,359,428,429,430,:
268:269,270,271,272,273,274,275,278,:
269:268,270,271,273,274,275,276,278,284,309,310,:
270:268,269,271,272,273,274,275,276,278,:
271:268,269,270,272,273,274,275,277,278,284,:
272:268,270,271,273,274,275,277,278,284,285,:
273:268,269,270,271,272,274,275,276,278,284,:
274:268,269,270,271,272,273,275,276,278,283,284,285,323,:
275:268,269,270,271,272,273,274,276,277,278,279,282,283,284,285,307,308,309,:
276:269,270,273,274,275,283,284,285,323,327,:
277:271,272,275,278,279,280,281,282,283,284,285,286,308,:
278:268,269,270,271,272,273,274,275,277,279,280,281,282,283,284,285,308,:
279:275,277,278,280,281,282,283,284,285,286,287,292,308,:
280:277,278,279,281,282,283,284,285,286,287,288,289,290,291,292,293,294,307,308,:
281:277,278,279,280,282,283,284,286,287,288,289,292,293,294,296,307,308,309,310,:
282:275,277,278,279,280,281,283,284,285,286,292,294,308,:
283:274,275,276,277,278,279,280,281,282,284,285,286,293,294,295,296,298,307,308,309,:
284:269,271,272,273,274,275,276,277,278,279,280,281,282,283,285,294,307,308,309,:
285:272,274,275,276,277,278,279,280,282,283,284,:
286:277,279,280,281,282,283,287,288,289,290,291,292,293,294,308,:
287:279,280,281,286,288,289,290,291,292,293,294,295,:
288:179,181,280,281,286,287,289,290,291,292,293,294,295,296,297,298,307,308,:
289:179,180,181,280,281,286,287,288,290,293,294,295,296,297,307,308,313,:
290:280,286,287,288,289,291,292,293,294,:
291:280,286,287,288,290,292,294,:
292:279,280,281,282,286,287,288,290,291,293,294,:
293:181,280,281,283,286,287,288,289,290,292,294,295,296,297,298,299,307,308,:
294:105,280,281,282,283,284,286,287,288,289,290,291,292,293,295,296,298,307,308,:
295:181,283,287,288,289,293,294,296,297,298,299,300,301,307,308,309,:
296:281,283,288,289,293,294,295,297,298,299,300,301,307,308,309,310,311,313,:
297:288,289,293,295,296,298,299,300,301,307,308,309,310,311,312,313,314,317,:
298:3,4,11,97,283,288,293,294,295,296,297,299,300,301,302,303,307,308,:
299:2,3,4,8,10,11,293,295,296,297,298,300,301,302,303,304,307,308,:
300:1,2,3,4,8,10,11,168,169,255,295,296,297,298,299,301,302,303,304,305,:
301:2,4,11,295,296,297,298,299,300,302,303,304,305,306,307,308,334,:
302:1,2,10,11,17,168,169,253,254,255,266,298,299,300,301,303,304,305,306,358,:
303:2,11,298,299,300,301,302,304,305,306,322,323,324,325,334,:
304:1,2,10,11,17,299,300,301,302,303,305,306,320,358,361,:
305:10,11,17,266,300,301,302,303,304,306,320,351,352,354,357,358,360,361,362,:
306:301,302,303,304,305,320,322,325,347,348,349,351,352,358,360,361,362,:
307:275,280,281,283,284,288,289,293,294,295,296,297,298,299,301,308,309,310,311,313,:
308:275,277,278,279,280,281,282,283,284,286,288,289,293,294,295,296,297,298,299,301,307,309,310,:
309:269,275,281,283,284,295,296,297,307,308,310,311,313,:
310:269,281,296,297,307,308,309,311,312,313,:
311:296,297,307,309,310,312,313,314,315,317,:
312:297,310,311,313,314,315,316,317,318,:
313:289,296,297,307,309,310,311,312,314,315,317,:
314:297,311,312,313,315,316,317,318,319,320,:
315:311,312,313,314,316,317,318,319,:
316:312,314,315,317,318,319,:
317:297,311,312,313,314,315,316,318,319,320,:
318:312,314,315,316,317,319,320,:
319:254,265,267,314,315,316,317,318,320,:
320:304,305,306,314,317,318,319,:
321:322,323,324,325,326,327,:
322:303,306,321,323,324,325,326,:
323:274,276,303,321,322,324,325,326,327,328,:
324:303,321,322,323,325,326,327,328,329,330,331,332,334,:
325:303,306,321,322,323,324,326,327,328,329,330,362,:
326:321,322,323,324,325,327,328,329,330,331,332,334,335,:
327:276,321,323,324,325,326,328,329,330,331,332,:
328:323,324,325,326,327,329,330,331,332,333,334,335,336,337,364,:
329:324,325,326,327,328,330,331,332,335,336,337,338,340,364,372,:
330:324,325,326,327,328,329,331,335,336,337,338,339,372,:
331:324,326,327,328,329,330,332,333,334,335,336,364,:
332:324,326,327,328,329,331,333,334,:
333:24,25,26,27,92,328,331,332,334,:
334:11,12,14,301,303,324,326,328,331,332,333,362,364,:
335:326,328,329,330,331,336,337,338,339,340,341,343,364,:
336:328,329,330,331,335,337,338,340,341,343,345,363,364,:
337:328,329,330,335,336,338,339,340,341,342,343,:
338:329,330,335,336,337,339,340,341,342,343,:
339:330,335,337,338,340,341,342,:
340:329,335,336,337,338,339,341,342,343,344,345,:
341:335,336,337,338,339,340,342,343,344,345,:
342:337,338,339,340,341,343,344,345,:
343:25,39,335,336,337,338,340,341,342,344,345,:
344:340,341,342,343,345,:
345:25,336,340,341,342,343,344,:
346:347,348,349,350,351,352,361,383,:
347:306,346,348,349,350,351,361,:
348:264,306,346,347,349,350,351,352,353,361,382,383,386,388,389,:
349:264,306,346,347,348,350,351,352,353,354,356,360,361,366,383,386,389,:
350:346,347,348,349,351,352,353,354,360,361,365,366,371,386,:
351:263,264,266,305,306,346,347,348,349,350,352,353,354,355,356,357,358,360,361,366,386,389,:
352:263,264,265,266,305,306,346,348,349,350,351,353,354,356,357,358,359,360,361,386,388,389,:
353:17,264,348,349,350,351,352,354,355,356,357,358,359,360,361,362,366,386,:
354:7,14,17,305,349,350,351,352,353,355,356,357,358,360,361,362,363,365,366,375,415,:
355:6,7,14,15,16,17,351,353,354,356,357,358,360,361,362,363,365,366,375,381,413,414,415,416,:
356:17,264,266,349,351,352,353,354,355,357,358,359,360,361,386,398,415,416,430,:
357:7,16,17,263,264,265,266,305,351,352,353,354,355,356,358,359,415,416,426,429,430,:
358:1,7,10,16,17,263,264,265,266,267,302,304,305,306,351,352,353,354,355,356,357,359,360,361,430,:
359:7,16,17,170,263,264,265,266,267,352,353,356,357,358,415,416,426,428,429,430,:
360:14,17,305,306,349,350,351,352,353,354,355,356,358,361,362,363,364,365,366,375,:
361:17,304,305,306,346,347,348,349,350,351,352,353,354,355,356,358,360,362,363,365,366,:
362:14,17,305,306,325,334,353,354,355,360,361,363,364,365,366,367,375,:
363:336,354,355,360,361,362,364,365,366,367,368,370,372,374,375,:
364:39,40,328,329,331,334,335,336,360,362,363,365,366,367,368,370,372,374,375,:
365:350,354,355,360,361,362,363,364,366,367,368,369,370,371,372,374,375,:
366:349,350,351,353,354,355,360,361,362,363,364,365,367,368,370,371,372,374,375,:
367:362,363,364,365,366,368,369,370,371,372,373,374,375,376,:
368:363,364,365,366,367,369,370,371,372,374,375,376,377,379,:
369:365,367,368,370,371,374,375,376,377,:
370:363,364,365,366,367,368,369,371,372,373,374,375,:
371:350,365,366,367,368,369,370,372,373,374,:
372:329,330,363,364,365,366,367,368,370,371,373,:
373:367,370,371,372,:
374:40,363,364,365,366,367,368,369,370,371,375,376,377,378,379,380,381,:
375:38,40,354,355,360,362,363,364,365,366,367,368,369,370,374,376,377,378,379,380,381,:
376:367,368,369,374,375,377,378,379,380,381,:
377:38,40,368,369,374,375,376,378,379,380,381,:
378:38,40,49,51,374,375,376,377,379,381,:
379:368,374,375,376,377,378,380,381,:
380:374,375,376,377,379,381,:
381:355,374,375,376,377,378,379,380,413,:
382:348,383,384,385,386,387,388,389,390,391,392,:
383:346,348,349,382,384,385,386,387,388,389,390,:
384:382,383,385,386,387,388,389,390,391,392,393,:
385:264,382,383,384,386,387,388,389,390,391,392,393,394,395,396,:
386:264,348,349,350,351,352,353,356,382,383,384,385,387,388,389,391,392,393,396,:
387:262,264,382,383,384,385,386,388,389,390,391,392,:
388:262,263,264,348,352,382,383,384,385,386,387,389,390,:
389:262,263,264,348,349,351,352,382,383,384,385,386,387,388,390,391,:
390:382,383,384,385,387,388,389,:
391:382,384,385,386,387,389,392,393,394,395,396,397,424,:
392:382,384,385,386,387,391,393,394,395,396,424,:
393:384,385,386,391,392,394,395,396,397,398,399,424,:
394:385,391,392,393,395,396,397,398,399,424,:
395:385,391,392,393,394,396,419,420,:
396:385,386,391,392,393,394,395,397,398,399,400,401,:
397:391,393,394,396,398,399,400,401,402,:
398:356,393,394,396,397,399,400,401,402,:
399:393,394,396,397,398,400,401,402,:
400:396,397,398,399,401,402,412,414,415,:
401:396,397,398,399,400,402,:
402:397,398,399,400,401,:
403:48,50,51,52,404,405,406,407,408,409,410,411,:
404:46,47,48,49,50,51,52,403,405,406,408,409,411,:
405:50,51,52,403,404,406,407,408,409,410,411,:
406:52,403,404,405,407,408,409,:
407:403,405,406,408,:
408:50,51,52,403,404,405,406,407,409,410,411,412,413,:
409:50,51,52,155,403,404,405,406,408,410,411,412,413,414,:
410:146,152,155,403,405,408,409,411,412,413,414,415,416,:
411:36,50,51,52,403,404,405,408,409,410,412,413,414,415,:
412:16,146,152,155,400,408,409,410,411,413,414,415,416,:
413:15,51,355,381,408,409,410,411,412,414,415,416,:
414:15,16,355,400,409,410,411,412,413,415,416,:
415:6,7,14,15,16,17,354,355,356,357,359,400,410,411,412,413,414,416,:
416:7,15,16,17,355,356,357,359,410,412,413,414,415,:
417:418,419,420,421,422,423,425,:
418:417,419,420,421,422,423,425,:
419:395,417,418,420,421,422,423,424,425,:
420:395,417,418,419,421,422,423,:
421:417,418,419,420,422,:
422:417,418,419,420,421,423,424,425,426,427,:
423:262,417,418,419,420,422,424,425,426,427,428,:
424:262,263,264,391,392,393,394,419,422,423,425,426,427,428,429,430,:
425:256,258,261,417,418,419,422,423,424,426,427,428,429,:
426:262,263,264,265,357,359,422,423,424,425,427,428,429,430,:
427:230,231,234,256,257,258,261,422,423,424,425,426,428,429,430,:
428:261,262,263,265,267,359,423,424,425,426,427,429,430,:
429:170,225,226,227,228,229,230,231,263,265,266,267,357,359,424,425,426,427,428,430,:
430:170,226,263,265,266,267,356,357,358,359,424,426,427,428,429,:
