1:2,3,4,5,6,10,52,53,54,55,56,57,62,:
2:1,3,4,5,6,7,10,11,52,53,54,55,56,57,58,59,62,:
3:1,2,4,5,6,10,11,12,13,14,52,53,54,55,56,57,58,59,62,63,65,66,:
4:1,2,3,5,6,10,11,12,13,52,53,54,55,56,59,62,63,571,:
5:1,2,3,4,6,7,8,9,10,52,53,54,55,56,57,58,59,62,570,:
6:1,2,3,4,5,7,8,9,10,13,55,56,57,58,59,60,61,62,:
7:2,5,6,8,9,56,57,58,59,60,61,570,:
8:5,6,7,9,56,57,58,59,60,61,570,:
9:5,6,7,8,58,59,60,61,:
10:1,2,3,4,5,6,11,12,13,14,15,21,53,54,55,56,58,59,62,63,64,65,66,67,75,:
11:2,3,4,10,12,13,14,15,21,22,55,59,62,63,64,65,66,67,75,:
12:3,4,10,11,13,14,15,21,22,23,24,25,27,59,62,63,64,65,75,76,78,571,:
13:3,4,6,10,11,12,14,21,22,23,24,27,58,59,61,62,63,64,65,75,76,80,571,:
14:3,10,11,12,13,15,16,17,18,21,24,62,63,64,65,66,67,68,69,70,75,:
15:10,11,12,14,16,17,18,19,62,63,64,65,66,67,68,69,70,72,:
16:14,15,17,18,19,20,64,65,66,67,68,69,70,71,72,73,187,188,189,193,194,:
17:14,15,16,18,19,20,64,65,66,67,68,69,70,71,72,73,74,187,189,190,191,193,:
18:14,15,16,17,19,20,64,67,68,69,70,71,72,73,74,186,187,189,190,191,192,:
19:15,16,17,18,20,67,68,69,70,71,72,73,74,186,187,189,190,191,:
20:16,17,18,19,69,70,71,72,73,74,154,155,156,190,191,192,284,:
21:10,11,12,13,14,22,23,24,25,26,27,63,64,65,75,76,77,78,79,80,571,:
22:11,12,13,21,23,24,25,26,27,28,64,75,76,77,78,79,80,541,582,:
23:12,13,21,22,24,25,26,27,28,29,30,31,32,64,75,76,77,78,80,81,87,541,543,:
24:12,13,14,21,22,23,25,27,28,29,34,64,65,75,76,77,78,80,81,87,:
25:12,21,22,23,24,26,27,75,76,77,78,79,80,444,582,:
26:21,22,23,25,75,76,77,78,79,441,442,444,581,582,583,585,:
27:12,13,21,22,23,24,25,28,29,30,31,32,33,34,76,77,78,80,81,82,83,87,540,541,542,543,:
28:22,23,24,27,29,30,31,32,33,34,35,76,80,81,82,83,84,85,86,87,541,543,:
29:23,24,27,28,30,31,32,33,34,35,36,38,39,80,81,82,84,85,86,87,88,89,542,543,:
30:23,27,28,29,31,33,34,35,36,38,80,81,82,86,87,88,89,367,368,369,408,540,541,542,543,544,:
31:23,27,28,29,30,32,33,34,80,81,82,83,84,85,86,87,541,543,:
32:23,27,28,29,31,33,61,80,81,82,83,84,85,86,541,:
33:27,28,29,30,31,32,34,39,81,82,83,84,85,86,87,498,:
34:24,27,28,29,30,31,33,35,36,37,38,39,44,81,82,85,86,87,88,89,90,91,:
35:28,29,30,34,36,37,38,39,40,44,45,81,86,87,88,89,90,91,92,369,377,:
36:29,30,34,35,37,38,39,40,41,42,43,44,87,88,89,90,91,257,260,376,377,379,:
37:34,35,36,38,39,40,41,42,43,44,87,88,89,90,91,126,257,260,:
38:29,30,34,35,36,37,39,44,45,46,48,86,87,88,89,90,91,92,93,97,126,369,377,:
39:29,33,34,35,36,37,38,44,45,48,85,86,87,88,90,91,92,93,126,:
40:35,36,37,41,42,43,89,90,151,153,154,156,255,257,258,260,273,274,:
41:36,37,40,42,43,89,90,150,151,153,154,155,156,254,255,256,257,258,260,274,:
42:36,37,40,41,43,89,90,153,156,254,255,257,258,259,260,270,272,273,274,379,:
43:36,37,40,41,42,125,126,150,151,152,153,154,156,274,:
44:34,35,36,37,38,39,45,46,47,48,49,50,51,88,90,91,92,93,94,96,97,126,369,376,377,378,379,:
45:35,38,39,44,46,47,48,49,50,51,90,91,92,93,94,95,96,97,126,377,379,:
46:38,44,45,47,48,49,50,51,91,92,93,94,95,96,97,122,126,217,220,378,379,:
47:44,45,46,48,49,50,51,90,91,92,94,95,96,97,216,217,218,219,220,376,377,378,379,380,:
48:38,39,44,45,46,47,49,50,51,91,92,93,94,95,96,97,369,:
49:44,45,46,47,48,50,51,92,93,94,95,96,97,:
50:44,45,46,47,48,49,51,91,92,93,94,95,96,97,220,343,344,345,369,377,:
51:44,45,46,47,48,49,50,91,92,94,96,122,126,220,:
52:1,2,3,4,5,53,54,55,56,57,:
53:1,2,3,4,5,10,52,54,55,56,57,:
54:1,2,3,4,5,10,52,53,55,56,57,62,:
55:1,2,3,4,5,6,10,11,52,53,54,56,57,58,59,62,:
56:1,2,3,4,5,6,7,8,10,52,53,54,55,57,58,59,570,:
57:1,2,3,5,6,7,8,52,53,54,55,56,58,59,:
58:2,3,5,6,7,8,9,10,13,55,56,57,59,60,61,62,:
59:2,3,4,5,6,7,8,9,10,11,12,13,55,56,57,58,60,61,62,570,571,:
60:6,7,8,9,58,59,61,529,:
61:6,7,8,9,13,32,58,59,60,83,:
62:1,2,3,4,5,6,10,11,12,13,14,15,54,55,58,59,63,64,65,66,:
63:3,4,10,11,12,13,14,15,21,62,64,65,66,67,75,:
64:10,11,12,13,14,15,16,17,18,21,22,23,24,62,63,65,66,67,68,69,70,73,75,:
65:3,10,11,12,13,14,15,16,17,21,24,62,63,64,66,67,68,69,70,75,:
66:3,10,11,14,15,16,17,62,63,64,65,67,68,69,70,72,:
67:10,11,14,15,16,17,18,19,63,64,65,66,68,69,70,71,72,75,:
68:14,15,16,17,18,19,64,65,66,67,69,70,72,187,188,189,193,194,195,:
69:14,15,16,17,18,19,20,64,65,66,67,68,70,71,72,186,187,188,189,193,194,:
70:14,15,16,17,18,19,20,64,65,66,67,68,69,72,73,74,189,190,192,193,195,:
71:16,17,18,19,20,67,69,72,73,74,186,191,:
72:15,16,17,18,19,20,66,67,68,69,70,71,74,186,187,188,:
73:16,17,18,19,20,64,70,71,74,150,154,155,156,190,191,192,284,:
74:17,18,19,20,70,71,72,73,154,155,156,190,191,282,284,:
75:10,11,12,13,14,21,22,23,24,25,26,63,64,65,67,76,77,78,79,444,:
76:12,13,21,22,23,24,25,26,27,28,75,77,78,79,80,540,541,571,582,:
77:21,22,23,24,25,26,27,75,76,78,79,80,406,407,408,540,541,542,543,582,585,:
78:12,21,22,23,24,25,26,27,75,76,77,79,407,441,442,444,:
79:21,22,25,26,75,76,77,78,427,428,441,442,444,581,582,583,585,:
80:13,21,22,23,24,25,27,28,29,30,31,32,76,77,81,82,83,540,541,542,543,:
81:23,24,27,28,29,30,31,32,33,34,35,80,82,83,84,85,86,87,:
82:27,28,29,30,31,32,33,34,80,81,83,84,85,86,494,540,541,542,543,:
83:27,28,31,32,33,61,80,81,82,84,85,86,530,533,:
84:28,29,31,32,33,81,82,83,85,86,495,496,497,498,:
85:28,29,31,32,33,34,39,81,82,83,84,86,87,:
86:28,29,30,31,32,33,34,35,38,39,81,82,83,84,85,87,88,369,495,497,498,:
87:23,24,27,28,29,30,31,33,34,35,36,37,38,39,81,85,86,88,89,90,:
88:29,30,34,35,36,37,38,39,44,86,87,89,90,91,367,369,376,377,:
89:29,30,34,35,36,37,38,40,41,42,87,88,90,91,255,257,258,260,377,406,407,408,:
90:34,35,36,37,38,39,40,41,42,44,45,47,87,88,89,91,257,258,259,260,375,376,377,378,379,380,:
91:34,35,36,37,38,39,44,45,46,47,48,50,51,88,89,90,92,93,95,96,97,220,369,376,377,378,379,:
92:35,38,39,44,45,46,47,48,49,50,51,91,93,94,96,97,122,123,124,126,:
93:38,39,44,45,46,48,49,50,91,92,94,95,96,97,369,497,:
94:44,45,46,47,48,49,50,51,92,93,95,96,97,:
95:45,46,47,48,49,50,91,93,94,96,97,341,343,344,345,369,:
96:44,45,46,47,48,49,50,51,91,92,93,94,95,97,216,217,218,220,343,379,:
97:38,44,45,46,47,48,49,50,91,92,93,94,95,96,220,343,344,345,366,369,376,377,378,379,:
98:99,100,101,102,103,104,105,106,107,:
99:98,100,101,103,104,106,107,:
100:98,99,101,102,103,104,105,106,107,108,:
101:98,99,100,102,103,104,105,106,107,108,109,110,111,115,:
102:98,100,101,103,104,105,106,107,108,109,110,114,115,116,119,243,:
103:98,99,100,101,102,104,105,106,107,207,:
104:98,99,100,101,102,103,105,106,107,:
105:98,100,101,102,103,104,106,107,108,:
106:98,99,100,101,102,103,104,105,107,108,109,110,111,112,113,115,:
107:98,99,100,101,102,103,104,105,106,108,109,111,113,:
108:100,101,102,105,106,107,109,110,111,112,113,115,:
109:101,102,106,107,108,110,111,112,113,114,115,:
110:101,102,106,108,109,111,112,114,115,116,117,119,:
111:101,106,107,108,109,110,112,113,:
112:106,108,109,110,111,113,:
113:106,107,108,109,111,112,:
114:102,109,110,115,116,117,118,119,120,128,242,243,:
115:101,102,106,108,109,110,114,116,117,119,242,243,:
116:102,110,114,115,117,118,119,120,121,128,136,242,243,:
117:110,114,115,116,118,119,120,128,135,136,:
118:114,116,117,119,120,127,128,130,133,135,136,137,:
119:102,110,114,115,116,117,118,120,121,122,243,:
120:114,116,117,118,119,121,122,123,124,125,126,:
121:116,119,120,122,123,124,125,126,:
122:46,51,92,119,120,121,123,124,125,126,:
123:92,120,121,122,124,125,126,:
124:92,120,121,122,123,125,126,:
125:43,120,121,122,123,124,126,:
126:37,38,39,43,44,45,46,51,92,120,121,122,123,124,125,:
127:118,128,129,130,131,132,133,134,135,136,:
128:114,116,117,118,127,129,130,132,133,135,136,:
129:127,128,130,131,132,133,134,135,136,137,:
130:118,127,128,129,131,132,133,134,135,136,137,138,139,141,:
131:127,129,130,132,133,134,135,136,137,138,139,140,141,142,145,146,147,:
132:127,128,129,130,131,133,134,135,136,:
133:118,127,128,129,130,131,132,134,135,136,240,242,269,271,:
134:127,129,130,131,132,133,:
135:117,118,127,128,129,130,131,132,133,136,137,138,139,141,:
136:116,117,118,127,128,129,130,131,132,133,135,137,138,:
137:118,129,130,131,135,136,138,139,141,152,:
138:130,131,135,136,137,139,140,141,158,:
139:130,131,135,137,138,140,141,142,143,145,157,158,159,162,:
140:131,138,139,141,142,143,144,145,146,157,158,164,:
141:130,131,135,137,138,139,140,142,143,145,146,147,157,158,:
142:131,139,140,141,143,144,145,146,147,157,158,159,164,:
143:139,140,141,142,144,145,146,157,158,159,160,161,162,163,164,180,190,191,192,:
144:140,142,143,145,157,158,159,160,161,163,164,165,166,168,179,180,181,184,185,189,190,191,:
145:131,139,140,141,142,143,144,146,147,148,149,157,158,190,191,192,:
146:131,140,141,142,143,145,147,148,149,150,152,283,:
147:131,141,142,145,146,148,149,150,151,152,153,154,155,267,268,283,:
148:145,146,147,149,150,151,152,153,154,155,156,192,268,270,282,283,284,:
149:145,146,147,148,150,151,152,154,155,156,190,191,192,268,282,283,284,:
150:41,43,73,146,147,148,149,151,152,153,154,155,156,192,268,270,283,284,:
151:40,41,43,147,148,149,150,152,153,154,155,156,270,272,274,:
152:43,137,146,147,148,149,150,151,153,154,156,270,272,:
153:40,41,42,43,147,148,150,151,152,154,155,156,270,273,274,:
154:20,40,41,43,73,74,147,148,149,150,151,152,153,155,156,192,257,268,270,282,283,284,:
155:20,41,73,74,147,148,149,150,151,153,154,156,192,256,257,282,283,284,:
156:20,40,41,42,43,73,74,148,149,150,151,152,153,154,155,255,256,257,270,284,:
157:139,140,141,142,143,144,145,158,159,160,161,162,164,180,192,195,:
158:138,139,140,141,142,143,144,145,157,159,160,162,:
159:139,142,143,144,157,158,160,161,162,164,180,189,193,194,195,:
160:143,144,157,158,159,161,162,163,164,179,180,:
161:143,144,157,159,160,162,163,164,179,180,181,182,184,:
162:139,143,157,158,159,160,161,193,194,195,:
163:143,144,160,161,164,165,166,167,168,169,179,180,:
164:140,142,143,144,157,159,160,161,163,165,166,168,179,180,:
165:144,163,164,166,167,168,169,170,171,175,179,180,181,:
166:144,163,164,165,167,168,169,171,175,179,180,181,182,183,184,:
167:163,165,166,168,169,171,175,179,180,181,182,183,:
168:144,163,164,165,166,167,169,170,171,172,174,175,179,180,:
169:163,165,166,167,168,170,171,172,173,174,175,176,177,179,:
170:165,168,169,171,172,173,174,175,176,:
171:165,166,167,168,169,170,172,173,174,175,176,177,178,179,:
172:168,169,170,171,173,174,175,176,178,:
173:169,170,171,172,174,176,:
174:168,169,170,171,172,173,175,176,177,178,:
175:165,166,167,168,169,170,171,172,174,176,177,178,179,180,181,:
176:169,170,171,172,173,174,175,177,178,:
177:169,171,174,175,176,178,:
178:171,172,174,175,176,177,279,:
179:144,160,161,163,164,165,166,167,168,169,171,175,180,181,182,183,184,185,:
180:143,144,157,159,160,161,163,164,165,166,167,168,175,179,181,182,184,185,:
181:144,161,165,166,167,175,179,180,182,183,184,185,186,:
182:161,166,167,179,180,181,183,184,185,:
183:166,167,179,181,182,184,:
184:144,161,166,179,180,181,182,183,185,186,187,188,:
185:144,179,180,181,182,184,186,187,188,189,190,191,:
186:18,19,69,71,72,181,184,185,187,188,189,190,191,192,193,:
187:16,17,18,19,68,69,72,184,185,186,188,189,190,191,192,193,194,195,:
188:16,68,69,72,184,185,186,187,189,190,191,193,194,195,:
189:16,17,18,19,68,69,70,144,159,185,186,187,188,190,191,192,193,194,195,:
190:17,18,19,20,70,73,74,143,144,145,149,185,186,187,188,189,191,192,193,194,195,:
191:17,18,19,20,71,73,74,143,144,145,149,185,186,187,188,189,190,192,193,195,:
192:18,20,70,73,143,145,148,149,150,154,155,157,186,187,189,190,191,193,194,195,:
193:16,17,68,69,70,159,162,186,187,188,189,190,191,192,194,195,:
194:16,68,69,159,162,187,188,189,190,192,193,195,:
195:68,70,157,159,162,187,188,189,190,191,192,193,194,:
196:197,198,199,200,201,202,209,:
197:196,198,199,201,202,:
198:196,197,199,200,201,202,203,204,209,:
199:196,197,198,200,201,202,203,208,209,:
200:196,198,199,201,202,203,208,209,210,211,213,:
201:196,197,198,199,200,202,203,204,205,206,:
202:196,197,198,199,200,201,203,204,205,206,207,:
203:198,199,200,201,202,204,205,206,207,:
204:198,201,202,203,205,206,207,:
205:201,202,203,204,206,207,:
206:201,202,203,204,205,207,:
207:103,202,203,204,205,206,:
208:199,200,209,210,211,212,213,214,:
209:196,198,199,200,208,210,211,213,:
210:200,208,209,211,212,213,214,215,:
211:200,208,209,210,212,213,214,221,222,:
212:208,210,211,213,214,221,222,223,226,227,228,229,294,:
213:200,208,209,210,211,212,214,215,216,:
214:208,210,211,212,213,215,216,217,218,219,229,:
215:210,213,214,216,217,218,219,220,346,348,:
216:47,96,213,214,215,217,218,219,220,229,344,345,346,378,379,380,:
217:46,47,96,214,215,216,218,219,220,229,378,379,380,:
218:47,96,214,215,216,217,219,220,229,379,:
219:47,214,215,216,217,218,220,227,228,229,378,379,380,:
220:46,47,50,51,91,96,97,215,216,217,218,219,229,376,378,379,380,:
221:211,212,222,223,224,225,226,227,228,230,231,245,294,296,297,298,:
222:211,212,221,223,224,226,227,228,229,230,231,294,296,297,298,:
223:212,221,222,224,225,226,227,228,229,230,231,232,245,253,259,297,298,:
224:221,222,223,225,226,227,230,231,232,233,234,235,244,245,249,262,269,271,:
225:221,223,224,226,230,231,232,233,234,244,245,246,247,249,261,262,263,266,267,268,269,270,271,272,:
226:212,221,222,223,224,225,227,228,229,230,231,259,273,297,298,380,:
227:212,219,221,222,223,224,226,228,229,258,259,297,298,378,379,380,:
228:212,219,221,222,223,226,227,229,253,258,259,260,294,296,297,298,375,376,378,379,380,:
229:212,214,216,217,218,219,220,222,223,226,227,228,259,298,378,379,380,:
230:221,222,223,224,225,226,231,232,233,234,235,236,237,245,262,:
231:221,222,223,224,225,226,230,232,233,235,236,237,245,:
232:223,224,225,230,231,233,234,235,236,237,238,245,262,269,:
233:224,225,230,231,232,234,235,236,244,245,261,262,:
234:224,225,230,232,233,235,244,245,261,262,263,264,266,:
235:224,230,231,232,233,234,236,237,238,239,240,:
236:230,231,232,233,235,237,238,239,240,241,269,:
237:230,231,232,235,236,238,239,240,241,242,243,:
238:232,235,236,237,239,240,241,242,269,271,:
239:235,236,237,238,240,241,242,243,:
240:133,235,236,237,238,239,241,242,243,269,271,:
241:236,237,238,239,240,242,243,271,:
242:114,115,116,133,237,238,239,240,241,243,:
243:102,114,115,116,119,237,239,240,241,242,:
244:224,225,233,234,245,246,247,248,249,250,261,262,:
245:221,223,224,225,230,231,232,233,234,244,246,247,249,261,262,:
246:225,244,245,247,248,249,250,251,261,262,263,:
247:225,244,245,246,248,249,250,261,262,263,264,265,266,276,:
248:244,246,247,249,250,261,262,263,264,265,275,276,277,280,281,:
249:224,225,244,245,246,247,248,250,251,252,253,254,261,262,297,:
250:244,246,247,248,249,251,252,253,254,255,256,261,451,:
251:246,249,250,252,253,254,255,256,257,258,259,297,411,451,:
252:249,250,251,253,254,255,256,257,258,259,260,297,298,:
253:223,228,249,250,251,252,254,255,256,258,259,260,295,296,297,298,374,:
254:41,42,249,250,251,252,253,255,256,257,258,259,260,270,274,297,298,:
255:40,41,42,89,156,250,251,252,253,254,256,257,258,259,260,270,407,:
256:41,155,156,250,251,252,253,254,255,257,258,260,284,407,:
257:36,37,40,41,42,89,90,154,155,156,251,252,254,255,256,258,259,260,270,274,:
258:40,41,42,89,90,227,228,251,252,253,254,255,256,257,259,260,270,273,274,297,298,375,376,378,379,380,:
259:42,90,223,226,227,228,229,251,252,253,254,255,257,258,260,274,296,297,298,375,376,378,379,380,:
260:36,37,40,41,42,89,90,228,252,253,254,255,256,257,258,259,270,273,274,376,378,379,380,:
261:225,233,234,244,245,246,247,248,249,250,262,263,264,265,266,267,268,276,:
262:224,225,230,232,233,234,244,245,246,247,248,249,261,263,264,266,267,268,269,:
263:225,234,246,247,248,261,262,264,265,266,267,268,269,276,:
264:234,247,248,261,262,263,265,266,267,275,276,:
265:247,248,261,263,264,266,275,276,277,280,:
266:225,234,247,261,262,263,264,265,267,268,269,270,271,:
267:147,225,261,262,263,264,266,268,269,270,271,272,:
268:147,148,149,150,154,225,261,262,263,266,267,269,270,271,272,273,274,:
269:133,224,225,232,236,238,240,262,263,266,267,268,270,271,272,273,:
270:42,148,150,151,152,153,154,156,225,254,255,257,258,260,266,267,268,269,271,272,273,274,:
271:133,224,225,238,240,241,266,267,268,269,270,272,273,274,:
272:42,151,152,225,267,268,269,270,271,273,274,:
273:40,42,153,226,258,260,268,269,270,271,272,274,:
274:40,41,42,43,151,153,254,257,258,259,260,268,270,271,272,273,:
275:248,264,265,276,277,278,279,280,281,:
276:247,248,261,263,264,265,275,277,278,280,281,:
277:248,265,275,276,278,279,280,281,282,:
278:275,276,277,279,280,281,:
279:178,275,277,278,280,:
280:248,265,275,276,277,278,279,281,282,283,284,:
281:248,275,276,277,278,280,282,283,284,453,:
282:74,148,149,154,155,277,280,281,283,284,:
283:146,147,148,149,150,154,155,280,281,282,284,:
284:20,73,74,148,149,150,154,155,156,256,280,281,282,283,:
285:286,287,288,289,290,291,292,293,:
286:285,287,288,290,291,292,293,:
287:285,286,288,289,290,291,292,293,:
288:285,286,287,289,290,291,:
289:285,287,288,290,:
290:285,286,287,288,289,291,292,293,294,295,387,388,390,392,:
291:285,286,287,288,290,292,293,294,295,296,388,:
292:285,286,287,290,291,293,294,295,296,297,298,353,:
293:285,286,287,290,291,292,294,295,296,297,388,:
294:212,221,222,228,290,291,292,293,295,296,297,298,:
295:253,290,291,292,293,294,296,297,298,414,:
296:221,222,228,253,259,291,292,293,294,295,297,298,:
297:221,222,223,226,227,228,249,251,252,253,254,258,259,292,293,294,295,296,298,380,:
298:221,222,223,226,227,228,229,252,253,254,258,259,292,294,295,296,297,375,378,380,:
299:300,301,302,303,304,305,306,307,316,333,:
300:299,301,302,303,304,305,306,307,308,333,477,:
301:299,300,302,303,304,305,306,307,308,309,310,311,315,316,332,333,342,:
302:299,300,301,303,306,307,308,309,310,315,316,332,333,334,335,337,341,342,343,477,:
303:299,300,301,302,304,305,306,307,477,:
304:299,300,301,303,305,:
305:299,300,301,303,304,306,307,:
306:299,300,301,302,303,305,307,308,309,310,311,312,313,315,316,333,342,:
307:299,300,301,302,303,305,306,308,309,311,312,314,315,316,:
308:300,301,302,306,307,309,310,311,312,313,314,315,316,317,333,342,:
309:301,302,306,307,308,310,311,312,313,315,316,317,318,319,320,332,333,341,342,347,:
310:301,302,306,308,309,311,313,315,316,317,318,319,332,333,341,342,343,344,346,347,348,351,:
311:301,306,307,308,309,310,312,313,314,315,316,:
312:306,307,308,309,311,313,314,:
313:306,308,309,310,311,312,314,315,316,:
314:307,308,311,312,313,:
315:301,302,306,307,308,309,310,311,313,316,317,318,319,320,321,332,333,342,347,:
316:299,301,302,306,307,308,309,310,311,313,315,317,318,320,332,333,:
317:308,309,310,315,316,318,319,320,321,322,332,333,334,347,:
318:309,310,315,316,317,319,320,321,332,333,334,335,336,337,341,342,346,347,356,:
319:309,310,315,317,318,320,321,332,333,334,335,336,341,342,346,347,348,349,351,355,356,357,360,:
320:309,315,316,317,318,319,321,322,323,324,332,333,:
321:315,317,318,319,320,322,323,324,325,327,332,333,:
322:317,320,321,323,324,325,326,327,328,329,330,:
323:320,321,322,324,325,326,327,328,329,330,331,:
324:320,321,322,323,325,326,327,329,330,331,:
325:321,322,323,324,326,327,328,329,330,331,:
326:322,323,324,325,327,328,329,330,331,:
327:321,322,323,324,325,326,328,329,331,:
328:322,323,325,326,327,329,330,331,:
329:322,323,324,325,326,327,328,330,331,:
330:322,323,324,325,326,328,329,331,:
331:323,324,325,326,327,328,329,330,:
332:301,302,309,310,315,316,317,318,319,320,321,333,334,335,336,337,338,340,341,342,347,356,:
333:299,300,301,302,306,308,309,310,315,316,317,318,319,320,321,332,334,335,337,338,341,342,:
334:302,317,318,319,332,333,335,336,337,338,339,340,341,342,343,347,356,:
335:302,318,319,332,333,334,336,337,338,341,342,343,344,345,346,347,355,356,362,476,:
336:318,319,332,334,335,337,341,342,343,344,345,346,347,355,356,357,358,360,361,362,363,366,:
337:302,318,332,333,334,335,336,338,339,340,341,342,476,:
338:332,333,334,335,337,339,340,:
339:334,337,338,340,:
340:332,334,337,338,339,:
341:95,302,309,310,318,319,332,333,334,335,336,337,342,343,344,345,346,347,356,362,476,:
342:301,302,306,308,309,310,315,318,319,332,333,334,335,336,337,341,343,344,346,347,:
343:50,95,96,97,302,310,334,335,336,341,342,344,345,346,347,348,356,362,:
344:50,95,97,216,310,335,336,341,342,343,345,346,347,348,349,350,351,355,356,361,362,371,:
345:50,95,97,216,335,336,341,343,344,346,347,348,349,350,355,356,361,362,363,364,366,370,371,372,375,376,377,:
346:215,216,310,318,319,335,336,341,342,343,344,345,347,348,349,350,351,352,355,356,362,371,:
347:309,310,315,317,318,319,332,334,335,336,341,342,343,344,345,346,348,349,351,355,356,:
348:215,310,319,343,344,345,346,347,349,350,351,352,353,354,355,356,357,362,371,:
349:319,344,345,346,347,348,350,351,352,353,355,356,357,358,359,360,361,362,370,371,382,:
350:344,345,346,348,349,351,352,353,355,356,357,358,359,361,362,364,370,371,372,373,375,381,382,383,386,:
351:310,319,344,346,347,348,349,350,352,353,354,355,356,:
352:346,348,349,350,351,353,354,355,356,:
353:292,348,349,350,351,352,354,:
354:348,351,352,353,:
355:319,335,336,344,345,346,347,348,349,350,351,352,356,357,358,359,360,361,362,371,382,:
356:318,319,332,334,335,336,341,343,344,345,346,347,348,349,350,351,352,355,357,358,360,361,362,:
357:319,336,348,349,350,355,356,358,359,360,361,362,363,371,382,:
358:336,349,350,355,356,357,359,360,361,362,363,364,365,366,370,371,381,382,394,400,:
359:349,350,355,357,358,360,361,362,363,364,365,370,371,381,382,383,384,386,393,394,395,398,399,400,:
360:319,336,349,355,356,357,358,359,361,362,:
361:336,344,345,349,350,355,356,357,358,359,360,362,363,364,365,366,367,370,371,382,394,400,:
362:335,336,341,343,344,345,346,348,349,350,355,356,357,358,359,360,361,363,364,366,370,371,:
363:336,345,357,358,359,361,362,364,365,366,367,368,369,370,371,372,394,399,400,507,:
364:345,350,358,359,361,362,363,365,366,367,368,370,371,372,373,374,375,377,381,382,393,394,399,400,402,:
365:358,359,361,363,364,366,367,370,371,372,373,374,381,382,393,394,395,396,398,399,400,401,402,403,406,408,:
366:97,336,345,358,361,362,363,364,365,367,368,369,370,371,:
367:30,88,361,363,364,365,366,368,369,370,371,377,:
368:30,363,364,366,367,369,493,494,495,499,501,507,542,543,544,:
369:30,35,38,44,48,50,86,88,91,93,95,97,363,366,367,368,377,495,:
370:345,349,350,358,359,361,362,363,364,365,366,367,371,372,373,374,375,376,377,381,382,394,400,402,:
371:344,345,346,348,349,350,355,357,358,359,361,362,363,364,365,366,367,370,372,373,375,376,377,381,382,:
372:345,350,363,364,365,370,371,373,374,375,376,377,378,380,381,382,383,394,402,:
373:350,364,365,370,371,372,374,375,376,381,382,383,384,385,386,393,394,401,402,410,:
374:253,364,365,370,372,373,375,381,382,383,384,385,393,394,401,402,403,404,406,409,410,411,414,:
375:90,228,258,259,298,345,350,364,370,371,372,373,374,376,377,378,379,380,381,382,:
376:36,44,47,88,90,91,97,220,228,258,259,260,345,370,371,372,373,375,377,378,379,380,:
377:35,36,38,44,45,47,50,88,89,90,91,97,345,364,367,369,370,371,372,375,376,378,379,380,:
378:44,46,47,90,91,97,216,217,219,220,227,228,229,258,259,260,298,372,375,376,377,379,380,:
379:36,42,44,45,46,47,90,91,96,97,216,217,218,219,220,227,228,229,258,259,260,375,376,377,378,380,:
380:47,90,216,217,219,220,226,227,228,229,258,259,260,297,298,372,375,376,377,378,379,:
381:350,358,359,364,365,370,371,372,373,374,375,382,383,384,385,386,387,393,394,402,410,:
382:349,350,355,357,358,359,361,364,365,370,371,372,373,374,375,381,383,384,386,393,394,:
383:350,359,372,373,374,381,382,384,385,386,387,388,389,393,394,395,402,410,:
384:359,373,374,381,382,383,385,386,387,388,393,394,395,396,397,398,401,402,409,410,414,:
385:373,374,381,383,384,386,387,388,393,394,395,396,397,401,402,404,409,410,411,412,414,:
386:350,359,373,381,382,383,384,385,387,388,389,390,391,393,394,:
387:290,381,383,384,385,386,388,389,390,391,392,:
388:290,291,293,383,384,385,386,387,389,390,391,392,417,:
389:383,386,387,388,390,391,392,:
390:290,386,387,388,389,391,392,417,:
391:386,387,388,389,390,392,:
392:290,387,388,389,390,391,:
393:359,364,365,373,374,381,382,383,384,385,386,394,395,396,397,398,399,400,401,402,410,:
394:358,359,361,363,364,365,370,372,373,374,381,382,383,384,385,386,393,395,396,398,399,400,401,402,:
395:359,365,383,384,385,393,394,396,397,398,399,400,401,402,403,410,:
396:365,384,385,393,394,395,397,398,399,400,401,402,403,404,405,406,409,410,422,587,:
397:384,385,393,395,396,398,399,401,402,403,404,405,409,410,412,421,422,423,426,456,459,587,:
398:359,365,384,393,394,395,396,397,399,400,401,402,458,:
399:359,363,364,365,393,394,395,396,397,398,400,401,402,544,586,587,:
400:358,359,361,363,364,365,370,393,394,395,396,398,399,401,402,544,:
401:365,373,374,384,385,393,394,395,396,397,398,399,400,402,403,404,405,406,407,408,409,410,422,:
402:364,365,370,372,373,374,381,383,384,385,393,394,395,396,397,398,399,400,401,403,404,406,408,409,410,:
403:365,374,395,396,397,401,402,404,405,406,407,408,409,410,411,422,436,:
404:374,385,396,397,401,402,403,405,406,407,408,409,410,411,412,413,414,421,422,435,436,:
405:396,397,401,403,404,406,407,409,410,411,412,413,421,422,423,424,426,435,436,437,440,441,446,:
406:77,89,365,374,396,401,402,403,404,405,407,408,409,410,:
407:77,78,89,255,256,401,403,404,405,406,408,409,410,441,:
408:30,77,89,365,401,402,403,404,406,407,542,543,544,:
409:374,384,385,396,397,401,402,403,404,405,406,407,410,411,412,413,414,415,422,436,:
410:373,374,381,383,384,385,393,395,396,397,401,402,403,404,405,406,407,409,411,412,414,:
411:251,374,385,403,404,405,409,410,412,413,414,415,416,417,422,436,446,:
412:385,397,404,405,409,410,411,413,414,415,416,417,421,422,436,445,446,:
413:404,405,409,411,412,414,415,416,417,421,422,435,436,445,446,447,448,450,451,:
414:295,374,384,385,404,409,410,411,412,413,415,416,417,418,419,:
415:409,411,412,413,414,416,417,418,419,420,:
416:411,412,413,414,415,417,418,419,420,450,452,:
417:388,390,411,412,413,414,415,416,418,419,420,:
418:414,415,416,417,419,420,450,452,:
419:414,415,416,417,418,420,:
420:415,416,417,418,419,:
421:397,404,405,412,413,422,423,424,425,426,427,435,436,446,459,:
422:396,397,401,403,404,405,409,411,412,413,421,423,424,426,435,436,459,:
423:397,405,421,422,424,425,426,427,428,429,435,436,437,459,:
424:405,421,422,423,425,426,427,428,435,436,437,438,440,441,445,446,:
425:421,423,424,426,427,428,435,436,437,438,446,:
426:397,405,421,422,423,424,425,427,428,429,430,431,435,436,459,585,:
427:79,421,423,424,425,426,428,429,430,431,432,435,581,582,583,585,:
428:79,423,424,425,426,427,429,430,431,432,433,434,435,442,444,581,582,:
429:423,426,427,428,430,431,432,433,578,579,580,581,583,:
430:426,427,428,429,431,432,433,434,444,579,581,582,:
431:426,427,428,429,430,432,433,434,577,578,579,580,581,:
432:427,428,429,430,431,433,434,578,579,581,:
433:428,429,430,431,432,434,579,:
434:428,430,431,432,433,:
435:404,405,413,421,422,423,424,425,426,427,428,436,437,438,439,440,441,442,445,446,:
436:403,404,405,409,411,412,413,421,422,423,424,425,426,435,437,438,440,441,445,446,:
437:405,423,424,425,435,436,438,439,440,441,442,443,445,446,447,:
438:424,425,435,436,437,439,440,441,445,446,447,448,450,451,453,:
439:435,437,438,440,445,446,447,448,453,:
440:405,424,435,436,437,438,439,441,442,443,444,445,446,:
441:26,78,79,405,407,424,435,436,437,438,440,442,443,444,:
442:26,78,79,428,435,437,440,441,443,444,:
443:437,440,441,442,444,:
444:25,26,75,78,79,428,430,440,441,442,443,582,:
445:412,413,424,435,436,437,438,439,440,446,447,448,449,450,451,452,453,:
446:405,411,412,413,421,424,425,435,436,437,438,439,440,445,447,448,450,451,:
447:413,437,438,439,445,446,448,449,450,451,452,453,:
448:413,438,439,445,446,447,449,450,451,452,:
449:445,447,448,450,452,:
450:413,416,418,438,445,446,447,448,449,451,452,453,:
451:250,251,413,438,445,446,447,448,450,452,453,:
452:416,418,445,447,448,449,450,451,453,:
453:281,438,439,445,447,450,451,452,:
454:455,456,457,458,459,:
455:454,456,457,459,:
456:397,454,455,457,458,459,:
457:454,455,456,458,459,586,:
458:398,454,456,457,459,586,:
459:397,421,422,423,426,454,455,456,457,458,586,:
460:461,462,463,464,465,466,468,469,470,479,:
461:460,462,463,465,466,469,470,:
462:460,461,463,464,465,466,467,468,469,470,471,479,:
463:460,461,462,464,465,466,469,470,471,472,473,474,475,478,479,491,:
464:460,462,463,465,469,470,471,472,473,478,479,480,483,490,491,496,:
465:460,461,462,463,464,466,467,468,469,470,:
466:460,461,462,463,465,467,468,:
467:462,465,466,468,:
468:460,462,465,466,467,:
469:460,461,462,463,464,465,470,471,472,473,474,475,476,479,491,:
470:460,461,462,463,464,465,469,471,472,474,475,477,:
471:462,463,464,469,470,472,473,474,475,476,477,479,491,:
472:463,464,469,470,471,473,474,475,476,478,479,490,491,500,:
473:463,464,469,471,472,474,476,478,479,481,490,491,492,493,495,496,499,500,505,:
474:463,469,470,471,472,473,475,476,477,:
475:463,469,470,471,472,474,476,477,:
476:335,337,341,469,471,472,473,474,475,477,:
477:300,302,303,470,471,474,475,476,:
478:463,464,472,473,479,480,481,482,483,484,490,491,500,509,:
479:460,462,463,464,469,471,472,473,478,480,481,483,490,491,:
480:464,478,479,481,482,483,484,485,486,487,489,490,491,492,500,509,:
481:473,478,479,480,482,483,484,485,487,489,490,491,492,493,494,495,499,500,508,509,525,526,:
482:478,480,481,483,484,485,487,489,490,491,492,493,494,499,500,508,509,510,511,513,525,526,527,530,531,532,533,:
483:464,478,479,480,481,482,484,485,486,487,489,490,491,:
484:478,480,481,482,483,485,486,487,488,489,490,:
485:480,481,482,483,484,486,487,488,489,532,:
486:480,483,484,485,487,488,489,:
487:480,481,482,483,484,485,486,488,489,513,514,531,532,:
488:484,485,486,487,489,513,514,532,:
489:480,481,482,483,484,485,486,487,488,525,526,530,531,532,533,:
490:464,472,473,478,479,480,481,482,483,484,491,492,493,494,495,496,498,499,500,509,526,:
491:463,464,469,471,472,473,478,479,480,481,482,483,490,492,493,495,496,497,498,499,500,:
492:473,480,481,482,490,491,493,494,495,496,497,498,499,500,501,509,526,533,:
493:368,473,481,482,490,491,492,494,495,496,499,500,501,502,503,504,508,509,525,526,535,:
494:82,368,481,482,490,492,493,495,499,500,501,502,503,508,509,525,526,527,528,530,534,535,539,540,542,:
495:84,86,368,369,473,481,490,491,492,493,494,496,497,498,499,500,:
496:84,464,473,490,491,492,493,495,497,498,:
497:84,86,93,491,492,495,496,498,:
498:33,84,86,490,491,492,495,496,497,533,:
499:368,473,481,482,490,491,492,493,494,495,500,501,502,503,504,505,508,509,526,535,:
500:472,473,478,480,481,482,490,491,492,493,494,495,499,501,502,504,505,506,508,509,:
501:368,492,493,494,499,500,502,503,504,505,506,507,508,509,510,526,535,:
502:493,494,499,500,501,503,504,505,508,509,510,511,512,513,525,526,534,535,546,:
503:493,494,499,501,502,504,508,509,510,511,512,525,526,534,535,536,537,539,545,546,547,550,551,552,:
504:493,499,500,501,502,503,505,506,507,508,509,:
505:473,499,500,501,502,504,506,507,:
506:500,501,504,505,507,:
507:363,368,501,504,505,506,:
508:481,482,493,494,499,500,501,502,503,504,509,510,511,512,513,514,525,526,535,546,:
509:478,480,481,482,490,492,493,494,499,500,501,502,503,504,508,510,511,513,514,525,526,:
510:482,501,502,503,508,509,511,512,513,514,515,516,517,525,526,527,535,546,:
511:482,502,503,508,509,510,512,513,514,515,525,526,527,528,529,530,534,535,545,546,555,:
512:502,503,508,510,511,513,514,515,525,526,527,528,529,534,535,537,545,546,547,548,550,554,555,556,559,560,561,:
513:482,487,488,502,508,509,510,511,512,514,515,516,517,518,525,526,:
514:487,488,508,509,510,511,512,513,515,516,517,518,520,525,526,:
515:510,511,512,513,514,516,517,518,519,520,521,522,523,561,:
516:510,513,514,515,517,518,519,520,521,522,523,524,:
517:510,513,514,515,516,518,519,520,522,523,524,:
518:513,514,515,516,517,519,520,521,522,523,524,:
519:515,516,517,518,520,521,522,523,524,552,:
520:514,515,516,517,518,519,521,522,524,550,:
521:515,516,518,519,520,522,523,524,550,552,:
522:515,516,517,518,519,520,521,523,524,:
523:515,516,517,518,519,521,522,524,:
524:516,517,518,519,520,521,522,523,:
525:481,482,489,493,494,502,503,508,509,510,511,512,513,514,526,527,528,529,530,531,532,534,535,546,555,:
526:481,482,489,490,492,493,494,499,501,502,503,508,509,510,511,512,513,514,525,527,528,530,531,532,533,534,535,:
527:482,494,510,511,512,525,526,528,529,530,531,532,533,534,535,536,555,:
528:494,511,512,525,526,527,529,530,531,534,535,536,537,538,539,545,546,554,555,564,:
529:60,511,512,525,527,528,530,534,535,536,537,538,545,546,554,555,556,557,559,563,564,565,568,:
530:83,482,489,494,511,525,526,527,528,529,531,532,533,534,535,:
531:482,487,489,525,526,527,528,530,532,533,:
532:482,485,487,488,489,525,526,527,530,531,533,:
533:83,482,489,492,498,526,527,530,531,532,:
534:494,502,503,511,512,525,526,527,528,529,530,535,536,537,538,539,540,541,545,546,555,564,:
535:493,494,499,501,502,503,508,510,511,512,525,526,527,528,529,530,534,536,537,539,540,541,542,545,546,:
536:503,527,528,529,534,535,537,538,539,540,541,542,545,546,547,555,564,:
537:503,512,528,529,534,535,536,538,539,540,545,546,547,548,549,550,554,555,563,564,573,580,:
538:528,529,534,536,537,539,545,546,547,548,549,554,555,557,563,564,565,566,568,572,573,574,577,578,579,580,583,584,:
539:494,503,528,534,535,536,537,538,540,541,542,543,544,545,546,583,585,586,587,:
540:27,30,76,77,80,82,494,534,535,536,537,539,541,542,543,544,585,:
541:22,23,27,28,30,31,32,76,77,80,82,534,535,536,539,540,542,543,544,:
542:27,29,30,77,80,82,368,408,494,535,536,539,540,541,543,544,585,587,:
543:23,27,28,29,30,31,77,80,82,368,408,539,540,541,542,544,:
544:30,368,399,400,408,539,540,541,542,543,585,587,:
545:503,511,512,528,529,534,535,536,537,538,539,546,547,548,549,550,551,553,554,555,564,573,:
546:502,503,508,510,511,512,525,528,529,534,535,536,537,538,539,545,547,548,550,551,552,554,555,:
547:503,512,536,537,538,545,546,548,549,550,551,552,553,554,555,556,564,573,:
548:512,537,538,545,546,547,549,550,551,554,555,556,557,558,559,560,563,564,572,573,:
549:537,538,545,547,548,550,554,555,556,557,558,563,564,572,573,574,575,:
550:503,512,520,521,537,545,546,547,548,549,551,552,553,554,555,:
551:503,545,546,547,548,550,552,553,:
552:503,519,521,546,547,550,551,553,:
553:545,547,550,551,552,:
554:512,528,529,537,538,545,546,547,548,549,550,555,556,557,558,559,560,561,562,563,564,573,:
555:511,512,525,527,528,529,534,536,537,538,545,546,547,548,549,550,554,556,557,559,560,561,563,564,:
556:512,529,547,548,549,554,555,557,558,559,560,561,562,563,564,565,573,:
557:529,538,548,549,554,555,556,558,559,560,562,563,564,565,566,567,568,572,573,:
558:548,549,554,556,557,559,562,563,564,565,566,567,572,573,:
559:512,529,548,554,555,556,557,558,560,561,562,563,564,:
560:512,548,554,555,556,557,559,561,562,:
561:512,515,554,555,556,559,560,562,:
562:554,556,557,558,559,560,561,563,564,:
563:529,537,538,548,549,554,555,556,557,558,559,562,564,565,566,567,568,569,572,573,:
564:528,529,534,536,537,538,545,547,548,549,554,555,556,557,558,559,562,563,565,566,568,572,573,:
565:529,538,556,557,558,563,564,566,567,568,569,570,571,572,573,574,:
566:538,557,558,563,564,565,567,568,569,570,572,573,574,575,577,579,:
567:557,558,563,565,566,568,569,570,572,573,574,575,:
568:529,538,557,563,564,565,566,567,569,570,571,572,573,:
569:563,565,566,567,568,570,571,572,:
570:5,7,8,56,59,565,566,567,568,569,571,:
571:4,12,13,21,59,76,565,568,569,570,582,:
572:538,548,549,557,558,563,564,565,566,567,568,569,573,574,575,576,577,578,579,:
573:537,538,545,547,548,549,554,556,557,558,563,564,565,566,567,568,572,574,575,577,578,579,:
574:538,549,565,566,567,572,573,575,576,577,578,579,580,:
575:549,566,567,572,573,574,576,577,578,:
576:572,574,575,577,:
577:431,538,566,572,573,574,575,576,578,579,580,581,583,584,:
578:429,431,432,538,572,573,574,575,577,579,580,581,582,583,584,585,586,:
579:429,430,431,432,433,538,566,572,573,574,577,578,580,581,582,583,584,585,:
580:429,431,537,538,574,577,578,579,581,582,583,584,585,586,587,:
581:26,79,427,428,429,430,431,432,577,578,579,580,582,583,584,585,587,:
582:22,25,26,76,77,79,427,428,430,444,571,578,579,580,581,583,585,:
583:26,79,427,429,538,539,577,578,579,580,581,582,584,585,586,587,:
584:538,577,578,579,580,581,583,585,586,587,:
585:26,77,79,426,427,539,540,542,544,578,579,580,581,582,583,584,586,587,:
586:399,457,458,459,539,578,580,583,584,585,587,:
587:396,397,399,539,542,544,580,581,583,584,585,586,:
