1:2,3,4,5,6,7,8,9,10,11,12,13,14,15,80,81,91,279,280,:
2:1,6,7,8,9,10,11,12,13,14,15,91,106,107,108,109,110,111,113,156,157,158,279,280,281,:
3:1,4,5,6,8,197,218,219,277,278,279,280,:
4:1,3,5,6,8,9,10,15,81,280,:
5:1,3,4,6,8,9,10,71,78,79,80,81,82,196,197,198,218,280,:
6:1,2,3,4,5,7,8,9,10,11,12,13,14,15,81,279,280,281,:
7:1,2,6,9,10,11,12,13,14,15,110,111,113,156,157,158,280,281,:
8:1,2,3,4,5,6,9,10,15,80,81,197,218,279,280,:
9:1,2,4,5,6,7,8,10,11,12,13,14,15,78,80,81,82,91,155,156,157,:
10:1,2,4,5,6,7,8,9,11,12,14,15,78,79,80,81,82,91,195,196,197,198,280,:
11:1,2,6,7,9,10,12,13,14,15,106,107,108,109,110,111,112,113,158,279,280,281,:
12:1,2,6,7,9,10,11,13,14,15,91,105,106,107,108,109,110,111,152,154,155,156,157,158,:
13:1,2,6,7,9,11,12,14,15,108,110,111,112,113,157,158,186,:
14:1,2,6,7,9,10,11,12,13,15,156,157,158,186,:
15:1,2,4,6,7,8,9,10,11,12,13,14,113,157,158,279,280,281,:
16:17,18,19,20,21,22,23,131,:
17:16,18,19,20,21,:
18:16,17,19,20,21,22,23,24,118,131,:
19:16,17,18,20,21,22,23,24,25,27,28,30,118,:
20:16,17,18,19,21,22,23,24,27,266,:
21:16,17,18,19,20,22,23,110,111,112,113,118,131,:
22:16,18,19,20,21,23,24,25,26,27,28,29,30,36,37,115,118,:
23:16,18,19,20,21,22,24,25,26,27,28,29,30,36,114,115,116,117,118,119,:
24:18,19,20,22,23,25,26,27,28,29,30,36,37,38,274,:
25:19,22,23,24,26,27,28,29,36,37,38,39,40,41,107,109,115,274,:
26:22,23,24,25,27,28,29,36,37,38,39,102,103,106,107,109,114,115,116,117,118,119,:
27:19,20,22,23,24,25,26,28,29,30,31,32,36,37,274,:
28:19,22,23,24,25,26,27,29,30,31,32,33,:
29:22,23,24,25,26,27,28,30,31,32,33,34,35,:
30:19,22,23,24,27,28,29,31,32,33,34,:
31:27,28,29,30,32,33,34,35,119,:
32:27,28,29,30,31,33,34,35,:
33:28,29,30,31,32,34,35,121,:
34:29,30,31,32,33,35,121,123,124,125,:
35:29,31,32,33,34,121,124,125,:
36:22,23,24,25,26,27,37,38,39,40,41,42,43,107,109,115,274,:
37:22,24,25,26,27,36,38,39,40,41,42,109,272,273,274,275,:
38:24,25,26,36,37,39,40,41,42,43,96,107,274,:
39:25,26,36,37,38,40,41,42,43,96,:
40:25,36,37,38,39,41,42,43,:
41:25,36,37,38,39,40,42,43,191,194,195,274,:
42:36,37,38,39,40,41,43,49,90,191,194,195,:
43:36,38,39,40,41,42,44,90,96,:
44:43,45,46,47,48,49,50,51,:
45:44,46,47,48,49,:
46:44,45,47,48,49,50,51,210,:
47:44,45,46,48,49,50,51,52,53,208,209,210,:
48:44,45,46,47,49,50,51,53,208,209,210,:
49:42,44,45,46,47,48,50,51,200,208,210,:
50:44,46,47,48,49,51,199,200,201,204,205,206,208,209,210,:
51:44,46,47,48,49,50,59,90,198,199,200,204,208,210,:
52:47,53,54,55,56,57,58,59,208,209,210,:
53:47,48,52,54,55,56,57,58,59,206,207,208,209,210,:
54:52,53,55,56,57,58,59,60,209,:
55:52,53,54,56,57,58,:
56:52,53,54,55,57,:
57:52,53,54,55,56,58,59,60,61,62,206,207,208,209,224,:
58:52,53,54,55,57,59,60,61,62,65,70,72,73,204,224,:
59:51,52,53,54,57,58,60,61,62,65,66,70,72,73,74,:
60:54,57,58,59,61,62,65,69,70,73,202,203,204,220,223,224,:
61:57,58,59,60,62,65,68,69,70,72,73,201,202,203,204,211,213,214,220,224,:
62:57,58,59,60,61,70,202,203,204,214,220,221,222,223,224,:
63:64,65,66,67,68,69,72,73,:
64:63,65,66,67,68,171,:
65:58,59,60,61,63,64,66,67,68,69,70,71,72,73,74,:
66:59,63,64,65,67,68,69,70,72,73,74,75,76,77,78,79,:
67:63,64,65,66,68,72,73,74,75,76,77,165,166,171,:
68:61,63,64,65,66,67,69,70,71,72,73,171,:
69:60,61,63,65,66,68,70,71,72,73,78,79,203,213,218,:
70:58,59,60,61,62,65,66,68,69,71,72,73,78,79,202,203,213,214,215,218,:
71:5,65,68,69,70,72,73,78,79,80,81,218,:
72:58,59,61,63,65,66,67,68,69,70,71,73,74,75,76,77,78,79,:
73:58,59,60,61,63,65,66,67,68,69,70,71,72,74,75,77,78,79,:
74:59,65,66,67,72,73,75,76,77,78,79,80,:
75:66,67,72,73,74,76,77,78,160,:
76:66,67,72,74,75,77,150,159,160,161,:
77:66,67,72,73,74,75,76,78,79,80,81,82,160,:
78:5,9,10,66,69,70,71,72,73,74,75,77,79,80,81,82,91,198,:
79:5,10,66,69,70,71,72,73,74,77,78,80,81,82,91,196,198,:
80:1,5,8,9,10,71,74,77,78,79,81,82,:
81:1,4,5,6,8,9,10,71,77,78,79,80,82,:
82:5,9,10,77,78,79,80,81,153,155,166,:
83:84,85,86,87,88,89,92,93,146,149,:
84:83,85,86,87,88,92,145,146,147,148,149,150,:
85:83,84,86,87,88,89,90,91,92,93,94,146,:
86:83,84,85,87,88,89,90,92,93,94,95,96,97,99,145,146,:
87:83,84,85,86,88,89,92,93,94,95,101,141,145,146,147,149,150,152,:
88:83,84,85,86,87,89,90,91,92,93,146,150,:
89:83,85,86,87,88,90,91,92,93,:
90:42,43,51,85,86,88,89,91,92,93,96,198,:
91:1,2,9,10,12,78,79,85,88,89,90,152,198,:
92:83,84,85,86,87,88,89,90,93,94,95,96,97,98,99,100,101,:
93:83,85,86,87,88,89,90,92,94,95,96,97,99,:
94:85,86,87,92,93,95,96,97,98,99,100,101,102,141,:
95:86,87,92,93,94,96,97,98,99,100,101,102,103,105,141,:
96:38,39,43,86,90,92,93,94,95,97,98,100,101,102,103,105,:
97:86,92,93,94,95,96,98,99,100,101,:
98:92,94,95,96,97,99,100,101,141,:
99:86,92,93,94,95,97,98,:
100:92,94,95,96,97,98,101,102,103,104,105,106,114,115,138,141,:
101:87,92,94,95,96,97,98,100,102,103,104,105,114,137,138,139,140,141,142,:
102:26,94,95,96,100,101,103,104,105,106,107,108,114,115,116,138,141,:
103:26,95,96,100,101,102,104,105,106,108,114,115,116,117,119,127,128,138,:
104:100,101,102,103,105,106,114,115,116,117,119,127,128,137,138,139,141,142,:
105:12,95,96,100,101,102,103,104,106,107,108,109,110,114,115,:
106:2,11,12,26,100,102,103,104,105,107,108,109,110,111,114,115,:
107:2,11,12,25,26,36,38,102,105,106,108,109,110,111,112,115,:
108:2,11,12,13,102,103,105,106,107,109,110,111,112,113,114,115,134,135,136,158,:
109:2,11,12,25,26,36,37,105,106,107,108,110,111,112,113,279,281,:
110:2,7,11,12,13,21,105,106,107,108,109,111,112,113,135,:
111:2,7,11,12,13,21,106,107,108,109,110,112,113,279,281,:
112:11,13,21,107,108,109,110,111,113,276,277,279,280,281,:
113:2,7,11,13,15,21,108,109,110,111,112,276,277,279,280,281,:
114:23,26,100,101,102,103,104,105,106,108,115,116,117,118,119,120,127,128,:
115:22,23,25,26,36,100,102,103,104,105,106,107,108,114,116,117,118,119,127,:
116:23,26,102,103,104,114,115,117,118,119,120,121,127,128,129,:
117:23,26,103,104,114,115,116,118,119,120,127,128,129,130,131,132,:
118:18,19,21,22,23,26,114,115,116,117,119,120,127,128,129,130,131,:
119:23,26,31,103,104,114,115,116,117,118,120,121,122,127,128,:
120:114,116,117,118,119,121,122,123,125,127,128,:
121:33,34,35,116,119,120,122,123,124,125,126,:
122:119,120,121,123,124,125,126,:
123:34,120,121,122,124,125,126,:
124:34,35,121,122,123,125,126,:
125:34,35,120,121,122,123,124,126,:
126:121,122,123,124,125,:
127:103,104,114,115,116,117,118,119,120,128,129,130,131,132,133,134,135,:
128:103,104,114,116,117,118,119,120,127,129,130,132,133,134,138,:
129:116,117,118,127,128,130,131,132,133,134,135,:
130:117,118,127,128,129,131,132,133,:
131:16,18,21,117,118,127,129,130,132,:
132:117,127,128,129,130,131,133,134,135,136,:
133:127,128,129,130,132,134,135,136,143,144,188,:
134:108,127,128,129,132,133,135,136,143,144,185,186,188,:
135:108,110,127,129,132,133,134,136,144,188,:
136:108,132,133,134,135,142,143,144,158,184,185,186,187,188,:
137:101,104,138,139,140,141,142,143,144,:
138:100,101,102,103,104,128,137,139,140,141,142,143,:
139:101,104,137,138,140,141,142,143,144,:
140:101,137,138,139,141,142,143,:
141:87,94,95,98,100,101,102,104,137,138,139,140,142,146,:
142:101,104,136,137,138,139,140,141,143,144,:
143:133,134,136,137,138,139,140,142,144,184,188,:
144:133,134,135,136,137,139,142,143,184,185,186,187,188,:
145:84,86,87,146,147,148,149,150,151,152,:
146:83,84,85,86,87,88,141,145,147,148,149,150,151,152,:
147:84,87,145,146,148,149,150,151,152,153,:
148:84,145,146,147,149,150,151,:
149:83,84,87,145,146,147,148,150,:
150:76,84,87,88,145,146,147,148,149,151,152,153,154,155,:
151:145,146,147,148,150,152,153,154,155,156,181,:
152:12,87,91,145,146,147,150,151,153,154,155,156,157,158,:
153:82,147,150,151,152,154,155,156,157,181,:
154:12,150,151,152,153,155,156,157,158,186,:
155:9,12,82,150,151,152,153,154,156,157,158,181,183,:
156:2,7,9,12,14,151,152,153,154,155,157,158,181,183,184,185,186,:
157:2,7,9,12,13,14,15,152,153,154,155,156,158,183,184,185,186,187,188,:
158:2,7,11,12,13,14,15,108,136,152,154,155,156,157,183,184,185,186,187,188,:
159:76,160,161,162,163,164,165,:
160:75,76,77,159,161,162,164,165,:
161:76,159,160,162,163,164,165,166,167,168,:
162:159,160,161,163,164,165,:
163:159,161,162,164,168,:
164:159,160,161,162,163,165,166,167,168,:
165:67,159,160,161,162,164,166,167,168,169,170,171,:
166:67,82,161,164,165,167,168,169,170,171,172,173,174,:
167:161,164,165,166,168,169,170,171,172,173,174,175,:
168:161,163,164,165,166,167,169,170,171,173,174,175,:
169:165,166,167,168,170,171,172,173,174,175,:
170:165,166,167,168,169,171,172,173,174,175,:
171:64,67,68,165,166,167,168,169,170,172,173,175,:
172:166,167,169,170,171,173,174,175,:
173:166,167,168,169,170,171,172,174,175,:
174:166,167,168,169,170,172,173,175,:
175:167,168,169,170,171,172,173,174,:
176:177,178,179,180,181,182,:
177:176,178,179,180,181,182,:
178:176,177,179,180,181,182,183,:
179:176,177,178,180,181,182,:
180:176,177,178,179,181,182,:
181:151,153,155,156,176,177,178,179,180,182,183,184,:
182:176,177,178,179,180,181,183,184,185,187,:
183:155,156,157,158,178,181,182,184,185,186,187,188,:
184:136,143,144,156,157,158,181,182,183,185,186,187,188,:
185:134,136,144,156,157,158,182,183,184,186,187,188,:
186:13,14,134,136,144,154,156,157,158,183,184,185,187,188,:
187:136,144,157,158,182,183,184,185,186,188,:
188:133,134,135,136,143,144,157,158,183,184,185,186,187,:
189:190,191,192,193,194,195,199,200,:
190:189,191,192,193,194,254,:
191:41,42,189,190,192,193,194,195,196,197,198,199,200,201,:
192:189,190,191,193,194,195,196,197,198,199,200,201,202,203,204,211,:
193:189,190,191,192,194,196,197,199,200,201,202,203,211,212,232,243,248,254,:
194:41,42,189,190,191,192,193,195,196,197,198,199,200,275,278,:
195:10,41,42,189,191,192,194,196,197,198,199,200,278,:
196:5,10,79,191,192,193,194,195,197,198,199,200,203,218,278,:
197:3,5,8,10,191,192,193,194,195,196,198,199,202,203,217,218,277,278,280,:
198:5,10,51,78,79,90,91,191,192,194,195,196,197,199,200,202,203,:
199:50,51,189,191,192,193,194,195,196,197,198,200,201,202,203,204,205,211,212,:
200:49,50,51,189,191,192,193,194,195,196,198,199,201,202,203,204,205,210,:
201:50,61,191,192,193,199,200,202,203,204,205,206,211,212,213,221,:
202:60,61,62,70,192,193,197,198,199,200,201,203,204,205,211,212,213,214,216,217,218,220,221,:
203:60,61,62,69,70,192,193,196,197,198,199,200,201,202,204,211,212,213,214,216,217,218,221,:
204:50,51,58,60,61,62,192,199,200,201,202,203,205,206,207,208,210,211,212,221,224,:
205:50,199,200,201,202,204,206,207,208,209,210,250,:
206:50,53,57,201,204,205,207,208,209,210,224,:
207:53,57,204,205,206,208,209,210,224,:
208:47,48,49,50,51,52,53,57,204,205,206,207,209,210,:
209:47,48,50,52,53,54,57,205,206,207,208,210,:
210:46,47,48,49,50,51,52,53,200,204,205,206,207,208,209,:
211:61,192,193,199,201,202,203,204,212,213,214,215,216,217,218,220,221,231,232,233,:
212:193,199,201,202,203,204,211,213,214,216,217,220,221,227,228,230,231,232,233,241,:
213:61,69,70,201,202,203,211,212,214,215,216,217,218,219,220,221,222,232,233,:
214:61,62,70,202,203,211,212,213,215,216,217,220,221,222,223,224,225,227,233,:
215:70,211,213,214,216,220,221,222,225,:
216:202,203,211,212,213,214,215,217,218,219,220,221,232,233,:
217:197,202,203,211,212,213,214,216,218,219,232,:
218:3,5,8,69,70,71,196,197,202,203,211,213,216,217,219,:
219:3,213,216,217,218,232,:
220:60,61,62,202,211,212,213,214,215,216,221,222,223,224,225,226,227,233,:
221:62,201,202,203,204,211,212,213,214,215,216,220,222,223,224,225,226,227,228,233,:
222:62,213,214,215,220,221,223,224,225,226,227,:
223:60,62,214,220,221,222,224,225,226,227,:
224:57,58,60,61,62,204,206,207,214,220,221,222,223,225,226,227,:
225:214,215,220,221,222,223,224,226,227,233,234,238,:
226:220,221,222,223,224,225,227,228,229,233,234,:
227:212,214,220,221,222,223,224,225,226,228,229,230,233,234,:
228:212,221,226,227,229,230,231,232,233,234,241,242,:
229:226,227,228,230,231,233,234,241,242,:
230:212,227,228,229,231,232,233,234,235,241,242,243,:
231:211,212,228,229,230,232,233,234,241,242,243,244,245,246,248,:
232:193,211,212,213,216,217,219,228,230,231,233,241,242,243,244,245,:
233:211,212,213,214,216,220,221,225,226,227,228,229,230,231,232,234,235,236,238,241,:
234:225,226,227,228,229,230,231,233,235,236,237,238,239,:
235:230,233,234,236,237,238,239,240,:
236:233,234,235,237,238,239,240,:
237:234,235,236,238,239,240,:
238:225,233,234,235,236,237,239,240,:
239:234,235,236,237,238,240,:
240:235,236,237,238,239,:
241:212,228,229,230,231,232,233,242,243,244,245,246,247,248,249,253,254,:
242:228,229,230,231,232,241,243,244,245,246,247,248,249,:
243:193,230,231,232,241,242,244,245,246,247,248,249,253,254,255,:
244:231,232,241,242,243,245,246,247,253,254,255,256,258,:
245:231,232,241,242,243,244,246,253,254,255,258,:
246:231,241,242,243,244,245,247,248,249,250,251,253,254,:
247:241,242,243,244,246,248,249,250,251,252,:
248:193,231,241,242,243,246,247,249,250,251,252,:
249:241,242,243,246,247,248,250,251,252,:
250:205,246,247,248,249,251,252,:
251:246,247,248,249,250,252,:
252:247,248,249,250,251,:
253:241,243,244,245,246,254,255,256,257,258,259,:
254:190,193,241,243,244,245,246,253,255,256,257,258,:
255:243,244,245,253,254,256,257,258,259,260,261,263,271,:
256:244,253,254,255,257,258,259,260,262,263,270,271,:
257:253,254,255,256,258,259,260,262,263,265,270,271,272,273,275,:
258:244,245,253,254,255,256,257,259,260,261,263,269,271,278,:
259:253,255,256,257,258,260,261,262,263,268,269,271,278,:
260:255,256,257,258,259,261,262,263,264,267,268,269,270,271,:
261:255,258,259,260,263,268,269,276,277,278,:
262:256,257,259,260,263,264,265,266,267,268,269,270,271,:
263:255,256,257,258,259,260,261,262,264,265,267,268,269,270,271,:
264:260,262,263,265,266,267,268,269,270,271,272,:
265:257,262,263,264,266,267,268,269,270,271,272,273,275,276,:
266:20,262,264,265,267,268,269,270,271,272,273,275,276,:
267:260,262,263,264,265,266,268,269,270,271,:
268:259,260,261,262,263,264,265,266,267,269,270,271,:
269:258,259,260,261,262,263,264,265,266,267,268,270,271,276,:
270:256,257,260,262,263,264,265,266,267,268,269,271,272,273,274,275,276,:
271:255,256,257,258,259,260,262,263,264,265,266,267,268,269,270,272,273,275,276,:
272:37,257,264,265,266,270,271,273,274,275,276,277,:
273:37,257,265,266,270,271,272,274,275,276,:
274:24,25,27,36,37,38,41,270,272,273,275,:
275:37,194,257,265,266,270,271,272,273,274,276,277,278,279,281,:
276:112,113,261,265,266,269,270,271,272,273,275,277,278,279,280,281,:
277:3,112,113,197,261,272,275,276,278,279,280,281,:
278:3,194,195,196,197,258,259,261,275,276,277,279,280,281,:
279:1,2,3,6,8,11,15,109,111,112,113,275,276,277,278,280,281,:
280:1,2,3,4,5,6,7,8,10,11,15,112,113,197,276,277,278,279,281,:
281:2,6,7,11,15,109,111,112,113,275,276,277,278,279,280,:
