1:3,12,17,20,27,29,35,36,43,46,:
2:7,13,21,23,25,28,37,38,47,49,177,178,179,181,186,187,188,232,268,298,:
3:1,6,8,12,17,20,22,27,29,32,35,36,43,46,48,71,72,74,75,:
4:7,14,18,21,23,25,30,33,39,40,44,47,287,289,434,437,452,508,517,519,:
5:8,14,15,16,19,22,24,25,31,34,39,40,41,42,45,48,50,75,76,306,417,418,419,420,423,451,452,453,:
6:3,8,9,12,16,17,20,22,24,26,29,32,34,35,36,43,46,48,50,:
7:2,4,13,14,18,21,23,25,30,33,38,44,47,49,146,147,177,178,179,289,483,518,519,:
8:3,5,6,16,17,19,20,22,24,31,32,34,43,45,46,48,50,74,75,76,336,:
9:6,10,11,16,20,22,24,26,32,46,50,:
10:9,11,15,16,19,24,26,32,41,42,49,50,150,484,485,:
11:9,10,16,24,26,42,46,154,273,:
12:1,3,6,17,20,22,27,29,32,35,36,43,46,:
13:2,7,14,15,18,21,23,25,28,33,37,38,42,47,49,147,148,150,152,177,178,179,271,:
14:4,5,7,13,15,18,19,21,23,25,30,39,40,41,42,44,45,47,49,296,297,298,418,419,420,452,453,:
15:5,10,13,14,16,18,19,21,22,23,24,25,26,31,37,39,40,41,42,44,45,49,50,271,420,453,:
16:5,6,8,9,10,11,15,19,20,22,24,26,31,32,34,41,42,45,46,48,50,273,:
17:1,3,6,8,12,20,22,24,27,29,32,34,35,36,43,46,48,75,:
18:4,7,13,14,15,21,23,25,30,33,39,40,41,44,47,49,298,452,483,485,519,:
19:5,8,10,14,15,16,20,22,24,25,26,31,34,39,41,42,45,48,50,418,420,453,:
20:1,3,6,8,9,12,16,17,19,22,24,26,29,31,32,34,35,36,43,46,48,50,:
21:2,4,7,13,14,15,18,23,25,28,30,33,37,38,39,40,41,44,47,49,178,179,298,519,:
22:3,5,6,8,9,12,15,16,17,19,20,24,26,29,31,32,34,43,45,46,48,50,74,75,76,453,:
23:2,4,7,13,14,15,18,21,25,28,30,33,37,38,39,40,41,42,44,47,49,148,:
24:5,6,8,9,10,11,15,16,17,19,20,22,26,31,32,34,41,42,45,46,48,50,453,:
25:2,4,5,7,13,14,15,18,19,21,23,37,38,39,40,41,42,44,45,47,49,271,298,420,:
26:6,9,10,11,15,16,19,20,22,24,32,34,41,42,46,50,:
27:1,3,12,17,35,36,43,:
28:2,13,21,23,37,38,47,177,178,180,181,185,186,187,188,232,267,268,:
29:1,3,6,12,17,20,22,32,35,36,43,46,48,75,87,92,93,:
30:4,7,14,18,21,23,33,39,40,44,47,287,289,434,483,508,517,518,519,:
31:5,8,15,16,19,20,22,24,34,39,41,45,48,50,74,75,76,417,418,419,420,421,423,451,453,:
32:3,6,8,9,10,12,16,17,20,22,24,26,29,34,35,36,46,48,50,:
33:4,7,13,18,21,23,30,38,44,47,49,146,177,178,179,287,289,483,516,517,518,519,:
34:5,6,8,16,17,19,20,22,24,26,31,32,43,45,46,48,50,76,:
35:1,3,6,12,17,20,27,29,32,36,43,46,:
36:1,3,6,12,17,20,27,29,32,35,43,46,:
37:2,13,15,21,23,25,28,38,42,47,49,148,150,151,152,153,154,188,267,268,269,271,273,:
38:2,7,13,21,23,25,28,33,37,47,49,146,147,148,149,150,151,152,177,178,179,181,186,:
39:4,5,14,15,18,19,21,23,25,30,31,40,41,42,44,45,47,49,298,418,419,420,451,452,453,:
40:4,5,14,15,18,21,23,25,30,39,41,44,47,49,296,297,298,418,419,420,437,452,:
41:5,10,14,15,16,18,19,21,23,24,25,26,31,39,40,42,44,45,49,50,451,452,453,484,485,:
42:5,10,11,13,14,15,16,19,23,24,25,26,37,39,41,44,45,49,50,150,271,273,:
43:1,3,6,8,12,17,20,22,27,29,34,35,36,46,48,74,75,76,:
44:4,7,14,15,18,21,23,25,30,33,39,40,41,42,47,49,451,452,481,483,484,485,519,:
45:5,8,14,15,16,19,22,24,25,31,34,39,41,42,48,50,76,271,273,306,307,420,:
46:1,3,6,8,9,11,12,16,17,20,22,24,26,29,32,34,35,36,43,48,50,:
47:2,4,7,13,14,18,21,23,25,28,30,33,37,38,39,40,44,49,177,178,179,232,287,289,298,:
48:3,5,6,8,16,17,19,20,22,24,29,31,32,34,43,45,46,50,74,75,76,420,453,:
49:2,7,10,13,14,15,18,21,23,25,33,37,38,39,40,41,42,44,47,147,148,150,483,485,:
50:5,6,8,9,10,15,16,19,20,22,24,26,31,32,34,41,42,45,46,48,451,453,:
51:52,53,54,55,56,57,68,69,324,325,:
52:51,53,54,55,56,68,102,104,105,106,325,:
53:51,52,54,55,56,57,58,68,69,70,325,:
54:51,52,53,55,56,57,58,68,69,70,71,72,73,77,78,325,:
55:51,52,53,54,56,57,68,69,70,71,77,78,83,102,104,109,111,325,:
56:51,52,53,54,55,57,58,59,68,69,:
57:51,53,54,55,56,58,59,60,61,62,63,68,69,71,72,85,:
58:53,54,56,57,59,60,61,62,63,64,65,66,68,69,72,85,382,:
59:56,57,58,60,61,62,63,64,65,66,67,69,71,72,85,390,:
60:57,58,59,61,62,63,65,66,67,68,69,70,71,72,85,390,:
61:57,58,59,60,62,63,64,65,66,67,85,368,377,384,:
62:57,58,59,60,61,63,64,65,66,67,363,364,365,377,382,383,384,:
63:57,58,59,60,61,62,64,65,67,364,382,383,384,:
64:58,59,61,62,63,65,66,67,363,364,365,366,369,374,375,377,383,384,:
65:58,59,60,61,62,63,64,66,67,85,368,377,384,391,:
66:58,59,60,61,62,64,65,67,72,85,377,391,:
67:59,60,61,62,63,64,65,66,368,375,376,377,384,391,:
68:51,52,53,54,55,56,57,58,60,69,70,71,72,73,74,77,78,325,:
69:51,53,54,55,56,57,58,59,60,68,70,71,72,73,324,325,:
70:53,54,55,60,68,69,71,72,73,74,75,76,77,78,79,422,:
71:3,54,55,57,59,60,68,69,70,72,73,74,75,77,78,79,80,81,82,83,85,:
72:3,54,57,58,59,60,66,68,69,70,71,73,74,75,77,78,79,82,85,:
73:54,68,69,70,71,72,74,75,76,77,78,327,334,335,336,421,422,423,:
74:3,8,22,31,43,48,68,70,71,72,73,75,76,77,335,336,421,422,423,:
75:3,5,8,17,22,29,31,43,48,70,71,72,73,74,76,77,78,115,420,421,423,:
76:5,8,22,31,34,43,45,48,70,73,74,75,307,334,335,336,420,421,422,423,:
77:54,55,68,70,71,72,73,74,75,78,79,80,81,82,83,84,85,86,87,111,:
78:54,55,68,70,71,72,73,75,77,79,80,81,82,83,84,85,86,109,111,113,115,:
79:70,71,72,77,78,80,81,82,83,84,85,86,87,88,:
80:71,77,78,79,81,82,83,84,85,86,87,88,89,90,91,92,95,115,:
81:71,77,78,79,80,82,83,84,86,87,88,89,90,95,101,111,113,114,115,:
82:71,72,77,78,79,80,81,83,84,85,86,87,368,:
83:55,71,77,78,79,80,81,82,84,85,86,87,:
84:77,78,79,80,81,82,83,85,86,87,89,90,:
85:57,58,59,60,61,65,66,71,72,77,78,79,80,82,83,84,368,:
86:77,78,79,80,81,82,83,84,87,88,89,90,91,92,93,94,95,:
87:29,77,79,80,81,82,83,84,86,88,89,90,91,92,93,:
88:79,80,81,86,87,89,90,91,92,93,94,95,96,101,:
89:80,81,84,86,87,88,90,91,92,94,95,96,97,98,99,100,101,:
90:80,81,84,86,87,88,89,91,94,95,96,97,101,:
91:80,86,87,88,89,90,92,93,94,95,101,:
92:29,80,86,87,88,89,91,93,94,:
93:29,86,87,88,91,92,94,:
94:86,88,89,90,91,92,93,95,101,449,:
95:80,81,86,88,89,90,91,94,96,97,98,99,100,101,:
96:88,89,90,95,97,98,99,100,101,:
97:89,90,95,96,98,99,100,101,:
98:89,95,96,97,99,100,101,:
99:89,95,96,97,98,100,101,:
100:89,95,96,97,98,99,101,448,449,:
101:81,88,89,90,91,94,95,96,97,98,99,100,114,115,446,448,449,:
102:52,55,103,104,105,106,107,108,109,110,:
103:102,104,105,107,108,109,110,112,:
104:52,55,102,103,105,106,107,108,109,110,:
105:52,102,103,104,106,107,108,:
106:52,102,104,105,107,325,:
107:102,103,104,105,106,108,109,110,111,112,328,411,413,:
108:102,103,104,105,107,109,110,111,112,113,328,413,416,:
109:55,78,102,103,104,107,108,110,111,112,113,114,115,328,413,414,415,416,417,:
110:102,103,104,107,108,109,111,112,113,114,:
111:55,77,78,81,107,108,109,110,112,113,114,115,414,415,416,417,:
112:103,107,108,109,110,111,113,114,115,442,446,:
113:78,81,108,109,110,111,112,114,115,442,446,:
114:81,101,109,110,111,112,113,115,442,443,445,446,450,:
115:75,78,80,81,101,109,111,112,113,114,445,446,450,451,453,:
116:117,118,119,120,121,122,123,124,125,:
117:116,118,119,120,121,124,:
118:116,117,119,120,121,122,123,124,125,126,:
119:116,117,118,120,121,122,123,124,125,126,127,128,129,516,521,:
120:116,117,118,119,121,122,123,124,125,126,129,511,512,516,520,521,:
121:116,117,118,119,120,122,123,124,125,499,504,516,:
122:116,118,119,120,121,123,124,125,126,288,503,504,515,516,518,:
123:116,118,119,120,121,122,124,125,126,127,128,514,515,516,518,519,521,:
124:116,117,118,119,120,121,122,123,125,126,127,128,129,130,141,142,516,521,:
125:116,118,119,120,121,122,123,124,126,127,128,129,130,141,:
126:118,119,120,122,123,124,125,127,128,129,130,131,141,142,143,516,518,520,521,524,:
127:119,123,124,125,126,128,129,130,133,141,142,143,144,145,146,155,156,516,518,521,524,:
128:119,123,124,125,126,127,129,130,141,142,143,144,155,156,172,176,179,:
129:119,120,124,125,126,127,128,130,131,132,133,141,142,521,524,525,:
130:124,125,126,127,128,129,131,132,133,134,136,141,142,144,145,:
131:126,129,130,132,133,134,135,136,137,138,145,158,159,:
132:129,130,131,133,134,135,136,137,138,139,140,144,145,159,530,535,:
133:127,129,130,131,132,134,135,136,138,139,140,141,142,143,144,145,155,158,159,535,:
134:130,131,132,133,135,136,137,138,139,140,145,528,529,530,535,552,:
135:131,132,133,134,136,137,138,139,140,528,529,530,552,:
136:130,131,132,133,134,135,137,138,140,530,:
137:131,132,134,135,136,138,139,140,528,529,530,551,552,:
138:131,132,133,134,135,136,137,139,140,145,528,529,530,534,535,548,549,551,552,:
139:132,133,134,135,137,138,140,145,534,535,536,538,539,548,549,552,:
140:132,133,134,135,136,137,138,139,528,529,530,535,548,549,550,551,552,553,:
141:124,125,126,127,128,129,130,133,142,143,144,145,146,147,155,156,179,518,521,523,524,:
142:124,126,127,128,129,130,133,141,143,144,145,146,516,518,520,521,522,523,524,531,:
143:126,127,128,133,141,142,144,145,146,147,148,149,155,156,157,176,177,179,524,:
144:127,128,130,132,133,141,142,143,145,146,147,149,155,156,157,158,159,160,161,:
145:127,130,131,132,133,134,138,139,141,142,143,144,146,147,149,155,156,157,158,159,160,161,534,535,536,538,:
146:7,33,38,127,141,142,143,144,145,147,148,149,150,151,155,156,179,524,534,536,537,:
147:7,13,38,49,141,143,144,145,146,148,149,150,151,152,155,156,179,536,537,541,:
148:13,23,37,38,49,143,146,147,149,150,151,152,153,154,536,537,541,:
149:38,143,144,145,146,147,148,150,151,152,153,155,156,161,:
150:10,13,37,38,42,49,146,147,148,149,151,152,153,154,537,541,:
151:37,38,146,147,148,149,150,152,153,154,161,164,186,188,:
152:13,37,38,147,148,149,150,151,153,154,188,:
153:37,148,149,150,151,152,154,188,272,273,546,:
154:11,37,148,150,151,152,153,270,272,273,:
155:127,128,133,141,143,144,145,146,147,149,156,157,158,159,160,161,195,196,197,:
156:127,128,141,143,144,145,146,147,149,155,157,158,160,161,176,190,194,195,196,197,:
157:143,144,145,155,156,158,159,160,161,162,163,195,196,197,:
158:131,133,144,145,155,156,157,159,160,161,195,197,:
159:131,132,133,144,145,155,157,158,160,:
160:144,145,155,156,157,158,159,161,162,163,164,542,547,:
161:144,145,149,151,155,156,157,158,160,162,163,164,542,543,545,546,547,:
162:157,160,161,163,164,194,545,546,547,:
163:157,160,161,162,164,194,547,:
164:151,160,161,162,163,194,545,546,547,:
165:166,167,168,169,170,171,172,:
166:165,167,168,169,170,171,225,:
167:165,166,168,169,170,171,172,173,:
168:165,166,167,169,170,171,172,173,174,175,176,225,:
169:165,166,167,168,170,171,172,173,174,175,224,225,226,229,231,:
170:165,166,167,168,169,171,172,:
171:165,166,167,168,169,170,172,173,174,175,176,177,180,181,:
172:128,165,167,168,169,170,171,173,174,175,176,196,:
173:167,168,169,171,172,174,175,176,177,178,179,180,181,182,190,196,231,:
174:168,169,171,172,173,175,176,177,178,180,181,182,183,185,189,190,196,231,:
175:168,169,171,172,173,174,176,180,181,182,183,184,189,190,191,196,199,:
176:128,143,156,168,171,172,173,174,175,177,178,179,180,181,190,196,:
177:2,7,13,28,33,38,47,143,171,173,174,176,178,179,180,181,289,:
178:2,7,13,21,28,33,38,47,173,174,176,177,179,180,181,182,186,187,232,:
179:2,7,13,21,33,38,47,128,141,143,146,147,173,176,177,178,181,288,289,518,519,:
180:28,171,173,174,175,176,177,178,181,182,183,184,185,186,187,189,190,196,231,:
181:2,28,38,171,173,174,175,176,177,178,179,180,182,183,185,186,187,189,190,231,:
182:173,174,175,178,180,181,183,184,185,186,187,188,189,190,191,199,:
183:174,175,180,181,182,184,185,186,187,189,190,191,192,194,198,199,:
184:175,180,182,183,185,186,189,190,191,192,193,198,199,200,203,204,205,208,:
185:28,174,180,181,182,183,184,186,187,188,189,190,:
186:2,28,38,151,178,180,181,182,183,184,185,187,188,189,190,:
187:2,28,178,180,181,182,183,185,186,188,231,249,:
188:2,28,37,151,152,153,182,185,186,187,213,264,266,269,270,:
189:174,175,180,181,182,183,184,185,186,190,191,192,193,194,195,196,199,:
190:156,173,174,175,176,180,181,182,183,184,185,186,189,191,192,194,195,196,197,:
191:175,182,183,184,189,190,192,193,194,195,196,197,199,:
192:183,184,189,190,191,193,194,195,196,198,199,:
193:184,189,191,192,194,198,199,202,:
194:156,162,163,164,183,189,190,191,192,193,195,196,197,:
195:155,156,157,158,189,190,191,192,194,196,197,:
196:155,156,157,172,173,174,175,176,180,189,190,191,192,194,195,197,:
197:155,156,157,158,190,191,194,195,196,:
198:183,184,192,193,199,200,201,202,203,204,:
199:175,182,183,184,189,191,192,193,198,200,201,202,203,204,:
200:184,198,199,201,202,203,204,208,:
201:198,199,200,202,203,204,208,:
202:193,198,199,200,201,203,208,:
203:184,198,199,200,201,202,204,205,207,208,209,210,:
204:184,198,199,200,201,203,205,206,:
205:184,203,204,206,209,210,211,:
206:204,205,228,231,242,:
207:203,208,209,210,211,212,213,214,:
208:184,200,201,202,203,207,209,210,212,213,214,:
209:203,205,207,208,210,211,212,213,214,:
210:203,205,207,208,209,211,212,213,:
211:205,207,209,210,212,:
212:207,208,209,210,211,213,214,215,216,217,263,:
213:188,207,208,209,210,212,214,215,216,217,219,:
214:207,208,209,212,213,215,216,217,218,219,220,221,222,:
215:212,213,214,216,217,218,219,220,221,222,223,261,262,:
216:212,213,214,215,217,218,219,221,222,223,260,261,262,263,:
217:212,213,214,215,216,218,219,220,221,222,223,262,:
218:214,215,216,217,219,220,221,222,223,:
219:213,214,215,216,217,218,220,221,223,:
220:214,215,217,218,219,221,222,223,:
221:214,215,216,217,218,219,220,222,223,262,:
222:214,215,216,217,218,220,221,223,261,262,:
223:215,216,217,218,219,220,221,222,262,:
224:169,225,226,227,228,229,230,231,233,234,275,:
225:166,168,169,224,226,227,228,229,231,:
226:169,224,225,227,228,229,230,231,232,233,234,235,275,278,:
227:224,225,226,228,229,230,231,233,234,235,236,238,240,278,:
228:206,224,225,226,227,229,231,233,234,235,238,240,:
229:169,224,225,226,227,228,230,231,232,233,234,278,286,:
230:224,226,227,229,231,232,233,234,278,282,295,:
231:169,173,174,180,181,187,206,224,225,226,227,228,229,230,232,233,:
232:2,28,47,178,226,229,230,231,282,285,287,289,295,298,:
233:224,226,227,228,229,230,231,234,235,236,237,238,239,240,241,242,278,:
234:224,226,227,228,229,230,233,235,236,237,238,240,241,275,277,278,291,:
235:226,227,228,233,234,236,237,238,239,240,241,242,243,278,:
236:227,233,234,235,237,238,239,240,241,242,243,244,245,246,247,291,:
237:233,234,235,236,238,239,241,242,243,244,245,278,290,291,:
238:227,228,233,234,235,236,237,239,240,241,242,:
239:233,235,236,237,238,240,241,242,245,:
240:227,228,233,234,235,236,238,239,:
241:233,234,235,236,237,238,239,242,243,244,245,246,247,248,249,:
242:206,233,235,236,237,238,239,241,243,244,245,246,247,248,249,:
243:235,236,237,241,242,244,245,246,247,248,249,291,294,:
244:236,237,241,242,243,245,246,247,:
245:236,237,239,241,242,243,244,246,:
246:236,241,242,243,244,245,247,248,249,:
247:236,241,242,243,244,246,248,249,265,268,:
248:241,242,243,246,247,249,267,268,294,295,305,:
249:187,241,242,243,246,247,248,265,267,268,:
250:251,252,253,254,255,256,257,258,259,349,:
251:250,252,253,254,255,257,258,:
252:250,251,253,254,255,256,257,258,259,260,354,356,358,:
253:250,251,252,254,255,256,257,258,259,260,261,262,263,356,358,:
254:250,251,252,253,255,258,259,260,261,262,356,358,:
255:250,251,252,253,254,256,257,258,259,:
256:250,252,253,255,257,258,259,265,307,357,359,:
257:250,251,252,253,255,256,259,333,:
258:250,251,252,253,254,255,256,259,260,261,262,263,264,265,266,358,:
259:250,252,253,254,255,256,257,258,260,261,263,264,265,266,267,:
260:216,252,253,254,258,259,261,262,263,264,265,266,270,:
261:215,216,222,253,254,258,259,260,262,263,264,:
262:215,216,217,221,222,223,253,254,258,260,261,263,:
263:212,216,253,258,259,260,261,262,264,265,266,267,269,270,:
264:188,258,259,260,261,263,265,266,267,268,269,270,271,272,:
265:247,249,256,258,259,260,263,264,266,267,268,269,270,271,:
266:188,258,259,260,263,264,265,267,268,269,270,271,272,273,359,:
267:28,37,248,249,259,263,264,265,266,268,269,270,271,273,305,306,307,:
268:2,28,37,247,248,249,264,265,266,267,269,271,305,306,307,:
269:37,188,263,264,265,266,267,268,270,271,272,273,:
270:154,188,260,263,264,265,266,267,269,271,272,273,358,359,:
271:13,15,25,37,42,45,264,265,266,267,268,269,270,272,273,:
272:153,154,264,266,269,270,271,273,359,:
273:11,16,37,42,45,153,154,266,267,269,270,271,272,359,:
274:275,276,277,278,279,280,399,:
275:224,226,234,274,276,277,278,279,:
276:274,275,277,278,279,280,281,282,399,402,:
277:234,274,275,276,278,279,280,281,402,:
278:226,227,229,230,233,234,235,237,274,275,276,277,279,280,281,290,291,:
279:274,275,276,277,278,280,281,282,283,285,286,:
280:274,276,277,278,279,281,282,283,284,285,286,287,288,505,:
281:276,277,278,279,280,282,283,284,285,286,287,402,406,438,439,505,:
282:230,232,276,279,280,281,283,284,285,286,287,288,289,503,504,505,:
283:279,280,281,282,284,285,286,287,289,436,437,438,439,505,508,:
284:280,281,282,283,285,287,295,296,297,432,435,436,437,438,439,505,508,:
285:232,279,280,281,282,283,284,286,287,288,289,503,505,508,:
286:229,279,280,281,282,283,285,287,288,289,503,504,505,:
287:4,30,33,47,232,280,281,282,283,284,285,286,288,289,503,505,506,508,519,:
288:122,179,280,282,285,286,287,289,503,504,505,:
289:4,7,30,33,47,177,179,232,282,283,285,286,287,288,503,504,505,508,518,519,:
290:237,278,291,292,293,294,295,296,299,300,:
291:234,236,237,243,278,290,292,293,294,295,:
292:290,291,293,294,295,296,297,298,299,300,301,309,:
293:290,291,292,294,295,296,297,298,299,300,301,302,304,305,308,309,315,:
294:243,248,290,291,292,293,295,299,300,301,302,303,304,305,308,309,310,313,:
295:230,232,248,284,290,291,292,293,294,296,297,298,299,300,:
296:14,40,284,290,292,293,295,297,298,299,300,305,419,439,:
297:14,40,284,292,293,295,296,298,299,300,412,414,415,416,417,418,419,420,437,439,:
298:2,14,18,21,25,39,40,47,232,292,293,295,296,297,299,300,305,306,419,:
299:290,292,293,294,295,296,297,298,300,301,302,303,304,305,306,308,309,415,416,417,421,422,:
300:290,292,293,294,295,296,297,298,299,301,302,304,305,306,308,309,412,414,415,416,417,418,419,421,422,423,:
301:292,293,294,299,300,302,303,304,305,306,308,309,310,320,327,330,421,422,423,:
302:293,294,299,300,301,303,304,305,308,309,310,311,313,319,320,327,329,330,422,:
303:294,299,301,302,304,308,309,310,311,313,319,320,327,329,330,331,334,:
304:293,294,299,300,301,302,303,305,306,307,308,:
305:248,267,268,293,294,296,298,299,300,301,302,304,306,307,:
306:5,45,267,268,298,299,300,301,304,305,307,336,418,420,421,423,:
307:45,76,256,267,268,304,305,306,334,335,336,357,423,:
308:293,294,299,300,301,302,303,304,309,310,311,312,313,314,315,319,320,326,327,330,:
309:292,293,294,299,300,301,302,303,308,310,311,312,313,314,315,316,319,320,326,327,328,416,422,:
310:294,301,302,303,308,309,311,312,313,314,315,316,319,320,321,330,:
311:302,303,308,309,310,312,313,314,315,319,320,321,322,324,326,:
312:308,309,310,311,313,314,315,319,320,321,322,323,:
313:294,302,303,308,309,310,311,312,314,315,316,317,318,319,:
314:308,309,310,311,312,313,315,316,317,318,408,:
315:293,308,309,310,311,312,313,314,316,317,318,407,408,412,:
316:309,310,313,314,315,317,318,408,:
317:313,314,315,316,318,407,408,:
318:313,314,315,316,317,:
319:302,303,308,309,310,311,312,313,320,321,322,323,324,325,326,327,328,329,330,:
320:301,302,303,308,309,310,311,312,319,321,322,324,325,326,327,328,329,330,422,:
321:310,311,312,319,320,322,323,324,325,326,327,328,:
322:311,312,319,320,321,323,324,325,:
323:312,319,321,322,324,:
324:51,69,311,319,320,321,322,323,325,326,327,328,:
325:51,52,53,54,55,68,69,106,319,320,321,322,324,326,327,328,422,:
326:308,309,311,319,320,321,324,325,327,328,415,416,417,421,422,:
327:73,301,302,303,308,309,319,320,321,324,325,326,328,329,330,334,415,416,417,421,422,423,:
328:107,108,109,309,319,320,321,324,325,326,327,412,413,414,415,416,417,421,422,:
329:302,303,319,320,327,330,331,332,333,334,335,337,338,:
330:301,302,303,308,310,319,320,327,329,331,332,333,334,335,:
331:303,329,330,332,333,334,335,336,337,338,339,389,:
332:329,330,331,333,334,335,336,337,338,339,340,341,342,389,:
333:257,329,330,331,332,334,335,337,338,339,340,342,:
334:73,76,303,307,327,329,330,331,332,333,335,336,337,338,422,423,:
335:73,74,76,307,329,330,331,332,333,334,336,337,338,423,:
336:8,73,74,76,306,307,331,332,334,335,421,422,423,:
337:329,331,332,333,334,335,338,339,340,341,342,343,348,349,388,389,:
338:329,331,332,333,334,335,337,339,340,341,342,348,387,388,389,390,:
339:331,332,333,337,338,340,341,342,343,344,345,348,349,350,389,:
340:332,333,337,338,339,341,342,343,344,348,349,350,351,353,355,:
341:332,337,338,339,340,342,348,349,350,351,387,388,389,390,392,:
342:332,333,337,338,339,340,341,343,344,345,346,347,348,349,388,389,:
343:337,339,340,342,344,345,346,347,348,349,:
344:339,340,342,343,345,346,347,348,349,:
345:339,342,343,344,346,347,:
346:342,343,344,345,347,:
347:342,343,344,345,346,:
348:337,338,339,340,341,342,343,344,349,350,351,352,353,354,355,:
349:250,337,339,340,341,342,343,344,348,350,351,353,354,355,:
350:339,340,341,348,349,351,352,353,354,355,356,:
351:340,341,348,349,350,352,353,354,:
352:348,350,351,353,395,:
353:340,348,349,350,351,352,354,355,356,357,358,:
354:252,348,349,350,351,353,355,356,357,358,359,:
355:340,348,349,350,353,354,356,357,358,359,:
356:252,253,254,350,353,354,355,357,358,359,:
357:256,307,353,354,355,356,358,359,:
358:252,253,254,258,270,353,354,355,356,357,359,:
359:256,266,270,272,273,354,355,356,357,358,:
360:361,362,363,364,365,366,369,370,:
361:360,362,363,364,365,:
362:360,361,363,364,365,366,367,368,369,370,371,:
363:62,64,360,361,362,364,365,366,367,369,370,371,372,374,375,377,:
364:62,63,64,360,361,362,363,365,366,369,370,371,372,374,375,377,:
365:62,64,360,361,362,363,364,366,367,368,369,370,:
366:64,360,362,363,364,365,367,368,369,370,375,377,:
367:362,363,365,366,368,369,370,:
368:61,65,67,82,85,362,365,366,367,:
369:64,360,362,363,364,365,366,367,370,371,372,373,374,375,376,377,:
370:360,362,363,364,365,366,367,369,371,372,374,375,376,:
371:362,363,364,369,370,372,373,374,375,376,377,:
372:363,364,369,370,371,373,374,375,:
373:369,371,372,374,:
374:64,363,364,369,370,371,372,373,375,376,377,384,:
375:64,67,363,364,366,369,370,371,372,374,376,377,384,:
376:67,369,370,371,374,375,377,:
377:61,62,64,65,66,67,363,364,366,369,371,374,375,376,384,:
378:379,380,381,382,383,385,386,:
379:378,380,381,382,383,:
380:378,379,381,382,383,384,385,386,387,:
381:378,379,380,382,383,384,385,386,387,388,390,391,:
382:58,62,63,378,379,380,381,383,384,385,386,387,388,389,390,:
383:62,63,64,378,379,380,381,382,384,385,386,:
384:61,62,63,64,65,67,374,375,377,380,381,382,383,385,386,391,:
385:378,380,381,382,383,384,386,387,388,389,390,391,392,:
386:378,380,381,382,383,384,385,387,388,390,391,392,396,:
387:338,341,380,381,382,385,386,388,389,390,391,392,:
388:337,338,341,342,381,382,385,386,387,389,390,391,:
389:331,332,337,338,339,341,342,382,385,387,388,390,:
390:59,60,338,341,381,382,385,386,387,388,389,391,392,393,:
391:65,66,67,381,384,385,386,387,388,390,392,393,394,396,:
392:341,385,386,387,390,391,393,394,395,396,397,:
393:390,391,392,394,395,396,397,:
394:391,392,393,395,396,397,:
395:352,392,393,394,396,397,:
396:386,391,392,393,394,395,397,:
397:392,393,394,395,396,:
398:399,400,401,402,403,404,:
399:274,276,398,400,401,402,403,:
400:398,399,401,402,403,404,405,406,:
401:398,399,400,402,403,404,405,:
402:276,277,281,398,399,400,401,403,404,:
403:398,399,400,401,402,404,405,406,:
404:398,400,401,402,403,405,406,436,:
405:400,401,403,404,406,424,425,:
406:281,400,403,404,405,436,502,503,505,:
407:315,317,408,409,410,411,412,413,438,:
408:314,315,316,317,407,409,410,412,438,:
409:407,408,410,411,412,413,414,438,:
410:407,408,409,411,412,413,:
411:107,407,409,410,412,413,:
412:297,300,315,328,407,408,409,410,411,413,414,415,416,438,439,:
413:107,108,109,328,407,409,410,411,412,414,415,416,417,419,439,:
414:109,111,297,300,328,409,412,413,415,416,417,418,419,420,421,422,437,439,:
415:109,111,297,299,300,326,327,328,412,413,414,416,417,418,419,420,421,422,423,:
416:108,109,111,297,299,300,309,326,327,328,412,413,414,415,417,418,419,421,422,423,:
417:5,31,109,111,297,299,300,326,327,328,413,414,415,416,418,419,420,421,422,423,:
418:5,14,19,31,39,40,297,300,306,414,415,416,417,419,420,421,422,423,453,:
419:5,14,31,39,40,296,297,298,300,413,414,415,416,417,418,420,421,423,437,452,453,:
420:5,14,15,19,25,31,39,40,45,48,75,76,297,306,414,415,417,418,419,421,422,423,453,:
421:31,73,74,75,76,299,300,301,306,326,327,328,336,414,415,416,417,418,419,420,422,423,:
422:70,73,74,76,299,300,301,302,309,320,325,326,327,328,334,336,414,415,416,417,418,420,421,423,:
423:5,31,73,74,75,76,300,301,306,307,327,334,335,336,415,416,417,418,419,420,421,422,:
424:405,425,426,427,428,429,430,432,436,:
425:405,424,426,427,428,429,430,432,436,438,:
426:424,425,427,428,429,430,431,432,436,441,:
427:424,425,426,428,429,430,431,432,440,441,:
428:424,425,426,427,429,430,431,432,436,440,441,:
429:424,425,426,427,428,430,431,432,433,435,436,441,:
430:424,425,426,427,428,429,431,432,433,434,435,436,437,438,440,441,506,507,508,:
431:426,427,428,429,430,432,433,434,435,436,437,440,441,442,444,471,472,473,506,507,508,:
432:284,424,425,426,427,428,429,430,431,433,434,435,436,437,438,439,441,506,507,508,:
433:429,430,431,432,434,435,436,437,439,440,441,442,443,444,472,473,506,507,508,:
434:4,30,430,431,432,433,435,437,440,441,442,443,444,445,452,471,472,473,506,507,508,:
435:284,429,430,431,432,433,434,436,437,438,439,441,442,506,507,508,:
436:283,284,404,406,424,425,426,428,429,430,431,432,433,435,437,438,439,:
437:4,40,283,284,297,414,419,430,431,432,433,434,435,436,438,439,508,:
438:281,283,284,407,408,409,412,425,430,432,435,436,437,439,:
439:281,283,284,296,297,412,413,414,432,433,435,436,437,438,:
440:427,428,430,431,433,434,441,442,443,444,445,446,:
441:426,427,428,429,430,431,432,433,434,435,440,442,443,444,:
442:112,113,114,431,433,434,435,440,441,443,444,445,446,447,:
443:114,433,434,440,441,442,444,445,446,447,448,450,452,454,455,:
444:431,433,434,440,441,442,443,445,446,447,448,454,455,461,466,471,473,:
445:114,115,434,440,442,443,444,446,447,448,449,450,451,452,453,454,455,:
446:101,112,113,114,115,440,442,443,444,445,447,448,449,450,451,452,453,454,455,:
447:442,443,444,445,446,448,449,450,451,452,453,454,455,456,482,:
448:100,101,443,444,445,446,447,449,450,451,454,455,456,457,458,459,:
449:94,100,101,445,446,447,448,450,454,455,456,457,458,:
450:114,115,443,445,446,447,448,449,451,452,453,454,482,484,:
451:5,31,39,41,44,50,115,445,446,447,448,450,452,453,482,484,:
452:4,5,14,18,39,40,41,44,419,434,443,445,446,447,450,451,453,484,:
453:5,14,15,19,22,24,31,39,41,48,50,115,418,419,420,445,446,447,450,451,452,:
454:443,444,445,446,447,448,449,450,455,456,457,458,459,460,461,475,479,:
455:443,444,445,446,447,448,449,454,456,457,458,459,460,461,462,473,475,479,:
456:447,448,449,454,455,457,458,459,460,461,462,475,:
457:448,449,454,455,456,458,459,460,461,474,475,486,487,:
458:448,449,454,455,456,457,459,460,461,474,475,476,477,479,486,487,488,491,:
459:448,454,455,456,457,458,460,461,462,463,464,475,:
460:454,455,456,457,458,459,461,462,463,464,466,469,474,475,:
461:444,454,455,456,457,458,459,460,462,463,464,466,469,470,474,475,476,479,:
462:455,456,459,460,461,463,464,465,466,469,475,:
463:459,460,461,462,464,465,466,467,468,469,470,475,:
464:459,460,461,462,463,466,469,:
465:462,463,466,467,468,469,470,471,472,:
466:444,460,461,462,463,464,465,467,468,469,470,471,472,473,:
467:463,465,466,468,469,470,471,472,473,496,510,:
468:463,465,466,467,469,470,471,496,510,:
469:460,461,462,463,464,465,466,467,468,470,:
470:461,463,465,466,467,468,469,471,472,473,475,510,513,:
471:431,434,444,465,466,467,468,470,472,473,507,514,515,517,:
472:431,433,434,465,466,467,470,471,473,500,501,502,506,507,508,514,515,517,:
473:431,433,434,444,455,466,467,470,471,472,479,480,481,507,517,:
474:457,458,460,461,475,476,477,478,479,480,486,487,:
475:454,455,456,457,458,459,460,461,462,463,470,474,476,477,479,486,487,:
476:458,461,474,475,477,478,479,480,481,482,486,487,488,532,:
477:458,474,475,476,478,479,480,481,482,486,487,488,489,490,491,531,532,:
478:474,476,477,479,480,486,487,488,489,490,523,527,531,532,533,556,558,:
479:454,455,458,461,473,474,475,476,477,478,480,481,482,483,484,486,487,:
480:473,474,476,477,478,479,481,482,483,484,485,486,487,532,:
481:44,473,476,477,479,480,482,483,484,485,517,519,523,524,531,532,533,:
482:447,450,451,476,477,479,480,481,483,484,485,486,487,:
483:7,18,30,33,44,49,479,480,481,482,484,485,519,523,524,531,533,:
484:10,41,44,450,451,452,479,480,481,482,483,485,:
485:10,18,41,44,49,480,481,482,483,484,533,:
486:457,458,474,475,476,477,478,479,480,482,487,488,489,490,491,:
487:457,458,474,475,476,477,478,479,480,482,486,488,489,490,491,:
488:458,476,477,478,486,487,489,490,491,558,:
489:477,478,486,487,488,490,491,:
490:477,478,486,487,488,489,491,:
491:458,477,486,487,488,489,490,:
492:493,494,495,496,497,498,:
493:492,494,495,496,497,:
494:492,493,495,496,497,498,499,:
495:492,493,494,496,497,498,509,510,:
496:467,468,492,493,494,495,497,498,509,510,:
497:492,493,494,495,496,498,499,500,501,:
498:492,494,495,496,497,499,500,501,502,504,:
499:121,494,497,498,500,501,502,503,504,505,506,507,:
500:472,497,498,499,501,502,503,504,505,506,507,508,514,:
501:472,497,498,499,500,502,503,504,506,507,508,514,:
502:406,472,498,499,500,501,503,504,505,506,507,508,514,515,:
503:122,282,285,286,287,288,289,406,499,500,501,502,504,505,506,507,508,:
504:121,122,282,286,288,289,498,499,500,501,502,503,505,506,508,:
505:280,281,282,283,284,285,286,287,288,289,406,499,500,502,503,504,506,507,508,:
506:287,430,431,432,433,434,435,472,499,500,501,502,503,504,505,507,508,515,517,:
507:430,431,432,433,434,435,471,472,473,499,500,501,502,503,505,506,508,514,515,517,:
508:4,30,283,284,285,287,289,430,431,432,433,434,435,437,472,500,501,502,503,504,505,506,507,517,:
509:495,496,510,511,512,513,514,515,520,521,:
510:467,468,470,495,496,509,511,512,513,514,520,:
511:120,509,510,512,513,514,515,516,517,520,521,522,:
512:120,509,510,511,513,514,515,516,517,520,521,522,523,525,:
513:470,509,510,511,512,514,515,520,521,522,525,:
514:123,471,472,500,501,502,507,509,510,511,512,513,515,516,517,518,519,520,521,:
515:122,123,471,472,502,506,507,509,511,512,513,514,516,517,518,519,520,521,:
516:33,119,120,121,122,123,124,126,127,142,511,512,514,515,517,518,519,520,521,524,:
517:4,30,33,471,472,473,481,506,507,508,511,512,514,515,516,518,519,520,521,:
518:7,30,33,122,123,126,127,141,142,179,289,514,515,516,517,519,520,521,524,:
519:4,7,18,21,30,33,44,123,179,287,289,481,483,514,515,516,517,518,521,:
520:120,126,142,509,510,511,512,513,514,515,516,517,518,521,522,523,524,525,526,531,532,:
521:119,120,123,124,126,127,129,141,142,509,511,512,513,514,515,516,517,518,519,520,522,523,524,525,531,:
522:142,511,512,513,520,521,523,524,525,526,527,528,531,532,533,:
523:141,142,478,481,483,512,520,521,522,524,525,526,527,531,532,533,534,535,:
524:126,127,129,141,142,143,146,481,483,516,518,520,521,522,523,525,531,532,533,534,535,:
525:129,512,513,520,521,522,523,524,526,527,528,529,530,531,532,:
526:520,522,523,525,527,528,529,530,531,532,535,:
527:478,522,523,525,526,528,529,530,531,532,533,535,553,556,:
528:134,135,137,138,140,522,525,526,527,529,530,552,:
529:134,135,137,138,140,525,526,527,528,530,550,551,552,553,:
530:132,134,135,136,137,138,140,525,526,527,528,529,:
531:142,477,478,481,483,520,521,522,523,524,525,526,527,532,533,534,535,536,537,556,:
532:476,477,478,480,481,520,522,523,524,525,526,527,531,533,534,535,556,:
533:478,481,483,485,522,523,524,527,531,532,534,535,536,537,538,556,558,:
534:138,139,145,146,523,524,531,532,533,535,536,537,538,539,540,541,549,556,558,:
535:132,133,134,138,139,140,145,523,524,526,527,531,532,533,534,536,537,538,539,540,548,549,556,:
536:139,145,146,147,148,531,533,534,535,537,538,539,540,541,542,549,:
537:146,147,148,150,531,533,534,535,536,538,539,540,541,542,:
538:139,145,533,534,535,536,537,539,540,541,542,543,549,:
539:139,534,535,536,537,538,540,541,542,548,549,:
540:534,535,536,537,538,539,541,542,548,549,554,556,558,559,:
541:147,148,150,534,536,537,538,539,540,542,543,544,545,547,:
542:160,161,536,537,538,539,540,541,543,544,545,546,547,:
543:161,538,541,542,544,545,546,547,:
544:541,542,543,545,546,547,:
545:161,162,164,541,542,543,544,546,547,:
546:153,161,162,164,542,543,544,545,547,:
547:160,161,162,163,164,541,542,543,544,545,546,:
548:138,139,140,535,539,540,549,550,551,552,553,554,555,556,:
549:138,139,140,534,535,536,538,539,540,548,550,551,552,553,554,555,556,558,:
550:140,529,548,549,551,552,553,554,555,556,:
551:137,138,140,529,548,549,550,552,553,554,:
552:134,135,137,138,139,140,528,529,548,549,550,551,553,:
553:140,527,529,548,549,550,551,552,554,555,556,557,558,:
554:540,548,549,550,551,553,555,556,557,558,559,:
555:548,549,550,553,554,556,557,558,559,560,:
556:478,527,531,532,533,534,535,540,548,549,550,553,554,555,557,558,559,560,561,:
557:553,554,555,556,558,559,560,561,:
558:478,488,533,534,540,549,553,554,555,556,557,559,560,561,:
559:540,554,555,556,557,558,560,561,:
560:555,556,557,558,559,561,:
561:556,557,558,559,560,:
