1:3,6,12,17,20,27,32,35,36,43,46,:
2:7,13,21,23,25,28,37,38,47,49,177,178,179,181,186,187,188,232,268,298,:
3:1,6,8,12,16,17,20,22,24,29,32,34,35,36,43,46,48,357,:
4:7,14,18,21,23,30,33,39,40,44,47,287,408,409,412,427,458,483,492,494,:
5:8,14,15,16,19,22,24,25,31,34,39,40,41,42,45,48,50,75,76,306,392,393,394,395,398,426,427,428,:
6:1,3,8,11,12,16,17,20,22,24,26,29,32,34,36,43,46,48,50,:
7:2,4,13,14,18,21,23,25,30,33,38,44,47,49,146,147,177,178,179,458,460,493,494,:
8:3,5,6,16,17,19,20,22,24,29,31,32,34,43,45,46,48,50,74,75,76,336,:
9:10,11,15,16,19,24,26,41,42,49,50,150,459,460,:
10:9,11,16,24,26,29,42,43,154,:
11:6,9,10,16,17,20,22,24,26,32,43,50,:
12:1,3,6,17,20,22,27,29,32,34,35,36,43,46,:
13:2,7,15,18,21,23,25,28,37,38,42,47,49,147,148,149,150,151,152,177,178,179,188,271,:
14:4,5,7,15,18,19,21,23,25,30,39,40,41,42,44,47,49,296,297,298,393,394,395,427,:
15:5,9,13,14,16,18,19,21,22,23,24,25,26,31,37,39,40,41,42,44,45,49,50,271,395,428,:
16:3,5,6,8,9,10,11,15,17,19,20,22,24,26,29,31,32,34,41,42,43,45,48,50,273,:
17:1,3,6,8,11,12,16,20,22,24,26,27,29,32,34,35,36,43,46,48,50,:
18:4,7,13,14,15,21,23,25,30,33,39,40,41,44,47,49,427,458,460,494,:
19:5,8,9,14,15,16,20,22,24,25,26,29,31,34,39,41,42,45,48,50,395,428,:
20:1,3,6,8,11,12,16,17,19,22,24,26,29,31,32,34,35,36,43,46,48,50,75,:
21:2,4,7,13,14,15,18,23,25,28,30,33,37,38,39,40,41,44,47,49,178,179,298,494,:
22:3,5,6,8,11,12,15,16,17,19,20,24,26,29,31,32,34,36,43,45,46,48,50,74,75,76,428,:
23:2,4,7,13,14,15,18,21,25,28,33,37,38,39,40,41,42,44,47,49,148,:
24:3,5,6,8,9,10,11,15,16,17,19,20,22,26,29,31,32,34,41,42,43,45,46,48,50,428,:
25:2,5,7,13,14,15,18,19,21,23,37,38,39,40,41,42,44,45,47,49,271,298,394,395,:
26:6,9,10,11,15,16,17,19,20,22,24,29,32,41,42,43,45,50,:
27:1,12,17,35,36,43,:
28:2,13,21,23,37,38,47,177,178,180,181,185,186,187,188,232,267,268,:
29:3,6,8,10,12,16,17,19,20,22,24,26,32,34,35,36,43,45,46,48,50,357,:
30:4,7,14,18,21,33,39,40,44,47,287,289,409,456,458,483,492,493,494,:
31:5,8,15,16,19,20,22,24,34,39,41,45,48,50,74,75,76,306,392,393,394,395,396,398,426,428,:
32:1,3,6,8,11,12,16,17,20,22,24,26,29,36,43,46,48,50,:
33:4,7,18,21,23,30,38,44,47,49,146,177,179,287,289,458,491,492,493,494,:
34:3,5,6,8,12,16,17,19,20,22,24,29,31,35,43,45,46,48,50,76,336,357,:
35:1,3,12,17,20,27,29,34,36,43,46,:
36:1,3,6,12,17,20,22,27,29,32,35,43,46,:
37:2,13,15,21,23,25,28,38,42,47,49,148,150,151,152,153,188,267,268,269,271,273,:
38:2,7,13,21,23,25,28,33,37,47,49,146,147,148,149,150,151,152,177,178,179,181,186,188,:
39:4,5,14,15,18,19,21,23,25,30,31,40,41,42,44,47,49,297,298,393,394,395,426,427,428,:
40:4,5,14,15,18,21,23,25,30,39,41,44,47,296,297,298,393,394,395,412,:
41:5,9,14,15,16,18,19,21,23,24,25,26,31,39,40,42,44,45,49,50,426,427,428,459,460,:
42:5,9,10,13,14,15,16,19,23,24,25,26,37,39,41,44,45,49,50,150,271,273,:
43:1,3,6,8,10,11,12,16,17,20,22,24,26,27,29,32,34,35,36,46,48,50,:
44:4,7,14,15,18,21,23,25,30,33,39,40,41,42,47,49,426,427,456,458,459,460,:
45:5,8,15,16,19,22,24,25,26,29,31,34,41,42,48,50,76,271,273,306,307,395,:
46:1,3,6,8,12,17,20,22,24,29,32,34,35,36,43,48,50,74,75,76,:
47:2,4,7,13,14,18,21,23,25,28,30,33,37,38,39,40,44,49,177,178,179,232,287,289,298,:
48:3,5,6,8,16,17,19,20,22,24,29,31,32,34,43,45,46,50,74,75,76,428,:
49:2,7,9,13,14,15,18,21,23,25,33,37,38,39,41,42,44,47,147,148,150,458,460,:
50:5,6,8,9,11,15,16,17,19,20,22,24,26,29,31,32,34,41,42,43,45,46,48,426,428,:
51:52,53,54,55,56,57,68,69,324,325,:
52:51,53,54,55,56,68,102,104,105,106,325,:
53:51,52,54,55,56,57,58,68,69,70,325,:
54:51,52,53,55,56,57,58,68,69,70,71,72,73,77,78,325,:
55:51,52,53,54,56,57,68,69,70,71,77,78,83,102,104,109,111,:
56:51,52,53,54,55,57,58,59,68,69,:
57:51,53,54,55,56,58,59,60,61,62,63,68,69,71,72,82,83,84,85,:
58:53,54,56,57,59,60,61,62,63,64,65,66,68,69,72,85,:
59:56,57,58,60,61,62,63,64,65,66,67,69,71,72,85,365,:
60:57,58,59,61,62,63,65,66,67,68,69,70,71,72,77,85,365,366,:
61:57,58,59,60,62,63,64,65,66,67,72,85,366,:
62:57,58,59,60,61,63,64,65,66,67,:
63:57,58,59,60,61,62,64,65,67,:
64:58,59,61,62,63,65,66,67,:
65:58,59,60,61,62,63,64,66,67,85,366,:
66:58,59,60,61,62,64,65,67,72,85,365,366,:
67:59,60,61,62,63,64,65,66,366,:
68:51,52,53,54,55,56,57,58,60,69,70,71,72,73,74,77,78,325,:
69:51,53,54,55,56,57,58,59,60,68,70,71,72,73,324,325,:
70:53,54,55,60,68,69,71,72,73,74,75,76,77,78,79,111,397,:
71:54,55,57,59,60,68,69,70,72,73,74,75,77,78,79,80,81,82,83,85,:
72:54,57,58,59,60,61,66,68,69,70,71,73,74,75,77,78,79,82,85,:
73:54,68,69,70,71,72,74,75,76,77,78,327,334,335,336,396,397,398,:
74:8,22,31,46,48,68,70,71,72,73,75,76,77,335,336,392,396,397,398,:
75:5,8,20,22,31,46,48,70,71,72,73,74,76,77,78,115,396,398,:
76:5,8,22,31,34,45,46,48,70,73,74,75,307,334,335,336,395,396,397,398,:
77:54,55,60,68,70,71,72,73,74,75,78,79,80,81,82,83,84,85,86,87,111,:
78:54,55,68,70,71,72,73,75,77,79,80,81,82,83,84,85,86,109,111,113,114,115,:
79:70,71,72,77,78,80,81,82,83,84,85,86,87,88,:
80:71,77,78,79,81,82,83,84,85,86,87,88,89,90,91,92,95,114,115,:
81:71,77,78,79,80,82,83,86,87,88,89,90,95,101,111,113,114,115,:
82:57,71,72,77,78,79,80,81,83,84,85,86,87,:
83:55,57,71,77,78,79,80,81,82,84,85,86,:
84:57,77,78,79,80,82,83,85,:
85:57,58,59,60,61,65,66,71,72,77,78,79,80,82,83,84,87,:
86:77,78,79,80,81,82,83,87,88,89,90,91,92,93,94,95,:
87:77,79,80,81,82,85,86,88,89,90,91,92,93,:
88:79,80,81,86,87,89,90,91,92,93,94,95,96,101,:
89:80,81,86,87,88,90,91,92,94,95,96,97,98,99,100,101,:
90:80,81,86,87,88,89,91,94,95,96,97,101,:
91:80,86,87,88,89,90,92,93,94,95,101,:
92:80,86,87,88,89,91,93,94,:
93:86,87,88,91,92,94,:
94:86,88,89,90,91,92,93,95,101,424,:
95:80,81,86,88,89,90,91,94,96,97,98,99,100,101,:
96:88,89,90,95,97,98,99,100,101,:
97:89,90,95,96,98,99,100,101,:
98:89,95,96,97,99,100,101,:
99:89,95,96,97,98,100,101,:
100:89,95,96,97,98,99,101,421,423,424,429,:
101:81,88,89,90,91,94,95,96,97,98,99,100,114,115,420,421,423,424,:
102:52,55,103,104,105,106,107,108,109,110,:
103:102,104,105,107,108,109,110,112,:
104:52,55,102,103,105,106,107,108,109,110,:
105:52,102,103,104,106,107,108,:
106:52,102,104,105,107,325,:
107:102,103,104,105,106,108,109,110,111,112,328,386,388,:
108:102,103,104,105,107,109,110,111,112,113,328,388,391,:
109:55,78,102,103,104,107,108,110,111,112,113,114,115,326,328,388,389,390,391,:
110:102,103,104,107,108,109,111,112,113,114,:
111:55,70,77,78,81,107,108,109,110,112,113,114,115,389,390,391,392,:
112:103,107,108,109,110,111,113,114,115,417,421,:
113:78,81,108,109,110,111,112,114,115,417,421,:
114:78,80,81,101,109,110,111,112,113,115,417,418,420,421,422,425,426,:
115:75,78,80,81,101,109,111,112,113,114,420,421,425,426,428,:
116:117,118,119,120,121,122,123,124,125,:
117:116,118,119,120,121,124,:
118:116,117,119,120,121,122,123,124,125,126,:
119:116,117,118,120,121,122,123,124,125,126,127,128,129,491,496,:
120:116,117,118,119,121,122,123,124,125,126,129,486,491,495,496,:
121:116,117,118,119,120,122,123,124,125,479,489,490,491,:
122:116,118,119,120,121,123,124,125,126,288,478,479,490,491,493,:
123:116,118,119,120,121,122,124,125,126,127,128,489,490,491,493,494,496,:
124:116,117,118,119,120,121,122,123,125,126,127,128,129,130,141,142,491,496,:
125:116,118,119,120,121,122,123,124,126,127,128,129,130,141,:
126:118,119,120,122,123,124,125,127,128,129,130,131,141,142,143,491,493,495,496,499,:
127:119,123,124,125,126,128,129,130,133,141,142,143,144,145,146,155,156,179,491,493,496,499,:
128:119,123,124,125,126,127,129,130,141,142,143,144,155,156,172,176,179,:
129:119,120,124,125,126,127,128,130,131,132,133,141,142,496,499,:
130:124,125,126,127,128,129,131,132,133,134,136,141,142,144,145,:
131:126,129,130,132,133,134,135,136,137,138,145,158,159,:
132:129,130,131,133,134,135,136,137,138,139,140,144,145,158,159,505,510,:
133:127,129,130,131,132,134,135,136,138,139,140,141,142,143,144,145,155,158,159,510,:
134:130,131,132,133,135,136,137,138,139,140,145,503,504,505,510,527,:
135:131,132,133,134,136,137,138,139,140,503,504,505,527,:
136:130,131,132,133,134,135,137,138,140,505,:
137:131,132,134,135,136,138,139,140,503,504,505,526,527,:
138:131,132,133,134,135,136,137,139,140,145,503,504,505,509,510,523,524,525,526,527,:
139:132,133,134,135,137,138,140,145,509,510,511,513,514,523,524,527,:
140:132,133,134,135,136,137,138,139,503,504,505,510,523,524,525,526,527,528,:
141:124,125,126,127,128,129,130,133,142,143,144,145,146,147,155,156,179,493,496,499,:
142:124,126,127,128,129,130,133,141,143,144,145,146,491,493,495,496,497,498,499,506,508,510,:
143:126,127,128,133,141,142,144,145,146,147,148,149,155,156,157,176,177,179,499,:
144:127,128,130,132,133,141,142,143,145,146,147,149,155,156,157,158,159,160,161,:
145:127,130,131,132,133,134,138,139,141,142,143,144,146,147,155,156,157,158,159,160,509,510,511,513,:
146:7,33,38,127,141,142,143,144,145,147,148,149,150,151,155,156,179,499,509,511,512,:
147:7,13,38,49,141,143,144,145,146,148,149,150,151,152,155,156,179,511,512,:
148:13,23,37,38,49,143,146,147,149,150,151,152,153,154,511,512,516,:
149:13,38,143,144,146,147,148,150,151,152,153,155,156,161,179,:
150:9,13,37,38,42,49,146,147,148,149,151,152,153,154,512,516,:
151:13,37,38,146,147,148,149,150,152,153,154,161,186,188,221,222,223,:
152:13,37,38,147,148,149,150,151,153,154,221,223,:
153:37,148,149,150,151,152,154,188,217,218,220,221,222,223,272,273,519,:
154:10,148,150,151,152,153,218,220,221,223,272,273,519,:
155:127,128,133,141,143,144,145,146,147,149,156,157,158,159,160,161,195,196,197,:
156:127,128,141,143,144,145,146,147,149,155,157,158,160,161,176,190,194,195,196,197,:
157:143,144,145,155,156,158,159,160,161,162,163,194,195,196,197,:
158:131,132,133,144,145,155,156,157,159,160,161,195,197,:
159:131,132,133,144,145,155,157,158,160,:
160:144,145,155,156,157,158,159,161,162,163,164,517,522,:
161:144,149,151,155,156,157,158,160,162,163,164,222,517,518,520,522,:
162:157,160,161,163,164,194,221,222,520,522,:
163:157,160,161,162,164,194,222,522,:
164:160,161,162,163,194,215,216,217,221,222,223,520,522,:
165:166,167,168,169,170,171,172,:
166:165,167,168,169,170,171,225,:
167:165,166,168,169,170,171,172,173,:
168:165,166,167,169,170,171,172,173,174,175,176,225,:
169:165,166,167,168,170,171,172,173,174,175,224,225,229,231,:
170:165,166,167,168,169,171,172,:
171:165,166,167,168,169,170,172,173,174,175,176,177,180,:
172:128,165,167,168,169,170,171,173,174,175,176,196,:
173:167,168,169,171,172,174,175,176,177,178,179,180,181,182,190,196,231,:
174:168,169,171,172,173,175,176,177,178,180,181,182,183,185,189,190,196,231,:
175:168,169,171,172,173,174,176,180,181,182,183,184,189,190,191,192,196,199,231,:
176:128,143,156,168,171,172,173,174,175,177,178,179,180,181,190,196,:
177:2,7,13,28,33,38,47,143,171,173,174,176,178,179,180,181,289,:
178:2,7,13,21,28,38,47,173,174,176,177,179,180,181,182,186,187,231,232,:
179:2,7,13,21,33,38,47,127,128,141,143,146,147,149,173,176,177,178,181,289,493,494,:
180:28,171,173,174,175,176,177,178,181,182,183,184,185,186,187,189,190,196,231,:
181:2,28,38,173,174,175,176,177,178,179,180,182,183,185,186,187,189,190,196,231,:
182:173,174,175,178,180,181,183,184,185,186,187,188,189,190,191,199,231,:
183:174,175,180,181,182,184,185,186,187,189,190,191,192,194,196,198,199,:
184:175,180,182,183,185,186,189,190,191,192,193,198,199,200,203,204,208,:
185:28,174,180,181,182,183,184,186,187,188,189,190,:
186:2,28,38,151,178,180,181,182,183,184,185,187,188,189,190,:
187:2,28,178,180,181,182,183,185,186,188,205,206,231,249,:
188:2,13,28,37,38,151,153,182,185,186,187,214,215,216,217,264,265,266,269,270,:
189:174,175,180,181,182,183,184,185,186,190,191,192,193,194,195,196,199,:
190:156,173,174,175,176,180,181,182,183,184,185,186,189,191,192,194,195,196,197,:
191:175,182,183,184,189,190,192,193,194,195,196,197,199,:
192:175,183,184,189,190,191,193,194,195,196,198,199,:
193:184,189,191,192,194,198,199,202,:
194:156,157,162,163,164,183,189,190,191,192,193,195,196,197,:
195:155,156,157,158,189,190,191,192,194,196,197,:
196:155,156,157,172,173,174,175,176,180,181,183,189,190,191,192,194,195,197,:
197:155,156,157,158,190,191,194,195,196,:
198:183,184,192,193,199,200,201,202,203,204,:
199:175,182,183,184,189,191,192,193,198,200,201,202,203,204,:
200:184,198,199,201,202,203,204,208,:
201:198,199,200,202,203,204,208,:
202:193,198,199,200,201,203,208,:
203:184,198,199,200,201,202,204,205,207,208,209,210,:
204:184,198,199,200,201,203,205,206,:
205:187,203,204,206,209,210,211,:
206:187,204,205,228,231,242,:
207:203,208,209,210,211,212,213,:
208:184,200,201,202,203,207,209,210,212,213,:
209:203,205,207,208,210,211,212,213,214,:
210:203,205,207,208,209,211,212,213,:
211:205,207,209,210,212,:
212:207,208,209,210,211,213,214,215,263,:
213:207,208,209,210,212,214,215,216,217,219,:
214:188,209,212,213,215,216,217,218,219,220,221,222,:
215:164,188,212,213,214,216,217,218,219,220,221,222,223,:
216:164,188,213,214,215,217,218,219,221,222,223,:
217:153,164,188,213,214,215,216,218,219,220,221,222,223,521,:
218:153,154,214,215,216,217,219,220,221,222,223,270,272,:
219:213,214,215,216,217,218,220,221,223,270,272,:
220:153,154,214,215,217,218,219,221,222,223,270,272,521,:
221:151,152,153,154,162,164,214,215,216,217,218,219,220,222,223,520,521,522,:
222:151,153,161,162,163,164,214,215,216,217,218,220,221,223,520,521,522,:
223:151,152,153,154,164,215,216,217,218,219,220,221,222,518,519,520,521,522,:
224:169,225,226,227,228,229,230,231,233,234,275,:
225:166,168,169,224,226,227,228,229,231,:
226:224,225,227,228,229,230,231,232,233,234,235,275,278,:
227:224,225,226,228,229,230,231,233,234,235,236,237,238,240,278,:
228:206,224,225,226,227,229,231,233,234,235,238,240,:
229:169,224,225,226,227,228,230,231,232,233,234,278,282,286,:
230:224,226,227,229,231,232,233,234,278,282,295,:
231:169,173,174,175,178,180,181,182,187,206,224,225,226,227,228,229,230,232,233,:
232:2,28,47,178,226,229,230,231,282,285,287,289,295,296,298,:
233:224,226,227,228,229,230,231,234,235,236,237,238,239,240,241,242,278,:
234:224,226,227,228,229,230,233,235,236,237,238,240,241,275,277,278,291,:
235:226,227,228,233,234,236,237,238,239,240,241,242,243,278,:
236:227,233,234,235,237,238,239,240,241,242,243,244,245,246,247,291,:
237:227,233,234,235,236,238,241,242,243,244,278,290,291,:
238:227,228,233,234,235,236,237,239,240,241,242,:
239:233,235,236,238,240,241,242,245,:
240:227,228,233,234,235,236,238,239,:
241:233,234,235,236,237,238,239,242,243,244,245,246,247,248,249,:
242:206,233,235,236,237,238,239,241,243,244,245,246,247,249,:
243:235,236,237,241,242,244,245,246,247,248,249,291,:
244:236,237,241,242,243,245,246,247,:
245:236,239,241,242,243,244,246,:
246:236,241,242,243,244,245,247,248,249,:
247:236,241,242,243,244,246,248,249,265,268,:
248:241,243,246,247,249,268,294,295,304,305,:
249:187,241,242,243,246,247,248,265,267,268,:
250:251,252,253,254,255,256,257,258,259,:
251:250,252,253,254,255,257,258,:
252:250,251,253,254,255,256,257,258,259,260,356,358,:
253:250,251,252,254,255,256,257,258,259,260,261,262,263,356,358,:
254:250,251,252,253,255,258,259,260,261,262,356,358,:
255:250,251,252,253,254,256,257,258,259,:
256:250,252,253,255,257,258,259,265,307,359,:
257:250,251,252,253,255,256,259,333,:
258:250,251,252,253,254,255,256,259,260,261,262,263,264,265,266,358,:
259:250,252,253,254,255,256,257,258,260,261,263,264,265,266,:
260:252,253,254,258,259,261,262,263,264,265,266,270,:
261:253,254,258,259,260,262,263,264,:
262:253,254,258,260,261,263,:
263:212,253,258,259,260,261,262,264,265,266,267,269,270,:
264:188,258,259,260,261,263,265,266,267,268,269,270,271,272,:
265:188,247,249,256,258,259,260,263,264,266,267,268,269,270,271,:
266:188,258,259,260,263,264,265,267,268,269,270,271,272,273,359,:
267:28,37,249,263,264,265,266,268,269,270,271,273,305,306,307,:
268:2,28,37,247,248,249,264,265,266,267,269,271,305,306,307,:
269:37,188,263,264,265,266,267,268,270,271,272,273,359,:
270:188,218,219,220,260,263,264,265,266,267,269,271,272,273,358,359,:
271:13,15,25,37,42,45,264,265,266,267,268,269,270,272,273,307,359,:
272:153,154,218,219,220,264,266,269,270,271,273,358,359,:
273:16,37,42,45,153,154,266,267,269,270,271,272,359,:
274:275,276,277,278,279,280,374,:
275:224,226,234,274,276,277,278,279,:
276:274,275,277,278,279,280,281,282,374,377,:
277:234,274,275,276,278,279,280,281,290,377,:
278:226,227,229,230,233,234,235,237,274,275,276,277,279,280,281,290,291,:
279:274,275,276,277,278,280,281,282,283,285,286,:
280:274,276,277,278,279,281,282,283,284,285,286,287,288,480,:
281:276,277,278,279,280,282,283,284,285,286,287,377,381,413,414,:
282:229,230,232,276,279,280,281,283,284,285,286,287,288,289,478,480,:
283:279,280,281,282,284,285,286,287,289,295,412,413,414,480,483,:
284:280,281,282,283,285,287,295,296,297,407,410,411,412,413,414,483,:
285:232,279,280,281,282,283,284,286,287,288,289,478,480,483,:
286:229,279,280,281,282,283,285,287,288,289,478,479,480,:
287:4,30,33,47,232,280,281,282,283,284,285,286,288,289,478,480,481,483,:
288:122,280,282,285,286,287,289,478,479,480,:
289:30,33,47,177,179,232,282,283,285,286,287,288,478,479,480,483,493,494,:
290:237,277,278,291,292,293,294,295,296,299,300,:
291:234,236,237,243,278,290,292,293,294,295,:
292:290,291,293,294,295,296,297,298,299,300,301,309,:
293:290,291,292,294,295,296,297,298,299,300,301,302,304,305,308,309,:
294:248,290,291,292,293,295,299,300,301,302,303,304,305,308,309,310,313,:
295:230,232,248,283,284,290,291,292,293,294,296,297,298,299,300,:
296:14,40,232,284,290,292,293,295,297,298,299,300,305,393,394,414,:
297:14,39,40,284,292,293,295,296,298,299,300,387,389,390,392,393,394,395,412,414,:
298:2,14,21,25,39,40,47,232,292,293,295,296,297,299,300,305,306,393,394,395,:
299:290,292,293,294,295,296,297,298,300,301,302,303,304,305,306,308,309,390,392,396,:
300:290,292,293,294,295,296,297,298,299,301,302,304,305,306,308,309,387,389,390,391,392,393,394,395,396,397,398,:
301:292,293,294,299,300,302,303,304,305,306,308,309,310,320,327,330,392,396,397,398,:
302:293,294,299,300,301,303,304,305,308,309,310,311,313,319,320,327,329,330,397,:
303:294,299,301,302,304,308,309,310,311,313,319,320,327,329,330,331,334,:
304:248,293,294,299,300,301,302,303,305,306,307,308,309,:
305:248,267,268,293,294,296,298,299,300,301,302,304,306,307,:
306:5,31,45,267,268,298,299,300,301,304,305,307,336,392,393,395,396,398,:
307:45,76,256,267,268,271,304,305,306,334,335,336,357,359,398,:
308:293,294,299,300,301,302,303,304,309,310,311,312,313,314,315,319,320,326,327,330,:
309:292,293,294,299,300,301,302,303,304,308,310,311,313,314,315,316,319,320,326,327,328,387,391,:
310:294,301,302,303,308,309,311,312,313,314,315,316,319,320,321,330,:
311:302,303,308,309,310,312,313,314,315,319,320,321,322,324,:
312:308,310,311,313,314,315,319,320,321,322,323,:
313:294,302,303,308,309,310,311,312,314,315,316,317,318,319,320,:
314:308,309,310,311,312,313,315,316,317,318,383,:
315:308,309,310,311,312,313,314,316,317,318,319,382,383,384,385,387,:
316:309,310,313,314,315,317,318,383,:
317:313,314,315,316,318,382,383,:
318:313,314,315,316,317,:
319:302,303,308,309,310,311,312,313,315,320,321,322,323,324,325,326,327,328,329,330,:
320:301,302,303,308,309,310,311,312,313,319,321,322,324,325,326,327,328,329,330,397,:
321:310,311,312,319,320,322,323,324,325,326,327,:
322:311,312,319,320,321,323,324,325,:
323:312,319,321,322,324,:
324:51,69,311,319,320,321,322,323,325,326,327,328,:
325:51,52,53,54,68,69,106,319,320,321,322,324,326,327,328,391,397,:
326:109,308,309,319,320,321,324,325,327,328,390,391,392,396,397,:
327:73,301,302,303,308,309,319,320,321,324,325,326,328,329,330,334,390,391,392,396,397,398,:
328:107,108,109,309,319,320,324,325,326,327,387,388,389,390,391,392,396,397,:
329:302,303,319,320,327,330,331,332,333,334,335,337,338,:
330:301,302,303,308,310,319,320,327,329,331,332,333,334,:
331:303,329,330,332,333,334,335,336,337,338,339,364,:
332:329,330,331,333,334,335,336,337,338,339,340,341,342,364,:
333:257,329,330,331,332,334,335,337,338,339,342,:
334:73,76,303,307,327,329,330,331,332,333,335,336,337,338,396,397,398,:
335:73,74,76,307,329,331,332,333,334,336,337,338,398,:
336:8,34,73,74,76,306,307,331,332,334,335,396,397,398,:
337:329,331,332,333,334,335,338,339,340,341,342,343,348,349,363,364,:
338:329,331,332,333,334,335,337,339,340,341,342,348,362,363,364,365,:
339:331,332,333,337,338,340,341,342,343,344,345,348,349,350,364,:
340:332,337,338,339,341,342,343,344,348,349,350,351,353,355,:
341:332,337,338,339,340,342,348,349,350,351,362,363,364,365,367,:
342:332,333,337,338,339,340,341,343,344,345,346,347,348,349,363,364,:
343:337,339,340,342,344,345,346,347,348,349,:
344:339,340,342,343,345,346,347,348,349,:
345:339,342,343,344,346,347,:
346:342,343,344,345,347,:
347:342,343,344,345,346,:
348:337,338,339,340,341,342,343,344,349,350,351,352,353,354,355,:
349:337,339,340,341,342,343,344,348,350,351,353,354,355,:
350:339,340,341,348,349,351,352,353,354,355,356,:
351:340,341,348,349,350,352,353,354,370,:
352:348,350,351,353,369,370,371,:
353:340,348,349,350,351,352,354,355,356,357,358,:
354:348,349,350,351,353,355,356,357,358,359,:
355:340,348,349,350,353,354,356,357,358,359,:
356:252,253,254,350,353,354,355,357,358,359,:
357:3,29,34,307,353,354,355,356,358,359,:
358:252,253,254,258,270,272,353,354,355,356,357,359,:
359:256,266,269,270,271,272,273,307,354,355,356,357,358,:
360:361,362,363,364,365,366,367,:
361:360,362,363,365,366,367,371,:
362:338,341,360,361,363,364,365,366,367,:
363:337,338,341,342,360,361,362,364,365,366,:
364:331,332,337,338,339,341,342,360,362,363,365,:
365:59,60,66,338,341,360,361,362,363,364,366,367,368,:
366:60,61,65,66,67,360,361,362,363,365,367,368,369,371,:
367:341,360,361,362,365,366,368,369,370,371,372,:
368:365,366,367,369,370,371,372,:
369:352,366,367,368,370,371,372,:
370:351,352,367,368,369,371,372,:
371:352,361,366,367,368,369,370,372,:
372:367,368,369,370,371,:
373:374,375,376,377,378,379,:
374:274,276,373,375,376,377,378,:
375:373,374,376,377,378,379,380,381,:
376:373,374,375,377,378,379,380,:
377:276,277,281,373,374,375,376,378,379,:
378:373,374,375,376,377,379,380,381,:
379:373,375,376,377,378,380,381,411,:
380:375,376,378,379,381,399,400,:
381:281,375,378,379,380,411,478,480,:
382:315,317,383,384,385,386,387,388,413,:
383:314,315,316,317,382,384,385,387,413,:
384:315,382,383,385,386,387,388,389,413,:
385:315,382,383,384,386,387,388,:
386:107,382,384,385,387,388,:
387:297,300,309,315,328,382,383,384,385,386,388,389,390,391,413,414,:
388:107,108,109,328,382,384,385,386,387,389,390,391,392,394,414,:
389:109,111,297,300,328,384,387,388,390,391,392,393,394,395,396,397,412,414,:
390:109,111,297,299,300,326,327,328,387,388,389,391,392,393,394,395,396,397,398,:
391:108,109,111,300,309,325,326,327,328,387,388,389,390,392,393,394,396,397,398,:
392:5,31,74,111,297,299,300,301,306,326,327,328,388,389,390,391,393,394,395,396,397,398,:
393:5,14,31,39,40,296,297,298,300,306,389,390,391,392,394,395,396,397,398,:
394:5,14,25,31,39,40,296,297,298,300,388,389,390,391,392,393,395,396,398,412,427,:
395:5,14,15,19,25,31,39,40,45,76,297,298,300,306,389,390,392,393,394,396,397,398,428,:
396:31,73,74,75,76,299,300,301,306,326,327,328,334,336,389,390,391,392,393,394,395,397,398,:
397:70,73,74,76,300,301,302,320,325,326,327,328,334,336,389,390,391,392,393,395,396,398,:
398:5,31,73,74,75,76,300,301,306,307,327,334,335,336,390,391,392,393,394,395,396,397,:
399:380,400,401,402,403,404,405,407,411,:
400:380,399,401,402,403,404,405,407,411,413,:
401:399,400,402,403,404,405,406,407,411,416,:
402:399,400,401,403,404,405,406,407,415,416,:
403:399,400,401,402,404,405,407,411,415,416,:
404:399,400,401,402,403,405,406,407,408,410,411,416,482,:
405:399,400,401,402,403,404,406,407,408,409,410,411,412,413,415,416,481,482,483,:
406:401,402,404,405,407,408,409,410,411,412,415,416,417,419,446,447,481,482,483,:
407:284,399,400,401,402,403,404,405,406,408,409,410,411,412,413,414,416,481,482,483,:
408:4,404,405,406,407,409,410,411,412,414,415,416,417,418,419,447,448,481,482,483,:
409:4,30,405,406,407,408,410,412,415,416,417,418,419,427,446,447,448,481,482,483,:
410:284,404,405,406,407,408,409,411,412,413,414,416,481,482,483,:
411:284,379,381,399,400,401,403,404,405,406,407,408,410,412,413,414,:
412:4,40,283,284,297,389,394,405,406,407,408,409,410,411,413,414,483,:
413:281,283,284,382,383,384,387,400,405,407,410,411,412,414,:
414:281,283,284,296,297,387,388,389,407,408,410,411,412,413,:
415:402,403,405,406,408,409,416,417,418,419,420,421,:
416:401,402,403,404,405,406,407,408,409,410,415,417,418,419,:
417:112,113,114,406,408,409,415,416,418,419,420,421,422,:
418:114,408,409,415,416,417,419,420,421,422,423,425,427,429,430,:
419:406,408,409,415,416,417,418,420,421,422,423,429,430,441,446,448,:
420:101,114,115,415,417,418,419,421,422,423,424,425,426,427,429,430,:
421:100,101,112,113,114,115,415,417,418,419,420,422,423,424,425,426,427,428,429,430,:
422:114,417,418,419,420,421,423,424,425,426,427,428,429,430,431,457,:
423:100,101,418,419,420,421,422,424,425,426,429,430,431,432,433,434,:
424:94,100,101,420,421,422,423,425,429,430,431,432,433,:
425:114,115,418,420,421,422,423,424,426,427,428,429,457,459,:
426:5,31,39,41,44,50,114,115,420,421,422,423,425,427,428,457,459,:
427:4,5,14,18,39,41,44,394,409,418,420,421,422,425,426,428,457,459,:
428:5,15,19,22,24,31,39,41,48,50,115,395,421,422,425,426,427,:
429:100,418,419,420,421,422,423,424,425,430,431,432,433,434,435,436,450,454,:
430:418,419,420,421,422,423,424,429,431,432,433,434,435,436,437,448,450,454,:
431:422,423,424,429,430,432,433,434,435,436,437,450,:
432:423,424,429,430,431,433,434,435,436,449,450,462,:
433:423,424,429,430,431,432,434,435,436,449,450,451,452,454,461,462,463,466,:
434:423,429,430,431,432,433,435,436,437,438,439,450,:
435:429,430,431,432,433,434,436,437,438,439,441,444,449,450,:
436:429,430,431,432,433,434,435,437,438,439,441,444,445,449,450,451,454,:
437:430,431,434,435,436,438,439,440,441,444,450,:
438:434,435,436,437,439,440,441,442,443,444,445,450,:
439:434,435,436,437,438,441,444,:
440:437,438,441,442,443,444,445,446,447,:
441:419,435,436,437,438,439,440,442,443,444,445,446,447,448,:
442:438,440,441,443,444,445,446,447,448,471,485,:
443:438,440,441,442,444,445,446,471,485,:
444:435,436,437,438,439,440,441,442,443,445,:
445:436,438,440,441,442,443,444,446,447,448,450,485,488,:
446:406,409,419,440,441,442,443,445,447,448,482,489,490,492,:
447:406,408,409,440,441,442,445,446,448,475,476,477,481,482,483,489,490,492,:
448:408,409,419,430,441,442,445,446,447,454,455,456,482,492,:
449:432,433,435,436,450,451,452,453,454,455,461,462,:
450:429,430,431,432,433,434,435,436,437,438,445,449,451,452,454,461,462,:
451:433,436,449,450,452,453,454,455,456,457,461,462,463,488,506,507,:
452:433,449,450,451,453,454,455,456,457,461,462,463,464,465,466,506,507,:
453:449,451,452,454,455,461,462,463,464,465,497,498,502,506,507,508,531,533,:
454:429,430,433,436,448,449,450,451,452,453,455,456,457,458,459,461,462,:
455:448,449,451,452,453,454,456,457,458,459,460,461,462,506,507,:
456:30,44,448,451,452,454,455,457,458,459,460,492,494,498,499,506,507,508,:
457:422,425,426,427,451,452,454,455,456,458,459,460,461,462,:
458:4,7,18,30,33,44,49,454,455,456,457,459,460,492,494,499,506,508,:
459:9,41,44,425,426,427,454,455,456,457,458,460,:
460:7,9,18,41,44,49,455,456,457,458,459,508,:
461:433,449,450,451,452,453,454,455,457,462,463,464,465,466,507,:
462:432,433,449,450,451,452,453,454,455,457,461,463,464,465,466,:
463:433,451,452,453,461,462,464,465,466,533,536,:
464:452,453,461,462,463,465,466,:
465:452,453,461,462,463,464,466,:
466:433,452,461,462,463,464,465,536,:
467:468,469,470,471,472,473,:
468:467,469,470,471,472,:
469:467,468,470,471,472,473,474,:
470:467,468,469,471,472,473,484,485,:
471:442,443,467,468,469,470,472,473,484,485,:
472:467,468,469,470,471,473,474,475,476,:
473:467,469,470,471,472,474,475,476,477,479,:
474:469,472,473,475,476,477,478,479,480,481,482,:
475:447,472,473,474,476,477,478,479,480,481,482,483,489,:
476:447,472,473,474,475,477,478,479,481,482,483,489,:
477:447,473,474,475,476,478,479,480,481,482,483,:
478:122,282,285,286,287,288,289,381,474,475,476,477,479,480,481,482,483,:
479:121,122,286,288,289,473,474,475,476,477,478,480,481,483,:
480:280,282,283,285,286,287,288,289,381,474,475,477,478,479,481,482,483,:
481:287,405,406,407,408,409,410,447,474,475,476,477,478,479,480,482,483,490,492,:
482:404,405,406,407,408,409,410,446,447,448,474,475,476,477,478,480,481,483,489,492,:
483:4,30,283,284,285,287,289,405,406,407,408,409,410,412,447,475,476,477,478,479,480,481,482,492,:
484:470,471,485,486,487,488,489,490,495,496,:
485:442,443,445,470,471,484,486,487,488,489,495,:
486:120,484,485,487,488,489,490,491,492,495,496,497,:
487:484,485,486,488,489,490,491,492,495,496,497,498,499,500,:
488:445,451,484,485,486,487,489,490,495,496,497,498,500,:
489:121,123,446,447,475,476,482,484,485,486,487,488,490,491,492,493,494,495,496,:
490:121,122,123,446,447,481,484,486,487,488,489,491,492,493,494,495,496,:
491:33,119,120,121,122,123,124,126,127,142,486,487,489,490,492,493,494,495,496,499,:
492:4,30,33,446,447,448,456,458,481,482,483,486,487,489,490,491,493,494,495,496,:
493:7,30,33,122,123,126,127,141,142,179,289,489,490,491,492,494,496,499,:
494:4,7,18,21,30,33,123,179,289,456,458,489,490,491,492,493,496,:
495:120,126,142,484,485,486,487,488,489,490,491,492,496,497,498,499,500,501,506,507,:
496:119,120,123,124,126,127,129,141,142,484,486,487,488,489,490,491,492,493,494,495,497,498,499,500,506,:
497:142,453,486,487,488,495,496,498,499,500,501,502,503,506,507,508,:
498:142,453,456,487,488,495,496,497,499,500,501,502,506,507,508,509,510,:
499:126,127,129,141,142,143,146,456,458,487,491,493,495,496,497,498,500,506,507,508,509,510,:
500:487,488,495,496,497,498,499,501,502,503,504,505,506,507,:
501:495,497,498,500,502,503,504,505,506,507,510,:
502:453,497,498,500,501,503,504,505,506,507,510,528,531,:
503:134,135,137,138,140,497,500,501,502,504,505,527,:
504:134,135,137,138,140,500,501,502,503,505,525,526,527,528,:
505:132,134,135,136,137,138,140,500,501,502,503,504,:
506:142,451,452,453,455,456,458,495,496,497,498,499,500,501,502,507,508,509,510,511,512,531,:
507:451,452,453,455,456,461,495,497,498,499,500,501,502,506,508,509,510,531,:
508:142,453,456,458,460,497,498,499,506,507,509,510,511,512,513,531,533,:
509:138,139,145,146,498,499,506,507,508,510,511,512,513,514,515,516,524,531,533,:
510:132,133,134,138,139,140,142,145,498,499,501,502,506,507,508,509,511,512,513,514,515,523,524,531,:
511:139,145,146,147,148,506,508,509,510,512,513,514,515,516,517,524,531,533,:
512:146,147,148,150,506,508,509,510,511,513,514,515,516,533,:
513:139,145,508,509,510,511,512,514,515,516,517,518,524,:
514:139,509,510,511,512,513,515,516,517,523,524,:
515:509,510,511,512,513,514,516,517,523,524,529,531,533,534,:
516:148,150,509,511,512,513,514,515,517,518,519,520,522,:
517:160,161,511,513,514,515,516,518,519,520,521,522,:
518:161,223,513,516,517,519,520,521,522,:
519:153,154,223,516,517,518,520,521,522,:
520:161,162,164,221,222,223,516,517,518,519,521,522,:
521:217,220,221,222,223,517,518,519,520,522,:
522:160,161,162,163,164,221,222,223,516,517,518,519,520,521,:
523:138,139,140,510,514,515,524,525,526,527,528,529,530,531,:
524:138,139,140,509,510,511,513,514,515,523,525,526,527,528,529,530,531,533,:
525:138,140,504,523,524,526,527,528,529,530,531,:
526:137,138,140,504,523,524,525,527,528,529,:
527:134,135,137,138,139,140,503,504,523,524,525,526,528,:
528:140,502,504,523,524,525,526,527,529,530,531,532,533,:
529:515,523,524,525,526,528,530,531,532,533,534,:
530:523,524,525,528,529,531,532,533,534,535,:
531:453,502,506,507,508,509,510,511,515,523,524,525,528,529,530,532,533,534,535,536,:
532:528,529,530,531,533,534,535,536,:
533:453,463,508,509,511,512,515,524,528,529,530,531,532,534,535,536,:
534:515,529,530,531,532,533,535,536,:
535:530,531,532,533,534,536,:
536:463,466,531,532,533,534,535,:
