1:3,6,9,12,17,20,27,29,32,35,36,43,46,92,93,:
2:7,13,21,23,25,28,37,38,47,49,188,189,190,192,197,198,199,243,279,318,:
3:1,6,8,12,17,20,22,27,29,32,34,35,36,43,46,48,72,74,75,:
4:7,14,18,21,23,30,33,39,40,44,47,298,438,441,456,496,521,530,532,:
5:8,14,15,16,19,20,22,24,25,31,34,39,41,42,45,48,50,75,76,326,421,422,423,424,427,455,456,457,:
6:1,3,8,9,11,12,16,17,20,22,24,26,27,29,32,34,35,43,46,48,50,:
7:2,4,13,14,18,21,23,25,30,33,38,44,47,49,157,158,188,189,190,300,496,531,532,:
8:3,5,6,16,17,19,20,22,24,29,31,32,34,43,45,46,48,50,74,75,76,356,:
9:1,6,10,11,16,20,22,24,26,27,32,46,50,:
10:9,11,15,16,19,24,26,32,41,42,49,50,161,497,498,:
11:6,9,10,16,24,26,32,42,50,:
12:1,3,6,17,20,22,27,29,32,35,36,43,46,48,86,87,92,93,:
13:2,7,15,18,21,23,25,28,33,37,38,42,47,49,158,159,160,161,162,163,188,189,190,199,282,:
14:4,5,7,15,18,19,21,23,25,30,33,39,40,41,42,44,47,49,316,317,318,422,423,424,456,:
15:5,10,13,14,16,18,19,21,22,23,24,25,26,31,37,39,40,41,42,44,45,48,49,50,282,424,457,:
16:5,6,8,9,10,11,15,19,20,22,24,26,31,32,34,41,42,45,46,48,50,284,:
17:1,3,6,8,12,20,22,24,27,29,31,32,34,35,36,43,46,48,50,74,75,:
18:4,7,13,14,15,21,23,25,30,33,39,40,41,44,47,49,318,456,496,498,532,:
19:5,8,10,14,15,16,20,22,24,25,26,31,34,39,41,42,45,46,48,50,282,424,457,:
20:1,3,5,6,8,9,12,16,17,19,22,24,26,27,29,31,32,34,35,36,43,46,48,50,75,457,:
21:2,4,7,13,14,15,18,23,25,28,30,33,37,38,39,40,41,44,47,49,189,190,318,532,:
22:3,5,6,8,9,12,15,16,17,19,20,24,26,29,31,32,34,41,43,45,46,48,50,74,75,76,457,:
23:2,4,7,13,14,15,18,21,25,28,33,37,38,39,40,41,42,44,47,49,159,:
24:5,6,8,9,10,11,15,16,17,19,20,22,26,31,32,34,41,42,43,45,46,48,50,457,:
25:2,5,7,13,14,15,18,19,21,23,31,37,38,39,40,41,42,44,45,47,49,282,318,423,424,:
26:6,9,10,11,15,16,19,20,22,24,32,34,41,42,45,46,50,:
27:1,3,6,9,12,17,20,29,32,35,36,43,46,:
28:2,13,21,23,37,38,47,188,189,191,192,196,197,198,199,243,278,279,:
29:1,3,6,8,12,17,20,22,27,32,34,35,36,43,46,48,:
30:4,7,14,18,21,33,39,40,44,47,298,300,438,494,496,521,530,531,532,:
31:5,8,15,16,17,19,20,22,24,25,34,39,41,43,45,46,48,50,74,75,76,326,421,422,423,424,425,427,455,457,:
32:1,3,6,8,9,10,11,12,16,17,20,22,24,26,27,29,34,46,48,50,:
33:4,7,13,14,18,21,23,30,38,44,47,49,157,188,190,298,300,496,529,530,531,532,:
34:3,5,6,8,16,17,19,20,22,24,26,29,31,32,43,45,46,48,50,76,:
35:1,3,6,12,17,20,27,29,36,43,46,79,86,87,92,93,:
36:1,3,12,17,20,27,29,35,43,46,48,79,80,86,87,88,91,92,93,:
37:2,13,15,21,23,25,28,38,42,47,49,159,161,162,163,164,165,197,199,278,279,280,282,284,:
38:2,7,13,21,23,25,28,33,37,47,49,157,158,159,160,161,162,163,188,189,190,192,197,:
39:4,5,14,15,18,19,21,23,25,30,31,40,41,44,47,316,317,318,421,422,423,424,455,456,457,:
40:4,14,15,18,21,23,25,30,39,41,44,47,315,316,317,318,422,423,424,441,:
41:5,10,14,15,16,18,19,21,22,23,24,25,26,31,39,40,42,44,45,48,49,50,455,456,457,497,498,:
42:5,10,11,13,14,15,16,19,23,24,25,26,37,41,44,45,49,50,161,282,284,498,:
43:1,3,6,8,12,17,20,22,24,27,29,31,34,35,36,46,48,71,72,74,75,76,77,79,457,:
44:4,7,14,15,18,21,23,25,30,33,39,40,41,42,47,49,455,456,494,496,497,498,:
45:5,8,15,16,19,22,24,25,26,31,34,41,42,48,50,282,284,326,327,424,:
46:1,3,6,8,9,12,16,17,19,20,22,24,26,27,29,31,32,34,35,36,43,48,50,457,:
47:2,4,7,13,14,18,21,23,25,28,30,33,37,38,39,40,44,49,188,189,190,243,298,300,318,:
48:3,5,6,8,12,15,16,17,19,20,22,24,29,31,32,34,36,41,43,45,46,50,74,75,76,424,455,457,:
49:2,7,10,13,14,15,18,21,23,25,33,37,38,41,42,44,47,158,159,161,496,498,:
50:5,6,8,9,10,11,15,16,17,19,20,22,24,26,31,32,34,41,42,45,46,48,455,457,497,:
51:52,53,54,55,56,57,68,69,115,345,:
52:51,53,54,55,56,68,113,115,116,117,345,:
53:51,52,54,55,56,57,58,68,69,70,345,:
54:51,52,53,55,56,57,58,68,69,70,71,72,73,77,78,345,:
55:51,52,53,54,56,57,68,69,70,71,77,78,85,113,115,119,120,122,:
56:51,52,53,54,55,57,58,59,68,69,:
57:51,53,54,55,56,58,59,60,61,62,63,68,69,71,72,82,85,:
58:53,54,56,57,59,60,61,62,63,64,65,66,68,69,72,:
59:56,57,58,60,61,62,63,64,65,66,67,69,71,72,394,:
60:57,58,59,61,62,63,65,66,67,68,69,70,71,72,77,82,394,395,:
61:57,58,59,60,62,63,64,65,66,67,72,388,395,:
62:57,58,59,60,61,63,64,65,66,67,383,384,385,386,388,:
63:57,58,59,60,61,62,64,65,67,383,384,385,:
64:58,59,61,62,63,65,66,67,383,384,385,386,388,:
65:58,59,60,61,62,63,64,66,67,388,395,:
66:58,59,60,61,62,64,65,67,72,395,:
67:59,60,61,62,63,64,65,66,386,388,395,:
68:51,52,53,54,55,56,57,58,60,69,70,71,72,73,74,77,78,345,:
69:51,53,54,55,56,57,58,59,60,68,70,71,72,73,344,345,:
70:53,54,55,60,68,69,71,72,73,74,75,76,77,78,79,122,426,:
71:43,54,55,57,59,60,68,69,70,72,73,74,75,77,78,79,80,81,82,85,:
72:3,43,54,57,58,59,60,61,66,68,69,70,71,73,74,75,77,78,79,82,:
73:54,68,69,70,71,72,74,75,76,77,78,347,354,355,356,425,426,427,:
74:3,8,17,22,31,43,48,68,70,71,72,73,75,76,77,355,356,421,425,426,427,:
75:3,5,8,17,20,22,31,43,48,70,71,72,73,74,76,77,78,122,126,421,424,425,426,427,:
76:5,8,22,31,34,43,48,70,73,74,75,326,327,354,355,356,424,425,426,427,:
77:43,54,55,60,68,70,71,72,73,74,75,78,79,80,81,82,83,84,85,86,87,122,126,:
78:54,55,68,70,71,72,73,75,77,79,80,81,82,85,86,120,122,124,125,126,:
79:35,36,43,70,71,72,77,78,80,81,82,83,84,85,86,87,88,:
80:36,71,77,78,79,81,82,83,84,85,86,87,88,89,90,91,95,125,126,:
81:71,77,78,79,80,82,83,84,85,86,87,88,89,90,95,101,122,123,124,125,126,:
82:57,60,71,72,77,78,79,80,81,83,84,85,86,87,388,:
83:77,79,80,81,82,84,85,86,87,388,:
84:77,79,80,81,82,83,85,86,87,88,89,90,91,388,:
85:55,57,71,77,78,79,80,81,82,83,84,86,87,388,:
86:12,35,36,77,78,79,80,81,82,83,84,85,87,88,89,90,91,92,93,94,95,:
87:12,35,36,77,79,80,81,82,83,84,85,86,88,89,90,91,92,93,:
88:36,79,80,81,84,86,87,89,90,91,92,93,94,95,96,101,:
89:80,81,84,86,87,88,90,91,92,94,95,96,97,98,99,100,101,102,103,:
90:80,81,84,86,87,88,89,91,94,95,96,97,101,102,103,107,108,109,110,111,:
91:36,80,84,86,87,88,89,90,92,93,94,95,101,110,112,:
92:1,12,35,36,86,87,88,89,91,93,94,:
93:1,12,35,36,86,87,88,91,92,94,:
94:86,88,89,90,91,92,93,95,97,101,112,453,:
95:80,81,86,88,89,90,91,94,96,97,98,99,100,101,102,103,:
96:88,89,90,95,97,98,99,100,101,102,103,104,:
97:89,90,94,95,96,98,99,100,101,102,103,104,105,106,107,:
98:89,95,96,97,99,100,101,102,103,104,105,107,:
99:89,95,96,97,98,100,101,102,103,:
100:89,95,96,97,98,99,101,123,125,450,:
101:81,88,89,90,91,94,95,96,97,98,99,100,125,126,449,450,452,453,:
102:89,90,95,96,97,98,99,103,104,105,106,107,108,109,110,:
103:89,90,95,96,97,98,99,102,104,105,106,107,108,109,110,:
104:96,97,98,102,103,105,106,107,108,109,110,:
105:97,98,102,103,104,106,107,108,109,:
106:97,102,103,104,105,107,108,109,:
107:90,97,98,102,103,104,105,106,108,109,110,111,112,:
108:90,102,103,104,105,106,107,109,110,111,112,:
109:90,102,103,104,105,106,107,108,110,111,112,:
110:90,91,102,103,104,107,108,109,111,112,:
111:90,107,108,109,110,112,:
112:91,94,107,108,109,110,111,:
113:52,55,114,115,116,117,118,119,120,121,:
114:113,115,116,118,119,120,121,123,:
115:51,52,55,113,114,116,117,118,119,120,121,:
116:52,113,114,115,117,118,119,:
117:52,113,115,116,118,345,:
118:113,114,115,116,117,119,120,121,122,123,348,415,417,:
119:55,113,114,115,116,118,120,121,122,123,124,348,417,420,:
120:55,78,113,114,115,118,119,121,122,123,124,125,126,346,348,417,418,419,420,:
121:113,114,115,118,119,120,122,123,124,125,:
122:55,70,75,77,78,81,118,119,120,121,123,124,125,126,418,419,420,421,:
123:81,100,114,118,119,120,121,122,124,125,126,446,450,:
124:78,81,119,120,121,122,123,125,126,446,449,450,:
125:78,80,81,100,101,120,121,122,123,124,126,446,447,449,450,451,454,455,:
126:75,77,78,80,81,101,120,122,123,124,125,449,450,454,455,457,:
127:128,129,130,131,132,133,135,136,:
128:127,129,130,131,132,135,:
129:127,128,130,131,132,133,134,135,136,137,:
130:127,128,129,131,132,133,134,135,136,137,138,139,140,529,534,:
131:127,128,129,130,132,133,134,135,136,137,140,524,525,529,533,534,:
132:127,128,129,130,131,133,134,135,136,512,517,527,528,529,:
133:127,129,130,131,132,134,135,136,299,516,517,518,528,529,531,:
134:129,130,131,132,133,135,136,137,138,139,528,529,531,532,:
135:127,128,129,130,131,132,133,134,136,137,138,139,140,141,152,153,529,534,:
136:127,129,130,131,132,133,134,135,137,138,139,140,141,152,:
137:129,130,131,134,135,136,138,139,140,141,142,152,153,154,529,531,533,534,537,:
138:130,134,135,136,137,139,140,141,144,152,153,154,155,156,157,166,167,190,529,531,534,537,:
139:130,134,135,136,137,138,140,141,152,153,154,155,166,167,183,187,190,:
140:130,131,135,136,137,138,139,141,142,143,144,152,153,534,537,538,:
141:135,136,137,138,139,140,142,143,144,145,147,152,153,155,156,:
142:137,140,141,143,144,145,146,147,148,149,150,156,169,170,:
143:140,141,142,144,145,146,147,148,149,150,151,155,156,169,170,543,548,:
144:138,140,141,142,143,145,146,147,149,150,151,152,153,154,155,156,166,169,170,548,:
145:141,142,143,144,146,147,148,149,150,151,156,541,542,543,548,565,:
146:142,143,144,145,147,148,149,150,151,541,542,543,565,:
147:141,142,143,144,145,146,148,149,151,543,:
148:142,143,145,146,147,149,150,151,541,542,543,564,565,:
149:142,143,144,145,146,147,148,150,151,156,541,542,543,547,548,561,562,563,564,565,:
150:142,143,144,145,146,148,149,151,156,547,548,549,551,552,561,562,565,:
151:143,144,145,146,147,148,149,150,541,542,543,548,561,562,563,564,565,566,:
152:135,136,137,138,139,140,141,144,153,154,155,156,157,158,166,167,190,531,534,536,537,:
153:135,137,138,139,140,141,144,152,154,155,156,157,529,531,533,534,535,536,537,544,546,548,:
154:137,138,139,144,152,153,155,156,157,158,159,160,166,167,168,187,188,190,537,:
155:138,139,141,143,144,152,153,154,156,157,158,160,166,167,168,169,170,171,172,:
156:138,141,142,143,144,145,149,150,152,153,154,155,157,158,160,166,167,168,169,170,171,547,548,549,551,:
157:7,33,38,138,152,153,154,155,156,158,159,160,161,162,166,167,190,537,546,547,549,550,:
158:7,13,38,49,152,154,155,156,157,159,160,161,162,163,166,167,190,549,550,554,:
159:13,23,37,38,49,154,157,158,160,161,162,163,164,165,549,550,554,:
160:13,38,154,155,156,157,158,159,161,162,163,164,166,167,172,190,:
161:10,13,37,38,42,49,157,158,159,160,162,163,164,165,550,554,:
162:13,37,38,157,158,159,160,161,163,164,165,172,197,199,232,233,234,:
163:13,37,38,158,159,160,161,162,164,165,232,234,:
164:37,159,160,161,162,163,165,199,228,229,230,231,232,233,234,283,284,557,559,:
165:37,159,161,162,163,164,229,231,232,234,281,283,284,557,:
166:138,139,144,152,154,155,156,157,158,160,167,168,169,170,171,172,206,207,208,:
167:138,139,152,154,155,156,157,158,160,166,168,169,171,172,187,201,205,206,207,208,:
168:154,155,156,166,167,169,170,171,172,173,174,205,206,207,208,:
169:142,143,144,155,156,166,167,168,170,171,172,206,208,:
170:142,143,144,155,156,166,168,169,171,:
171:155,156,166,167,168,169,170,172,173,174,175,555,560,:
172:155,160,162,166,167,168,169,171,173,174,175,233,555,556,558,559,560,:
173:168,171,172,174,175,205,232,233,234,558,559,560,:
174:168,171,172,173,175,205,233,560,:
175:171,172,173,174,205,226,227,228,232,233,234,558,559,560,:
176:177,178,179,180,181,182,183,:
177:176,178,179,180,181,182,236,:
178:176,177,179,180,181,182,183,184,:
179:176,177,178,180,181,182,183,184,185,186,187,236,:
180:176,177,178,179,181,182,183,184,185,186,235,236,237,240,242,:
181:176,177,178,179,180,182,183,:
182:176,177,178,179,180,181,183,184,185,186,187,188,191,192,:
183:139,176,178,179,180,181,182,184,185,186,187,207,:
184:178,179,180,182,183,185,186,187,188,189,190,191,192,193,201,207,242,:
185:179,180,182,183,184,186,187,188,189,191,192,193,194,196,200,201,207,242,:
186:179,180,182,183,184,185,187,191,192,193,194,195,200,201,202,203,207,210,:
187:139,154,167,179,182,183,184,185,186,188,189,190,191,192,201,207,:
188:2,7,13,28,33,38,47,154,182,184,185,187,189,190,191,192,300,:
189:2,7,13,21,28,38,47,184,185,187,188,190,191,192,193,197,198,242,243,:
190:2,7,13,21,33,38,47,138,139,152,154,157,158,160,184,187,188,189,192,300,531,532,:
191:28,182,184,185,186,187,188,189,192,193,194,195,196,197,198,200,201,207,242,:
192:2,28,38,182,184,185,186,187,188,189,190,191,193,194,196,197,198,200,201,207,242,:
193:184,185,186,189,191,192,194,195,196,197,198,199,200,201,202,210,:
194:185,186,191,192,193,195,196,197,198,200,201,202,203,205,207,209,210,:
195:186,191,193,194,196,197,200,201,202,203,204,209,210,211,214,215,219,:
196:28,185,191,192,193,194,195,197,198,199,200,201,:
197:2,28,37,38,162,189,191,192,193,194,195,196,198,199,200,201,:
198:2,28,189,191,192,193,194,196,197,199,242,260,:
199:2,13,28,37,162,164,193,196,197,198,224,225,226,228,275,276,277,278,280,281,:
200:185,186,191,192,193,194,195,196,197,201,202,203,204,205,206,207,210,:
201:167,184,185,186,187,191,192,193,194,195,196,197,200,202,203,205,206,207,208,:
202:186,193,194,195,200,201,203,204,205,206,207,208,210,:
203:186,194,195,200,201,202,204,205,206,207,209,210,:
204:195,200,202,203,205,209,210,213,:
205:167,168,173,174,175,194,200,201,202,203,204,206,207,208,:
206:166,167,168,169,200,201,202,203,205,207,208,:
207:166,167,168,183,184,185,186,187,191,192,194,200,201,202,203,205,206,208,:
208:166,167,168,169,201,202,205,206,207,:
209:194,195,203,204,210,211,212,213,214,215,:
210:186,193,194,195,200,202,203,204,209,211,212,213,214,215,:
211:195,209,210,212,213,214,215,219,:
212:209,210,211,213,214,215,219,:
213:204,209,210,211,212,214,219,:
214:195,209,210,211,212,213,215,216,218,219,220,221,:
215:195,209,210,211,212,214,216,217,:
216:214,215,217,220,221,222,:
217:215,216,239,242,253,:
218:214,219,220,221,222,223,224,:
219:195,211,212,213,214,218,220,221,223,224,:
220:214,216,218,219,221,222,223,224,225,:
221:214,216,218,219,220,222,223,224,:
222:216,218,220,221,223,:
223:218,219,220,221,222,224,225,226,273,274,:
224:199,218,219,220,221,223,225,226,227,228,230,:
225:199,220,223,224,226,227,228,229,230,231,232,233,:
226:175,199,223,224,225,227,228,229,230,231,232,233,234,:
227:175,224,225,226,228,229,230,232,233,234,:
228:164,175,199,224,225,226,227,229,230,231,232,233,234,559,:
229:164,165,225,226,227,228,230,231,232,233,234,281,283,559,:
230:164,224,225,226,227,228,229,231,232,234,277,281,283,:
231:164,165,225,226,228,229,230,232,233,234,281,283,559,:
232:162,163,164,165,173,175,225,226,227,228,229,230,231,233,234,556,558,559,560,:
233:162,164,172,173,174,175,225,226,227,228,229,231,232,234,558,559,560,:
234:162,163,164,165,173,175,226,227,228,229,230,231,232,233,556,557,558,559,560,:
235:180,236,237,238,239,240,241,242,244,245,286,:
236:177,179,180,235,237,238,239,240,242,:
237:180,235,236,238,239,240,241,242,243,244,245,246,286,289,:
238:235,236,237,239,240,241,242,244,245,246,247,249,251,289,:
239:217,235,236,237,238,240,242,244,245,246,249,251,:
240:180,235,236,237,238,239,241,242,243,244,245,289,293,297,:
241:235,237,238,240,242,243,244,245,289,291,293,296,297,315,:
242:180,184,185,189,191,192,198,217,235,236,237,238,239,240,241,243,244,:
243:2,28,47,189,237,240,241,242,293,296,298,300,315,316,318,:
244:235,237,238,239,240,241,242,245,246,247,248,249,250,251,252,253,289,:
245:235,237,238,239,240,241,244,246,247,248,249,251,252,286,288,289,301,303,311,:
246:237,238,239,244,245,247,248,249,250,251,252,253,254,289,:
247:238,244,245,246,248,249,250,251,252,253,254,255,256,257,258,259,311,:
248:244,245,246,247,249,250,252,253,254,255,289,303,304,310,311,:
249:238,239,244,245,246,247,248,250,251,252,253,:
250:244,246,247,248,249,251,252,253,256,:
251:238,239,244,245,246,247,249,250,:
252:244,245,246,247,248,249,250,253,254,255,256,257,258,259,260,:
253:217,244,246,247,248,249,250,252,254,255,256,257,258,259,260,:
254:246,247,248,252,253,255,256,257,258,259,260,311,:
255:247,248,252,253,254,256,257,258,:
256:247,250,252,253,254,255,257,:
257:247,252,253,254,255,256,258,259,260,:
258:247,252,253,254,255,257,259,260,276,279,:
259:247,252,253,254,257,258,260,279,311,314,315,325,:
260:198,252,253,254,257,258,259,276,279,:
261:262,263,264,265,266,267,268,269,270,369,:
262:261,263,264,265,266,268,269,:
263:261,262,264,265,266,267,268,269,270,271,376,378,:
264:261,262,263,265,266,267,268,269,270,271,272,273,274,376,378,:
265:261,262,263,264,266,269,270,271,272,273,376,378,:
266:261,262,263,264,265,267,268,269,270,:
267:261,263,264,266,268,269,270,327,379,:
268:261,262,263,264,266,267,353,369,:
269:261,262,263,264,265,266,267,270,271,272,273,274,275,276,277,378,:
270:261,263,264,265,266,267,269,271,272,274,275,276,277,:
271:263,264,265,269,270,272,273,274,275,276,277,281,:
272:264,265,269,270,271,273,274,275,:
273:223,264,265,269,271,272,274,:
274:223,264,269,270,271,272,273,275,276,277,278,280,281,:
275:199,269,270,271,272,274,276,277,278,279,280,281,282,283,:
276:199,258,260,269,270,271,274,275,277,278,279,280,281,282,:
277:199,230,269,270,271,274,275,276,278,279,280,281,282,283,284,379,:
278:28,37,199,274,275,276,277,279,280,281,282,284,325,326,327,:
279:2,28,37,258,259,260,275,276,277,278,280,282,318,325,326,327,:
280:37,199,274,275,276,277,278,279,281,282,283,284,379,:
281:165,199,229,230,231,271,274,275,276,277,278,280,282,283,284,378,379,:
282:13,15,19,25,37,42,45,275,276,277,278,279,280,281,283,284,379,:
283:164,165,229,230,231,275,277,280,281,282,284,378,379,:
284:16,37,42,45,164,165,277,278,280,281,282,283,379,:
285:286,287,288,289,290,291,301,302,403,:
286:235,237,245,285,287,288,289,290,291,301,:
287:285,286,288,289,290,291,292,293,301,302,303,403,406,:
288:245,285,286,287,289,290,291,292,301,302,303,304,305,306,308,310,406,:
289:237,238,240,241,244,245,246,248,285,286,287,288,290,291,292,301,302,303,304,310,311,:
290:285,286,287,288,289,291,292,293,294,296,297,301,302,:
291:241,285,286,287,288,289,290,292,293,294,295,296,297,298,299,301,518,:
292:287,288,289,290,291,293,294,295,296,297,298,301,302,406,410,442,443,:
293:240,241,243,287,290,291,292,294,295,296,297,298,299,300,516,518,:
294:290,291,292,293,295,296,297,298,300,315,441,442,443,518,521,:
295:291,292,293,294,296,298,315,316,317,436,439,440,441,442,443,521,:
296:241,243,290,291,292,293,294,295,297,298,299,300,516,518,521,:
297:240,241,290,291,292,293,294,296,298,299,300,516,517,518,:
298:4,30,33,47,243,291,292,293,294,295,296,297,299,300,516,518,519,521,:
299:133,291,293,296,297,298,300,516,517,518,:
300:7,30,33,47,188,190,243,293,294,296,297,298,299,516,518,521,531,532,:
301:245,285,286,287,288,289,290,291,292,302,303,304,305,306,307,308,310,311,403,405,406,:
302:285,287,288,289,290,292,301,303,304,305,306,307,308,402,403,404,405,406,:
303:245,248,287,288,289,301,302,304,305,306,307,308,310,311,312,406,:
304:248,288,289,301,302,303,305,306,307,308,310,311,312,313,314,315,406,412,:
305:288,301,302,303,304,306,307,310,311,312,313,315,336,337,406,411,412,:
306:288,301,302,303,304,305,307,308,309,310,311,338,:
307:301,302,303,304,305,306,308,309,336,337,338,406,:
308:288,301,302,303,304,306,307,309,:
309:306,307,308,336,337,338,:
310:248,288,289,301,303,304,305,306,311,312,313,314,315,316,319,320,:
311:245,247,248,254,259,289,301,303,304,305,306,310,312,313,314,315,:
312:303,304,305,310,311,313,314,315,316,317,318,319,320,321,329,:
313:304,305,310,311,312,314,315,316,317,318,319,320,321,322,324,325,328,329,:
314:259,304,310,311,312,313,315,319,320,321,322,323,324,325,328,329,330,333,:
315:40,241,243,259,294,295,304,305,310,311,312,313,314,316,317,318,319,320,:
316:14,39,40,243,295,310,312,313,315,317,318,319,320,325,422,423,424,443,:
317:14,39,40,295,312,313,315,316,318,319,320,416,418,419,421,422,423,424,441,443,:
318:2,14,18,21,25,39,40,47,243,279,312,313,315,316,317,319,320,325,326,422,423,424,:
319:310,312,313,314,315,316,317,318,320,321,322,323,324,325,326,328,329,419,421,425,426,:
320:310,312,313,314,315,316,317,318,319,321,322,324,325,326,328,329,416,418,419,420,421,422,423,424,425,426,427,:
321:312,313,314,319,320,322,323,324,325,326,328,329,330,340,347,350,421,425,426,427,:
322:313,314,319,320,321,323,324,325,328,329,330,331,333,339,340,347,349,350,426,:
323:314,319,321,322,324,328,329,330,331,333,339,340,347,349,350,351,354,:
324:313,314,319,320,321,322,323,325,326,327,328,:
325:259,278,279,313,314,316,318,319,320,321,322,324,326,327,:
326:5,31,45,76,278,279,318,319,320,321,324,325,327,356,421,422,424,425,427,:
327:45,76,267,278,279,324,325,326,354,355,356,377,379,427,:
328:313,314,319,320,321,322,323,324,329,330,331,332,333,334,335,339,340,346,347,350,:
329:312,313,314,319,320,321,322,323,328,330,331,332,333,334,335,336,339,340,346,347,348,420,426,:
330:314,321,322,323,328,329,331,332,333,334,335,336,339,340,341,350,:
331:322,323,328,329,330,332,333,334,335,339,340,341,342,344,346,347,350,:
332:328,329,330,331,333,334,335,339,340,341,342,343,:
333:314,322,323,328,329,330,331,332,334,335,336,337,338,339,:
334:328,329,330,331,332,333,335,336,337,338,412,:
335:328,329,330,331,332,333,334,336,337,338,339,411,412,413,414,416,:
336:305,307,309,329,330,333,334,335,337,338,412,:
337:305,307,309,333,334,335,336,338,411,412,:
338:306,307,309,333,334,335,336,337,:
339:322,323,328,329,330,331,332,333,335,340,341,342,343,344,345,346,347,348,349,350,:
340:321,322,323,328,329,330,331,332,339,341,342,344,345,346,347,348,349,350,426,:
341:330,331,332,339,340,342,343,344,345,346,347,:
342:331,332,339,340,341,343,344,345,:
343:332,339,341,342,344,:
344:69,331,339,340,341,342,343,345,346,347,348,:
345:51,52,53,54,68,69,117,339,340,341,342,344,346,347,348,426,:
346:120,328,329,331,339,340,341,344,345,347,348,419,420,425,426,:
347:73,321,322,323,328,329,331,339,340,341,344,345,346,348,349,350,354,419,420,421,425,426,427,:
348:118,119,120,329,339,340,344,345,346,347,416,417,418,419,420,421,425,426,:
349:322,323,339,340,347,350,351,352,353,354,355,357,358,:
350:321,322,323,328,330,331,339,340,347,349,351,352,353,354,355,:
351:323,349,350,352,353,354,355,356,357,358,359,393,:
352:349,350,351,353,354,355,356,357,358,359,360,361,362,393,:
353:268,349,350,351,352,354,355,357,358,359,362,:
354:73,76,323,327,347,349,350,351,352,353,355,356,357,358,425,426,427,:
355:73,74,76,327,349,350,351,352,353,354,356,357,358,427,:
356:8,73,74,76,326,327,351,352,354,355,425,426,427,:
357:349,351,352,353,354,355,358,359,360,361,362,363,368,369,392,393,:
358:349,351,352,353,354,355,357,359,360,361,362,368,391,392,393,394,:
359:351,352,353,357,358,360,361,362,363,364,365,368,369,370,393,:
360:352,357,358,359,361,362,363,364,368,369,370,371,373,375,:
361:352,357,358,359,360,362,368,369,370,371,391,392,393,394,396,:
362:352,353,357,358,359,360,361,363,364,365,366,367,368,369,392,393,:
363:357,359,360,362,364,365,366,367,368,369,:
364:359,360,362,363,365,366,367,368,369,:
365:359,362,363,364,366,367,:
366:362,363,364,365,367,:
367:362,363,364,365,366,:
368:357,358,359,360,361,362,363,364,369,370,371,372,373,374,375,:
369:261,268,357,359,360,361,362,363,364,368,370,371,373,374,375,:
370:359,360,361,368,369,371,372,373,374,375,376,:
371:360,361,368,369,370,372,373,374,399,:
372:368,370,371,373,399,:
373:360,368,369,370,371,372,374,375,376,377,378,:
374:368,369,370,371,373,375,376,377,378,379,:
375:360,368,369,370,373,374,376,377,378,379,:
376:263,264,265,370,373,374,375,377,378,379,:
377:327,373,374,375,376,378,379,:
378:263,264,265,269,281,283,373,374,375,376,377,379,:
379:267,277,280,281,282,283,284,327,374,375,376,377,378,:
380:381,382,383,384,385,386,:
381:380,382,383,384,385,:
382:380,381,383,384,385,386,387,388,:
383:62,63,64,380,381,382,384,385,386,387,:
384:62,63,64,380,381,382,383,385,386,:
385:62,63,64,380,381,382,383,384,386,387,388,:
386:62,64,67,380,382,383,384,385,387,388,:
387:382,383,385,386,388,:
388:61,62,64,65,67,82,83,84,85,382,385,386,387,:
389:390,391,392,393,394,395,396,:
390:389,391,392,394,395,396,400,:
391:358,361,389,390,392,393,394,395,396,:
392:357,358,361,362,389,390,391,393,394,395,:
393:351,352,357,358,359,361,362,389,391,392,394,:
394:59,60,358,361,389,390,391,392,393,395,396,397,:
395:60,61,65,66,67,389,390,391,392,394,396,397,398,400,:
396:361,389,390,391,394,395,397,398,399,400,401,:
397:394,395,396,398,399,400,401,:
398:395,396,397,399,400,401,:
399:371,372,396,397,398,400,401,:
400:390,395,396,397,398,399,401,:
401:396,397,398,399,400,:
402:302,403,404,405,406,407,408,:
403:285,287,301,302,402,404,405,406,407,:
404:302,402,403,405,406,407,408,409,410,:
405:301,302,402,403,404,406,407,408,409,:
406:287,288,292,301,302,303,304,305,307,402,403,404,405,407,408,:
407:402,403,404,405,406,408,409,410,:
408:402,404,405,406,407,409,410,440,:
409:404,405,407,408,410,428,429,440,:
410:292,404,407,408,409,440,516,518,:
411:305,335,337,412,413,414,415,416,417,442,:
412:304,305,334,335,336,337,411,413,414,416,442,:
413:335,411,412,414,415,416,417,418,442,443,:
414:335,411,412,413,415,416,417,:
415:118,411,413,414,416,417,:
416:317,320,335,348,411,412,413,414,415,417,418,419,420,442,443,:
417:118,119,120,348,411,413,414,415,416,418,419,420,421,423,443,:
418:120,122,317,320,348,413,416,417,419,420,421,422,423,424,425,426,441,443,:
419:120,122,317,319,320,346,347,348,416,417,418,420,421,422,423,424,425,426,427,:
420:119,120,122,320,329,346,347,348,416,417,418,419,421,422,423,425,426,427,:
421:5,31,39,74,75,122,317,319,320,321,326,347,348,417,418,419,420,422,423,424,425,426,427,:
422:5,14,31,39,40,316,317,318,320,326,418,419,420,421,423,424,425,426,427,:
423:5,14,25,31,39,40,316,317,318,320,417,418,419,420,421,422,424,425,427,441,456,457,:
424:5,14,15,19,25,31,39,40,45,48,75,76,316,317,318,320,326,418,419,421,422,423,425,426,427,457,:
425:31,73,74,75,76,319,320,321,326,346,347,348,354,356,418,419,420,421,422,423,424,426,427,:
426:70,73,74,75,76,319,320,321,322,329,340,345,346,347,348,354,356,418,419,420,421,422,424,425,427,:
427:5,31,73,74,75,76,320,321,326,327,347,354,355,356,419,420,421,422,423,424,425,426,:
428:409,429,430,431,432,433,434,436,440,:
429:409,428,430,431,432,433,434,436,440,442,:
430:428,429,431,432,433,434,435,436,440,445,:
431:428,429,430,432,433,434,435,436,444,445,:
432:428,429,430,431,433,434,436,440,444,445,:
433:428,429,430,431,432,434,435,436,437,439,440,445,:
434:428,429,430,431,432,433,435,436,437,438,439,440,441,442,444,445,519,520,521,:
435:430,431,433,434,436,437,438,439,440,441,444,445,446,448,484,485,486,519,520,521,:
436:295,428,429,430,431,432,433,434,435,437,438,439,440,441,442,443,445,519,520,521,:
437:433,434,435,436,438,439,440,441,443,444,445,446,447,448,484,485,486,519,520,521,:
438:4,30,434,435,436,437,439,441,444,445,446,447,448,449,456,484,485,486,519,520,521,:
439:295,433,434,435,436,437,438,440,441,442,443,445,519,520,521,:
440:295,408,409,410,428,429,430,432,433,434,435,436,437,439,441,442,443,:
441:4,40,294,295,317,418,423,434,435,436,437,438,439,440,442,443,521,:
442:292,294,295,411,412,413,416,429,434,436,439,440,441,443,:
443:292,294,295,316,317,413,416,417,418,436,437,439,440,441,442,:
444:431,432,434,435,437,438,445,446,447,448,449,450,:
445:430,431,432,433,434,435,436,437,438,439,444,446,447,448,:
446:123,124,125,435,437,438,444,445,447,448,449,450,451,:
447:125,437,438,444,445,446,448,449,450,451,452,454,456,458,459,:
448:435,437,438,444,445,446,447,449,450,451,452,458,459,479,484,486,:
449:101,124,125,126,438,444,446,447,448,450,451,452,453,454,455,456,458,459,:
450:100,101,123,124,125,126,444,446,447,448,449,451,452,453,454,455,456,457,458,459,:
451:125,446,447,448,449,450,452,453,454,455,456,457,458,459,460,495,:
452:101,447,448,449,450,451,453,454,455,458,459,460,461,462,463,:
453:94,101,449,450,451,452,454,458,459,460,461,462,:
454:125,126,447,449,450,451,452,453,455,456,457,458,495,:
455:5,31,39,41,44,48,50,125,126,449,450,451,452,454,456,457,497,:
456:4,5,14,18,39,41,44,423,438,447,449,450,451,454,455,457,495,497,498,:
457:5,15,19,20,22,24,31,39,41,43,46,48,50,126,423,424,450,451,454,455,456,:
458:447,448,449,450,451,452,453,454,459,460,461,462,463,464,465,469,470,488,492,:
459:447,448,449,450,451,452,453,458,460,461,462,463,464,465,466,486,488,492,:
460:451,452,453,458,459,461,462,463,464,465,466,469,470,471,488,:
461:452,453,458,459,460,462,463,464,465,469,470,471,472,473,474,475,476,487,488,499,500,:
462:452,453,458,459,460,461,463,464,465,469,470,471,472,474,475,476,487,488,489,490,492,499,500,501,504,:
463:452,458,459,460,461,462,464,465,466,467,468,469,470,488,:
464:458,459,460,461,462,463,465,466,467,468,469,470,479,482,487,488,:
465:458,459,460,461,462,463,464,466,467,468,469,470,479,482,483,487,488,489,492,:
466:459,460,463,464,465,467,468,470,478,479,482,488,:
467:463,464,465,466,468,478,479,480,481,482,483,488,:
468:463,464,465,466,467,470,479,482,:
469:458,460,461,462,463,464,465,470,471,472,473,474,475,476,477,488,500,:
470:458,460,461,462,463,464,465,466,468,469,471,472,473,474,475,476,:
471:460,461,462,469,470,472,473,474,475,476,477,500,503,:
472:461,462,469,470,471,473,474,475,477,503,:
473:461,469,470,471,472,474,:
474:461,462,469,470,471,472,473,475,476,477,:
475:461,462,469,470,471,472,474,476,477,:
476:461,462,469,470,471,474,475,477,500,504,:
477:469,471,472,474,475,476,503,:
478:466,467,479,480,481,482,483,484,485,:
479:448,464,465,466,467,468,478,480,481,482,483,484,485,486,:
480:467,478,479,481,482,483,484,485,486,509,523,:
481:467,478,479,480,482,483,484,509,523,:
482:464,465,466,467,468,478,479,480,481,483,:
483:465,467,478,479,480,481,482,484,485,486,488,523,526,:
484:435,437,438,448,478,479,480,481,483,485,486,520,527,528,530,:
485:435,437,438,478,479,480,483,484,486,513,514,515,519,520,521,527,528,530,:
486:435,437,438,448,459,479,480,483,484,485,492,493,494,520,530,:
487:461,462,464,465,488,489,490,491,492,493,499,500,:
488:458,459,460,461,462,463,464,465,466,467,469,483,487,489,490,492,493,499,500,:
489:462,465,487,488,490,491,492,493,494,495,499,500,501,526,544,545,:
490:462,487,488,489,491,492,493,494,495,499,500,501,502,503,504,544,545,:
491:487,489,490,492,493,499,500,501,502,503,535,536,540,544,545,546,569,571,:
492:458,459,462,465,486,487,488,489,490,491,493,494,495,496,497,499,500,:
493:486,487,488,489,490,491,492,494,495,496,497,498,499,500,544,545,:
494:30,44,486,489,490,492,493,495,496,497,498,530,532,536,537,544,545,546,:
495:451,454,456,489,490,492,493,494,496,497,498,499,500,:
496:4,7,18,30,33,44,49,492,493,494,495,497,498,532,536,537,544,546,:
497:10,41,44,50,455,456,492,493,494,495,496,498,:
498:10,18,41,42,44,49,456,493,494,495,496,497,546,:
499:461,462,487,488,489,490,491,492,493,495,500,501,502,503,504,545,:
500:461,462,469,471,476,487,488,489,490,491,492,493,495,499,501,502,503,504,:
501:462,489,490,491,499,500,502,503,504,571,574,:
502:490,491,499,500,501,503,504,:
503:471,472,477,490,491,499,500,501,502,504,:
504:462,476,490,499,500,501,502,503,574,:
505:506,507,508,509,510,511,:
506:505,507,508,509,510,:
507:505,506,508,509,510,511,512,:
508:505,506,507,509,510,511,522,523,:
509:480,481,505,506,507,508,510,511,514,522,523,:
510:505,506,507,508,509,511,512,513,514,:
511:505,507,508,509,510,512,513,514,515,517,:
512:132,507,510,511,513,514,515,516,517,518,519,520,:
513:485,510,511,512,514,515,516,517,518,519,520,521,527,:
514:485,509,510,511,512,513,515,516,517,519,520,521,527,:
515:485,511,512,513,514,516,517,518,519,520,521,527,528,:
516:133,293,296,297,298,299,300,410,512,513,514,515,517,518,519,520,521,:
517:132,133,297,299,511,512,513,514,515,516,518,519,521,:
518:133,291,293,294,296,297,298,299,300,410,512,513,515,516,517,519,520,521,:
519:298,434,435,436,437,438,439,485,512,513,514,515,516,517,518,520,521,528,530,:
520:434,435,436,437,438,439,484,485,486,512,513,514,515,516,518,519,521,527,528,530,:
521:4,30,294,295,296,298,300,434,435,436,437,438,439,441,485,513,514,515,516,517,518,519,520,530,532,:
522:508,509,523,524,525,526,527,528,533,534,:
523:480,481,483,508,509,522,524,525,526,527,533,:
524:131,522,523,525,526,527,528,529,530,533,534,535,:
525:131,522,523,524,526,527,528,529,530,533,534,535,536,537,538,:
526:483,489,522,523,524,525,527,528,533,534,535,538,:
527:132,484,485,513,514,515,520,522,523,524,525,526,528,529,530,531,532,533,534,:
528:132,133,134,484,485,515,519,520,522,524,525,526,527,529,530,531,532,533,534,:
529:33,130,131,132,133,134,135,137,138,153,524,525,527,528,530,531,532,533,534,537,:
530:4,30,33,484,485,486,494,519,520,521,524,525,527,528,529,531,532,533,534,:
531:7,30,33,133,134,137,138,152,153,190,300,527,528,529,530,532,533,534,537,:
532:4,7,18,21,30,33,134,190,300,494,496,521,527,528,529,530,531,534,:
533:131,137,153,522,523,524,525,526,527,528,529,530,531,534,535,536,537,538,539,544,545,:
534:130,131,135,137,138,140,152,153,522,524,525,526,527,528,529,530,531,532,533,535,536,537,538,544,:
535:153,491,524,525,526,533,534,536,537,538,539,540,541,544,545,546,:
536:152,153,491,494,496,525,533,534,535,537,538,539,540,544,545,546,547,548,:
537:137,138,140,152,153,154,157,494,496,525,529,531,533,534,535,536,538,539,544,545,546,547,548,:
538:140,525,526,533,534,535,536,537,539,540,541,542,543,544,545,:
539:533,535,536,537,538,540,541,542,543,544,545,548,:
540:491,535,536,538,539,541,542,543,544,545,548,566,569,:
541:145,146,148,149,151,535,538,539,540,542,543,565,:
542:145,146,148,149,151,538,539,540,541,543,563,564,565,566,:
543:143,145,146,147,148,149,151,538,539,540,541,542,:
544:153,489,490,491,493,494,496,533,534,535,536,537,538,539,540,545,546,547,548,549,550,569,:
545:489,490,491,493,494,499,533,535,536,537,538,539,540,544,546,547,548,569,:
546:153,157,491,494,496,498,535,536,537,544,545,547,548,549,550,551,569,571,:
547:149,150,156,157,536,537,544,545,546,548,549,550,551,552,553,554,562,569,571,:
548:143,144,145,149,150,151,153,156,536,537,539,540,544,545,546,547,549,550,551,552,553,561,562,569,:
549:150,156,157,158,159,544,546,547,548,550,551,552,553,554,555,562,:
550:157,158,159,161,544,546,547,548,549,551,552,553,554,:
551:150,156,546,547,548,549,550,552,553,554,555,556,562,:
552:150,547,548,549,550,551,553,554,555,561,562,:
553:547,548,549,550,551,552,554,555,561,562,569,571,572,:
554:158,159,161,547,549,550,551,552,553,555,556,557,558,560,:
555:171,172,549,551,552,553,554,556,557,558,559,560,:
556:172,232,234,551,554,555,557,558,559,560,:
557:164,165,234,554,555,556,558,559,560,:
558:172,173,175,232,233,234,554,555,556,557,559,560,:
559:164,172,173,175,228,229,231,232,233,234,555,556,557,558,560,:
560:171,172,173,174,175,232,233,234,554,555,556,557,558,559,:
561:149,150,151,548,552,553,562,563,564,565,566,567,568,569,:
562:149,150,151,547,548,549,551,552,553,561,563,564,565,566,567,568,569,571,:
563:149,151,542,561,562,564,565,566,567,568,569,:
564:148,149,151,542,561,562,563,565,566,567,:
565:145,146,148,149,150,151,541,542,561,562,563,564,566,:
566:151,540,542,561,562,563,564,565,567,568,569,570,571,:
567:561,562,563,564,566,568,569,570,571,572,:
568:561,562,563,566,567,569,570,571,572,573,:
569:491,540,544,545,546,547,548,553,561,562,563,566,567,568,570,571,572,573,574,:
570:566,567,568,569,571,572,573,574,:
571:491,501,546,547,553,562,566,567,568,569,570,572,573,574,:
572:553,567,568,569,570,571,573,574,:
573:568,569,570,571,572,574,:
574:501,504,569,570,571,572,573,:
