1:2,3,4,5,6,18,21,22,23,24,30,38,39,40,41,361,363,:
2:1,3,4,5,6,7,21,30,40,41,363,:
3:1,2,4,5,6,7,18,29,30,31,46,47,363,364,:
4:1,2,3,5,6,7,8,18,19,20,21,29,30,31,35,38,46,47,363,364,:
5:1,2,3,4,6,7,18,19,20,21,22,29,30,31,38,361,363,364,:
6:1,2,3,4,5,7,18,19,20,21,22,23,24,30,38,39,40,41,361,363,:
7:2,3,4,5,6,8,9,13,18,20,29,31,32,35,46,47,197,363,364,:
8:4,7,9,10,11,12,13,29,31,32,33,34,35,46,47,455,:
9:7,8,10,11,12,13,29,31,32,33,34,35,37,46,47,454,455,466,471,472,:
10:8,9,11,12,13,14,15,16,17,29,32,33,34,35,37,452,455,457,466,471,472,:
11:8,9,10,12,13,14,15,16,17,32,33,34,35,36,37,455,457,:
12:8,9,10,11,13,14,15,16,17,29,31,32,33,34,35,37,196,311,455,:
13:7,8,9,10,11,12,20,29,31,32,33,34,35,46,47,195,196,197,455,:
14:10,11,12,15,16,17,33,34,36,37,219,220,291,456,457,462,463,:
15:10,11,12,14,16,17,34,36,37,219,220,289,290,291,311,418,:
16:10,11,12,14,15,17,33,34,36,37,449,450,456,457,458,461,462,463,464,534,536,:
17:10,11,12,14,15,16,33,36,37,219,220,242,243,291,457,462,463,:
18:1,3,4,5,6,7,19,20,21,31,38,195,197,363,364,:
19:4,5,6,18,20,21,22,31,38,39,183,185,192,197,:
20:4,5,6,7,13,18,19,31,35,38,192,193,195,196,197,362,363,364,:
21:1,2,4,5,6,18,19,22,23,24,28,38,39,40,41,45,361,:
22:1,5,6,19,21,23,24,25,27,28,38,39,40,41,45,:
23:1,6,21,22,24,25,26,27,28,38,39,40,41,42,43,44,45,:
24:1,6,21,22,23,25,26,27,28,39,40,41,42,43,44,45,361,365,366,:
25:22,23,24,26,27,28,41,42,43,44,45,365,366,367,:
26:23,24,25,27,28,41,42,43,44,45,349,350,351,353,354,355,358,365,366,:
27:22,23,24,25,26,28,41,42,43,44,45,353,354,358,366,:
28:21,22,23,24,25,26,27,38,39,40,41,42,43,44,45,185,358,:
29:3,4,5,7,8,9,10,12,13,31,32,35,46,47,:
30:1,2,3,4,5,6,:
31:3,4,5,7,8,9,12,13,18,19,20,29,35,46,47,195,196,197,364,:
32:7,8,9,10,11,12,13,29,33,46,47,454,466,469,470,471,472,477,:
33:8,9,10,11,12,13,14,16,17,32,36,37,452,456,457,459,462,465,466,467,469,470,471,472,473,:
34:8,9,10,11,12,13,14,15,16,35,196,219,309,310,311,:
35:4,7,8,9,10,11,12,13,20,29,31,34,46,47,195,196,197,310,362,364,:
36:11,14,15,16,17,33,37,220,241,242,243,252,291,293,457,461,462,463,:
37:9,10,11,12,14,15,16,17,33,36,219,220,242,243,457,462,463,466,471,473,:
38:1,4,5,6,18,19,20,21,22,23,28,39,40,45,185,:
39:1,6,19,21,22,23,24,28,38,40,41,45,:
40:1,2,6,21,22,23,24,28,38,39,41,45,:
41:1,2,6,21,22,23,24,25,26,27,28,39,40,42,:
42:23,24,25,26,27,28,41,43,365,366,367,:
43:23,24,25,26,27,28,42,44,346,347,349,350,351,352,353,354,355,356,365,366,367,:
44:23,24,25,26,27,28,43,45,349,353,354,358,366,:
45:21,22,23,24,25,26,27,28,38,39,40,44,185,:
46:3,4,7,8,9,13,29,31,32,35,47,363,364,454,:
47:3,4,7,8,9,13,29,31,32,35,46,472,:
48:49,50,51,52,53,54,55,:
49:48,50,51,52,53,54,55,:
50:48,49,51,52,53,54,55,56,:
51:48,49,50,52,53,54,56,60,:
52:48,49,50,51,53,54,55,56,60,:
53:48,49,50,51,52,54,55,56,57,59,60,:
54:48,49,50,51,52,53,55,56,57,58,59,60,61,62,479,:
55:48,49,50,52,53,54,56,57,58,59,60,61,478,479,:
56:50,51,52,53,54,55,57,58,59,60,61,62,63,479,480,:
57:53,54,55,56,58,59,60,61,63,478,:
58:54,55,56,57,59,61,478,:
59:53,54,55,56,57,58,60,61,62,63,478,479,480,:
60:51,52,53,54,55,56,57,59,61,62,63,480,:
61:54,55,56,57,58,59,60,62,63,480,:
62:54,56,59,60,61,63,74,75,76,480,:
63:56,57,59,60,61,62,470,473,480,:
64:65,66,67,68,69,70,72,:
65:64,66,67,69,70,72,:
66:64,65,67,68,69,70,71,72,:
67:64,65,66,68,69,70,:
68:64,66,67,69,:
69:64,65,66,67,68,70,71,72,73,74,:
70:64,65,66,67,69,71,72,73,74,75,539,:
71:66,69,70,72,73,74,75,76,77,539,540,:
72:64,65,66,69,70,71,73,74,75,76,539,542,:
73:69,70,71,72,74,75,76,77,539,540,541,:
74:62,69,70,71,72,73,75,76,77,539,542,:
75:62,70,71,72,73,74,76,77,539,540,541,:
76:62,71,72,73,74,75,77,473,540,541,:
77:71,73,74,75,76,240,242,253,473,540,541,549,:
78:79,80,81,82,83,84,85,86,440,444,445,446,560,561,:
79:78,80,81,82,83,84,85,439,440,444,445,446,451,559,560,561,:
80:78,79,81,82,83,84,85,86,87,88,89,92,440,445,:
81:78,79,80,82,83,84,86,87,88,89,90,91,92,464,559,560,:
82:78,79,80,81,83,86,87,92,445,446,458,464,555,556,558,559,560,561,:
83:78,79,80,81,82,84,85,86,87,439,440,443,445,446,464,530,531,:
84:78,79,80,81,83,85,436,437,439,440,443,445,528,530,531,:
85:78,79,80,83,84,436,439,440,528,530,531,:
86:78,80,81,82,83,87,88,89,90,91,92,464,:
87:80,81,82,83,86,88,89,90,91,92,262,264,:
88:80,81,86,87,89,90,91,92,:
89:80,81,86,87,88,90,91,92,:
90:81,86,87,88,89,91,92,247,248,249,254,255,256,260,261,262,263,264,:
91:81,86,87,88,89,90,92,246,247,248,249,552,:
92:80,81,82,86,87,88,89,90,91,464,552,553,555,:
93:94,95,96,97,98,99,147,150,:
94:93,95,96,97,98,146,147,149,150,151,:
95:93,94,96,97,98,99,100,102,147,:
96:93,94,95,97,98,99,147,:
97:93,94,95,96,98,131,140,141,146,147,148,150,151,:
98:93,94,95,96,97,99,100,101,102,154,:
99:93,95,96,98,100,101,102,103,104,105,:
100:95,98,99,101,102,103,104,105,106,107,154,:
101:98,99,100,102,103,104,105,106,107,108,109,153,154,155,:
102:95,98,99,100,101,103,104,105,107,108,109,152,153,154,155,:
103:99,100,101,102,104,105,106,107,108,109,153,154,155,:
104:99,100,101,102,103,105,106,107,108,109,:
105:99,100,101,102,103,104,106,107,109,:
106:100,101,103,104,105,107,108,109,:
107:100,101,102,103,104,105,106,108,109,153,154,155,:
108:101,102,103,104,106,107,109,152,153,154,155,:
109:101,102,103,104,105,106,107,108,155,:
110:111,112,113,114,115,116,117,122,125,:
111:110,112,113,115,116,117,118,121,122,124,125,:
112:110,111,113,114,115,116,117,118,:
113:110,111,112,114,115,116,117,122,:
114:110,112,113,115,116,117,:
115:110,111,112,113,114,116,117,118,119,120,:
116:110,111,112,113,114,115,117,118,119,120,122,125,:
117:110,111,112,113,114,115,116,118,119,120,121,122,123,124,125,:
118:111,112,115,116,117,119,120,122,133,134,135,136,:
119:115,116,117,118,120,122,133,134,135,136,:
120:115,116,117,118,119,133,134,135,136,137,:
121:111,117,122,123,124,125,126,547,:
122:110,111,113,116,117,118,119,121,123,124,125,126,:
123:117,121,122,124,125,126,545,546,547,:
124:111,117,121,122,123,125,126,:
125:110,111,116,117,121,122,123,124,126,:
126:121,122,123,124,125,225,545,546,547,:
127:128,129,130,131,132,133,134,138,139,:
128:127,129,130,131,132,133,134,:
129:127,128,130,131,132,133,134,135,138,139,140,202,:
130:127,128,129,131,132,133,138,139,140,141,142,143,145,146,147,202,:
131:97,127,128,129,130,132,138,139,140,141,146,147,:
132:127,128,129,130,131,133,134,135,136,137,138,139,:
133:118,119,120,127,128,129,130,132,134,135,136,137,193,194,:
134:118,119,120,127,128,129,132,133,135,136,137,194,215,216,217,:
135:118,119,120,129,132,133,134,136,137,193,195,197,:
136:118,119,120,132,133,134,135,137,193,195,196,197,:
137:120,132,133,134,135,136,:
138:127,129,130,131,132,139,140,141,142,143,144,145,146,147,199,202,:
139:127,129,130,131,132,138,140,141,142,143,145,198,199,200,201,202,205,:
140:97,129,130,131,138,139,141,142,143,144,145,146,147,148,199,202,:
141:97,130,131,138,139,140,142,143,144,145,146,147,148,149,150,151,152,199,:
142:130,138,139,140,141,143,144,146,147,148,149,163,165,188,189,191,198,199,202,:
143:130,138,139,140,141,142,144,145,146,147,199,207,208,209,:
144:138,140,141,142,143,145,146,147,165,208,209,:
145:130,138,139,140,141,143,144,207,209,:
146:94,97,130,131,138,140,141,142,143,144,147,148,149,150,151,152,156,157,:
147:93,94,95,96,97,130,131,138,140,141,142,143,144,146,148,149,150,151,152,153,:
148:97,140,141,142,146,147,149,150,151,152,153,156,157,158,181,:
149:94,141,142,146,147,148,150,151,152,156,157,158,159,160,161,162,163,181,:
150:93,94,97,141,146,147,148,149,151,156,157,158,159,161,162,163,:
151:94,97,141,146,147,148,149,150,152,153,154,155,156,157,:
152:102,108,141,146,147,148,149,151,153,154,155,:
153:101,102,103,107,108,147,148,151,152,154,155,:
154:98,100,101,102,103,107,108,151,152,153,155,:
155:101,102,103,107,108,109,151,152,153,154,:
156:146,148,149,150,151,157,158,159,160,161,162,163,181,:
157:146,148,149,150,151,156,158,159,160,161,162,163,180,181,:
158:148,149,150,156,157,159,160,161,162,163,164,181,:
159:149,150,156,157,158,160,161,162,168,169,:
160:149,156,157,158,159,161,168,169,181,:
161:149,150,156,157,158,159,160,162,163,164,165,166,181,:
162:149,150,156,157,158,159,161,163,164,165,166,167,:
163:142,149,150,156,157,158,161,162,164,165,166,167,:
164:158,161,162,163,165,166,167,:
165:142,144,161,162,163,164,166,167,199,206,208,:
166:161,162,163,164,165,167,:
167:162,163,164,165,166,208,:
168:159,160,169,170,171,172,173,174,175,:
169:159,160,168,170,171,172,173,174,175,176,:
170:168,169,171,172,173,174,175,176,:
171:168,169,170,172,173,174,175,:
172:168,169,170,171,173,174,175,176,336,:
173:168,169,170,171,172,174,175,176,332,333,:
174:168,169,170,171,172,173,175,176,332,333,:
175:168,169,170,171,172,173,174,176,333,:
176:169,170,172,173,174,175,182,183,185,330,332,333,334,336,:
177:178,179,180,181,182,183,184,186,187,308,:
178:177,179,180,182,184,186,187,307,308,312,314,:
179:177,178,180,181,182,183,184,185,186,187,188,308,:
180:157,177,178,179,181,182,183,184,186,187,188,189,190,191,192,:
181:148,149,156,157,158,160,161,177,179,180,182,183,186,187,188,191,192,:
182:176,177,178,179,180,181,183,184,185,186,187,330,332,333,:
183:19,176,177,179,180,181,182,184,185,186,333,:
184:177,178,179,180,182,183,185,186,187,308,310,330,360,:
185:19,28,38,45,176,179,182,183,184,333,358,359,:
186:177,178,179,180,181,182,183,184,187,188,189,190,191,192,198,199,305,308,:
187:177,178,179,180,181,182,184,186,188,189,190,191,192,198,304,305,306,307,308,309,:
188:142,179,180,181,186,187,189,190,191,192,193,194,198,199,200,:
189:142,180,186,187,188,190,191,192,193,194,198,199,200,201,202,203,305,:
190:180,186,187,188,189,191,192,193,194,198,199,200,203,297,298,304,305,306,308,309,311,:
191:142,180,181,186,187,188,189,190,192,193,194,195,198,199,:
192:19,20,180,181,186,187,188,189,190,191,193,194,195,196,197,198,:
193:20,133,135,136,188,189,190,191,192,194,195,196,197,198,217,311,:
194:133,134,188,189,190,191,192,193,195,196,197,198,199,200,201,202,210,211,215,216,217,219,311,:
195:13,18,20,31,35,135,136,191,192,193,194,196,197,217,219,311,:
196:12,13,20,31,34,35,136,192,193,194,195,197,217,219,311,:
197:7,13,18,19,20,31,35,135,136,192,193,194,195,196,:
198:139,142,186,187,188,189,190,191,192,193,194,199,200,201,202,203,204,206,210,211,305,:
199:138,139,140,141,142,143,165,186,188,189,190,191,194,198,200,201,202,203,204,205,206,:
200:139,188,189,190,194,198,199,201,202,203,204,205,206,210,211,212,288,305,:
201:139,189,194,198,199,200,202,203,204,205,210,211,212,213,214,215,216,217,288,:
202:129,130,138,139,140,142,189,194,198,199,200,201,203,204,205,210,211,212,215,:
203:189,190,198,199,200,201,202,204,205,206,207,208,210,211,282,288,297,301,303,:
204:198,199,200,201,202,203,205,206,207,208,209,210,211,:
205:139,199,200,201,202,203,204,206,207,208,209,210,211,282,:
206:165,198,199,200,203,204,205,207,208,209,303,:
207:143,145,203,204,205,206,208,209,230,:
208:143,144,165,167,203,204,205,206,207,209,:
209:143,144,145,204,205,206,207,208,:
210:194,198,200,201,202,203,204,205,211,212,213,214,215,216,217,218,221,222,285,288,:
211:194,198,200,201,202,203,204,205,210,212,213,214,215,216,217,218,219,221,282,284,285,286,287,288,289,:
212:200,201,202,210,211,213,214,215,216,217,218,221,222,223,285,:
213:201,210,211,212,214,215,216,217,218,221,222,223,224,225,226,227,228,285,:
214:201,210,211,212,213,215,216,218,221,222,223,224,226,227,228,277,278,282,284,285,286,287,288,289,:
215:134,194,201,202,210,211,212,213,214,216,217,218,219,220,221,222,:
216:134,194,201,210,211,212,213,214,215,217,218,219,220,221,222,:
217:134,193,194,195,196,201,210,211,212,213,215,216,218,219,220,288,:
218:210,211,212,213,214,215,216,217,219,220,221,222,225,241,243,:
219:14,15,17,34,37,194,195,196,211,215,216,217,218,220,289,311,:
220:14,15,17,36,37,215,216,217,218,219,243,289,290,291,:
221:210,211,212,213,214,215,216,218,222,223,224,225,226,227,228,233,234,285,:
222:210,212,213,214,215,216,218,221,223,224,225,226,227,228,:
223:212,213,214,221,222,224,225,226,227,228,229,233,234,235,269,:
224:213,214,221,222,223,225,226,227,233,234,235,236,237,238,239,241,269,546,:
225:126,213,218,221,222,223,224,226,233,234,235,238,239,241,545,546,:
226:213,214,221,222,223,224,225,227,228,229,230,231,233,234,269,:
227:213,214,221,222,223,224,226,228,229,230,231,232,:
228:213,214,221,222,223,226,227,229,230,231,232,:
229:223,226,227,228,230,231,232,277,280,:
230:207,226,227,228,229,231,232,:
231:226,227,228,229,230,232,280,282,:
232:227,228,229,230,231,282,:
233:221,223,224,225,226,234,235,236,237,238,239,241,266,269,:
234:221,223,224,225,226,233,235,236,237,238,239,241,265,266,267,268,269,:
235:223,224,225,233,234,236,237,238,239,240,241,266,269,544,546,:
236:224,233,234,235,237,238,239,266,544,:
237:224,233,234,235,236,238,265,266,269,:
238:224,225,233,234,235,236,237,239,240,241,242,243,250,541,:
239:224,225,233,234,235,236,238,240,241,242,243,250,251,252,253,541,:
240:77,235,238,239,241,242,243,251,252,253,540,541,:
241:36,218,224,225,233,234,235,238,239,240,242,243,251,252,291,293,:
242:17,36,37,77,238,239,240,241,243,251,252,253,462,463,541,:
243:17,36,37,218,220,238,239,240,241,242,251,252,291,293,462,463,:
244:245,246,247,248,249,250,254,255,258,272,273,:
245:244,246,247,249,250,254,255,258,270,271,272,273,274,:
246:91,244,245,247,248,249,250,251,254,255,256,273,552,:
247:90,91,244,245,246,248,249,250,254,255,256,257,258,259,273,:
248:90,91,244,246,247,249,254,255,256,257,258,:
249:90,91,244,245,246,247,248,250,251,252,253,254,255,273,552,:
250:238,239,244,245,246,247,249,251,252,253,548,549,:
251:239,240,241,242,243,246,249,250,252,253,461,462,463,548,549,:
252:36,239,240,241,242,243,249,250,251,253,291,293,461,462,463,464,549,:
253:77,239,240,242,249,250,251,252,461,462,463,548,549,550,553,:
254:90,244,245,246,247,248,249,255,256,257,258,259,260,261,272,273,274,:
255:90,244,245,246,247,248,249,254,256,257,258,259,260,261,263,272,273,274,:
256:90,246,247,248,254,255,257,258,259,260,261,262,273,:
257:247,248,254,255,256,258,259,260,:
258:244,245,247,248,254,255,256,257,259,273,:
259:247,254,255,256,257,258,260,261,262,263,264,273,:
260:90,254,255,256,257,259,261,262,263,264,274,:
261:90,254,255,256,259,260,262,263,264,272,273,274,:
262:87,90,256,259,260,261,263,264,:
263:90,255,259,260,261,262,264,274,529,533,535,:
264:87,90,259,260,261,262,263,:
265:234,237,266,267,268,269,270,271,275,276,:
266:233,234,235,236,237,265,267,268,269,270,275,:
267:234,265,266,268,269,270,271,272,275,276,277,:
268:234,265,266,267,269,270,271,275,276,277,278,279,280,:
269:223,224,226,233,234,235,237,265,266,267,268,270,271,275,276,277,278,285,:
270:245,265,266,267,268,269,271,272,273,274,275,276,:
271:245,265,267,268,269,270,272,273,274,275,276,292,294,:
272:244,245,254,255,261,267,270,271,273,274,294,:
273:244,245,246,247,249,254,255,256,258,259,261,270,271,272,274,:
274:245,254,255,260,261,263,270,271,272,273,292,293,294,:
275:265,266,267,268,269,270,271,276,277,278,279,280,281,284,285,:
276:265,267,268,269,270,271,275,277,278,279,280,:
277:214,229,267,268,269,275,276,278,279,280,281,282,283,284,285,286,:
278:214,268,269,275,276,277,279,280,281,282,284,285,286,287,289,290,292,296,:
279:268,275,276,277,278,280,281,284,285,286,287,289,290,292,296,424,431,432,:
280:229,231,268,275,276,277,278,279,281,282,283,284,285,:
281:275,277,278,279,280,282,283,284,285,:
282:203,205,211,214,231,232,277,278,280,281,283,284,285,:
283:277,280,281,282,:
284:211,214,275,277,278,279,280,281,282,285,286,287,288,289,290,292,295,296,:
285:210,211,212,213,214,221,269,275,277,278,279,280,281,282,284,286,287,288,289,290,295,:
286:211,214,277,278,279,284,285,287,288,289,290,291,292,295,296,297,424,:
287:211,214,278,279,284,285,286,288,289,290,295,296,297,298,299,300,301,304,305,424,:
288:200,201,203,210,211,214,217,284,285,286,287,289,295,296,297,298,304,305,:
289:15,211,214,219,220,278,279,284,285,286,287,288,290,291,292,293,294,295,296,418,:
290:15,220,278,279,284,285,286,287,289,291,292,293,294,418,536,:
291:14,15,17,36,220,241,243,252,286,289,290,292,293,294,463,536,:
292:271,274,278,279,284,286,289,290,291,293,294,431,535,536,:
293:36,241,243,252,274,289,290,291,292,294,463,536,:
294:271,272,274,289,290,291,292,293,535,536,:
295:284,285,286,287,288,289,296,297,298,299,300,301,302,304,305,421,424,:
296:278,279,284,286,287,288,289,295,297,298,299,300,301,302,418,420,421,422,423,424,425,:
297:190,203,286,287,288,295,296,298,299,300,301,302,303,304,305,306,421,424,:
298:190,287,288,295,296,297,299,300,301,304,305,306,307,308,309,311,319,321,421,:
299:287,295,296,297,298,300,304,305,306,307,312,313,319,321,410,414,415,418,420,421,422,424,:
300:287,295,296,297,298,299,301,302,303,304,305,321,421,424,:
301:203,287,295,296,297,298,300,302,303,:
302:295,296,297,300,301,303,428,:
303:203,206,297,300,301,302,:
304:187,190,287,288,295,297,298,299,300,305,306,307,308,309,310,311,312,313,:
305:186,187,189,190,198,200,287,288,295,297,298,299,300,304,306,307,308,309,311,:
306:187,190,297,298,299,304,305,307,308,309,310,311,312,313,314,:
307:178,187,298,299,304,305,306,308,309,310,311,312,313,314,315,317,318,319,410,:
308:177,178,179,184,186,187,190,298,304,305,306,307,309,310,312,313,314,317,318,:
309:34,187,190,298,304,305,306,307,308,310,311,312,313,:
310:34,35,184,304,306,307,308,309,311,312,313,362,:
311:12,15,34,190,193,194,195,196,219,298,304,305,306,307,309,310,:
312:178,299,304,306,307,308,309,310,313,314,315,316,317,318,319,323,324,407,410,:
313:299,304,306,307,308,309,310,312,314,315,316,317,318,319,406,407,409,410,:
314:178,306,307,308,312,313,315,316,317,318,319,320,323,324,325,407,410,:
315:307,312,313,314,316,317,318,323,324,325,326,327,328,406,407,410,:
316:312,313,314,315,317,323,324,325,326,328,399,400,402,403,405,406,407,408,409,410,:
317:307,308,312,313,314,315,316,318,319,320,321,322,323,324,407,410,:
318:307,308,312,313,314,315,317,319,320,321,322,410,:
319:298,299,307,312,313,314,317,318,320,321,322,410,421,:
320:314,317,318,319,321,322,:
321:298,299,300,317,318,319,320,322,421,:
322:317,318,319,320,321,:
323:312,314,315,316,317,324,325,326,327,328,329,330,407,:
324:312,314,315,316,317,323,325,326,327,328,329,330,331,332,:
325:314,315,316,323,324,326,327,328,329,330,331,405,:
326:315,316,323,324,325,327,328,329,331,335,:
327:315,323,324,325,326,328,329,331,335,:
328:315,316,323,324,325,326,327,329,330,331,332,334,335,388,405,:
329:323,324,325,326,327,328,330,331,332,333,334,335,336,337,:
330:176,182,184,323,324,325,328,329,331,332,333,334,335,336,:
331:324,325,326,327,328,329,330,332,333,334,335,336,337,338,353,:
332:173,174,176,182,324,328,329,330,331,333,334,335,336,338,:
333:173,174,175,176,182,183,185,329,330,331,332,334,336,:
334:176,328,329,330,331,332,333,335,336,337,338,354,:
335:326,327,328,329,330,331,332,334,336,337,338,344,347,:
336:172,176,329,330,331,332,333,334,335,337,338,:
337:329,331,334,335,336,338,339,340,341,342,343,344,346,:
338:331,332,334,335,336,337,342,343,344,346,:
339:337,340,341,342,343,344,345,:
340:337,339,341,342,344,345,:
341:337,339,340,342,343,344,345,346,:
342:337,338,339,340,341,343,344,345,346,347,348,349,:
343:337,338,339,341,342,344,345,346,349,:
344:335,337,338,339,340,341,342,343,345,346,347,348,349,350,351,353,354,:
345:339,340,341,342,343,344,346,347,348,349,350,351,353,371,375,384,:
346:43,337,338,341,342,343,344,345,347,348,349,350,351,352,353,354,355,366,371,:
347:43,335,342,344,345,346,348,349,350,351,353,354,355,356,357,358,365,366,370,371,384,:
348:342,344,345,346,347,349,350,351,353,354,355,356,357,365,366,370,371,372,373,375,383,384,385,388,:
349:26,43,44,342,343,344,345,346,347,348,350,351,352,353,354,366,371,:
350:26,43,344,345,346,347,348,349,351,352,353,354,365,366,371,:
351:26,43,344,345,346,347,348,349,350,352,353,354,356,365,366,367,368,370,371,372,375,376,381,384,:
352:43,346,349,350,351,371,381,:
353:26,27,43,44,331,344,345,346,347,348,349,350,351,354,355,356,357,358,359,365,366,371,384,:
354:26,27,43,44,334,344,346,347,348,349,350,351,353,355,356,358,365,366,:
355:26,43,346,347,348,353,354,356,357,358,359,360,361,365,366,367,371,384,:
356:43,347,348,351,353,354,355,357,358,359,361,365,366,367,368,369,370,371,383,384,390,:
357:347,348,353,355,356,358,359,361,365,366,367,368,369,370,371,373,383,384,385,386,388,389,390,395,396,:
358:26,27,28,44,185,347,353,354,355,356,357,359,360,361,362,363,365,366,:
359:185,353,355,356,357,358,360,361,362,363,364,365,:
360:184,355,358,359,361,362,363,364,405,:
361:1,5,6,21,24,355,356,357,358,359,360,362,363,364,365,:
362:20,35,310,358,359,360,361,363,364,404,405,:
363:1,2,3,4,5,6,7,18,20,46,358,359,360,361,362,364,395,:
364:3,4,5,7,18,20,31,35,46,359,360,361,362,363,395,:
365:24,25,26,42,43,347,348,350,351,353,354,355,356,357,358,359,361,366,367,368,369,370,371,384,:
366:24,25,26,27,42,43,44,346,347,348,349,350,351,353,354,355,356,357,358,365,367,368,370,371,:
367:25,42,43,351,355,356,357,365,366,368,369,370,371,372,384,390,:
368:351,356,357,365,366,367,369,370,371,372,373,375,383,384,390,:
369:356,357,365,367,368,370,371,372,373,374,383,384,389,390,396,:
370:347,348,351,356,357,365,366,367,368,369,371,372,373,374,375,376,377,383,384,390,:
371:345,346,347,348,349,350,351,352,353,355,356,357,365,366,367,368,369,370,372,373,375,376,383,384,:
372:348,351,367,368,369,370,371,373,374,375,376,377,383,384,385,390,:
373:348,357,368,369,370,371,372,374,375,376,383,384,385,386,387,388,389,390,:
374:369,370,372,373,375,383,384,385,386,387,389,390,:
375:345,348,351,368,370,371,372,373,374,376,377,378,379,380,381,383,384,:
376:351,370,371,372,373,375,377,378,379,380,381,382,:
377:370,372,375,376,378,379,380,381,382,:
378:375,376,377,379,380,381,382,:
379:375,376,377,378,380,381,382,:
380:375,376,377,378,379,381,382,:
381:351,352,375,376,377,378,379,380,382,:
382:376,377,378,379,380,381,:
383:348,356,357,368,369,370,371,372,373,374,375,384,385,386,387,388,389,390,:
384:345,347,348,351,353,355,356,357,365,367,368,369,370,371,372,373,374,375,383,385,386,388,389,390,:
385:348,357,372,373,374,383,384,386,387,388,389,390,391,:
386:357,373,374,383,384,385,387,388,389,390,391,392,394,:
387:373,374,383,385,386,388,389,390,391,392,393,:
388:328,348,357,373,383,384,385,386,387,389,390,:
389:357,369,373,374,383,384,385,386,387,388,390,391,392,393,394,395,396,:
390:356,357,367,368,369,370,372,373,374,383,384,385,386,387,388,389,391,392,394,395,396,:
391:385,386,387,389,390,392,393,394,395,396,512,:
392:386,387,389,390,391,393,394,395,396,511,:
393:387,389,391,392,394,396,502,504,511,512,:
394:386,389,390,391,392,393,395,396,504,:
395:357,363,364,389,390,391,392,394,396,:
396:357,369,389,390,391,392,393,394,395,504,:
397:398,399,400,401,402,403,405,406,407,510,:
398:397,399,400,401,402,403,509,510,513,515,:
399:316,397,398,400,401,402,403,404,405,406,407,408,510,:
400:316,397,398,399,401,402,403,406,407,408,409,410,411,:
401:397,398,399,400,402,406,407,408,411,510,515,516,:
402:316,397,398,399,400,401,403,404,405,406,407,510,:
403:316,397,398,399,400,402,404,405,512,:
404:362,399,402,403,405,455,512,:
405:316,325,328,360,362,397,399,402,403,404,:
406:313,315,316,397,399,400,401,402,407,408,409,410,411,412,413,:
407:312,313,314,315,316,317,323,397,399,400,401,402,406,408,409,410,411,412,:
408:316,399,400,401,406,407,409,410,411,412,413,414,:
409:313,316,400,406,407,408,410,411,412,413,414,415,416,417,419,:
410:299,307,312,313,314,315,316,317,318,319,400,406,407,408,409,411,412,413,414,415,417,419,421,:
411:400,401,406,407,408,409,410,412,413,:
412:406,407,408,409,410,411,413,414,415,416,417,418,419,420,421,519,:
413:406,408,409,410,411,412,414,415,416,417,419,519,521,523,:
414:299,408,409,410,412,413,415,416,417,418,419,420,421,422,:
415:299,409,410,412,413,414,416,417,418,419,420,421,422,423,424,425,429,430,:
416:409,412,413,414,415,417,418,420,421,422,423,429,430,523,524,533,:
417:409,410,412,413,414,415,416,418,419,420,421,519,533,535,536,:
418:15,289,290,296,299,412,414,415,416,417,419,420,421,535,536,:
419:409,410,412,413,414,415,417,418,519,:
420:296,299,412,414,415,416,417,418,421,422,423,424,425,426,429,430,:
421:295,296,297,298,299,300,319,321,410,412,414,415,416,417,418,420,422,423,424,425,:
422:296,299,414,415,416,420,421,423,424,425,426,427,428,429,430,431,:
423:296,415,416,420,421,422,424,425,426,427,429,430,431,432,433,:
424:279,286,287,295,296,297,299,300,415,420,421,422,423,425,426,429,430,431,432,:
425:296,415,420,421,422,423,424,426,427,428,429,430,:
426:420,422,423,424,425,427,428,429,430,:
427:422,423,425,426,428,429,430,:
428:302,422,425,426,427,:
429:415,416,420,422,423,424,425,426,427,430,431,432,433,:
430:415,416,420,422,423,424,425,426,427,429,431,432,433,:
431:279,292,422,423,424,429,430,432,433,:
432:279,423,424,429,430,431,433,:
433:423,429,430,431,432,:
434:435,436,437,438,439,440,517,:
435:434,436,437,438,439,513,514,515,516,517,522,528,:
436:84,85,434,435,437,438,439,440,441,517,528,531,:
437:84,434,435,436,438,439,440,441,442,443,444,514,517,518,531,:
438:434,435,436,437,439,440,441,444,506,507,513,514,515,517,518,:
439:79,83,84,85,434,435,436,437,438,440,441,442,443,444,445,446,447,448,514,530,531,:
440:78,79,80,83,84,85,434,436,437,438,439,441,442,443,444,445,446,528,530,531,:
441:436,437,438,439,440,442,443,444,445,446,447,448,449,451,501,507,514,531,:
442:437,439,440,441,443,444,445,446,447,448,449,450,451,452,456,501,520,530,531,:
443:83,84,437,439,440,441,442,444,445,446,447,448,449,450,451,456,457,520,530,531,532,534,:
444:78,79,437,438,439,440,441,442,443,445,446,447,448,451,492,500,501,:
445:78,79,80,82,83,84,439,440,441,442,443,444,446,447,448,450,451,560,561,:
446:78,79,82,83,439,440,441,442,443,444,445,447,448,449,450,451,456,458,560,561,:
447:439,441,442,443,444,445,446,448,449,450,451,452,453,455,456,457,501,520,:
448:439,441,442,443,444,445,446,447,449,450,451,452,453,455,491,492,497,498,499,500,501,507,520,:
449:16,441,442,443,446,447,448,450,451,452,453,454,455,456,457,458,466,:
450:16,442,443,445,446,447,448,449,451,452,453,456,457,458,459,461,464,465,466,:
451:79,441,442,443,444,445,446,447,448,449,450,452,456,457,458,459,465,466,490,496,560,:
452:10,33,442,447,448,449,450,451,453,454,455,456,457,466,469,489,498,:
453:447,448,449,450,452,454,455,498,501,:
454:9,32,46,449,452,453,455,489,498,:
455:8,9,10,11,12,13,404,447,448,449,452,453,454,:
456:14,16,33,442,443,446,447,449,450,451,452,457,458,459,460,461,462,463,464,465,466,:
457:10,11,14,16,17,33,36,37,443,447,449,450,451,452,456,458,459,461,462,463,464,465,466,:
458:16,82,446,449,450,451,456,457,459,460,461,462,463,464,465,466,467,560,:
459:33,450,451,456,457,458,460,461,462,463,464,465,466,467,468,469,470,473,496,:
460:456,458,459,461,462,463,465,466,467,468,470,473,496,553,555,:
461:16,36,251,252,253,450,456,457,458,459,460,462,463,464,465,466,:
462:14,16,17,33,36,37,242,243,251,252,253,456,457,458,459,460,461,463,464,465,466,:
463:14,16,17,36,37,242,243,251,252,253,291,293,456,457,458,459,460,461,462,464,:
464:16,81,82,83,86,92,252,450,456,457,458,459,461,462,463,534,:
465:33,450,451,456,457,458,459,460,461,462,466,467,468,469,470,471,472,473,474,496,:
466:9,10,32,33,37,449,450,451,452,456,457,458,459,460,461,462,465,467,468,469,470,471,472,473,:
467:33,458,459,460,465,466,468,469,470,471,472,473,474,475,480,496,:
468:459,460,465,466,467,469,470,471,472,473,474,475,476,477,478,479,480,481,488,489,494,496,:
469:32,33,452,459,465,466,467,468,470,471,472,474,475,476,477,480,481,483,488,489,490,494,496,:
470:32,33,63,459,460,465,466,467,468,469,471,472,473,474,477,480,:
471:9,10,32,33,37,465,466,467,468,469,470,472,473,474,477,:
472:9,10,32,33,47,465,466,467,468,469,470,471,473,474,475,476,477,:
473:33,37,63,76,77,459,460,465,466,467,468,470,471,472,:
474:465,467,468,469,470,471,472,475,476,477,478,479,480,481,488,489,494,496,:
475:467,468,469,472,474,476,477,478,479,480,481,482,483,487,488,489,494,:
476:468,469,472,474,475,477,478,479,480,481,482,483,485,486,487,488,489,:
477:32,468,469,470,471,472,474,475,476,478,480,481,482,487,489,:
478:55,57,58,59,468,474,475,476,477,479,480,481,482,:
479:54,55,56,59,468,474,475,476,478,480,:
480:56,59,60,61,62,63,467,468,469,470,474,475,476,477,478,479,:
481:468,469,474,475,476,477,478,482,483,484,485,486,487,488,489,:
482:475,476,477,478,481,483,484,485,486,487,488,489,490,498,:
483:469,475,476,481,482,484,485,486,487,488,489,490,491,493,494,497,498,:
484:481,482,483,485,486,488,489,490,491,492,493,497,498,499,:
485:476,481,482,483,484,486,487,488,489,:
486:476,481,482,483,484,485,487,488,489,498,503,504,:
487:475,476,477,481,482,483,485,486,488,489,:
488:468,469,474,475,476,481,482,483,484,485,486,487,489,490,491,492,493,494,496,497,498,:
489:452,454,468,469,474,475,476,477,481,482,483,484,485,486,487,488,490,491,493,494,496,497,498,:
490:451,469,482,483,484,488,489,491,492,493,494,495,496,497,498,499,:
491:448,483,484,488,489,490,492,493,494,497,498,499,500,501,502,:
492:444,448,484,488,490,491,493,497,498,499,500,501,:
493:483,484,488,489,490,491,492,494,495,496,497,:
494:468,469,474,475,483,488,489,490,491,493,495,496,:
495:490,493,494,496,564,:
496:451,459,460,465,467,468,469,474,488,489,490,493,494,495,558,559,560,561,:
497:448,483,484,488,489,490,491,492,493,498,499,500,501,502,503,505,:
498:448,452,453,454,482,483,484,486,488,489,490,491,492,497,499,500,501,502,503,504,:
499:448,484,490,491,492,497,498,500,501,502,503,504,505,:
500:444,448,491,492,497,498,499,501,502,503,506,507,:
501:441,442,444,447,448,453,491,492,497,498,499,500,502,506,507,512,:
502:393,491,497,498,499,500,501,503,504,505,:
503:486,497,498,499,500,502,504,505,:
504:393,394,396,486,498,499,502,503,505,:
505:497,499,502,503,504,:
506:438,500,501,507,508,509,510,511,512,513,514,:
507:438,441,448,500,501,506,508,509,510,511,512,513,514,515,520,:
508:506,507,509,510,511,512,513,514,515,:
509:398,506,507,508,510,511,512,513,514,515,516,518,520,:
510:397,398,399,401,402,506,507,508,509,511,512,513,514,515,516,:
511:392,393,506,507,508,509,510,512,513,514,:
512:391,393,403,404,501,506,507,508,509,510,511,513,520,:
513:398,435,438,506,507,508,509,510,511,512,514,515,516,517,518,519,520,:
514:435,437,438,439,441,506,507,508,509,510,511,513,515,516,517,518,520,:
515:398,401,435,438,507,508,509,510,513,514,516,517,518,519,520,:
516:401,435,509,510,513,514,515,517,518,519,520,521,522,:
517:434,435,436,437,438,513,514,515,516,518,519,521,522,:
518:437,438,509,513,514,515,516,517,519,520,528,530,531,:
519:412,413,417,419,513,515,516,517,518,520,521,527,528,529,530,531,532,:
520:442,443,447,448,507,509,512,513,514,515,516,518,519,531,:
521:413,516,517,519,522,523,524,525,526,527,528,:
522:435,516,517,521,523,524,525,526,527,528,:
523:413,416,521,522,524,525,526,527,528,529,533,:
524:416,521,522,523,525,526,527,:
525:521,522,523,524,526,:
526:521,522,523,524,525,527,528,529,530,532,533,:
527:519,521,522,523,524,526,528,529,530,531,532,533,534,535,:
528:84,85,435,436,440,518,519,521,522,523,526,527,529,530,531,532,533,534,:
529:263,519,523,526,527,528,530,531,532,533,534,535,536,:
530:83,84,85,439,440,442,443,518,519,526,527,528,529,531,532,533,534,536,:
531:83,84,85,436,437,439,440,441,442,443,518,519,520,527,528,529,530,532,534,:
532:443,519,526,527,528,529,530,531,533,534,535,536,:
533:263,416,417,523,526,527,528,529,530,532,534,535,536,:
534:16,443,464,527,528,529,530,531,532,533,535,536,:
535:263,292,294,417,418,527,529,532,533,534,536,:
536:16,290,291,292,293,294,417,418,529,530,532,533,534,535,:
537:538,539,540,541,542,543,544,:
538:537,539,540,541,542,543,544,545,:
539:70,71,72,73,74,75,537,538,540,541,542,543,544,545,:
540:71,73,75,76,77,240,537,538,539,541,542,543,544,:
541:73,75,76,77,238,239,240,242,537,538,539,540,542,543,544,545,:
542:72,74,537,538,539,540,541,543,544,545,546,547,:
543:537,538,539,540,541,542,544,545,546,547,:
544:235,236,537,538,539,540,541,542,543,545,546,547,:
545:123,126,225,538,539,541,542,543,544,546,547,:
546:123,126,224,225,235,542,543,544,545,547,:
547:121,123,126,542,543,544,545,546,:
548:250,251,253,549,550,551,552,553,554,:
549:77,250,251,252,253,548,550,551,552,553,:
550:253,548,549,551,552,553,554,555,:
551:548,549,550,552,553,554,:
552:91,92,246,249,548,549,550,551,553,554,:
553:92,253,460,548,549,550,551,552,554,555,556,557,:
554:548,550,551,552,553,555,556,557,558,:
555:82,92,460,550,553,554,556,557,558,559,560,561,562,:
556:82,553,554,555,557,558,559,560,561,562,563,564,:
557:553,554,555,556,558,559,560,562,563,564,:
558:82,496,554,555,556,557,559,560,561,562,563,564,:
559:79,81,82,496,555,556,557,558,560,561,562,563,564,:
560:78,79,81,82,445,446,451,458,496,555,556,557,558,559,561,562,564,:
561:78,79,82,445,446,496,555,556,558,559,560,562,563,564,:
562:555,556,557,558,559,560,561,563,564,:
563:556,557,558,559,561,562,564,:
564:495,556,557,558,559,560,561,562,563,:
