1:2,3,4,5,6,22,96,97,100,164,283,284,286,287,289,:
2:1,3,4,5,6,21,22,27,28,96,97,100,162,163,164,287,289,:
3:1,2,4,5,6,22,53,96,100,245,283,284,286,287,288,289,:
4:1,2,3,5,6,22,28,96,97,98,100,136,137,159,162,163,164,289,:
5:1,2,3,4,6,87,96,97,99,100,215,216,217,284,286,289,:
6:1,2,3,4,5,21,22,23,27,28,29,162,163,164,287,288,289,:
7:8,9,10,11,12,13,14,46,47,48,272,:
8:7,9,10,11,12,13,46,:
9:7,8,10,11,12,13,14,15,46,48,50,51,270,271,272,:
10:7,8,9,11,12,13,14,15,16,17,18,48,50,73,:
11:7,8,9,10,12,13,14,15,16,17,48,72,73,74,:
12:7,8,9,10,11,13,14,17,270,271,272,303,308,309,:
13:7,8,9,10,11,12,14,15,16,17,18,19,48,50,73,309,:
14:7,9,10,11,12,13,15,16,17,18,19,48,50,51,52,271,308,309,:
15:9,10,11,13,14,16,17,18,19,20,71,73,:
16:10,11,13,14,15,17,18,19,30,31,73,:
17:10,11,12,13,14,15,16,18,31,312,313,315,:
18:10,13,14,15,16,17,19,20,21,22,23,24,25,26,309,:
19:13,14,15,16,18,20,21,22,23,24,25,71,:
20:15,18,19,21,22,23,24,25,26,27,28,126,338,:
21:2,6,18,19,20,22,23,24,25,26,27,28,29,338,340,:
22:1,2,3,4,6,18,19,20,21,23,24,25,27,28,29,340,:
23:6,18,19,20,21,22,24,25,26,27,28,29,39,309,338,340,:
24:18,19,20,21,22,23,25,26,27,28,29,36,37,39,315,326,:
25:18,19,20,21,22,23,24,26,27,29,36,37,39,125,126,326,:
26:18,20,21,23,24,25,27,28,29,36,37,38,39,315,326,327,:
27:2,6,20,21,22,23,24,25,26,28,29,39,162,163,164,308,309,340,:
28:2,4,6,20,21,22,23,24,26,27,29,162,163,164,308,309,340,:
29:6,21,22,23,24,25,26,27,28,39,162,163,164,315,327,:
30:16,31,32,33,34,35,36,:
31:16,17,30,32,33,35,36,:
32:30,31,33,34,35,36,37,:
33:30,31,32,34,35,36,:
34:30,32,33,35,:
35:30,31,32,33,34,36,37,38,39,:
36:24,25,26,30,31,32,33,35,37,38,39,326,:
37:24,25,26,32,35,36,38,39,315,326,327,:
38:26,35,36,37,39,:
39:23,24,25,26,27,29,35,36,37,38,315,326,327,:
40:41,42,43,44,45,46,54,55,:
41:40,42,43,44,45,74,:
42:40,41,43,44,45,46,47,48,54,55,56,:
43:40,41,42,44,45,46,47,48,54,55,56,57,58,59,60,64,65,:
44:40,41,42,43,45,46,48,54,55,56,57,58,59,60,62,64,65,66,67,69,74,:
45:40,41,42,43,44,46,47,48,49,50,54,55,74,:
46:7,8,9,40,42,43,44,45,47,48,49,50,51,54,55,60,65,:
47:7,42,43,45,46,48,49,50,51,52,54,55,60,:
48:7,9,10,11,13,14,42,43,44,45,46,47,49,50,51,52,53,54,55,59,60,65,:
49:45,46,47,48,50,51,52,53,54,55,60,270,271,272,:
50:9,10,13,14,45,46,47,48,49,51,52,53,59,60,61,65,271,:
51:9,14,46,47,48,49,50,52,53,59,60,247,270,271,272,282,:
52:14,47,48,49,50,51,53,60,247,268,270,271,272,281,282,283,287,288,:
53:3,48,49,50,51,52,59,60,245,247,270,271,281,282,283,287,288,:
54:40,42,43,44,45,46,47,48,49,55,56,57,58,59,60,65,:
55:40,42,43,44,45,46,47,48,49,54,56,57,60,248,:
56:42,43,44,54,55,57,58,59,60,61,65,248,:
57:43,44,54,55,56,58,59,60,61,62,64,65,:
58:43,44,54,56,57,59,60,61,62,63,64,65,67,:
59:43,44,48,50,51,53,54,56,57,58,60,61,62,63,64,65,:
60:43,44,46,47,48,49,50,51,52,53,54,55,56,57,58,59,61,62,64,65,247,:
61:50,56,57,58,59,60,62,63,64,65,66,:
62:44,57,58,59,60,61,63,64,65,66,67,69,70,71,:
63:58,59,61,62,64,65,66,67,:
64:43,44,57,58,59,60,61,62,63,65,66,67,68,69,70,71,72,:
65:43,44,46,48,50,54,56,57,58,59,60,61,62,63,64,66,67,69,70,71,72,74,:
66:44,61,62,63,64,65,67,68,69,70,71,72,74,:
67:44,58,62,63,64,65,66,68,69,70,:
68:64,66,67,69,:
69:44,62,64,65,66,67,68,70,71,72,73,74,:
70:62,64,65,66,67,69,71,72,73,74,:
71:15,19,62,64,65,66,69,70,72,73,74,:
72:11,64,65,66,69,70,71,73,74,:
73:10,11,13,15,16,69,70,71,72,74,:
74:11,41,44,45,65,66,69,70,71,72,73,:
75:76,77,78,79,80,81,88,89,:
76:75,77,78,80,88,89,:
77:75,76,78,79,80,81,82,88,89,90,:
78:75,76,77,79,80,81,88,89,90,91,92,93,102,:
79:75,77,78,80,81,88,89,90,91,92,101,102,:
80:75,76,77,78,79,81,82,83,88,89,236,:
81:75,77,78,79,80,82,83,84,85,86,88,89,236,:
82:77,80,81,83,84,85,86,87,89,236,:
83:80,81,82,84,85,86,87,217,236,242,:
84:81,82,83,85,86,87,214,215,217,234,235,236,:
85:81,82,83,84,86,87,99,214,215,217,224,233,234,235,236,:
86:81,82,83,84,85,87,217,234,235,236,238,242,:
87:5,82,83,84,85,86,99,214,215,216,217,234,235,236,238,:
88:75,76,77,78,79,80,81,89,90,91,92,93,94,95,:
89:75,76,77,78,79,80,81,82,88,90,91,93,94,95,:
90:77,78,79,88,89,91,92,93,94,95,102,:
91:78,79,88,89,90,92,93,94,102,111,121,122,123,:
92:78,79,88,90,91,93,101,102,103,104,106,110,111,115,116,122,:
93:78,88,89,90,91,92,94,95,96,123,126,338,:
94:88,89,90,91,93,95,96,97,338,:
95:88,89,90,93,94,96,97,98,99,100,108,338,340,:
96:1,2,3,4,5,93,94,95,97,98,99,100,217,338,340,:
97:1,2,4,5,94,95,96,98,99,100,135,136,137,215,216,217,:
98:4,95,96,97,99,100,108,133,134,135,136,137,215,216,217,339,340,:
99:5,85,87,95,96,97,98,100,135,137,215,216,217,226,:
100:1,2,3,4,5,95,96,97,98,99,135,136,137,164,215,216,217,:
101:79,92,102,103,104,105,106,107,109,110,111,:
102:78,79,90,91,92,101,103,104,106,107,110,111,:
103:92,101,102,104,105,106,107,108,109,110,111,112,:
104:92,101,102,103,105,106,107,110,111,112,113,114,115,:
105:101,103,104,106,110,111,112,113,114,:
106:92,101,102,103,104,105,107,108,109,110,111,334,:
107:101,102,103,104,106,108,109,226,:
108:95,98,103,106,107,109,132,226,334,335,336,337,:
109:101,103,106,107,108,127,225,226,:
110:92,101,102,103,104,105,106,111,112,113,114,115,116,333,:
111:91,92,101,102,103,104,105,106,110,112,113,115,116,:
112:103,104,105,110,111,113,114,115,116,117,333,:
113:104,105,110,111,112,114,115,116,:
114:104,105,110,112,113,115,:
115:92,104,110,111,112,113,114,116,117,118,122,333,:
116:92,110,111,112,113,115,117,118,119,120,121,122,332,333,:
117:112,115,116,118,119,120,121,122,123,124,125,:
118:115,116,117,119,120,121,122,123,124,125,126,325,331,:
119:116,117,118,120,121,122,124,125,126,324,325,329,331,332,:
120:116,117,118,119,121,122,123,124,125,126,325,336,:
121:91,116,117,118,119,120,122,123,124,125,126,:
122:91,92,115,116,117,118,119,120,121,123,124,126,:
123:91,93,117,118,120,121,122,124,125,126,:
124:117,118,119,120,121,122,123,125,126,325,336,338,:
125:25,117,118,119,120,121,123,124,126,323,324,325,326,336,338,:
126:20,25,93,118,119,120,121,122,123,124,125,325,336,338,:
127:109,128,129,130,131,132,133,:
128:127,129,130,131,132,:
129:127,128,130,131,132,133,134,135,213,:
130:127,128,129,131,132,133,135,213,:
131:127,128,129,130,132,133,134,135,139,185,:
132:108,127,128,129,130,131,133,134,135,136,137,320,:
133:98,127,129,130,131,132,134,135,136,137,188,320,:
134:98,129,131,132,133,135,136,137,142,188,319,320,321,337,339,:
135:97,98,99,100,129,130,131,132,133,134,136,137,186,187,188,190,213,215,216,:
136:4,97,98,100,132,133,134,135,137,142,157,158,163,164,187,188,190,320,339,:
137:4,97,98,99,100,132,133,134,135,136,164,186,187,188,190,215,216,:
138:139,140,141,142,143,144,145,146,150,184,185,321,:
139:131,138,140,141,142,143,144,145,146,184,185,186,187,188,189,:
140:138,139,141,142,143,144,145,146,150,151,156,321,:
141:138,139,140,142,143,144,150,151,152,153,154,155,156,187,188,189,321,:
142:134,136,138,139,140,141,143,150,151,152,153,156,157,184,185,186,187,188,189,190,321,:
143:138,139,140,141,142,144,145,146,147,148,150,156,175,176,184,:
144:138,139,140,141,143,145,146,147,148,149,175,184,:
145:138,139,140,143,144,146,147,148,149,:
146:138,139,140,143,144,145,147,148,149,175,178,179,180,184,:
147:143,144,145,146,148,149,:
148:143,144,145,146,147,149,:
149:144,145,146,147,148,:
150:138,140,141,142,143,151,152,153,154,155,156,157,158,176,188,321,:
151:140,141,142,150,152,153,154,155,156,157,158,159,188,321,:
152:141,142,150,151,153,154,155,156,157,158,159,160,161,162,165,172,187,188,189,190,:
153:141,142,150,151,152,154,156,157,158,159,160,161,165,166,168,171,172,173,176,177,187,188,189,190,:
154:141,150,151,152,153,155,156,157,158,177,:
155:141,150,151,152,154,156,:
156:140,141,142,143,150,151,152,153,154,155,:
157:136,142,150,151,152,153,154,158,159,160,161,162,163,164,165,166,188,190,:
158:136,150,151,152,153,154,157,159,160,161,162,163,164,:
159:4,151,152,153,157,158,160,161,162,163,164,165,166,167,172,190,297,:
160:152,153,157,158,159,161,162,163,165,166,167,168,170,171,172,296,297,:
161:152,153,157,158,159,160,162,165,166,167,168,169,170,171,172,177,295,296,297,298,:
162:2,4,6,27,28,29,152,157,158,159,160,161,163,164,165,166,297,:
163:2,4,6,27,28,29,136,157,158,159,160,162,164,340,:
164:1,2,4,6,27,28,29,100,136,137,157,158,159,162,163,339,340,:
165:152,153,157,159,160,161,162,166,167,168,169,170,171,172,297,:
166:153,157,159,160,161,162,165,167,168,170,171,172,190,289,:
167:159,160,161,165,166,168,169,170,171,172,173,297,:
168:153,160,161,165,166,167,169,170,171,172,173,174,176,177,:
169:161,165,167,168,170,171,172,173,174,176,177,298,:
170:160,161,165,166,167,168,169,171,295,296,297,298,300,:
171:153,160,161,165,166,167,168,169,170,172,173,174,175,176,177,:
172:152,153,159,160,161,165,166,167,168,169,171,173,174,175,176,177,179,189,:
173:153,167,168,169,171,172,174,175,176,177,:
174:168,169,171,172,173,175,176,178,179,:
175:143,144,146,171,172,173,174,176,179,:
176:143,150,153,168,169,171,172,173,174,175,177,:
177:153,154,161,168,169,171,172,173,176,298,:
178:146,174,179,180,181,182,183,184,189,191,192,:
179:146,172,174,175,178,180,181,183,184,187,189,191,192,:
180:146,178,179,181,182,183,184,185,191,192,193,:
181:178,179,180,182,183,184,191,192,193,194,195,196,:
182:178,180,181,183,191,192,193,194,195,:
183:178,179,180,181,182,184,185,186,187,189,191,192,204,:
184:138,139,142,143,144,146,178,179,180,181,183,185,186,187,188,189,190,:
185:131,138,139,142,180,183,184,186,187,188,189,190,:
186:135,137,139,142,183,184,185,187,188,189,190,204,216,:
187:135,136,137,139,141,142,152,153,179,183,184,185,186,188,189,190,:
188:133,134,135,136,137,139,141,142,150,151,152,153,157,184,185,186,187,189,190,:
189:139,141,142,152,153,172,178,179,183,184,185,186,187,188,190,:
190:135,136,137,142,152,153,157,159,166,184,185,186,187,188,189,216,:
191:178,179,180,181,182,183,192,193,194,195,196,197,198,199,:
192:178,179,180,181,182,183,191,193,194,196,197,198,:
193:180,181,182,191,192,194,195,196,197,198,199,:
194:181,182,191,192,193,195,196,197,198,199,:
195:181,182,191,193,194,196,199,:
196:181,191,192,193,194,195,197,198,199,208,:
197:191,192,193,194,196,198,199,204,205,206,208,:
198:191,192,193,194,196,197,199,202,203,204,205,206,207,208,:
199:191,193,194,195,196,197,198,208,:
200:201,202,203,204,205,206,207,209,210,:
201:200,202,203,204,205,206,207,209,210,219,:
202:198,200,201,203,204,205,206,207,208,209,210,211,:
203:198,200,201,202,204,205,206,207,208,209,210,211,212,214,219,:
204:183,186,197,198,200,201,202,203,205,206,207,208,209,210,211,214,:
205:197,198,200,201,202,203,204,206,207,208,209,210,:
206:197,198,200,201,202,203,204,205,207,208,209,210,:
207:198,200,201,202,203,204,205,206,208,209,210,211,214,238,:
208:196,197,198,199,202,203,204,205,206,207,:
209:200,201,202,203,204,205,206,207,210,211,212,213,214,215,218,219,:
210:200,201,202,203,204,205,206,207,209,211,212,213,214,218,219,:
211:202,203,204,207,209,210,212,213,214,215,216,217,218,219,220,:
212:203,209,210,211,213,214,215,216,217,218,219,220,221,222,223,224,226,:
213:129,130,135,209,210,211,212,214,215,216,217,218,219,220,221,223,224,226,:
214:84,85,87,203,204,207,209,210,211,212,213,215,216,217,218,219,235,:
215:5,84,85,87,97,98,99,100,135,137,209,211,212,213,214,216,217,:
216:5,87,97,98,99,100,135,137,186,190,211,212,213,214,215,217,:
217:5,83,84,85,86,87,96,97,98,99,100,211,212,213,214,215,216,224,226,:
218:209,210,211,212,213,214,219,220,221,222,223,224,225,226,:
219:201,203,209,210,211,212,213,214,218,220,221,222,223,224,235,:
220:211,212,213,218,219,221,222,223,224,225,226,:
221:212,213,218,219,220,222,223,224,225,:
222:212,218,219,220,221,223,225,:
223:212,213,218,219,220,221,222,224,225,226,:
224:85,212,213,217,218,219,220,221,223,225,226,233,234,235,:
225:109,218,220,221,222,223,224,226,:
226:99,107,108,109,212,213,217,218,220,223,224,225,:
227:228,229,230,231,232,233,:
228:227,229,230,231,232,233,:
229:227,228,230,231,232,233,234,:
230:227,228,229,231,232,233,:
231:227,228,229,230,232,:
232:227,228,229,230,231,233,234,235,236,:
233:85,224,227,228,229,230,232,234,235,236,:
234:84,85,86,87,224,229,232,233,235,236,:
235:84,85,86,87,214,219,224,232,233,234,236,:
236:80,81,82,83,84,85,86,87,232,233,234,235,:
237:238,239,240,241,242,243,249,250,:
238:86,87,207,237,239,240,241,242,249,250,:
239:237,238,240,241,242,243,244,245,249,250,251,:
240:237,238,239,241,242,243,244,245,249,250,251,252,253,284,285,:
241:237,238,239,240,242,243,245,249,250,251,252,255,280,283,284,285,286,:
242:83,86,237,238,239,240,241,243,244,245,246,247,249,:
243:237,239,240,241,242,244,245,246,247,248,:
244:239,240,242,243,245,246,247,248,:
245:3,53,239,240,241,242,243,244,246,247,248,280,285,:
246:242,243,244,245,247,248,278,:
247:51,52,53,60,242,243,244,245,246,248,279,280,281,:
248:55,56,243,244,245,246,247,278,279,:
249:237,238,239,240,241,242,250,251,252,253,254,255,285,:
250:237,238,239,240,241,249,251,252,253,:
251:239,240,241,249,250,252,253,254,255,256,285,:
252:240,241,249,250,251,253,254,255,256,257,258,259,280,285,:
253:240,249,250,251,252,254,255,256,257,258,275,276,278,280,285,:
254:249,251,252,253,255,256,257,258,259,260,261,280,284,285,:
255:241,249,251,252,253,254,256,257,258,259,261,283,284,285,286,:
256:251,252,253,254,255,257,258,259,260,261,:
257:252,253,254,255,256,258,259,260,261,:
258:252,253,254,255,256,257,259,260,:
259:252,254,255,256,257,258,260,261,:
260:254,256,257,258,259,261,:
261:254,255,256,257,259,260,281,283,284,285,286,287,288,289,:
262:263,264,265,266,267,268,:
263:262,264,265,267,:
264:262,263,265,266,267,268,269,270,272,:
265:262,263,264,266,267,268,269,270,:
266:262,264,265,267,268,269,270,271,272,273,279,281,282,:
267:262,263,264,265,266,268,269,270,271,272,303,:
268:52,262,264,265,266,267,269,270,271,272,281,282,287,288,303,307,:
269:264,265,266,267,268,270,271,272,281,282,283,287,288,289,307,:
270:9,12,49,51,52,53,264,265,266,267,268,269,271,272,282,288,309,:
271:9,12,14,49,50,51,52,53,266,267,268,269,270,272,281,282,287,288,309,:
272:7,9,12,49,51,52,264,266,267,268,269,270,271,282,:
273:266,274,275,276,277,278,279,:
274:273,275,276,277,278,279,:
275:253,273,274,276,277,278,279,280,:
276:253,273,274,275,277,278,279,:
277:273,274,275,276,278,:
278:246,248,253,273,274,275,276,277,279,280,281,:
279:247,248,266,273,274,275,276,278,280,281,282,283,285,:
280:241,245,247,252,253,254,275,278,279,281,282,283,284,285,286,287,:
281:52,53,247,261,266,268,269,271,278,279,280,282,283,284,285,286,287,288,289,:
282:51,52,53,266,268,269,270,271,272,279,280,281,283,284,285,287,288,289,:
283:1,3,52,53,241,255,261,269,279,280,281,282,284,285,286,287,288,289,:
284:1,3,5,240,241,254,255,261,280,281,282,283,285,286,287,288,289,:
285:240,241,245,249,251,252,253,254,255,261,279,280,281,282,283,284,286,287,289,:
286:1,3,5,241,255,261,280,281,283,284,285,287,288,289,:
287:1,2,3,6,52,53,261,268,269,271,280,281,282,283,284,285,286,288,289,:
288:3,6,52,53,261,268,269,270,271,281,282,283,284,286,287,289,307,:
289:1,2,3,4,5,6,166,261,269,281,282,283,284,285,286,287,288,:
290:291,292,293,294,295,296,297,298,299,300,:
291:290,292,293,294,295,296,297,298,299,:
292:290,291,293,294,295,296,297,298,299,300,301,306,:
293:290,291,292,294,295,296,297,298,299,300,301,302,304,305,306,311,:
294:290,291,292,293,295,296,299,300,301,302,305,306,311,:
295:161,170,290,291,292,293,294,296,297,298,299,300,306,:
296:160,161,170,290,291,292,293,294,295,297,298,299,300,305,306,:
297:159,160,161,162,165,167,170,290,291,292,293,295,296,298,299,300,305,306,:
298:161,169,170,177,290,291,292,293,295,296,297,300,:
299:290,291,292,293,294,295,296,297,300,301,302,303,304,305,306,:
300:170,290,292,293,294,295,296,297,298,299,301,302,304,305,306,:
301:292,293,294,299,300,302,303,304,305,306,307,311,:
302:293,294,299,300,301,303,304,305,306,307,308,310,311,314,:
303:12,267,268,299,301,302,304,305,306,307,308,309,310,311,314,:
304:293,299,300,301,302,303,305,306,:
305:293,294,296,297,299,300,301,302,303,304,306,307,308,309,310,311,:
306:292,293,294,295,296,297,299,300,301,302,303,304,305,307,308,310,311,:
307:268,269,288,301,302,303,305,306,308,309,310,311,312,:
308:12,14,27,28,302,303,305,306,307,309,310,311,312,313,314,315,:
309:12,13,14,18,23,27,28,270,271,303,305,307,308,310,311,312,315,:
310:302,303,305,306,307,308,309,311,312,313,314,315,:
311:293,294,301,302,303,305,306,307,308,309,310,312,313,314,315,:
312:17,307,308,309,310,311,313,314,315,:
313:17,308,310,311,312,314,315,:
314:302,303,308,310,311,312,313,315,:
315:17,24,26,29,37,39,308,309,310,311,312,313,314,:
316:317,318,319,320,321,:
317:316,318,319,321,:
318:316,317,319,320,321,:
319:134,316,317,318,320,321,:
320:132,133,134,136,316,318,319,321,337,:
321:134,138,140,141,142,150,151,316,317,318,319,320,:
322:323,324,325,326,327,328,329,330,:
323:125,322,324,325,326,327,328,329,330,331,:
324:119,125,322,323,325,326,327,328,329,330,331,332,334,335,336,337,:
325:118,119,120,124,125,126,322,323,324,326,329,330,331,334,335,336,:
326:24,25,26,36,37,39,125,322,323,324,325,327,328,329,330,337,338,339,340,:
327:26,29,37,39,322,323,324,326,328,339,:
328:322,323,324,326,327,329,330,337,339,:
329:119,322,323,324,325,326,328,330,331,332,333,334,335,336,337,:
330:322,323,324,325,326,328,329,331,332,334,335,337,:
331:118,119,323,324,325,329,330,332,333,334,335,336,337,:
332:116,119,324,329,330,331,333,334,335,:
333:110,112,115,116,329,331,332,334,:
334:106,108,324,325,329,330,331,332,333,335,336,337,338,339,:
335:108,324,325,329,330,331,332,334,336,337,338,339,340,:
336:108,120,124,125,126,324,325,329,331,334,335,337,338,339,340,:
337:108,134,320,324,326,328,329,330,331,334,335,336,338,339,340,:
338:20,21,23,93,94,95,96,124,125,126,326,334,335,336,337,339,340,:
339:98,134,136,164,326,327,328,334,335,336,337,338,340,:
340:21,22,23,27,28,95,96,98,163,164,326,335,336,337,338,339,:
