1:2,3,4,5,6,12,24,29,30,188,323,324,326,332,333,334,335,341,342,343,345,346,347,348,:
2:1,3,4,5,6,7,10,12,23,24,29,30,188,255,256,323,324,326,328,332,333,341,342,347,348,:
3:1,2,4,5,6,12,23,24,29,253,254,255,256,257,323,324,326,332,333,334,337,338,342,348,:
4:1,2,3,5,6,7,8,10,11,12,13,23,24,25,27,28,29,30,31,254,256,328,348,:
5:1,2,3,4,6,7,8,10,12,23,24,27,29,30,253,254,256,264,265,266,268,327,328,330,:
6:1,2,3,4,5,7,8,9,10,12,13,14,23,24,25,27,29,30,31,34,188,190,256,:
7:2,4,5,6,8,9,10,11,12,13,14,15,23,24,25,26,27,29,30,31,32,34,188,189,190,191,266,:
8:4,5,6,7,9,10,11,12,13,14,23,24,25,26,27,28,29,30,31,32,190,191,392,429,430,431,581,:
9:6,7,8,10,11,12,13,14,23,25,26,27,28,32,266,267,268,269,270,271,429,430,431,579,581,:
10:2,4,5,6,7,8,9,11,12,13,23,24,25,26,27,28,29,30,268,302,429,430,431,:
11:4,7,8,9,10,12,23,25,26,27,28,29,30,300,301,302,424,425,426,428,429,430,431,:
12:1,2,3,4,5,6,7,8,9,10,11,23,24,25,27,28,29,30,347,348,366,392,430,:
13:4,6,7,8,9,10,14,15,16,24,25,29,31,32,33,34,35,188,189,190,191,:
14:6,7,8,9,13,15,16,17,18,24,25,31,32,33,34,35,68,73,189,190,191,581,:
15:7,13,14,16,17,18,22,31,32,33,34,35,39,59,68,73,:
16:13,14,15,17,18,19,21,22,31,32,33,34,35,39,68,73,187,:
17:14,15,16,18,19,20,21,22,31,33,34,35,36,37,38,39,67,68,185,187,:
18:14,15,16,17,19,20,21,22,31,33,34,35,36,37,38,39,67,184,185,187,:
19:16,17,18,20,21,22,34,35,36,37,38,39,67,105,107,185,:
20:17,18,19,21,22,35,36,37,38,39,91,92,93,105,139,140,141,:
21:16,17,18,19,20,22,35,36,37,38,39,93,141,159,:
22:15,16,17,18,19,20,21,33,34,35,36,37,38,39,161,:
23:2,3,4,5,6,7,8,9,10,11,12,24,27,28,29,30,254,264,265,266,267,268,289,290,328,330,:
24:1,2,3,4,5,6,7,8,10,12,13,14,23,29,31,34,82,186,188,189,255,256,:
25:4,6,7,8,9,10,11,12,13,14,26,27,28,29,30,31,32,189,190,191,390,392,395,428,429,430,431,579,581,:
26:7,8,9,10,11,25,27,28,32,267,269,270,271,429,430,431,539,579,581,:
27:4,5,6,7,8,9,10,11,12,23,25,26,28,29,30,266,267,268,269,302,430,:
28:4,8,9,10,11,12,23,25,26,27,29,30,300,301,302,366,423,424,425,429,430,431,:
29:1,2,3,4,5,6,7,8,10,11,12,13,23,24,25,27,28,30,188,189,190,347,348,366,390,391,392,430,:
30:1,2,4,5,6,7,8,10,11,12,23,25,27,28,29,327,328,347,348,366,:
31:4,6,7,8,13,14,15,16,17,18,24,25,32,33,34,35,80,82,187,188,189,190,:
32:7,8,9,13,14,15,16,25,26,31,33,34,71,73,190,191,578,579,581,:
33:13,14,15,16,17,18,22,31,32,34,35,58,59,63,65,66,67,68,69,71,73,74,75,:
34:6,7,13,14,15,16,17,18,19,22,24,31,32,33,35,66,68,80,82,187,:
35:13,14,15,16,17,18,19,20,21,22,31,33,34,36,82,184,185,187,:
36:17,18,19,20,21,22,35,37,91,105,106,107,110,111,113,115,183,184,185,:
37:17,18,19,20,21,22,36,38,91,92,93,105,107,115,136,137,138,139,140,141,:
38:17,18,19,20,21,22,37,39,93,97,139,140,141,142,158,159,160,600,601,602,603,:
39:15,16,17,18,19,20,21,22,38,160,162,577,603,:
40:41,42,43,44,45,46,47,51,52,248,:
41:40,42,43,44,45,46,217,219,:
42:40,41,43,44,45,46,47,48,50,51,52,53,248,251,:
43:40,41,42,44,45,46,51,52,53,54,55,223,228,251,:
44:40,41,42,43,45,51,52,53,54,55,219,220,222,223,228,:
45:40,41,42,43,44,46,47,48,49,50,51,52,79,81,216,222,223,:
46:40,41,42,43,45,47,48,49,50,216,520,521,:
47:40,42,45,46,48,49,50,52,81,248,251,252,257,517,519,520,521,:
48:42,45,46,47,49,50,214,216,520,521,:
49:45,46,47,48,50,214,216,517,519,520,521,:
50:42,45,46,47,48,49,212,214,215,216,:
51:40,42,43,44,45,52,53,54,55,56,81,228,250,251,:
52:40,42,43,44,45,47,51,53,54,55,81,250,251,258,260,261,:
53:42,43,44,51,52,54,55,56,57,62,228,251,262,:
54:43,44,51,52,53,55,56,57,58,59,60,61,62,63,75,226,228,:
55:43,44,51,52,53,54,56,57,58,59,62,63,64,74,75,79,80,81,223,224,226,227,228,:
56:51,53,54,55,57,58,59,60,61,62,63,64,75,228,:
57:53,54,55,56,58,59,60,61,62,63,64,65,75,227,228,231,236,:
58:33,54,55,56,57,59,60,61,62,63,64,65,66,68,69,71,73,74,75,228,236,:
59:15,33,54,55,56,57,58,60,62,63,64,65,66,68,69,71,73,74,75,270,:
60:54,56,57,58,59,61,62,63,64,546,:
61:54,56,57,58,60,62,280,281,546,:
62:53,54,55,56,57,58,59,60,61,262,280,281,:
63:33,54,55,56,57,58,59,60,64,65,66,67,68,69,70,71,74,75,84,226,227,228,235,236,:
64:55,56,57,58,59,60,63,65,66,68,69,70,74,75,84,226,227,228,234,235,236,237,:
65:33,57,58,59,63,64,66,67,68,69,70,71,73,74,75,76,84,236,:
66:33,34,58,59,63,64,65,67,68,69,74,75,76,77,79,83,84,88,89,94,:
67:17,18,19,33,63,65,66,68,74,75,76,77,83,84,88,89,90,93,94,:
68:14,15,16,17,33,34,58,59,63,64,65,66,67,69,70,71,72,73,74,75,:
69:33,58,59,63,64,65,66,68,70,71,72,73,532,545,:
70:63,64,65,68,69,71,72,73,530,531,532,584,587,:
71:32,33,58,59,63,65,68,69,70,72,73,543,544,545,578,582,583,:
72:68,69,70,71,73,543,544,545,546,547,578,582,583,587,:
73:14,15,16,32,33,58,59,65,68,69,70,71,72,270,543,545,578,:
74:33,55,58,59,63,64,65,66,67,68,75,76,77,78,79,80,83,84,89,226,228,:
75:33,54,55,56,57,58,59,63,64,65,66,67,68,74,76,77,79,80,81,83,84,226,227,228,:
76:65,66,67,74,75,77,78,79,80,81,82,83,84,85,89,106,:
77:66,67,74,75,76,78,79,80,83,84,85,86,88,89,105,106,:
78:74,76,77,79,83,84,85,86,87,88,89,105,106,110,111,112,211,212,214,:
79:45,55,66,74,75,76,77,78,80,81,82,83,84,:
80:31,34,55,74,75,76,77,79,81,82,:
81:45,47,51,52,55,75,76,79,80,82,251,253,254,255,:
82:24,31,34,35,76,79,80,81,255,256,:
83:66,67,74,75,76,77,78,79,84,85,86,87,88,89,106,223,224,225,226,227,228,:
84:63,64,65,66,67,74,75,76,77,78,79,83,85,86,88,89,223,224,225,226,227,228,:
85:76,77,78,83,84,86,87,88,89,90,106,224,225,:
86:77,78,83,84,85,87,88,89,90,91,93,94,105,106,:
87:78,83,85,86,88,89,90,91,105,106,130,132,211,:
88:66,67,77,78,83,84,85,86,87,89,90,91,92,93,94,95,105,106,:
89:66,67,74,76,77,78,83,84,85,86,87,88,90,91,93,94,95,105,106,:
90:67,85,86,87,88,89,91,92,93,94,95,105,106,107,130,132,:
91:20,36,37,86,87,88,89,90,92,93,94,105,106,107,108,109,110,114,120,137,:
92:20,37,88,90,91,93,105,106,107,108,109,114,115,119,120,122,125,136,137,138,140,141,142,:
93:20,21,37,38,67,86,88,89,90,91,92,94,95,96,97,98,105,106,:
94:66,67,86,88,89,90,91,93,95,96,97,98,100,:
95:88,89,90,93,94,96,97,98,99,100,101,102,103,528,529,530,532,:
96:93,94,95,97,98,99,100,101,102,103,104,530,601,602,603,:
97:38,93,94,95,96,98,99,100,102,103,104,142,601,602,603,:
98:93,94,95,96,97,99,100,101,102,103,104,134,142,527,602,603,:
99:95,96,97,98,100,101,102,103,104,128,133,134,135,527,:
100:94,95,96,97,98,99,101,102,104,129,133,134,135,527,:
101:95,96,98,99,100,102,103,104,128,133,134,135,526,:
102:95,96,97,98,99,100,101,103,104,142,143,144,145,526,601,602,603,:
103:95,96,97,98,99,101,102,104,142,143,144,600,601,602,603,:
104:96,97,98,99,100,101,102,103,143,144,145,146,526,602,:
105:19,20,36,37,77,78,86,87,88,89,90,91,92,93,106,107,108,109,110,111,114,115,:
106:36,76,77,78,83,85,86,87,88,89,90,91,92,93,105,107,108,109,110,111,207,:
107:19,36,37,90,91,92,105,106,108,109,110,111,112,113,114,115,116,120,137,:
108:91,92,105,106,107,109,110,111,114,115,116,117,119,120,137,201,207,:
109:91,92,105,106,107,108,110,114,115,116,117,119,120,137,201,206,207,:
110:36,78,91,105,106,107,108,109,111,112,113,114,115,201,206,207,:
111:36,78,105,106,107,108,110,112,113,:
112:78,107,110,111,113,340,:
113:36,107,110,111,112,115,182,183,340,:
114:91,92,105,107,108,109,110,115,116,117,118,119,120,136,137,140,196,201,:
115:36,37,92,105,107,108,109,110,113,114,116,117,118,119,120,136,137,140,196,201,:
116:107,108,109,114,115,117,118,119,120,121,137,196,197,200,201,:
117:108,109,114,115,116,118,119,120,121,122,124,136,137,:
118:114,115,116,117,119,120,121,122,136,137,:
119:92,108,109,114,115,116,117,118,120,121,122,123,124,125,136,137,:
120:91,92,107,108,109,114,115,116,117,118,119,121,122,124,125,131,136,137,:
121:116,117,118,119,120,122,123,124,125,126,136,137,138,:
122:92,117,118,119,120,121,123,124,125,126,136,137,138,139,141,142,143,:
123:119,121,122,124,125,126,136,137,138,141,142,143,144,145,:
124:117,119,120,121,122,123,125,126,127,131,136,137,:
125:92,119,120,121,122,123,124,126,127,128,129,130,131,132,136,137,145,:
126:121,122,123,124,125,127,128,129,130,131,132,133,134,142,144,145,148,:
127:124,125,126,128,129,130,131,132,133,134,135,142,144,145,147,148,:
128:99,101,125,126,127,129,130,131,133,134,135,144,145,146,147,148,:
129:100,125,126,127,128,130,131,132,133,134,135,145,:
130:87,90,125,126,127,128,129,131,132,133,134,135,:
131:120,124,125,126,127,128,129,130,132,133,135,:
132:87,90,125,126,127,129,130,131,133,134,135,:
133:99,100,101,126,127,128,129,130,131,132,134,135,:
134:98,99,100,101,126,127,128,129,130,132,133,135,145,148,:
135:99,100,101,127,128,129,130,131,132,133,134,:
136:37,92,114,115,117,118,119,120,121,122,123,124,125,137,138,139,140,141,142,143,153,154,:
137:37,91,92,107,108,109,114,115,116,117,118,119,120,121,122,123,124,125,136,138,139,140,141,142,:
138:37,92,121,122,123,136,137,139,140,141,142,143,153,154,155,:
139:20,37,38,122,136,137,138,140,141,142,153,154,155,156,157,158,159,163,169,:
140:20,37,38,92,114,115,136,137,138,139,141,153,154,155,156,157,158,163,169,:
141:20,21,37,38,92,122,123,136,137,138,139,140,142,143,144,145,153,154,602,:
142:38,92,97,98,102,103,122,123,126,127,136,137,138,139,141,143,144,145,146,151,602,:
143:102,103,104,122,123,136,138,141,142,144,145,146,147,148,150,151,152,602,:
144:102,103,104,123,126,127,128,141,142,143,145,146,147,148,149,150,151,152,:
145:102,104,123,125,126,127,128,129,134,141,142,143,144,146,147,148,149,150,151,:
146:104,128,142,143,144,145,147,148,149,150,151,152,:
147:127,128,143,144,145,146,148,149,150,151,152,:
148:126,127,128,134,143,144,145,146,147,149,150,152,:
149:144,145,146,147,148,150,151,152,:
150:143,144,145,146,147,148,149,151,152,:
151:142,143,144,145,146,147,149,150,152,602,:
152:143,144,146,147,148,149,150,151,:
153:136,138,139,140,141,154,155,156,157,158,159,163,169,:
154:136,138,139,140,141,153,155,156,158,159,163,169,:
155:138,139,140,153,154,156,157,158,159,160,163,164,169,171,:
156:139,140,153,154,155,157,158,159,163,164,165,167,168,169,170,171,179,:
157:139,140,153,155,156,158,163,164,165,166,169,170,171,172,173,175,178,179,193,:
158:38,139,140,153,154,155,156,157,159,160,161,162,163,171,:
159:21,38,139,153,154,155,156,158,160,161,162,600,:
160:38,39,155,158,159,161,162,:
161:22,158,159,160,162,185,187,:
162:39,158,159,160,161,594,596,599,600,:
163:139,140,153,154,155,156,157,158,164,165,166,167,168,169,171,:
164:155,156,157,163,165,166,167,168,169,171,179,192,193,195,196,:
165:156,157,163,164,166,167,168,169,170,171,179,192,193,:
166:157,163,164,165,167,170,171,179,192,193,194,195,:
167:156,163,164,165,166,168,169,196,:
168:156,163,164,165,167,169,:
169:139,140,153,154,155,156,157,163,164,165,167,168,:
170:156,157,165,166,171,172,173,174,175,176,177,178,179,193,:
171:155,156,157,158,163,164,165,166,170,172,173,175,177,178,179,193,:
172:157,170,171,173,174,175,176,177,178,179,180,193,:
173:157,170,171,172,174,175,176,177,178,179,180,181,183,184,186,192,193,:
174:170,172,173,175,176,178,179,180,181,183,184,186,192,193,:
175:157,170,171,172,173,174,176,177,178,179,185,:
176:170,172,173,174,175,177,178,185,187,188,189,:
177:170,171,172,173,175,176,:
178:157,170,171,172,173,174,175,176,179,180,181,182,183,184,185,186,192,193,:
179:156,157,164,165,166,170,171,172,173,174,175,178,180,181,182,183,184,185,192,193,:
180:172,173,174,178,179,181,182,183,184,185,186,192,193,194,339,:
181:173,174,178,179,180,182,183,184,192,193,194,195,196,339,:
182:113,178,179,180,181,183,192,193,194,195,196,339,:
183:36,113,173,174,178,179,180,181,182,184,185,186,187,188,192,193,:
184:18,35,36,173,174,178,179,180,181,183,185,186,187,188,189,:
185:17,18,19,35,36,161,175,176,178,179,180,183,184,186,187,188,189,190,191,:
186:24,173,174,178,180,183,184,185,187,188,189,190,342,:
187:16,17,18,31,34,35,161,176,183,184,185,186,188,189,190,191,392,:
188:1,2,6,7,13,24,29,31,176,183,184,185,186,187,189,190,191,342,346,347,348,390,391,392,:
189:7,13,14,24,25,29,31,176,184,185,186,187,188,190,191,390,392,395,:
190:6,7,8,13,14,25,29,31,32,185,186,187,188,189,191,389,390,391,392,393,395,:
191:7,8,13,14,25,32,185,187,188,189,190,389,390,392,393,395,:
192:164,165,166,173,174,178,179,180,181,182,183,193,194,195,196,:
193:157,164,165,166,170,171,172,173,174,178,179,180,181,182,183,192,194,195,196,:
194:166,180,181,182,192,193,195,196,198,:
195:164,166,181,182,192,193,194,196,197,198,:
196:114,115,116,164,167,181,182,192,193,194,195,197,198,:
197:116,195,196,198,199,200,201,202,203,204,205,:
198:194,195,196,197,199,200,201,202,203,204,:
199:197,198,200,201,202,203,204,205,:
200:116,197,198,199,201,202,203,204,205,:
201:108,109,110,114,115,116,197,198,199,200,202,205,:
202:197,198,199,200,201,203,204,205,:
203:197,198,199,200,202,204,205,506,:
204:197,198,199,200,202,203,205,:
205:197,199,200,201,202,203,204,:
206:109,110,207,208,209,210,211,212,:
207:106,108,109,110,206,208,209,211,:
208:206,207,209,210,211,212,213,214,:
209:206,207,208,210,211,212,213,:
210:206,208,209,211,212,213,:
211:78,87,206,207,208,209,210,212,213,214,215,216,:
212:50,78,206,208,209,210,211,213,214,215,216,:
213:208,209,210,211,212,214,215,216,:
214:48,49,50,78,208,211,212,213,215,216,:
215:50,211,212,213,214,216,222,:
216:45,46,48,49,50,211,212,213,214,215,222,223,:
217:41,218,219,220,221,222,223,:
218:217,219,220,221,222,:
219:41,44,217,218,220,221,222,223,224,225,:
220:44,217,218,219,221,222,223,224,225,226,:
221:217,218,219,220,222,223,224,225,:
222:44,45,215,216,217,218,219,220,221,223,224,225,226,228,:
223:43,44,45,55,83,84,216,217,219,220,221,222,224,225,226,227,228,:
224:55,83,84,85,219,220,221,222,223,225,226,227,228,:
225:83,84,85,219,220,221,222,223,224,226,227,228,:
226:54,55,63,64,74,75,83,84,220,222,223,224,225,227,228,229,230,236,:
227:55,57,63,64,75,83,84,223,224,225,226,228,229,230,231,234,235,236,237,:
228:43,44,51,53,54,55,56,57,58,63,64,74,75,83,84,222,223,224,225,226,227,229,236,:
229:226,227,228,230,231,232,233,234,235,236,:
230:226,227,229,231,232,234,235,236,:
231:57,227,229,230,232,233,234,235,236,237,:
232:229,230,231,233,234,235,:
233:229,231,232,234,:
234:64,227,229,230,231,232,233,235,236,237,:
235:63,64,227,229,230,231,232,234,236,237,531,:
236:57,58,63,64,65,226,227,228,229,230,231,234,235,237,:
237:64,227,231,234,235,236,529,531,:
238:239,240,241,242,243,244,247,248,:
239:238,240,241,242,243,247,303,305,314,:
240:238,239,241,242,243,244,245,246,247,248,249,:
241:238,239,240,242,243,244,245,247,248,249,250,252,258,259,313,314,:
242:238,239,240,241,243,244,247,248,249,250,252,258,259,305,306,313,314,315,317,:
243:238,239,240,241,242,244,245,246,247,248,:
244:238,240,241,242,243,245,246,247,248,:
245:240,241,243,244,246,247,248,250,258,:
246:240,243,244,245,:
247:238,239,240,241,242,243,244,245,248,249,250,251,252,253,258,259,314,:
248:40,42,47,238,240,241,242,243,244,245,247,249,250,251,252,258,521,:
249:240,241,242,247,248,250,251,252,253,254,255,258,259,260,265,314,317,521,:
250:51,52,241,242,245,247,248,249,251,252,253,254,258,259,260,261,263,264,265,:
251:42,43,47,51,52,53,81,247,248,249,250,252,253,254,258,259,260,261,264,265,:
252:47,241,242,247,248,249,250,251,253,254,255,256,257,258,259,265,317,520,521,:
253:3,5,81,247,249,250,251,252,254,255,256,257,258,265,317,520,521,:
254:3,4,5,23,81,249,250,251,252,253,255,256,257,258,259,264,265,266,317,:
255:2,3,24,81,82,249,252,253,254,256,257,317,332,333,338,340,519,520,521,:
256:2,3,4,5,6,24,82,252,253,254,255,257,323,332,333,337,338,340,520,521,:
257:3,47,252,253,254,255,256,317,333,338,340,517,518,519,520,521,:
258:52,241,242,245,247,248,249,250,251,252,253,254,259,260,261,262,263,264,265,289,290,:
259:241,242,247,249,250,251,252,254,258,260,261,263,264,265,289,290,:
260:52,249,250,251,258,259,261,262,263,264,265,266,284,289,290,:
261:52,250,251,258,259,260,262,263,264,265,266,267,268,269,275,284,289,290,:
262:53,62,258,260,261,263,264,265,266,267,268,269,270,274,275,276,279,280,284,290,:
263:250,258,259,260,261,262,264,265,283,284,289,290,:
264:5,23,250,251,254,258,259,260,261,262,263,265,266,267,268,269,270,284,289,290,:
265:5,23,249,250,251,252,253,254,258,259,260,261,262,263,264,266,267,268,289,290,:
266:5,7,9,23,27,254,260,261,262,264,265,267,268,269,270,271,275,284,290,:
267:9,23,26,27,261,262,264,265,266,268,269,270,271,272,274,275,283,284,289,290,:
268:5,9,10,23,27,261,262,264,265,266,267,269,270,271,272,273,274,275,283,284,285,288,289,290,293,:
269:9,26,27,261,262,264,266,267,268,270,271,272,273,274,275,284,290,:
270:9,26,59,73,262,264,266,267,268,269,271,272,274,275,:
271:9,26,266,267,268,269,270,272,273,274,275,276,284,293,538,539,541,542,:
272:267,268,269,270,271,273,274,275,276,277,279,283,284,292,293,542,:
273:268,269,271,272,274,275,276,277,278,283,284,292,293,294,297,298,300,538,542,:
274:262,267,268,269,270,271,272,273,275,276,277,278,279,280,282,283,284,290,293,:
275:261,262,266,267,268,269,270,271,272,273,274,276,277,279,280,282,283,284,:
276:262,271,272,273,274,275,277,278,279,280,281,282,283,284,285,293,:
277:272,273,274,275,276,278,279,280,283,284,285,286,287,288,290,292,293,:
278:273,274,276,277,279,283,284,285,286,287,292,293,:
279:262,272,274,275,276,277,278,280,281,282,283,284,:
280:61,62,262,274,275,276,277,279,281,282,:
281:61,62,276,279,280,282,:
282:274,275,276,279,280,281,:
283:263,267,268,272,273,274,275,276,277,278,279,284,285,286,287,288,289,290,291,292,293,:
284:260,261,262,263,264,266,267,268,269,271,272,273,274,275,276,277,278,279,283,285,286,288,289,290,292,293,:
285:268,276,277,278,283,284,286,287,288,289,290,291,292,293,294,:
286:277,278,283,284,285,287,288,289,290,291,292,293,294,295,297,298,299,:
287:277,278,283,285,286,288,291,292,293,294,295,:
288:268,277,283,284,285,286,287,289,290,291,292,293,299,301,302,330,:
289:23,258,259,260,261,263,264,265,267,268,283,284,285,286,288,290,291,330,:
290:23,258,259,260,261,262,263,264,265,266,267,268,269,274,277,283,284,285,286,288,289,291,293,:
291:283,285,286,287,288,289,290,292,299,301,312,330,331,:
292:272,273,277,278,283,284,285,286,287,288,291,293,294,295,296,297,298,299,300,:
293:268,271,272,273,274,276,277,278,283,284,285,286,287,288,290,292,294,295,297,298,299,300,:
294:273,285,286,287,292,293,295,296,297,298,299,300,456,:
295:286,287,292,293,294,296,297,298,:
296:292,294,295,297,:
297:273,286,292,293,294,295,296,298,299,300,301,302,456,:
298:273,286,292,293,294,295,297,299,300,301,302,456,:
299:286,288,291,292,293,294,297,298,300,301,302,410,420,421,422,453,455,456,:
300:11,28,273,292,293,294,297,298,299,301,302,:
301:11,28,288,291,297,298,299,300,302,420,421,422,423,456,:
302:10,11,27,28,288,297,298,299,300,301,420,423,430,:
303:239,304,305,306,307,308,309,313,314,:
304:303,305,306,307,308,:
305:239,242,303,304,306,307,308,309,310,313,314,315,:
306:242,303,304,305,307,308,309,313,314,315,316,317,318,320,463,464,:
307:303,304,305,306,308,309,313,314,315,316,318,320,322,463,464,465,467,:
308:303,304,305,306,307,309,310,311,312,313,314,:
309:303,305,306,307,308,310,311,312,313,314,331,:
310:305,308,309,311,312,331,:
311:308,309,310,312,:
312:291,308,309,310,311,329,330,331,:
313:241,242,303,305,306,307,308,309,314,315,316,317,318,319,320,321,322,464,:
314:239,241,242,247,249,303,305,306,307,308,309,313,315,316,317,318,320,321,:
315:242,305,306,307,313,314,316,317,318,319,320,321,322,323,464,467,:
316:306,307,313,314,315,317,318,319,320,321,322,323,324,326,327,329,467,:
317:242,249,252,253,254,255,257,306,313,314,315,316,318,319,321,322,323,326,327,328,329,:
318:306,307,313,314,315,316,317,319,320,321,322,:
319:313,315,316,317,318,320,321,322,:
320:306,307,313,314,315,316,318,319,:
321:313,314,315,316,317,318,319,322,323,324,325,326,327,328,329,332,333,467,:
322:307,313,315,316,317,318,319,321,323,324,325,326,327,329,332,464,466,467,472,474,477,478,:
323:1,2,3,256,315,316,317,321,322,324,325,326,327,328,329,332,333,334,467,:
324:1,2,3,316,321,322,323,325,326,327,332,333,334,335,336,337,341,342,345,481,:
325:321,322,323,324,326,332,333,334,335,336,341,342,345,467,474,475,480,481,486,:
326:1,2,3,316,317,321,322,323,324,325,327,328,329,330,331,332,333,345,366,477,:
327:5,30,316,317,321,322,323,324,326,328,329,330,331,366,:
328:2,4,5,23,30,317,321,323,326,327,329,330,331,366,:
329:312,316,317,321,322,323,326,327,328,330,331,478,:
330:5,23,288,289,291,312,326,327,328,329,331,:
331:291,309,310,312,326,327,328,329,330,:
332:1,2,3,255,256,321,322,323,324,325,326,333,334,335,336,337,338,339,341,342,481,:
333:1,2,3,255,256,257,321,323,324,325,326,332,334,335,337,338,340,341,342,:
334:1,3,323,324,325,332,333,335,336,337,338,339,340,341,342,343,481,495,:
335:1,324,325,332,333,334,336,337,338,339,341,342,343,344,345,346,481,495,:
336:324,325,332,334,335,337,339,341,342,343,344,345,480,481,482,483,485,486,494,495,496,:
337:3,256,324,332,333,334,335,336,338,339,340,341,342,:
338:3,255,256,257,332,333,334,335,337,339,340,507,518,:
339:180,181,182,332,334,335,336,337,338,340,341,342,496,:
340:112,113,255,256,257,333,334,337,338,339,507,520,:
341:1,2,324,325,332,333,334,335,336,337,339,342,343,344,345,346,347,348,349,481,:
342:1,2,3,186,188,324,325,332,333,334,335,336,337,339,341,343,344,345,346,347,348,:
343:1,334,335,336,341,342,344,345,346,347,348,349,350,351,:
344:335,336,341,342,343,345,346,347,348,349,350,351,352,353,354,360,361,480,481,482,:
345:1,324,325,326,335,336,341,342,343,344,346,347,348,349,350,351,352,360,361,366,477,480,481,482,:
346:1,188,335,341,342,343,344,345,347,348,349,350,390,391,:
347:1,2,12,29,30,188,341,342,343,344,345,346,348,349,350,366,386,390,391,392,:
348:1,2,3,4,12,29,30,188,341,342,343,344,345,346,347,366,390,391,392,:
349:341,343,344,345,346,347,350,351,352,353,354,355,360,361,482,:
350:343,344,345,346,347,349,351,352,353,354,482,:
351:343,344,345,349,350,352,353,354,355,356,357,360,361,362,369,482,:
352:344,345,349,350,351,353,354,355,356,360,361,362,363,365,368,369,:
353:344,349,350,351,352,354,355,356,360,361,362,363,368,369,371,380,385,386,:
354:344,349,350,351,352,353,355,356,357,358,359,360,361,369,482,:
355:349,351,352,353,354,356,357,358,359,360,361,369,:
356:351,352,353,354,355,357,358,359,360,361,368,369,370,371,373,374,376,479,:
357:351,354,355,356,358,359,:
358:354,355,356,357,359,:
359:354,355,356,357,358,:
360:344,345,349,351,352,353,354,355,356,361,362,363,364,365,366,367,368,369,:
361:344,345,349,351,352,353,354,355,356,360,362,363,365,366,367,368,369,477,479,:
362:351,352,353,360,361,363,364,365,366,367,368,369,370,:
363:352,353,360,361,362,364,365,366,367,368,369,370,371,373,374,380,:
364:360,362,363,365,367,368,369,370,371,380,421,422,423,435,441,:
365:352,360,361,362,363,364,366,367,368,369,422,423,:
366:12,28,29,30,326,327,328,345,347,348,360,361,362,363,365,367,:
367:360,361,362,363,364,365,366,368,369,376,422,:
368:352,353,356,360,361,362,363,364,365,367,369,370,371,372,373,374,375,376,380,:
369:351,352,353,354,355,356,360,361,362,363,364,365,367,368,370,371,373,374,376,:
370:356,362,363,364,368,369,371,372,373,374,375,376,380,441,443,444,:
371:353,356,363,364,368,369,370,372,373,374,379,380,:
372:368,370,371,373,379,380,442,443,:
373:356,363,368,369,370,371,372,374,375,376,377,378,443,444,450,:
374:356,363,368,369,370,371,373,375,376,377,378,443,444,450,:
375:368,370,373,374,376,377,378,437,440,441,442,443,444,445,449,450,:
376:356,367,368,369,370,373,374,375,377,378,:
377:373,374,375,376,378,439,444,450,:
378:373,374,375,376,377,:
379:371,372,380,381,382,383,384,385,396,397,:
380:353,363,364,368,370,371,372,379,381,382,383,384,385,396,:
381:379,380,382,383,384,385,386,388,396,397,398,:
382:379,380,381,383,384,385,396,397,398,399,400,401,404,:
383:379,380,381,382,384,396,397,398,399,400,:
384:379,380,381,382,383,385,386,387,388,396,397,404,425,427,:
385:353,379,380,381,382,384,386,387,388,389,391,:
386:347,353,381,384,385,387,388,389,390,391,392,393,394,425,:
387:384,385,386,388,389,390,391,392,393,394,395,404,425,426,427,:
388:381,384,385,386,387,389,390,391,393,394,395,397,404,426,427,:
389:190,191,385,386,387,388,390,391,392,393,394,395,425,426,427,428,:
390:25,29,188,189,190,191,346,347,348,386,387,388,389,391,392,393,394,395,425,426,:
391:29,188,190,346,347,348,385,386,387,388,389,390,392,393,395,425,:
392:8,12,25,29,187,188,189,190,191,347,348,386,387,389,390,391,393,394,395,:
393:190,191,386,387,388,389,390,391,392,394,395,426,427,428,432,433,:
394:386,387,388,389,390,392,393,395,404,426,427,428,432,433,:
395:25,189,190,191,387,388,389,390,391,392,393,394,426,427,428,429,432,433,434,:
396:379,380,381,382,383,384,397,398,399,400,401,402,403,404,:
397:379,381,382,383,384,388,396,398,399,400,401,402,403,404,405,426,427,:
398:381,382,383,396,397,399,400,401,402,403,404,407,419,:
399:382,383,396,397,398,400,401,402,406,407,418,419,:
400:382,383,396,397,398,399,401,406,407,409,418,419,420,423,435,436,441,:
401:382,396,397,398,399,400,402,403,404,405,407,414,416,419,:
402:396,397,398,399,401,403,404,405,416,427,570,571,572,:
403:396,397,398,401,402,404,405,417,426,427,432,433,570,571,:
404:382,384,387,388,394,396,397,398,401,402,403,405,424,425,426,427,428,432,433,:
405:397,401,402,403,404,417,426,427,432,433,434,564,565,566,570,571,572,:
406:399,400,407,408,409,410,411,412,413,414,418,419,436,:
407:398,399,400,401,406,408,409,411,412,413,414,416,418,419,:
408:406,407,409,410,411,412,413,414,418,419,420,436,:
409:400,406,407,408,410,411,412,413,418,419,420,421,423,435,436,453,:
410:299,406,408,409,411,412,413,418,419,420,421,435,436,452,453,456,:
411:406,407,408,409,410,412,413,414,415,416,418,419,:
412:406,407,408,409,410,411,413,414,415,416,417,418,419,:
413:406,407,408,409,410,411,412,414,415,416,417,418,419,424,:
414:401,406,407,408,411,412,413,415,416,417,:
415:411,412,413,414,416,417,419,424,426,428,432,539,:
416:401,402,407,411,412,413,414,415,417,566,567,570,572,:
417:403,405,412,413,414,415,416,432,433,563,564,565,566,570,:
418:399,400,406,407,408,409,410,411,412,413,419,420,421,422,423,424,435,436,453,:
419:398,399,400,401,406,407,408,409,410,411,412,413,415,418,420,421,423,424,435,436,:
420:299,301,302,400,408,409,410,418,419,421,422,423,424,425,435,436,437,453,:
421:299,301,364,409,410,418,419,420,422,423,424,435,436,437,438,440,441,452,453,:
422:299,301,364,365,367,418,420,421,423,435,436,437,438,452,453,:
423:28,301,302,364,365,400,409,418,419,420,421,422,424,425,426,435,436,:
424:11,28,404,413,415,418,419,420,421,423,425,426,427,428,429,430,:
425:11,28,384,386,387,389,390,391,404,420,423,424,426,427,428,429,430,431,432,433,:
426:11,387,388,389,390,393,394,395,397,403,404,405,415,423,424,425,427,428,429,430,431,432,433,434,:
427:384,387,388,389,393,394,395,397,402,403,404,405,424,425,426,428,429,430,432,433,434,:
428:11,25,389,393,394,395,404,415,424,425,426,427,429,430,431,432,433,434,579,580,581,:
429:8,9,10,11,25,26,28,395,424,425,426,427,428,430,431,432,433,434,539,579,580,581,:
430:8,9,10,11,12,25,26,27,28,29,302,424,425,426,427,428,429,431,432,434,581,:
431:8,9,10,11,25,26,28,425,426,428,429,430,432,433,434,539,579,580,581,:
432:393,394,395,403,404,405,415,417,425,426,427,428,429,430,431,433,434,565,579,580,581,:
433:393,394,395,403,404,405,417,425,426,427,428,429,431,432,434,564,565,571,580,:
434:395,405,426,427,428,429,430,431,432,433,564,565,579,580,581,:
435:364,400,409,410,418,419,420,421,422,423,436,437,438,439,440,441,452,453,:
436:400,406,408,409,410,418,419,420,421,422,423,435,437,438,440,441,452,453,:
437:375,420,421,422,435,436,438,439,440,441,442,444,452,453,454,:
438:421,422,435,436,437,439,440,441,452,453,454,455,456,457,:
439:377,435,437,438,440,452,453,454,455,457,:
440:375,421,435,436,437,438,439,441,442,443,444,452,453,:
441:364,370,375,400,421,435,436,437,438,440,442,443,444,445,447,:
442:372,375,437,440,441,443,444,445,446,447,448,449,:
443:370,372,373,374,375,440,441,442,444,445,446,447,448,449,450,451,:
444:370,373,374,375,377,437,440,441,442,443,445,446,447,449,450,451,:
445:375,441,442,443,444,446,447,448,449,450,451,:
446:442,443,444,445,447,448,449,450,451,:
447:441,442,443,444,445,446,448,449,451,:
448:442,443,445,446,447,449,450,451,:
449:375,442,443,444,445,446,447,448,450,451,:
450:373,374,375,377,443,444,445,446,448,449,451,:
451:443,444,445,446,447,448,449,450,:
452:410,421,422,435,436,437,438,439,440,453,454,455,456,457,458,:
453:299,409,410,418,420,421,422,435,436,437,438,439,440,452,454,455,456,457,:
454:437,438,439,452,453,455,456,457,458,459,460,:
455:299,438,439,452,453,454,456,457,458,459,460,:
456:294,297,298,299,301,410,438,452,453,454,455,457,458,459,:
457:438,439,452,453,454,455,456,458,459,460,461,462,:
458:452,454,455,456,457,459,460,461,462,:
459:454,455,456,457,458,460,461,462,:
460:454,455,457,458,459,461,462,:
461:457,458,459,460,462,:
462:457,458,459,460,461,:
463:306,307,464,465,466,467,468,469,470,472,473,:
464:306,307,313,315,322,463,465,466,467,468,469,472,:
465:307,463,464,466,467,468,469,470,471,472,473,474,:
466:322,463,464,465,467,468,469,470,472,473,474,475,477,478,:
467:307,315,316,321,322,323,325,463,464,465,466,468,470,472,473,474,477,478,:
468:463,464,465,466,467,469,470,471,472,473,:
469:463,464,465,466,468,470,471,:
470:463,465,466,467,468,469,471,472,473,492,:
471:465,468,469,470,:
472:322,463,464,465,466,467,468,470,473,474,475,476,477,478,479,480,481,:
473:463,465,466,467,468,470,472,474,475,476,477,478,479,:
474:322,325,465,466,467,472,473,475,476,477,478,479,480,481,482,486,:
475:325,466,472,473,474,476,477,478,479,480,481,482,483,485,486,:
476:472,473,474,475,477,479,480,481,482,483,485,486,491,:
477:322,326,345,361,466,467,472,473,474,475,476,478,479,480,481,:
478:322,329,466,467,472,473,474,475,477,479,:
479:356,361,472,473,474,475,476,477,478,480,:
480:325,336,344,345,472,474,475,476,477,479,481,482,483,484,485,486,495,:
481:324,325,332,334,335,336,341,344,345,472,474,475,476,477,480,482,483,485,486,495,:
482:336,344,345,349,350,351,354,474,475,476,480,481,483,484,485,486,487,495,:
483:336,475,476,480,481,482,484,485,486,487,488,490,491,493,494,495,:
484:480,482,483,485,486,487,488,493,494,495,:
485:336,475,476,480,481,482,483,484,486,487,488,489,490,491,493,494,495,:
486:325,336,474,475,476,480,481,482,483,484,485,487,488,489,490,491,494,495,:
487:482,483,484,485,486,488,489,490,491,493,494,495,496,:
488:483,484,485,486,487,489,490,491,494,495,496,497,498,:
489:485,486,487,488,490,494,495,496,497,498,499,:
490:483,485,486,487,488,489,491,492,493,494,495,:
491:476,483,485,486,487,488,490,492,493,:
492:470,490,491,493,:
493:483,484,485,487,490,491,492,:
494:336,483,484,485,486,487,488,489,490,495,496,497,498,499,500,:
495:334,335,336,480,481,482,483,484,485,486,487,488,489,490,494,496,497,498,:
496:336,339,487,488,489,494,495,497,498,499,500,501,:
497:488,489,494,495,496,498,499,500,501,502,504,:
498:488,489,494,495,496,497,499,500,501,502,503,509,:
499:489,494,496,497,498,500,501,502,503,504,505,506,507,:
500:494,496,497,498,499,501,502,504,505,506,507,:
501:496,497,498,499,500,502,503,504,505,506,507,509,516,:
502:497,498,499,500,501,503,504,505,506,508,509,:
503:498,499,501,502,504,506,508,509,510,513,514,516,:
504:497,499,500,501,502,503,505,506,507,:
505:499,500,501,502,504,506,507,:
506:203,499,500,501,502,503,504,505,507,:
507:338,340,499,500,501,504,505,506,:
508:502,503,509,510,511,512,513,514,516,:
509:498,501,502,503,508,510,511,513,514,516,518,:
510:503,508,509,511,512,513,514,515,516,:
511:508,509,510,512,513,514,:
512:508,510,511,513,:
513:503,508,509,510,511,512,514,515,516,517,518,:
514:503,508,509,510,511,513,515,516,517,518,519,:
515:510,513,514,516,517,518,519,520,521,:
516:501,503,508,509,510,513,514,515,517,518,519,520,:
517:47,49,257,513,514,515,516,518,519,520,521,:
518:257,338,509,513,514,515,516,517,519,520,521,:
519:47,49,255,257,514,515,516,517,518,520,521,:
520:46,47,48,49,252,253,255,256,257,340,515,516,517,518,519,521,:
521:46,47,48,49,248,249,252,253,255,256,257,515,517,518,519,520,:
522:523,524,525,526,527,528,530,:
523:522,524,525,527,528,529,530,:
524:522,523,525,526,527,528,529,530,:
525:522,523,524,526,527,528,:
526:101,102,104,522,524,525,527,:
527:98,99,100,522,523,524,525,526,528,529,530,531,532,:
528:95,522,523,524,525,527,529,530,531,532,:
529:95,237,523,524,527,528,530,531,532,:
530:70,95,96,522,523,524,527,528,529,531,532,:
531:70,235,237,527,528,529,530,532,:
532:69,70,95,527,528,529,530,531,:
533:534,535,536,537,538,539,540,541,542,548,557,:
534:533,535,536,538,540,541,542,:
535:533,534,536,537,538,539,540,541,542,543,548,557,:
536:533,534,535,537,538,539,540,541,542,543,544,545,546,547,548,556,557,574,:
537:533,535,536,538,539,541,542,543,544,545,547,548,550,556,557,558,559,561,573,574,575,578,579,580,581,:
538:271,273,533,534,535,536,537,539,540,541,542,:
539:26,271,415,429,431,533,535,536,537,538,540,541,581,:
540:533,534,535,536,538,539,:
541:271,533,534,535,536,537,538,539,542,543,544,545,546,547,548,557,574,:
542:271,272,273,533,534,535,536,537,538,541,543,544,546,547,548,:
543:71,72,73,535,536,537,541,542,544,545,546,547,548,549,574,:
544:71,72,536,537,541,542,543,545,546,547,548,549,550,551,552,556,557,573,574,583,:
545:69,71,72,73,536,537,541,543,544,546,547,548,549,550,551,556,557,573,574,575,576,578,582,583,587,:
546:60,61,72,536,541,542,543,544,545,547,548,:
547:72,536,537,541,542,543,544,545,546,548,549,550,551,552,553,556,557,574,583,:
548:533,535,536,537,541,542,543,544,545,546,547,549,550,552,556,557,:
549:543,544,545,547,548,550,551,552,553,554,555,556,557,558,574,583,:
550:537,544,545,547,548,549,551,552,553,554,556,557,558,559,560,561,573,574,582,583,:
551:544,545,547,549,550,552,553,554,556,557,558,559,560,573,574,582,583,584,585,587,:
552:544,547,548,549,550,551,553,554,555,556,557,:
553:547,549,550,551,552,554,555,556,:
554:549,550,551,552,553,555,:
555:549,552,553,554,:
556:536,537,544,545,547,548,549,550,551,552,553,557,558,559,560,561,562,573,574,583,:
557:533,535,536,537,541,544,545,547,548,549,550,551,552,556,558,559,561,573,574,:
558:537,549,550,551,556,557,559,560,561,562,563,573,574,575,:
559:537,550,551,556,557,558,560,561,562,573,574,575,576,578,582,583,588,589,:
560:550,551,556,558,559,561,562,573,574,575,576,577,582,583,585,588,589,590,593,:
561:537,550,556,557,558,559,560,562,563,564,573,574,:
562:556,558,559,560,561,563,564,565,566,567,568,573,574,:
563:417,558,561,562,564,565,566,567,568,569,570,:
564:405,417,433,434,561,562,563,565,566,567,568,569,570,571,572,:
565:405,417,432,433,434,562,563,564,566,567,568,570,571,572,580,:
566:405,416,417,562,563,564,565,567,568,569,570,571,572,:
567:416,562,563,564,565,566,568,569,570,571,572,:
568:562,563,564,565,566,567,569,570,572,:
569:563,564,566,567,568,570,571,572,:
570:402,403,405,416,417,563,564,565,566,567,568,569,571,572,:
571:402,403,405,433,564,565,566,567,569,570,572,:
572:402,405,416,564,565,566,567,568,569,570,571,:
573:537,544,545,550,551,556,557,558,559,560,561,562,574,575,576,577,578,579,580,582,583,589,:
574:536,537,541,543,544,545,547,549,550,551,556,557,558,559,560,561,562,573,575,576,578,579,580,581,582,583,:
575:537,545,558,559,560,573,574,576,577,578,579,580,581,582,583,584,589,:
576:545,559,560,573,574,575,577,578,579,582,583,584,585,586,587,588,589,595,:
577:39,560,573,575,576,578,582,583,584,585,586,588,589,593,594,595,:
578:32,71,72,73,537,545,559,573,574,575,576,577,579,580,581,582,583,:
579:9,25,26,32,428,429,431,432,434,537,573,574,575,576,578,580,581,:
580:428,429,431,432,433,434,537,565,573,574,575,578,579,581,:
581:8,9,14,25,26,32,428,429,430,431,432,434,537,539,574,575,578,579,580,:
582:71,72,545,550,551,559,560,573,574,575,576,577,578,583,584,585,586,587,589,:
583:71,72,544,545,547,549,550,551,556,559,560,573,574,575,576,577,578,582,584,585,587,:
584:70,551,575,576,577,582,583,585,586,587,595,:
585:551,560,576,577,582,583,584,586,587,588,589,594,595,:
586:576,577,582,584,585,587,588,589,594,595,596,599,:
587:70,72,545,551,576,582,583,584,585,586,:
588:559,560,576,577,585,586,589,590,591,592,593,594,595,:
589:559,560,573,575,576,577,582,585,586,588,590,591,593,594,595,:
590:560,588,589,591,592,593,594,595,596,:
591:588,589,590,592,593,594,595,596,597,599,:
592:588,590,591,593,594,595,596,597,598,:
593:560,577,588,589,590,591,592,594,595,:
594:162,577,585,586,588,589,590,591,592,593,595,596,597,598,599,600,:
595:576,577,584,585,586,588,589,590,591,592,593,594,596,597,599,600,:
596:162,586,590,591,592,594,595,597,598,599,600,601,:
597:591,592,594,595,596,598,599,600,:
598:592,594,596,597,599,600,:
599:162,586,591,594,595,596,597,598,600,601,602,603,:
600:38,103,159,162,594,595,596,597,598,599,601,602,603,:
601:38,96,97,102,103,596,599,600,602,603,:
602:38,96,97,98,102,103,104,141,142,143,151,599,600,601,603,:
603:38,39,96,97,98,102,103,599,600,601,602,:
