1:2,12,14,15,16,17,20,22,29,37,38,39,40,127,128,130,259,432,441,:
2:1,16,17,18,19,20,21,22,30,39,40,178,222,223,224,225,228,257,:
3:4,6,7,8,11,12,13,23,24,25,28,31,33,34,36,451,:
4:3,5,6,11,23,24,25,26,28,31,32,36,41,42,372,450,451,452,453,454,:
5:4,6,25,26,27,28,32,41,42,352,356,361,450,451,452,:
6:3,4,5,8,9,11,12,23,24,25,26,27,28,31,32,36,41,42,438,450,451,:
7:3,8,9,10,11,12,13,23,31,33,34,35,36,81,82,83,84,371,380,:
8:3,6,7,9,10,11,12,13,14,23,31,33,34,35,36,37,42,81,82,84,131,380,399,400,:
9:6,7,8,10,11,23,28,33,34,35,36,42,368,369,379,380,381,385,394,398,399,400,:
10:7,8,9,11,12,13,14,33,34,35,36,80,81,82,83,84,129,130,131,380,398,399,400,:
11:3,4,6,7,8,9,10,12,13,14,15,23,28,31,33,34,35,36,37,42,131,399,400,432,:
12:1,3,6,7,8,10,11,13,14,15,23,29,31,34,36,37,38,129,131,432,:
13:3,7,8,10,11,12,14,15,23,31,34,36,37,38,:
14:1,8,10,11,12,13,15,16,23,29,36,37,38,40,128,129,130,131,432,438,441,:
15:1,11,12,13,14,16,17,22,29,36,37,38,40,127,128,129,130,131,432,441,:
16:1,2,14,15,17,18,20,21,22,29,30,38,39,40,126,127,128,259,:
17:1,2,15,16,18,19,20,22,29,30,39,40,224,256,257,259,434,435,:
18:2,16,17,19,20,21,22,30,39,40,178,180,181,222,228,:
19:2,17,18,20,21,22,30,176,178,179,180,181,184,186,187,194,196,199,202,:
20:1,2,16,17,18,19,21,22,30,38,39,40,126,180,181,228,:
21:2,16,18,19,20,22,40,181,182,199,202,:
22:1,2,15,16,17,18,19,20,21,29,30,38,39,40,126,127,228,:
23:3,4,6,7,8,9,11,12,13,14,24,25,26,28,31,33,34,36,37,42,451,:
24:3,4,6,23,25,28,31,41,372,374,451,454,479,:
25:3,4,5,6,23,24,26,27,28,32,41,42,361,363,450,451,452,453,454,455,459,:
26:4,5,6,23,25,27,28,32,41,42,356,357,358,439,450,451,:
27:5,6,25,26,28,32,42,351,352,353,354,356,357,358,426,527,:
28:3,4,5,6,9,11,23,24,25,26,27,32,36,41,42,400,438,439,450,451,:
29:1,12,14,15,16,17,22,37,38,39,40,127,128,130,259,430,431,432,434,435,436,438,441,442,444,:
30:2,16,17,18,19,20,22,39,178,184,187,222,223,224,225,229,233,256,257,:
31:3,4,6,7,8,11,12,13,23,24,33,34,36,:
32:4,5,6,25,26,27,28,41,347,351,352,356,361,452,527,:
33:3,7,8,9,10,11,23,31,34,35,368,371,372,373,380,:
34:3,7,8,9,10,11,12,13,23,31,33,35,81,82,83,84,:
35:7,8,9,10,11,33,34,81,82,83,84,371,379,380,:
36:3,4,6,7,8,9,10,11,12,13,14,15,23,28,31,37,42,130,131,399,400,431,432,438,:
37:1,8,11,12,13,14,15,23,29,36,38,42,128,130,131,399,431,432,436,438,441,:
38:1,12,13,14,15,16,20,22,29,37,40,129,:
39:1,2,16,17,18,20,22,29,30,224,256,257,258,259,434,435,:
40:1,2,14,15,16,17,18,20,21,22,29,38,126,127,:
41:4,5,6,24,25,26,28,32,361,363,450,451,452,453,454,455,456,457,458,459,490,:
42:4,5,6,8,9,11,23,25,26,27,28,36,37,358,399,400,431,432,438,:
43:44,45,46,47,48,49,50,51,52,53,54,55,278,280,281,285,286,355,390,391,392,:
44:43,45,46,47,48,49,50,51,53,277,278,279,280,281,286,355,390,391,392,:
45:43,44,46,47,48,49,50,51,54,55,280,281,282,285,286,354,355,359,390,391,392,:
46:43,44,45,47,48,49,50,51,54,278,279,280,281,285,286,391,392,:
47:43,44,45,46,48,49,50,51,52,53,54,55,56,286,344,392,:
48:43,44,45,46,47,49,50,51,52,54,55,56,57,58,59,60,286,344,:
49:43,44,45,46,47,48,50,52,54,55,56,57,59,60,286,:
50:43,44,45,46,47,48,49,51,52,53,54,55,:
51:43,44,45,46,47,48,50,52,53,390,391,392,:
52:43,47,48,49,50,51,53,54,55,:
53:43,44,47,50,51,52,273,390,391,392,:
54:43,45,46,47,48,49,50,52,55,56,57,58,59,60,61,341,343,344,:
55:43,45,47,48,49,50,52,54,56,57,58,59,60,340,341,342,343,344,348,:
56:47,48,49,54,55,57,58,59,60,61,62,341,344,:
57:48,49,54,55,56,58,59,60,61,341,:
58:48,54,55,56,57,59,61,340,341,344,:
59:48,49,54,55,56,57,58,60,61,62,341,344,:
60:48,49,54,55,56,57,59,61,62,359,:
61:54,56,57,58,59,60,62,:
62:56,59,60,61,359,360,362,494,:
63:64,65,66,67,68,69,70,71,73,76,:
64:63,65,66,67,68,69,71,72,73,74,75,76,:
65:63,64,66,67,68,69,70,71,73,76,:
66:63,64,65,67,68,69,70,73,76,:
67:63,64,65,66,68,70,72,73,74,76,:
68:63,64,65,66,67,69,70,71,73,76,:
69:63,64,65,66,68,70,71,76,136,:
70:63,65,66,67,68,69,71,136,:
71:63,64,65,68,69,70,76,97,98,102,103,136,137,:
72:64,67,73,74,75,76,77,78,85,86,:
73:63,64,65,66,67,68,72,74,75,76,77,85,:
74:64,67,72,73,75,76,77,78,79,85,86,87,:
75:64,72,73,74,76,77,78,85,86,87,88,89,90,:
76:63,64,65,66,67,68,69,71,72,73,74,75,77,78,85,86,87,88,90,:
77:72,73,74,75,76,78,79,80,85,86,:
78:72,74,75,76,77,79,80,81,82,83,85,86,89,:
79:74,77,78,80,81,82,83,84,:
80:10,77,78,79,81,82,83,84,103,125,:
81:7,8,10,34,35,78,79,80,82,83,84,129,:
82:7,8,10,34,35,78,79,80,81,83,84,89,:
83:7,10,34,35,78,79,80,81,82,84,:
84:7,8,10,34,35,79,80,81,82,83,129,131,:
85:72,73,74,75,76,77,78,86,87,88,89,90,91,92,97,98,:
86:72,74,75,76,77,78,85,87,88,89,90,91,92,:
87:74,75,76,85,86,88,89,90,91,92,93,97,98,99,:
88:75,76,85,86,87,89,90,91,93,97,98,99,100,101,102,103,:
89:75,78,82,85,86,87,88,90,91,93,97,98,99,102,103,:
90:75,76,85,86,87,88,89,91,92,93,94,95,97,98,:
91:85,86,87,88,89,90,92,93,94,95,96,97,98,:
92:85,86,87,90,91,93,94,95,96,:
93:87,88,89,90,91,92,94,95,96,97,98,383,:
94:90,91,92,93,95,96,:
95:90,91,92,93,94,96,381,382,383,:
96:91,92,93,94,95,:
97:71,85,87,88,89,90,91,93,98,99,100,101,102,103,104,105,:
98:71,85,87,88,89,90,91,93,97,99,100,101,102,104,:
99:87,88,89,97,98,100,101,102,103,104,105,106,383,397,:
100:88,97,98,99,101,102,104,105,106,107,108,397,:
101:88,97,98,99,100,102,104,105,106,107,108,:
102:71,88,89,97,98,99,100,101,103,104,105,108,137,138,397,:
103:71,80,88,89,97,99,102,134,137,138,397,:
104:97,98,99,100,101,102,105,106,107,108,383,396,397,:
105:97,99,100,101,102,104,106,107,108,383,387,388,393,395,396,397,401,407,:
106:99,100,101,104,105,107,108,397,:
107:100,101,104,105,106,108,397,403,404,405,406,:
108:100,101,102,104,105,106,107,397,403,404,405,406,:
109:110,111,112,113,114,115,116,403,418,:
110:109,111,112,113,114,138,401,403,404,:
111:109,110,112,113,114,115,116,117,122,133,255,258,:
112:109,110,111,113,114,115,116,117,118,120,121,122,132,133,258,:
113:109,110,111,112,114,115,116,117,118,119,121,122,132,133,134,137,138,:
114:109,110,111,112,113,115,116,122,128,130,133,138,257,258,259,401,402,403,424,:
115:109,111,112,113,114,116,117,118,119,120,121,122,133,254,255,257,258,260,261,262,263,:
116:109,111,112,113,114,115,117,118,120,121,122,253,254,255,256,257,258,260,261,262,263,264,:
117:111,112,113,115,116,118,119,120,121,122,123,133,258,261,:
118:112,113,115,116,117,119,120,121,122,123,124,126,132,133,178,258,:
119:113,115,117,118,120,121,122,123,124,125,132,133,145,146,151,182,:
120:112,115,116,117,118,119,121,122,145,146,175,176,178,258,260,261,263,264,:
121:112,113,115,116,117,118,119,120,122,123,124,125,126,127,128,132,133,178,181,182,257,258,:
122:111,112,113,114,115,116,117,118,119,120,121,123,124,126,127,128,132,133,178,257,258,259,:
123:117,118,119,121,122,124,125,126,127,128,129,132,133,134,181,182,258,:
124:118,119,121,122,123,125,126,127,128,129,132,133,134,135,137,:
125:80,119,121,123,124,126,127,129,132,133,134,135,:
126:16,20,22,40,118,121,122,123,124,125,127,128,129,130,131,132,133,181,182,258,:
127:1,15,16,22,29,40,121,122,123,124,125,126,128,129,130,131,132,133,259,:
128:1,14,15,16,29,37,114,121,122,123,124,126,127,129,130,131,257,258,259,432,:
129:10,12,14,15,38,81,84,123,124,125,126,127,128,130,131,132,:
130:1,10,14,15,29,36,37,114,126,127,128,129,131,259,398,399,432,:
131:8,10,11,12,14,15,36,37,84,126,127,128,129,130,398,399,432,:
132:112,113,118,119,121,122,123,124,125,126,127,129,133,134,135,136,137,138,:
133:111,112,113,114,115,117,118,119,121,122,123,124,125,126,127,132,134,135,137,138,:
134:103,113,123,124,125,132,133,135,136,137,138,:
135:124,125,132,133,134,136,137,:
136:69,70,71,132,134,135,137,:
137:71,102,103,113,124,132,133,134,135,136,138,:
138:102,103,110,113,114,132,133,134,137,:
139:140,141,142,143,144,145,:
140:139,141,142,143,144,145,148,:
141:139,140,142,143,144,145,146,148,264,:
142:139,140,141,143,144,145,264,:
143:139,140,141,142,144,:
144:139,140,141,142,143,145,146,147,148,:
145:119,120,139,140,141,142,144,146,147,148,149,151,:
146:119,120,141,144,145,147,148,149,150,151,152,153,154,:
147:144,145,146,148,149,150,151,152,153,154,155,:
148:140,141,144,145,146,147,149,150,151,153,154,155,:
149:145,146,147,148,150,151,152,153,154,155,:
150:146,147,148,149,151,152,153,154,155,179,:
151:119,145,146,147,148,149,150,152,153,155,177,179,182,:
152:146,147,149,150,151,153,154,155,:
153:146,147,148,149,150,151,152,154,155,:
154:146,147,148,149,150,152,153,155,:
155:147,148,149,150,151,152,153,154,:
156:157,158,159,160,161,162,169,170,:
157:156,158,159,161,162,169,170,:
158:156,157,159,160,161,162,163,169,170,171,:
159:156,157,158,160,161,162,169,170,171,172,173,174,183,245,248,:
160:156,158,159,161,169,170,171,172,173,183,184,185,188,193,246,248,:
161:156,157,158,159,160,162,163,164,169,170,246,248,250,:
162:156,157,158,159,161,163,164,165,:
163:158,161,162,164,165,166,167,168,:
164:161,162,163,165,166,167,168,:
165:162,163,164,166,167,168,:
166:163,164,165,167,168,:
167:163,164,165,166,168,:
168:163,164,165,166,167,:
169:156,157,158,159,160,161,170,171,172,173,174,175,183,184,245,:
170:156,157,158,159,160,161,169,171,172,173,174,:
171:158,159,160,169,170,172,173,174,175,176,177,183,184,185,233,244,245,:
172:159,160,169,170,171,173,174,175,176,177,183,184,185,186,188,233,:
173:159,160,169,170,171,172,174,175,177,183,184,185,186,188,195,:
174:159,169,170,171,172,173,175,176,177,178,179,183,184,244,:
175:120,169,171,172,173,174,176,177,178,179,180,183,184,:
176:19,120,171,172,174,175,177,178,179,180,181,183,184,244,:
177:151,171,172,173,174,175,176,178,179,180,181,182,183,:
178:2,18,19,30,118,120,121,122,174,175,176,177,179,180,181,182,258,:
179:19,150,151,174,175,176,177,178,180,181,182,202,:
180:18,19,20,175,176,177,178,179,181,182,:
181:18,19,20,21,121,123,126,176,177,178,179,180,182,:
182:21,119,121,123,126,151,177,178,179,180,181,:
183:159,160,169,171,172,173,174,175,176,177,184,185,186,187,188,189,194,195,233,:
184:19,30,160,169,171,172,173,174,175,176,183,185,186,187,188,194,229,230,232,233,:
185:160,171,172,173,183,184,186,187,188,189,190,191,193,194,195,196,204,212,:
186:19,172,173,183,184,185,187,188,189,190,194,195,196,197,199,203,204,212,220,221,:
187:19,30,183,184,185,186,188,189,190,194,195,196,197,203,204,211,212,214,217,220,221,222,223,229,230,:
188:160,172,173,183,184,185,186,187,189,190,191,192,193,194,195,204,212,217,218,230,:
189:183,185,186,187,188,190,191,192,193,194,195,203,204,211,212,217,218,:
190:185,186,187,188,189,191,192,193,194,195,197,203,204,205,206,208,209,211,212,217,218,219,221,:
191:185,188,189,190,192,193,212,217,218,:
192:188,189,190,191,193,:
193:160,185,188,189,190,191,192,218,:
194:19,183,184,185,186,187,188,189,190,195,196,197,198,199,200,201,202,203,204,212,221,:
195:173,183,185,186,187,188,189,190,194,196,197,199,200,201,202,203,204,:
196:19,185,186,187,194,195,197,198,199,200,201,202,203,204,205,221,:
197:186,187,190,194,195,196,198,199,200,201,202,203,204,205,206,208,209,211,212,221,:
198:194,196,197,199,200,203,204,205,206,207,221,228,:
199:19,21,186,194,195,196,197,198,200,201,202,203,204,:
200:194,195,196,197,198,199,201,202,203,204,:
201:194,195,196,197,199,200,202,:
202:19,21,179,194,195,196,197,199,200,201,:
203:186,187,189,190,194,195,196,197,198,199,200,204,205,206,207,208,209,210,211,212,221,:
204:185,186,187,188,189,190,194,195,196,197,198,199,200,203,205,206,208,209,210,211,212,221,:
205:190,196,197,198,203,204,206,207,208,209,210,211,212,213,221,:
206:190,197,198,203,204,205,207,208,209,211,212,213,214,216,219,220,221,:
207:198,203,205,206,208,211,212,213,214,220,221,:
208:190,197,203,204,205,206,207,209,210,211,212,:
209:190,197,203,204,205,206,208,210,:
210:203,204,205,208,209,:
211:187,189,190,197,203,204,205,206,207,208,212,213,214,215,216,217,218,219,220,221,230,:
212:185,186,187,188,189,190,191,194,197,203,204,205,206,207,208,211,213,214,216,217,218,219,220,221,230,:
213:205,206,207,211,212,214,215,216,217,218,219,220,221,222,230,:
214:187,206,207,211,212,213,215,216,217,218,219,220,221,222,223,225,226,229,230,:
215:211,213,214,216,217,220,221,222,223,225,226,229,230,237,239,449,:
216:206,211,212,213,214,215,217,218,219,220,221,230,235,236,:
217:187,188,189,190,191,211,212,213,214,215,216,218,219,220,221,229,230,231,234,235,236,:
218:188,189,190,191,193,211,212,213,214,216,217,219,229,230,231,234,235,236,238,:
219:190,206,211,212,213,214,216,217,218,:
220:186,187,206,207,211,212,213,214,215,216,217,221,222,223,224,225,226,228,229,230,:
221:186,187,190,194,196,197,198,203,204,205,206,207,211,212,213,214,215,216,217,220,222,223,225,226,228,229,230,:
222:2,18,30,187,213,214,215,220,221,223,224,225,226,227,228,229,230,231,:
223:2,30,187,214,215,220,221,222,224,225,226,229,230,231,232,233,234,237,:
224:2,17,30,39,220,222,223,225,229,230,231,232,233,240,252,329,330,331,435,:
225:2,30,214,215,220,221,222,223,224,226,227,228,229,230,446,449,:
226:214,215,220,221,222,223,225,227,228,:
227:222,225,226,228,444,445,446,447,449,:
228:2,18,20,22,198,220,221,222,225,226,227,:
229:30,184,187,214,215,217,218,220,221,222,223,224,225,230,231,232,233,234,235,237,240,241,:
230:184,187,188,211,212,213,214,215,216,217,218,220,221,222,223,224,225,229,231,232,233,234,235,236,237,:
231:217,218,222,223,224,229,230,232,233,234,235,236,237,240,241,242,:
232:184,223,224,229,230,231,233,234,235,240,241,242,243,244,245,246,248,251,252,:
233:30,171,172,183,184,223,224,229,230,231,232,234,240,241,242,243,244,245,246,248,251,252,:
234:217,218,223,229,230,231,232,233,235,236,237,238,239,240,241,246,248,250,:
235:216,217,218,229,230,231,232,234,236,237,238,239,241,:
236:216,217,218,230,231,234,235,237,238,239,:
237:215,223,229,230,231,234,235,236,238,239,327,328,329,330,:
238:218,234,235,236,237,239,:
239:215,234,235,236,237,238,328,330,:
240:224,229,231,232,233,234,241,242,243,244,245,246,247,248,251,252,:
241:229,231,232,233,234,235,240,242,243,245,246,247,248,251,252,:
242:231,232,233,240,241,243,244,245,246,247,248,251,252,253,:
243:232,233,240,241,242,244,245,246,251,252,253,254,256,260,261,:
244:171,174,176,232,233,240,242,243,245,251,252,253,254,260,261,:
245:159,169,171,232,233,240,241,242,243,244,246,247,248,249,250,251,:
246:160,161,232,233,234,240,241,242,243,245,247,248,249,250,:
247:240,241,242,245,246,248,249,250,:
248:159,160,161,232,233,234,240,241,242,245,246,247,249,250,:
249:245,246,247,248,250,:
250:161,234,245,246,247,248,249,:
251:232,233,240,241,242,243,244,245,252,253,254,255,256,257,260,261,555,:
252:224,232,233,240,241,242,243,244,251,253,254,255,256,260,261,554,555,:
253:116,242,243,244,251,252,254,255,256,257,258,259,260,261,262,555,:
254:115,116,243,244,251,252,253,255,256,257,258,260,261,262,263,265,267,554,555,:
255:111,115,116,251,252,253,254,256,257,258,259,260,261,262,265,553,554,555,:
256:17,30,39,116,243,251,252,253,254,255,257,258,259,260,434,435,554,555,:
257:2,17,30,39,114,115,116,121,122,128,251,253,254,255,256,258,259,434,435,:
258:39,111,112,114,115,116,117,118,120,121,122,123,126,128,178,253,254,255,256,257,259,260,:
259:1,16,17,29,39,114,122,127,128,130,253,255,256,257,258,430,432,433,434,435,:
260:115,116,120,243,244,251,252,253,254,255,256,258,261,262,263,264,265,266,267,:
261:115,116,117,120,243,244,251,252,253,254,255,260,262,263,264,265,267,:
262:115,116,253,254,255,260,261,263,264,265,266,267,268,:
263:115,116,120,254,260,261,262,264,265,266,267,:
264:116,120,141,142,260,261,262,263,265,266,267,:
265:254,255,260,261,262,263,264,266,267,268,:
266:260,262,263,264,265,267,268,419,:
267:254,260,261,262,263,264,265,266,268,:
268:262,265,266,267,419,:
269:270,271,272,273,274,275,276,:
270:269,271,272,273,274,275,:
271:269,270,272,273,274,275,276,:
272:269,270,271,273,274,275,276,:
273:53,269,270,271,272,274,275,276,:
274:269,270,271,272,273,275,276,:
275:269,270,271,272,273,274,276,306,:
276:269,271,272,273,274,275,427,:
277:44,278,279,280,281,282,283,390,391,:
278:43,44,46,277,279,280,281,383,384,386,390,391,392,:
279:44,46,277,278,280,281,282,283,284,370,381,382,384,385,390,391,:
280:43,44,45,46,277,278,279,281,282,283,284,285,286,287,370,:
281:43,44,45,46,277,278,279,280,282,283,284,285,286,:
282:45,277,279,280,281,283,284,285,286,287,288,370,:
283:277,279,280,281,282,284,285,286,287,288,368,369,370,:
284:279,280,281,282,283,285,286,287,288,289,370,:
285:43,45,46,280,281,282,283,284,286,287,288,:
286:43,44,45,46,47,48,49,280,281,282,283,284,285,287,359,362,:
287:280,282,283,284,285,286,288,289,290,294,362,370,:
288:282,283,284,285,287,289,290,291,292,293,294,370,:
289:284,287,288,290,291,292,293,294,295,296,297,:
290:287,288,289,291,292,293,294,295,296,297,298,:
291:288,289,290,292,293,294,296,297,298,371,373,:
292:288,289,290,291,293,294,295,296,297,298,:
293:288,289,290,291,292,294,295,296,297,298,:
294:287,288,289,290,291,292,293,295,296,298,:
295:289,290,292,293,294,296,297,298,:
296:289,290,291,292,293,294,295,297,298,:
297:289,290,291,292,293,295,296,298,:
298:290,291,292,293,294,295,296,297,:
299:300,301,302,303,304,305,307,:
300:299,301,302,303,304,305,:
301:299,300,302,303,304,305,306,307,:
302:299,300,301,303,304,305,:
303:299,300,301,302,304,:
304:299,300,301,302,303,305,306,307,338,:
305:299,300,301,302,304,306,307,:
306:275,301,304,305,307,338,348,349,:
307:299,301,304,305,306,340,342,:
308:309,310,311,312,313,314,315,316,:
309:308,310,311,312,313,314,316,:
310:308,309,311,312,313,314,315,316,:
311:308,309,310,312,313,314,:
312:308,309,310,311,313,:
313:308,309,310,311,312,314,315,316,317,318,:
314:308,309,310,311,313,315,316,317,318,319,535,:
315:308,310,313,314,316,317,318,319,445,:
316:308,309,310,313,314,315,317,318,319,535,:
317:313,314,315,316,318,319,:
318:313,314,315,316,317,319,518,535,:
319:314,315,316,317,318,456,518,:
320:321,322,323,324,325,326,:
321:320,322,323,324,325,326,:
322:320,321,323,324,325,326,327,540,:
323:320,321,322,324,325,326,540,:
324:320,321,322,323,325,:
325:320,321,322,323,324,326,327,328,329,331,534,540,:
326:320,321,322,323,325,327,328,329,330,331,534,540,:
327:237,322,325,326,328,329,330,331,534,:
328:237,239,325,326,327,329,330,331,:
329:224,237,325,326,327,328,330,331,446,449,534,:
330:224,237,239,326,327,328,329,331,446,447,448,449,:
331:224,325,326,327,328,329,330,435,446,534,:
332:333,334,335,336,337,338,339,519,523,526,:
333:332,334,335,336,337,339,519,522,523,524,525,526,:
334:332,333,335,336,337,338,339,523,526,:
335:332,333,334,336,337,338,339,519,522,523,:
336:332,333,334,335,337,338,516,517,519,522,523,524,526,:
337:332,333,334,335,336,338,339,526,543,545,:
338:304,306,332,334,335,336,337,339,545,547,:
339:332,333,334,335,337,338,542,543,545,:
340:55,58,307,341,342,343,344,345,346,347,348,349,:
341:54,55,56,57,58,59,340,342,343,344,345,348,:
342:55,307,340,341,343,344,345,346,347,348,349,350,352,:
343:54,55,340,341,342,344,345,346,347,348,349,350,351,352,353,:
344:47,48,54,55,56,58,59,340,341,342,343,345,346,347,348,349,350,351,352,354,:
345:340,341,342,343,344,346,347,348,349,352,513,:
346:340,342,343,344,345,347,348,349,350,351,352,:
347:32,340,342,343,344,345,346,348,349,350,351,352,353,354,:
348:55,306,340,341,342,343,344,345,346,347,349,350,351,352,353,354,355,:
349:306,340,342,343,344,345,346,347,348,350,351,352,353,:
350:342,343,344,346,347,348,349,351,352,353,354,355,356,392,:
351:27,32,343,344,346,347,348,349,350,352,353,354,355,356,357,358,359,392,:
352:5,27,32,342,343,344,345,346,347,348,349,350,351,353,354,355,356,359,:
353:27,343,347,348,349,350,351,352,354,355,547,:
354:27,45,344,347,348,350,351,352,353,355,356,357,358,359,360,366,367,389,390,392,:
355:43,44,45,348,350,351,352,353,354,356,357,358,359,366,385,389,390,391,392,:
356:5,26,27,32,350,351,352,354,355,357,358,359,360,361,362,366,367,368,392,:
357:26,27,351,354,355,356,358,359,360,361,362,366,367,368,369,370,371,379,380,385,392,:
358:26,27,42,351,354,355,356,357,359,366,367,368,369,370,379,380,384,385,386,389,390,392,394,:
359:45,60,62,286,351,352,354,355,356,357,358,360,361,362,363,364,366,367,:
360:62,354,356,357,359,361,362,363,364,365,366,367,:
361:5,25,32,41,356,357,359,360,362,363,364,365,366,367,491,494,:
362:62,286,287,356,357,359,360,361,363,364,365,366,367,:
363:25,41,359,360,361,362,364,365,367,372,459,476,489,490,491,494,:
364:359,360,361,362,363,365,367,:
365:360,361,362,363,364,367,372,476,494,:
366:354,355,356,357,358,359,360,361,362,367,368,369,370,371,372,379,380,385,:
367:354,356,357,358,359,360,361,362,363,364,365,366,368,369,370,371,372,:
368:9,33,283,356,357,358,366,367,369,370,371,372,373,379,380,381,385,:
369:9,283,357,358,366,367,368,370,371,372,379,380,381,382,384,385,:
370:279,280,282,283,284,287,288,357,358,366,367,368,369,371,379,380,381,382,384,385,:
371:7,33,35,291,357,366,367,368,369,370,372,373,374,379,380,:
372:4,24,33,363,365,366,367,368,369,371,373,374,375,:
373:33,291,368,371,372,374,375,376,377,378,:
374:24,371,372,373,375,376,377,378,479,:
375:372,373,374,376,377,378,479,:
376:373,374,375,377,378,:
377:373,374,375,376,378,479,:
378:373,374,375,376,377,477,478,479,:
379:9,35,357,358,366,368,369,370,371,380,381,382,383,384,385,394,400,:
380:7,8,9,10,33,35,357,358,366,368,369,370,371,379,381,382,384,385,393,394,399,400,:
381:9,95,279,368,369,370,379,380,382,383,384,385,386,394,:
382:95,279,369,370,379,380,381,383,384,385,386,387,389,393,394,:
383:93,95,99,104,105,278,379,381,382,384,385,386,387,393,394,:
384:278,279,358,369,370,379,380,381,382,383,385,386,387,388,389,390,391,392,393,394,:
385:9,279,355,357,358,366,368,369,370,379,380,381,382,383,384,386,387,389,390,391,392,393,394,400,:
386:278,358,381,382,383,384,385,387,388,389,390,391,392,393,394,395,:
387:105,382,383,384,385,386,388,389,390,393,394,395,396,397,398,400,401,407,425,426,:
388:105,384,386,387,389,393,394,395,396,397,401,402,406,407,408,425,426,427,:
389:354,355,358,382,384,385,386,387,388,390,391,392,393,394,:
390:43,44,45,51,53,277,278,279,354,355,358,384,385,386,387,389,391,392,:
391:43,44,45,46,51,53,277,278,279,355,384,385,386,389,390,392,:
392:43,44,45,46,47,51,53,278,350,351,354,355,356,357,358,384,385,386,389,390,391,:
393:105,380,382,383,384,385,386,387,388,389,394,395,396,397,398,399,400,401,402,407,425,426,:
394:9,358,379,380,381,382,383,384,385,386,387,388,389,393,395,396,397,398,399,400,:
395:105,386,387,388,393,394,396,397,398,399,400,401,402,403,407,424,425,426,:
396:104,105,387,388,393,394,395,397,398,399,401,402,403,404,406,407,424,:
397:99,100,102,103,104,105,106,107,108,387,388,393,394,395,396,398,401,402,403,404,406,407,:
398:9,10,130,131,387,393,394,395,396,397,399,400,401,402,:
399:8,9,10,11,36,37,42,130,131,380,393,394,395,396,398,400,432,:
400:8,9,10,11,28,36,42,379,380,385,387,393,394,395,398,399,:
401:105,110,114,387,388,393,395,396,397,398,402,403,404,405,406,407,421,423,424,425,:
402:114,388,393,395,396,397,398,401,403,404,406,407,418,420,421,422,423,424,425,:
403:107,108,109,110,114,395,396,397,401,402,404,405,406,407,408,418,424,:
404:107,108,110,396,397,401,402,403,405,406,407,408,409,410,418,421,:
405:107,108,401,403,404,406,407,408,409,410,418,:
406:107,108,388,396,397,401,402,403,404,405,407,408,409,410,421,:
407:105,387,388,393,395,396,397,401,402,403,404,405,406,408,409,410,421,425,427,:
408:388,403,404,405,406,407,409,410,421,:
409:404,405,406,407,408,410,421,:
410:404,405,406,407,408,409,413,414,420,421,422,425,427,:
411:412,413,414,415,416,417,418,420,421,548,549,552,:
412:411,413,414,415,416,417,420,539,541,548,549,550,551,552,553,:
413:410,411,412,414,415,416,417,418,419,420,421,422,549,:
414:410,411,412,413,415,416,417,418,420,421,422,423,424,425,428,429,541,544,548,549,:
415:411,412,413,414,416,418,420,421,422,423,424,428,429,538,539,541,542,544,548,549,550,553,554,:
416:411,412,413,414,415,417,418,419,420,421,549,:
417:411,412,413,414,416,418,419,:
418:109,402,403,404,405,411,413,414,415,416,417,419,420,421,424,:
419:266,268,413,416,417,418,:
420:402,410,411,412,413,414,415,416,418,421,422,423,424,425,426,427,428,429,544,546,:
421:401,402,404,406,407,408,409,410,411,413,414,415,416,418,420,422,423,424,425,427,544,:
422:402,410,413,414,415,420,421,423,424,425,426,427,428,429,430,542,544,546,:
423:401,402,414,415,420,421,422,424,425,426,427,428,429,430,431,433,:
424:114,395,396,401,402,403,414,415,418,420,421,422,423,425,426,428,429,430,431,433,:
425:387,388,393,395,401,402,407,410,414,420,421,422,423,424,426,427,428,429,:
426:27,387,388,393,395,420,422,423,424,425,427,428,429,:
427:276,388,407,410,420,421,422,423,425,426,546,547,:
428:414,415,420,422,423,424,425,426,429,430,431,432,433,434,436,437,532,:
429:414,415,420,422,423,424,425,426,428,430,431,433,436,437,531,532,536,538,542,543,:
430:29,259,422,423,424,428,429,431,432,433,434,435,436,437,438,532,:
431:29,36,37,42,423,424,428,429,430,432,433,434,435,436,437,438,439,440,441,442,444,532,:
432:1,11,12,14,15,29,36,37,42,128,130,131,259,399,428,430,431,433,434,436,437,438,441,:
433:259,423,424,428,429,430,431,432,434,435,436,437,532,549,:
434:17,29,39,256,257,259,428,430,431,432,433,435,436,437,444,:
435:17,29,39,224,256,257,259,331,430,431,433,434,444,446,555,:
436:29,37,428,429,430,431,432,433,434,437,438,439,440,441,442,444,450,451,529,532,:
437:428,429,430,431,432,433,434,436,438,439,440,441,442,444,450,528,529,530,531,532,533,:
438:6,14,28,29,36,37,42,430,431,432,436,437,439,440,441,442,443,444,450,451,452,529,:
439:26,28,431,436,437,438,440,441,442,443,444,450,451,452,453,454,528,529,:
440:431,436,437,438,439,441,442,443,450,451,452,524,525,527,528,529,530,531,532,533,:
441:1,14,15,29,37,431,432,436,437,438,439,440,442,443,444,445,446,450,451,:
442:29,431,436,437,438,439,440,441,443,444,445,446,447,450,451,:
443:438,439,440,441,442,444,445,446,447,448,450,451,:
444:29,227,431,434,435,436,437,438,439,441,442,443,445,446,447,448,449,:
445:227,315,441,442,443,444,446,447,448,449,535,:
446:225,227,329,330,331,435,441,442,443,444,445,447,448,449,533,534,:
447:227,330,442,443,444,445,446,448,449,533,535,:
448:330,443,444,445,446,447,449,535,:
449:215,225,227,329,330,444,445,446,447,448,:
450:4,5,6,25,26,28,41,436,437,438,439,440,441,442,443,451,452,453,454,455,456,529,:
451:3,4,5,6,23,24,25,26,28,41,436,438,439,440,441,442,443,450,452,453,454,455,:
452:4,5,25,32,41,438,439,440,450,451,453,454,455,456,457,529,:
453:4,25,41,439,450,451,452,454,455,456,457,458,459,460,:
454:4,24,25,41,439,450,451,452,453,455,456,457,458,459,472,473,:
455:25,41,450,451,452,453,454,456,457,458,459,460,461,472,473,:
456:41,319,450,452,453,454,455,457,458,459,460,461,499,:
457:41,452,453,454,455,456,458,459,460,461,462,472,473,474,481,490,:
458:41,453,454,455,456,457,459,460,461,472,473,474,475,477,480,481,489,490,:
459:25,41,363,453,454,455,456,457,458,460,472,473,474,475,476,480,481,489,490,491,:
460:453,455,456,457,458,459,461,462,463,464,465,472,473,481,487,490,496,499,:
461:455,456,457,458,460,462,463,464,465,466,467,499,:
462:457,460,461,463,464,465,466,467,468,469,470,487,499,:
463:460,461,462,464,465,466,467,468,469,470,471,486,487,488,:
464:460,461,462,463,465,466,467,469,470,471,481,486,487,488,496,500,501,502,:
465:460,461,462,463,464,466,467,468,469,470,471,487,488,:
466:461,462,463,464,465,467,468,469,470,471,:
467:461,462,463,464,465,466,468,469,471,:
468:462,463,465,466,467,469,470,471,:
469:462,463,464,465,466,467,468,470,471,486,487,488,:
470:462,463,464,465,466,468,469,471,485,486,487,488,502,505,:
471:463,464,465,466,467,468,469,470,488,:
472:454,455,457,458,459,460,473,474,475,476,477,478,479,480,481,490,:
473:454,455,457,458,459,460,472,474,475,477,478,479,480,481,:
474:457,458,459,472,473,475,476,477,478,479,480,481,482,490,:
475:458,459,472,473,474,476,477,478,479,480,481,482,483,485,489,490,:
476:363,365,459,472,474,475,477,480,481,482,483,489,490,:
477:378,458,472,473,474,475,476,478,479,480,481,:
478:378,472,473,474,475,477,479,:
479:24,374,375,377,378,472,473,474,475,477,478,:
480:458,459,472,473,474,475,476,477,481,482,483,484,485,486,487,489,490,:
481:457,458,459,460,464,472,473,474,475,476,477,480,482,483,485,486,487,488,489,490,496,:
482:474,475,476,480,481,483,484,485,486,487,488,489,490,491,496,:
483:475,476,480,481,482,484,485,486,487,489,490,491,492,494,495,496,:
484:480,482,483,485,486,487,489,490,491,492,494,495,496,501,:
485:470,475,480,481,482,483,484,486,487,488,489,490,496,:
486:463,464,469,470,480,481,482,483,484,485,487,488,489,490,496,501,502,:
487:460,462,463,464,465,469,470,480,481,482,483,484,485,486,488,489,490,495,496,497,500,501,502,:
488:463,464,465,469,470,471,481,482,485,486,487,501,502,503,504,505,:
489:363,458,459,475,476,480,481,482,483,484,485,486,487,490,491,492,493,494,495,496,:
490:41,363,457,458,459,460,472,474,475,476,480,481,482,483,484,485,486,487,489,491,492,494,495,496,:
491:361,363,459,482,483,484,489,490,492,493,494,495,496,497,:
492:483,484,489,490,491,493,494,495,496,497,498,499,500,508,:
493:489,491,492,494,495,496,497,498,499,508,514,:
494:62,361,363,365,483,484,489,490,491,492,493,495,496,:
495:483,484,487,489,490,491,492,493,494,496,497,498,499,500,501,508,514,:
496:460,464,481,482,483,484,485,486,487,489,490,491,492,493,494,495,497,498,499,500,501,:
497:487,491,492,493,495,496,498,499,500,501,502,508,509,514,:
498:492,493,495,496,497,499,500,501,508,509,510,511,512,513,514,:
499:456,460,461,462,492,493,495,496,497,498,500,508,509,510,511,514,515,518,:
500:464,487,492,495,496,497,498,499,501,502,503,508,514,:
501:464,484,486,487,488,495,496,497,498,500,502,503,504,:
502:464,470,486,487,488,497,500,501,503,504,505,506,507,:
503:488,500,501,502,504,505,506,507,:
504:488,501,502,503,505,506,507,:
505:470,488,502,503,504,506,507,:
506:502,503,504,505,507,:
507:502,503,504,505,506,:
508:492,493,495,497,498,499,500,509,510,511,512,513,514,515,:
509:497,498,499,508,510,511,512,513,514,515,516,517,518,521,:
510:498,499,508,509,511,512,513,514,515,516,517,518,519,520,521,:
511:498,499,508,509,510,512,513,514,515,516,521,:
512:498,508,509,510,511,513,514,515,516,:
513:345,498,508,509,510,511,512,514,:
514:493,495,497,498,499,500,508,509,510,511,512,513,:
515:499,508,509,510,511,512,516,517,518,519,520,521,522,523,:
516:336,509,510,511,512,515,517,518,519,520,521,522,523,524,:
517:336,509,510,515,516,518,519,520,521,522,523,524,525,526,527,:
518:318,319,499,509,510,515,516,517,519,520,521,522,523,524,525,527,:
519:332,333,335,336,510,515,516,517,518,520,521,522,523,:
520:510,515,516,517,518,519,521,:
521:509,510,511,515,516,517,518,519,520,:
522:333,335,336,515,516,517,518,519,523,524,525,526,527,528,529,:
523:332,333,334,335,336,515,516,517,518,519,522,524,525,526,527,:
524:333,336,440,516,517,518,522,523,525,526,527,528,529,530,:
525:333,440,517,518,522,523,524,526,527,528,529,530,531,532,533,535,:
526:332,333,334,336,337,517,522,523,524,525,527,528,529,530,531,537,543,:
527:27,32,440,517,518,522,523,524,525,526,528,529,:
528:437,439,440,522,524,525,526,527,529,530,531,532,533,534,535,536,537,:
529:436,437,438,439,440,450,452,522,524,525,526,527,528,530,531,532,533,535,:
530:437,440,524,525,526,528,529,531,532,533,534,535,536,537,538,:
531:429,437,440,525,526,528,529,530,532,533,534,535,536,537,538,539,540,541,542,543,:
532:428,429,430,431,433,436,437,440,525,528,529,530,531,533,534,536,537,538,539,541,542,543,:
533:437,440,446,447,525,528,529,530,531,532,534,535,536,537,:
534:325,326,327,329,331,446,528,530,531,532,533,535,536,537,:
535:314,316,318,445,447,448,525,528,529,530,531,533,534,:
536:429,528,530,531,532,533,534,537,538,539,540,541,542,543,548,549,:
537:526,528,530,531,532,533,534,536,538,539,540,541,542,543,:
538:415,429,530,531,532,536,537,539,540,541,542,543,544,548,549,550,:
539:412,415,531,532,536,537,538,540,541,542,548,549,550,551,552,553,554,:
540:322,323,325,326,531,536,537,538,539,541,548,549,550,551,552,:
541:412,414,415,531,532,536,537,538,539,540,542,543,544,545,546,548,549,:
542:339,415,422,429,531,532,536,537,538,539,541,543,544,545,546,547,:
543:337,339,429,526,531,532,536,537,538,541,542,544,545,546,547,:
544:414,415,420,421,422,538,541,542,543,545,546,547,:
545:337,338,339,541,542,543,544,546,547,:
546:420,422,427,541,542,543,544,545,547,:
547:338,353,427,542,543,544,545,546,:
548:411,412,414,415,536,538,539,540,541,549,550,551,552,553,554,555,556,:
549:411,412,413,414,415,416,433,536,538,539,540,541,548,550,551,552,553,554,555,:
550:412,415,538,539,540,548,549,551,552,553,554,555,556,:
551:412,539,540,548,549,550,552,553,554,556,:
552:411,412,539,540,548,549,550,551,553,556,:
553:255,412,415,539,548,549,550,551,552,554,555,556,:
554:252,254,255,256,415,539,548,549,550,551,553,555,556,:
555:251,252,253,254,255,256,435,548,549,550,553,554,556,:
556:548,550,551,552,553,554,555,:
