1:2,3,4,5,6,7,12,32,33,34,35,36,37,38,39,40,45,47,358,360,361,363,379,380,381,:
2:1,3,4,5,6,7,12,13,32,33,34,35,36,37,38,39,40,41,47,260,358,361,379,380,381,:
3:1,2,4,5,6,12,13,14,16,32,33,34,35,36,37,47,48,49,50,260,358,361,:
4:1,2,3,5,12,13,16,32,33,34,35,36,37,47,48,50,52,348,354,355,357,358,361,:
5:1,2,3,4,6,7,8,12,32,33,34,35,36,37,38,39,40,41,45,47,138,260,262,:
6:1,2,3,5,7,8,9,11,32,33,34,35,36,37,38,39,40,41,42,45,137,138,146,262,380,:
7:1,2,5,6,8,9,10,11,32,35,36,37,38,39,40,41,42,44,45,46,259,260,262,263,271,379,380,381,:
8:5,6,7,9,10,11,36,38,39,40,41,42,43,44,45,46,139,141,142,262,271,:
9:6,7,8,10,11,38,39,40,41,42,43,44,45,46,139,142,146,397,423,:
10:7,8,9,11,40,42,43,44,45,46,139,141,142,420,423,:
11:6,7,8,9,10,32,38,39,40,41,42,43,44,45,46,146,379,380,395,397,423,:
12:1,2,3,4,5,13,14,15,16,17,21,33,34,35,36,37,47,48,49,50,52,53,259,260,:
13:2,3,4,12,14,15,16,17,18,19,21,22,36,47,48,49,50,51,52,53,229,230,260,:
14:3,12,13,15,16,17,18,19,20,21,22,23,25,47,48,49,50,52,53,54,56,57,58,228,229,230,260,:
15:12,13,14,16,17,18,19,21,22,25,47,48,49,50,53,54,57,58,228,229,230,258,259,260,261,264,:
16:3,4,12,13,14,15,17,18,19,20,21,47,48,49,50,51,52,53,213,228,229,230,278,354,:
17:12,13,14,15,16,18,19,20,21,48,49,50,51,52,53,213,230,343,348,354,:
18:13,14,15,16,17,19,20,21,26,48,49,50,51,52,53,58,62,228,230,343,:
19:13,14,15,16,17,18,20,21,26,49,50,51,52,54,58,62,224,225,227,228,229,230,:
20:14,16,17,18,19,21,23,26,27,30,49,51,52,53,58,59,62,230,342,343,345,:
21:12,13,14,15,16,17,18,19,20,22,23,24,25,26,47,48,49,52,53,54,55,56,57,58,:
22:13,14,15,21,23,24,25,26,27,48,53,54,55,56,57,58,112,115,:
23:14,20,21,22,24,25,26,27,28,29,30,31,53,54,55,56,57,58,59,61,62,112,114,115,:
24:21,22,23,25,26,27,28,29,31,53,54,55,56,57,58,59,111,112,113,114,115,:
25:14,15,21,22,23,24,26,53,54,55,56,57,58,112,113,114,115,264,:
26:18,19,20,21,22,23,24,25,27,28,29,30,31,53,54,55,58,59,60,61,62,115,:
27:20,22,23,24,26,28,29,30,31,54,58,59,60,61,62,115,:
28:23,24,26,27,29,30,31,58,59,60,61,62,111,112,114,115,:
29:23,24,26,27,28,30,31,58,59,60,61,111,112,114,115,:
30:20,23,26,27,28,29,31,58,59,60,61,62,:
31:23,24,26,27,28,29,30,59,60,61,111,114,:
32:1,2,3,4,5,6,7,11,33,34,35,36,37,38,39,40,41,45,361,379,380,381,:
33:1,2,3,4,5,6,12,32,34,35,36,37,39,357,358,361,363,380,:
34:1,2,3,4,5,6,12,32,33,35,37,39,40,357,358,359,360,361,363,379,380,381,:
35:1,2,3,4,5,6,7,12,32,33,34,36,37,38,39,40,41,45,47,259,260,267,272,273,279,361,379,380,381,:
36:1,2,3,4,5,6,7,8,12,13,32,33,35,37,38,39,40,41,47,258,259,260,261,262,263,:
37:1,2,3,4,5,6,7,12,32,33,34,35,36,38,39,40,41,47,138,:
38:1,2,5,6,7,8,9,11,32,35,36,37,39,40,41,42,45,134,135,136,137,138,139,146,262,:
39:1,2,5,6,7,8,9,11,32,33,34,35,36,37,38,40,41,42,45,46,137,138,146,379,380,381,:
40:1,2,5,6,7,8,9,10,11,32,34,35,36,37,38,39,41,42,45,46,259,260,267,271,273,378,379,380,381,:
41:2,5,6,7,8,9,11,32,35,36,37,38,39,40,42,45,47,245,258,259,260,261,262,263,265,267,271,381,:
42:6,7,8,9,10,11,38,39,40,41,43,44,45,139,140,141,142,262,263,271,:
43:8,9,10,11,42,44,45,46,73,397,411,412,413,418,:
44:7,8,9,10,11,42,43,46,139,140,141,142,143,144,145,412,:
45:1,5,6,7,8,9,10,11,32,35,38,39,40,41,42,43,46,378,379,380,381,397,423,:
46:7,8,9,10,11,39,40,43,44,45,73,380,394,395,396,397,423,:
47:1,2,3,4,5,12,13,14,15,16,21,35,36,37,41,48,49,50,229,258,259,260,261,265,:
48:3,4,12,13,14,15,16,17,18,21,22,47,49,50,51,52,53,347,348,354,:
49:3,12,13,14,15,16,17,18,19,20,21,47,48,50,51,52,213,224,227,228,229,230,278,:
50:3,4,12,13,14,15,16,17,18,19,47,48,49,51,52,213,230,278,279,354,358,:
51:13,16,17,18,19,20,48,49,50,52,213,230,343,352,354,:
52:4,12,13,14,16,17,18,19,20,21,48,49,50,51,53,343,344,345,346,347,348,352,353,354,:
53:12,13,14,15,16,17,18,20,21,22,23,24,25,26,48,52,54,55,56,57,58,348,:
54:14,15,19,21,22,23,24,25,26,27,53,55,56,57,58,115,229,:
55:21,22,23,24,25,26,53,54,56,57,58,112,113,114,115,264,:
56:14,21,22,23,24,25,53,54,55,57,112,113,114,115,133,:
57:14,15,21,22,23,24,25,53,54,55,56,115,261,264,:
58:14,15,18,19,20,21,22,23,24,25,26,27,28,29,30,53,54,55,59,60,61,62,230,:
59:20,23,24,26,27,28,29,30,31,58,60,61,62,:
60:26,27,28,29,30,31,58,59,61,62,:
61:23,26,27,28,29,30,31,58,59,60,62,:
62:18,19,20,23,26,27,28,30,58,59,60,61,:
63:64,65,66,67,68,69,83,153,154,155,156,:
64:63,65,66,67,68,148,152,153,154,155,156,157,:
65:63,64,66,67,68,69,70,83,154,156,:
66:63,64,65,67,68,69,:
67:63,64,65,66,68,69,:
68:63,64,65,66,67,69,70,71,153,154,155,156,:
69:63,65,66,67,68,70,71,72,:
70:65,68,69,71,72,73,74,75,:
71:68,69,70,72,73,74,75,:
72:69,70,71,73,74,75,395,396,397,416,:
73:43,46,70,71,72,74,75,395,396,397,:
74:70,71,72,73,75,395,396,397,416,:
75:70,71,72,73,74,395,396,397,416,:
76:77,78,79,80,81,82,83,:
77:76,78,79,80,81,82,83,84,:
78:76,77,79,80,81,82,83,84,:
79:76,77,78,80,81,82,83,84,:
80:76,77,78,79,81,82,84,:
81:76,77,78,79,80,82,83,84,:
82:76,77,78,79,80,81,83,84,365,:
83:63,65,76,77,78,79,81,82,84,156,365,:
84:77,78,79,80,81,82,83,:
85:86,87,88,89,90,91,96,102,:
86:85,87,88,89,90,96,:
87:85,86,88,89,90,91,92,93,96,97,102,104,:
88:85,86,87,89,90,91,92,96,97,98,99,100,101,102,103,104,:
89:85,86,87,88,90,91,92,96,97,98,99,102,103,104,105,106,:
90:85,86,87,88,89,91,92,93,94,95,96,:
91:85,87,88,89,90,92,93,94,95,96,104,:
92:87,88,89,90,91,93,94,95,96,102,103,104,108,109,:
93:87,90,91,92,94,95,133,:
94:90,91,92,93,95,110,131,133,:
95:90,91,92,93,94,:
96:85,86,87,88,89,90,91,92,97,98,99,100,101,102,103,104,:
97:87,88,89,96,98,99,100,101,102,103,104,105,:
98:88,89,96,97,99,100,101,102,103,104,105,106,108,:
99:88,89,96,97,98,100,103,104,105,106,107,116,117,118,123,:
100:88,96,97,98,99,101,102,103,104,:
101:88,96,97,98,100,102,104,:
102:85,87,88,89,92,96,97,98,100,101,103,104,:
103:88,89,92,96,97,98,99,100,102,104,105,106,107,108,109,:
104:87,88,89,91,92,96,97,98,99,100,101,102,103,105,106,108,109,:
105:89,97,98,99,103,104,106,107,108,109,110,123,:
106:89,98,99,103,104,105,107,108,109,117,123,:
107:99,103,105,106,108,117,123,:
108:92,98,103,104,105,106,107,109,110,111,:
109:92,103,104,105,106,108,110,111,112,:
110:94,105,108,109,111,112,113,114,115,:
111:24,28,29,31,108,109,110,112,113,114,115,133,:
112:22,23,24,25,28,29,55,56,109,110,111,113,114,115,133,:
113:24,25,55,56,110,111,112,114,115,133,:
114:23,24,25,28,29,31,55,56,110,111,112,113,115,:
115:22,23,24,25,26,27,28,29,54,55,56,57,110,111,112,113,114,133,:
116:99,117,118,119,120,121,122,123,:
117:99,106,107,116,118,119,121,123,:
118:99,116,117,119,120,121,122,123,:
119:116,117,118,120,121,122,123,:
120:116,118,119,121,122,:
121:116,117,118,119,120,122,123,:
122:116,118,119,120,121,123,:
123:99,105,106,107,116,117,118,119,121,122,:
124:125,126,127,128,129,130,134,135,:
125:124,126,127,128,129,130,:
126:124,125,127,128,129,130,131,134,135,136,:
127:124,125,126,128,129,130,134,135,136,137,138,139,:
128:124,125,126,127,129,134,135,136,137,138,:
129:124,125,126,127,128,130,131,132,133,134,135,:
130:124,125,126,127,129,131,132,133,:
131:94,126,129,130,132,133,:
132:129,130,131,133,:
133:56,93,94,111,112,113,115,129,130,131,132,:
134:38,124,126,127,128,129,135,136,137,138,139,140,146,:
135:38,124,126,127,128,129,134,136,137,138,139,140,141,:
136:38,126,127,128,134,135,137,138,139,140,141,146,:
137:6,38,39,127,128,134,135,136,138,139,140,146,:
138:5,6,37,38,39,127,128,134,135,136,137,139,146,:
139:8,9,10,38,42,44,127,134,135,136,137,138,140,141,142,143,145,146,:
140:42,44,134,135,136,137,139,141,142,143,144,145,:
141:8,10,42,44,135,136,139,140,142,143,144,145,246,:
142:8,9,10,42,44,139,140,141,143,144,145,244,245,246,263,:
143:44,139,140,141,142,144,145,246,:
144:44,140,141,142,143,145,237,246,:
145:44,139,140,141,142,143,144,:
146:6,9,11,38,39,134,136,137,138,139,:
147:148,149,150,151,152,153,154,:
148:64,147,149,150,151,152,153,154,:
149:147,148,150,151,152,153,154,155,157,386,:
150:147,148,149,151,152,153,154,155,157,158,159,386,:
151:147,148,149,150,152,153,154,155,:
152:64,147,148,149,150,151,153,154,155,156,157,386,:
153:63,64,68,147,148,149,150,151,152,154,155,156,157,:
154:63,64,65,68,147,148,149,150,151,152,153,155,156,157,:
155:63,64,68,149,150,151,152,153,154,156,157,158,159,160,:
156:63,64,65,68,83,152,153,154,155,157,158,160,:
157:64,149,150,152,153,154,155,156,158,159,160,365,370,:
158:150,155,156,157,159,160,161,162,163,164,370,:
159:150,155,157,158,160,161,163,164,368,369,370,371,:
160:155,156,157,158,159,161,162,163,164,165,365,367,370,:
161:158,159,160,162,163,164,165,166,167,168,180,181,367,:
162:158,160,161,163,164,165,166,167,180,181,362,367,:
163:158,159,160,161,162,164,165,166,167,168,169,180,181,366,367,371,:
164:158,159,160,161,162,163,165,166,167,168,366,367,370,371,:
165:160,161,162,163,164,166,167,168,169,170,180,181,182,367,:
166:161,162,163,164,165,167,168,169,180,181,182,183,184,185,193,194,366,367,:
167:161,162,163,164,165,166,168,169,180,181,182,183,193,194,356,359,360,362,366,367,371,:
168:161,163,164,165,166,167,169,170,171,172,180,181,367,:
169:163,165,166,167,168,170,171,172,173,174,175,180,181,184,:
170:165,168,169,171,172,173,174,175,176,177,178,:
171:168,169,170,172,173,174,175,176,177,178,179,:
172:168,169,170,171,173,174,175,177,178,179,:
173:169,170,171,172,174,175,176,177,178,179,:
174:169,170,171,172,173,175,176,177,178,179,:
175:169,170,171,172,173,174,176,177,179,:
176:170,171,173,174,175,177,178,179,:
177:170,171,172,173,174,175,176,178,179,:
178:170,171,172,173,174,176,177,179,:
179:171,172,173,174,175,176,177,178,:
180:161,162,163,165,166,167,168,169,181,182,183,184,185,186,193,194,:
181:161,162,163,165,166,167,168,169,180,182,183,184,185,:
182:165,166,167,180,181,183,184,185,186,187,193,194,195,356,:
183:166,167,180,181,182,184,185,186,193,194,195,196,197,198,356,:
184:166,169,180,181,182,183,185,186,193,194,195,196,197,:
185:166,180,181,182,183,184,186,187,188,193,194,356,:
186:180,182,183,184,185,187,188,189,190,191,192,193,194,197,356,:
187:182,185,186,188,189,190,191,192,:
188:185,186,187,189,190,191,192,:
189:186,187,188,190,191,192,350,351,:
190:186,187,188,189,191,192,346,350,351,352,353,356,:
191:186,187,188,189,190,192,350,351,:
192:186,187,188,189,190,191,346,349,350,351,:
193:166,167,180,182,183,184,185,186,194,195,196,197,198,199,200,201,356,:
194:166,167,180,182,183,184,185,186,193,195,196,197,198,199,200,201,203,353,355,356,:
195:182,183,184,193,194,196,197,198,199,200,201,:
196:183,184,193,194,195,197,198,199,313,:
197:183,184,186,193,194,195,196,198,313,:
198:183,193,194,195,196,197,199,200,201,202,203,313,:
199:193,194,195,196,198,200,201,202,203,204,211,:
200:193,194,195,198,199,201,202,203,204,211,:
201:193,194,195,198,199,200,202,203,204,211,213,354,355,356,:
202:198,199,200,201,203,204,211,:
203:194,198,199,200,201,202,204,211,213,279,355,357,360,366,367,:
204:199,200,201,202,203,211,283,284,:
205:206,207,208,209,210,211,212,290,292,293,:
206:205,207,208,209,210,211,212,289,290,291,292,293,298,:
207:205,206,208,209,210,211,212,213,284,290,293,:
208:205,206,207,209,210,211,284,289,290,:
209:205,206,207,208,210,214,215,289,290,291,293,:
210:205,206,207,208,209,211,212,213,227,290,:
211:199,200,201,202,203,204,205,206,207,208,210,212,213,:
212:205,206,207,210,211,213,307,308,309,312,:
213:16,17,49,50,51,201,203,207,210,211,212,227,:
214:209,215,216,217,218,219,220,:
215:209,214,216,217,218,219,220,:
216:214,215,217,218,219,220,221,:
217:214,215,216,218,219,220,:
218:214,215,216,217,219,:
219:214,215,216,217,218,220,221,222,226,:
220:214,215,216,217,219,221,222,223,224,225,226,269,278,:
221:216,219,220,222,223,224,225,226,227,228,229,251,:
222:219,220,221,223,224,225,226,227,228,229,230,250,251,278,:
223:220,221,222,224,225,226,228,229,230,249,250,251,256,258,278,:
224:19,49,220,221,222,223,225,226,227,228,229,230,251,278,:
225:19,220,221,222,223,224,226,227,228,229,230,278,:
226:219,220,221,222,223,224,225,227,228,230,294,:
227:19,49,210,213,221,222,224,225,226,228,229,230,278,294,297,:
228:14,15,16,18,19,49,221,222,223,224,225,226,227,229,230,251,278,:
229:13,14,15,16,19,47,49,54,221,222,223,224,225,227,228,230,250,251,258,278,:
230:13,14,15,16,17,18,19,20,49,50,51,58,222,223,224,225,226,227,228,229,278,:
231:232,233,234,235,236,238,239,271,421,422,:
232:231,233,234,236,238,239,270,271,420,421,422,424,426,:
233:231,232,234,235,236,237,238,239,240,422,:
234:231,232,233,235,236,237,238,239,240,241,242,243,244,:
235:231,233,234,236,237,238,239,240,243,:
236:231,232,233,234,235,237,238,239,271,412,421,422,:
237:144,233,234,235,236,238,412,:
238:231,232,233,234,235,236,237,239,240,241,242,243,244,245,246,247,248,271,:
239:231,232,233,234,235,236,238,240,241,242,243,244,245,246,247,257,266,270,271,:
240:233,234,235,238,239,241,242,243,244,245,246,247,248,249,257,:
241:234,238,239,240,242,243,244,245,247,248,249,250,252,256,257,266,:
242:234,238,239,240,241,243,244,245,247,248,249,250,256,257,265,266,270,271,:
243:234,235,238,239,240,241,242,244,245,246,247,248,257,263,:
244:142,234,238,239,240,241,242,243,245,246,247,248,256,257,262,263,:
245:41,142,238,239,240,241,242,243,244,246,247,248,250,256,257,258,259,261,262,263,264,265,266,271,:
246:141,142,143,144,238,239,240,243,244,245,262,263,:
247:238,239,240,241,242,243,244,245,248,249,250,251,252,253,254,256,257,266,:
248:238,240,241,242,243,244,245,247,249,250,252,253,254,255,256,257,:
249:223,240,241,242,247,248,250,251,252,253,254,255,256,257,258,266,:
250:222,223,229,241,242,245,247,248,249,251,252,253,254,256,257,258,259,261,264,265,266,:
251:221,222,223,224,228,229,247,249,250,252,253,254,256,257,258,259,265,266,:
252:241,247,248,249,250,251,253,254,255,256,257,:
253:247,248,249,250,251,252,254,255,256,257,:
254:247,248,249,250,251,252,253,255,256,257,264,:
255:248,249,252,253,254,:
256:223,241,242,244,245,247,248,249,250,251,252,253,254,257,258,259,260,261,262,263,264,265,266,:
257:239,240,241,242,243,244,245,247,248,249,250,251,252,253,254,256,258,259,261,262,263,264,265,266,:
258:15,36,41,47,223,229,245,249,250,251,256,257,259,260,261,262,263,264,265,266,267,:
259:7,12,15,35,36,40,41,47,245,250,251,256,257,258,260,261,262,263,264,265,266,267,268,269,270,272,:
260:2,3,5,7,12,13,14,15,35,36,40,41,47,256,258,259,261,262,263,265,266,267,268,272,273,278,381,:
261:15,36,41,47,57,245,250,256,257,258,259,260,262,263,264,265,266,:
262:5,6,7,8,36,38,41,42,244,245,246,256,257,258,259,260,261,263,264,265,266,:
263:7,36,41,42,142,243,244,245,246,256,257,258,259,260,261,262,264,265,266,:
264:15,25,55,57,245,250,254,256,257,258,259,261,262,263,:
265:41,47,242,245,250,251,256,257,258,259,260,261,262,263,266,267,268,269,270,271,272,273,:
266:239,241,242,245,247,249,250,251,256,257,258,259,260,261,262,263,265,267,268,269,270,271,:
267:35,40,41,258,259,260,265,266,268,269,270,271,272,273,274,381,:
268:259,260,265,266,267,269,270,272,273,274,275,277,278,381,439,:
269:220,259,265,266,267,268,270,272,273,274,277,278,439,:
270:232,239,242,259,265,266,267,268,269,271,272,273,422,439,:
271:7,8,40,41,42,231,232,236,238,239,242,245,265,266,267,270,420,421,422,423,:
272:35,259,260,265,267,268,269,270,273,274,275,276,277,278,279,280,281,374,379,381,439,:
273:35,40,260,265,267,268,269,270,272,274,275,276,277,278,279,374,378,379,380,381,437,:
274:267,268,269,272,273,275,276,277,278,279,280,281,282,374,381,:
275:268,272,273,274,276,277,278,279,280,281,282,283,285,286,373,374,437,439,:
276:272,273,274,275,277,279,280,281,282,283,285,286,288,368,369,373,374,375,378,379,381,383,437,:
277:268,269,272,273,274,275,276,278,279,280,281,:
278:16,49,50,220,222,223,224,225,227,228,229,230,260,268,269,272,273,274,275,277,279,:
279:35,50,203,272,273,274,275,276,277,278,280,361,374,381,:
280:272,274,275,276,277,279,281,282,283,284,285,286,288,374,:
281:272,274,275,276,277,280,282,283,284,285,286,:
282:274,275,276,280,281,283,284,285,286,287,288,372,:
283:204,275,276,280,281,282,284,285,286,:
284:204,207,208,280,281,282,283,285,:
285:275,276,280,281,282,283,284,286,287,288,:
286:275,276,280,281,282,283,285,287,288,437,439,:
287:282,285,286,288,:
288:276,280,282,285,286,287,382,383,384,387,437,439,:
289:206,208,209,290,291,292,293,294,295,298,299,:
290:205,206,207,208,209,210,289,291,292,293,294,:
291:206,209,289,290,292,293,294,295,296,297,298,299,300,:
292:205,206,289,290,291,293,294,295,296,298,299,300,301,302,303,304,:
293:205,206,207,209,289,290,291,292,294,298,299,300,301,303,304,306,308,:
294:226,227,289,290,291,292,293,295,296,297,298,299,:
295:289,291,292,294,296,297,298,299,:
296:291,292,294,295,297,298,299,302,:
297:227,291,294,295,296,299,:
298:206,289,291,292,293,294,295,296,299,300,301,302,303,304,305,306,307,308,:
299:289,291,292,293,294,295,296,297,298,300,301,302,303,304,:
300:291,292,293,298,299,301,302,303,304,305,306,307,308,309,:
301:292,293,298,299,300,302,303,304,305,307,308,309,310,311,312,314,315,:
302:292,296,298,299,300,301,303,305,307,308,309,310,311,314,315,322,:
303:292,293,298,299,300,301,302,304,305,306,307,308,:
304:292,293,298,299,300,301,303,305,306,:
305:298,300,301,302,303,304,306,307,308,311,:
306:293,298,300,303,304,305,:
307:212,298,300,301,302,303,305,308,309,310,311,312,314,315,:
308:212,293,298,300,301,302,303,305,307,309,310,311,312,:
309:212,300,301,302,307,308,310,311,312,313,314,315,316,341,:
310:301,302,307,308,309,311,312,313,314,315,316,317,318,319,322,341,:
311:301,302,305,307,308,309,310,312,313,314,315,316,317,:
312:212,301,307,308,309,310,311,313,314,315,:
313:196,197,198,309,310,311,312,314,315,318,340,343,:
314:301,302,307,309,310,311,312,313,315,316,317,318,319,320,321,322,336,340,341,342,:
315:301,302,307,309,310,311,312,313,314,316,317,318,319,320,321,322,335,336,337,340,341,342,343,:
316:309,310,311,314,315,317,318,319,320,321,322,324,336,341,:
317:310,311,314,315,316,318,319,320,321,322,323,324,335,336,341,:
318:310,313,314,315,316,317,319,320,321,323,324,326,335,336,337,340,341,:
319:310,314,315,316,317,318,320,321,322,323,324,336,341,342,:
320:314,315,316,317,318,319,321,322,323,324,325,326,328,335,336,341,342,:
321:314,315,316,317,318,319,320,322,323,324,325,326,335,336,337,340,341,342,:
322:302,310,314,315,316,317,319,320,321,341,342,:
323:317,318,319,320,321,324,325,326,327,328,329,330,331,335,336,:
324:316,317,318,319,320,321,323,325,326,328,329,330,331,335,336,:
325:320,321,323,324,326,327,328,329,330,331,335,336,337,:
326:318,320,321,323,324,325,327,328,329,335,336,337,338,339,340,344,345,:
327:323,325,326,328,335,336,337,338,339,344,345,:
328:320,323,324,325,326,327,329,330,331,332,333,335,336,:
329:323,324,325,326,328,330,331,332,333,334,:
330:323,324,325,328,329,331,332,333,334,:
331:323,324,325,328,329,330,332,333,334,:
332:328,329,330,331,333,334,:
333:328,329,330,331,332,334,:
334:329,330,331,332,333,:
335:315,317,318,320,321,323,324,325,326,327,328,336,337,338,339,340,341,342,343,344,345,:
336:314,315,316,317,318,319,320,321,323,324,325,326,327,328,335,337,338,339,340,341,342,:
337:315,318,321,325,326,327,335,336,338,339,340,341,342,343,344,345,346,:
338:326,327,335,336,337,339,340,341,343,344,345,346,347,349,352,353,:
339:326,327,335,336,337,338,340,343,344,345,346,347,349,352,353,:
340:313,314,315,318,321,326,335,336,337,338,339,341,342,343,344,345,:
341:309,310,314,315,316,317,318,319,320,321,322,335,336,337,338,340,342,343,:
342:20,314,315,319,320,321,322,335,336,337,340,341,343,:
343:17,18,20,51,52,313,315,335,337,338,339,340,341,342,344,345,353,:
344:52,326,327,335,337,338,339,340,343,345,346,347,348,349,350,351,352,353,:
345:20,52,326,327,335,337,338,339,340,343,344,346,347,348,349,352,353,:
346:52,190,192,337,338,339,344,345,347,348,349,350,351,352,353,354,:
347:48,52,338,339,344,345,346,348,349,350,351,352,353,354,355,356,:
348:4,17,48,52,53,344,345,346,347,349,350,351,352,353,354,355,:
349:192,338,339,344,345,346,347,348,350,351,352,353,:
350:189,190,191,192,344,346,347,348,349,351,352,:
351:189,190,191,192,344,346,347,348,349,350,352,353,:
352:51,52,190,338,339,344,345,346,347,348,349,350,351,353,354,355,356,357,358,:
353:52,190,194,338,339,343,344,345,346,347,348,349,351,352,354,355,356,:
354:4,16,17,48,50,51,52,201,346,347,348,352,353,355,356,357,358,359,:
355:4,194,201,203,347,348,352,353,354,356,357,358,359,360,361,362,364,:
356:167,182,183,185,186,190,193,194,201,347,352,353,354,355,357,358,359,360,362,364,:
357:4,33,34,203,352,354,355,356,358,359,360,361,362,363,364,366,367,:
358:1,2,3,4,33,34,50,352,354,355,356,357,359,360,361,362,363,364,366,:
359:34,167,354,355,356,357,358,360,361,362,363,364,365,366,367,368,:
360:1,34,167,203,355,356,357,358,359,361,362,363,364,366,367,368,369,370,371,373,:
361:1,2,3,4,32,33,34,35,279,355,357,358,359,360,362,363,366,367,368,369,370,373,374,379,380,381,:
362:162,167,355,356,357,358,359,360,361,363,364,365,366,367,:
363:1,33,34,357,358,359,360,361,362,364,365,366,367,370,:
364:355,356,357,358,359,360,362,363,365,:
365:82,83,157,160,359,362,363,364,:
366:163,164,166,167,203,357,358,359,360,361,362,363,367,368,369,370,371,373,374,:
367:160,161,162,163,164,165,166,167,168,203,357,359,360,361,362,363,366,368,369,370,371,:
368:159,276,359,360,361,366,367,369,370,371,372,373,374,375,383,:
369:159,276,360,361,366,367,368,370,371,372,373,374,375,376,378,379,382,383,:
370:157,158,159,160,164,360,361,363,366,367,368,369,371,372,373,374,375,376,382,383,:
371:159,163,164,167,360,366,367,368,369,370,372,373,374,383,:
372:282,368,369,370,371,373,374,382,383,387,:
373:275,276,360,361,366,368,369,370,371,372,374,375,376,377,378,379,380,381,382,383,:
374:272,273,274,275,276,279,280,361,366,368,369,370,371,372,373,375,376,378,379,380,381,382,383,:
375:276,368,369,370,373,374,376,377,378,379,380,381,382,383,384,434,:
376:369,370,373,374,375,377,378,379,382,383,384,385,386,387,389,390,433,434,:
377:373,375,376,378,382,383,384,385,386,389,390,391,393,394,431,433,434,:
378:40,45,273,276,369,373,374,375,376,377,379,380,381,382,383,423,433,434,437,:
379:1,2,7,11,32,34,35,39,40,45,272,273,276,361,369,373,374,375,376,378,380,381,:
380:1,2,6,7,11,32,33,34,35,39,40,45,46,273,361,373,374,375,378,379,381,:
381:1,2,7,32,34,35,39,40,41,45,260,267,268,272,273,274,276,279,361,373,374,375,378,379,380,:
382:288,369,370,372,373,374,375,376,377,378,383,384,385,386,387,390,434,:
383:276,288,368,369,370,371,372,373,374,375,376,377,378,382,384,385,386,387,434,:
384:288,375,376,377,382,383,385,386,387,388,390,434,:
385:376,377,382,383,384,386,387,388,389,390,434,:
386:149,150,152,376,377,382,383,384,385,387,388,389,390,:
387:288,372,376,382,383,384,385,386,388,:
388:384,385,386,387,:
389:376,377,385,386,390,391,392,393,394,395,398,399,:
390:376,377,382,384,385,386,389,391,392,393,394,398,433,434,:
391:377,389,390,392,393,394,395,396,397,398,399,400,409,:
392:389,390,391,393,394,395,396,398,399,400,401,402,403,408,409,418,419,:
393:377,389,390,391,392,394,395,396,398,399,400,401,402,408,409,411,418,419,420,423,425,431,433,434,:
394:46,377,389,390,391,392,393,395,396,397,398,399,:
395:11,46,72,73,74,75,389,391,392,393,394,396,397,398,409,419,:
396:46,72,73,74,75,391,392,393,394,395,397,398,399,408,409,413,419,:
397:9,11,43,45,46,72,73,74,75,391,394,395,396,:
398:389,390,391,392,393,394,395,396,399,400,401,402,403,404,405,406,408,409,419,:
399:389,391,392,393,394,396,398,400,401,403,404,405,406,408,409,:
400:391,392,393,398,399,401,402,403,404,405,406,408,409,410,419,:
401:392,393,398,399,400,402,403,404,408,409,410,411,413,418,419,425,:
402:392,393,398,400,401,403,408,409,410,411,412,418,419,424,425,426,428,:
403:392,398,399,400,401,402,404,405,406,407,408,409,:
404:398,399,400,401,403,405,406,407,:
405:398,399,400,403,404,406,407,:
406:398,399,400,403,404,405,407,:
407:403,404,405,406,:
408:392,393,396,398,399,400,401,402,403,409,410,411,412,413,414,418,419,425,:
409:391,392,393,395,396,398,399,400,401,402,403,408,410,411,413,414,418,419,:
410:400,401,402,408,409,411,412,413,414,415,418,419,420,425,:
411:43,393,401,402,408,409,410,412,413,414,418,419,420,421,423,424,425,:
412:43,44,236,237,402,408,410,411,413,418,419,420,421,424,425,:
413:43,396,401,408,409,410,411,412,414,415,416,417,418,419,:
414:408,409,410,411,413,415,416,417,:
415:410,413,414,416,417,:
416:72,74,75,413,414,415,417,:
417:413,414,415,416,:
418:43,392,393,401,402,408,409,410,411,412,413,419,420,421,422,423,424,425,:
419:392,393,395,396,398,400,401,402,408,409,410,411,412,413,418,420,421,423,424,425,431,:
420:10,232,271,393,410,411,412,418,419,421,422,423,424,425,426,:
421:231,232,236,271,411,412,418,419,420,422,423,424,425,426,427,429,430,431,432,:
422:231,232,233,236,270,271,418,420,421,423,424,425,426,429,430,432,435,436,:
423:9,10,11,45,46,271,378,393,411,418,419,420,421,422,424,425,431,433,434,435,:
424:232,402,411,412,418,419,420,421,422,423,425,426,427,428,429,430,431,432,:
425:393,401,402,408,410,411,412,418,419,420,421,422,423,424,426,427,428,429,430,431,:
426:232,402,420,421,422,424,425,427,428,429,430,431,432,436,:
427:421,424,425,426,428,429,430,:
428:402,424,425,426,427,429,:
429:421,422,424,425,426,427,428,430,431,432,433,435,436,:
430:421,422,424,425,426,427,429,431,432,433,434,435,436,437,438,:
431:377,393,419,421,423,424,425,426,429,430,432,433,434,435,436,437,:
432:421,422,424,426,429,430,431,433,434,435,436,437,438,439,:
433:376,377,378,390,393,423,429,430,431,432,434,435,436,437,439,:
434:375,376,377,378,382,383,384,385,390,393,423,430,431,432,433,435,437,:
435:422,423,429,430,431,432,433,434,436,437,438,439,:
436:422,426,429,430,431,432,433,435,437,438,439,:
437:273,275,276,286,288,378,430,431,432,433,434,435,436,438,439,:
438:430,432,435,436,437,439,:
439:268,269,270,272,275,286,288,432,433,435,436,437,438,:
