1:2,3,4,8,41,42,43,44,387,391,396,400,401,403,:
2:1,3,4,5,7,8,41,42,43,44,47,386,387,395,396,397,400,401,:
3:1,2,4,5,6,7,8,41,42,43,44,45,46,47,387,396,:
4:1,2,3,5,6,7,8,9,41,42,43,44,45,46,47,48,49,456,:
5:2,3,4,6,7,8,9,10,11,12,13,44,45,46,47,48,49,60,456,:
6:3,4,5,7,8,9,10,11,12,13,17,44,45,46,47,48,49,56,57,:
7:2,3,4,5,6,8,9,10,11,12,13,17,44,45,46,47,48,56,57,382,385,:
8:1,2,3,4,5,6,7,9,44,45,46,47,382,385,387,396,399,420,:
9:4,5,6,7,8,10,11,12,13,14,17,18,21,45,46,48,49,53,56,57,63,74,80,:
10:5,6,7,9,11,12,13,17,18,21,34,39,40,46,49,56,57,63,74,80,204,207,562,:
11:5,6,7,9,10,12,13,15,17,45,48,49,52,53,56,63,80,200,204,206,456,457,459,463,:
12:5,6,7,9,10,11,13,14,15,16,17,18,20,21,34,45,46,48,49,50,52,53,56,57,58,63,74,:
13:5,6,7,9,10,11,12,14,15,16,17,18,19,45,48,49,50,51,52,53,54,55,56,57,58,60,61,63,379,:
14:9,12,13,15,16,17,18,19,48,49,50,51,52,53,54,55,57,58,59,60,61,124,379,:
15:11,12,13,14,16,17,18,19,48,49,50,51,52,53,54,55,58,60,61,463,:
16:12,13,14,15,19,48,49,50,51,52,53,54,55,59,60,61,258,379,:
17:6,7,9,10,11,12,13,14,15,18,20,21,22,34,46,48,49,50,53,56,57,58,62,63,74,75,364,379,:
18:9,10,12,13,14,15,17,20,21,22,23,24,34,40,48,50,53,56,57,58,62,63,64,74,75,123,124,364,:
19:13,14,15,16,48,49,50,51,52,54,55,59,60,61,250,258,:
20:12,17,18,21,22,34,50,56,57,58,62,63,64,74,75,122,123,124,134,135,136,137,138,139,140,363,364,365,:
21:9,10,12,17,18,20,22,23,24,25,34,35,39,40,53,56,57,58,62,63,64,74,75,76,80,138,364,:
22:17,18,20,21,23,24,25,26,34,35,39,40,53,58,62,63,64,65,69,71,74,75,76,80,137,138,:
23:18,21,22,24,25,26,27,31,32,33,34,35,39,40,53,58,62,63,64,65,66,69,71,75,:
24:18,21,22,23,25,26,32,33,39,40,53,58,63,64,65,71,196,200,463,470,:
25:21,22,23,24,26,27,28,29,30,31,32,33,63,64,65,66,67,69,71,72,73,138,141,144,146,:
26:22,23,24,25,27,28,29,30,31,32,33,64,65,66,67,68,69,71,72,73,470,:
27:23,25,26,28,29,30,31,32,33,65,66,67,68,73,144,146,155,158,:
28:25,26,27,29,30,31,32,33,65,66,67,68,69,73,141,142,144,145,146,147,148,154,155,156,158,159,162,:
29:25,26,27,28,30,31,32,33,65,66,67,68,69,70,71,72,73,145,146,150,154,155,162,:
30:25,26,27,28,29,31,32,33,68,69,70,71,72,73,142,145,146,147,150,151,152,153,155,337,:
31:23,25,26,27,28,29,30,32,33,35,36,64,68,69,70,71,72,73,76,77,138,145,146,151,153,336,337,338,:
32:23,24,25,26,27,28,29,30,31,33,35,36,37,65,68,69,70,71,72,73,77,193,:
33:23,24,25,26,27,28,29,30,31,32,65,66,67,68,69,70,71,72,73,146,193,:
34:10,12,17,18,20,21,22,23,35,36,38,39,40,56,58,62,63,64,74,75,76,80,138,364,562,:
35:21,22,23,31,32,34,36,37,38,39,40,63,64,69,70,71,74,75,76,77,78,79,80,138,347,542,:
36:31,32,34,35,37,38,39,40,69,70,71,72,75,76,77,78,79,80,335,542,:
37:32,35,36,38,39,40,70,71,72,76,77,78,79,80,533,542,:
38:34,35,36,37,39,40,71,76,77,78,79,80,197,199,200,201,533,542,:
39:10,21,22,23,24,34,35,36,37,38,40,63,71,74,75,76,77,78,79,80,199,200,:
40:10,18,21,22,23,24,34,35,36,37,38,39,63,64,69,71,74,75,76,77,78,79,80,138,:
41:1,2,3,4,42,43,44,391,395,396,400,401,402,403,:
42:1,2,3,4,41,43,44,448,450,:
43:1,2,3,4,41,42,44,387,391,392,394,396,:
44:1,2,3,4,5,6,7,8,41,42,43,45,448,453,456,:
45:3,4,5,6,7,8,9,11,12,13,44,48,49,60,455,456,457,459,:
46:3,4,5,6,7,8,9,10,12,17,47,56,57,74,382,385,561,562,:
47:2,3,4,5,6,7,8,46,382,383,385,386,387,395,396,397,398,399,420,:
48:4,5,6,7,9,11,12,13,14,15,16,17,18,19,45,49,50,52,53,54,55,56,57,58,60,61,378,379,:
49:4,5,6,9,10,11,12,13,14,15,16,17,19,45,48,50,51,52,53,54,55,57,59,60,61,456,459,:
50:12,13,14,15,16,17,18,19,20,48,49,51,52,53,54,55,56,57,58,60,61,122,124,379,:
51:13,14,15,16,19,49,50,52,53,54,55,58,61,124,278,279,:
52:11,12,13,14,15,16,19,48,49,50,51,53,54,55,58,59,60,61,250,459,460,462,463,:
53:9,11,12,13,14,15,16,17,18,21,22,23,24,48,49,50,51,52,54,57,58,61,63,463,:
54:13,14,15,16,19,48,49,50,51,52,53,55,59,60,61,106,258,278,:
55:13,14,15,16,19,48,49,50,51,52,54,57,59,60,61,106,379,:
56:6,7,9,10,11,12,13,17,18,20,21,34,46,48,50,57,58,62,63,74,75,363,364,385,:
57:6,7,9,10,12,13,14,17,18,20,21,46,48,49,50,53,55,56,58,62,63,74,363,364,365,377,378,379,380,382,385,:
58:12,13,14,15,17,18,20,21,22,23,24,34,48,50,51,52,53,56,57,62,63,64,74,75,122,123,124,:
59:14,16,19,49,52,54,55,60,61,94,250,258,:
60:5,13,14,15,16,19,45,48,49,50,52,54,55,59,61,456,:
61:13,14,15,16,19,48,49,50,51,52,53,54,55,59,60,249,250,251,:
62:17,18,20,21,22,23,34,56,57,58,63,64,74,75,122,123,124,134,135,136,137,138,139,140,141,144,363,364,365,:
63:9,10,11,12,13,17,18,20,21,22,23,24,25,34,35,39,40,53,56,57,58,62,64,74,75,80,:
64:18,20,21,22,23,24,25,26,31,34,35,40,58,62,63,69,71,74,75,76,136,137,138,139,140,141,144,:
65:22,23,24,25,26,27,28,29,32,33,66,67,68,71,72,73,193,470,:
66:23,25,26,27,28,29,33,65,67,68,73,141,144,146,155,158,179,279,:
67:25,26,27,28,29,33,65,66,68,73,155,158,159,179,188,470,:
68:26,27,28,29,30,31,32,33,65,66,67,69,70,72,73,146,150,155,160,162,:
69:22,23,25,26,28,29,30,31,32,33,35,36,40,64,68,70,71,72,73,76,77,137,138,141,145,146,:
70:29,30,31,32,33,35,36,37,68,69,71,72,76,77,146,151,152,153,332,333,335,336,337,338,:
71:22,23,24,25,26,29,30,31,32,33,35,36,37,38,39,40,64,65,69,70,72,73,76,77,78,193,196,:
72:25,26,29,30,31,32,33,36,37,65,68,69,70,71,73,77,78,192,193,338,:
73:25,26,27,28,29,30,31,32,33,65,66,67,68,69,71,72,190,192,193,:
74:9,10,12,17,18,20,21,22,34,35,39,40,46,56,57,58,62,63,64,75,76,80,364,560,562,:
75:17,18,20,21,22,23,34,35,36,39,40,56,58,62,63,64,74,76,80,136,137,138,347,363,364,:
76:21,22,31,34,35,36,37,38,39,40,64,69,70,71,74,75,77,137,138,347,:
77:31,32,35,36,37,38,39,40,69,70,71,72,76,78,332,333,334,335,336,338,541,:
78:35,36,37,38,39,40,71,72,77,79,335,533,:
79:35,36,37,38,39,40,78,80,196,197,198,199,200,201,204,533,534,:
80:9,10,11,21,22,34,35,36,37,38,39,40,63,74,75,79,199,200,201,204,205,562,:
81:82,83,84,85,86,87,585,587,588,589,590,591,:
82:81,83,84,85,86,87,587,588,590,591,593,:
83:81,82,84,85,86,87,88,585,586,587,:
84:81,82,83,85,86,87,:
85:81,82,83,84,86,:
86:81,82,83,84,85,87,88,89,105,:
87:81,82,83,84,86,88,89,90,91,93,393,586,587,591,592,593,:
88:83,86,87,89,90,91,92,93,94,95,96,393,592,:
89:86,87,88,90,91,92,93,94,95,96,97,392,393,394,592,:
90:87,88,89,91,92,93,95,96,97,393,394,592,:
91:87,88,89,90,92,93,94,95,96,97,392,393,394,:
92:88,89,90,91,93,94,95,96,97,392,393,394,:
93:87,88,89,90,91,92,94,95,97,393,:
94:59,88,89,91,92,93,95,96,97,394,:
95:88,89,90,91,92,93,94,96,97,392,393,394,:
96:88,89,90,91,92,94,95,97,392,394,:
97:89,90,91,92,93,94,95,96,392,394,:
98:99,100,101,102,103,104,107,108,263,264,281,:
99:98,100,101,102,103,263,264,271,273,281,:
100:98,99,101,102,103,104,105,106,107,108,109,264,281,:
101:98,99,100,102,103,104,105,107,108,109,110,111,112,116,117,280,281,:
102:98,99,100,101,103,104,107,108,109,110,111,116,117,121,273,274,280,281,282,284,285,:
103:98,99,100,101,102,104,105,106,107,108,264,:
104:98,100,101,102,103,105,106,107,108,:
105:86,100,101,103,104,106,108,:
106:54,55,100,103,104,105,377,379,:
107:98,100,101,102,103,104,108,109,110,111,112,113,115,116,117,281,:
108:98,100,101,102,103,104,105,107,109,110,111,112,113,115,:
109:100,101,102,107,108,110,111,112,113,114,115,116,117,118,281,:
110:101,102,107,108,109,111,112,113,116,117,118,119,121,126,284,372,373,:
111:101,102,107,108,109,110,112,116,117,118,119,121,126,369,371,372,373,375,:
112:101,107,108,109,110,111,113,114,115,116,117,:
113:107,108,109,110,112,114,115,:
114:109,112,113,115,:
115:107,108,109,112,113,114,:
116:101,102,107,109,110,111,112,117,118,119,120,121,122,125,126,284,372,373,:
117:101,102,107,109,110,111,112,116,118,119,120,121,125,126,281,282,283,284,:
118:109,110,111,116,117,119,120,121,122,123,124,125,126,127,135,140,284,372,373,376,:
119:110,111,116,117,118,120,121,122,123,125,126,127,128,130,134,135,139,140,284,372,373,:
120:116,117,118,119,121,122,123,125,126,127,128,129,134,135,139,140,141,143,144,284,291,:
121:102,110,111,116,117,118,119,120,122,123,124,125,126,140,284,:
122:20,50,58,62,116,118,119,120,121,123,124,135,139,140,144,376,377,:
123:18,20,58,62,118,119,120,121,122,124,125,126,134,135,136,137,139,140,363,365,375,376,377,:
124:14,18,20,50,51,58,62,118,121,122,123,144,276,278,279,:
125:116,117,118,119,120,121,123,126,127,128,129,130,131,132,133,134,135,140,367,372,373,376,:
126:110,111,116,117,118,119,120,121,123,125,127,128,130,131,132,133,134,135,365,366,367,368,369,371,372,373,374,375,376,:
127:118,119,120,125,126,128,129,130,131,132,133,134,135,136,140,367,372,:
128:119,120,125,126,127,129,130,131,132,133,134,135,136,137,139,140,:
129:120,125,127,128,130,131,132,134,135,136,137,139,140,300,301,303,:
130:119,125,126,127,128,129,131,132,133,134,135,352,367,372,:
131:125,126,127,128,129,130,132,133,134,135,351,352,357,359,360,366,367,371,372,374,:
132:125,126,127,128,129,130,131,133,134,135,136,351,352,357,359,360,362,365,366,367,:
133:125,126,127,128,130,131,132,367,372,374,:
134:20,62,119,120,123,125,126,127,128,129,130,131,132,135,136,137,138,139,140,363,365,:
135:20,62,118,119,120,122,123,125,126,127,128,129,130,131,132,134,136,137,139,140,359,362,363,364,365,366,367,375,376,:
136:20,62,64,75,123,127,128,129,132,134,135,137,138,139,140,141,363,364,365,:
137:20,22,62,64,69,75,76,123,128,129,134,135,136,138,139,140,141,142,143,144,:
138:20,21,22,25,31,34,35,40,62,64,69,75,76,134,136,137,139,140,141,142,146,:
139:20,62,64,119,120,122,123,128,129,134,135,136,137,138,140,141,142,143,144,145,146,:
140:20,62,64,118,119,120,121,122,123,125,127,128,129,134,135,136,137,138,139,141,142,143,144,:
141:25,28,62,64,66,69,120,136,137,138,139,140,142,143,144,145,146,147,155,:
142:28,30,137,138,139,140,141,143,144,145,146,147,148,149,150,154,155,294,295,:
143:120,137,139,140,141,142,144,145,146,147,148,149,154,155,291,292,294,295,296,299,300,303,:
144:25,27,28,62,64,66,120,122,124,137,139,140,141,142,143,145,146,155,158,279,291,:
145:28,29,30,31,69,139,141,142,143,144,146,147,148,149,150,151,152,154,155,295,:
146:25,27,28,29,30,31,33,66,68,69,70,138,139,141,142,143,144,145,147,148,150,151,152,153,154,155,:
147:28,30,141,142,143,145,146,148,149,150,151,152,153,154,155,156,295,303,308,309,:
148:28,142,143,145,146,147,149,150,151,154,155,156,157,158,159,160,161,294,295,312,:
149:142,143,145,147,148,150,154,155,156,157,161,294,295,311,312,316,318,:
150:29,30,68,142,145,146,147,148,149,151,152,153,154,155,308,309,:
151:30,31,70,145,146,147,148,150,152,153,308,309,310,330,331,336,337,:
152:30,70,145,146,147,150,151,153,302,303,304,308,309,310,328,329,330,331,332,336,337,:
153:30,31,70,146,147,150,151,152,309,330,331,332,336,337,338,:
154:28,29,142,143,145,146,147,148,149,150,155,156,157,158,159,160,161,162,163,164,295,:
155:27,28,29,30,66,67,68,141,142,143,144,145,146,147,148,149,150,154,156,157,158,159,160,161,162,:
156:28,147,148,149,154,155,157,158,159,160,161,162,163,164,165,318,:
157:148,149,154,155,156,158,159,160,163,164,165,166,167,168,169,170,172,289,290,291,318,:
158:27,28,66,67,144,148,154,155,156,157,159,163,164,165,166,170,172,173,179,289,290,291,:
159:28,67,148,154,155,156,157,158,160,161,162,163,164,234,:
160:68,148,154,155,156,157,159,161,162,:
161:148,149,154,155,156,159,160,162,:
162:28,29,68,154,155,156,159,160,161,:
163:154,156,157,158,159,164,165,166,167,168,169,170,171,172,173,290,318,:
164:154,156,157,158,159,163,165,166,167,168,169,170,290,317,318,319,320,:
165:156,157,158,163,164,166,167,168,169,170,171,172,173,174,275,289,290,318,:
166:157,158,163,164,165,167,168,169,171,172,173,174,175,177,179,228,275,:
167:157,163,164,165,166,168,171,172,173,174,177,179,227,228,229,231,232,233,:
168:157,163,164,165,166,167,169,170,171,172,173,275,289,290,318,320,:
169:157,163,164,165,166,168,170,171,282,283,289,290,291,293,317,318,320,:
170:157,158,163,164,165,168,169,171,289,290,291,292,293,312,317,318,319,320,:
171:163,165,166,167,168,169,170,172,173,275,290,:
172:157,158,163,165,166,167,168,171,173,174,175,176,177,178,179,228,272,275,277,:
173:158,163,165,166,167,168,171,172,174,175,176,177,179,271,272,273,274,275,276,277,279,:
174:165,166,167,172,173,175,176,177,178,179,228,231,272,:
175:166,172,173,174,176,177,178,179,231,272,275,:
176:172,173,174,175,177,178,244,256,262,263,271,272,273,275,277,:
177:166,167,172,173,174,175,176,178,179,277,:
178:172,174,175,176,177,179,231,241,244,:
179:66,67,158,166,167,172,173,174,175,177,178,188,:
180:181,182,183,184,185,186,187,189,190,219,222,:
181:180,182,183,184,185,186,187,218,219,220,221,222,224,:
182:180,181,183,184,185,186,187,188,189,190,191,219,:
183:180,181,182,184,185,186,187,189,190,191,192,193,219,:
184:180,181,182,183,185,186,189,190,191,192,218,219,220,222,224,:
185:180,181,182,183,184,186,187,188,189,190,:
186:180,181,182,183,184,185,187,188,189,224,:
187:180,181,182,183,185,186,188,234,:
188:67,179,182,185,186,187,234,:
189:180,182,183,184,185,186,190,191,192,193,194,195,:
190:73,180,182,183,184,185,189,191,192,193,:
191:182,183,184,189,190,192,193,194,195,196,217,:
192:72,73,183,184,189,190,191,193,194,195,196,197,198,217,:
193:32,33,65,71,72,73,183,189,190,191,192,194,195,196,197,:
194:189,191,192,193,195,196,197,198,199,200,214,217,466,469,:
195:189,191,192,193,194,196,197,198,199,209,213,214,215,216,217,465,466,469,:
196:24,71,79,191,192,193,194,195,197,198,199,200,201,209,214,217,466,467,469,:
197:38,79,192,193,194,195,196,198,199,200,201,202,203,204,208,209,214,217,466,:
198:79,192,194,195,196,197,199,200,201,202,203,208,209,213,214,217,:
199:38,39,79,80,194,195,196,197,198,200,201,202,203,204,205,206,208,209,214,466,:
200:11,24,38,39,79,80,194,196,197,198,199,201,202,204,206,208,209,462,463,466,:
201:38,79,80,196,197,198,199,200,202,203,204,205,206,207,208,209,210,214,:
202:197,198,199,200,201,203,204,205,206,208,209,210,211,213,214,:
203:197,198,199,201,202,204,205,206,208,209,210,211,213,214,500,:
204:10,11,79,80,197,199,200,201,202,203,205,206,207,208,209,:
205:80,199,201,202,203,204,206,207,501,525,:
206:11,199,200,201,202,203,204,205,207,208,209,457,458,459,:
207:10,201,204,205,206,501,525,:
208:197,198,199,200,201,202,203,204,206,209,210,211,212,213,214,466,:
209:195,196,197,198,199,200,201,202,203,204,206,208,210,211,213,214,462,465,466,477,:
210:201,202,203,208,209,211,212,213,214,215,466,474,476,477,479,480,:
211:202,203,208,209,210,212,213,214,215,216,217,466,473,474,475,:
212:208,210,211,213,214,215,216,474,475,:
213:195,198,202,203,208,209,210,211,212,214,215,216,217,466,473,:
214:194,195,196,197,198,199,201,202,203,208,209,210,211,212,213,215,216,217,466,:
215:195,210,211,212,213,214,216,217,:
216:195,211,212,213,214,215,217,473,:
217:191,192,194,195,196,197,198,211,213,214,215,216,465,466,471,473,:
218:181,184,219,220,221,222,223,224,225,:
219:180,181,182,183,184,218,220,221,222,223,224,225,:
220:181,184,218,219,221,222,223,224,225,226,:
221:181,218,219,220,222,223,224,225,:
222:180,181,184,218,219,220,221,223,224,:
223:218,219,220,221,222,224,225,226,:
224:181,184,186,218,219,220,221,222,223,225,226,469,:
225:218,219,220,221,223,224,226,471,472,473,:
226:220,223,224,225,469,:
227:167,228,229,230,231,232,233,235,:
228:166,167,172,174,227,229,230,231,232,233,235,:
229:167,227,228,230,231,232,233,234,235,:
230:227,228,229,231,232,233,:
231:167,174,175,178,227,228,229,230,232,:
232:167,227,228,229,230,231,233,234,235,:
233:167,227,228,229,230,232,234,235,:
234:159,187,188,229,232,233,235,:
235:227,228,229,232,233,234,:
236:237,238,239,240,241,242,243,244,245,:
237:236,238,239,240,241,242,244,:
238:236,237,239,240,241,242,243,244,245,246,251,253,:
239:236,237,238,240,241,242,243,244,245,246,247,249,250,251,252,253,:
240:236,237,238,239,241,242,243,244,245,246,247,248,251,252,253,:
241:178,236,237,238,239,240,242,243,244,245,251,253,256,:
242:236,237,238,239,240,241,243,244,245,251,252,253,255,256,468,:
243:236,238,239,240,241,242,244,245,246,247,250,251,252,253,254,255,256,:
244:176,178,236,237,238,239,240,241,242,243,253,255,256,:
245:236,238,239,240,241,242,243,246,247,248,249,250,251,252,253,:
246:238,239,240,243,245,247,248,249,250,251,252,253,254,:
247:239,240,243,245,246,248,249,250,251,252,253,254,255,257,:
248:240,245,246,247,249,252,253,254,257,:
249:61,239,245,246,247,248,250,251,252,253,:
250:19,52,59,61,239,243,245,246,247,249,251,252,253,459,460,461,:
251:61,238,239,240,241,242,243,245,246,247,249,250,252,253,460,461,462,:
252:239,240,242,243,245,246,247,248,249,250,251,253,254,255,256,257,258,259,260,261,:
253:238,239,240,241,242,243,244,245,246,247,248,249,250,251,252,254,255,256,257,258,260,:
254:243,246,247,248,252,253,255,256,257,258,259,260,261,262,:
255:242,243,244,247,252,253,254,256,257,258,259,260,261,262,263,264,265,271,272,:
256:176,241,242,243,244,252,253,254,255,257,258,260,261,262,263,264,271,272,278,:
257:247,248,252,253,254,255,256,258,259,260,261,:
258:16,19,54,59,252,253,254,255,256,257,259,260,264,278,:
259:252,254,255,257,258,260,261,264,:
260:252,253,254,255,256,257,258,259,261,262,263,264,265,266,267,268,271,272,:
261:252,254,255,256,257,259,260,262,263,264,265,266,267,268,270,:
262:176,254,255,256,260,261,263,264,265,266,267,268,270,271,272,273,:
263:98,99,176,255,256,260,261,262,264,265,266,271,272,273,274,276,278,:
264:98,99,100,103,255,256,258,259,260,261,262,263,265,271,272,273,274,276,278,:
265:255,260,261,262,263,264,266,267,268,269,270,271,272,:
266:260,261,262,263,265,267,268,269,270,:
267:260,261,262,265,266,268,269,270,:
268:260,261,262,265,266,267,269,270,:
269:265,266,267,268,270,:
270:261,262,265,266,267,268,269,:
271:99,173,176,255,256,260,262,263,264,265,272,273,274,275,276,277,278,280,281,:
272:172,173,174,175,176,255,256,260,262,263,264,265,271,273,274,275,276,277,278,:
273:99,102,173,176,262,263,264,271,272,274,275,276,277,278,279,280,281,282,:
274:102,173,263,264,271,272,273,275,276,277,278,280,281,282,283,284,285,286,288,289,290,:
275:165,166,168,171,172,173,175,176,271,272,273,274,276,277,280,281,282,283,288,289,290,:
276:124,173,263,264,271,272,273,274,275,277,278,279,280,281,:
277:172,173,176,177,271,272,273,274,275,276,278,279,:
278:51,54,124,256,258,263,264,271,272,273,274,276,277,279,:
279:51,66,124,144,173,273,276,277,278,470,:
280:101,102,271,273,274,275,276,281,282,283,284,285,286,287,288,289,290,:
281:98,99,100,101,102,107,109,117,271,273,274,275,276,280,282,283,284,285,286,288,:
282:102,117,169,273,274,275,280,281,283,284,285,286,287,288,289,290,291,:
283:117,169,274,275,280,281,282,284,285,286,287,289,290,291,292,293,:
284:102,110,116,117,118,119,120,121,274,280,281,282,283,285,287,289,290,291,292,293,:
285:102,274,280,281,282,283,284,286,287,288,289,290,:
286:274,280,281,282,283,285,287,288,:
287:280,282,283,284,285,286,288,289,290,293,:
288:274,275,280,281,282,285,286,287,:
289:157,158,165,168,169,170,274,275,280,282,283,284,285,287,290,291,292,293,294,295,:
290:157,158,163,164,165,168,169,170,171,274,275,280,282,283,284,285,287,289,291,292,293,318,:
291:120,143,144,157,158,169,170,282,283,284,289,290,292,293,294,295,296,312,:
292:143,170,283,284,289,290,291,293,294,295,296,297,299,311,312,318,:
293:169,170,283,284,287,289,290,291,292,294,295,296,297,298,311,312,318,:
294:142,143,148,149,289,291,292,293,295,296,297,298,299,300,311,312,:
295:142,143,145,147,148,149,154,289,291,292,293,294,296,297,299,300,311,312,:
296:143,291,292,293,294,295,297,298,299,300,301,311,312,313,:
297:292,293,294,295,296,298,299,300,311,312,313,314,315,316,:
298:293,294,296,297,299,311,312,313,314,315,:
299:143,292,294,295,296,297,298,300,301,302,303,304,305,306,311,312,:
300:129,143,294,295,296,297,299,301,302,303,304,305,306,:
301:129,296,299,300,302,303,304,305,306,307,308,309,:
302:152,299,300,301,303,304,305,306,307,308,309,310,322,324,:
303:129,143,147,152,299,300,301,302,304,305,306,308,309,310,324,328,:
304:152,299,300,301,302,303,305,306,307,308,309,310,322,323,324,:
305:299,300,301,302,303,304,306,307,308,309,310,322,:
306:299,300,301,302,303,304,305,307,308,310,:
307:301,302,304,305,306,308,309,310,:
308:147,150,151,152,301,302,303,304,305,306,307,309,310,322,323,328,331,:
309:147,150,151,152,153,301,302,303,304,305,307,308,310,328,329,330,331,:
310:151,152,302,303,304,305,306,307,308,309,323,328,331,:
311:149,292,293,294,295,296,297,298,299,312,313,314,315,316,317,318,:
312:148,149,170,291,292,293,294,295,296,297,298,299,311,313,314,316,317,318,:
313:296,297,298,311,312,314,315,316,317,318,319,321,:
314:297,298,311,312,313,315,316,317,318,319,321,:
315:297,298,311,313,314,316,317,:
316:149,297,311,312,313,314,315,317,318,319,320,321,:
317:164,169,170,311,312,313,314,315,316,318,319,320,321,:
318:149,156,157,163,164,165,168,169,170,290,292,293,311,312,313,314,316,317,319,320,321,:
319:164,170,313,314,316,317,318,320,321,:
320:164,168,169,170,316,317,318,319,321,:
321:313,314,316,317,318,319,320,:
322:302,304,305,308,323,324,325,326,327,328,:
323:304,308,310,322,324,325,326,327,328,:
324:302,303,304,322,323,325,326,327,328,329,:
325:322,323,324,326,327,328,:
326:322,323,324,325,327,:
327:322,323,324,325,326,328,329,330,346,:
328:152,303,308,309,310,322,323,324,325,327,329,330,331,332,334,:
329:152,309,324,327,328,330,331,332,333,334,335,336,337,:
330:151,152,153,309,327,328,329,331,332,333,334,335,336,337,338,:
331:151,152,153,308,309,310,328,329,330,332,333,334,336,337,338,:
332:70,77,152,153,328,329,330,331,333,334,335,336,337,338,:
333:70,77,329,330,331,332,334,335,336,337,338,541,:
334:77,328,329,330,331,332,333,335,336,338,541,:
335:36,70,77,78,329,330,332,333,334,336,337,338,541,:
336:31,70,77,151,152,153,329,330,331,332,333,334,335,337,338,:
337:30,31,70,151,152,153,329,330,331,332,333,335,336,338,:
338:31,70,72,77,153,330,331,332,333,334,335,336,337,:
339:340,341,342,343,344,345,348,349,546,547,564,:
340:339,341,342,343,344,345,546,547,554,556,564,:
341:339,340,342,343,344,345,346,347,348,349,350,547,564,:
342:339,340,341,343,344,345,348,349,350,351,352,353,357,358,563,564,:
343:339,340,341,342,344,348,349,350,351,357,358,362,556,557,563,564,565,566,567,568,569,:
344:339,340,341,342,343,345,346,347,348,349,547,:
345:339,340,341,342,344,346,347,:
346:327,341,344,345,347,:
347:35,75,76,341,344,345,346,:
348:339,341,342,343,344,349,350,351,352,353,354,356,357,358,564,:
349:339,341,342,343,344,348,350,351,352,353,354,356,:
350:341,342,343,348,349,351,352,353,354,355,356,357,358,359,:
351:131,132,342,343,348,349,350,352,353,354,357,358,359,360,362,367,567,:
352:130,131,132,342,348,349,350,351,353,357,358,359,360,362,366,367,:
353:342,348,349,350,351,352,354,355,356,357,358,:
354:348,349,350,351,353,355,356,:
355:350,353,354,356,:
356:348,349,350,353,354,355,:
357:131,132,342,343,348,350,351,352,353,358,359,360,361,362,363,366,367,567,:
358:342,343,348,350,351,352,353,357,359,360,361,362,366,564,565,566,567,568,:
359:131,132,135,350,351,352,357,358,360,361,362,363,364,365,366,367,368,376,381,567,:
360:131,132,351,352,357,358,359,361,362,363,365,366,367,368,369,371,375,376,380,381,567,:
361:357,358,359,360,362,363,365,366,367,368,369,370,375,376,380,381,382,384,385,567,574,578,:
362:132,135,343,351,352,357,358,359,360,361,363,364,365,366,367,376,381,561,567,:
363:20,56,57,62,75,123,134,135,136,357,359,360,361,362,364,365,366,375,376,380,381,385,:
364:17,18,20,21,34,56,57,62,74,75,135,136,359,362,363,365,385,561,:
365:20,57,62,123,126,132,134,135,136,359,360,361,362,363,364,366,367,369,375,376,377,378,380,381,:
366:126,131,132,135,352,357,358,359,360,361,362,363,365,367,368,369,370,371,372,373,374,375,376,381,:
367:125,126,127,130,131,132,133,135,351,352,357,359,360,361,362,365,366,368,369,371,372,373,374,375,376,:
368:126,359,360,361,366,367,369,370,371,372,373,374,375,376,377,381,:
369:111,126,360,361,365,366,367,368,370,371,372,373,374,375,376,377,378,380,381,:
370:361,366,368,369,371,372,373,375,376,377,378,380,381,583,584,586,:
371:111,126,131,360,366,367,368,369,370,372,373,374,375,376,:
372:110,111,116,118,119,125,126,127,130,131,133,366,367,368,369,370,371,373,374,375,376,:
373:110,111,116,118,119,125,126,366,367,368,369,370,371,372,374,375,376,377,:
374:126,131,133,366,367,368,369,371,372,373,:
375:111,123,126,135,360,361,363,365,366,367,368,369,370,371,372,373,376,377,378,379,380,381,:
376:118,122,123,125,126,135,359,360,361,362,363,365,366,367,368,369,370,371,372,373,375,377,378,380,381,:
377:57,106,122,123,365,368,369,370,373,375,376,378,379,380,381,382,:
378:48,57,365,369,370,375,376,377,379,380,381,382,383,385,387,:
379:13,14,16,17,48,50,55,57,106,375,377,378,380,381,382,383,386,387,:
380:57,360,361,363,365,369,370,375,376,377,378,379,381,382,383,384,385,386,387,:
381:359,360,361,362,363,365,366,368,369,370,375,376,377,378,379,380,382,383,384,385,:
382:7,8,46,47,57,361,377,378,379,380,381,383,384,385,386,387,388,396,:
383:47,378,379,380,381,382,384,385,386,387,388,389,390,391,395,396,399,577,578,586,:
384:361,380,381,382,383,385,386,387,388,389,390,395,396,574,575,577,578,579,582,583,586,:
385:7,8,46,47,56,57,361,363,364,378,380,381,382,383,384,386,387,396,399,561,574,:
386:2,47,379,380,382,383,384,385,387,388,389,390,391,392,393,395,396,578,586,:
387:1,2,3,8,43,47,378,379,380,382,383,384,385,386,388,389,391,392,393,394,395,396,:
388:382,383,384,386,387,389,390,391,392,393,394,395,396,397,578,586,591,592,:
389:383,384,386,387,388,390,391,392,395,396,397,398,399,400,401,402,577,578,595,:
390:383,384,386,388,389,391,395,396,397,398,400,401,402,577,578,594,595,599,601,:
391:1,41,43,383,386,387,388,389,390,392,393,394,395,396,402,591,592,:
392:43,89,91,92,95,96,97,386,387,388,389,391,393,394,591,592,593,:
393:87,88,89,90,91,92,93,95,386,387,388,391,392,394,585,586,587,591,592,593,:
394:43,89,90,91,92,94,95,96,97,387,388,391,392,393,592,:
395:2,41,47,383,384,386,387,388,389,390,391,396,397,398,399,400,401,402,404,405,578,:
396:1,2,3,8,41,43,47,382,383,384,385,386,387,388,389,390,391,395,397,398,399,400,401,402,:
397:2,47,388,389,390,395,396,398,399,400,401,402,403,404,405,406,601,:
398:47,389,390,395,396,397,399,400,401,404,405,406,407,408,409,410,411,573,574,601,:
399:8,47,383,385,389,395,396,397,398,400,404,405,406,407,411,413,414,420,572,573,574,:
400:1,2,41,389,390,395,396,397,398,399,401,402,403,404,405,517,:
401:1,2,41,389,390,395,396,397,398,400,402,403,:
402:41,389,390,391,395,396,397,400,401,403,:
403:1,41,397,400,401,402,429,517,:
404:395,397,398,399,400,405,406,407,408,409,410,411,412,413,414,573,601,:
405:395,397,398,399,400,404,406,407,408,409,410,411,600,601,602,603,:
406:397,398,399,404,405,407,408,409,410,411,412,413,414,415,511,558,572,573,601,:
407:398,399,404,405,406,408,409,410,412,413,414,415,416,418,420,510,511,558,:
408:398,404,405,406,407,409,412,413,414,415,416,418,420,510,511,512,514,515,516,:
409:398,404,405,406,407,408,410,411,412,413,414,558,572,573,601,603,:
410:398,404,405,406,407,409,411,412,572,573,574,576,600,601,602,603,:
411:398,399,404,405,406,409,410,412,572,573,574,575,576,595,600,601,602,603,:
412:404,406,407,408,409,410,411,413,414,558,571,573,:
413:399,404,406,407,408,409,412,414,415,416,417,418,419,420,511,555,558,:
414:399,404,406,407,408,409,412,413,415,416,417,418,420,554,555,556,557,558,559,561,:
415:406,407,408,413,414,416,417,418,419,420,511,514,555,558,:
416:407,408,413,414,415,417,418,419,420,514,554,555,558,:
417:413,414,415,416,418,419,539,545,546,554,555,556,557,558,559,:
418:407,408,413,414,415,416,417,419,420,:
419:413,415,416,417,418,420,451,514,527,:
420:8,47,399,407,408,413,414,415,416,418,419,451,:
421:422,423,424,425,426,427,434,435,503,506,:
422:421,423,424,425,426,434,502,503,505,506,:
423:421,422,424,425,426,427,428,434,435,436,503,506,:
424:421,422,423,425,426,427,434,435,436,437,438,439,440,503,:
425:421,422,423,424,426,434,435,436,437,439,440,502,503,504,505,506,509,:
426:421,422,423,424,425,427,428,429,434,435,509,:
427:421,423,424,426,428,429,430,431,432,434,435,438,:
428:423,426,427,429,430,431,432,433,:
429:403,426,427,428,430,431,432,433,450,:
430:427,428,429,431,432,433,:
431:427,428,429,430,432,433,:
432:427,428,429,430,431,433,:
433:428,429,430,431,432,:
434:421,422,423,424,425,426,427,435,436,437,438,439,440,443,444,503,:
435:421,423,424,425,426,427,434,436,437,438,439,440,443,:
436:423,424,425,434,435,437,438,439,440,441,443,444,445,497,:
437:424,425,434,435,436,438,439,440,443,444,445,446,447,448,450,489,497,:
438:424,427,434,435,436,437,439,443,444,445,446,448,450,:
439:424,425,434,435,436,437,438,440,441,442,443,444,497,:
440:424,425,434,435,436,437,439,441,442,:
441:436,439,440,442,496,497,:
442:439,440,441,:
443:434,435,436,437,438,439,444,445,446,447,448,449,450,452,453,489,494,497,:
444:434,436,437,438,439,443,445,446,447,448,449,450,493,494,496,497,:
445:436,437,438,443,444,446,447,448,449,450,451,452,453,454,489,494,:
446:437,438,443,444,445,447,448,449,450,452,453,454,455,456,487,489,491,494,:
447:437,443,444,445,446,448,449,452,453,454,455,483,484,486,487,489,493,494,497,:
448:42,44,437,438,443,444,445,446,447,449,450,451,452,453,:
449:443,444,445,446,447,448,450,451,499,:
450:42,429,437,438,443,444,445,446,448,449,451,517,:
451:419,420,445,448,449,450,:
452:443,445,446,447,448,453,454,455,456,457,458,489,491,:
453:44,443,445,446,447,448,452,454,455,456,489,491,:
454:445,446,447,452,453,455,456,457,458,459,480,487,488,489,491,492,:
455:45,446,447,452,453,454,456,457,458,459,460,461,480,:
456:4,5,11,44,45,49,60,446,452,453,454,455,457,458,459,:
457:11,45,206,452,454,455,456,458,459,460,461,462,463,480,:
458:206,452,454,455,456,457,459,460,461,462,476,477,478,479,480,481,:
459:11,45,49,52,206,250,454,455,456,457,458,460,461,462,463,464,480,:
460:52,250,251,455,457,458,459,461,462,463,464,465,466,467,471,472,477,480,:
461:250,251,455,457,458,459,460,462,463,464,465,466,471,472,476,477,478,479,480,:
462:52,200,209,251,457,458,459,460,461,463,464,465,466,467,468,469,471,472,477,:
463:11,15,24,52,53,200,457,459,460,461,462,464,465,466,467,468,:
464:459,460,461,462,463,465,466,467,468,469,470,471,472,473,477,:
465:195,209,217,460,461,462,463,464,466,467,468,469,471,472,473,474,476,477,:
466:194,195,196,197,199,200,208,209,210,211,213,214,217,460,461,462,463,464,465,467,469,471,472,473,474,476,477,:
467:196,460,462,463,464,465,466,468,469,470,471,472,:
468:242,462,463,464,465,467,469,470,:
469:194,195,196,224,226,462,464,465,466,467,468,470,471,472,:
470:24,26,65,67,279,464,467,468,469,:
471:217,225,460,461,462,464,465,466,467,469,472,473,474,475,476,477,:
472:225,460,461,462,464,465,466,467,469,471,473,474,476,477,:
473:211,213,216,217,225,464,465,466,471,472,474,475,476,477,478,:
474:210,211,212,465,466,471,472,473,475,476,477,478,479,:
475:211,212,471,473,474,476,477,478,479,:
476:210,458,461,465,466,471,472,473,474,475,477,478,479,480,481,482,:
477:209,210,458,460,461,462,464,465,466,471,472,473,474,475,476,478,479,480,:
478:458,461,473,474,475,476,477,479,480,481,482,483,:
479:210,458,461,474,475,476,477,478,480,481,482,483,484,485,486,487,488,:
480:210,454,455,457,458,459,460,461,476,477,478,479,481,482,483,484,:
481:458,476,478,479,480,482,483,484,485,486,487,488,493,494,:
482:476,478,479,480,481,483,484,485,486,487,488,:
483:447,478,479,480,481,482,484,485,486,487,488,489,493,494,495,:
484:447,479,480,481,482,483,485,486,487,493,494,495,496,497,498,500,:
485:479,481,482,483,484,486,493,494,495,496,498,500,:
486:447,479,481,482,483,484,485,487,488,489,490,491,493,494,:
487:446,447,454,479,481,482,483,484,486,488,489,490,491,492,:
488:454,479,481,482,483,486,487,489,490,491,492,:
489:437,443,445,446,447,452,453,454,483,486,487,488,490,491,492,:
490:486,487,488,489,491,492,:
491:446,452,453,454,486,487,488,489,490,492,:
492:454,487,488,489,490,491,:
493:444,447,481,483,484,485,486,494,495,496,497,498,499,500,:
494:443,444,445,446,447,481,483,484,485,486,493,495,496,497,498,499,500,:
495:483,484,485,493,494,496,497,498,499,500,501,:
496:441,444,484,485,493,494,495,497,498,499,500,:
497:436,437,439,441,443,444,447,484,493,494,495,496,498,499,502,503,:
498:484,485,493,494,495,496,497,499,500,501,:
499:449,493,494,495,496,497,498,500,501,:
500:203,484,485,493,494,495,496,498,499,501,:
501:205,207,495,498,499,500,508,519,:
502:422,425,497,503,504,505,506,507,508,509,:
503:421,422,423,424,425,434,497,502,504,505,506,507,508,509,:
504:425,502,503,505,506,507,508,509,:
505:422,425,502,503,504,506,507,508,509,:
506:421,422,423,425,502,503,504,505,507,509,:
507:502,503,504,505,506,508,509,:
508:501,502,503,504,505,507,509,:
509:425,426,502,503,504,505,506,507,508,515,:
510:407,408,511,512,513,514,515,516,518,:
511:406,407,408,413,415,510,512,513,514,515,516,:
512:408,510,511,513,514,515,516,517,518,:
513:510,511,512,514,515,516,:
514:408,415,416,419,510,511,512,513,515,:
515:408,509,510,511,512,513,514,516,517,518,:
516:408,510,511,512,513,515,517,518,:
517:400,403,450,512,515,516,518,:
518:510,512,515,516,517,:
519:501,520,521,522,523,524,525,526,527,528,:
520:519,521,522,523,524,525,527,:
521:519,520,522,523,524,525,526,527,528,529,534,536,:
522:519,520,521,523,524,525,526,527,528,529,530,532,533,534,535,536,:
523:519,520,521,522,524,525,526,527,528,529,530,534,535,536,:
524:519,520,521,522,523,525,526,527,528,534,536,539,:
525:205,207,519,520,521,522,523,524,526,527,528,534,535,536,538,539,:
526:519,521,522,523,524,525,527,528,529,530,533,534,535,536,537,538,539,540,542,:
527:419,519,520,521,522,523,524,525,526,536,539,:
528:519,521,522,523,524,525,526,529,530,531,532,533,534,535,536,:
529:521,522,523,526,528,530,531,532,533,534,535,536,537,:
530:522,523,526,528,529,531,532,533,534,535,536,537,538,540,541,542,:
531:528,529,530,532,535,536,537,540,541,:
532:522,528,529,530,531,533,534,535,536,:
533:37,38,78,79,522,526,528,529,530,532,534,535,536,:
534:79,521,522,523,524,525,526,528,529,530,532,533,535,536,:
535:522,523,525,526,528,529,530,531,532,533,534,536,537,538,539,540,541,542,543,544,:
536:521,522,523,524,525,526,527,528,529,530,531,532,533,534,535,537,538,539,540,541,542,543,:
537:526,529,530,531,535,536,538,539,540,541,542,543,544,545,:
538:525,526,530,535,536,537,539,540,541,542,543,544,545,546,547,548,554,:
539:417,524,525,526,527,535,536,537,538,540,542,543,544,545,546,547,554,555,560,:
540:526,530,531,535,536,537,538,539,541,542,543,544,:
541:77,333,334,335,530,531,535,536,537,538,540,542,:
542:35,36,37,38,526,530,535,536,537,538,539,540,541,543,560,562,:
543:535,536,537,538,539,540,542,544,545,546,547,548,549,550,551,553,554,555,:
544:535,537,538,539,540,543,545,546,547,548,549,550,551,553,:
545:417,537,538,539,543,544,546,547,548,549,550,551,553,554,555,556,:
546:339,340,417,538,539,543,544,545,547,548,549,554,555,556,557,559,560,:
547:339,340,341,344,538,539,543,544,545,546,548,554,555,556,557,559,560,564,:
548:538,543,544,545,546,547,549,550,551,552,553,554,555,:
549:543,544,545,546,548,550,551,552,553,:
550:543,544,545,548,549,551,552,553,:
551:543,544,545,548,549,550,552,553,:
552:548,549,550,551,553,:
553:543,544,545,548,549,550,551,552,:
554:340,414,416,417,538,539,543,545,546,547,548,555,556,557,558,559,560,561,563,564,:
555:413,414,415,416,417,539,543,545,546,547,548,554,556,557,558,559,560,563,:
556:340,343,414,417,545,546,547,554,555,557,558,559,560,561,562,563,564,565,:
557:343,414,417,546,547,554,555,556,558,559,560,561,563,564,565,566,567,568,569,572,573,:
558:406,407,409,412,413,414,415,416,417,554,555,556,557,559,561,563,564,565,566,572,573,:
559:414,417,546,547,554,555,556,557,558,560,561,562,563,564,:
560:74,539,542,546,547,554,555,556,557,559,561,562,:
561:46,362,364,385,414,554,556,557,558,559,560,562,563,564,:
562:10,34,46,74,80,542,556,559,560,561,:
563:342,343,554,555,556,557,558,559,561,564,565,566,567,568,569,570,571,572,573,:
564:339,340,341,342,343,348,358,547,554,556,557,558,559,561,563,565,566,567,568,569,571,:
565:343,358,556,557,558,563,564,566,567,568,569,570,571,572,573,574,:
566:343,358,557,558,563,564,565,567,568,569,570,572,573,574,575,576,:
567:343,351,357,358,359,360,361,362,557,563,564,565,566,568,570,572,573,574,575,576,:
568:343,358,557,563,564,565,566,567,569,570,571,572,573,:
569:343,557,563,564,565,566,568,570,571,:
570:563,565,566,567,568,569,571,572,573,576,:
571:412,563,564,565,568,569,570,:
572:399,406,409,410,411,557,558,563,565,566,567,568,570,573,574,575,576,577,578,:
573:398,399,404,406,409,410,411,412,557,558,563,565,566,567,568,570,572,574,575,576,601,:
574:361,384,385,398,399,410,411,565,566,567,572,573,575,576,577,578,579,595,:
575:384,411,566,567,572,573,574,576,577,578,579,580,582,594,595,601,:
576:410,411,566,567,570,572,573,574,575,577,578,579,580,581,594,595,601,:
577:383,384,389,390,572,574,575,576,578,579,580,581,582,583,594,595,:
578:361,383,384,386,388,389,390,395,572,574,575,576,577,579,580,582,583,594,595,:
579:384,574,575,576,577,578,580,581,582,583,584,594,595,596,:
580:575,576,577,578,579,581,582,583,594,595,596,597,598,599,:
581:576,577,579,580,582,594,595,596,597,598,:
582:384,575,577,578,579,580,581,583,584,585,586,587,588,589,594,595,:
583:370,384,577,578,579,580,582,584,585,586,587,588,589,:
584:370,579,582,583,585,586,587,588,589,590,591,592,:
585:81,83,393,582,583,584,586,587,588,589,590,591,592,593,:
586:83,87,370,383,384,386,388,393,582,583,584,585,587,588,589,591,592,593,:
587:81,82,83,87,393,582,583,584,585,586,588,589,590,591,592,593,:
588:81,82,582,583,584,585,586,587,589,590,591,592,593,:
589:81,582,583,584,585,586,587,588,590,591,593,:
590:81,82,584,585,587,588,589,591,592,593,:
591:81,82,87,388,391,392,393,584,585,586,587,588,589,590,592,593,:
592:87,88,89,90,388,391,392,393,394,584,585,586,587,588,590,591,593,:
593:82,87,392,393,585,586,587,588,589,590,591,592,:
594:390,575,576,577,578,579,580,581,582,595,596,597,598,599,600,601,:
595:389,390,411,574,575,576,577,578,579,580,581,582,594,596,597,599,600,601,:
596:579,580,581,594,595,597,598,599,600,601,602,604,:
597:580,581,594,595,596,598,599,600,601,602,604,:
598:580,581,594,596,597,599,600,:
599:390,580,594,595,596,597,598,600,601,602,603,604,:
600:405,410,411,594,595,596,597,598,599,601,602,603,604,:
601:390,397,398,404,405,406,409,410,411,573,575,576,594,595,596,597,599,600,602,603,604,:
602:405,410,411,596,597,599,600,601,603,604,:
603:405,409,410,411,599,600,601,602,604,:
604:596,597,599,600,601,602,603,:
