1:3,4,5,7,8,9,10,11,12,13,15,25,27,30,31,32,33,51,412,413,:
2:3,4,5,6,8,28,29,194,195,217,218,266,268,398,403,404,:
3:1,2,4,5,6,7,8,26,27,28,29,51,55,390,391,393,396,397,398,403,407,:
4:1,2,3,5,6,7,8,25,26,27,28,29,51,55,194,195,398,403,:
5:1,2,3,4,6,7,8,9,10,11,12,25,26,27,29,30,51,52,54,55,:
6:2,3,4,5,7,8,25,26,28,29,51,52,53,55,194,195,266,:
7:1,3,4,5,6,8,9,10,11,15,25,26,27,30,51,52,53,54,55,171,:
8:1,2,3,4,5,6,7,9,11,25,26,27,28,29,51,55,194,195,398,:
9:1,5,7,8,10,11,12,14,15,16,25,26,27,30,36,37,38,51,52,54,55,:
10:1,5,7,9,11,12,13,14,15,16,17,19,25,27,30,31,32,33,34,35,36,37,38,52,395,:
11:1,5,7,8,9,10,12,13,14,15,16,27,30,31,32,33,34,35,36,37,412,413,:
12:1,5,9,10,11,13,14,15,19,27,31,32,33,34,35,36,412,413,418,428,:
13:1,10,11,12,14,15,16,18,19,20,31,32,33,34,35,36,41,42,43,418,428,:
14:9,10,11,12,13,15,16,17,18,19,20,21,22,24,31,32,33,34,35,36,37,38,40,41,42,43,48,50,428,:
15:1,7,9,10,11,12,13,14,16,17,18,19,20,24,30,31,32,33,34,35,36,37,38,39,40,41,48,:
16:9,10,11,13,14,15,17,18,19,22,24,30,35,36,37,38,39,40,41,48,49,50,308,309,:
17:10,14,15,16,18,19,20,21,22,23,24,35,36,37,38,39,40,41,46,47,48,49,50,308,:
18:13,14,15,16,17,19,20,21,22,23,24,35,36,37,38,39,40,41,42,43,44,45,46,47,48,49,50,:
19:10,12,13,14,15,16,17,18,20,21,22,23,24,33,34,35,36,37,38,39,40,41,42,43,44,45,46,48,49,50,:
20:13,14,15,17,18,19,21,22,23,24,33,34,35,41,42,43,44,45,46,48,49,50,428,:
21:14,17,18,19,20,22,23,24,35,41,42,43,44,45,46,47,48,49,50,:
22:14,16,17,18,19,20,21,23,24,39,40,41,42,43,44,45,46,47,48,49,50,:
23:17,18,19,20,21,22,24,39,40,41,44,45,46,47,48,49,50,:
24:14,15,16,17,18,19,20,21,22,23,35,37,38,39,40,41,42,43,44,45,46,47,48,49,50,427,:
25:1,4,5,6,7,8,9,10,26,30,51,52,53,54,55,170,171,172,285,286,:
26:3,4,5,6,7,8,9,25,30,51,52,53,54,55,285,286,355,396,:
27:1,3,4,5,7,8,9,10,11,12,29,31,32,407,411,412,413,414,:
28:2,3,4,6,8,29,195,217,218,227,266,268,398,402,403,404,405,:
29:2,3,4,5,6,8,27,28,194,195,217,218,266,398,403,404,414,:
30:1,5,7,9,10,11,15,16,25,26,36,37,38,51,52,54,55,172,308,309,:
31:1,10,11,12,13,14,15,27,32,33,34,35,411,412,413,418,:
32:1,10,11,12,13,14,15,27,31,33,34,35,395,410,412,413,417,418,422,428,:
33:1,10,11,12,13,14,15,19,20,31,32,34,35,36,41,42,:
34:10,11,12,13,14,15,19,20,31,32,33,35,36,41,42,43,418,428,:
35:10,11,12,13,14,15,16,17,18,19,20,21,24,31,32,33,34,36,37,38,41,42,43,48,49,50,395,427,428,:
36:9,10,11,12,13,14,15,16,17,18,19,30,33,34,35,37,38,39,40,41,48,:
37:9,10,11,14,15,16,17,18,19,24,30,35,36,38,39,40,41,48,49,50,334,395,:
38:9,10,14,15,16,17,18,19,24,30,35,36,37,39,40,48,308,309,334,:
39:15,16,17,18,19,22,23,24,36,37,38,40,41,46,47,48,49,50,306,308,334,335,:
40:14,15,16,17,18,19,22,23,24,36,37,38,39,41,46,47,48,49,308,:
41:13,14,15,16,17,18,19,20,21,22,23,24,33,34,35,36,37,39,40,42,43,44,45,46,48,50,:
42:13,14,18,19,20,21,22,24,33,34,35,41,43,44,45,46,50,:
43:13,14,18,19,20,21,22,24,34,35,41,42,44,45,46,48,49,50,427,428,:
44:18,19,20,21,22,23,24,41,42,43,45,46,47,50,:
45:18,19,20,21,22,23,24,41,42,43,44,46,47,48,49,50,:
46:17,18,19,20,21,22,23,24,39,40,41,42,43,44,45,47,49,50,:
47:17,18,21,22,23,24,39,40,44,45,46,49,50,:
48:14,15,16,17,18,19,20,21,22,23,24,35,36,37,38,39,40,41,43,45,49,50,395,427,428,445,:
49:16,17,18,19,20,21,22,23,24,35,37,39,40,43,45,46,47,48,50,335,445,:
50:14,16,17,18,19,20,21,22,23,24,35,37,39,41,42,43,44,45,46,47,48,49,427,428,:
51:1,3,4,5,6,7,8,9,25,26,30,52,53,54,55,170,171,192,194,286,:
52:5,6,7,9,10,25,26,30,51,53,54,55,168,170,171,172,284,285,286,:
53:6,7,25,26,51,52,54,55,284,285,286,355,370,:
54:5,7,9,25,26,30,51,52,53,55,285,355,396,:
55:3,4,5,6,7,8,9,25,26,30,51,52,53,54,370,396,:
56:57,58,59,60,61,62,63,:
57:56,58,59,60,61,62,63,:
58:56,57,59,60,61,62,63,64,68,:
59:56,57,58,60,61,62,64,68,:
60:56,57,58,59,61,62,64,68,133,:
61:56,57,58,59,60,62,63,64,65,67,68,:
62:56,57,58,59,60,61,63,64,65,66,67,68,69,70,419,420,:
63:56,57,58,61,62,64,65,66,67,68,69,419,420,:
64:58,59,60,61,62,63,65,66,67,68,69,70,71,133,419,420,421,:
65:61,62,63,64,66,67,68,69,71,419,:
66:62,63,64,65,67,69,:
67:61,62,63,64,65,66,68,69,70,71,133,134,419,420,421,:
68:58,59,60,61,62,63,64,65,67,69,70,71,133,420,421,:
69:62,63,64,65,66,67,68,70,71,130,131,132,133,134,411,412,413,421,:
70:62,64,67,68,69,71,81,85,130,131,133,421,:
71:64,65,67,68,69,70,85,129,130,131,132,133,134,411,412,413,421,:
72:73,74,75,76,77,78,79,:
73:72,74,75,76,77,78,79,:
74:72,73,75,76,77,78,79,80,:
75:72,73,74,76,77,78,:
76:72,73,74,75,77,:
77:72,73,74,75,76,78,79,80,81,82,:
78:72,73,74,75,77,79,80,81,82,83,480,:
79:72,73,74,77,78,80,81,82,83,84,85,480,483,:
80:74,77,78,79,81,82,83,84,480,481,:
81:70,77,78,79,80,82,83,84,85,480,483,:
82:77,78,79,80,81,83,84,85,480,481,482,:
83:78,79,80,81,82,84,85,480,481,482,483,:
84:79,80,81,82,83,85,414,481,482,:
85:70,71,79,81,82,83,84,128,414,482,:
86:87,88,89,90,91,92,93,94,:
87:86,88,89,90,91,92,94,:
88:86,87,89,90,91,92,93,94,:
89:86,87,88,90,91,92,:
90:86,87,88,89,91,:
91:86,87,88,89,90,92,93,94,95,96,:
92:86,87,88,89,91,93,94,95,96,97,:
93:86,88,91,92,94,95,96,97,423,426,:
94:86,87,88,91,92,93,95,96,97,419,:
95:91,92,93,94,96,97,423,426,:
96:91,92,93,94,95,97,419,:
97:92,93,94,95,96,419,:
98:99,100,101,102,103,104,105,106,381,385,386,387,501,502,:
99:98,100,101,102,103,104,105,380,381,385,386,387,392,500,501,502,:
100:98,99,101,102,103,104,105,106,107,108,109,112,381,386,387,501,:
101:98,99,100,102,103,104,105,106,107,108,109,110,111,112,405,500,501,:
102:98,99,100,101,103,106,107,112,386,387,399,405,496,497,499,500,501,502,:
103:98,99,100,101,102,104,105,106,107,380,381,384,386,387,405,471,472,:
104:98,99,100,101,103,105,380,381,384,386,469,471,472,:
105:98,99,100,101,103,104,380,381,469,471,472,:
106:98,100,101,102,103,107,108,109,110,111,112,405,501,:
107:100,101,102,103,106,108,109,110,111,112,239,:
108:100,101,106,107,109,110,111,112,:
109:100,101,106,107,108,110,111,112,:
110:101,106,107,108,109,111,112,222,223,224,229,230,231,235,236,237,238,239,:
111:101,106,107,108,109,110,112,221,222,223,224,493,:
112:100,101,102,106,107,108,109,110,111,405,493,494,496,:
113:114,115,116,117,118,119,120,125,136,139,:
114:113,115,116,118,119,120,121,125,135,136,138,139,:
115:113,114,116,117,118,119,120,121,125,:
116:113,114,115,117,118,119,120,124,125,136,:
117:113,115,116,118,119,120,124,125,132,:
118:113,114,115,116,117,119,120,121,122,123,125,:
119:113,114,115,116,117,118,120,121,122,123,125,136,139,:
120:113,114,115,116,117,118,119,121,122,123,124,125,126,127,129,135,136,137,138,139,:
121:114,115,118,119,120,122,123,136,147,148,149,150,151,:
122:118,119,120,121,123,136,147,148,149,150,:
123:118,119,120,121,122,147,148,149,150,151,:
124:116,117,120,125,126,127,128,129,130,131,132,135,136,:
125:113,114,115,116,117,118,119,120,124,126,127,128,129,130,135,136,137,139,:
126:120,124,125,127,128,129,130,131,132,135,136,137,:
127:120,124,125,126,128,129,130,135,136,137,138,139,140,488,:
128:85,124,125,126,127,129,135,136,137,140,483,484,486,487,488,:
129:71,120,124,125,126,127,128,130,131,132,133,134,135,136,:
130:69,70,71,124,125,126,127,129,131,132,133,134,:
131:69,70,71,124,126,129,130,132,133,134,:
132:69,71,117,124,126,129,130,131,133,134,:
133:60,64,67,68,69,70,71,129,130,131,132,134,:
134:67,69,71,129,130,131,132,133,:
135:114,120,124,125,126,127,128,129,136,137,138,139,140,488,:
136:113,114,116,119,120,121,122,124,125,126,127,128,129,135,137,138,139,140,:
137:120,125,126,127,128,135,136,138,139,140,486,487,488,:
138:114,120,127,135,136,137,139,140,:
139:113,114,119,120,125,127,135,136,137,138,140,:
140:127,128,135,136,137,138,139,200,486,487,488,:
141:142,143,144,145,146,147,148,:
142:141,143,144,145,146,147,148,:
143:141,142,144,145,146,147,148,149,151,177,:
144:141,142,143,145,146,147,177,:
145:141,142,143,144,146,:
146:141,142,143,144,145,147,148,149,150,151,:
147:121,122,123,141,142,143,144,146,148,149,150,151,168,169,170,171,:
148:121,122,123,141,142,143,146,147,149,150,151,168,169,170,171,190,191,192,:
149:121,122,123,143,146,147,148,150,151,170,171,172,:
150:121,122,123,146,147,148,149,151,170,171,172,:
151:121,123,143,146,147,148,149,150,170,172,:
152:153,154,155,156,157,158,159,161,162,283,:
153:152,154,155,157,159,161,162,282,283,287,289,:
154:152,153,155,156,157,158,159,160,161,162,163,283,:
155:152,153,154,156,157,158,159,161,162,163,164,165,166,167,:
156:152,154,155,157,158,161,162,163,166,:
157:152,153,154,155,156,158,159,160,161,162,:
158:152,154,155,156,157,159,160,161,:
159:152,153,154,155,157,158,160,161,162,282,283,285,305,:
160:154,157,158,159,303,304,305,:
161:152,153,154,155,156,157,158,159,162,163,164,165,166,167,173,174,283,:
162:152,153,154,155,156,157,159,161,163,164,165,166,167,173,279,280,281,282,283,284,:
163:154,155,156,161,162,164,165,166,167,168,169,173,174,175,:
164:155,161,162,163,165,166,167,168,169,173,174,175,176,177,178,280,:
165:155,161,162,163,164,166,167,168,169,173,174,175,178,272,273,279,280,281,283,284,286,:
166:155,156,161,162,163,164,165,167,168,169,170,172,173,174,:
167:155,161,162,163,164,165,166,168,169,170,171,172,173,:
168:52,147,148,163,164,165,166,167,169,170,171,172,173,192,286,:
169:147,148,163,164,165,166,167,168,170,171,172,173,174,175,176,177,185,186,190,191,192,194,286,:
170:25,51,52,147,148,149,150,151,166,167,168,169,171,172,192,:
171:7,25,51,52,147,148,149,150,167,168,169,170,172,192,194,:
172:25,30,52,149,150,151,166,167,168,169,170,171,:
173:161,162,163,164,165,166,167,168,169,174,175,176,177,178,179,181,185,186,280,:
174:161,163,164,165,166,169,173,175,176,177,178,179,180,181,:
175:163,164,165,169,173,174,176,177,178,179,180,181,185,186,187,263,280,:
176:164,169,173,174,175,177,178,179,180,185,186,187,188,189,190,191,192,263,:
177:143,144,164,169,173,174,175,176,178,179,180,185,186,187,190,:
178:164,165,173,174,175,176,177,179,180,181,182,183,185,186,257,263,272,276,278,:
179:173,174,175,176,177,178,180,181,182,183,184,185,186,:
180:174,175,176,177,178,179,181,182,183,184,185,186,205,257,:
181:173,174,175,178,179,180,182,183,184,278,:
182:178,179,180,181,183,184,205,:
183:178,179,180,181,182,184,:
184:179,180,181,182,183,:
185:169,173,175,176,177,178,179,180,186,187,188,189,190,191,192,193,196,197,260,263,:
186:169,173,175,176,177,178,179,180,185,187,188,189,190,191,192,193,194,196,257,259,260,261,262,263,264,:
187:175,176,177,185,186,188,189,190,191,192,193,196,197,198,260,:
188:176,185,186,187,189,190,191,192,193,196,197,198,199,200,201,202,203,260,:
189:176,185,186,187,188,190,191,193,196,197,198,199,201,202,203,252,253,257,259,260,261,262,263,264,:
190:148,169,176,177,185,186,187,188,189,191,192,193,194,195,196,197,:
191:148,169,176,185,186,187,188,189,190,192,193,194,195,196,197,:
192:51,148,168,169,170,171,176,185,186,187,188,190,191,193,194,195,263,:
193:185,186,187,188,189,190,191,192,194,195,196,197,200,216,218,:
194:2,4,6,8,29,51,169,171,186,190,191,192,193,195,264,286,:
195:2,4,6,8,28,29,190,191,192,193,194,216,218,264,265,266,:
196:185,186,187,188,189,190,191,193,197,198,199,200,201,202,203,208,209,260,:
197:185,187,188,189,190,191,193,196,198,199,200,201,202,203,:
198:187,188,189,196,197,199,200,201,202,203,204,208,209,210,244,260,:
199:188,189,196,197,198,200,201,202,208,209,210,211,212,213,214,216,244,487,:
200:140,188,193,196,197,198,199,201,208,209,210,213,214,216,486,487,:
201:188,189,196,197,198,199,200,202,203,204,205,206,208,209,244,:
202:188,189,196,197,198,199,201,203,204,205,206,207,:
203:188,189,196,197,198,201,202,204,205,206,207,:
204:198,201,202,203,205,206,207,252,255,:
205:180,182,201,202,203,204,206,207,:
206:201,202,203,204,205,207,255,257,:
207:202,203,204,205,206,257,:
208:196,198,199,200,201,209,210,211,212,213,214,216,241,244,:
209:196,198,199,200,201,208,210,211,212,213,214,216,240,241,242,243,244,:
210:198,199,200,208,209,211,212,213,214,215,216,241,244,485,487,:
211:199,208,209,210,212,213,214,241,485,:
212:199,208,209,210,211,213,240,241,244,:
213:199,200,208,209,210,211,212,214,215,216,217,218,225,482,485,:
214:199,200,208,209,210,211,213,215,216,217,218,225,226,227,228,482,:
215:210,213,214,216,217,218,226,227,228,481,482,:
216:193,195,199,200,208,209,210,213,214,215,217,218,226,227,266,268,:
217:2,28,29,213,214,215,216,218,226,227,228,403,404,482,:
218:2,28,29,193,195,213,214,215,216,217,226,227,266,268,404,:
219:220,221,222,223,224,225,229,230,233,247,248,:
220:219,221,222,224,225,229,230,233,245,246,247,248,249,:
221:111,219,220,222,223,224,225,226,229,230,231,248,493,:
222:110,111,219,220,221,223,224,225,229,230,231,232,233,234,248,:
223:110,111,219,221,222,224,229,230,231,232,233,493,:
224:110,111,219,220,221,222,223,225,226,227,228,229,230,248,:
225:213,214,219,220,221,222,224,226,227,228,404,490,:
226:214,215,216,217,218,221,224,225,227,228,402,403,404,489,490,:
227:28,214,215,216,217,218,224,225,226,228,266,268,402,403,404,405,490,:
228:214,215,217,224,225,226,227,402,403,404,489,490,491,494,:
229:110,219,220,221,222,223,224,230,231,232,233,234,235,236,247,248,249,:
230:110,219,220,221,222,223,224,229,231,232,233,234,235,236,238,247,248,249,:
231:110,221,222,223,229,230,232,233,234,235,236,237,248,:
232:222,223,229,230,231,233,234,235,:
233:219,220,222,223,229,230,231,232,234,248,:
234:222,229,230,231,232,233,235,236,237,238,239,248,:
235:110,229,230,231,232,234,236,237,238,239,249,:
236:110,229,230,231,234,235,237,238,239,247,248,249,:
237:110,231,234,235,236,238,239,:
238:110,230,234,235,236,237,239,249,470,474,476,:
239:107,110,234,235,236,237,238,:
240:209,212,241,242,243,244,245,246,250,251,:
241:208,209,210,211,212,240,242,243,244,245,250,:
242:209,240,241,243,244,245,246,247,250,251,252,:
243:209,240,241,242,244,245,246,250,251,252,253,254,255,:
244:198,199,201,208,209,210,212,240,241,242,243,245,246,250,251,252,253,259,260,:
245:220,240,241,242,243,244,246,247,248,249,250,251,:
246:220,240,242,243,244,245,247,248,249,250,251,267,269,:
247:219,220,229,230,236,242,245,246,248,249,269,:
248:219,220,221,222,224,229,230,231,233,234,236,245,246,247,249,:
249:220,229,230,235,236,238,245,246,247,248,267,268,269,:
250:240,241,242,243,244,245,246,251,252,253,254,255,256,259,260,:
251:240,242,243,244,245,246,250,252,253,254,255,256,:
252:189,204,242,243,244,250,251,253,254,255,256,257,258,259,260,261,:
253:189,243,244,250,251,252,254,255,256,257,259,260,261,262,264,265,267,271,:
254:243,250,251,252,253,255,256,259,260,261,262,264,265,267,271,375,:
255:204,206,243,250,251,252,253,254,256,257,258,259,260,:
256:250,251,252,253,254,255,257,258,259,260,:
257:178,180,186,189,206,207,252,253,255,256,258,259,260,:
258:252,255,256,257,:
259:186,189,244,250,252,253,254,255,256,257,260,261,262,263,264,265,267,270,271,:
260:185,186,187,188,189,196,198,244,250,252,253,254,255,256,257,259,261,262,263,264,265,267,270,:
261:186,189,252,253,254,259,260,262,263,264,265,266,267,270,271,272,375,:
262:186,189,253,254,259,260,261,263,264,265,270,271,272,273,274,275,276,279,280,375,:
263:175,176,178,185,186,189,192,259,260,261,262,264,270,271,272,273,279,280,286,:
264:186,189,194,195,253,254,259,260,261,262,263,265,266,267,268,269,270,271,369,:
265:195,253,254,259,260,261,262,264,266,267,268,269,369,477,:
266:2,6,28,29,195,216,218,227,261,264,265,267,268,269,477,:
267:246,249,253,254,259,260,261,264,265,266,268,269,476,477,:
268:2,28,216,218,227,249,264,265,266,267,269,404,477,:
269:246,247,249,264,265,266,267,268,476,477,:
270:259,260,261,262,263,264,271,272,273,274,275,276,277,279,280,372,374,375,:
271:253,254,259,261,262,263,264,270,272,273,274,275,276,277,369,371,372,373,374,375,376,:
272:165,178,261,262,263,270,271,273,274,275,276,277,278,279,280,281,372,375,:
273:165,262,263,270,271,272,274,275,276,279,280,281,282,283,284,286,294,296,372,:
274:262,270,271,272,273,275,279,280,281,282,287,288,294,296,361,365,366,369,371,372,373,375,:
275:262,270,271,272,273,274,276,277,278,279,280,296,372,375,:
276:178,262,270,271,272,273,275,277,278,:
277:270,271,272,275,276,278,:
278:178,181,272,275,276,277,:
279:162,165,262,263,270,272,273,274,275,280,281,282,283,284,285,286,287,288,:
280:162,164,165,173,175,262,263,270,272,273,274,275,279,281,282,283,284,286,:
281:162,165,272,273,274,279,280,282,283,284,285,286,287,288,289,294,:
282:153,159,162,273,274,279,280,281,283,284,285,286,287,288,289,290,291,292,293,294,361,:
283:152,153,154,159,161,162,165,273,279,280,281,282,284,285,287,288,289,292,293,294,:
284:52,53,162,165,273,279,280,281,282,283,285,286,287,288,:
285:25,26,52,53,54,159,279,281,282,283,284,286,287,288,:
286:25,26,51,52,53,165,168,169,194,263,273,279,280,281,282,284,285,:
287:153,274,279,281,282,283,284,285,288,289,290,291,292,293,294,358,361,:
288:274,279,281,282,283,284,285,287,289,290,291,292,293,294,357,358,360,361,363,:
289:153,281,282,283,287,288,290,291,292,293,294,295,358,361,:
290:282,287,288,289,291,292,293,357,358,361,:
291:282,287,288,289,290,292,350,351,353,356,357,358,359,360,361,:
292:282,283,287,288,289,290,291,293,294,295,296,297,358,361,:
293:282,283,287,288,289,290,292,294,295,296,297,361,:
294:273,274,281,282,283,287,288,289,292,293,295,296,297,361,372,:
295:289,292,293,294,296,297,:
296:273,274,275,292,293,294,295,297,372,:
297:292,293,294,295,296,:
298:299,300,301,302,303,304,310,311,316,:
299:298,300,301,303,304,310,311,:
300:298,299,301,302,303,304,305,306,310,311,312,316,:
301:298,299,300,302,303,304,305,306,310,311,312,313,314,315,316,329,:
302:298,300,301,303,304,305,306,310,311,312,313,314,315,316,318,328,329,334,335,:
303:160,298,299,300,301,302,304,305,306,307,308,310,311,:
304:160,298,299,300,301,302,303,305,306,307,308,309,310,:
305:159,160,300,301,302,303,304,306,307,308,309,356,:
306:39,300,301,302,303,304,305,307,308,309,310,:
307:303,304,305,306,308,309,356,:
308:16,17,30,38,39,40,303,304,305,306,307,309,334,:
309:16,30,38,304,305,306,307,308,334,:
310:298,299,300,301,302,303,304,306,311,312,313,314,315,316,329,:
311:298,299,300,301,302,303,310,312,313,315,316,:
312:300,301,302,310,311,313,314,315,316,317,329,:
313:301,302,310,311,312,314,315,316,317,318,319,320,329,:
314:301,302,310,312,313,315,316,317,318,319,328,329,335,337,342,343,344,:
315:301,302,310,311,312,313,314,316,317,318,319,320,321,329,:
316:298,300,301,302,310,311,312,313,314,315,317,318,320,:
317:312,313,314,315,316,318,319,320,321,322,329,337,344,:
318:302,313,314,315,316,317,319,320,321,322,328,329,336,337,:
319:313,314,315,317,318,320,321,322,328,329,336,337,338,341,342,:
320:313,315,316,317,318,319,321,322,323,325,:
321:315,317,318,319,320,322,323,324,325,326,:
322:317,318,319,320,321,323,324,325,326,327,:
323:320,321,322,324,325,326,327,:
324:321,322,323,325,326,327,:
325:320,321,322,323,324,326,327,:
326:321,322,323,324,325,327,:
327:322,323,324,325,326,:
328:302,314,318,319,329,330,331,332,333,334,335,336,337,:
329:301,302,310,312,313,314,315,317,318,319,328,330,331,333,334,335,336,337,:
330:328,329,331,332,333,334,335,336,337,338,453,:
331:328,329,330,332,333,334,335,336,337,338,339,341,342,452,:
332:328,330,331,333,335,336,337,338,339,443,445,452,453,:
333:328,329,330,331,332,334,335,336,337,:
334:37,38,39,302,308,309,328,329,330,331,333,335,355,:
335:39,49,302,314,328,329,330,331,332,333,334,336,337,445,:
336:318,319,328,329,330,331,332,333,335,337,338,339,340,341,342,:
337:314,317,318,319,328,329,330,331,332,333,335,336,338,339,341,342,:
338:319,330,331,332,336,337,339,340,341,342,343,:
339:331,332,336,337,338,340,341,342,:
340:336,338,339,341,:
341:319,331,336,337,338,339,340,342,343,344,345,346,347,:
342:314,319,331,336,337,338,339,341,343,344,345,346,347,:
343:314,338,341,342,344,345,346,347,:
344:314,317,341,342,343,345,346,347,:
345:341,342,343,344,346,347,:
346:341,342,343,344,345,347,:
347:341,342,343,344,345,346,:
348:349,350,351,352,353,354,356,357,358,451,:
349:348,350,351,352,353,354,450,451,454,456,:
350:291,348,349,351,352,353,354,355,356,357,358,359,451,:
351:291,348,349,350,352,353,354,357,358,359,360,362,:
352:348,349,350,351,353,357,358,359,362,451,456,457,:
353:291,348,349,350,351,352,354,355,356,357,358,451,:
354:348,349,350,351,353,355,356,:
355:26,53,54,334,350,353,354,356,396,453,:
356:291,305,307,348,350,353,354,355,:
357:288,290,291,348,350,351,352,353,358,359,360,361,362,363,364,:
358:287,288,289,290,291,292,348,350,351,352,353,357,359,360,361,362,363,:
359:291,350,351,352,357,358,360,361,362,363,364,365,:
360:288,291,351,357,358,359,361,362,363,364,365,366,367,368,370,372,:
361:274,282,287,288,289,290,291,292,293,294,357,358,359,360,362,363,364,365,366,368,370,372,:
362:351,352,357,358,359,360,361,363,364,:
363:288,357,358,359,360,361,362,364,365,366,367,368,369,370,371,372,:
364:357,359,360,361,362,363,365,366,367,368,370,371,460,462,464,:
365:274,359,360,361,363,364,366,367,368,369,370,371,372,373,:
366:274,360,361,363,364,365,367,368,369,370,371,372,373,374,375,376,:
367:360,363,364,365,366,368,369,371,372,373,374,464,465,474,:
368:360,361,363,364,365,366,367,369,370,371,372,460,474,476,477,:
369:264,265,271,274,363,365,366,367,368,370,371,372,476,477,:
370:53,55,360,361,363,364,365,366,368,369,460,:
371:271,274,363,364,365,366,367,368,369,372,373,374,375,376,377,:
372:270,271,272,273,274,275,294,296,360,361,363,365,366,367,368,369,371,373,374,375,376,:
373:271,274,365,366,367,371,372,374,375,376,377,378,379,:
374:270,271,366,367,371,372,373,375,376,377,378,:
375:254,261,262,270,271,272,274,275,366,371,372,373,374,376,377,:
376:271,366,371,372,373,374,375,377,378,379,:
377:371,373,374,375,376,378,379,:
378:373,374,376,377,379,:
379:373,376,377,378,:
380:99,103,104,105,381,382,383,384,385,386,387,388,455,469,471,472,:
381:98,99,100,103,104,105,380,382,383,384,385,386,387,469,471,472,:
382:380,381,383,384,385,386,387,388,389,390,392,442,448,455,472,:
383:380,381,382,384,385,386,387,388,389,390,391,392,393,397,442,461,471,472,:
384:103,104,380,381,382,383,385,386,387,388,389,390,391,392,397,398,461,471,472,473,475,:
385:98,99,380,381,382,383,384,386,387,388,389,392,433,441,442,:
386:98,99,100,102,103,104,380,381,382,383,384,385,387,388,389,391,392,501,502,:
387:98,99,100,102,103,380,381,382,383,384,385,386,388,389,390,391,392,397,399,501,502,:
388:380,382,383,384,385,386,387,389,390,391,392,393,394,396,397,398,442,461,:
389:382,383,384,385,386,387,388,390,391,392,393,394,396,432,433,438,439,440,441,442,448,461,:
390:3,382,383,384,387,388,389,391,392,393,394,395,396,397,398,399,407,:
391:3,383,384,386,387,388,389,390,392,393,394,397,398,399,400,402,405,406,407,:
392:99,382,383,384,385,386,387,388,389,390,391,393,397,398,399,400,406,407,431,437,501,:
393:3,383,388,389,390,391,392,394,395,396,397,398,407,410,430,438,439,:
394:388,389,390,391,393,395,396,438,439,442,:
395:10,32,35,37,48,390,393,394,396,430,438,439,:
396:3,26,54,55,355,388,389,390,393,394,395,453,461,:
397:3,383,384,387,388,390,391,392,393,398,399,400,401,402,403,404,405,406,407,:
398:2,3,4,8,28,29,384,388,390,391,392,393,397,399,400,402,403,404,405,406,407,:
399:102,387,390,391,392,397,398,400,401,402,403,404,405,406,407,408,:
400:391,392,397,398,399,401,402,403,404,405,406,407,408,409,410,411,414,437,:
401:397,399,400,402,403,404,406,407,408,409,411,414,437,494,496,:
402:28,226,227,228,391,397,398,399,400,401,403,404,405,406,407,:
403:2,3,4,28,29,217,226,227,228,397,398,399,400,401,402,404,405,406,407,:
404:2,28,29,217,218,225,226,227,228,268,397,398,399,400,401,402,403,405,:
405:28,101,102,103,106,112,227,391,397,398,399,400,402,403,404,475,:
406:391,392,397,398,399,400,401,402,403,407,408,409,410,411,412,414,415,437,:
407:3,27,390,391,392,393,397,398,399,400,401,402,403,406,408,409,410,411,412,413,414,:
408:399,400,401,406,407,409,410,411,412,413,414,415,416,421,437,:
409:400,401,406,407,408,410,411,412,413,414,415,416,417,418,419,420,421,422,429,430,435,437,:
410:32,393,400,406,407,408,409,411,412,415,416,417,418,421,422,424,429,430,431,435,437,:
411:27,31,69,71,400,401,406,407,408,409,410,412,413,414,415,418,421,:
412:1,11,12,27,31,32,69,71,406,407,408,409,410,411,413,414,415,417,418,421,:
413:1,11,12,27,31,32,69,71,407,408,409,411,412,414,418,:
414:27,29,84,85,400,401,406,407,408,409,411,412,413,:
415:406,408,409,410,411,412,416,417,418,419,420,421,422,430,435,437,:
416:408,409,410,415,417,418,419,420,421,422,423,424,428,429,430,435,:
417:32,409,410,412,415,416,418,419,420,421,422,423,424,426,427,428,429,430,:
418:12,13,31,32,34,409,410,411,412,413,415,416,417,419,421,422,423,428,430,:
419:62,63,64,65,67,94,96,97,409,415,416,417,418,420,421,422,423,:
420:62,63,64,67,68,409,415,416,417,419,421,:
421:64,67,68,69,70,71,408,409,410,411,412,415,416,417,418,419,420,:
422:32,409,410,415,416,417,418,419,423,424,425,426,427,428,429,430,:
423:93,95,416,417,418,419,422,424,425,426,427,428,429,430,431,439,:
424:410,416,417,422,423,425,426,427,428,429,430,431,432,434,435,438,439,:
425:422,423,424,426,427,429,430,431,432,433,434,438,439,446,:
426:93,95,417,422,423,424,425,427,428,429,430,:
427:24,35,43,48,50,417,422,423,424,425,426,428,429,430,439,444,445,:
428:12,13,14,20,32,34,35,43,48,50,416,417,418,422,423,424,426,427,429,430,:
429:409,410,416,417,422,423,424,425,426,427,428,430,431,432,433,434,435,437,438,439,:
430:393,395,409,410,415,416,417,418,422,423,424,425,426,427,428,429,431,432,434,435,437,438,439,:
431:392,410,423,424,425,429,430,432,433,434,435,436,437,438,439,440,:
432:389,424,425,429,430,431,433,434,435,438,439,440,441,442,443,:
433:385,389,425,429,431,432,434,438,439,440,441,442,:
434:424,425,429,430,431,432,433,435,436,437,438,439,:
435:409,410,415,416,424,429,430,431,432,434,436,437,:
436:431,434,435,437,503,505,:
437:392,400,401,406,408,409,410,415,429,430,431,434,435,436,499,500,501,502,:
438:389,393,394,395,424,425,429,430,431,432,433,434,439,440,441,442,443,444,446,:
439:389,393,394,395,423,424,425,427,429,430,431,432,433,434,438,440,441,442,443,444,445,446,:
440:389,431,432,433,438,439,441,442,443,444,445,446,:
441:385,389,432,433,438,439,440,442,443,444,447,448,:
442:382,383,385,388,389,394,432,433,438,439,440,441,443,447,448,453,:
443:332,432,438,439,440,441,442,444,445,446,:
444:427,438,439,440,441,443,445,446,:
445:48,49,332,335,427,439,440,443,444,446,:
446:425,438,439,440,443,444,445,:
447:441,442,448,449,450,451,452,453,454,455,:
448:382,389,441,442,447,449,450,451,452,453,454,455,456,461,:
449:447,448,450,451,452,453,454,455,456,:
450:349,447,448,449,451,452,453,454,455,456,457,459,461,:
451:348,349,350,352,353,447,448,449,450,452,453,454,455,456,457,459,:
452:331,332,447,448,449,450,451,453,454,455,:
453:330,332,355,396,442,447,448,449,450,451,452,454,461,:
454:349,447,448,449,450,451,452,453,455,456,457,458,459,460,461,:
455:380,382,447,448,449,450,451,452,454,456,457,458,459,461,:
456:349,352,448,449,450,451,454,455,457,458,459,460,461,:
457:352,450,451,454,455,456,458,459,460,461,462,463,:
458:454,455,456,457,459,460,462,463,:
459:450,451,454,455,456,457,458,460,461,469,471,472,:
460:364,368,370,454,456,457,458,459,461,462,468,469,470,471,472,473,:
461:383,384,388,389,396,448,450,453,454,455,456,457,459,460,472,:
462:364,457,458,460,463,464,465,466,467,468,469,:
463:457,458,462,464,465,466,467,468,469,:
464:364,367,462,463,465,466,467,468,469,470,474,:
465:367,462,463,464,466,467,468,:
466:462,463,464,465,467,:
467:462,463,464,465,466,468,469,470,471,473,474,:
468:460,462,463,464,465,467,469,470,471,472,473,474,475,476,:
469:104,105,380,381,459,460,462,463,464,467,468,470,471,472,473,474,475,:
470:238,460,464,467,468,469,471,472,473,474,475,476,477,:
471:103,104,105,380,381,383,384,459,460,467,468,469,470,472,473,474,475,477,:
472:103,104,105,380,381,382,383,384,459,460,461,468,469,470,471,473,475,:
473:384,460,467,468,469,470,471,472,474,475,476,477,:
474:238,367,368,464,467,468,469,470,471,473,475,476,477,:
475:384,405,468,469,470,471,472,473,474,476,477,:
476:238,267,269,368,369,468,470,473,474,475,477,:
477:265,266,267,268,269,368,369,470,471,473,474,475,476,:
478:479,480,481,482,483,484,485,:
479:478,480,481,482,483,484,485,486,:
480:78,79,80,81,82,83,478,479,481,482,483,484,485,486,:
481:80,82,83,84,215,478,479,480,482,483,484,485,:
482:82,83,84,85,213,214,215,217,478,479,480,481,483,484,485,486,:
483:79,81,83,128,478,479,480,481,482,484,485,486,487,488,:
484:128,478,479,480,481,482,483,485,486,487,488,:
485:210,211,213,478,479,480,481,482,483,484,486,487,488,:
486:128,137,140,200,479,480,482,483,484,485,487,488,:
487:128,137,140,199,200,210,483,484,485,486,488,:
488:127,128,135,137,140,483,484,485,486,487,:
489:226,228,490,491,492,493,494,495,:
490:225,226,227,228,489,491,492,493,494,:
491:228,489,490,492,493,494,495,496,:
492:489,490,491,493,494,495,:
493:111,112,221,223,489,490,491,492,494,495,:
494:112,228,401,489,490,491,492,493,495,496,497,:
495:489,491,492,493,494,496,497,498,499,501,:
496:102,112,401,491,494,495,497,498,499,500,501,502,503,504,:
497:102,494,495,496,498,499,500,501,502,503,504,505,:
498:495,496,497,499,500,501,503,504,505,:
499:102,437,495,496,497,498,500,501,502,503,504,505,:
500:99,101,102,437,496,497,498,499,501,502,503,504,505,:
501:98,99,100,101,102,106,386,387,392,437,495,496,497,498,499,500,502,503,505,:
502:98,99,102,386,387,437,496,497,499,500,501,503,504,505,:
503:436,496,497,498,499,500,501,502,504,505,:
504:496,497,498,499,500,502,503,505,:
505:436,497,498,499,500,501,502,503,504,:
