1:8,9,18,20,27,28,29,36,37,38,362,442,:
2:4,10,12,14,15,17,22,23,24,25,30,31,32,40,43,44,47,48,49,50,52,53,:
3:5,6,7,16,20,26,33,34,35,247,248,270,271,280,319,321,444,448,449,450,:
4:2,10,12,15,17,24,25,30,31,39,40,49,50,53,141,:
5:3,6,16,20,26,33,34,38,430,436,437,443,444,449,451,521,523,:
6:3,5,7,9,16,18,20,26,33,34,37,38,247,248,319,339,:
7:3,6,8,9,11,13,16,18,19,20,21,22,26,33,34,35,36,38,41,42,52,247,248,458,460,:
8:1,7,9,11,14,16,18,19,20,21,22,23,28,29,32,35,36,37,38,47,48,51,52,:
9:1,6,7,8,16,18,20,21,26,27,28,29,36,37,38,:
10:2,4,12,15,17,23,24,25,30,31,39,40,43,44,50,53,140,141,160,:
11:7,8,13,19,20,21,22,23,24,35,41,42,45,46,51,52,170,458,460,:
12:2,4,10,13,15,17,22,23,24,25,30,31,32,39,40,43,44,45,46,50,52,53,143,160,:
13:7,11,12,14,19,21,22,23,24,25,41,42,43,44,45,46,51,52,53,144,145,:
14:2,8,13,15,17,19,21,22,23,24,25,30,31,32,36,47,48,49,50,51,52,53,191,223,224,225,:
15:2,4,10,12,14,17,21,22,23,24,25,30,31,32,47,48,49,50,51,52,53,146,191,193,:
16:3,5,6,7,8,9,18,19,20,26,29,33,34,35,37,38,443,444,453,:
17:2,4,10,12,14,15,23,24,25,30,31,32,39,40,43,44,49,50,52,53,141,:
18:1,6,7,8,9,16,19,20,21,22,26,27,28,29,35,36,37,38,48,247,:
19:7,8,11,13,14,16,18,20,21,22,23,34,35,36,41,42,45,46,48,51,52,458,:
20:1,3,5,6,7,8,9,11,16,18,19,21,26,29,33,34,35,36,37,38,41,247,248,:
21:7,8,9,11,13,14,15,18,19,20,22,23,24,32,35,36,41,42,45,46,47,48,51,52,:
22:2,7,8,11,12,13,14,15,18,19,21,23,24,25,32,36,41,42,45,46,47,48,49,50,51,52,53,144,145,146,191,224,:
23:2,8,10,11,12,13,14,15,17,19,21,22,24,25,30,31,32,41,42,43,44,45,46,47,48,49,50,51,52,53,145,:
24:2,4,10,11,12,13,14,15,17,21,22,23,25,30,31,32,39,40,43,44,45,46,47,48,49,50,51,52,53,141,142,143,144,145,146,:
25:2,4,10,12,13,14,15,17,22,23,24,30,31,32,39,40,43,44,47,48,49,50,51,52,53,:
26:3,5,6,7,9,16,18,20,33,34,35,38,247,248,443,444,449,:
27:1,9,18,28,29,36,37,38,360,362,378,442,:
28:1,8,9,18,27,29,36,37,38,48,362,:
29:1,8,9,16,18,20,27,28,36,37,38,440,441,442,:
30:2,4,10,12,14,15,17,23,24,25,31,32,40,43,48,49,50,52,:
31:2,4,10,12,14,15,17,23,24,25,30,32,39,40,43,44,48,49,52,53,:
32:2,8,12,14,15,17,21,22,23,24,25,30,31,36,43,47,48,49,50,52,53,:
33:3,5,6,7,16,20,26,34,35,248,269,270,271,280,318,319,321,444,448,449,450,451,:
34:3,5,6,7,16,19,20,26,33,35,41,42,248,270,271,319,444,448,449,450,453,460,:
35:3,7,8,11,16,18,19,20,21,26,33,34,41,42,248,270,444,449,453,457,458,460,:
36:1,7,8,9,14,18,19,20,21,22,27,28,29,32,37,38,47,48,51,52,223,224,225,:
37:1,6,8,9,16,18,20,27,28,29,36,38,337,338,339,:
38:1,5,6,7,8,9,16,18,20,26,27,28,29,36,37,442,:
39:4,10,12,17,24,25,31,40,43,44,53,138,139,140,141,142,143,160,:
40:2,4,10,12,17,24,25,30,31,39,43,44,53,140,160,:
41:7,11,13,19,20,21,22,23,34,35,42,45,46,52,83,457,458,459,460,:
42:7,11,13,19,21,22,23,34,35,41,45,46,51,52,169,170,246,248,270,460,:
43:2,10,12,13,17,23,24,25,30,31,32,39,40,44,46,52,53,67,160,:
44:2,10,12,13,17,23,24,25,31,39,40,43,45,46,52,53,67,69,140,142,143,157,158,160,162,:
45:11,12,13,19,21,22,23,24,41,42,44,46,51,52,53,142,143,144,145,146,157,164,169,170,:
46:11,12,13,19,21,22,23,24,41,42,43,44,45,51,52,53,69,157,158,460,:
47:2,8,14,15,21,22,23,24,25,32,36,48,49,50,51,52,190,191,192,193,223,224,225,:
48:2,8,14,15,18,19,21,22,23,24,25,28,30,31,32,36,47,49,50,51,52,53,:
49:2,4,14,15,17,22,23,24,25,30,31,32,47,48,50,51,53,191,192,193,:
50:2,4,10,12,14,15,17,22,23,24,25,30,32,47,48,49,51,53,141,142,144,145,146,190,191,192,193,224,:
51:8,11,13,14,15,19,21,22,23,24,25,36,42,45,46,47,48,49,50,52,53,142,144,145,146,191,223,224,:
52:2,7,8,11,12,13,14,15,17,19,21,22,23,24,25,30,31,32,36,41,42,43,44,45,46,47,48,51,53,458,459,:
53:2,4,10,12,13,14,15,17,22,23,24,25,31,32,39,40,43,44,45,46,48,49,50,51,52,141,142,143,144,145,146,191,:
54:55,56,57,58,59,60,61,:
55:54,56,57,58,59,60,61,63,:
56:54,55,57,58,59,60,61,62,66,:
57:54,55,56,58,59,60,62,66,:
58:54,55,56,57,59,60,61,62,66,161,162,:
59:54,55,56,57,58,60,61,62,63,65,66,:
60:54,55,56,57,58,59,61,62,63,64,65,66,67,68,465,466,:
61:54,55,56,58,59,60,62,63,64,65,66,67,465,466,:
62:56,57,58,59,60,61,63,64,65,66,67,68,69,465,466,467,:
63:55,59,60,61,62,64,65,66,67,69,465,:
64:60,61,62,63,65,67,465,:
65:59,60,61,62,63,64,66,67,68,69,465,466,467,:
66:56,57,58,59,60,61,62,63,65,67,68,69,161,466,467,:
67:43,44,60,61,62,63,64,65,66,68,69,160,161,162,:
68:60,62,65,66,67,69,79,83,159,161,467,:
69:44,46,62,63,65,66,67,68,83,158,159,160,161,162,457,460,:
70:71,72,73,74,75,76,77,:
71:70,72,73,74,75,76,77,:
72:70,71,73,74,75,76,77,78,:
73:70,71,72,74,75,76,:
74:70,71,72,73,75,:
75:70,71,72,73,74,76,77,78,79,80,:
76:70,71,72,73,75,77,78,79,80,81,526,:
77:70,71,72,75,76,78,79,80,81,82,83,526,529,:
78:72,75,76,77,79,80,81,82,526,527,:
79:68,75,76,77,78,80,81,82,83,159,526,529,:
80:75,76,77,78,79,81,82,83,526,527,528,:
81:76,77,78,79,80,82,83,526,527,528,:
82:77,78,79,80,81,83,460,527,528,:
83:41,68,69,77,79,80,81,82,460,528,:
84:85,86,87,88,89,90,91,92,427,431,432,433,547,548,:
85:84,86,87,88,89,90,91,427,431,432,433,438,546,547,548,:
86:84,85,87,88,89,90,91,92,93,94,95,98,427,432,433,547,:
87:84,85,86,88,89,90,91,92,93,94,95,96,97,98,451,546,547,:
88:84,85,86,87,89,92,93,98,432,433,445,451,542,543,545,546,547,548,:
89:84,85,86,87,88,90,91,92,93,426,427,430,432,433,451,517,518,:
90:84,85,86,87,89,91,423,424,426,427,430,432,515,517,518,:
91:84,85,86,87,89,90,423,426,427,515,517,518,:
92:84,86,87,88,89,93,94,95,96,97,98,451,:
93:86,87,88,89,92,94,95,96,97,98,292,:
94:86,87,92,93,95,96,97,98,:
95:86,87,92,93,94,96,97,98,:
96:87,92,93,94,95,97,98,275,276,277,282,283,284,288,289,290,291,292,:
97:87,92,93,94,95,96,98,274,275,276,277,539,:
98:86,87,88,92,93,94,95,96,97,451,539,540,542,:
99:100,101,102,103,104,105,196,199,:
100:99,101,102,103,104,195,196,197,198,199,:
101:99,100,102,103,104,105,106,196,:
102:99,100,101,103,104,105,196,:
103:99,100,101,102,104,187,195,196,197,199,200,:
104:99,100,101,102,103,105,106,107,108,204,:
105:99,101,102,104,106,107,108,109,114,:
106:101,104,105,107,108,109,110,111,113,114,115,:
107:104,105,106,108,109,110,111,112,113,114,115,202,203,204,:
108:104,105,106,107,109,110,111,112,113,114,201,202,203,204,:
109:105,106,107,108,110,111,112,113,114,115,203,204,:
110:106,107,108,109,111,112,113,114,115,124,202,203,204,:
111:106,107,108,109,110,112,113,115,124,194,201,202,203,204,:
112:107,108,109,110,111,113,114,115,124,203,:
113:106,107,108,109,110,111,112,114,115,:
114:105,106,107,108,109,110,112,113,115,:
115:106,107,109,110,111,112,113,114,:
116:117,118,119,120,121,122,125,126,184,187,:
117:116,118,119,120,121,125,183,184,185,186,187,189,:
118:116,117,119,120,121,122,123,124,125,126,127,184,187,:
119:116,117,118,120,121,122,123,125,126,127,128,129,130,136,137,184,:
120:116,117,118,119,121,122,125,126,127,128,136,137,173,174,176,183,184,187,189,:
121:116,117,118,119,120,122,123,124,125,126,:
122:116,118,119,120,121,123,124,125,126,128,129,:
123:118,119,121,122,124,125,126,129,:
124:110,111,112,118,121,122,123,192,194,203,:
125:116,117,118,119,120,121,122,123,126,127,128,129,130,131,136,137,:
126:116,118,119,120,121,122,123,125,127,128,129,130,:
127:118,119,120,125,126,128,129,130,131,132,133,135,136,137,138,148,167,417,:
128:119,120,122,125,126,127,129,130,131,132,136,137,138,139,141,147,148,167,417,:
129:119,122,123,125,126,127,128,130,131,132,136,137,138,139,147,148,405,406,416,417,418,:
130:119,125,126,127,128,129,131,132,133,134,135,136,137,148,417,:
131:125,127,128,129,130,132,133,134,135,136,137,148,403,405,417,:
132:127,128,129,130,131,133,134,135,136,137,139,147,148,149,167,403,405,417,:
133:127,130,131,132,134,135,403,:
134:130,131,132,133,135,403,404,:
135:127,130,131,132,133,134,:
136:119,120,125,127,128,129,130,131,132,137,138,139,140,141,142,143,144,147,148,153,167,417,:
137:119,120,125,127,128,129,130,131,132,136,138,139,141,142,143,144,145,146,147,148,153,164,166,167,171,173,:
138:39,127,128,129,136,137,139,140,141,142,143,144,146,147,148,149,153,167,:
139:39,128,129,132,136,137,138,140,141,142,143,147,148,149,150,152,153,164,:
140:10,39,40,44,136,138,139,141,142,143,147,148,149,150,152,153,160,:
141:4,10,17,24,39,50,53,128,136,137,138,139,140,142,143,144,145,146,147,148,153,191,:
142:24,39,44,45,50,51,53,136,137,138,139,140,141,143,144,145,146,147,148,153,163,164,166,167,169,191,:
143:12,24,39,44,45,53,136,137,138,139,140,141,142,144,145,146,147,148,150,152,153,154,155,157,163,164,165,166,167,169,:
144:13,22,24,45,50,51,53,136,137,138,141,142,143,145,146,164,166,167,169,170,190,191,:
145:13,22,23,24,45,50,51,53,137,141,142,143,144,146,163,164,165,166,167,168,169,170,171,191,:
146:15,22,24,45,50,51,53,137,138,141,142,143,144,145,188,189,190,191,192,224,:
147:128,129,132,136,137,138,139,140,141,142,143,148,149,150,151,152,153,164,409,:
148:127,128,129,130,131,132,136,137,138,139,140,141,142,143,147,149,150,152,153,164,167,417,:
149:132,138,139,140,147,148,150,151,152,153,154,408,409,410,:
150:139,140,143,147,148,149,151,152,153,154,155,157,158,159,160,163,164,:
151:147,149,150,152,153,154,155,157,158,159,160,:
152:139,140,143,147,148,149,150,151,153,154,155,156,157,158,159,160,163,164,167,:
153:136,137,138,139,140,141,142,143,147,148,149,150,151,152,154,155,156,157,158,160,163,164,165,166,167,:
154:143,149,150,151,152,153,155,156,157,158,159,160,163,164,165,:
155:143,150,151,152,153,154,156,157,158,163,164,165,166,167,168,169,532,534,:
156:152,153,154,155,157,163,164,165,168,529,530,532,533,534,:
157:44,45,46,143,150,151,152,153,154,155,156,158,159,160,161,162,163,164,:
158:44,46,69,150,151,152,153,154,155,157,159,160,161,162,:
159:68,69,79,150,151,152,154,157,158,160,161,162,:
160:10,12,39,40,43,44,67,69,140,150,151,152,153,154,157,158,159,161,162,:
161:58,66,67,68,69,157,158,159,160,162,:
162:44,58,67,69,157,158,159,160,161,:
163:142,143,145,150,152,153,154,155,156,157,164,165,166,167,168,169,170,171,172,534,:
164:45,137,139,142,143,144,145,147,148,150,152,153,154,155,156,157,163,165,166,167,168,169,170,171,:
165:143,145,153,154,155,156,163,164,166,167,168,169,170,171,172,173,532,533,534,:
166:137,142,143,144,145,153,155,163,164,165,167,168,169,170,171,172,173,174,175,176,:
167:127,128,132,136,137,138,142,143,144,145,148,152,153,155,163,164,165,166,168,169,171,172,173,174,176,:
168:145,155,156,163,164,165,166,167,169,170,171,172,253,532,533,534,:
169:42,45,142,143,144,145,155,163,164,165,166,167,168,170,171,172,175,253,:
170:11,42,45,144,145,163,164,165,166,168,169,171,172,243,244,246,250,253,:
171:137,145,163,164,165,166,167,168,169,170,172,173,174,175,176,177,179,183,184,:
172:163,165,166,167,168,169,170,171,173,174,175,176,177,178,179,181,250,:
173:120,137,165,166,167,171,172,174,175,176,177,178,179,183,184,185,:
174:120,166,167,171,172,173,175,176,177,178,179,183,184,185,186,188,:
175:166,169,171,172,173,174,176,177,178,179,183,184,185,186,188,240,243,249,250,:
176:120,166,167,171,172,173,174,175,177,178,179,180,181,183,184,:
177:171,172,173,174,175,176,178,179,180,181,182,183,184,:
178:172,173,174,175,176,177,179,180,181,182,183,184,:
179:171,172,173,174,175,176,177,178,180,181,182,:
180:176,177,178,179,181,182,256,258,:
181:172,176,177,178,179,180,182,:
182:177,178,179,180,181,256,258,:
183:117,120,171,173,174,175,176,177,178,184,185,186,187,188,189,:
184:116,117,118,119,120,171,173,174,175,176,177,178,183,185,186,187,188,189,:
185:117,173,174,175,183,184,186,187,188,189,190,230,:
186:117,174,175,183,184,185,187,188,189,230,:
187:103,116,117,118,120,183,184,185,186,188,189,196,:
188:146,174,175,183,184,185,186,187,189,190,191,192,194,223,224,230,:
189:117,120,146,183,184,185,186,187,188,190,191,192,193,194,203,223,224,:
190:47,50,144,146,185,188,189,191,192,193,194,203,223,224,225,:
191:14,15,22,47,49,50,51,53,141,142,144,145,146,188,189,190,192,193,194,223,224,225,:
192:47,49,50,124,146,188,189,190,191,193,194,201,202,203,223,224,225,:
193:15,47,49,50,189,190,191,192,194,203,223,224,225,:
194:111,124,188,189,190,191,192,193,201,202,203,225,:
195:100,103,196,197,198,199,200,201,:
196:99,100,101,102,103,187,195,197,198,199,200,201,:
197:100,103,195,196,198,199,200,201,202,209,:
198:100,195,196,197,199,200,201,209,:
199:99,100,103,195,196,197,198,200,:
200:103,195,196,197,198,199,201,202,203,204,:
201:108,111,192,194,195,196,197,198,200,202,203,204,:
202:107,108,110,111,192,194,197,200,201,203,204,:
203:107,108,109,110,111,112,124,189,190,192,193,194,200,201,202,204,:
204:104,107,108,109,110,111,200,201,202,203,:
205:206,207,208,209,210,211,212,214,215,336,:
206:205,207,208,210,212,214,215,335,336,340,342,:
207:205,206,208,209,210,211,212,213,214,215,216,336,:
208:205,206,207,209,210,211,212,214,215,216,217,218,219,220,:
209:197,198,205,207,208,210,211,214,215,216,219,:
210:205,206,207,208,209,211,212,213,214,215,:
211:205,207,208,209,210,212,213,214,:
212:205,206,207,208,210,211,213,214,215,336,338,:
213:207,210,211,212,356,:
214:205,206,207,208,209,210,211,212,215,216,217,218,219,220,226,227,336,:
215:205,206,207,208,209,210,212,214,216,217,218,219,220,226,332,333,335,336,337,:
216:207,208,209,214,215,217,218,219,220,221,222,226,227,228,:
217:208,214,215,216,218,219,220,221,222,226,227,228,229,230,231,333,:
218:208,214,215,216,217,219,220,222,226,227,228,231,325,326,332,333,334,336,337,339,:
219:208,209,214,215,216,217,218,220,221,222,223,225,226,227,:
220:208,214,215,216,217,218,219,221,222,223,224,225,226,:
221:216,217,219,220,222,223,224,225,226,245,:
222:216,217,218,219,220,221,223,224,225,226,227,228,229,230,238,239,243,244,245,247,339,:
223:14,36,47,51,188,189,190,191,192,193,219,220,221,222,224,225,:
224:14,22,36,47,50,51,146,188,189,190,191,192,193,220,221,222,223,225,245,:
225:14,36,47,190,191,192,193,194,219,220,221,222,223,224,:
226:214,215,216,217,218,219,220,221,222,227,228,229,230,231,232,234,238,239,333,:
227:214,216,217,218,219,222,226,228,229,230,231,232,233,234,:
228:216,217,218,222,226,227,229,230,231,232,233,234,238,239,240,316,333,:
229:217,222,226,227,228,230,231,232,233,238,239,240,241,242,243,244,245,316,:
230:185,186,188,217,222,226,227,228,229,231,232,233,238,239,240,243,:
231:217,218,226,227,228,229,230,232,233,234,235,236,238,239,310,316,329,331,:
232:226,227,228,229,230,231,233,234,235,236,237,238,:
233:227,228,229,230,231,232,234,235,236,237,238,258,310,:
234:226,227,228,231,232,233,235,236,237,:
235:231,232,233,234,236,237,258,:
236:231,232,233,234,235,237,:
237:232,233,234,235,236,:
238:222,226,228,229,230,231,232,233,239,240,241,242,243,244,245,246,249,250,313,316,:
239:222,226,228,229,230,231,238,240,241,242,243,244,245,246,247,249,312,313,314,315,316,317,:
240:175,228,229,230,238,239,241,242,243,244,245,246,249,250,251,:
241:229,238,239,240,242,243,244,245,246,249,250,251,252,253,254,255,256,313,:
242:229,238,239,240,241,243,244,246,249,250,251,252,254,255,256,305,306,310,312,313,314,316,317,:
243:170,175,222,229,230,238,239,240,241,242,244,245,246,247,248,249,250,:
244:170,222,229,238,239,240,241,242,243,245,246,247,248,249,250,:
245:221,222,224,229,238,239,240,241,243,244,246,247,248,:
246:42,170,238,239,240,241,242,243,244,245,247,248,249,250,253,269,271,:
247:3,6,7,18,20,26,222,239,243,244,245,246,248,317,339,:
248:3,6,7,20,26,33,34,35,42,243,244,245,246,247,269,271,317,318,319,:
249:175,238,239,240,241,242,243,244,246,250,251,252,253,254,255,256,261,262,313,:
250:170,172,175,238,240,241,242,243,244,246,249,251,252,253,254,255,256,:
251:240,241,242,249,250,252,253,254,255,256,257,261,262,263,297,:
252:241,242,249,250,251,253,254,255,261,262,263,264,265,266,267,269,297,:
253:168,169,170,241,246,249,250,251,252,254,261,262,263,266,267,269,532,533,:
254:241,242,249,250,251,252,253,255,256,257,258,259,261,262,297,:
255:241,242,249,250,251,252,254,256,257,258,259,260,:
256:180,182,241,242,249,250,251,254,255,257,258,259,260,:
257:251,254,255,256,258,259,260,305,308,:
258:180,182,233,235,254,255,256,257,259,260,:
259:254,255,256,257,258,260,308,310,:
260:255,256,257,258,259,310,:
261:249,251,252,253,254,262,263,264,265,266,267,269,294,297,:
262:249,251,252,253,254,261,263,264,265,266,267,269,293,294,295,296,297,:
263:251,252,253,261,262,264,265,266,267,268,269,294,297,531,533,:
264:252,261,262,263,265,266,267,294,531,:
265:252,261,262,263,264,266,293,294,297,:
266:252,253,261,262,263,264,265,267,268,269,270,271,278,528,531,:
267:252,253,261,262,263,264,266,268,269,270,271,278,279,280,281,528,:
268:263,266,267,269,270,271,279,280,281,527,528,:
269:33,246,248,252,253,261,262,263,266,267,268,270,271,279,280,319,321,:
270:3,33,34,35,42,266,267,268,269,271,279,280,281,449,450,528,:
271:3,33,34,246,248,266,267,268,269,270,279,280,319,321,450,:
272:273,274,275,276,277,278,282,283,286,300,301,:
273:272,274,275,277,278,282,283,298,299,300,301,302,:
274:97,272,273,275,276,277,278,279,282,283,284,301,539,:
275:96,97,272,273,274,276,277,278,282,283,284,285,286,287,301,:
276:96,97,272,274,275,277,282,283,284,285,286,539,:
277:96,97,272,273,274,275,276,278,279,280,281,282,283,301,539,:
278:266,267,272,273,274,275,277,279,280,281,450,536,:
279:267,268,269,270,271,274,277,278,280,281,448,449,450,535,536,:
280:3,33,267,268,269,270,271,277,278,279,281,319,321,448,449,450,451,536,:
281:267,268,270,277,278,279,280,448,449,450,535,536,537,540,:
282:96,272,273,274,275,276,277,283,284,285,286,287,288,289,300,301,302,:
283:96,272,273,274,275,276,277,282,284,285,286,287,288,289,291,300,301,302,:
284:96,274,275,276,282,283,285,286,287,288,289,290,301,:
285:275,276,282,283,284,286,287,288,:
286:272,275,276,282,283,284,285,287,301,:
287:275,282,283,284,285,286,288,289,290,291,292,301,:
288:96,282,283,284,285,287,289,290,291,292,302,:
289:96,282,283,284,287,288,290,291,292,300,301,302,:
290:96,284,287,288,289,291,292,:
291:96,283,287,288,289,290,292,302,516,520,522,:
292:93,96,287,288,289,290,291,:
293:262,265,294,295,296,297,298,299,303,304,:
294:261,262,263,264,265,293,295,296,297,298,303,:
295:262,293,294,296,297,298,299,300,303,304,305,:
296:262,293,294,295,297,298,299,303,304,305,306,307,308,:
297:251,252,254,261,262,263,265,293,294,295,296,298,299,303,304,305,306,313,:
298:273,293,294,295,296,297,299,300,301,302,303,304,:
299:273,293,295,296,297,298,300,301,302,303,304,320,322,:
300:272,273,282,283,289,295,298,299,301,302,322,:
301:272,273,274,275,277,282,283,284,286,287,289,298,299,300,302,:
302:273,282,283,288,289,291,298,299,300,301,320,321,322,:
303:293,294,295,296,297,298,299,304,305,306,307,308,309,312,313,:
304:293,295,296,297,298,299,303,305,306,307,308,309,:
305:242,257,295,296,297,303,304,306,307,308,309,310,311,312,313,314,:
306:242,296,297,303,304,305,307,308,309,310,312,313,314,315,317,318,320,324,:
307:296,303,304,305,306,308,309,312,313,314,315,317,318,320,324,398,:
308:257,259,296,303,304,305,306,307,309,310,311,312,313,:
309:303,304,305,306,307,308,310,311,312,313,:
310:231,233,242,259,260,305,306,308,309,311,312,313,:
311:305,308,309,310,:
312:239,242,303,305,306,307,308,309,310,313,314,315,316,317,318,320,323,324,:
313:238,239,241,242,249,297,303,305,306,307,308,309,310,312,314,315,316,317,318,323,:
314:239,242,305,306,307,312,313,315,316,317,318,319,320,323,324,325,398,:
315:239,306,307,312,313,314,316,317,318,323,324,325,326,327,328,329,332,333,398,:
316:228,229,231,238,239,242,312,313,314,315,317,323,324,325,326,332,333,:
317:239,242,247,248,306,307,312,313,314,315,316,318,319,320,321,322,323,324,392,:
318:33,248,306,307,312,313,314,315,317,319,320,321,322,392,:
319:3,6,33,34,248,269,271,280,314,317,318,320,321,322,523,:
320:299,302,306,307,312,314,317,318,319,321,322,522,523,:
321:3,33,269,271,280,302,317,318,319,320,322,450,523,:
322:299,300,302,317,318,319,320,321,522,523,:
323:312,313,314,315,316,317,324,325,326,327,328,329,330,332,333,395,398,:
324:306,307,312,314,315,316,317,323,325,326,327,328,329,330,394,395,396,397,398,:
325:218,314,315,316,323,324,326,327,328,329,330,331,332,333,334,395,398,:
326:218,315,316,323,324,325,327,328,329,332,333,334,335,336,337,339,347,349,395,:
327:315,323,324,325,326,328,332,333,334,335,340,341,347,349,384,388,389,392,394,395,396,398,:
328:315,323,324,325,326,327,329,330,331,332,333,349,395,398,:
329:231,315,323,324,325,326,328,330,331,:
330:323,324,325,328,329,331,:
331:231,325,328,329,330,:
332:215,218,315,316,323,325,326,327,328,333,334,335,336,337,338,339,340,341,:
333:215,217,218,226,228,315,316,323,325,326,327,328,332,334,335,336,337,339,:
334:218,325,326,327,332,333,335,336,337,338,339,340,341,342,:
335:206,215,326,327,332,333,334,336,337,338,339,340,341,342,343,345,346,347,384,:
336:205,206,207,212,214,215,218,326,332,333,334,335,337,338,340,341,342,345,346,:
337:37,215,218,326,332,333,334,335,336,338,339,340,341,:
338:37,212,332,334,335,336,337,339,340,341,:
339:6,37,218,222,247,326,332,333,334,335,337,338,:
340:206,327,332,334,335,336,337,338,341,342,343,344,345,346,347,381,384,:
341:327,332,334,335,336,337,338,340,342,343,344,345,346,347,380,381,383,384,:
342:206,334,335,336,340,341,343,344,345,346,347,348,381,384,:
343:335,340,341,342,344,345,346,380,381,384,:
344:340,341,342,343,345,373,374,376,379,380,381,382,384,:
345:335,336,340,341,342,343,344,346,347,348,349,350,381,384,:
346:335,336,340,341,342,343,345,347,348,349,350,384,:
347:326,327,335,340,341,342,345,346,348,349,350,384,395,:
348:342,345,346,347,349,350,:
349:326,327,328,345,346,347,348,350,395,:
350:345,346,347,348,349,:
351:352,353,354,355,356,357,:
352:351,353,354,356,357,:
353:351,352,354,355,356,357,358,359,:
354:351,352,353,355,356,357,358,359,364,:
355:351,353,354,356,357,358,359,363,364,369,370,:
356:213,351,352,353,354,355,357,358,359,360,361,:
357:351,352,353,354,355,356,358,359,360,361,362,:
358:353,354,355,356,357,359,360,361,362,379,:
359:353,354,355,356,357,358,360,361,362,:
360:27,356,357,358,359,361,362,379,:
361:356,357,358,359,360,362,369,:
362:1,27,28,357,358,359,360,361,369,:
363:355,364,365,366,367,368,369,370,:
364:354,355,363,365,366,368,369,370,:
365:363,364,366,367,368,369,370,499,:
366:363,364,365,367,368,369,370,498,:
367:363,365,366,368,370,489,491,498,499,:
368:363,364,365,366,367,369,370,491,:
369:355,361,362,363,364,365,366,368,370,378,:
370:355,363,364,365,366,367,368,369,491,:
371:372,373,374,375,376,377,379,380,381,497,:
372:371,373,374,375,376,377,496,497,500,502,:
373:344,371,372,374,375,376,377,378,379,380,381,382,497,:
374:344,371,372,373,375,376,377,380,381,382,383,385,497,:
375:371,372,373,374,376,380,381,382,385,497,502,503,:
376:344,371,372,373,374,375,377,378,379,380,381,497,:
377:371,372,373,374,376,378,379,:
378:27,369,373,376,377,379,442,499,:
379:344,358,360,371,373,376,377,378,:
380:341,343,344,371,373,374,375,376,381,382,383,384,385,386,387,:
381:340,341,342,343,344,345,371,373,374,375,376,380,382,383,384,385,386,:
382:344,373,374,375,380,381,383,384,385,386,387,388,:
383:341,374,380,381,382,384,385,386,387,388,389,390,391,393,395,:
384:327,335,340,341,342,343,344,345,346,347,380,381,382,383,385,386,387,388,389,391,393,395,:
385:374,375,380,381,382,383,384,386,387,:
386:380,381,382,383,384,385,387,388,389,390,391,392,393,394,395,506,:
387:380,382,383,384,385,386,388,389,390,391,393,394,506,508,510,:
388:327,382,383,384,386,387,389,390,391,392,393,394,395,396,:
389:327,383,384,386,387,388,390,391,392,393,394,395,396,397,398,399,:
390:383,386,387,388,389,391,392,394,395,396,397,510,511,520,:
391:383,384,386,387,388,389,390,392,393,394,395,506,520,522,523,:
392:317,318,327,386,388,389,390,391,393,394,395,522,523,:
393:383,384,386,387,388,389,391,392,506,:
394:324,327,386,387,388,389,390,391,392,395,396,397,398,399,400,:
395:323,324,325,326,327,328,347,349,383,384,386,388,389,390,391,392,394,396,397,398,399,:
396:324,327,388,389,390,394,395,397,398,399,400,401,402,:
397:324,389,390,394,395,396,398,399,400,401,:
398:307,314,315,323,324,325,327,328,389,394,395,396,397,399,400,:
399:389,394,395,396,397,398,400,401,402,:
400:394,396,397,398,399,401,402,:
401:396,397,399,400,402,:
402:396,399,400,401,:
403:131,132,133,134,404,405,406,407,408,409,416,417,:
404:134,403,405,406,407,408,:
405:129,131,132,403,404,406,407,408,409,410,413,416,417,418,:
406:129,403,404,405,407,408,409,413,416,417,418,419,:
407:403,404,405,406,408,409,413,416,417,418,419,:
408:149,403,404,405,406,407,409,410,411,412,413,416,417,:
409:147,149,403,405,406,407,408,410,411,412,413,414,415,416,417,:
410:149,405,408,409,411,412,413,414,415,:
411:408,409,410,412,413,414,415,:
412:408,409,410,411,413,414,415,:
413:405,406,407,408,409,410,411,412,414,415,:
414:409,410,411,412,413,415,:
415:409,410,411,412,413,414,:
416:129,403,405,406,407,408,409,417,418,419,420,:
417:127,128,129,130,131,132,136,148,403,405,406,407,408,409,416,418,419,:
418:129,405,406,407,416,417,419,420,:
419:406,407,416,417,418,420,:
420:416,418,419,:
421:422,423,424,425,426,427,503,504,:
422:421,423,424,425,426,501,502,503,504,509,515,:
423:90,91,421,422,424,425,426,427,428,504,515,:
424:90,421,422,423,425,426,427,428,429,430,431,501,504,518,:
425:421,422,423,424,426,427,428,431,493,494,500,501,502,504,:
426:89,90,91,421,422,423,424,425,427,428,429,430,431,432,433,434,501,517,518,:
427:84,85,86,89,90,91,421,423,424,425,426,428,429,430,431,432,433,515,517,518,:
428:423,424,425,426,427,429,430,431,432,433,434,435,436,438,488,494,501,518,:
429:424,426,427,428,430,431,432,433,434,435,436,437,438,439,443,488,507,517,518,:
430:5,89,90,424,426,427,428,429,431,432,433,434,435,436,437,438,443,444,507,517,518,519,521,:
431:84,85,424,425,426,427,428,429,430,432,433,434,435,438,479,487,488,:
432:84,85,86,88,89,90,426,427,428,429,430,431,433,434,435,437,438,547,548,:
433:84,85,86,88,89,426,427,428,429,430,431,432,434,435,436,437,438,443,445,547,548,:
434:426,428,429,430,431,432,433,435,436,437,438,439,440,442,443,444,488,507,:
435:428,429,430,431,432,433,434,436,437,438,439,440,442,478,479,484,485,486,487,488,494,507,:
436:5,428,429,430,433,434,435,437,438,439,440,441,442,443,444,445,453,:
437:5,429,430,432,433,434,435,436,438,439,440,443,444,445,446,448,451,452,453,:
438:85,428,429,430,431,432,433,434,435,436,437,439,443,444,445,446,452,453,477,483,547,:
439:429,434,435,436,437,438,440,441,442,443,444,453,456,476,484,485,:
440:29,434,435,436,437,439,441,442,484,485,488,:
441:29,436,439,440,442,476,484,485,:
442:1,27,29,38,378,434,435,436,439,440,441,499,507,:
443:5,16,26,429,430,433,434,436,437,438,439,444,445,446,447,448,449,450,451,452,453,:
444:3,5,16,26,33,34,35,430,434,436,437,438,439,443,445,446,448,449,450,451,452,453,:
445:88,433,436,437,438,443,444,446,447,448,449,450,451,452,453,454,:
446:437,438,443,444,445,447,448,449,450,451,452,453,454,455,456,457,460,483,:
447:443,445,446,448,449,450,452,453,454,455,457,460,483,540,542,:
448:3,33,34,279,280,281,437,443,444,445,446,447,449,450,451,452,453,:
449:3,5,26,33,34,35,270,279,280,281,443,444,445,446,447,448,450,451,452,453,:
450:3,33,34,270,271,278,279,280,281,321,443,444,445,446,447,448,449,451,:
451:5,33,87,88,89,92,98,280,437,443,444,445,446,448,449,450,521,:
452:437,438,443,444,445,446,447,448,449,453,454,455,456,457,458,459,460,461,483,:
453:16,34,35,436,437,438,439,443,444,445,446,447,448,449,452,454,455,456,457,458,459,460,:
454:445,446,447,452,453,455,456,457,458,459,460,461,462,467,483,:
455:446,447,452,453,454,456,457,458,459,460,461,462,463,464,465,466,467,468,475,476,481,483,:
456:439,446,452,453,454,455,457,458,459,461,462,463,464,467,468,469,470,475,476,477,481,483,:
457:35,41,69,446,447,452,453,454,455,456,458,459,460,461,464,467,:
458:7,11,19,35,41,52,452,453,454,455,456,457,459,460,461,463,464,:
459:41,52,452,453,454,455,456,457,458,460,461,462,463,464,467,468,476,:
460:7,11,34,35,41,42,46,69,82,83,446,447,452,453,454,455,457,458,459,:
461:452,454,455,456,457,458,459,462,463,464,465,466,467,468,475,476,481,483,:
462:454,455,456,459,461,463,464,465,466,467,468,469,470,474,475,476,481,:
463:455,456,458,459,461,462,464,465,466,467,468,469,470,472,473,474,475,476,:
464:455,456,457,458,459,461,462,463,465,467,468,469,474,476,:
465:60,61,62,63,64,65,455,461,462,463,464,466,467,468,469,:
466:60,61,62,65,66,455,461,462,463,465,467,:
467:62,65,66,68,454,455,456,457,459,461,462,463,464,465,466,:
468:455,456,459,461,462,463,464,465,469,470,471,472,473,474,475,476,:
469:456,462,463,464,465,468,470,471,472,473,474,475,476,477,485,:
470:456,462,463,468,469,471,472,473,474,475,476,477,478,480,481,484,485,:
471:468,469,470,472,473,475,476,477,478,479,480,484,485,:
472:463,468,469,470,471,473,474,475,476,:
473:463,468,469,470,471,472,474,475,476,485,490,491,:
474:462,463,464,468,469,470,472,473,475,476,:
475:455,456,461,462,463,468,469,470,471,472,473,474,476,477,478,479,480,481,483,484,485,:
476:439,441,455,456,459,461,462,463,464,468,469,470,471,472,473,474,475,477,478,480,481,483,484,485,:
477:438,456,469,470,471,475,476,478,479,480,481,482,483,484,485,486,:
478:435,470,471,475,476,477,479,480,481,484,485,486,487,488,489,:
479:431,435,471,475,477,478,480,484,485,486,487,488,:
480:470,471,475,476,477,478,479,481,482,483,484,:
481:455,456,461,462,470,475,476,477,478,480,482,483,:
482:477,480,481,483,551,:
483:438,446,447,452,454,455,456,461,475,476,477,480,481,482,545,546,547,548,:
484:435,439,440,441,470,471,475,476,477,478,479,480,485,486,487,488,489,490,492,:
485:435,439,440,441,469,470,471,473,475,476,477,478,479,484,486,487,488,489,490,491,492,:
486:435,477,478,479,484,485,487,488,489,490,491,492,:
487:431,435,478,479,484,485,486,488,489,490,493,494,:
488:428,429,431,434,435,440,478,479,484,485,486,487,489,493,494,499,:
489:367,478,484,485,486,487,488,490,491,492,499,:
490:473,484,485,486,487,489,491,492,:
491:367,368,370,473,485,486,489,490,492,:
492:484,485,486,489,490,491,:
493:425,487,488,494,495,496,497,498,499,500,501,:
494:425,428,435,487,488,493,495,496,497,498,499,500,501,502,507,:
495:493,494,496,497,498,499,500,501,502,:
496:372,493,494,495,497,498,499,500,501,502,503,505,507,:
497:371,372,373,374,375,376,493,494,495,496,498,499,500,501,502,503,505,:
498:366,367,493,494,495,496,497,499,500,501,:
499:365,367,378,442,488,489,493,494,495,496,497,498,500,507,:
500:372,425,493,494,495,496,497,498,499,501,502,503,504,505,506,507,:
501:422,424,425,426,428,493,494,495,496,497,498,500,502,503,504,505,507,:
502:372,375,422,425,494,495,496,497,500,501,503,504,505,506,507,:
503:375,421,422,496,497,500,501,502,504,505,506,507,508,509,:
504:421,422,423,424,425,500,501,502,503,505,506,508,509,:
505:496,497,500,501,502,503,504,506,507,515,517,518,:
506:386,387,391,393,500,502,503,504,505,507,508,514,515,516,517,518,519,:
507:429,430,434,435,442,494,496,499,500,501,502,503,505,506,518,:
508:387,503,504,506,509,510,511,512,513,514,515,:
509:422,503,504,508,510,511,512,513,514,515,:
510:387,390,508,509,511,512,513,514,515,516,520,:
511:390,508,509,510,512,513,514,:
512:508,509,510,511,513,:
513:508,509,510,511,512,514,515,516,517,519,520,:
514:506,508,509,510,511,513,515,516,517,518,519,520,521,522,:
515:90,91,422,423,427,505,506,508,509,510,513,514,516,517,518,519,520,521,:
516:291,506,510,513,514,515,517,518,519,520,521,522,523,:
517:89,90,91,426,427,429,430,505,506,513,514,515,516,518,519,520,521,523,:
518:89,90,91,424,426,427,428,429,430,505,506,507,514,515,516,517,519,521,:
519:430,506,513,514,515,516,517,518,520,521,522,523,:
520:291,390,391,510,513,514,515,516,517,519,521,522,523,:
521:5,430,451,514,515,516,517,518,519,520,522,523,:
522:291,320,322,391,392,514,516,519,520,521,523,:
523:5,319,320,321,322,391,392,516,517,519,520,521,522,:
524:525,526,527,528,529,530,531,:
525:524,526,527,528,529,530,531,532,:
526:76,77,78,79,80,81,524,525,527,528,529,530,531,532,:
527:78,80,81,82,268,524,525,526,528,529,530,531,:
528:80,81,82,83,266,267,268,270,524,525,526,527,529,530,531,:
529:77,79,156,524,525,526,527,528,530,531,532,533,534,:
530:156,524,525,526,527,528,529,531,532,533,534,:
531:263,264,266,524,525,526,527,528,529,530,532,533,534,:
532:155,156,165,168,253,525,526,529,530,531,533,534,:
533:156,165,168,253,263,529,530,531,532,534,:
534:155,156,163,165,168,529,530,531,532,533,:
535:279,281,536,537,538,539,540,541,:
536:278,279,280,281,535,537,538,539,540,:
537:281,535,536,538,539,540,541,542,:
538:535,536,537,539,540,541,:
539:97,98,274,276,277,535,536,537,538,540,541,:
540:98,281,447,535,536,537,538,539,541,542,543,:
541:535,537,538,539,540,542,543,544,545,:
542:88,98,447,537,540,541,543,544,545,546,547,548,549,550,:
543:88,540,541,542,544,545,546,547,548,549,550,551,:
544:541,542,543,545,546,547,549,550,551,:
545:88,483,541,542,543,544,546,547,548,549,550,551,:
546:85,87,88,483,542,543,544,545,547,548,549,550,551,:
547:84,85,86,87,88,432,433,438,483,542,543,544,545,546,548,549,551,:
548:84,85,88,432,433,483,542,543,545,546,547,549,550,551,:
549:542,543,544,545,546,547,548,550,551,:
550:542,543,544,545,546,548,549,551,:
551:482,543,544,545,546,547,548,549,550,:
