1:2,3,4,7,8,13,19,20,24,25,32,50,51,52,53,54,56,57,58,76,78,567,:
2:1,3,4,5,7,8,13,19,25,32,43,50,51,52,53,54,56,57,58,78,184,284,567,:
3:1,2,4,5,6,7,8,9,12,13,18,25,32,50,51,52,53,54,55,56,57,58,61,75,182,183,184,284,553,:
4:1,2,3,5,6,7,8,9,10,11,12,18,25,32,50,51,52,53,54,55,58,59,61,62,75,292,553,:
5:2,3,4,6,8,9,10,11,12,14,18,51,52,53,54,55,59,60,61,62,63,64,65,75,198,292,:
6:3,4,5,9,10,11,12,14,15,18,51,52,53,54,55,59,63,64,65,66,67,68,72,75,198,292,:
7:1,2,3,4,8,13,25,38,43,50,51,52,56,57,58,78,91,92,182,183,184,284,567,:
8:1,2,3,4,5,7,50,51,52,53,54,55,56,57,58,61,182,183,184,195,196,197,551,552,553,:
9:3,4,5,6,10,11,12,18,53,54,55,59,60,61,62,63,64,65,75,:
10:4,5,6,9,11,53,54,55,59,60,61,62,63,64,65,553,679,:
11:4,5,6,9,10,12,18,55,59,60,61,62,63,64,65,72,75,:
12:3,4,5,6,9,11,14,15,18,51,52,53,54,55,59,63,66,67,68,75,279,280,282,291,292,:
13:1,2,3,7,25,38,39,42,43,50,51,56,57,58,78,87,90,91,92,567,:
14:5,6,12,15,16,17,18,55,63,66,67,68,69,70,71,72,73,74,75,198,264,284,:
15:6,12,14,16,17,18,63,66,67,68,69,70,71,72,73,74,75,487,:
16:14,15,17,18,66,67,68,69,70,71,72,73,74,264,502,:
17:14,15,16,18,66,67,68,69,70,71,72,73,74,75,198,480,481,485,486,487,:
18:3,4,5,6,9,11,12,14,15,16,17,52,53,55,59,63,65,66,67,68,72,73,74,75,197,198,204,284,:
19:1,2,20,21,22,23,24,25,26,27,32,50,76,77,78,79,85,305,306,:
20:1,19,21,22,23,24,25,27,28,29,32,33,50,76,77,78,79,81,84,305,306,307,678,:
21:19,20,22,23,24,25,26,27,28,29,30,33,34,76,77,78,79,80,81,83,84,306,:
22:19,20,21,23,24,26,27,28,29,30,31,35,76,77,78,79,83,84,85,570,574,575,:
23:19,20,21,22,24,25,26,27,31,35,36,50,76,77,78,83,84,85,90,306,570,575,:
24:1,19,20,21,22,23,25,26,31,32,35,42,50,76,77,78,85,90,305,306,567,570,:
25:1,2,3,4,7,13,19,20,21,23,24,32,50,51,53,54,57,76,78,300,305,306,:
26:19,21,22,23,24,31,35,36,37,42,44,45,77,78,85,86,90,93,574,575,580,:
27:19,20,21,22,23,28,29,30,33,34,76,77,79,80,81,82,83,84,:
28:20,21,22,27,29,30,33,34,76,77,79,80,81,307,:
29:20,21,22,27,28,30,33,34,76,77,79,80,81,82,83,84,583,:
30:21,22,27,28,29,33,34,77,82,83,84,570,571,573,574,575,577,582,583,584,585,586,587,588,590,:
31:22,23,24,26,35,36,44,77,78,85,86,90,570,571,574,575,576,579,580,581,:
32:1,2,3,4,19,20,24,25,50,51,53,54,76,78,291,292,296,299,300,304,305,306,307,:
33:20,21,27,28,29,30,34,76,80,81,82,83,84,573,583,586,610,611,:
34:21,27,28,29,30,33,80,81,82,83,84,587,590,600,610,655,659,660,661,:
35:22,23,24,26,31,36,37,41,42,44,45,49,77,78,85,86,89,90,93,97,:
36:23,26,31,35,37,38,40,41,42,44,45,46,48,49,78,85,86,89,90,93,97,:
37:26,35,36,38,39,40,41,42,43,44,45,49,78,85,86,87,88,89,90,93,97,409,:
38:7,13,36,37,39,40,41,42,43,57,78,85,87,88,89,90,91,92,:
39:13,37,38,40,41,42,43,87,88,89,90,91,92,361,408,409,:
40:36,37,38,39,41,42,43,87,88,89,90,359,361,408,409,:
41:35,36,37,38,39,40,42,44,45,49,85,86,87,88,89,90,93,97,409,:
42:13,24,26,35,36,37,38,39,40,41,43,44,78,85,86,87,88,89,90,91,92,409,567,:
43:2,7,13,37,38,39,40,42,50,56,57,78,87,90,91,92,567,:
44:26,31,35,36,37,41,42,45,46,47,48,49,85,86,89,93,94,95,96,97,:
45:26,35,36,37,41,44,46,47,48,49,85,86,89,93,94,95,96,97,349,:
46:36,44,45,47,48,49,89,93,94,95,96,97,349,:
47:44,45,46,48,49,89,93,94,95,96,97,378,:
48:36,44,45,46,47,49,86,89,93,94,95,96,97,137,138,377,:
49:35,36,37,41,44,45,46,47,48,86,89,93,94,95,96,97,136,137,138,:
50:1,2,3,4,7,8,13,19,20,23,24,25,32,43,51,52,53,54,56,57,58,78,90,92,553,566,567,568,570,573,:
51:1,2,3,4,5,6,7,8,12,13,25,32,50,52,53,54,56,57,58,282,283,284,292,300,:
52:1,2,3,4,5,6,7,8,12,18,50,51,53,54,55,56,57,58,75,182,183,184,197,198,204,206,284,286,:
53:1,2,3,4,5,6,8,9,10,12,18,25,32,50,51,52,54,55,59,61,282,291,292,296,:
54:1,2,3,4,5,6,8,9,10,12,25,32,50,51,52,53,55,58,59,60,61,62,551,553,:
55:3,4,5,6,8,9,10,11,12,14,18,52,53,54,58,59,60,61,62,63,64,65,72,75,196,197,198,:
56:1,2,3,7,8,13,43,50,51,52,57,58,91,92,182,184,206,283,284,286,288,:
57:1,2,3,7,8,13,25,38,43,50,51,52,56,58,91,92,181,182,183,184,565,566,567,:
58:1,2,3,4,7,8,13,50,51,52,54,55,56,57,181,182,183,184,194,195,196,206,551,552,553,564,565,566,567,:
59:4,5,6,9,10,11,12,18,53,54,55,60,61,62,63,64,65,292,296,695,:
60:5,9,10,11,54,55,59,61,62,63,64,65,679,695,697,:
61:3,4,5,8,9,10,11,53,54,55,59,60,62,64,65,551,553,679,:
62:4,5,9,10,11,54,55,59,60,61,63,64,65,196,534,535,551,553,:
63:5,6,9,10,11,12,14,15,18,55,59,60,62,64,65,68,72,75,:
64:5,6,9,10,11,55,59,60,61,62,63,65,695,696,:
65:5,6,9,10,11,18,55,59,60,61,62,63,64,72,75,198,:
66:6,12,14,15,16,17,18,67,68,69,70,71,72,73,75,263,264,277,279,284,:
67:6,12,14,15,16,17,18,66,68,69,70,71,72,73,74,75,198,201,204,284,286,:
68:6,12,14,15,16,17,18,63,66,67,69,70,71,72,73,74,75,487,:
69:14,15,16,17,66,67,68,70,71,72,73,74,480,487,502,:
70:14,15,16,17,66,67,68,69,71,72,73,74,480,500,502,:
71:14,15,16,17,66,67,68,69,70,73,74,261,263,264,:
72:6,11,14,15,16,17,18,55,63,65,66,67,68,69,70,73,74,75,197,198,485,487,:
73:14,15,16,17,18,66,67,68,69,70,71,72,74,75,198,201,204,208,480,481,487,:
74:14,15,16,17,18,67,68,69,70,71,72,73,75,480,481,482,483,485,486,487,:
75:3,4,5,6,9,11,12,14,15,17,18,52,55,63,65,66,67,68,72,73,74,196,197,198,199,201,204,:
76:1,19,20,21,22,23,24,25,27,28,29,32,33,79,81,306,307,678,679,:
77:19,20,21,22,23,24,26,27,28,29,30,31,35,79,80,82,83,84,574,575,583,590,592,:
78:1,2,7,13,19,20,21,22,23,24,25,26,31,32,35,36,37,38,42,43,50,85,90,92,305,306,567,:
79:19,20,21,22,27,28,29,76,77,80,81,307,:
80:21,27,28,29,33,34,77,79,81,659,660,:
81:20,21,27,28,29,33,34,76,79,80,676,677,678,:
82:27,29,30,33,34,77,83,84,571,573,574,575,576,577,582,583,584,585,586,587,588,590,596,597,:
83:21,22,23,27,29,30,33,34,77,82,84,574,575,576,577,582,583,584,585,587,588,590,592,:
84:20,21,22,23,27,29,30,33,34,77,82,83,570,571,572,573,574,575,576,577,582,583,584,586,:
85:19,22,23,24,26,31,35,36,37,38,41,42,44,45,78,86,89,90,93,306,:
86:26,31,35,36,37,41,42,44,45,48,49,85,89,90,93,97,:
87:13,37,38,39,40,41,42,43,88,91,92,361,408,431,:
88:37,38,39,40,41,42,87,89,350,358,359,361,363,408,409,:
89:35,36,37,38,39,40,41,42,44,45,46,47,48,49,85,86,88,93,97,349,350,387,409,:
90:13,23,24,26,31,35,36,37,38,39,40,41,42,43,50,78,85,86,91,92,566,567,:
91:7,13,38,39,42,43,56,57,87,90,92,431,:
92:7,13,38,39,42,43,50,56,57,78,87,90,91,162,565,566,567,:
93:26,35,36,37,41,44,45,46,47,48,49,85,86,89,94,349,:
94:44,45,46,47,48,49,93,95,349,381,:
95:44,45,46,47,48,49,94,96,375,376,377,378,379,381,:
96:44,45,46,47,48,49,95,97,136,137,138,139,376,377,378,382,384,:
97:35,36,37,41,44,45,46,47,48,49,86,89,96,136,137,138,139,407,:
98:99,100,101,102,103,104,113,131,133,134,:
99:98,100,101,102,103,130,131,132,133,134,142,:
100:98,99,101,102,103,104,105,106,113,131,134,:
101:98,99,100,102,103,104,105,106,112,113,122,131,:
102:98,99,100,101,103,104,106,112,113,114,115,121,122,123,124,127,130,131,134,:
103:98,99,100,101,102,104,105,106,107,108,134,:
104:98,100,101,102,103,105,106,107,108,109,394,396,:
105:100,101,103,104,106,107,108,109,110,111,394,395,396,:
106:100,101,102,103,104,105,107,108,109,110,137,138,394,:
107:103,104,105,106,108,109,110,111,395,396,:
108:103,104,105,106,107,109,110,111,138,394,:
109:104,105,106,107,108,110,111,396,:
110:105,106,107,108,109,111,:
111:105,107,108,109,110,:
112:101,102,113,114,115,116,117,118,119,121,122,131,:
113:98,100,101,102,112,114,115,117,118,119,121,122,131,:
114:102,112,113,115,116,117,118,119,120,121,122,123,154,:
115:102,112,113,114,116,117,118,121,122,123,124,126,129,130,131,151,:
116:112,114,115,117,118,121,122,123,124,126,129,151,:
117:112,113,114,115,116,118,119,120,121,122,:
118:112,113,114,115,116,117,119,120,:
119:112,113,114,117,118,120,154,155,:
120:114,117,118,119,:
121:102,112,113,114,115,116,117,122,123,124,125,126,127,128,129,130,131,:
122:101,102,112,113,114,115,116,117,121,123,124,126,127,128,129,130,131,:
123:102,114,115,116,121,122,124,125,126,127,128,129,130,131,132,580,581,:
124:102,115,116,121,122,123,125,126,127,128,129,130,131,132,133,135,136,143,580,581,:
125:121,123,124,126,127,130,131,132,133,135,136,143,579,580,581,:
126:115,116,121,122,123,124,125,127,128,129,130,131,580,581,595,:
127:102,121,122,123,124,125,126,128,129,130,131,136,:
128:121,122,123,124,126,127,129,:
129:115,116,121,122,123,124,126,127,128,581,594,595,:
130:99,102,115,121,122,123,124,125,126,127,131,132,133,134,135,136,142,143,:
131:98,99,100,101,102,112,113,115,121,122,123,124,125,126,127,130,132,133,134,135,136,142,:
132:99,123,124,125,130,131,133,134,135,136,137,141,142,143,144,:
133:98,99,124,125,130,131,132,134,135,136,142,143,144,145,147,148,149,:
134:98,99,100,102,103,130,131,132,133,135,142,143,144,145,147,:
135:124,125,130,131,132,133,134,136,137,138,139,140,141,142,143,:
136:49,96,97,124,125,127,130,131,132,133,135,137,138,139,140,141,389,:
137:48,49,96,97,106,132,135,136,138,139,140,141,377,388,389,:
138:48,49,96,97,106,108,135,136,137,139,140,141,377,388,389,:
139:96,97,135,136,137,138,140,141,384,385,388,389,390,393,394,399,405,407,:
140:135,136,137,138,139,141,377,384,385,386,387,388,389,390,391,393,394,398,399,405,:
141:132,135,136,137,138,139,140,388,389,390,393,398,399,405,407,:
142:99,130,131,132,133,134,135,143,144,145,146,147,148,149,:
143:124,125,130,132,133,134,135,142,144,145,146,147,148,149,:
144:132,133,134,142,143,145,146,147,148,149,150,:
145:133,134,142,143,144,146,147,148,:
146:142,143,144,145,147,158,163,165,:
147:133,134,142,143,144,145,146,148,149,150,151,152,:
148:133,142,143,144,145,147,149,150,151,152,153,:
149:133,142,143,144,147,148,150,151,152,153,154,:
150:144,147,148,149,151,152,153,154,155,:
151:115,116,147,148,149,150,152,153,154,155,769,:
152:147,148,149,150,151,153,154,155,:
153:148,149,150,151,152,154,155,:
154:114,119,149,150,151,152,153,155,:
155:119,150,151,152,153,154,:
156:157,158,159,160,161,162,163,164,165,423,433,:
157:156,158,159,160,161,163,404,406,408,422,423,424,426,433,:
158:146,156,157,159,160,161,162,163,164,165,166,:
159:156,157,158,160,161,162,163,164,165,166,167,168,169,170,171,176,177,433,:
160:156,157,158,159,161,162,164,165,166,167,176,177,426,427,430,432,433,434,435,436,437,:
161:156,157,158,159,160,162,163,164,165,:
162:92,156,158,159,160,161,163,164,165,167,168,565,:
163:146,156,157,158,159,161,162,404,405,406,407,408,409,:
164:156,158,159,160,161,162,165,166,167,168,169,170,171,176,177,433,:
165:146,156,158,159,160,161,162,164,166,167,168,169,170,171,:
166:158,159,160,164,165,167,168,169,170,171,172,176,177,178,433,436,:
167:159,160,162,164,165,166,168,169,170,176,177,178,179,181,186,436,560,561,:
168:159,162,164,165,166,167,169,176,177,178,179,186,557,558,559,560,561,563,:
169:159,164,165,166,167,168,170,171,172,173,174,176,177,:
170:159,164,165,166,167,169,171,172,173,174,175,:
171:159,164,165,166,169,170,172,173,174,175,:
172:166,169,170,171,173,174,175,437,438,:
173:169,170,171,172,174,175,:
174:169,170,171,172,173,175,437,438,:
175:170,171,172,173,174,:
176:159,160,164,166,167,168,169,177,178,179,180,181,182,185,186,436,441,560,561,:
177:159,160,164,166,167,168,169,176,178,179,180,181,185,433,435,436,440,441,446,:
178:166,167,168,176,177,179,180,181,182,183,184,185,186,187,195,206,436,441,560,561,563,564,:
179:167,168,176,177,178,180,181,182,183,184,185,186,187,188,190,194,195,200,206,440,441,560,561,564,:
180:176,177,178,179,181,182,183,184,185,186,187,188,194,195,199,200,202,203,205,206,436,440,441,442,445,449,450,:
181:57,58,167,176,177,178,179,180,182,183,184,185,186,195,200,205,206,430,:
182:3,7,8,52,56,57,58,176,178,179,180,181,183,184,185,194,195,199,200,205,206,564,565,:
183:3,7,8,52,57,58,178,179,180,181,182,184,185,186,188,194,195,196,197,199,200,206,552,563,564,565,:
184:2,3,7,8,52,56,57,58,178,179,180,181,182,183,195,197,199,200,201,204,205,206,:
185:176,177,178,179,180,181,182,183,186,187,188,189,190,191,192,193,194,195,200,441,555,560,561,564,:
186:167,168,176,178,179,180,181,183,185,187,188,190,191,192,193,194,195,554,555,556,557,559,560,561,562,563,564,:
187:178,179,180,185,186,188,189,190,191,192,193,194,195,196,200,441,555,:
188:179,180,183,185,186,187,189,190,191,192,193,194,195,196,197,199,200,:
189:185,187,188,190,191,192,194,195,196,197,199,200,451,:
190:179,185,186,187,188,189,191,192,193,194,195,541,555,560,:
191:185,186,187,188,189,190,192,193,194,195,540,541,545,547,548,554,555,556,559,560,562,:
192:185,186,187,188,189,190,191,193,194,195,196,540,541,545,547,548,552,554,555,564,:
193:185,186,187,188,190,191,192,445,555,560,562,:
194:58,179,180,182,183,185,186,187,188,189,190,191,192,195,196,197,198,199,200,552,:
195:8,58,178,179,180,181,182,183,184,185,186,187,188,189,190,191,192,194,196,197,199,200,551,552,555,564,:
196:8,55,58,62,75,183,187,188,189,192,194,195,197,198,199,200,201,552,:
197:8,18,52,55,72,75,183,184,188,189,194,195,196,198,199,200,201,202,203,204,205,206,:
198:5,6,14,17,18,52,55,65,67,72,73,75,194,196,197,199,200,201,204,:
199:75,180,182,183,184,188,189,194,195,196,197,198,200,201,202,203,204,205,206,207,:
200:179,180,181,182,183,184,185,187,188,189,194,195,196,197,198,199,201,202,203,204,205,206,207,441,450,:
201:67,73,75,184,196,197,198,199,200,202,203,204,205,206,207,208,209,:
202:180,197,199,200,201,203,204,205,206,207,208,209,210,212,213,215,216,441,449,450,:
203:180,197,199,200,201,202,204,205,206,207,208,209,212,213,440,441,443,449,450,451,:
204:18,52,67,73,75,184,197,198,199,200,201,202,203,205,206,207,208,216,286,290,:
205:180,181,182,184,197,199,200,201,202,203,204,206,207,208,216,286,290,:
206:52,56,58,178,179,180,181,182,183,184,197,199,200,201,202,203,204,205,207,290,:
207:199,200,201,202,203,204,205,206,208,209,210,211,212,213,214,215,216,450,:
208:73,201,202,203,204,205,207,209,210,211,212,213,215,216,222,:
209:201,202,203,207,208,210,211,212,213,214,215,216,217,450,:
210:202,207,208,209,211,212,213,215,216,217,218,219,220,221,222,:
211:207,208,209,210,212,215,216,217,218,220,:
212:202,203,207,208,209,210,211,213,214,215,216,450,452,453,458,488,489,490,493,:
213:202,203,207,208,209,210,212,214,449,450,451,452,453,454,455,457,458,477,479,481,488,489,:
214:207,209,212,213,451,452,453,454,455,456,457,458,476,477,478,479,481,488,489,:
215:202,207,208,209,210,211,212,216,217,218,219,220,221,222,:
216:202,204,205,207,208,209,210,211,212,215,217,218,219,220,221,222,:
217:209,210,211,215,216,218,219,220,221,222,223,225,:
218:210,211,215,216,217,219,220,221,:
219:210,215,216,217,218,220,227,290,428,:
220:210,211,215,216,217,218,219,221,222,223,224,225,258,:
221:210,215,216,217,218,220,222,223,224,225,259,494,495,498,:
222:208,210,215,216,217,220,221,223,224,225,259,490,491,494,495,496,498,499,500,:
223:217,220,221,222,224,225,259,494,495,497,498,:
224:220,221,222,223,225,259,491,494,495,496,497,498,499,:
225:217,220,221,222,223,224,498,:
226:227,228,229,230,231,232,233,425,428,:
227:219,226,228,229,230,231,232,233,424,425,426,427,428,:
228:226,227,229,230,231,232,233,234,425,:
229:226,227,228,230,231,232,234,238,425,:
230:226,227,228,229,231,232,234,238,421,422,424,425,428,:
231:226,227,228,229,230,232,233,234,235,237,238,:
232:226,227,228,229,230,231,233,234,235,236,237,238,239,240,425,:
233:226,227,228,231,232,234,235,236,237,238,239,258,289,290,425,429,:
234:228,229,230,231,232,233,235,236,237,238,239,240,241,425,:
235:231,232,233,234,236,237,238,239,241,287,288,289,290,320,425,429,431,:
236:232,233,234,235,237,239,287,288,289,290,429,430,431,:
237:231,232,233,234,235,236,238,239,240,241,320,425,429,431,:
238:229,230,231,232,233,234,235,237,239,240,241,425,:
239:232,233,234,235,236,237,238,240,241,319,361,431,:
240:232,234,237,238,239,241,329,414,421,:
241:234,235,237,238,239,240,319,329,361,414,:
242:243,244,245,246,247,248,249,250,251,252,:
243:242,244,245,246,247,248,249,:
244:242,243,245,246,247,248,249,250,251,252,253,317,:
245:242,243,244,246,247,248,249,250,251,252,253,254,256,257,259,260,261,317,:
246:242,243,244,245,247,250,251,252,253,254,256,259,261,273,501,:
247:242,243,244,245,246,248,249,250,251,252,276,:
248:242,243,244,245,247,249,250,:
249:242,243,244,245,247,248,250,:
250:242,244,245,246,247,248,249,251,252,270,274,317,:
251:242,244,245,246,247,250,252,253,254,255,256,257,259,260,261,314,317,:
252:242,244,245,246,247,250,251,253,254,255,256,257,260,313,314,316,317,:
253:244,245,246,251,252,254,255,256,257,258,259,260,261,262,314,317,:
254:245,246,251,252,253,255,256,257,260,261,262,263,264,265,266,277,278,314,317,:
255:251,252,253,254,256,260,261,262,263,277,278,313,314,317,:
256:245,246,251,252,253,254,255,257,258,259,260,261,314,320,:
257:245,251,252,253,254,256,258,259,:
258:220,233,253,256,257,259,289,:
259:221,222,223,224,245,246,251,253,256,257,258,499,500,501,:
260:245,251,252,253,254,255,256,261,262,263,264,265,266,277,278,:
261:71,245,246,251,253,254,255,256,260,262,263,264,265,266,272,:
262:253,254,255,260,261,263,264,265,266,267,277,278,279,:
263:66,71,254,255,260,261,262,264,265,266,277,278,279,280,281,282,283,312,:
264:14,16,66,71,254,260,261,262,263,265,277,278,279,280,281,:
265:254,260,261,262,263,264,266,267,268,272,277,278,:
266:254,260,261,262,263,265,267,268,269,270,271,272,:
267:262,265,266,268,269,270,271,272,273,274,:
268:265,266,267,269,270,271,272,273,274,275,276,:
269:266,267,268,270,271,272,274,275,276,:
270:250,266,267,268,269,271,272,273,274,275,276,:
271:266,267,268,269,270,272,273,274,275,276,:
272:261,265,266,267,268,269,270,271,273,274,276,:
273:246,267,268,270,271,272,274,275,276,:
274:250,267,268,269,270,271,272,273,275,276,:
275:268,269,270,271,273,274,276,:
276:247,268,269,270,271,272,273,274,275,:
277:66,254,255,260,262,263,264,265,278,279,280,281,282,283,284,285,291,292,309,311,312,:
278:254,255,260,262,263,264,265,277,279,280,281,282,283,285,309,311,312,:
279:12,66,262,263,264,277,278,280,281,282,283,284,285,291,292,293,300,309,312,:
280:12,263,264,277,278,279,281,282,283,291,292,293,294,296,299,300,308,309,312,:
281:263,264,277,278,279,280,282,291,292,293,294,295,299,300,308,309,312,:
282:12,51,53,263,277,278,279,280,281,283,284,285,286,287,291,292,300,309,312,:
283:51,56,263,277,278,279,280,282,284,285,286,287,288,312,:
284:2,3,7,14,18,51,52,56,66,67,277,279,282,283,285,286,287,288,289,290,:
285:277,278,279,282,283,284,286,287,288,289,312,:
286:52,56,67,204,205,282,283,284,285,287,288,289,290,:
287:235,236,282,283,284,285,286,288,289,290,:
288:56,235,236,283,284,285,286,287,289,290,:
289:233,235,236,258,284,285,286,287,288,290,430,:
290:204,205,206,219,233,235,236,284,286,287,288,289,429,430,:
291:12,32,53,277,279,280,281,282,292,293,294,295,296,297,298,299,300,309,:
292:4,5,6,12,32,51,53,59,277,279,280,281,282,291,293,294,296,297,299,300,:
293:279,280,281,291,292,294,295,296,297,298,299,300,301,309,:
294:280,281,291,292,293,295,296,297,298,299,300,301,302,304,305,307,308,309,:
295:281,291,293,294,296,297,298,299,300,301,302,304,307,309,:
296:32,53,59,280,291,292,293,294,295,297,298,299,300,678,:
297:291,292,293,294,295,296,298,299,677,678,:
298:291,293,294,295,296,297,677,684,:
299:32,280,281,291,292,293,294,295,296,297,300,301,302,303,304,305,306,307,308,309,:
300:25,32,51,279,280,281,282,291,292,293,294,295,296,299,301,302,304,305,306,307,308,309,:
301:293,294,295,299,300,302,303,304,305,306,307,308,309,310,:
302:294,295,299,300,301,303,304,305,306,307,308,309,310,311,:
303:299,301,302,304,305,308,309,310,351,:
304:32,294,295,299,300,301,302,303,305,306,307,308,309,:
305:19,20,24,25,32,78,294,299,300,301,302,303,304,306,307,308,309,:
306:19,20,21,23,24,25,32,76,78,85,299,300,301,302,304,305,307,:
307:20,28,32,76,79,294,295,299,300,301,302,304,305,306,:
308:280,281,294,299,300,301,302,303,304,305,309,310,311,312,:
309:277,278,279,280,281,282,291,293,294,295,299,300,301,302,303,304,305,308,310,311,312,:
310:301,302,303,308,309,311,312,:
311:277,278,302,308,309,310,312,:
312:263,277,278,279,280,281,282,283,285,308,309,310,311,:
313:252,255,314,315,316,317,318,319,320,:
314:251,252,253,254,255,256,313,315,316,317,318,319,320,:
315:313,314,316,317,318,319,320,:
316:252,313,314,315,317,318,319,320,:
317:244,245,250,251,252,253,254,255,313,314,315,316,318,320,:
318:313,314,315,316,317,319,320,:
319:239,241,313,314,315,316,318,320,362,363,:
320:235,237,256,313,314,315,316,317,318,319,:
321:322,323,324,325,326,327,:
322:321,323,324,325,326,:
323:321,322,324,325,326,327,:
324:321,322,323,325,326,327,:
325:321,322,323,324,326,327,330,331,:
326:321,322,323,324,325,327,328,:
327:321,323,324,325,326,328,329,357,358,360,:
328:326,327,329,:
329:240,241,327,328,357,358,359,414,:
330:325,331,332,333,334,335,336,337,:
331:325,330,332,333,335,336,337,:
332:330,331,333,334,335,336,337,338,365,370,:
333:330,331,332,334,335,336,337,338,339,340,341,352,353,364,365,:
334:330,332,333,335,336,337,338,339,341,346,347,348,352,353,354,355,364,365,366,369,370,374,:
335:330,331,332,333,334,336,337,370,:
336:330,331,332,333,334,335,337,338,339,340,341,342,343,345,346,352,353,365,:
337:330,331,332,333,334,335,336,338,339,340,341,342,343,:
338:332,333,334,336,337,339,340,341,342,343,344,345,346,347,351,352,353,:
339:333,334,336,337,338,340,341,342,345,346,347,349,350,351,352,353,:
340:333,336,337,338,339,341,345,346,351,353,:
341:333,334,336,337,338,339,340,342,343,344,345,346,:
342:336,337,338,339,341,343,344,:
343:336,337,338,341,342,344,:
344:338,341,342,343,:
345:336,338,339,340,341,346,347,348,349,350,351,352,353,:
346:334,336,338,339,340,341,345,347,348,349,350,351,352,353,354,:
347:334,338,339,345,346,348,349,350,351,352,353,354,355,357,358,364,365,373,374,:
348:334,345,346,347,349,350,352,353,354,355,356,364,365,373,374,375,376,378,382,383,:
349:45,46,89,93,94,339,345,346,347,348,350,351,352,353,:
350:88,89,339,345,346,347,348,349,351,352,353,:
351:303,338,339,340,345,346,347,349,350,352,353,360,362,:
352:333,334,336,338,339,345,346,347,348,349,350,351,353,354,355,356,357,358,359,360,364,365,374,:
353:333,334,336,338,339,340,345,346,347,348,349,350,351,352,354,355,357,358,360,362,364,365,:
354:334,346,347,348,352,353,355,356,357,358,359,360,364,365,366,374,383,:
355:334,347,348,352,353,354,356,357,358,364,365,366,367,369,373,374,382,383,:
356:348,352,354,355,357,364,365,366,367,368,373,374,382,383,384,386,387,:
357:327,329,347,352,353,354,355,356,358,359,360,361,362,364,365,:
358:88,327,329,347,352,353,354,355,357,359,360,361,362,363,:
359:40,88,329,352,354,357,358,360,361,362,363,:
360:327,351,352,353,354,357,358,359,361,362,363,:
361:39,40,87,88,239,241,357,358,359,360,362,363,:
362:319,351,353,357,358,359,360,361,363,:
363:88,319,358,359,360,361,362,:
364:333,334,347,348,352,353,354,355,356,357,365,366,367,368,369,370,373,374,383,:
365:332,333,334,336,347,348,352,353,354,355,356,357,364,366,367,369,370,373,374,:
366:334,354,355,356,364,365,367,368,369,370,371,373,374,375,383,:
367:355,356,364,365,366,368,369,370,373,374,375,376,378,380,382,383,:
368:356,364,366,367,369,373,374,375,376,382,383,:
369:334,355,364,365,366,367,368,370,371,372,373,374,:
370:332,334,335,364,365,366,367,369,371,372,:
371:366,369,370,372,:
372:369,370,371,:
373:347,348,355,356,364,365,366,367,368,369,374,375,376,377,378,379,380,382,383,:
374:334,347,348,352,354,355,356,364,365,366,367,368,369,373,375,376,378,379,380,382,383,:
375:95,348,366,367,368,373,374,376,377,378,379,380,381,382,383,384,:
376:95,96,348,367,368,373,374,375,377,378,379,382,383,384,385,386,387,:
377:48,95,96,137,138,140,373,375,376,378,382,383,384,385,388,389,:
378:47,95,96,348,367,373,374,375,376,377,379,380,381,382,383,:
379:95,373,374,375,376,378,380,381,:
380:367,373,374,375,378,379,381,:
381:94,95,375,378,379,380,:
382:96,348,355,356,367,368,373,374,375,376,377,378,383,384,385,386,387,388,389,:
383:348,354,355,356,364,366,367,368,373,374,375,376,377,378,382,384,385,386,387,:
384:96,139,140,356,375,376,377,382,383,385,386,387,388,389,390,399,:
385:139,140,376,377,382,383,384,386,387,388,389,390,391,393,398,399,:
386:140,356,376,382,383,384,385,387,388,389,390,391,398,399,402,:
387:89,140,356,376,382,383,384,385,386,388,389,399,402,:
388:137,138,139,140,141,377,382,384,385,386,387,389,390,391,392,393,394,398,399,:
389:136,137,138,139,140,141,377,382,384,385,386,387,388,390,391,393,394,398,399,405,:
390:139,140,141,384,385,386,388,389,391,392,393,394,395,397,398,399,400,:
391:140,385,386,388,389,390,392,393,394,398,399,400,401,402,403,:
392:388,390,391,393,398,399,400,401,402,:
393:139,140,141,385,388,389,390,391,392,394,395,396,397,398,399,:
394:104,105,106,108,139,140,388,389,390,391,393,395,396,397,:
395:105,107,390,393,394,396,397,:
396:104,105,107,109,393,394,395,397,:
397:390,393,394,395,396,:
398:140,141,385,386,388,389,390,391,392,393,399,400,401,402,403,404,405,406,410,411,:
399:139,140,141,384,385,386,387,388,389,390,391,392,393,398,400,401,402,403,404,405,406,407,:
400:390,391,392,398,399,401,402,403,404,405,406,410,411,412,:
401:391,392,398,399,400,402,403,404,406,410,411,412,413,415,416,419,420,:
402:386,387,391,392,398,399,400,401,403,404,406,410,411,412,413,414,:
403:391,398,399,400,401,402,404,405,406,407,408,410,411,420,:
404:157,163,398,399,400,401,402,403,405,406,407,408,409,410,411,:
405:139,140,141,163,389,398,399,400,403,404,406,407,408,409,:
406:157,163,398,399,400,401,402,403,404,405,407,408,409,410,420,423,:
407:97,139,141,163,399,403,404,405,406,408,409,:
408:39,40,87,88,157,163,403,404,405,406,407,409,423,:
409:37,39,40,41,42,88,89,163,404,405,406,407,408,:
410:398,400,401,402,403,404,406,411,412,413,414,415,416,417,418,419,420,:
411:398,400,401,402,403,404,410,412,413,415,416,417,418,419,420,:
412:400,401,402,410,411,413,414,415,416,417,418,419,420,421,:
413:401,402,410,411,412,414,415,416,419,420,421,422,423,:
414:240,241,329,402,410,412,413,415,419,420,421,:
415:401,410,411,412,413,414,416,417,418,419,420,:
416:401,410,411,412,413,415,417,418,:
417:410,411,412,415,416,418,:
418:410,411,412,415,416,417,:
419:401,410,411,412,413,414,415,420,421,422,423,424,425,:
420:401,403,406,410,411,412,413,414,415,419,421,422,423,424,:
421:230,240,412,413,414,419,420,422,423,424,425,426,:
422:157,230,413,419,420,421,423,424,425,426,427,429,431,:
423:156,157,406,408,413,419,420,421,422,424,425,426,429,431,:
424:157,227,230,419,420,421,422,423,425,426,427,428,429,430,431,432,433,:
425:226,227,228,229,230,232,233,234,235,237,238,419,421,422,423,424,426,427,428,429,431,432,:
426:157,160,227,421,422,423,424,425,427,428,429,430,431,432,433,434,:
427:160,227,422,424,425,426,428,429,430,431,432,433,434,435,437,439,:
428:219,226,227,230,424,425,426,427,429,430,432,433,434,435,437,439,:
429:233,235,236,237,290,422,423,424,425,426,427,428,430,431,432,433,:
430:160,181,236,289,290,424,426,427,428,429,431,432,433,435,:
431:87,91,235,236,237,239,422,423,424,425,426,427,429,430,:
432:160,424,425,426,427,428,429,430,433,434,435,436,437,438,439,:
433:156,157,159,160,164,166,177,424,426,427,428,429,430,432,434,435,436,437,439,:
434:160,426,427,428,432,433,435,436,437,438,439,:
435:160,177,427,428,430,432,433,434,436,437,438,439,440,:
436:160,166,167,176,177,178,180,432,433,434,435,437,438,440,441,446,:
437:160,172,174,427,428,432,433,434,435,436,438,439,:
438:172,174,432,434,435,436,437,439,:
439:427,428,432,433,434,435,437,438,:
440:177,179,180,203,435,436,441,442,443,444,445,446,447,449,450,:
441:176,177,178,179,180,185,187,200,202,203,436,440,442,443,444,445,446,449,450,:
442:180,440,441,443,444,445,446,447,449,450,451,:
443:203,440,441,442,444,445,446,449,450,451,452,453,:
444:440,441,442,443,445,449,450,451,452,453,:
445:180,193,440,441,442,443,444,446,447,448,449,450,:
446:177,436,440,441,442,443,445,447,448,:
447:440,442,445,446,448,:
448:445,446,447,:
449:180,202,203,213,440,441,442,443,444,445,450,451,452,453,454,455,:
450:180,200,202,203,207,209,212,213,440,441,442,443,444,445,449,451,452,453,:
451:189,203,213,214,442,443,444,449,450,452,453,454,455,456,:
452:212,213,214,443,444,449,450,451,453,454,455,456,457,458,459,:
453:212,213,214,443,444,449,450,451,452,454,455,456,457,458,:
454:213,214,449,451,452,453,455,456,457,458,459,460,461,:
455:213,214,449,451,452,453,454,456,457,458,459,460,461,507,:
456:214,451,452,453,454,455,457,458,459,460,461,462,467,477,:
457:213,214,452,453,454,455,456,458,459,460,466,467,474,477,489,:
458:212,213,214,452,453,454,455,456,457,459,466,467,476,477,478,481,488,489,:
459:452,454,455,456,457,458,460,461,462,463,464,467,474,477,503,504,505,506,507,:
460:454,455,456,457,459,461,462,463,464,465,503,504,505,506,507,:
461:454,455,456,459,460,462,463,464,465,503,504,505,506,507,508,509,510,:
462:456,459,460,461,463,464,465,503,504,505,:
463:459,460,461,462,464,465,503,504,508,509,511,:
464:459,460,461,462,463,465,503,504,:
465:460,461,462,463,464,503,504,:
466:457,458,467,468,469,470,471,472,473,474,476,477,489,:
467:456,457,458,459,466,468,469,471,472,473,474,475,476,477,:
468:466,467,469,470,471,472,473,474,476,477,478,489,:
469:466,467,468,470,471,472,476,477,478,479,481,482,488,489,:
470:466,468,469,471,476,477,478,479,484,488,489,:
471:466,467,468,469,470,472,473,474,475,476,477,505,:
472:466,467,468,469,471,473,474,475,505,:
473:466,467,468,471,472,474,475,505,:
474:457,459,466,467,468,471,472,473,475,505,:
475:467,471,472,473,474,:
476:214,458,466,467,468,469,470,471,477,478,479,480,481,482,483,484,488,489,:
477:213,214,456,457,458,459,466,467,468,469,470,471,476,478,479,481,482,488,489,507,:
478:214,458,468,469,470,476,477,479,480,481,482,483,484,485,487,488,489,490,:
479:213,214,469,470,476,477,478,480,481,482,488,489,490,491,492,493,494,:
480:17,69,70,73,74,476,478,479,481,487,488,489,490,491,492,494,495,:
481:17,73,74,213,214,458,469,476,477,478,479,480,482,483,484,485,486,487,488,489,:
482:74,469,476,477,478,479,481,483,484,485,486,487,507,:
483:74,476,478,481,482,484,485,486,487,712,:
484:470,476,478,481,482,483,485,486,487,:
485:17,72,74,478,481,482,483,484,486,487,712,:
486:17,74,481,482,483,484,485,487,711,712,:
487:15,17,68,69,72,73,74,478,480,481,482,483,484,485,486,712,:
488:212,213,214,458,469,470,476,477,478,479,480,481,489,490,491,492,493,494,495,:
489:212,213,214,457,458,466,468,469,470,476,477,478,479,480,481,488,490,491,492,493,:
490:212,222,478,479,480,488,489,491,492,493,494,495,496,:
491:222,224,479,480,488,489,490,492,493,494,495,496,497,498,499,:
492:479,480,488,489,490,491,493,494,495,496,497,498,:
493:212,479,488,489,490,491,492,494,495,:
494:221,222,223,224,479,480,488,490,491,492,493,495,496,497,498,499,500,501,502,:
495:221,222,223,224,480,488,490,491,492,493,494,496,497,498,499,500,502,:
496:222,224,490,491,492,494,495,497,498,499,500,501,502,:
497:223,224,491,492,494,495,496,498,499,500,501,:
498:221,222,223,224,225,491,492,494,495,496,497,499,501,:
499:222,224,259,491,494,495,496,497,498,500,501,502,:
500:70,222,259,494,495,496,497,499,501,502,:
501:246,259,494,496,497,498,499,500,502,:
502:16,69,70,494,495,496,499,500,501,:
503:459,460,461,462,463,464,465,504,505,506,507,508,509,:
504:459,460,461,462,463,464,465,503,505,506,508,509,:
505:459,460,461,462,471,472,473,474,503,504,506,507,508,509,510,:
506:459,460,461,503,504,505,507,508,509,510,511,513,:
507:455,459,460,461,477,482,503,505,506,508,509,510,513,:
508:461,463,503,504,505,506,507,509,510,511,512,513,514,515,:
509:461,463,503,504,505,506,507,508,510,511,512,513,514,:
510:461,505,506,507,508,509,511,512,513,514,515,:
511:463,506,508,509,510,512,513,514,515,516,517,:
512:508,509,510,511,513,514,516,517,:
513:506,507,508,509,510,511,512,514,515,:
514:508,509,510,511,512,513,515,521,524,:
515:508,510,511,513,514,521,536,:
516:511,512,517,518,519,520,521,522,538,:
517:511,512,516,518,519,520,521,:
518:516,517,519,520,521,522,523,538,:
519:516,517,518,520,521,522,:
520:516,517,518,519,521,522,:
521:514,515,516,517,518,519,520,522,523,524,525,527,:
522:516,518,519,520,521,523,524,525,526,527,:
523:518,521,522,524,525,526,527,709,725,:
524:514,521,522,523,525,526,527,709,:
525:521,522,523,524,526,527,708,709,713,724,725,726,727,:
526:522,523,524,525,527,707,708,709,713,714,724,725,727,:
527:521,522,523,524,525,526,528,529,533,709,724,725,726,727,:
528:527,529,530,531,532,533,534,537,538,725,726,731,732,751,:
529:527,528,530,531,532,533,725,726,731,732,744,746,751,:
530:528,529,531,532,533,534,535,536,537,538,539,732,751,:
531:528,529,530,532,533,534,535,537,538,539,540,541,542,544,545,546,750,751,:
532:528,529,530,531,533,534,535,537,538,539,540,545,546,732,746,747,749,750,751,752,754,:
533:527,528,529,530,531,532,534,535,536,537,538,725,726,732,:
534:62,528,530,531,532,533,535,536,:
535:62,530,531,532,533,534,536,537,538,540,541,:
536:515,530,533,534,535,713,:
537:528,530,531,532,533,535,538,539,540,541,542,543,544,545,546,751,:
538:516,518,528,530,531,532,533,535,537,539,540,541,542,544,:
539:530,531,532,537,538,540,541,542,543,544,545,546,547,751,754,:
540:191,192,531,532,535,537,538,539,541,542,543,544,545,546,547,548,550,554,555,754,:
541:190,191,192,531,535,537,538,539,540,542,543,545,546,547,548,555,:
542:531,537,538,539,540,541,543,544,545,546,:
543:537,539,540,541,542,544,545,546,:
544:531,537,538,539,540,542,543,:
545:191,192,531,532,537,539,540,541,542,543,546,547,548,549,550,551,554,555,751,753,754,:
546:531,532,537,539,540,541,542,543,545,547,548,549,550,554,750,751,752,753,754,759,:
547:191,192,539,540,541,545,546,548,549,550,551,552,553,554,555,556,564,754,:
548:191,192,540,541,545,546,547,549,550,551,552,554,555,556,557,559,563,564,569,754,:
549:545,546,547,548,550,551,552,554,555,556,557,558,563,564,568,569,572,573,754,761,:
550:540,545,546,547,548,549,551,552,553,554,555,564,:
551:8,54,58,61,62,195,545,547,548,549,550,552,553,554,564,573,:
552:8,58,183,192,194,195,196,547,548,549,550,551,553,554,555,563,564,565,566,568,569,:
553:3,4,8,10,50,54,58,61,62,547,550,551,552,573,:
554:186,191,192,540,545,546,547,548,549,550,551,552,555,556,557,558,559,560,561,562,563,564,569,:
555:185,186,187,190,191,192,193,195,540,541,545,547,548,549,550,552,554,556,557,559,560,561,562,563,564,:
556:186,191,547,548,549,554,555,557,558,559,560,561,562,563,564,565,569,:
557:168,186,548,549,554,555,556,558,559,560,561,562,563,564,565,566,568,569,:
558:168,549,554,556,557,559,560,561,563,564,565,566,568,569,:
559:168,186,191,548,554,555,556,557,558,560,561,562,563,564,:
560:167,168,176,178,179,185,186,190,191,193,554,555,556,557,558,559,561,562,563,564,:
561:167,168,176,178,179,185,186,554,555,556,557,558,559,560,562,563,564,565,:
562:186,191,193,554,555,556,557,559,560,561,:
563:168,178,183,186,548,549,552,554,555,556,557,558,559,560,561,564,565,566,567,568,569,:
564:58,178,179,182,183,185,186,192,195,547,548,549,550,551,552,554,555,556,557,558,559,560,561,563,565,566,568,569,:
565:57,58,92,162,182,183,552,556,557,558,561,563,564,566,567,568,569,570,:
566:50,57,58,90,92,552,557,558,563,564,565,567,568,569,570,571,573,:
567:1,2,7,13,24,42,43,50,57,58,78,90,92,563,565,566,568,569,570,573,:
568:50,549,552,557,558,563,564,565,566,567,569,570,571,572,573,574,575,:
569:548,549,552,554,556,557,558,563,564,565,566,567,568,570,571,572,573,574,765,:
570:22,23,24,30,31,50,84,565,566,567,568,569,571,572,573,574,575,576,583,:
571:30,31,82,84,566,568,569,570,572,573,574,575,576,577,579,580,582,583,764,765,:
572:84,549,568,569,570,571,573,574,575,576,577,578,582,583,761,762,764,765,766,769,:
573:30,33,50,82,84,549,551,553,566,567,568,569,570,571,572,574,575,583,:
574:22,26,30,31,77,82,83,84,568,569,570,571,572,573,575,576,577,578,579,580,581,582,583,765,:
575:22,23,26,30,31,77,82,83,84,568,570,571,572,573,574,576,577,579,580,581,582,583,:
576:31,82,83,84,570,571,572,574,575,577,578,579,580,581,582,583,584,765,769,:
577:30,82,83,84,571,572,574,575,576,578,579,580,582,583,584,585,586,587,588,589,764,765,769,771,777,:
578:572,574,576,577,579,582,583,584,585,587,588,589,764,765,766,767,769,770,771,776,777,:
579:31,125,571,574,575,576,577,578,580,581,582,583,588,589,590,591,592,593,:
580:26,31,123,124,125,126,571,574,575,576,577,579,581,:
581:31,123,124,125,126,129,574,575,576,579,580,594,:
582:30,82,83,84,571,572,574,575,576,577,578,579,583,584,585,586,587,588,589,590,596,597,765,771,777,:
583:29,30,33,77,82,83,84,570,571,572,573,574,575,576,577,578,579,582,584,585,586,587,588,590,596,765,:
584:30,82,83,84,576,577,578,582,583,585,586,587,588,589,590,596,597,598,643,771,776,777,:
585:30,82,83,577,578,582,583,584,586,587,588,596,597,598,599,600,601,602,643,759,760,771,776,777,:
586:30,33,82,84,577,582,583,584,585,587,596,597,598,599,748,759,760,761,762,765,:
587:30,34,82,83,577,578,582,583,584,585,586,588,589,590,591,592,596,597,642,643,661,777,:
588:30,82,83,577,578,579,582,583,584,585,587,589,590,591,592,593,597,661,663,:
589:577,578,579,582,584,587,588,590,591,592,593,594,595,641,644,777,:
590:30,34,77,82,83,579,582,583,584,587,588,589,591,592,593,594,661,663,:
591:579,587,588,589,590,592,593,594,595,:
592:77,83,579,587,588,589,590,591,593,594,595,661,663,:
593:579,588,589,590,591,592,594,595,:
594:129,581,589,590,591,592,593,595,:
595:126,129,589,591,592,593,594,:
596:82,582,583,584,585,586,587,597,598,599,600,601,602,603,605,606,643,760,777,:
597:82,582,584,585,586,587,588,596,598,599,600,601,602,642,643,645,647,655,776,777,:
598:584,585,586,596,597,599,600,601,602,603,604,605,606,607,748,760,:
599:585,586,596,597,598,600,601,602,603,605,606,607,608,609,610,655,748,:
600:34,585,596,597,598,599,601,603,605,606,607,608,610,643,647,648,650,652,654,655,656,658,:
601:585,596,597,598,599,600,602,603,604,605,606,:
602:585,596,597,598,599,601,603,604,760,775,780,:
603:596,598,599,600,601,602,604,605,606,748,:
604:598,601,602,603,780,784,:
605:596,598,599,600,601,603,606,607,608,609,610,611,612,613,614,655,745,748,:
606:596,598,599,600,601,603,605,607,608,609,610,611,612,744,745,746,747,748,749,:
607:598,599,600,605,606,608,609,610,611,612,613,614,615,655,657,658,745,:
608:599,600,605,606,607,609,610,611,612,613,614,615,616,617,658,740,744,745,:
609:599,605,606,607,608,610,611,612,613,614,615,730,731,733,734,736,740,744,745,748,:
610:33,34,599,600,605,606,607,608,609,611,612,613,614,655,657,658,671,672,676,745,:
611:33,605,606,607,608,609,610,612,613,676,679,744,745,746,749,:
612:605,606,607,608,609,610,611,613,614,615,672,676,679,731,744,745,746,749,:
613:605,607,608,609,610,611,612,614,615,616,617,658,672,740,745,:
614:605,607,608,609,610,612,613,615,616,617,657,658,667,672,:
615:607,608,609,612,613,614,616,617,672,736,740,:
616:608,613,614,615,617,671,672,675,:
617:608,613,614,615,616,658,667,668,671,672,673,674,675,:
618:619,620,621,622,623,624,625,626,:
619:618,620,621,623,624,626,:
620:618,619,621,622,623,624,625,626,:
621:618,619,620,622,623,624,662,:
622:618,620,621,623,662,664,:
623:618,619,620,621,622,624,625,626,627,628,:
624:618,619,620,621,623,625,626,627,628,629,:
625:618,620,623,624,626,627,628,629,:
626:618,619,620,623,624,625,627,628,629,:
627:623,624,625,626,628,629,:
628:623,624,625,626,627,629,:
629:624,625,626,627,628,:
630:631,632,633,634,635,636,638,639,640,:
631:630,632,633,634,635,636,638,:
632:630,631,633,634,635,636,637,638,639,640,641,646,:
633:630,631,632,634,635,636,639,640,641,642,644,645,646,:
634:630,631,632,633,635,639,640,641,642,645,646,649,663,:
635:630,631,632,633,634,636,637,638,639,640,646,:
636:630,631,632,633,635,637,638,:
637:632,635,636,638,:
638:630,631,632,635,636,637,:
639:630,632,633,634,635,640,641,642,643,644,645,646,:
640:630,632,633,634,635,639,641,642,643,644,645,646,:
641:589,632,633,634,639,640,642,643,644,645,646,647,:
642:587,597,633,634,639,640,641,643,644,645,646,647,648,650,651,:
643:584,585,587,596,597,600,639,640,641,642,644,645,646,647,650,651,776,777,:
644:589,633,639,640,641,642,643,645,776,777,778,:
645:597,633,634,639,640,641,642,643,644,646,647,648,649,650,651,652,654,655,661,:
646:632,633,634,635,639,640,641,642,643,645,647,648,649,650,651,654,:
647:597,600,641,642,643,645,646,648,649,650,651,652,653,654,655,656,:
648:600,642,645,646,647,649,650,651,652,654,655,656,657,658,659,660,661,:
649:634,645,646,647,648,650,652,654,655,656,659,660,661,:
650:600,642,643,645,646,647,648,649,651,652,653,654,655,:
651:642,643,645,646,647,648,650,652,653,:
652:600,645,647,648,649,650,651,653,654,655,:
653:647,650,651,652,:
654:600,645,646,647,648,649,650,652,655,656,657,658,659,660,661,665,666,:
655:34,597,599,600,605,607,610,645,647,648,649,650,652,654,656,657,658,659,660,661,:
656:600,647,648,649,654,655,657,658,659,660,661,662,665,666,667,:
657:607,610,614,648,654,655,656,658,659,660,665,666,667,668,669,670,671,672,:
658:600,607,608,610,613,614,617,648,654,655,656,657,659,665,666,667,668,671,672,:
659:34,80,648,649,654,655,656,657,658,660,661,662,663,664,665,666,:
660:34,80,648,649,654,655,656,657,659,661,662,663,664,666,:
661:34,587,588,590,592,645,648,649,654,655,656,659,660,662,663,664,:
662:621,622,656,659,660,661,663,664,:
663:588,590,592,634,659,660,661,662,664,:
664:622,659,660,661,662,663,:
665:654,656,657,658,659,666,667,668,669,670,671,672,:
666:654,656,657,658,659,660,665,667,668,669,670,:
667:614,617,656,657,658,665,666,668,669,670,671,672,673,:
668:617,657,658,665,666,667,669,670,671,672,673,674,676,:
669:657,665,666,667,668,670,671,672,673,676,:
670:657,665,666,667,668,669,671,672,:
671:610,616,617,657,658,665,667,668,669,670,672,673,674,675,676,677,680,681,:
672:610,612,613,614,615,616,617,657,658,665,667,668,669,670,671,673,674,675,676,680,:
673:617,667,668,669,671,672,674,675,676,677,680,681,682,:
674:617,668,671,672,673,675,676,677,680,681,682,683,685,686,687,689,690,:
675:616,617,671,672,673,674,676,677,680,681,682,683,687,689,690,697,723,:
676:81,610,611,612,668,669,671,672,673,674,675,677,678,679,680,681,:
677:81,297,298,671,673,674,675,676,678,679,680,681,697,:
678:20,76,81,296,297,676,677,679,697,:
679:10,60,61,76,611,612,676,677,678,697,749,:
680:671,672,673,674,675,676,677,681,682,683,684,685,686,687,688,689,690,:
681:671,673,674,675,676,677,680,682,683,684,685,686,687,688,:
682:673,674,675,680,681,683,684,685,686,687,688,689,690,691,:
683:674,675,680,681,682,684,685,686,689,690,691,692,693,694,698,:
684:298,680,681,682,683,685,689,690,691,692,698,704,:
685:674,680,681,682,683,684,686,687,688,689,690,:
686:674,680,681,682,683,685,687,688,:
687:674,675,680,681,682,685,686,688,:
688:680,681,682,685,686,687,:
689:674,675,680,682,683,684,685,690,691,692,693,694,695,696,697,698,704,:
690:674,675,680,682,683,684,685,689,691,692,693,694,695,697,720,:
691:682,683,684,689,690,692,693,694,695,696,697,698,699,704,:
692:683,684,689,690,691,693,694,695,696,698,699,700,701,702,703,704,715,716,:
693:683,689,690,691,692,694,696,698,699,700,701,704,714,715,716,717,:
694:683,689,690,691,692,693,695,696,697,698,716,:
695:59,60,64,689,690,691,692,694,696,697,:
696:64,689,691,692,693,694,695,697,698,701,704,710,714,715,716,:
697:60,675,677,678,679,689,690,691,694,695,696,727,:
698:683,684,689,691,692,693,694,696,699,700,701,702,703,704,:
699:691,692,693,698,700,701,702,703,704,:
700:692,693,698,699,701,702,703,704,706,714,715,718,:
701:692,693,696,698,699,700,702,704,705,706,714,715,716,718,:
702:692,698,699,700,701,703,704,:
703:692,698,699,700,702,704,:
704:684,689,691,692,693,696,698,699,700,701,702,703,:
705:701,706,707,708,709,710,711,712,713,714,715,:
706:700,701,705,707,708,710,711,712,714,715,:
707:526,705,706,708,709,710,711,712,713,714,715,716,:
708:525,526,705,706,707,709,710,711,713,714,715,716,717,718,:
709:523,524,525,526,527,705,707,708,710,713,714,715,716,717,718,724,:
710:696,705,706,707,708,709,711,712,713,714,715,:
711:486,705,706,707,708,710,712,713,:
712:483,485,486,487,705,706,707,710,711,713,:
713:525,526,536,705,707,708,709,710,711,712,714,:
714:526,693,696,700,701,705,706,707,708,709,710,713,715,716,717,718,:
715:692,693,696,700,701,705,706,707,708,709,710,714,716,717,718,:
716:692,693,694,696,701,707,708,709,714,715,717,718,719,720,:
717:693,708,709,714,715,716,718,:
718:700,701,708,709,714,715,716,717,:
719:716,720,721,722,723,724,725,727,728,729,:
720:690,716,719,721,722,723,724,727,728,:
721:719,720,722,723,724,725,726,727,728,729,730,732,:
722:719,720,721,723,724,725,726,727,728,729,730,731,732,733,:
723:675,719,720,721,722,724,726,727,728,729,730,731,732,:
724:525,526,527,709,719,720,721,722,723,725,726,727,728,729,732,:
725:523,525,526,527,528,529,533,719,721,722,724,726,727,728,729,731,732,:
726:525,527,528,529,533,721,722,723,724,725,727,728,729,730,731,732,:
727:525,526,527,697,719,720,721,722,723,724,725,726,728,732,:
728:719,720,721,722,723,724,725,726,727,729,730,731,732,733,734,735,744,745,:
729:719,721,722,723,724,725,726,728,730,731,732,733,734,735,:
730:609,721,722,723,726,728,729,731,732,733,734,735,736,744,745,746,:
731:528,529,609,612,722,723,725,726,728,729,730,732,733,734,744,745,746,747,748,749,:
732:528,529,530,532,533,721,722,723,724,725,726,727,728,729,730,731,733,744,745,746,747,749,:
733:609,722,728,729,730,731,732,734,735,736,737,739,740,744,745,:
734:609,728,729,730,731,733,735,736,737,738,739,740,741,742,:
735:728,729,730,733,734,736,737,738,739,740,741,:
736:609,615,730,733,734,735,737,738,739,740,741,742,743,:
737:733,734,735,736,738,739,740,741,743,:
738:734,735,736,737,739,741,:
739:733,734,735,736,737,738,740,741,742,743,:
740:608,609,613,615,733,734,735,736,737,739,741,742,743,:
741:734,735,736,737,738,739,740,742,743,:
742:734,736,739,740,741,743,:
743:736,737,739,740,741,742,:
744:529,606,608,609,611,612,728,730,731,732,733,745,746,747,748,749,750,751,:
745:605,606,607,608,609,610,611,612,613,728,730,731,732,733,744,746,747,748,749,750,:
746:529,532,606,611,612,730,731,732,744,745,747,748,749,750,751,752,:
747:532,606,731,732,744,745,746,748,749,750,751,752,753,755,756,759,760,:
748:586,598,599,603,605,606,609,731,744,745,746,747,749,750,751,752,753,755,759,760,:
749:532,606,611,612,679,731,732,744,745,746,747,748,750,751,:
750:531,532,546,744,745,746,747,748,749,751,752,753,754,755,756,758,759,760,:
751:528,529,530,531,532,537,539,545,546,744,746,747,748,749,750,752,753,754,755,756,759,:
752:532,546,746,747,748,750,751,753,754,755,756,757,758,759,760,761,:
753:545,546,747,748,750,751,752,754,755,756,759,760,761,762,763,:
754:532,539,540,545,546,547,548,549,750,751,752,753,755,759,760,761,762,763,:
755:747,748,750,751,752,753,754,756,757,758,759,760,784,785,:
756:747,750,751,752,753,755,757,758,:
757:752,755,756,758,:
758:750,752,755,756,757,786,:
759:546,585,586,747,748,750,751,752,753,754,755,760,761,762,763,764,765,780,:
760:585,586,596,598,602,747,748,750,752,753,754,755,759,761,762,763,764,780,:
761:549,572,586,752,753,754,759,760,762,763,764,765,766,:
762:572,586,753,754,759,760,761,763,764,765,766,767,769,770,771,779,780,:
763:753,754,759,760,761,762,764,765,766,767,768,770,771,773,779,780,781,782,784,:
764:571,572,577,578,759,760,761,762,763,765,766,767,768,769,770,771,780,:
765:569,571,572,574,576,577,578,582,583,586,759,761,762,763,764,766,767,769,770,771,:
766:572,578,761,762,763,764,765,767,768,769,770,771,772,780,:
767:578,762,763,764,765,766,768,769,770,771,772,773,774,775,777,779,780,:
768:763,764,766,767,769,770,771,772,773,774,779,780,782,:
769:151,572,576,577,578,762,764,765,766,767,768,770,771,:
770:578,762,763,764,765,766,767,768,769,771,772,773,774,775,776,777,778,779,780,:
771:577,578,582,584,585,762,763,764,765,766,767,768,769,770,772,773,775,776,777,779,780,:
772:766,767,768,770,771,773,774,775,776,777,778,779,780,781,:
773:763,767,768,770,771,772,774,775,776,777,778,779,780,781,782,783,784,:
774:767,768,770,772,773,775,778,779,780,781,782,783,:
775:602,767,770,771,772,773,774,776,777,778,779,780,:
776:578,584,585,597,643,644,770,771,772,773,775,777,778,:
777:577,578,582,584,585,587,589,596,597,643,644,767,770,771,772,773,775,776,778,780,:
778:644,770,772,773,774,775,776,777,779,:
779:762,763,767,768,770,771,772,773,774,775,778,780,781,782,783,784,785,:
780:602,604,759,760,762,763,764,766,767,768,770,771,772,773,774,775,777,779,781,782,784,:
781:763,772,773,774,779,780,782,783,784,785,786,787,:
782:763,768,773,774,779,780,781,783,784,785,787,:
783:773,774,779,781,782,784,785,787,:
784:604,755,763,773,779,780,781,782,783,785,786,787,788,789,:
785:755,779,781,782,783,784,786,787,788,789,790,:
786:758,781,784,785,787,788,789,790,:
787:781,782,783,784,785,786,788,789,790,:
788:784,785,786,787,789,790,:
789:784,785,786,787,788,790,:
790:785,786,787,788,789,:
