1:2,3,5,6,7,8,12,22,23,24,25,26,147,181,:
2:1,3,5,6,7,8,10,11,12,21,22,23,24,25,26,28,29,35,:
3:1,2,5,6,8,12,22,23,24,25,26,108,109,110,147,179,180,181,:
4:7,9,13,14,17,20,30,34,291,:
5:1,2,3,6,7,8,11,12,20,21,22,23,24,25,26,34,35,181,:
6:1,2,3,5,7,9,12,17,20,21,22,23,24,25,26,34,35,:
7:1,2,4,5,6,9,13,17,20,21,23,24,25,26,27,34,35,:
8:1,2,3,5,10,11,12,23,24,28,29,179,180,181,294,:
9:4,6,7,13,14,17,20,21,27,30,35,423,424,:
10:2,8,11,12,15,16,18,19,23,28,29,32,180,392,:
11:2,5,8,10,12,15,16,18,23,28,29,409,:
12:1,2,3,5,6,8,10,11,16,23,24,28,29,179,180,181,:
13:4,7,9,14,17,20,21,27,30,34,35,293,:
14:4,9,13,17,20,21,27,30,326,:
15:10,11,16,18,19,28,29,31,32,33,386,387,389,390,392,393,394,403,408,409,:
16:10,11,12,15,18,19,28,29,31,32,33,392,394,:
17:4,6,7,9,13,14,20,21,27,30,34,293,:
18:10,11,15,16,19,28,29,31,32,33,262,394,:
19:10,15,16,18,31,32,33,361,394,471,473,:
20:4,5,6,7,9,13,14,17,21,24,25,26,30,34,35,293,:
21:2,5,6,7,9,13,14,17,20,23,24,25,26,27,34,35,424,:
22:1,2,3,5,6,24,25,26,110,147,181,:
23:1,2,3,5,6,7,8,10,11,12,21,24,25,26,29,35,408,409,:
24:1,2,3,5,6,7,8,12,20,21,22,23,25,26,34,35,181,293,294,:
25:1,2,3,5,6,7,20,21,22,23,24,26,34,35,:
26:1,2,3,5,6,7,20,21,22,23,24,25,34,35,:
27:7,9,13,14,17,21,30,35,423,424,441,:
28:2,8,10,11,12,15,16,18,29,179,180,181,260,261,262,:
29:2,8,10,11,12,15,16,18,23,28,389,392,403,408,409,:
30:4,9,13,14,17,20,27,297,326,:
31:15,16,18,19,32,33,242,359,360,361,471,472,473,:
32:10,15,16,18,19,31,33,361,380,386,393,394,457,471,473,:
33:15,16,18,19,31,32,242,393,394,398,399,400,401,471,473,:
34:4,5,6,7,13,17,20,21,24,25,26,:
35:2,5,6,7,9,13,20,21,23,24,25,26,27,414,423,424,:
36:37,38,39,40,41,42,43,:
37:36,38,39,40,41,42,43,44,45,:
38:36,37,39,40,41,42,43,44,48,:
39:36,37,38,40,41,42,44,48,:
40:36,37,38,39,41,42,44,48,121,:
41:36,37,38,39,40,42,43,44,45,47,48,:
42:36,37,38,39,40,41,43,44,45,46,47,48,49,50,416,:
43:36,37,38,41,42,44,45,46,47,48,49,415,416,:
44:37,38,39,40,41,42,43,45,46,47,48,49,50,51,416,417,:
45:37,41,42,43,44,46,47,48,49,51,415,416,:
46:42,43,44,45,47,49,:
47:41,42,43,44,45,46,48,49,50,51,120,121,415,416,417,:
48:38,39,40,41,42,43,44,45,47,49,50,51,416,417,:
49:42,43,44,45,46,47,48,50,51,117,118,119,120,121,417,:
50:42,44,47,48,49,51,62,64,117,119,410,417,:
51:44,45,47,48,49,50,116,117,118,119,120,121,407,410,417,:
52:53,54,55,56,57,58,60,:
53:52,54,55,56,57,58,60,:
54:52,53,55,56,57,58,59,60,:
55:52,53,54,56,57,58,:
56:52,53,54,55,57,:
57:52,53,54,55,56,58,59,60,61,62,:
58:52,53,54,55,57,59,60,61,62,63,:
59:54,57,58,60,61,62,63,64,65,:
60:52,53,54,57,58,59,61,62,63,64,:
61:57,58,59,60,62,63,64,65,:
62:50,57,58,59,60,61,63,64,65,:
63:58,59,60,61,62,64,65,:
64:50,59,60,61,62,63,65,410,:
65:59,61,62,63,64,213,397,410,:
66:67,68,69,70,71,72,73,377,381,382,383,:
67:66,68,69,70,71,72,73,377,381,382,383,:
68:66,67,69,70,71,72,73,377,382,383,:
69:66,67,68,70,71,72,401,:
70:66,67,68,69,71,382,383,401,:
71:66,67,68,69,70,72,73,376,377,380,382,383,401,467,468,:
72:66,67,68,69,71,73,373,374,376,377,380,382,465,467,468,:
73:66,67,68,71,72,373,376,377,465,467,468,:
74:75,76,77,78,79,80,152,155,:
75:74,76,77,78,79,151,152,153,154,155,:
76:74,75,77,78,79,80,81,83,152,:
77:74,75,76,78,79,80,152,:
78:74,75,76,77,79,144,151,152,153,155,156,:
79:74,75,76,77,78,80,81,82,83,159,:
80:74,76,77,79,81,82,83,84,86,:
81:76,79,80,82,83,84,85,86,87,88,89,:
82:79,80,81,83,84,85,86,87,88,89,90,159,:
83:76,79,80,81,82,84,85,86,88,89,90,158,159,160,:
84:80,81,82,83,85,86,87,88,89,90,159,:
85:81,82,83,84,86,87,88,89,90,:
86:80,81,82,83,84,85,87,88,90,:
87:81,82,84,85,86,88,89,90,:
88:81,82,83,84,85,86,87,89,90,99,158,159,160,:
89:81,82,83,84,85,87,88,90,157,158,159,160,:
90:82,83,84,85,86,87,88,89,99,159,160,:
91:92,93,94,95,96,97,141,144,:
92:91,93,94,95,96,140,141,142,143,144,:
93:91,92,94,95,96,97,98,99,141,144,:
94:91,92,93,95,96,97,98,100,101,140,141,:
95:91,92,93,94,96,97,100,101,126,130,131,133,140,141,142,144,:
96:91,92,93,94,95,97,98,99,141,:
97:91,93,94,95,96,98,99,:
98:93,94,96,97,99,:
99:88,90,93,96,97,98,160,:
100:94,95,101,102,103,104,105,106,107,112,126,:
101:94,95,100,102,103,105,106,107,108,112,123,125,126,130,:
102:100,101,103,104,105,106,107,108,112,:
103:100,101,102,104,105,106,107,111,112,123,:
104:100,102,103,105,106,107,111,112,118,120,:
105:100,101,102,103,104,106,107,108,109,110,112,:
106:100,101,102,103,104,105,107,108,109,110,112,118,123,126,:
107:100,101,102,103,104,105,106,108,109,110,111,112,113,114,116,117,118,122,123,125,126,:
108:3,101,102,105,106,107,109,110,123,146,147,148,149,:
109:3,105,106,107,108,110,123,146,147,148,149,:
110:3,22,105,106,107,108,109,146,147,148,149,:
111:103,104,107,112,113,114,115,116,117,118,119,122,123,:
112:100,101,102,103,104,105,106,107,111,113,114,115,116,117,118,122,123,124,126,:
113:107,111,112,114,115,116,117,118,119,122,123,124,:
114:107,111,112,113,115,116,117,122,123,124,125,126,127,:
115:111,112,113,114,116,122,123,124,127,:
116:51,107,111,112,113,114,115,117,118,119,120,121,122,123,:
117:49,50,51,107,111,112,113,114,116,118,119,120,121,:
118:49,51,104,106,107,111,112,113,116,117,119,120,121,:
119:49,50,51,111,113,116,117,118,120,121,:
120:47,49,51,104,116,117,118,119,121,:
121:40,47,49,51,116,117,118,119,120,:
122:107,111,112,113,114,115,116,123,124,125,126,127,128,129,:
123:101,103,106,107,108,109,111,112,113,114,115,116,122,124,125,126,127,128,:
124:112,113,114,115,122,123,125,126,127,128,129,130,:
125:101,107,114,122,123,124,126,127,128,129,130,131,132,133,:
126:95,100,101,106,107,112,114,122,123,124,125,127,128,129,130,131,133,:
127:114,115,122,123,124,125,126,128,129,:
128:122,123,124,125,126,127,129,130,131,132,133,134,135,140,141,150,:
129:122,124,125,126,127,128,130,131,132,133,134,135,136,137,:
130:95,101,124,125,126,128,129,131,132,133,134,135,136,140,141,142,150,:
131:95,125,126,128,129,130,132,133,134,136,140,141,142,143,145,146,148,149,150,:
132:125,128,129,130,131,133,134,136,138,140,141,142,143,148,149,150,184,187,:
133:95,125,126,128,129,130,131,132,134,135,136,137,138,140,141,:
134:128,129,130,131,132,133,135,136,137,138,139,:
135:128,129,130,133,134,136,137,138,139,:
136:129,130,131,132,133,134,135,137,138,139,:
137:129,133,134,135,136,138,139,:
138:132,133,134,135,136,137,139,:
139:134,135,136,137,138,:
140:92,94,95,128,130,131,132,133,141,142,143,144,145,146,148,149,150,:
141:91,92,93,94,95,96,128,130,131,132,133,140,142,143,144,145,146,148,150,:
142:92,95,130,131,132,140,141,143,144,145,146,147,148,149,150,:
143:92,131,132,140,141,142,144,145,146,150,151,152,:
144:78,91,92,93,95,140,141,142,143,145,151,152,:
145:131,140,141,142,143,144,146,147,148,149,150,:
146:108,109,110,131,140,141,142,143,145,147,148,149,150,177,178,:
147:1,3,22,108,109,110,142,145,146,148,149,150,177,178,179,180,181,:
148:108,109,110,131,132,140,141,142,145,146,147,149,150,178,187,188,189,:
149:108,109,110,131,132,140,142,145,146,147,148,150,180,187,188,189,:
150:128,130,131,132,140,141,142,143,145,146,147,148,149,184,187,188,:
151:75,78,143,144,152,153,154,155,156,157,:
152:74,75,76,77,78,143,144,151,153,154,155,156,157,:
153:75,78,151,152,154,155,156,157,158,165,:
154:75,151,152,153,155,156,157,165,:
155:74,75,78,151,152,153,154,156,:
156:78,151,152,153,154,155,157,158,159,160,:
157:89,151,152,153,154,156,158,159,160,:
158:83,88,89,153,156,157,159,160,:
159:79,82,83,84,88,89,90,156,157,158,160,:
160:83,88,89,90,99,156,157,158,159,:
161:162,163,164,165,166,167,168,170,171,259,:
162:161,163,164,166,168,170,171,258,259,263,265,:
163:161,162,164,165,166,167,168,169,170,171,172,259,:
164:161,162,163,165,166,167,168,170,171,172,173,175,176,:
165:153,154,161,163,164,166,167,170,171,172,175,:
166:161,162,163,164,165,167,168,169,170,171,:
167:161,163,164,165,166,168,169,170,:
168:161,162,163,164,166,167,169,170,171,259,:
169:163,166,167,168,288,289,:
170:161,162,163,164,165,166,167,168,171,172,173,174,175,176,259,:
171:161,162,163,164,165,166,168,170,172,173,174,175,176,255,256,257,258,259,260,:
172:163,164,165,170,171,173,174,175,176,177,178,:
173:164,170,171,172,174,175,176,177,178,256,:
174:170,171,172,173,175,176,177,178,239,248,249,255,256,257,259,260,262,:
175:164,165,170,171,172,173,174,176,177,178,179,:
176:164,170,171,172,173,174,175,177,178,179,180,181,:
177:146,147,172,173,174,175,176,178,179,180,181,189,262,:
178:146,147,148,172,173,174,175,176,177,179,180,181,182,187,188,189,191,262,:
179:3,8,12,28,147,175,176,177,178,180,181,189,191,262,:
180:3,8,10,12,28,147,149,176,177,178,179,181,188,189,191,262,:
181:1,3,5,8,12,22,24,28,147,176,177,178,179,180,:
182:178,183,184,185,186,187,188,189,190,236,239,:
183:182,184,185,186,187,188,189,190,191,235,236,237,238,239,:
184:132,150,182,183,185,186,187,188,189,190,:
185:182,183,184,186,187,188,189,190,236,:
186:182,183,184,185,187,188,190,235,236,237,239,:
187:132,148,149,150,178,182,183,184,185,186,188,189,190,191,192,:
188:148,149,150,178,180,182,183,184,185,186,187,189,190,191,192,:
189:148,149,177,178,179,180,182,183,184,185,187,188,190,191,192,239,:
190:182,183,184,185,186,187,188,189,191,192,203,:
191:178,179,180,183,187,188,189,190,192,240,262,:
192:187,188,189,190,191,203,240,242,:
193:194,195,196,197,198,199,200,201,226,229,:
194:193,195,196,197,198,199,201,225,226,227,228,229,:
195:193,194,196,197,198,199,200,201,226,:
196:193,194,195,197,198,199,226,:
197:193,194,195,196,198,225,226,229,:
198:193,194,195,196,197,199,200,201,202,203,:
199:193,194,195,196,198,200,201,202,203,210,211,212,213,:
200:193,195,198,199,201,202,203,211,212,213,:
201:193,194,195,198,199,200,202,203,210,211,212,242,244,:
202:198,199,200,201,203,211,212,213,399,400,:
203:190,192,198,199,200,201,202,211,212,213,242,244,399,400,:
204:205,206,207,208,209,210,214,215,218,232,233,:
205:204,206,207,209,210,214,215,230,231,232,233,234,:
206:204,205,207,208,209,210,211,214,215,216,233,:
207:204,205,206,208,209,210,214,215,216,217,218,219,233,:
208:204,206,207,209,214,215,216,217,218,:
209:204,205,206,207,208,210,211,212,213,214,215,233,:
210:199,201,204,205,206,207,209,211,212,213,400,:
211:199,200,201,202,203,206,209,210,212,213,398,399,400,:
212:199,200,201,202,203,209,210,211,213,242,244,245,398,399,400,401,:
213:65,199,200,202,203,209,210,211,212,398,399,400,:
214:204,205,206,207,208,209,215,216,217,218,219,220,221,232,233,234,:
215:204,205,206,207,208,209,214,216,217,218,219,220,221,223,232,233,234,:
216:206,207,208,214,215,217,218,219,220,221,222,233,:
217:207,208,214,215,216,218,219,220,:
218:204,207,208,214,215,216,217,219,233,:
219:207,214,215,216,217,218,220,221,222,223,224,233,:
220:214,215,216,217,219,221,222,223,224,234,:
221:214,215,216,219,220,222,223,224,232,233,234,:
222:216,219,220,221,223,224,:
223:215,219,220,221,222,224,234,466,469,470,472,473,:
224:219,220,221,222,223,:
225:194,197,226,227,228,229,230,231,:
226:193,194,195,196,197,225,227,228,229,230,:
227:194,225,226,228,229,230,231,232,:
228:194,225,226,227,229,230,231,:
229:193,194,197,225,226,227,228,230,231,236,:
230:205,225,226,227,228,229,231,232,233,234,:
231:205,225,227,228,229,230,232,233,234,243,245,:
232:204,205,214,215,221,227,230,231,233,234,245,:
233:204,205,206,207,209,214,215,216,218,219,221,230,231,232,234,:
234:205,214,215,220,221,223,230,231,232,233,243,244,245,:
235:183,186,236,237,238,239,240,241,243,246,247,:
236:182,183,185,186,229,235,237,238,239,240,241,246,:
237:183,186,235,236,238,239,240,241,242,243,246,247,248,366,:
238:183,235,236,237,239,240,241,246,247,248,249,250,251,252,255,256,366,:
239:174,182,183,186,189,235,236,237,238,240,246,247,248,249,255,256,:
240:191,192,235,236,237,238,239,241,242,243,244,245,246,247,360,:
241:235,236,237,238,240,242,243,244,245,473,:
242:31,33,192,201,203,212,237,240,241,243,244,245,400,473,:
243:231,234,235,237,240,241,242,244,245,472,473,:
244:201,203,212,234,240,241,242,243,245,400,473,:
245:212,231,232,234,240,241,242,243,244,472,473,:
246:235,236,237,238,239,240,247,248,249,250,251,252,253,255,256,363,366,:
247:235,237,238,239,240,246,248,249,250,251,252,253,255,360,362,363,364,365,366,:
248:174,237,238,239,246,247,249,250,251,252,253,254,255,256,257,363,366,:
249:174,238,239,246,247,248,250,251,252,255,256,257,258,259,260,262,270,272,363,:
250:238,246,247,248,249,251,255,256,257,258,263,264,270,272,352,356,357,360,362,363,366,:
251:238,246,247,248,249,250,252,253,254,255,256,272,363,366,:
252:238,246,247,248,249,251,253,254,:
253:246,247,248,251,252,254,:
254:248,251,252,253,:
255:171,174,238,239,246,247,248,249,250,251,256,257,258,259,260,261,262,263,264,:
256:171,173,174,238,239,246,248,249,250,251,255,257,258,259,260,262,:
257:171,174,248,249,250,255,256,258,259,260,261,262,263,264,265,270,:
258:162,171,249,250,255,256,257,259,260,261,262,263,264,265,266,267,268,269,270,352,:
259:161,162,163,168,170,171,174,249,255,256,257,258,260,261,263,264,265,266,268,269,270,:
260:28,171,174,249,255,256,257,258,259,261,262,263,264,:
261:28,255,257,258,259,260,262,263,264,:
262:18,28,174,177,178,179,180,191,249,255,256,257,258,260,261,:
263:162,250,255,257,258,259,260,261,264,265,266,267,268,269,270,349,352,:
264:250,255,257,258,259,260,261,263,265,266,267,268,269,270,348,349,351,352,354,356,:
265:162,257,258,259,263,264,266,267,268,269,270,271,349,352,:
266:258,259,263,264,265,267,268,269,348,349,352,:
267:258,263,264,265,266,268,341,342,344,347,348,349,350,351,352,:
268:258,259,263,264,265,266,267,269,270,271,272,273,349,352,:
269:258,259,263,264,265,266,268,270,271,272,273,352,:
270:249,250,257,258,259,263,264,265,268,269,271,272,273,352,363,:
271:265,268,269,270,272,273,:
272:249,250,251,268,269,270,271,273,363,:
273:268,269,270,271,272,:
274:275,276,277,278,279,280,281,283,284,:
275:274,276,277,278,279,280,281,283,301,305,314,:
276:274,275,277,278,279,280,281,282,283,284,285,301,:
277:274,275,276,278,279,280,281,283,284,285,286,287,288,295,296,300,301,314,:
278:274,275,276,277,279,280,281,283,284,285,286,287,295,296,300,301,302,303,305,313,314,315,318,:
279:274,275,276,277,278,280,281,282,283,284,296,301,:
280:274,275,276,277,278,279,281,282,283,284,295,296,300,301,310,:
281:274,275,276,277,278,279,280,282,283,284,286,295,296,297,298,300,301,302,305,306,310,311,314,:
282:276,279,280,281,301,309,310,311,:
283:274,275,276,277,278,279,280,281,284,285,286,287,288,289,295,296,301,314,:
284:274,276,277,278,279,280,281,283,285,286,288,295,296,:
285:276,277,278,283,284,286,287,288,289,290,291,295,296,297,301,314,:
286:277,278,281,283,284,285,287,288,289,290,291,295,296,297,298,299,300,301,313,314,320,:
287:277,278,283,285,286,288,289,290,291,295,296,297,298,299,300,301,303,313,314,315,316,318,319,320,324,325,326,:
288:169,277,283,284,285,286,287,289,290,291,292,293,295,296,:
289:169,283,285,286,287,288,290,291,292,293,294,295,296,:
290:285,286,287,288,289,291,292,293,294,347,:
291:4,285,286,287,288,289,290,292,293,294,295,:
292:288,289,290,291,293,294,346,347,:
293:13,17,20,24,288,289,290,291,292,294,325,:
294:8,24,289,290,291,292,293,325,:
295:277,278,280,281,283,284,285,286,287,288,289,291,296,297,298,299,300,301,314,:
296:277,278,279,280,281,283,284,285,286,287,288,289,295,297,298,300,301,:
297:30,281,285,286,287,295,296,298,299,300,301,302,314,320,:
298:281,286,287,295,296,297,299,300,301,302,303,305,313,314,320,326,338,:
299:286,287,295,297,298,300,301,302,303,304,313,314,319,320,326,328,333,334,336,337,338,:
300:277,278,280,281,286,287,295,296,297,298,299,301,302,303,304,305,306,307,310,313,314,320,:
301:275,276,277,278,279,280,281,282,283,285,286,287,295,296,297,298,299,300,302,303,305,306,310,313,314,:
302:278,281,297,298,299,300,301,303,304,305,306,307,313,314,315,320,328,:
303:278,287,298,299,300,301,302,304,305,306,313,314,315,316,317,318,319,320,327,328,:
304:299,300,302,303,305,313,314,315,316,317,319,320,327,328,329,332,333,:
305:275,278,281,298,300,301,302,303,304,306,307,308,309,310,311,313,314,:
306:281,300,301,302,303,305,307,308,309,310,311,312,:
307:300,302,305,306,308,309,310,311,312,337,:
308:305,306,307,309,310,311,312,:
309:282,305,306,307,308,310,311,312,:
310:280,281,282,300,301,305,306,307,308,309,311,312,:
311:281,282,305,306,307,308,309,310,312,:
312:306,307,308,309,310,311,:
313:278,286,287,298,299,300,301,302,303,304,305,314,315,316,317,318,319,320,328,:
314:275,277,278,281,283,285,286,287,295,297,298,299,300,301,302,303,304,305,313,315,316,318,319,320,:
315:278,287,302,303,304,313,314,316,317,318,319,320,321,328,:
316:287,303,304,313,314,315,317,318,319,320,321,322,324,327,328,:
317:303,304,313,315,316,318,319,320,321,322,323,327,328,:
318:278,287,303,313,314,315,316,317,319,320,:
319:287,299,303,304,313,314,315,316,317,318,320,321,322,323,324,325,326,327,328,:
320:286,287,297,298,299,300,302,303,304,313,314,315,316,317,318,319,321,322,324,325,326,327,328,:
321:315,316,317,319,320,322,323,324,325,326,327,328,329,448,449,:
322:316,317,319,320,321,323,324,325,326,327,328,329,330,332,333,448,:
323:317,319,321,322,324,326,327,328,329,330,439,441,448,449,:
324:287,316,319,320,321,322,323,325,326,327,328,441,:
325:287,293,294,319,320,321,322,324,326,:
326:14,30,287,298,299,319,320,321,322,323,324,325,327,328,441,:
327:303,304,316,317,319,320,321,322,323,324,326,328,329,330,331,332,333,:
328:299,302,303,304,313,315,316,317,319,320,321,322,323,324,326,327,329,330,332,333,:
329:304,321,322,323,327,328,330,331,332,333,334,:
330:322,323,327,328,329,331,332,333,:
331:327,329,330,332,:
332:304,322,327,328,329,330,331,333,334,335,336,338,:
333:299,304,322,327,328,329,330,332,334,335,336,337,338,:
334:299,329,332,333,335,336,337,338,:
335:332,333,334,336,337,338,:
336:299,332,333,334,335,337,338,:
337:299,307,333,334,335,336,338,:
338:298,299,332,333,334,335,336,337,:
339:340,341,342,343,344,345,347,348,349,447,:
340:339,341,342,343,344,345,446,447,452,:
341:267,339,340,342,343,344,345,346,347,348,349,350,447,:
342:267,339,340,341,343,344,345,348,349,350,351,353,:
343:339,340,341,342,344,348,349,350,353,447,452,453,:
344:267,339,340,341,342,343,345,346,347,348,349,447,:
345:339,340,341,342,344,346,347,449,:
346:292,341,344,345,347,392,:
347:267,290,292,339,341,344,345,346,:
348:264,266,267,339,341,342,343,344,349,350,351,352,353,354,355,:
349:263,264,265,266,267,268,339,341,342,343,344,348,350,351,352,353,354,:
350:267,341,342,343,348,349,351,352,353,354,355,356,:
351:264,267,342,348,349,350,352,353,354,355,356,357,359,361,:
352:250,258,263,264,265,266,267,268,269,270,348,349,350,351,353,354,355,356,357,359,361,363,:
353:342,343,348,349,350,351,352,354,355,:
354:264,348,349,350,351,352,353,355,356,357,358,359,360,361,362,363,:
355:348,350,351,352,353,354,356,357,358,359,361,456,458,460,:
356:250,264,350,351,352,354,355,357,358,359,360,361,362,363,364,:
357:250,351,352,354,355,356,358,359,360,361,362,363,364,365,366,367,:
358:354,355,356,357,359,360,362,363,364,365,460,461,470,:
359:31,351,352,354,355,356,357,358,360,361,362,363,456,472,:
360:31,240,247,250,354,356,357,358,359,361,362,363,472,473,:
361:19,31,32,351,352,354,355,356,357,359,360,456,:
362:247,250,354,356,357,358,359,360,363,364,365,366,367,368,:
363:246,247,248,249,250,251,270,272,352,354,356,357,358,359,360,362,364,365,366,367,:
364:247,356,357,358,362,363,365,366,367,368,369,370,:
365:247,357,358,362,363,364,366,367,368,369,:
366:237,238,246,247,248,250,251,357,362,363,364,365,367,368,:
367:357,362,363,364,365,366,368,369,370,:
368:362,364,365,366,367,369,370,:
369:364,365,367,368,370,:
370:364,367,368,369,:
371:372,373,374,375,376,377,454,:
372:371,373,374,375,376,451,452,453,454,459,:
373:72,73,371,372,374,375,376,377,378,454,465,468,:
374:72,371,372,373,375,376,377,378,379,380,381,451,454,455,468,:
375:371,372,373,374,376,377,378,381,443,444,450,451,452,453,454,455,:
376:71,72,73,371,372,373,374,375,377,378,379,380,381,382,383,384,385,451,467,468,:
377:66,67,68,71,72,73,371,373,374,375,376,378,379,380,381,382,383,465,467,468,:
378:373,374,375,376,377,379,380,381,382,383,384,385,386,388,438,444,451,468,:
379:374,376,377,378,380,381,382,383,384,385,386,387,388,389,393,438,457,468,:
380:32,71,72,374,376,377,378,379,381,382,383,384,385,386,387,388,393,394,455,457,467,468,469,471,:
381:66,67,374,375,376,377,378,379,380,382,383,384,385,388,429,437,438,:
382:66,67,68,70,71,72,376,377,378,379,380,381,383,384,385,387,388,:
383:66,67,68,70,71,376,377,378,379,380,381,382,384,385,386,387,388,393,:
384:376,378,379,380,381,382,383,385,386,387,388,389,390,392,393,394,438,457,:
385:376,378,379,380,381,382,383,384,386,387,388,389,390,391,392,428,434,435,436,437,438,444,457,:
386:15,32,378,379,380,383,384,385,387,388,389,390,391,392,393,394,395,403,:
387:15,379,380,382,383,384,385,386,388,389,390,393,394,395,396,398,401,402,403,:
388:378,379,380,381,382,383,384,385,386,387,389,393,394,395,396,402,403,427,433,:
389:15,29,379,384,385,386,387,388,390,391,392,393,394,403,406,426,427,434,435,:
390:15,384,385,386,387,389,391,392,434,435,438,:
391:385,386,389,390,392,426,434,435,439,:
392:10,15,16,29,346,384,385,386,389,390,391,449,457,:
393:15,32,33,379,380,383,384,386,387,388,389,394,395,396,397,398,399,400,401,402,403,:
394:15,16,18,19,32,33,380,384,386,387,388,389,393,395,396,398,399,400,401,402,403,:
395:386,387,388,393,394,396,397,398,399,400,401,402,403,404,:
396:387,388,393,394,395,397,398,399,400,401,402,403,404,405,406,407,408,410,433,:
397:65,393,395,396,398,399,402,403,404,405,407,410,433,:
398:33,211,212,213,387,393,394,395,396,397,399,400,401,402,403,:
399:33,202,203,211,212,213,393,394,395,396,397,398,400,401,402,403,:
400:33,202,203,210,211,212,213,242,244,393,394,395,396,398,399,401,:
401:33,69,70,71,212,387,393,394,395,396,398,399,400,471,:
402:387,388,393,394,395,396,397,398,399,403,404,405,406,407,408,409,410,411,433,:
403:15,29,386,387,388,389,393,394,395,396,397,398,399,402,404,405,406,407,408,409,410,:
404:395,396,397,402,403,405,406,407,408,409,410,411,412,417,:
405:396,397,402,403,404,406,407,408,409,410,411,412,413,414,415,416,417,418,425,426,431,433,:
406:389,396,402,403,404,405,407,408,409,411,412,413,414,417,418,420,425,426,427,431,433,:
407:51,396,397,402,403,404,405,406,408,409,410,411,414,417,:
408:15,23,29,396,402,403,404,405,406,407,409,410,411,414,:
409:11,15,23,29,402,403,404,405,406,407,408,410,411,413,414,:
410:50,51,64,65,396,397,402,403,404,405,407,408,409,:
411:402,404,405,406,407,408,409,412,413,414,415,416,417,418,425,426,431,433,:
412:404,405,406,411,413,414,415,416,417,418,419,420,424,425,426,431,:
413:405,406,409,411,412,414,415,416,417,418,419,420,422,423,424,425,426,:
414:35,405,406,407,408,409,411,412,413,415,417,418,419,424,426,:
415:43,45,47,405,411,412,413,414,416,417,418,419,:
416:42,43,44,45,47,48,405,411,412,413,415,417,:
417:44,47,48,49,50,51,404,405,406,407,411,412,413,414,415,416,:
418:405,406,411,412,413,414,415,419,420,421,422,423,424,425,426,:
419:412,413,414,415,418,420,421,422,423,424,425,426,427,435,:
420:406,412,413,418,419,421,422,423,424,425,426,427,428,430,431,434,435,:
421:418,419,420,422,423,425,426,427,428,429,430,434,435,436,440,442,:
422:413,418,419,420,421,423,424,425,426,:
423:9,27,35,413,418,419,420,421,422,424,425,426,435,440,441,:
424:9,21,27,35,412,413,414,418,419,420,422,423,425,426,:
425:405,406,411,412,413,418,419,420,421,422,423,424,426,427,428,429,430,431,433,434,435,:
426:389,391,405,406,411,412,413,414,418,419,420,421,422,423,424,425,427,428,430,431,433,434,435,:
427:388,389,406,419,420,421,425,426,428,429,430,431,432,433,434,435,436,:
428:385,420,421,425,426,427,429,430,431,434,435,436,437,438,439,:
429:381,421,425,427,428,430,434,435,436,437,438,:
430:420,421,425,426,427,428,429,431,432,433,434,:
431:405,406,411,412,420,425,426,427,428,430,432,433,:
432:427,430,431,433,:
433:388,396,397,402,405,406,411,425,426,427,430,431,432,:
434:385,389,390,391,420,421,425,426,427,428,429,430,435,436,437,438,439,440,442,:
435:385,389,390,391,419,420,421,423,425,426,427,428,429,434,436,437,438,439,440,441,442,:
436:385,421,427,428,429,434,435,437,438,439,440,441,442,:
437:381,385,428,429,434,435,436,438,439,440,443,444,:
438:378,379,381,384,385,390,428,429,434,435,436,437,439,443,444,449,:
439:323,391,428,434,435,436,437,438,440,441,442,:
440:421,423,434,435,436,437,439,441,442,:
441:27,323,324,326,423,435,436,439,440,442,:
442:421,434,435,436,439,440,441,:
443:375,437,438,444,445,446,447,448,449,450,451,:
444:375,378,385,437,438,443,445,446,447,448,449,450,451,452,457,:
445:443,444,446,447,448,449,450,451,452,:
446:340,443,444,445,447,448,449,450,451,452,453,455,457,:
447:339,340,341,343,344,443,444,445,446,448,449,450,451,452,453,455,:
448:321,322,323,443,444,445,446,447,449,450,451,:
449:321,323,345,392,438,443,444,445,446,447,448,450,457,:
450:375,443,444,445,446,447,448,449,451,452,453,454,455,456,457,:
451:372,374,375,376,378,443,444,445,446,447,448,450,452,453,454,455,457,:
452:340,343,372,375,444,445,446,447,450,451,453,454,455,456,457,:
453:343,372,375,446,447,450,451,452,454,455,456,457,458,459,:
454:371,372,373,374,375,450,451,452,453,455,456,458,459,:
455:374,375,380,446,447,450,451,452,453,454,456,457,465,467,468,:
456:355,359,361,450,452,453,454,455,457,458,464,465,467,468,469,:
457:32,379,380,384,385,392,444,446,449,450,451,452,453,455,456,:
458:355,453,454,456,459,460,461,462,463,464,465,:
459:372,453,454,458,460,461,462,463,464,465,:
460:355,358,458,459,461,462,463,464,465,466,470,:
461:358,458,459,460,462,463,464,:
462:458,459,460,461,463,:
463:458,459,460,461,462,464,465,466,467,469,470,:
464:456,458,459,460,461,463,465,466,467,468,469,470,471,472,:
465:72,73,373,377,455,456,458,459,460,463,464,466,467,468,469,470,471,:
466:223,460,463,464,465,467,468,469,470,471,472,473,:
467:71,72,73,376,377,380,455,456,463,464,465,466,468,469,470,471,473,:
468:71,72,73,373,374,376,377,378,379,380,455,456,464,465,466,467,469,471,:
469:223,380,456,463,464,465,466,467,468,470,471,472,473,:
470:223,358,460,463,464,465,466,467,469,471,472,473,:
471:19,31,32,33,380,401,464,465,466,467,468,469,470,472,473,:
472:31,223,243,245,359,360,464,466,469,470,471,473,:
473:19,31,32,33,223,241,242,243,244,245,360,466,467,469,470,471,472,:
