1:2,3,4,5,31,33,380,383,:
2:1,3,4,5,6,7,31,32,33,34,:
3:1,2,4,5,6,7,8,31,32,33,34,40,84,86,417,:
4:1,2,3,5,6,7,8,9,10,17,31,32,33,34,40,86,91,92,392,:
5:1,2,3,4,6,7,8,31,32,33,34,385,:
6:2,3,4,5,7,8,9,10,31,32,33,34,40,389,:
7:2,3,4,5,6,8,9,10,11,17,24,31,32,33,34,40,389,392,:
8:3,4,5,6,7,9,10,11,12,14,17,18,19,24,25,27,32,34,40,44,46,390,392,:
9:4,6,7,8,10,11,17,18,19,20,24,25,26,27,28,32,34,40,44,45,46,389,390,:
10:4,6,7,8,9,11,12,13,14,15,17,18,19,22,24,32,35,36,40,44,91,392,:
11:7,8,9,10,12,13,14,17,18,19,20,21,22,23,24,32,35,36,40,42,43,44,91,:
12:8,10,11,13,14,15,17,18,19,22,23,24,35,36,40,42,43,44,90,180,:
13:10,11,12,14,15,16,17,18,35,36,37,38,39,40,90,129,180,:
14:8,10,11,12,13,15,16,17,32,35,36,37,38,39,40,91,180,181,:
15:10,12,13,14,16,17,36,37,38,39,40,85,181,:
16:13,14,15,17,36,37,38,39,40,129,:
17:4,7,8,9,10,11,12,13,14,15,16,18,32,35,36,38,40,44,85,91,:
18:8,9,10,11,12,13,17,19,20,21,22,23,24,25,35,41,42,43,44,390,392,:
19:8,9,10,11,12,18,20,21,22,23,24,25,26,35,44,45,46,351,390,:
20:9,11,18,19,21,22,23,24,25,41,44,45,46,348,349,350,351,352,390,:
21:11,18,19,20,22,23,24,41,42,43,224,350,351,352,390,:
22:10,11,12,18,19,20,21,23,24,35,41,42,43,351,390,392,:
23:11,12,18,19,20,21,22,35,41,42,43,90,101,103,144,:
24:7,8,9,10,11,12,18,19,20,21,22,25,26,27,28,34,44,45,46,:
25:8,9,18,19,20,24,26,27,28,29,44,45,46,47,200,349,351,:
26:9,19,24,25,27,28,29,30,34,44,45,46,47,48,49,51,200,201,:
27:8,9,24,25,26,28,29,34,44,45,46,47,48,49,200,201,:
28:9,24,25,26,27,29,30,45,46,47,48,49,50,51,52,201,349,:
29:25,26,27,28,30,47,48,49,50,51,52,201,:
30:26,28,29,47,48,49,50,51,52,:
31:1,2,3,4,5,6,7,32,40,82,84,85,86,92,417,418,:
32:2,3,4,5,6,7,8,9,10,11,14,17,31,40,85,86,91,92,392,:
33:1,2,3,4,5,6,7,34,380,385,:
34:2,3,4,5,6,7,8,9,24,26,27,33,46,:
35:10,11,12,13,14,17,18,19,22,23,36,41,42,43,44,90,139,142,143,144,180,:
36:10,11,12,13,14,15,16,17,35,37,38,39,90,127,129,146,180,:
37:13,14,15,16,36,38,39,85,:
38:13,14,15,16,17,36,37,39,75,83,88,127,128,129,:
39:13,14,15,16,36,37,38,129,179,180,181,:
40:3,4,6,7,8,9,10,11,12,13,14,15,16,17,31,32,85,86,:
41:18,20,21,22,23,35,42,43,101,103,105,:
42:11,12,18,21,22,23,35,41,43,89,90,144,:
43:11,12,18,21,22,23,35,41,42,89,90,91,100,101,103,104,105,390,392,:
44:8,9,10,11,12,17,18,19,20,24,25,26,27,35,45,46,180,200,:
45:9,19,20,24,25,26,27,28,44,46,47,200,201,336,338,349,351,:
46:8,9,19,20,24,25,26,27,28,34,44,45,47,348,349,350,351,391,:
47:25,26,27,28,29,30,45,46,48,49,50,51,52,338,349,:
48:26,27,28,29,30,47,49,50,51,52,:
49:26,27,28,29,30,47,48,50,51,52,201,:
50:28,29,30,47,48,49,51,52,:
51:26,28,29,30,47,48,49,50,52,201,:
52:28,29,30,47,48,49,50,51,:
53:54,55,56,57,58,59,60,65,66,:
54:53,55,56,58,59,60,65,66,:
55:53,54,56,57,58,59,60,61,65,66,67,72,418,:
56:53,54,55,57,58,59,65,66,67,68,70,71,72,93,418,:
57:53,55,56,58,65,66,67,68,69,71,72,93,102,104,418,:
58:53,54,55,56,57,59,60,61,62,63,65,66,415,416,418,:
59:53,54,55,56,58,60,61,62,63,64,415,416,:
60:53,54,55,58,59,61,62,63,64,416,418,:
61:55,58,59,60,62,63,64,412,416,:
62:58,59,60,61,63,64,:
63:58,59,60,61,62,64,:
64:59,60,61,62,63,:
65:53,54,55,56,57,58,66,67,68,69,70,71,72,:
66:53,54,55,56,57,58,65,67,68,70,71,72,:
67:55,56,57,65,66,68,69,70,71,72,73,:
68:56,57,65,66,67,69,70,71,72,73,74,75,76,87,93,94,95,112,:
69:57,65,67,68,70,71,72,73,74,75,87,89,93,94,95,96,97,99,102,106,107,112,:
70:56,65,66,67,68,69,71,72,115,117,274,:
71:56,57,65,66,67,68,69,70,72,73,74,75,76,77,78,87,93,95,:
72:55,56,57,65,66,67,68,69,70,71,73,74,76,77,78,80,87,93,:
73:67,68,69,71,72,74,75,76,77,78,79,87,88,93,95,107,113,114,:
74:68,69,71,72,73,75,76,77,79,83,87,88,89,91,92,93,94,95,106,107,128,:
75:38,68,69,71,73,74,76,83,87,88,89,90,93,94,95,106,107,111,125,126,127,128,129,:
76:68,71,72,73,74,75,77,78,79,80,82,83,87,93,:
77:71,72,73,74,76,78,79,80,81,82,83,84,85,87,93,:
78:71,72,73,76,77,79,80,81,82,83,84,93,:
79:73,74,76,77,78,80,81,82,83,84,85,86,87,92,93,:
80:72,76,77,78,79,81,82,83,84,86,418,:
81:77,78,79,80,82,84,418,:
82:31,76,77,78,79,80,81,83,84,85,86,92,93,:
83:38,74,75,76,77,78,79,80,82,84,85,86,87,88,92,93,:
84:3,31,77,78,79,80,81,82,83,85,86,:
85:15,17,31,32,37,40,77,79,82,83,84,86,92,:
86:3,4,31,32,40,79,80,82,83,84,85,:
87:68,69,71,72,73,74,75,76,77,79,83,88,89,90,91,92,93,94,95,107,128,:
88:38,73,74,75,83,87,89,90,91,92,93,94,95,96,107,128,:
89:42,43,69,74,75,87,88,90,91,92,93,94,95,96,97,99,100,102,106,107,127,128,129,:
90:12,13,23,35,36,42,43,75,87,88,89,91,94,95,96,97,106,107,119,127,128,129,:
91:4,10,11,14,17,32,43,74,87,88,89,90,92,93,94,95,392,:
92:4,31,32,74,79,82,83,85,87,88,89,91,93,95,392,418,:
93:56,57,68,69,71,72,73,74,75,76,77,78,79,82,83,87,88,89,91,92,94,95,418,:
94:68,69,74,75,87,88,89,90,91,93,95,96,97,98,99,100,101,102,106,107,119,128,:
95:68,69,71,73,74,75,87,88,89,90,91,92,93,94,96,97,99,100,102,106,107,:
96:69,88,89,90,94,95,97,98,99,100,101,102,106,107,108,119,267,:
97:69,89,90,94,95,96,98,99,100,106,107,108,109,111,118,119,266,267,:
98:94,96,97,99,106,107,108,109,118,119,259,260,262,266,267,268,271,272,:
99:69,89,94,95,96,97,98,100,101,102,103,104,106,107,267,282,:
100:43,89,94,95,96,97,99,101,102,103,104,105,:
101:23,41,43,94,96,99,100,102,103,104,105,:
102:57,69,89,94,95,96,99,100,101,103,104,105,:
103:23,41,43,99,100,101,102,104,105,:
104:43,57,99,100,101,102,103,105,392,:
105:41,43,100,101,102,103,104,392,419,420,421,424,:
106:69,74,75,89,90,94,95,96,97,98,99,107,108,109,110,111,112,118,119,127,128,:
107:69,73,74,75,87,88,89,90,94,95,96,97,98,99,106,108,109,111,112,118,119,125,126,127,128,129,:
108:96,97,98,106,107,109,110,111,112,113,118,119,120,126,:
109:97,98,106,107,108,110,111,112,118,119,120,121,122,123,124,125,126,:
110:106,108,109,111,118,119,120,123,126,:
111:75,97,106,107,108,109,110,112,113,114,115,117,118,119,126,:
112:68,69,106,107,108,109,111,113,114,115,116,117,:
113:73,108,111,112,114,115,116,117,:
114:73,111,112,113,115,116,117,:
115:70,111,112,113,114,116,117,:
116:112,113,114,115,117,:
117:70,111,112,113,114,115,116,:
118:97,98,106,107,108,109,110,111,119,120,121,122,123,124,125,126,127,128,129,130,265,:
119:90,94,96,97,98,106,107,108,109,110,111,118,120,121,122,123,124,125,126,127,128,129,130,:
120:108,109,110,118,119,121,122,123,124,125,126,127,129,130,131,136,263,265,:
121:109,118,119,120,122,123,124,125,129,130,131,132,133,134,135,136,137,262,263,265,:
122:109,118,119,120,121,123,124,125,127,129,130,131,132,133,136,137,138,262,263,265,:
123:109,110,118,119,120,121,122,124,125,126,127,129,130,136,:
124:109,118,119,120,121,122,123,125,126,127,128,129,130,133,:
125:75,107,109,118,119,120,121,122,123,124,126,127,128,129,:
126:75,107,108,109,110,111,118,119,120,123,124,125,127,128,129,:
127:36,38,75,89,90,106,107,118,119,120,122,123,124,125,126,128,129,:
128:38,74,75,87,88,89,90,94,106,107,118,119,124,125,126,127,129,:
129:13,16,36,38,39,75,89,90,107,118,119,120,121,122,123,124,125,126,127,128,:
130:118,119,120,121,122,123,124,131,132,133,134,135,136,137,138,262,263,264,265,:
131:120,121,122,130,132,133,134,135,136,137,138,139,263,264,:
132:121,122,130,131,133,134,135,136,137,138,139,140,141,142,145,146,238,:
133:121,122,124,130,131,132,134,136,137,138,139,140,141,145,146,:
134:121,130,131,132,133,135,136,137,138,264,:
135:121,130,131,132,134,136,263,264,:
136:120,121,122,123,130,131,132,133,134,135,263,264,265,:
137:121,122,130,131,132,133,134,138,139,140,141,142,143,144,145,146,237,238,:
138:122,130,131,132,133,134,137,139,140,141,142,144,237,238,:
139:35,131,132,133,137,138,140,141,142,143,144,145,146,147,237,238,:
140:132,133,137,138,139,141,142,143,144,145,146,147,148,150,154,155,237,238,:
141:132,133,137,138,139,140,142,143,145,146,147,148,154,155,235,236,237,238,:
142:35,132,137,138,139,140,141,143,144,145,146,221,237,238,:
143:35,137,139,140,141,142,144,145,146,219,238,:
144:23,35,42,137,138,139,140,142,143,222,223,224,238,:
145:132,133,137,139,140,141,142,143,146,147,148,149,150,151,154,155,:
146:36,132,133,137,139,140,141,142,143,145,147,148,149,150,154,180,:
147:139,140,141,145,146,148,149,150,151,152,153,154,155,156,:
148:140,141,145,146,147,149,150,151,152,154,155,156,157,159,161,174,:
149:145,146,147,148,150,151,152,154,155,156,157,158,160,161,173,174,175,178,179,180,:
150:140,145,146,147,148,149,151,152,153,154,155,161,:
151:145,147,148,149,150,152,153,160,161,165,:
152:147,148,149,150,151,153,154,155,160,161,165,174,:
153:147,150,151,152,161,165,:
154:140,141,145,146,147,148,149,150,152,155,156,157,158,159,174,:
155:140,141,145,147,148,149,150,152,154,156,157,159,235,:
156:147,148,149,154,155,157,158,159,174,194,:
157:148,149,154,155,156,158,159,160,161,174,183,193,194,:
158:149,154,156,157,159,160,174,182,183,184,185,193,194,195,196,:
159:148,154,155,156,157,158,194,197,233,235,:
160:149,151,152,157,158,161,162,163,164,165,166,167,173,174,183,:
161:148,149,150,151,152,153,157,160,162,163,165,166,173,174,183,:
162:160,161,163,164,165,166,167,173,174,175,183,:
163:160,161,162,164,165,166,173,174,175,176,178,182,183,:
164:160,162,163,165,166,173,174,175,176,182,183,:
165:151,152,153,160,161,162,163,164,166,167,168,173,174,:
166:160,161,162,163,164,165,167,168,169,170,:
167:160,162,165,166,168,169,170,171,172,:
168:165,166,167,169,170,171,172,:
169:166,167,168,170,171,172,:
170:166,167,168,169,171,172,:
171:167,168,169,170,172,:
172:167,168,169,170,171,:
173:149,160,161,162,163,164,165,174,175,176,177,178,179,181,182,183,:
174:148,149,152,154,156,157,158,160,161,162,163,164,165,173,175,176,178,179,182,183,:
175:149,162,163,164,173,174,176,177,178,179,180,181,182,183,184,:
176:163,164,173,174,175,177,178,179,182,183,184,185,186,187,193,194,199,:
177:173,175,176,178,182,183,184,185,186,187,193,194,199,201,:
178:149,163,173,174,175,176,177,179,180,181,182,183,199,200,:
179:39,149,173,174,175,176,178,180,181,:
180:12,13,14,35,36,39,44,146,149,175,178,179,181,:
181:14,15,39,173,175,178,179,180,:
182:158,163,164,173,174,175,176,177,178,183,184,185,186,187,188,193,194,:
183:157,158,160,161,162,163,164,173,174,175,176,177,178,182,184,185,187,193,194,:
184:158,175,176,177,182,183,185,186,187,188,189,190,192,193,194,195,:
185:158,176,177,182,183,184,186,187,188,189,193,194,195,196,198,199,201,:
186:176,177,182,184,185,187,188,189,190,192,193,194,195,196,198,199,201,:
187:176,177,182,183,184,185,186,188,189,190,191,192,193,:
188:182,184,185,186,187,189,190,191,192,:
189:184,185,186,187,188,190,191,192,:
190:184,186,187,188,189,191,192,:
191:187,188,189,190,192,:
192:184,186,187,188,189,190,191,:
193:157,158,176,177,182,183,184,185,186,187,194,195,196,197,198,199,201,:
194:156,157,158,159,176,177,182,183,184,185,186,193,195,196,197,198,199,:
195:158,184,185,186,193,194,196,197,198,199,200,201,203,212,:
196:158,185,186,193,194,195,197,198,199,202,203,211,212,:
197:159,193,194,195,196,198,202,203,205,211,212,213,216,:
198:185,186,193,194,195,196,197,199,200,201,212,216,340,:
199:176,177,178,185,186,193,194,195,196,198,200,201,:
200:25,26,27,44,45,178,195,198,199,201,:
201:26,27,28,29,45,49,51,177,185,186,193,195,198,199,200,340,:
202:196,197,203,204,205,206,207,208,209,211,212,:
203:195,196,197,202,204,205,207,208,209,210,211,212,341,:
204:202,203,205,206,207,208,209,210,211,212,213,:
205:197,202,203,204,206,207,208,209,211,212,213,214,215,216,225,226,:
206:202,204,205,207,208,209,211,212,213,214,215,225,226,:
207:202,203,204,205,206,208,209,210,211,212,341,:
208:202,203,204,205,206,207,209,210,211,212,337,340,341,:
209:202,203,204,205,206,207,208,210,211,212,337,339,340,341,:
210:203,204,207,208,209,337,340,341,:
211:196,197,202,203,204,205,206,207,208,209,212,213,214,215,216,217,225,226,341,:
212:195,196,197,198,202,203,204,205,206,207,208,209,211,213,214,216,225,226,341,:
213:197,204,205,206,211,212,214,215,216,217,218,219,225,226,227,337,:
214:205,206,211,212,213,215,216,217,218,219,225,226,227,228,230,231,239,240,:
215:205,206,211,213,214,216,217,219,225,226,227,228,239,240,241,244,245,:
216:197,198,205,211,212,213,214,215,217,218,219,220,221,225,226,:
217:211,213,214,215,216,218,219,220,221,222,225,:
218:213,214,216,217,219,220,221,222,223,224,334,335,336,337,338,:
219:143,213,214,215,216,217,218,220,221,222,223,225,231,232,233,234,235,236,:
220:216,217,218,219,221,222,223,224,245,333,334,:
221:142,216,217,218,219,220,222,223,224,234,236,238,244,245,246,:
222:144,217,218,219,220,221,223,224,245,:
223:144,218,219,220,221,222,224,245,246,301,:
224:21,144,218,220,221,222,223,301,:
225:205,206,211,212,213,214,215,216,217,219,226,227,228,229,230,231,232,233,240,:
226:205,206,211,212,213,214,215,216,225,227,228,230,231,233,:
227:213,214,215,225,226,228,229,230,231,232,233,240,243,:
228:214,215,225,226,227,229,230,231,240,243,:
229:225,227,228,230,240,243,:
230:214,225,226,227,228,229,231,232,233,234,235,:
231:214,219,225,226,227,228,230,232,233,234,235,236,:
232:219,225,227,230,231,233,234,235,236,237,243,:
233:159,219,225,226,227,230,231,232,234,235,236,237,238,:
234:219,221,230,231,232,233,235,236,237,238,:
235:141,155,159,219,230,231,232,233,234,236,237,238,:
236:141,219,221,231,232,233,234,235,237,238,:
237:137,138,139,140,141,142,232,233,234,235,236,238,:
238:132,137,138,139,140,141,142,143,144,221,233,234,235,236,237,:
239:214,215,240,241,242,243,244,245,246,247,:
240:214,215,225,227,228,229,239,241,242,243,244,245,:
241:215,239,240,242,243,244,245,246,247,:
242:239,240,241,243,244,245,246,:
243:227,228,229,232,239,240,241,242,244,246,:
244:215,221,239,240,241,242,243,245,246,247,:
245:215,220,221,222,223,239,240,241,242,244,246,247,:
246:221,223,239,241,242,243,244,245,247,302,303,304,305,:
247:239,241,244,245,246,298,300,:
248:249,250,251,252,253,254,257,258,304,305,306,:
249:248,250,251,252,253,257,304,305,306,:
250:248,249,251,252,253,254,255,256,257,258,259,306,:
251:248,249,250,252,253,254,255,257,258,259,260,261,262,263,264,:
252:248,249,250,251,253,257,258,259,262,277,280,281,306,:
253:248,249,250,251,252,254,255,256,257,258,276,:
254:248,250,251,253,255,256,257,258,:
255:250,251,253,254,256,257,258,261,:
256:250,253,254,255,:
257:248,249,250,251,252,253,254,255,258,259,260,261,262,263,264,265,266,267,:
258:248,250,251,252,253,254,255,257,259,260,261,262,263,264,266,:
259:98,250,251,252,257,258,260,261,262,263,264,265,266,267,268,282,:
260:98,251,257,258,259,261,262,263,264,265,266,267,268,269,271,282,:
261:251,255,257,258,259,260,262,263,264,265,266,267,268,269,270,:
262:98,121,122,130,251,252,257,258,259,260,261,263,264,265,266,267,:
263:120,121,122,130,131,135,136,251,257,258,259,260,261,262,264,265,266,267,:
264:130,131,134,135,136,251,257,258,259,260,261,262,263,265,:
265:118,120,121,122,130,136,257,259,260,261,262,263,264,266,267,269,:
266:97,98,257,258,259,260,261,262,263,265,267,268,269,270,271,272,282,:
267:96,97,98,99,257,259,260,261,262,263,265,266,268,269,271,272,282,:
268:98,259,260,261,266,267,269,270,271,272,:
269:260,261,265,266,267,268,270,271,272,:
270:261,266,268,269,271,:
271:98,260,266,267,268,269,270,272,273,274,:
272:98,266,267,268,269,271,273,274,282,283,:
273:271,272,274,:
274:70,271,272,273,:
275:276,277,278,279,280,281,284,285,297,:
276:253,275,277,278,280,284,285,:
277:252,275,276,278,279,280,281,284,285,286,297,:
278:275,276,277,279,280,281,284,285,286,287,288,289,296,297,308,:
279:275,277,278,280,281,284,285,286,287,288,296,297,298,301,307,308,312,:
280:252,275,276,277,278,279,281,282,283,284,285,:
281:252,275,277,278,279,280,282,283,284,285,:
282:99,259,260,266,267,272,280,281,283,:
283:272,280,281,282,291,293,295,:
284:275,276,277,278,279,280,281,285,286,287,288,289,290,291,292,297,308,:
285:275,276,277,278,279,280,281,284,286,287,289,290,291,292,:
286:277,278,279,284,285,287,288,289,290,291,292,308,:
287:278,279,284,285,286,288,289,290,296,297,307,308,315,322,324,:
288:278,279,284,286,287,289,296,297,299,307,308,309,310,312,314,315,319,320,321,322,324,:
289:278,284,285,286,287,288,290,291,292,293,294,324,:
290:284,285,286,287,289,291,292,293,294,295,:
291:283,284,285,286,289,290,292,293,294,295,423,:
292:284,285,286,289,290,291,293,294,295,:
293:283,289,290,291,292,294,295,423,:
294:289,290,291,292,293,295,:
295:283,290,291,292,293,294,:
296:278,279,287,288,297,298,299,300,301,302,303,307,308,315,:
297:275,277,278,279,284,287,288,296,298,299,301,302,303,304,307,308,:
298:247,279,296,297,299,300,301,302,303,304,307,308,309,315,:
299:288,296,297,298,300,301,302,307,308,309,310,311,312,314,315,329,:
300:247,296,298,299,301,307,308,309,310,311,314,315,328,329,330,333,343,:
301:223,224,279,296,297,298,299,300,302,303,304,305,306,307,308,:
302:246,296,297,298,299,301,303,304,305,306,:
303:246,296,297,298,301,302,304,305,306,:
304:246,248,249,297,298,301,302,303,305,306,:
305:246,248,249,301,302,303,304,306,:
306:248,249,250,252,301,302,303,304,305,:
307:279,287,288,296,297,298,299,300,301,308,309,310,311,312,314,315,329,:
308:278,279,284,286,287,288,296,297,298,299,300,301,307,309,310,312,314,315,:
309:288,298,299,300,307,308,310,311,312,313,314,315,316,329,350,352,:
310:288,299,300,307,308,309,311,312,313,314,315,316,317,318,319,329,343,350,352,:
311:299,300,307,309,310,312,313,314,315,316,317,318,328,329,342,343,344,347,348,350,351,352,:
312:279,288,299,307,308,309,310,311,313,314,315,352,:
313:309,310,311,312,350,351,352,388,390,424,:
314:288,299,300,307,308,309,310,311,312,315,316,317,318,319,320,321,322,329,343,:
315:287,288,296,298,299,300,307,308,309,310,311,312,314,316,317,319,320,321,322,:
316:309,310,311,314,315,317,318,319,320,321,322,343,:
317:310,311,314,315,316,318,319,320,328,329,343,:
318:310,311,314,316,317,319,328,329,342,343,346,:
319:288,310,314,315,316,317,318,320,321,322,323,324,:
320:288,314,315,316,317,319,321,322,323,324,325,:
321:288,314,315,316,319,320,322,323,324,325,326,399,:
322:287,288,314,315,316,319,320,321,323,324,325,326,327,:
323:319,320,321,322,324,325,326,327,397,399,424,:
324:287,288,289,319,320,321,322,323,325,326,327,:
325:320,321,322,323,324,326,327,:
326:321,322,323,324,325,327,422,423,424,:
327:322,323,324,325,326,:
328:300,311,317,318,329,330,331,332,333,334,342,343,:
329:299,300,307,309,310,311,314,317,318,328,330,331,333,342,343,:
330:300,328,329,331,332,333,334,335,336,342,343,344,:
331:328,329,330,332,333,334,335,336,342,343,344,345,346,347,348,:
332:328,330,331,333,334,335,336,342,343,344,345,346,:
333:220,300,328,329,330,331,332,334,335,336,337,338,342,343,:
334:218,220,328,330,331,332,333,335,336,337,338,339,342,:
335:218,330,331,332,333,334,336,337,338,339,340,341,:
336:45,218,330,331,332,333,334,335,337,338,339,340,342,348,349,350,351,:
337:208,209,210,213,218,333,334,335,336,338,339,340,341,:
338:45,47,218,333,334,335,336,337,339,340,341,:
339:209,334,335,336,337,338,340,341,:
340:198,201,208,209,210,335,336,337,338,339,341,:
341:203,207,208,209,210,211,212,335,337,338,339,340,:
342:311,318,328,329,330,331,332,333,334,336,343,344,345,346,347,348,349,350,352,353,354,:
343:300,310,311,314,316,317,318,328,329,330,331,332,333,342,344,345,346,347,348,350,352,:
344:311,330,331,332,342,343,345,346,347,348,349,350,352,353,354,355,:
345:331,332,342,343,344,346,347,348,353,354,355,356,357,358,359,374,:
346:318,331,332,342,343,344,345,347,353,354,355,356,357,:
347:311,331,342,343,344,345,346,348,349,350,351,352,353,354,374,391,400,:
348:20,46,311,331,336,342,343,344,345,347,349,350,351,352,354,391,:
349:20,25,28,45,46,47,336,342,344,347,348,350,351,352,354,391,:
350:20,21,46,309,310,311,313,336,342,343,344,347,348,349,351,352,391,:
351:19,20,21,22,25,45,46,311,313,336,347,348,349,350,352,391,:
352:20,21,309,310,311,312,313,342,343,344,347,348,349,350,351,391,:
353:342,344,345,346,347,354,355,356,357,358,359,372,374,:
354:342,344,345,346,347,348,349,353,355,356,357,358,359,371,372,373,374,:
355:344,345,346,353,354,356,357,358,359,360,374,:
356:345,346,353,354,355,357,358,359,367,372,374,:
357:345,346,353,354,355,356,358,366,367,368,371,372,373,374,400,:
358:345,353,354,355,356,357,359,360,361,372,373,374,:
359:345,353,354,355,356,358,360,361,362,374,:
360:355,358,359,361,362,363,364,365,:
361:358,359,360,362,363,364,365,373,:
362:359,360,361,363,364,365,:
363:360,361,362,364,365,:
364:360,361,362,363,365,:
365:360,361,362,363,364,:
366:357,367,368,369,370,371,372,373,375,376,:
367:356,357,366,368,369,370,371,372,373,374,398,400,:
368:357,366,367,369,370,371,372,373,374,375,376,377,385,394,:
369:366,367,368,370,371,372,375,376,377,378,379,380,384,385,393,394,402,:
370:366,367,368,369,371,375,376,377,378,379,384,385,387,393,394,395,396,398,401,402,406,407,:
371:354,357,366,367,368,369,370,372,373,374,375,376,385,394,:
372:353,354,356,357,358,366,367,368,369,371,373,374,:
373:354,357,358,361,366,367,368,371,372,374,:
374:345,347,353,354,355,356,357,358,359,367,368,371,372,373,:
375:366,368,369,370,371,376,377,378,379,380,381,382,384,385,394,402,:
376:366,368,369,370,371,375,377,378,380,381,382,383,384,385,:
377:368,369,370,375,376,378,379,380,381,382,383,384,385,386,394,402,:
378:369,370,375,376,377,379,380,381,384,385,386,387,388,389,393,394,401,402,411,:
379:369,370,375,377,378,380,384,385,386,387,388,393,394,396,401,402,403,404,406,410,411,412,415,416,417,:
380:1,33,369,375,376,377,378,379,381,382,383,384,385,:
381:375,376,377,378,380,382,383,:
382:375,376,377,380,381,383,:
383:1,376,377,380,381,382,:
384:369,370,375,376,377,378,379,380,385,386,387,388,389,390,391,393,394,402,411,:
385:5,33,368,369,370,371,375,376,377,378,379,380,384,386,387,389,391,393,394,:
386:377,378,379,384,385,387,388,389,390,391,392,393,394,395,411,:
387:370,378,379,384,385,386,388,389,390,391,392,393,394,395,396,397,398,401,402,410,411,420,:
388:313,378,379,384,386,387,389,390,391,392,393,394,395,396,397,401,402,410,411,412,413,415,419,420,421,424,:
389:6,7,9,378,384,385,386,387,388,390,391,392,393,394,:
390:8,9,18,19,20,21,22,43,313,384,386,387,388,389,391,392,:
391:46,347,348,349,350,351,352,384,385,386,387,388,389,390,392,393,394,:
392:4,7,8,10,18,22,32,43,91,92,104,105,386,387,388,389,390,391,:
393:369,370,378,379,384,385,386,387,388,389,391,394,395,396,397,398,399,400,401,402,411,420,:
394:368,369,370,371,375,377,378,379,384,385,386,387,388,389,391,393,395,396,398,400,401,402,411,:
395:370,386,387,388,393,394,396,397,398,399,400,401,402,403,411,420,:
396:370,379,387,388,393,394,395,397,398,399,400,401,402,403,404,405,406,410,411,419,420,:
397:323,387,388,393,395,396,398,399,401,402,403,404,405,410,411,419,420,421,422,424,:
398:367,370,387,393,394,395,396,397,399,400,401,402,:
399:321,323,393,395,396,397,398,400,401,402,:
400:347,357,367,393,394,395,396,398,399,:
401:370,378,379,387,388,393,394,395,396,397,398,399,402,403,404,405,406,407,409,410,411,420,:
402:369,370,375,377,378,379,384,387,388,393,394,395,396,397,398,399,401,403,404,406,407,409,410,411,:
403:379,395,396,397,401,402,404,405,406,407,408,409,410,411,412,:
404:379,396,397,401,402,403,405,406,407,410,411,412,413,414,415,419,420,:
405:396,397,401,403,404,406,410,411,412,413,414,419,420,:
406:370,379,396,401,402,403,404,405,407,408,409,410,411,:
407:370,401,402,403,404,406,408,409,:
408:403,406,407,409,:
409:401,402,403,406,407,408,:
410:379,387,388,396,397,401,402,403,404,405,406,411,412,413,414,415,416,419,420,:
411:378,379,384,386,387,388,393,394,395,396,397,401,402,403,404,405,406,410,412,413,415,416,419,420,:
412:61,379,388,403,404,405,410,411,413,414,415,416,419,420,421,:
413:388,404,405,410,411,412,414,415,416,419,420,421,422,423,424,:
414:404,405,410,412,413,415,419,420,421,422,423,:
415:58,59,379,388,404,410,411,412,413,414,416,417,418,419,420,:
416:58,59,60,61,379,410,411,412,413,415,417,418,:
417:3,31,379,415,416,418,:
418:31,55,56,57,58,60,80,81,92,93,415,416,417,:
419:105,388,396,397,404,405,410,411,412,413,414,415,420,421,422,423,424,:
420:105,387,388,393,395,396,397,401,404,405,410,411,412,413,414,415,419,421,422,424,:
421:105,388,397,412,413,414,419,420,422,423,424,:
422:326,397,413,414,419,420,421,423,424,:
423:291,293,326,413,414,419,421,422,424,:
424:105,313,323,326,388,397,413,419,420,421,422,423,:
