1:2,3,6,7,13,26,27,28,31,32,:
2:1,3,6,7,13,20,26,27,28,31,32,:
3:1,2,6,7,13,20,26,27,28,31,32,:
4:5,8,9,11,12,14,15,16,18,19,23,25,29,30,33,34,36,242,245,:
5:4,8,9,11,12,14,15,19,25,29,30,33,34,100,102,106,107,112,114,:
6:1,2,3,7,10,13,19,20,26,27,28,31,32,35,80,320,:
7:1,2,3,6,10,13,19,20,26,27,28,31,32,80,113,320,:
8:4,5,9,11,14,15,25,29,30,33,34,36,200,238,240,241,242,245,338,:
9:4,5,8,11,14,15,25,29,30,33,34,100,101,102,106,108,:
10:6,7,11,12,13,15,16,17,18,19,20,21,22,23,31,32,35,36,38,80,307,321,:
11:4,5,8,9,10,12,14,15,18,19,20,23,29,30,33,34,36,:
12:4,5,10,11,13,15,16,17,18,19,20,21,22,23,29,30,31,35,36,38,321,:
13:1,2,3,6,7,10,12,15,19,20,26,27,28,31,32,35,80,320,321,:
14:4,5,8,9,11,25,29,30,33,34,238,:
15:4,5,8,9,10,11,12,13,16,18,19,20,22,23,29,30,32,35,36,38,321,:
16:4,10,12,15,17,18,21,22,23,24,29,35,36,37,38,242,244,297,306,307,308,310,:
17:10,12,16,18,21,22,23,24,35,36,37,38,244,297,:
18:4,10,11,12,15,16,17,19,20,21,22,23,24,29,35,36,37,38,104,244,:
19:4,5,6,7,10,11,12,13,15,18,20,29,30,31,32,35,320,321,:
20:2,3,6,7,10,11,12,13,15,18,19,30,31,32,35,80,320,321,:
21:10,12,16,17,18,22,23,24,35,36,37,38,244,296,297,305,306,307,308,309,:
22:10,12,15,16,17,18,21,23,24,35,36,37,38,104,:
23:4,10,11,12,15,16,17,18,21,22,29,36,37,242,243,244,245,306,307,308,309,310,313,314,:
24:16,17,18,21,22,35,37,38,297,:
25:4,5,8,9,14,33,34,143,198,200,204,236,238,239,:
26:1,2,3,6,7,13,27,28,:
27:1,2,3,6,7,13,26,31,:
28:1,2,3,6,7,13,26,32,113,411,412,413,:
29:4,5,8,9,11,12,14,15,16,18,19,23,33,36,240,242,245,:
30:4,5,8,9,11,12,14,15,19,20,32,34,79,100,102,106,107,108,111,112,114,:
31:1,2,3,6,7,10,12,13,19,20,27,35,80,307,:
32:1,2,3,6,7,10,13,15,19,20,28,30,112,113,114,320,:
33:4,5,8,9,11,14,25,29,199,200,234,236,240,241,242,245,338,:
34:4,5,8,9,11,14,25,30,100,101,102,106,107,108,114,139,143,372,:
35:6,10,12,13,15,16,17,18,19,20,21,22,24,31,36,38,80,307,:
36:4,8,10,11,12,15,16,17,18,21,22,23,29,35,38,104,242,243,244,:
37:16,17,18,21,22,23,24,244,296,297,303,305,306,307,308,309,310,:
38:10,12,15,16,17,18,21,22,24,35,36,104,265,267,:
39:40,41,42,43,44,45,57,:
40:39,41,42,44,45,:
41:39,40,42,43,44,45,46,57,60,268,:
42:39,40,41,43,44,45,56,57,60,:
43:39,41,42,44,56,57,59,60,64,66,69,267,268,:
44:39,40,41,42,43,45,46,47,266,267,268,:
45:39,40,41,42,44,46,47,48,49,51,262,264,266,:
46:41,44,45,47,48,49,50,51,52,53,54,261,262,263,264,265,266,:
47:44,45,46,48,49,50,51,52,53,54,55,260,261,262,263,:
48:45,46,47,49,50,51,53,54,55,261,:
49:45,46,47,48,50,51,52,53,54,55,260,261,263,:
50:46,47,48,49,51,52,53,54,55,263,:
51:45,46,47,48,49,50,52,53,55,263,265,:
52:46,47,49,50,51,53,54,55,:
53:46,47,48,49,50,51,52,54,55,260,:
54:46,47,48,49,50,52,53,55,260,:
55:47,48,49,50,51,52,53,54,:
56:42,43,57,58,59,60,61,62,63,64,65,:
57:39,41,42,43,56,58,59,60,61,63,64,65,:
58:56,57,59,60,61,62,63,64,65,66,:
59:43,56,57,58,60,61,62,63,64,65,66,67,68,69,267,268,:
60:41,42,43,56,57,58,59,61,62,64,65,66,67,68,264,266,267,268,:
61:56,57,58,59,60,62,63,64,65,:
62:56,58,59,60,61,63,95,105,:
63:56,57,58,59,61,62,:
64:43,56,57,58,59,60,61,65,66,67,68,69,70,71,75,76,90,94,96,268,:
65:56,57,58,59,60,61,64,66,67,68,69,70,71,72,90,94,96,:
66:43,58,59,60,64,65,67,68,69,70,71,72,75,76,77,90,267,268,:
67:59,60,64,65,66,68,69,70,71,75,76,77,78,79,80,81,82,89,90,98,268,:
68:59,60,64,65,66,67,69,70,71,75,76,77,78,79,81,82,84,89,90,91,92,94,97,98,102,103,268,:
69:43,59,64,65,66,67,68,70,71,72,73,74,75,76,82,:
70:64,65,66,67,68,69,71,72,73,74,75,76,82,87,90,:
71:64,65,66,67,68,69,70,72,73,74,75,76,81,82,87,89,90,96,:
72:65,66,69,70,71,73,74,:
73:69,70,71,72,74,87,:
74:69,70,71,72,73,:
75:64,66,67,68,69,70,71,76,77,78,79,80,81,82,90,98,:
76:64,66,67,68,69,70,71,75,77,78,80,81,82,:
77:66,67,68,75,76,78,79,80,81,82,83,90,98,:
78:67,68,75,76,77,79,80,81,82,83,84,85,86,89,90,97,98,107,:
79:30,67,68,75,77,78,80,81,82,83,84,85,89,90,97,98,99,100,102,106,107,108,111,112,:
80:6,7,10,13,20,31,35,67,75,76,77,78,79,81,82,:
81:67,68,71,75,76,77,78,79,80,82,83,84,85,86,87,88,89,90,98,107,:
82:67,68,69,70,71,75,76,77,78,79,80,81,83,84,86,87,89,90,:
83:77,78,79,81,82,84,85,86,87,88,89,90,91,98,107,:
84:68,78,79,81,82,83,85,86,87,88,89,90,91,92,93,94,97,98,106,107,116,:
85:78,79,81,83,84,86,88,89,90,91,92,93,97,98,106,107,108,109,111,115,116,117,120,:
86:78,81,82,83,84,85,87,88,89,90,:
87:70,71,73,81,82,83,84,86,88,89,90,:
88:81,83,84,85,86,87,89,394,:
89:67,68,71,78,79,81,82,83,84,85,86,87,88,90,91,92,93,94,95,96,97,98,107,116,:
90:64,65,66,67,68,70,71,75,77,78,79,81,82,83,84,85,86,87,89,91,92,94,96,97,98,:
91:68,83,84,85,89,90,92,93,94,95,96,97,98,99,116,:
92:68,84,85,89,90,91,93,94,95,96,97,98,99,100,101,102,106,107,115,116,130,:
93:84,85,89,91,92,94,95,97,98,99,100,101,106,107,109,115,116,117,118,120,129,130,131,134,135,:
94:64,65,68,84,89,90,91,92,93,95,96,97,98,:
95:62,89,91,92,93,94,96,97,98,:
96:64,65,71,89,90,91,92,94,95,:
97:68,78,79,84,85,89,90,91,92,93,94,95,98,99,100,101,102,103,105,106,107,116,130,:
98:67,68,75,77,78,79,81,83,84,85,89,90,91,92,93,94,95,97,99,100,102,103,105,106,107,:
99:79,91,92,93,97,98,100,101,102,103,104,105,106,107,108,116,130,:
100:5,9,30,34,79,92,93,97,98,99,101,102,103,106,107,108,109,110,111,115,116,129,130,139,:
101:9,34,92,93,97,99,100,102,106,107,108,109,110,115,116,129,130,131,132,134,138,139,140,143,:
102:5,9,30,34,68,79,92,97,98,99,100,101,103,104,105,106,107,238,:
103:68,97,98,99,100,102,104,105,268,:
104:18,22,36,38,99,102,103,105,235,265,266,267,268,:
105:62,97,98,99,102,103,104,137,238,:
106:5,9,30,34,79,84,85,92,93,97,98,99,100,101,102,107,108,109,110,111,112,115,116,130,139,:
107:5,30,34,78,79,81,83,84,85,89,92,93,97,98,99,100,101,102,106,108,109,111,112,115,116,:
108:9,30,34,79,85,99,100,101,106,107,109,110,111,112,113,114,115,116,117,130,139,151,:
109:85,93,100,101,106,107,108,110,111,112,115,116,117,118,119,120,129,130,138,139,145,150,151,:
110:100,101,106,108,109,111,115,116,117,118,119,129,130,138,139,140,141,143,144,145,146,149,150,151,:
111:30,79,85,100,106,107,108,109,110,112,113,114,115,116,:
112:5,30,32,79,106,107,108,109,111,113,114,:
113:7,28,32,108,111,112,114,411,412,413,:
114:5,30,32,34,108,111,112,113,372,383,:
115:85,92,93,100,101,106,107,108,109,110,111,116,117,118,119,120,121,129,130,139,145,151,:
116:84,85,89,91,92,93,97,99,100,101,106,107,108,109,110,111,115,117,118,120,129,130,:
117:85,93,108,109,110,115,116,118,119,120,121,122,123,129,130,131,139,145,151,:
118:93,109,110,115,116,117,119,120,121,122,123,129,130,131,132,133,134,138,139,144,145,151,:
119:109,110,115,117,118,120,121,122,129,130,131,132,133,138,139,144,145,146,147,149,151,:
120:85,93,109,115,116,117,118,119,121,122,123,124,125,129,130,394,:
121:115,117,118,119,120,122,123,124,125,126,129,:
122:117,118,119,120,121,123,124,125,126,127,128,394,395,:
123:117,118,120,121,122,124,125,126,127,:
124:120,121,122,123,125,126,127,128,:
125:120,121,122,123,124,126,127,128,:
126:121,122,123,124,125,127,128,:
127:122,123,124,125,126,128,:
128:122,124,125,126,127,:
129:93,100,101,109,110,115,116,117,118,119,120,121,130,131,132,133,134,135,138,139,145,:
130:92,93,97,99,100,101,106,108,109,110,115,116,117,118,119,120,129,131,132,134,135,138,139,:
131:93,101,117,118,119,129,130,132,133,134,135,138,139,140,145,:
132:101,118,119,129,130,131,133,134,135,138,139,140,141,142,143,144,145,154,:
133:118,119,129,131,132,134,138,139,140,141,142,144,145,153,154,155,158,159,161,:
134:93,101,118,129,130,131,132,133,135,136,137,138,139,:
135:93,129,130,131,132,134,136,137,:
136:134,135,137,:
137:105,134,135,136,:
138:101,109,110,118,119,129,130,131,132,133,134,139,140,141,142,143,144,145,154,:
139:34,100,101,106,108,109,110,115,117,118,119,129,130,131,132,133,134,138,140,141,143,144,145,:
140:101,110,131,132,133,138,139,141,142,143,144,145,146,154,:
141:110,132,133,138,139,140,142,143,144,145,146,147,148,149,151,153,154,:
142:132,133,138,140,141,143,144,145,146,147,148,153,154,155,156,158,:
143:25,34,101,110,132,138,139,140,141,142,144,145,204,370,372,374,:
144:110,118,119,132,133,138,139,140,141,142,143,145,146,147,148,149,150,151,152,154,:
145:109,110,115,117,118,119,129,131,132,133,138,139,140,141,142,143,144,146,147,149,150,151,:
146:110,119,140,141,142,144,145,147,148,149,150,151,152,154,368,:
147:119,141,142,144,145,146,148,149,150,152,153,154,:
148:141,142,144,146,147,149,152,153,154,:
149:110,119,141,144,145,146,147,148,150,151,152,:
150:109,110,144,145,146,147,149,151,152,366,367,368,:
151:108,109,110,115,117,118,119,141,144,145,146,149,150,152,368,369,370,:
152:144,146,147,148,149,150,151,:
153:133,141,142,147,148,154,155,156,157,158,159,160,:
154:132,133,138,140,141,142,144,146,147,148,153,155,156,158,159,161,:
155:133,142,153,154,156,157,158,159,160,161,:
156:142,153,154,155,157,158,159,160,:
157:153,155,156,158,160,:
158:133,142,153,154,155,156,157,159,160,161,:
159:133,153,154,155,156,158,160,161,:
160:153,155,156,157,158,159,161,169,171,:
161:133,154,155,158,159,160,:
162:163,164,165,166,167,168,174,175,180,188,:
163:162,164,165,167,174,175,:
164:162,163,165,166,167,168,169,170,174,175,176,180,188,:
165:162,163,164,166,167,168,169,170,174,175,176,177,178,179,180,187,188,197,:
166:162,164,165,167,168,169,170,174,175,176,177,178,179,180,187,188,189,190,192,196,197,198,201,202,:
167:162,163,164,165,166,168,169,170,171,172,174,175,:
168:162,164,165,166,167,169,170,171,172,173,174,:
169:160,164,165,166,167,168,170,171,172,173,:
170:164,165,166,167,168,169,171,172,173,174,:
171:160,167,168,169,170,172,173,:
172:167,168,169,170,171,173,202,203,204,:
173:168,169,170,171,172,204,:
174:162,163,164,165,166,167,168,170,175,176,177,178,179,180,188,197,:
175:162,163,164,165,166,167,174,176,177,179,180,:
176:164,165,166,174,175,177,178,179,180,181,188,197,:
177:165,166,174,175,176,178,179,180,181,182,183,184,187,188,196,197,206,:
178:165,166,174,176,177,179,180,181,182,183,187,188,196,197,198,199,201,205,206,210,360,:
179:165,166,174,175,176,177,178,180,181,182,183,184,185,186,187,188,197,206,:
180:162,164,165,166,174,175,176,177,178,179,181,182,184,186,187,188,:
181:176,177,178,179,180,182,183,184,185,186,187,188,189,197,206,:
182:177,178,179,180,181,183,184,185,186,187,188,189,190,191,192,196,197,205,206,222,:
183:177,178,179,181,182,184,185,187,188,189,190,191,196,197,199,205,206,207,208,210,221,222,223,226,227,:
184:177,179,180,181,182,183,185,186,187,188,:
185:179,181,182,183,184,186,187,:
186:179,180,181,182,184,185,:
187:165,166,177,178,179,180,181,182,183,184,185,188,189,190,191,192,193,196,197,206,222,:
188:162,164,165,166,174,176,177,178,179,180,181,182,183,184,187,189,190,192,196,197,:
189:166,181,182,183,187,188,190,191,192,193,194,195,196,197,198,206,222,230,:
190:166,182,183,187,188,189,191,192,193,194,196,197,198,199,200,201,205,206,221,222,232,:
191:182,183,187,189,190,192,193,194,196,197,198,199,200,205,206,208,221,222,223,224,226,231,232,233,236,237,239,:
192:166,182,187,188,189,190,191,193,194,195,196,197,:
193:187,189,190,191,192,194,195,196,:
194:189,190,191,192,193,195,230,:
195:189,192,193,194,:
196:166,177,178,182,183,187,188,189,190,191,192,193,197,198,199,200,201,202,204,205,206,222,232,:
197:165,166,174,176,177,178,179,181,182,183,187,188,189,190,191,192,196,198,199,201,202,204,205,206,:
198:25,166,178,189,190,191,196,197,199,200,201,202,203,204,205,206,207,222,232,:
199:33,178,183,190,191,196,197,198,200,201,202,205,206,207,208,209,210,221,222,231,232,240,241,362,:
200:8,25,33,190,191,196,198,199,201,205,206,207,208,209,221,222,231,232,233,234,236,240,241,242,245,362,:
201:166,178,190,196,197,198,199,200,202,203,204,205,206,360,362,:
202:166,172,196,197,198,199,201,203,204,:
203:172,198,201,202,204,:
204:25,143,172,173,196,197,198,201,202,203,373,374,:
205:178,182,183,190,191,196,197,198,199,200,201,206,207,208,209,210,211,221,222,232,241,362,:
206:177,178,179,181,182,183,187,189,190,191,196,197,198,199,200,201,205,207,208,210,221,222,:
207:183,198,199,200,205,206,208,209,210,211,212,213,217,221,222,223,232,241,362,:
208:183,191,199,200,205,206,207,209,210,211,213,217,221,222,223,224,225,226,231,232,240,241,247,252,253,:
209:199,200,205,207,208,210,211,213,217,221,222,223,224,225,231,232,240,241,242,243,245,246,247,248,251,252,253,254,:
210:178,183,199,205,206,207,208,209,211,212,213,214,216,217,221,222,:
211:205,207,208,209,210,212,213,214,215,216,217,218,219,:
212:207,210,211,213,214,215,216,217,218,291,:
213:207,208,209,210,211,212,214,215,216,217,218,219,220,254,:
214:210,211,212,213,215,216,217,218,220,291,:
215:211,212,213,214,216,218,291,:
216:210,211,212,213,214,215,217,218,219,220,254,:
217:207,208,209,210,211,212,213,214,216,218,219,220,221,252,253,:
218:211,212,213,214,215,216,217,219,220,254,:
219:211,213,216,217,218,220,252,253,:
220:213,214,216,217,218,219,254,:
221:183,190,191,199,200,205,206,207,208,209,210,217,222,223,224,225,226,227,231,232,241,247,253,:
222:182,183,187,189,190,191,196,198,199,200,205,206,207,208,209,210,221,223,224,226,227,231,232,:
223:183,191,207,208,209,221,222,224,225,226,227,228,231,232,233,247,252,253,:
224:191,208,209,221,222,223,225,226,227,231,232,233,234,235,236,240,241,246,247,252,253,256,:
225:208,209,221,223,224,226,231,232,233,234,235,240,241,246,247,248,249,252,253,255,256,257,258,:
226:183,191,208,221,222,223,224,225,227,228,229,230,231,232,:
227:183,221,222,223,224,226,228,229,230,:
228:223,226,227,229,230,:
229:226,227,228,230,:
230:189,194,226,227,228,229,:
231:191,199,200,208,209,221,222,223,224,225,226,232,233,234,235,236,237,238,240,241,247,:
232:190,191,196,198,199,200,205,207,208,209,221,222,223,224,225,226,231,233,234,236,237,240,241,:
233:191,200,223,224,225,231,232,234,235,236,237,238,239,240,241,242,247,256,:
234:33,200,224,225,231,232,233,235,236,237,238,240,241,242,243,244,245,246,247,255,256,:
235:104,224,225,231,233,234,236,238,240,241,242,243,244,246,247,255,256,257,:
236:25,33,191,200,224,231,232,233,234,235,237,238,239,240,241,:
237:191,231,232,233,234,236,238,239,:
238:8,14,25,102,105,231,233,234,235,236,237,239,240,241,:
239:25,191,233,236,237,238,:
240:8,29,33,199,200,208,209,224,225,231,232,233,234,235,236,238,241,242,243,244,245,246,247,256,:
241:8,33,199,200,205,207,208,209,221,224,225,231,232,233,234,235,236,238,240,242,243,245,246,247,:
242:4,8,16,23,29,33,36,200,209,233,234,235,240,241,243,244,245,246,247,248,256,:
243:23,36,209,234,235,240,241,242,244,245,246,247,248,249,251,253,254,255,256,:
244:16,17,18,21,23,36,37,234,235,240,242,243,245,246,247,248,249,255,256,:
245:4,8,23,29,33,200,209,234,240,241,242,243,244,246,247,291,:
246:209,224,225,234,235,240,241,242,243,244,245,247,248,249,250,251,252,253,254,255,256,:
247:208,209,221,223,224,225,231,233,234,235,240,241,242,243,244,245,246,248,249,251,252,253,254,255,256,:
248:209,225,242,243,244,246,247,249,250,251,252,253,254,255,256,257,:
249:225,243,244,246,247,248,250,251,252,253,254,255,256,257,258,259,260,261,263,:
250:246,248,249,251,252,253,255,256,257,258,259,260,:
251:209,243,246,247,248,249,250,252,253,254,255,256,:
252:208,209,217,219,223,224,225,246,247,248,249,250,251,253,254,255,256,:
253:208,209,217,219,221,223,224,225,243,246,247,248,249,250,251,252,254,255,256,:
254:209,213,216,218,220,243,246,247,248,249,251,252,253,290,:
255:225,234,235,243,244,246,247,248,249,250,251,252,253,256,257,258,259,260,261,263,:
256:224,225,233,234,235,240,242,243,244,246,247,248,249,250,251,252,253,255,257,258,260,261,263,:
257:225,235,248,249,250,255,256,258,259,260,261,262,263,:
258:225,249,250,255,256,257,259,260,261,:
259:249,250,255,257,258,260,:
260:47,49,53,54,249,250,255,256,257,258,259,261,262,263,264,265,:
261:46,47,48,49,249,255,256,257,258,260,262,263,264,265,266,:
262:45,46,47,257,260,261,263,264,265,266,267,268,:
263:46,47,49,50,51,249,255,256,257,260,261,262,264,265,266,267,:
264:45,46,60,260,261,262,263,265,266,267,268,:
265:38,46,51,104,260,261,262,263,264,266,267,268,:
266:44,45,46,60,104,261,262,263,264,265,267,268,:
267:38,43,44,59,60,66,104,262,263,264,265,266,268,:
268:41,43,44,59,60,64,66,67,68,103,104,262,264,265,266,267,:
269:270,271,272,273,274,275,286,347,349,351,352,353,:
270:269,271,272,273,274,349,350,351,352,353,:
271:269,270,272,273,274,275,276,286,287,292,346,347,349,351,:
272:269,270,271,273,274,275,286,287,288,289,290,291,292,:
273:269,270,271,272,274,275,286,287,288,289,292,293,294,:
274:269,270,271,272,273,275,276,277,278,279,286,292,346,347,348,:
275:269,271,272,273,274,276,277,278,279,280,281,286,289,292,312,313,345,346,:
276:271,274,275,277,278,279,280,281,282,283,284,312,:
277:274,275,276,278,279,280,281,282,283,284,285,312,:
278:274,275,276,277,279,280,281,283,284,285,:
279:274,275,276,277,278,280,281,282,283,284,285,312,:
280:275,276,277,278,279,281,282,283,284,285,289,304,308,309,311,312,:
281:275,276,277,278,279,280,282,283,285,289,304,308,309,310,311,312,313,:
282:276,277,279,280,281,283,284,285,289,303,304,308,309,312,:
283:276,277,278,279,280,281,282,284,285,:
284:276,277,278,279,280,282,283,285,:
285:277,278,279,280,281,282,283,284,:
286:269,271,272,273,274,275,287,288,289,290,291,292,293,294,:
287:271,272,273,286,288,289,290,291,292,293,294,295,:
288:272,273,286,287,289,290,291,292,293,294,295,296,297,298,303,304,308,309,:
289:272,273,275,280,281,282,286,287,288,290,292,293,294,295,296,297,303,304,308,309,310,313,:
290:254,272,286,287,288,289,291,292,293,294,:
291:212,214,215,245,272,286,287,288,290,292,:
292:271,272,273,274,275,286,287,288,289,290,291,313,:
293:273,286,287,288,289,290,294,295,296,297,298,299,303,304,309,:
294:273,286,287,288,289,290,293,295,296,297,298,:
295:287,288,289,293,294,296,297,298,299,300,303,304,305,309,:
296:21,37,288,289,293,294,295,297,298,299,303,304,305,306,308,309,:
297:16,17,21,24,37,288,289,293,294,295,296,298,299,303,304,305,306,308,309,:
298:288,293,294,295,296,297,299,300,301,302,303,304,:
299:293,295,296,297,298,300,301,302,303,304,:
300:295,298,299,301,302,:
301:298,299,300,302,:
302:298,299,300,301,:
303:37,282,288,289,293,295,296,297,298,299,304,305,306,307,308,309,:
304:280,281,282,288,289,293,295,296,297,298,299,303,305,306,308,309,:
305:21,37,295,296,297,303,304,306,307,308,309,310,:
306:16,21,23,37,296,297,303,304,305,307,308,309,310,311,312,313,315,:
307:10,16,21,23,31,35,37,303,305,306,308,309,310,311,312,315,321,:
308:16,21,23,37,280,281,282,288,289,296,297,303,304,305,306,307,309,310,311,312,313,315,:
309:21,23,37,280,281,282,288,289,293,295,296,297,303,304,305,306,307,308,310,311,312,313,:
310:16,23,37,281,289,305,306,307,308,309,311,312,313,314,315,316,321,:
311:280,281,306,307,308,309,310,312,313,314,315,316,317,318,319,320,321,:
312:275,276,277,279,280,281,282,306,307,308,309,310,311,313,314,315,316,317,318,321,322,323,:
313:23,275,281,289,292,306,308,309,310,311,312,314,315,321,:
314:23,310,311,312,313,315,318,321,337,338,340,341,:
315:306,307,308,310,311,312,313,314,316,317,318,319,320,321,322,323,:
316:310,311,312,315,317,318,319,320,321,322,323,324,333,:
317:311,312,315,316,318,319,320,321,322,323,324,325,326,327,332,333,341,:
318:311,312,314,315,316,317,319,320,321,322,323,324,325,326,332,333,334,335,337,340,341,345,:
319:311,315,316,317,318,320,321,322,323,333,:
320:6,7,13,19,20,32,311,315,316,317,318,319,321,339,:
321:10,12,13,15,19,20,307,310,311,312,313,314,315,316,317,318,319,320,:
322:312,315,316,317,318,319,323,324,325,326,327,328,333,341,:
323:312,315,316,317,318,319,322,324,325,327,328,329,:
324:316,317,318,322,323,325,326,327,328,329,333,341,:
325:317,318,322,323,324,326,327,328,332,333,340,341,:
326:317,318,322,324,325,327,332,333,335,340,341,342,343,345,:
327:317,322,323,324,325,326,328,329,330,331,:
328:322,323,324,325,327,329,330,331,:
329:323,324,327,328,330,331,:
330:327,328,329,331,:
331:327,328,329,330,:
332:317,318,325,326,333,334,335,336,337,338,339,340,341,:
333:316,317,318,319,322,324,325,326,332,334,335,337,339,340,341,:
334:318,332,333,335,336,337,338,339,340,341,342,:
335:318,326,332,333,334,336,337,338,339,340,341,342,343,344,345,355,:
336:332,334,335,337,338,340,341,342,343,344,354,355,360,:
337:314,318,332,333,334,335,336,338,339,340,341,:
338:8,33,314,332,334,335,336,337,339,340,341,:
339:320,332,333,334,335,337,338,382,383,:
340:314,318,325,326,332,333,334,335,336,337,338,341,342,343,344,345,346,355,:
341:314,317,318,322,324,325,326,332,333,334,335,336,337,338,340,342,343,345,:
342:326,334,335,336,340,341,343,344,345,346,347,348,355,:
343:326,335,336,340,341,342,344,345,346,347,348,354,355,:
344:335,336,340,342,343,345,346,347,348,354,355,356,357,359,:
345:275,318,326,335,340,341,342,343,344,346,347,348,349,350,:
346:271,274,275,340,342,343,344,345,347,348,349,350,351,:
347:269,271,274,342,343,344,345,346,348,349,350,351,352,353,361,:
348:274,342,343,344,345,346,347,349,350,351,352,:
349:269,270,271,345,346,347,348,350,351,352,353,:
350:270,345,346,347,348,349,351,352,353,:
351:269,270,271,346,347,348,349,350,352,353,:
352:269,270,347,348,349,350,351,353,:
353:269,270,347,349,350,351,352,:
354:336,343,344,355,356,357,358,359,360,:
355:335,336,340,342,343,344,354,356,357,359,360,:
356:344,354,355,357,358,359,360,:
357:344,354,355,356,358,359,360,:
358:354,356,357,359,:
359:344,354,355,356,357,358,360,361,:
360:178,201,336,354,355,356,357,359,361,362,:
361:347,359,360,362,:
362:199,200,201,205,207,360,361,:
363:364,365,366,367,368,369,371,376,:
364:363,365,366,368,369,371,:
365:363,364,366,367,368,369,370,371,376,385,:
366:150,363,364,365,367,368,369,375,376,384,385,:
367:150,363,365,366,368,375,376,377,378,380,384,385,386,389,:
368:146,150,151,363,364,365,366,367,369,370,371,372,373,:
369:151,363,364,365,366,368,370,371,372,373,374,:
370:143,151,365,368,369,371,372,373,374,:
371:363,364,365,368,369,370,372,373,374,:
372:34,114,143,368,369,370,371,373,374,:
373:204,368,369,370,371,372,374,:
374:143,204,369,370,371,372,373,:
375:366,367,376,377,378,379,380,381,384,385,397,:
376:363,365,366,367,375,377,378,380,381,384,385,:
377:367,375,376,378,379,380,381,384,385,386,397,:
378:367,375,376,377,379,380,381,384,385,386,387,388,389,396,397,407,413,:
379:375,377,378,380,384,385,386,387,388,396,397,398,399,401,406,407,408,411,412,413,:
380:367,375,376,377,378,379,381,382,383,384,385,:
381:375,376,377,378,380,382,383,:
382:339,380,381,383,:
383:114,339,380,381,382,:
384:366,367,375,376,377,378,379,380,385,386,387,388,389,390,397,407,:
385:365,366,367,375,376,377,378,379,380,384,386,387,389,:
386:367,377,378,379,384,385,387,388,389,390,391,392,397,407,:
387:378,379,384,385,386,388,389,390,391,392,396,397,406,407,:
388:378,379,384,386,387,389,390,391,392,396,397,406,407,408,409,411,:
389:367,378,384,385,386,387,388,390,391,392,393,394,:
390:384,386,387,388,389,391,392,393,394,395,:
391:386,387,388,389,390,392,393,394,395,:
392:386,387,388,389,390,391,393,394,395,:
393:389,390,391,392,394,395,:
394:88,120,122,389,390,391,392,393,395,:
395:122,390,391,392,393,394,:
396:378,379,387,388,397,398,399,400,401,402,406,407,:
397:375,377,378,379,384,386,387,388,396,398,399,401,402,406,407,:
398:379,396,397,399,400,401,402,403,406,407,408,:
399:379,396,397,398,400,401,402,406,407,408,409,411,412,413,:
400:396,398,399,401,406,407,408,409,:
401:379,396,397,398,399,400,402,403,404,405,406,407,:
402:396,397,398,399,401,403,404,405,:
403:398,401,402,404,405,:
404:401,402,403,405,:
405:401,402,403,404,:
406:379,387,388,396,397,398,399,400,401,407,408,409,410,411,412,413,:
407:378,379,384,386,387,388,396,397,398,399,400,401,406,408,409,411,412,413,:
408:379,388,398,399,400,406,407,409,410,411,412,413,:
409:388,399,400,406,407,408,410,411,412,:
410:406,408,409,411,:
411:28,113,379,388,399,406,407,408,409,410,412,413,:
412:28,113,379,399,406,407,408,409,411,413,:
413:28,113,378,379,399,406,407,408,411,412,:
