1:2,3,4,5,6,8,21,22,23,61,62,63,195,229,230,232,266,267,269,270,397,399,400,:
2:1,3,4,5,21,22,61,62,63,229,230,232,259,260,264,265,266,267,268,269,270,271,272,273,274,275,399,400,:
3:1,2,4,5,8,21,22,61,62,264,265,266,267,268,270,365,368,396,397,398,399,400,:
4:1,2,3,5,6,7,8,21,195,228,229,230,231,232,270,396,397,398,399,400,:
5:1,2,3,4,6,7,8,21,30,31,32,194,195,229,230,397,400,:
6:1,4,5,7,8,21,30,31,191,193,194,195,227,228,229,230,:
7:4,5,6,8,30,31,32,230,396,400,:
8:1,3,4,5,6,7,21,30,31,32,33,34,195,400,:
9:10,11,12,13,14,17,19,20,23,24,25,27,28,29,53,54,60,63,66,67,68,188,189,191,295,:
10:9,11,12,13,14,19,20,24,27,28,29,53,54,55,56,66,67,68,131,189,293,294,295,:
11:9,10,12,13,14,15,16,19,20,29,53,54,55,56,68,131,159,187,188,294,295,:
12:9,10,11,13,14,15,20,53,54,55,56,131,143,144,145,147,148,158,159,162,166,187,294,:
13:9,10,11,12,14,15,16,17,19,20,29,53,54,55,56,57,60,159,187,188,189,:
14:9,10,11,12,13,15,16,17,18,19,20,55,56,57,59,60,159,187,188,190,:
15:11,12,13,14,16,17,20,55,56,57,158,159,162,:
16:11,13,14,15,17,18,19,20,57,58,59,60,190,:
17:9,13,14,15,16,18,19,20,57,58,59,60,190,192,:
18:14,16,17,19,20,57,58,59,60,192,:
19:9,10,11,13,14,16,17,18,20,24,29,57,58,59,60,188,189,190,191,192,193,:
20:9,10,11,12,13,14,15,16,17,18,19,24,27,29,53,57,58,60,66,68,188,189,190,191,:
21:1,2,3,4,5,6,8,22,23,24,25,61,62,63,68,191,194,195,267,270,274,:
22:1,2,3,21,23,24,25,26,27,29,61,62,63,64,65,68,267,270,273,274,:
23:1,9,21,22,24,25,26,27,28,29,61,62,63,64,65,66,67,68,274,:
24:9,10,19,20,21,22,23,25,26,27,28,29,60,61,62,63,64,65,66,67,68,189,191,195,:
25:9,21,22,23,24,26,27,28,29,61,62,63,64,65,66,67,68,:
26:22,23,24,25,27,28,29,61,62,63,64,65,66,67,68,272,273,276,278,284,285,:
27:9,10,20,22,23,24,25,26,28,29,53,63,64,65,66,67,68,295,:
28:9,10,23,24,25,26,27,29,53,63,64,65,66,67,68,284,285,290,291,293,294,295,:
29:9,10,11,13,19,20,22,23,24,25,26,27,28,53,60,63,64,65,66,67,68,189,191,295,:
30:5,6,7,8,31,32,33,34,35,69,70,71,400,:
31:5,6,7,8,30,32,33,34,69,70,:
32:5,7,8,30,31,33,34,69,70,397,398,400,:
33:8,30,31,32,34,35,36,37,69,70,71,72,:
34:8,30,31,32,33,35,36,37,38,39,41,69,70,71,72,74,:
35:30,33,34,36,37,38,39,40,41,42,69,70,71,72,73,74,75,76,:
36:33,34,35,37,38,39,40,41,42,43,52,69,70,71,72,73,74,75,76,77,:
37:33,34,35,36,38,39,40,41,42,69,70,71,72,73,74,75,76,:
38:34,35,36,37,39,40,41,69,71,72,73,74,75,76,:
39:34,35,36,37,38,40,41,42,43,45,51,52,69,70,71,72,73,74,75,76,77,81,:
40:35,36,37,38,39,41,42,49,51,52,72,73,74,75,76,81,:
41:34,35,36,37,38,39,40,42,43,44,45,51,52,70,71,72,73,74,75,76,77,81,:
42:35,36,37,39,40,41,43,44,45,46,49,51,52,74,75,76,77,81,:
43:36,39,41,42,44,45,46,51,52,74,76,77,:
44:41,42,43,45,46,47,48,51,52,74,77,:
45:39,41,42,43,44,46,47,48,49,51,52,74,77,78,81,:
46:42,43,44,45,47,48,49,50,51,52,78,80,81,:
47:44,45,46,48,49,52,78,:
48:44,45,46,47,49,50,51,52,78,79,80,81,:
49:40,42,45,46,47,48,50,51,52,78,79,80,81,:
50:46,48,49,51,52,78,79,80,81,:
51:39,40,41,42,43,44,45,46,48,49,50,52,74,75,76,78,79,80,81,:
52:36,39,40,41,42,43,44,45,46,47,48,49,50,51,74,75,76,77,78,79,81,:
53:9,10,11,12,13,20,27,28,29,54,55,56,63,66,67,68,129,130,131,293,294,295,:
54:9,10,11,12,13,53,55,56,129,130,131,143,144,145,147,148,158,159,166,293,294,295,:
55:10,11,12,13,14,15,53,54,56,143,144,145,146,147,148,150,158,159,160,162,166,294,:
56:10,11,12,13,14,15,53,54,55,131,144,147,148,158,159,160,161,162,163,166,183,187,:
57:13,14,15,16,17,18,19,20,58,59,:
58:16,17,18,19,20,57,59,60,:
59:14,16,17,18,19,57,58,60,:
60:9,13,14,16,17,18,19,20,24,29,58,59,66,68,191,192,193,194,195,:
61:1,2,3,21,22,23,24,25,26,62,63,64,65,68,266,267,268,269,270,271,272,273,274,:
62:1,2,3,21,22,23,24,25,26,61,63,64,65,267,367,368,:
63:1,2,9,21,22,23,24,25,26,27,28,29,53,61,62,64,65,66,67,68,189,191,271,272,273,274,:
64:22,23,24,25,26,27,28,29,61,62,63,65,66,67,68,:
65:22,23,24,25,26,27,28,29,61,62,63,64,66,67,68,272,273,274,276,277,278,279,284,285,295,:
66:9,10,20,23,24,25,26,27,28,29,53,60,63,64,65,67,68,295,:
67:9,10,23,24,25,26,27,28,29,53,63,64,65,66,68,279,284,285,286,290,291,293,294,295,:
68:9,10,11,20,21,22,23,24,25,26,27,28,29,53,60,61,63,64,65,66,67,131,189,191,274,295,:
69:30,31,32,33,34,35,36,37,38,39,70,71,72,74,:
70:30,31,32,33,34,35,36,37,39,41,69,71,72,74,77,:
71:30,33,34,35,36,37,38,39,41,69,70,72,73,75,76,:
72:33,34,35,36,37,38,39,40,41,69,70,71,73,74,75,:
73:35,36,37,38,39,40,41,71,72,74,75,76,:
74:34,35,36,37,38,39,40,41,42,43,44,45,51,52,69,70,72,73,75,76,77,81,:
75:35,36,37,38,39,40,41,42,51,52,71,72,73,74,76,79,81,:
76:35,36,37,38,39,40,41,42,43,51,52,71,73,74,75,77,81,:
77:36,39,41,42,43,44,45,52,70,74,76,:
78:45,46,47,48,49,50,51,52,79,80,:
79:48,49,50,51,52,75,78,80,81,:
80:46,48,49,50,51,78,79,81,:
81:39,40,41,42,45,46,48,49,50,51,52,74,75,76,79,80,:
82:83,84,85,86,87,88,91,92,:
83:82,84,85,86,87,91,:
84:82,83,85,86,87,88,89,90,91,92,93,246,:
85:82,83,84,86,87,88,89,91,92,93,94,96,98,100,246,:
86:82,83,84,85,87,88,91,92,93,94,96,98,100,:
87:82,83,84,85,86,88,89,90,91,92,:
88:82,84,85,86,87,89,90,91,92,:
89:84,85,87,88,90,91,92,95,245,246,248,250,251,257,258,262,:
90:84,87,88,89,379,:
91:82,83,84,85,86,87,88,89,92,93,94,95,96,97,98,99,100,246,:
92:82,84,85,86,87,88,89,91,93,94,95,96,98,99,245,246,248,250,258,:
93:84,85,86,91,92,94,95,96,97,98,99,100,101,246,:
94:85,86,91,92,93,95,96,97,98,99,100,101,102,103,104,106,107,108,258,:
95:89,91,92,93,94,96,97,99,100,101,102,107,108,114,250,251,253,257,258,259,261,:
96:85,86,91,92,93,94,95,97,98,99,100,246,:
97:91,93,94,95,96,98,99,100,114,:
98:85,86,91,92,93,94,96,97,:
99:91,92,93,94,95,96,97,100,101,102,103,104,105,106,107,108,258,:
100:85,86,91,93,94,95,96,97,99,101,102,103,104,106,:
101:93,94,95,99,100,102,103,104,105,106,107,108,109,258,261,:
102:94,95,99,100,101,103,104,105,106,107,108,109,110,112,114,116,261,:
103:94,99,100,101,102,104,105,107,108,109,110,112,114,115,116,:
104:94,99,100,101,102,103,105,106,107,108,:
105:99,101,102,103,104,106,107,108,261,:
106:94,99,100,101,102,104,105,:
107:94,95,99,101,102,103,104,105,108,109,110,111,112,113,114,115,116,258,260,261,:
108:94,95,99,101,102,103,104,105,107,109,110,111,112,114,257,258,259,260,261,269,271,:
109:101,102,103,107,108,110,111,112,113,114,115,116,117,261,:
110:102,103,107,108,109,111,112,113,114,115,116,117,118,119,120,121,124,125,277,:
111:107,108,109,110,112,113,115,116,117,118,124,125,261,271,272,274,276,277,280,282,:
112:102,103,107,108,109,110,111,113,114,115,116,261,:
113:107,109,110,111,112,114,115,116,219,:
114:95,97,102,103,107,108,109,110,112,113,218,:
115:103,107,109,110,111,112,113,116,117,118,119,120,121,122,123,124,125,277,:
116:102,103,107,109,110,111,112,113,115,117,118,119,120,121,123,:
117:109,110,111,115,116,118,119,120,121,122,123,124,125,126,277,280,:
118:110,111,115,116,117,119,120,121,122,124,125,126,127,128,129,130,280,:
119:110,115,116,117,118,120,122,124,125,126,127,129,:
120:110,115,116,117,118,119,121,122,123,124,125,:
121:110,115,116,117,118,120,122,123,282,:
122:115,117,118,119,120,121,123,124,125,298,:
123:115,116,117,120,121,122,:
124:110,111,115,117,118,119,120,122,125,126,127,128,129,130,132,133,280,:
125:110,111,115,117,118,119,120,122,124,126,127,128,129,130,277,279,280,284,286,296,297,:
126:117,118,119,124,125,127,128,129,130,131,132,133,134,139,:
127:118,119,124,125,126,128,129,130,133,134,135,137,138,139,140,141,297,:
128:118,124,125,126,127,129,133,134,135,139,140,141,280,286,287,292,294,296,297,298,301,:
129:53,54,118,119,124,125,126,127,128,130,131,132,133,139,294,:
130:53,54,118,124,125,126,127,129,131,132,:
131:10,11,12,53,54,56,68,126,129,130,132,187,189,274,:
132:124,126,129,130,131,179,180,:
133:124,126,127,128,129,134,135,136,137,138,139,140,141,144,:
134:126,127,128,133,135,136,137,138,139,140,141,142,:
135:127,128,133,134,136,137,138,139,140,141,142,143,144,:
136:133,134,135,137,138,139,140,141,142,143,144,145,:
137:127,133,134,135,136,138,139,140,:
138:127,133,134,135,136,137,139,:
139:126,127,128,129,133,134,135,136,137,138,:
140:127,128,133,134,135,136,137,141,142,143,144,145,146,291,292,293,294,:
141:127,128,133,134,135,136,140,142,143,144,291,292,293,294,297,:
142:134,135,136,140,141,143,144,145,146,147,291,292,293,294,:
143:12,54,55,135,136,140,141,142,144,145,146,147,148,149,150,158,159,292,293,294,:
144:12,54,55,56,133,135,136,140,141,142,143,145,146,147,148,149,158,159,166,293,294,:
145:12,54,55,136,140,142,143,144,146,147,148,149,150,151,158,159,294,:
146:55,140,142,143,144,145,147,148,149,150,151,152,153,:
147:12,54,55,56,142,143,144,145,146,148,149,150,151,152,158,159,160,:
148:12,54,55,56,143,144,145,146,147,149,150,151,158,159,160,161,163,166,:
149:143,144,145,146,147,148,150,151,158,159,160,163,:
150:55,143,145,146,147,148,149,151,152,153,158,159,:
151:145,146,147,148,149,150,152,153,154,:
152:146,147,150,151,153,154,155,156,157,:
153:146,150,151,152,154,155,156,157,:
154:151,152,153,155,156,157,:
155:152,153,154,156,157,:
156:152,153,154,155,157,:
157:152,153,154,155,156,:
158:12,15,54,55,56,143,144,145,147,148,149,150,159,160,161,162,163,164,166,167,:
159:11,12,13,14,15,54,55,56,143,144,145,147,148,149,150,158,160,161,162,163,166,167,:
160:55,56,147,148,149,158,159,161,162,163,164,165,166,167,168,173,175,:
161:56,148,158,159,160,162,163,164,165,166,167,168,169,171,172,173,174,175,183,:
162:12,15,55,56,158,159,160,161,163,164,166,167,168,169,170,173,174,175,182,183,187,197,:
163:56,148,149,158,159,160,161,162,164,165,166,167,173,174,175,:
164:158,160,161,162,163,165,166,167,168,169,173,174,175,176,179,181,:
165:160,161,163,164,166,167,173,174,175,176,179,181,:
166:12,54,55,56,144,148,158,159,160,161,162,163,164,165,174,175,179,183,:
167:158,159,160,161,162,163,164,165,168,169,170,171,172,173,174,175,183,:
168:160,161,162,164,167,169,170,171,172,173,174,175,176,183,197,:
169:161,162,164,167,168,170,171,172,173,174,175,176,177,178,179,182,183,196,197,203,:
170:162,167,168,169,171,174,175,176,177,178,182,183,185,196,197,198,199,201,202,203,207,:
171:161,167,168,169,170,172,173,174,175,:
172:161,167,168,169,171,173,175,:
173:160,161,162,163,164,165,167,168,169,171,172,174,175,:
174:161,162,163,164,165,166,167,168,169,170,171,173,175,176,177,178,179,180,181,182,183,197,203,:
175:160,161,162,163,164,165,166,167,168,169,170,171,172,173,174,176,177,179,181,182,183,:
176:164,165,168,169,170,174,175,177,178,179,180,181,182,183,184,203,213,:
177:169,170,174,175,176,178,179,180,181,182,183,184,185,186,187,196,197,202,203,212,213,219,:
178:169,170,174,176,177,179,180,182,183,184,185,186,196,197,202,203,204,205,207,212,213,214,217,219,:
179:132,164,165,166,169,174,175,176,177,178,180,181,182,183,:
180:132,174,176,177,178,179,181,182,183,219,:
181:164,165,174,175,176,177,179,180,:
182:162,169,170,174,175,176,177,178,179,180,183,184,185,186,187,188,196,197,203,213,:
183:56,161,162,166,167,168,169,170,174,175,176,177,178,179,180,182,184,185,187,196,197,:
184:176,177,178,182,183,185,186,187,188,189,190,196,197,198,203,213,:
185:170,177,178,182,183,184,186,187,188,189,190,196,197,198,199,200,201,202,203,212,213,221,:
186:177,178,182,184,185,187,188,189,190,196,197,198,199,200,202,203,205,212,213,214,215,217,220,221,222,225,226,:
187:11,12,13,14,56,131,162,177,182,183,184,185,186,188,189,190,191,192,196,197,:
188:9,11,13,14,19,20,182,184,185,186,187,189,190,191,192,193,196,197,:
189:9,10,13,19,20,24,29,63,68,131,184,185,186,187,188,190,191,192,193,194,195,275,:
190:14,16,17,19,20,184,185,186,187,188,189,191,192,193,194,196,197,198,:
191:6,9,19,20,21,24,29,60,63,68,187,188,189,190,192,193,194,195,:
192:17,18,19,60,187,188,189,190,191,193,194,195,:
193:6,19,60,188,189,190,191,192,194,195,226,:
194:5,6,21,60,189,190,191,192,193,195,:
195:1,4,5,6,8,21,24,60,189,191,192,193,194,:
196:169,170,177,178,182,183,184,185,186,187,188,190,197,198,199,200,201,202,203,213,221,:
197:162,168,169,170,174,177,178,182,183,184,185,186,187,188,190,196,198,199,201,202,203,:
198:170,184,185,186,190,196,197,199,200,201,202,203,204,213,221,:
199:170,185,186,196,197,198,200,201,202,203,204,205,206,207,212,213,220,221,:
200:185,186,196,198,199,201,202,203,204,205,206,212,213,220,221,222,223,225,:
201:170,185,196,197,198,199,200,202,203,:
202:170,177,178,185,186,196,197,198,199,200,201,203,204,205,206,207,208,210,212,213,221,:
203:169,170,174,176,177,178,182,184,185,186,196,197,198,199,200,201,202,204,205,207,212,213,:
204:178,198,199,200,202,203,205,206,207,208,209,210,212,213,214,221,:
205:178,186,199,200,202,203,204,206,207,208,209,210,212,213,214,215,216,217,220,221,:
206:199,200,202,204,205,207,208,209,210,212,213,214,215,216,220,221,223,:
207:170,178,199,202,203,204,205,206,208,209,210,211,212,213,:
208:202,204,205,206,207,209,210,211,212,:
209:204,205,206,207,208,210,211,:
210:202,204,205,206,207,208,209,211,:
211:207,208,209,210,:
212:177,178,185,186,199,200,202,203,204,205,206,207,208,213,214,215,216,217,218,219,220,221,:
213:176,177,178,182,184,185,186,196,198,199,200,202,203,204,205,206,207,212,214,215,217,219,220,221,:
214:178,186,204,205,206,212,213,215,216,217,218,219,220,221,222,:
215:186,205,206,212,213,214,216,217,218,219,220,221,222,223,224,225,:
216:205,206,212,214,215,217,218,220,221,222,223,224,234,:
217:178,186,205,212,213,214,215,216,218,219,220,221,:
218:114,212,214,215,216,217,219,220,221,254,:
219:113,177,178,180,212,213,214,215,217,218,:
220:186,199,200,205,206,212,213,214,215,216,217,218,221,222,223,224,225,226,227,:
221:185,186,196,198,199,200,202,204,205,206,212,213,214,215,216,217,218,220,222,223,225,226,227,:
222:186,200,214,215,216,220,221,223,224,225,226,227,234,:
223:200,206,215,216,220,221,222,224,225,226,233,234,:
224:215,216,220,222,223,225,233,234,235,238,239,241,:
225:186,200,215,220,221,222,223,224,226,227,228,:
226:186,193,220,221,222,223,225,227,228,229,:
227:6,220,221,222,225,226,228,229,230,231,232,241,254,255,:
228:4,6,225,226,227,229,230,231,232,254,255,275,:
229:1,2,4,5,6,226,227,228,230,231,232,251,252,253,254,255,270,:
230:1,2,4,5,6,7,227,228,229,231,232,252,254,255,396,400,:
231:4,227,228,229,230,232,248,249,250,251,252,253,254,255,:
232:1,2,4,227,228,229,230,231,251,252,253,254,255,257,259,260,269,270,275,:
233:223,224,234,235,236,237,238,239,240,:
234:216,222,223,224,233,235,236,238,239,240,241,:
235:224,233,234,236,237,238,239,240,241,:
236:233,234,235,237,238,239,:
237:233,235,236,238,:
238:224,233,234,235,236,237,239,240,241,:
239:224,233,234,235,236,238,240,241,:
240:233,234,235,238,239,241,:
241:224,227,234,235,238,239,240,:
242:243,244,245,246,247,248,249,:
243:242,244,245,246,247,:
244:242,243,245,246,247,248,249,250,:
245:89,92,242,243,244,246,247,248,249,250,251,252,253,256,:
246:84,85,89,91,92,93,96,242,243,244,245,247,248,249,250,251,253,256,:
247:242,243,244,245,246,248,249,:
248:89,92,231,242,244,245,246,247,249,250,251,252,253,254,255,256,257,258,:
249:231,242,244,245,246,247,248,250,251,252,253,254,255,256,257,:
250:89,92,95,231,244,245,246,248,249,251,252,253,254,255,256,257,258,259,:
251:89,95,229,231,232,245,246,248,249,250,252,253,254,255,256,257,258,259,260,262,:
252:229,230,231,232,245,248,249,250,251,253,254,255,257,258,259,262,395,396,:
253:95,229,231,232,245,246,248,249,250,251,252,254,255,256,257,258,:
254:218,227,228,229,230,231,232,248,249,250,251,252,253,255,256,257,:
255:227,228,229,230,231,232,248,249,250,251,252,253,254,256,257,258,:
256:245,246,248,249,250,251,253,254,255,:
257:89,95,108,232,248,249,250,251,252,253,254,255,258,259,260,261,262,263,269,270,:
258:89,92,94,95,99,101,107,108,248,250,251,252,253,255,257,259,260,261,262,269,:
259:2,95,108,232,250,251,252,257,258,260,261,262,263,264,265,266,268,269,270,271,:
260:2,107,108,232,251,257,258,259,261,262,263,264,266,268,269,270,271,272,273,274,275,:
261:95,101,102,105,107,108,109,111,112,257,258,259,260,262,263,269,270,271,272,273,:
262:89,251,252,257,258,259,260,261,263,264,265,266,268,269,270,:
263:257,259,260,261,262,264,265,266,267,268,269,270,273,347,377,399,:
264:2,3,259,260,262,263,265,266,267,268,269,270,273,347,363,397,399,400,:
265:2,3,259,262,263,264,266,267,268,361,362,363,371,395,396,397,398,399,400,:
266:1,2,3,61,259,260,262,263,264,265,267,268,269,270,272,273,347,363,365,399,:
267:1,2,3,21,22,61,62,263,264,265,266,268,270,273,363,364,365,397,399,400,:
268:2,3,61,259,260,262,263,264,265,266,267,269,270,271,272,273,347,:
269:1,2,61,108,232,257,258,259,260,261,262,263,264,266,268,270,271,272,273,274,275,276,277,:
270:1,2,3,4,21,22,61,229,232,257,259,260,261,262,263,264,266,267,268,269,271,272,273,274,275,:
271:2,61,63,108,111,259,260,261,268,269,270,272,273,274,275,276,277,278,:
272:2,26,61,63,65,111,260,261,266,268,269,270,271,273,274,276,277,278,279,281,282,:
273:2,22,26,61,63,65,260,261,263,264,266,267,268,269,270,271,272,274,276,277,278,281,:
274:2,21,22,23,61,63,65,68,111,131,260,269,270,271,272,273,275,276,277,:
275:2,189,228,232,260,269,270,271,274,:
276:26,65,111,269,271,272,273,274,277,278,279,280,281,282,283,284,285,:
277:65,110,111,115,117,125,269,271,272,273,274,276,278,279,280,281,282,284,:
278:26,65,271,272,273,276,277,279,280,281,282,283,284,285,286,:
279:65,67,125,272,276,277,278,280,281,282,283,284,285,286,287,288,289,:
280:111,117,118,124,125,128,276,277,278,279,281,282,283,284,285,286,287,288,296,297,:
281:272,273,276,277,278,279,280,282,283,284,285,:
282:111,121,272,276,277,278,279,280,281,283,284,:
283:276,278,279,280,281,282,284,285,288,328,:
284:26,28,65,67,125,276,277,278,279,280,281,282,283,285,286,287,288,289,290,291,296,297,328,:
285:26,28,65,67,276,278,279,280,281,283,284,286,287,288,289,290,326,328,:
286:67,125,128,278,279,280,284,285,287,288,289,290,291,292,293,295,296,297,298,306,319,328,:
287:128,279,280,284,285,286,288,289,290,296,297,298,299,300,301,305,306,318,319,:
288:279,280,283,284,285,286,287,289,296,297,298,299,300,305,306,318,319,320,321,323,328,:
289:279,284,285,286,287,288,290,291,292,293,295,296,297,306,319,326,327,328,:
290:28,67,284,285,286,287,289,291,292,293,294,295,297,:
291:28,67,140,141,142,284,286,289,290,292,293,294,295,297,:
292:128,140,141,142,143,286,289,290,291,293,294,295,296,297,306,:
293:10,28,53,54,67,140,141,142,143,144,286,289,290,291,292,294,295,:
294:10,11,12,28,53,54,55,67,128,129,140,141,142,143,144,145,290,291,292,293,295,:
295:9,10,11,27,28,29,53,54,65,66,67,68,286,289,290,291,292,293,294,:
296:125,128,280,284,286,287,288,289,292,297,298,299,300,301,302,305,306,319,:
297:125,127,128,141,280,284,286,287,288,289,290,291,292,296,298,299,301,305,306,:
298:122,128,286,287,288,296,297,299,300,301,302,305,306,307,319,:
299:287,288,296,297,298,300,301,302,305,306,307,308,310,318,319,:
300:287,288,296,298,299,301,302,305,306,307,308,309,318,319,321,:
301:128,287,296,297,298,299,300,302,303,304,305,306,:
302:296,298,299,300,301,303,304,305,306,:
303:301,302,304,:
304:301,302,303,:
305:287,288,296,297,298,299,300,301,302,306,307,308,309,310,311,318,319,:
306:286,287,288,289,292,296,297,298,299,300,301,302,305,307,308,310,311,312,318,319,:
307:298,299,300,305,306,308,309,310,311,312,318,319,320,:
308:299,300,305,306,307,309,310,311,318,319,320,321,323,:
309:300,305,307,308,310,311,318,319,320,321,:
310:299,305,306,307,308,309,311,312,313,318,319,:
311:305,306,307,308,309,310,312,313,314,315,316,318,319,:
312:306,307,310,311,313,314,315,316,317,:
313:310,311,312,314,315,316,317,:
314:311,312,313,315,316,317,327,:
315:311,312,313,314,316,317,325,326,327,:
316:311,312,313,314,315,317,:
317:312,313,314,315,316,327,:
318:287,288,299,300,305,306,307,308,309,310,311,319,320,321,322,323,324,325,326,328,:
319:286,287,288,289,296,298,299,300,305,306,307,308,309,310,311,318,320,321,323,324,325,326,328,:
320:288,307,308,309,318,319,321,322,323,324,325,326,328,:
321:288,300,308,309,318,319,320,322,323,324,:
322:318,320,321,323,:
323:288,308,318,319,320,321,322,324,325,326,327,328,:
324:318,319,320,321,323,325,326,327,328,:
325:315,318,319,320,323,324,326,327,328,:
326:285,289,315,318,319,320,323,324,325,327,328,:
327:289,314,315,317,323,324,325,326,328,:
328:283,284,285,286,288,289,318,319,320,323,324,325,326,327,:
329:330,331,332,333,334,335,336,337,340,341,350,:
330:329,331,332,334,335,336,337,339,340,341,:
331:329,330,332,333,334,335,336,337,339,340,341,342,350,:
332:329,330,331,333,334,335,340,341,342,343,344,345,349,350,359,:
333:329,331,332,334,340,341,342,343,344,349,350,351,352,354,358,359,360,363,364,365,:
334:329,330,331,332,333,335,336,337,338,339,340,341,:
335:329,330,331,332,334,336,337,338,339,:
336:329,330,331,334,335,337,338,339,:
337:329,330,331,334,335,336,338,339,:
338:334,335,336,337,339,:
339:330,331,334,335,336,337,338,:
340:329,330,331,332,333,334,341,342,343,344,345,346,350,359,:
341:329,330,331,332,333,334,340,342,343,345,:
342:331,332,333,340,341,343,344,345,346,347,348,350,359,:
343:332,333,340,341,342,344,345,346,347,349,350,358,359,372,:
344:332,333,340,342,343,345,346,349,350,352,358,359,360,361,363,371,372,373,376,377,379,:
345:332,340,341,342,343,344,346,347,348,:
346:340,342,343,344,345,347,348,:
347:263,264,266,268,342,343,345,346,348,:
348:342,345,346,347,:
349:332,333,343,344,350,351,352,353,354,355,358,359,372,:
350:329,331,332,333,340,342,343,344,349,351,352,354,355,358,359,372,:
351:333,349,350,352,353,354,355,356,357,358,359,360,372,:
352:333,344,349,350,351,353,354,355,358,359,360,361,362,363,371,372,381,:
353:349,351,352,354,358,359,360,361,362,371,372,374,380,381,382,385,387,:
354:333,349,350,351,352,353,355,356,357,358,359,:
355:349,350,351,352,354,356,357,:
356:351,354,355,357,:
357:351,354,355,356,:
358:333,343,344,349,350,351,352,353,354,359,360,361,362,363,364,371,372,381,:
359:332,333,340,342,343,344,349,350,351,352,353,354,358,360,361,363,364,365,371,372,:
360:333,344,351,352,353,358,359,361,362,363,364,365,371,372,373,381,:
361:265,344,352,353,358,359,360,362,363,364,371,372,373,374,375,376,380,381,389,398,399,:
362:265,352,353,358,360,361,363,371,372,373,374,375,380,381,382,385,388,389,390,393,394,395,397,398,399,:
363:264,265,266,267,333,344,352,358,359,360,361,362,364,365,366,371,372,398,399,:
364:267,333,358,359,360,361,363,365,366,367,368,369,:
365:3,266,267,333,359,360,363,364,366,367,368,369,370,:
366:363,364,365,367,368,369,370,:
367:62,364,365,366,368,369,370,:
368:3,62,364,365,366,367,369,370,:
369:364,365,366,367,368,370,:
370:365,366,367,368,369,:
371:265,344,352,353,358,359,360,361,362,363,372,373,374,375,376,377,378,381,389,:
372:343,344,349,350,351,352,353,358,359,360,361,362,363,371,373,374,376,377,:
373:344,360,361,362,371,372,374,375,376,377,378,379,381,389,:
374:353,361,362,371,372,373,375,376,377,378,380,381,388,389,:
375:361,362,371,373,374,376,378,380,381,388,389,390,391,393,:
376:344,361,371,372,373,374,375,377,378,379,:
377:263,344,371,372,373,374,376,378,379,:
378:371,373,374,375,376,377,379,:
379:90,344,373,376,377,378,:
380:353,361,362,374,375,381,382,383,384,385,386,387,388,389,:
381:352,353,358,360,361,362,371,373,374,375,380,382,383,385,387,388,389,:
382:353,362,380,381,383,384,385,386,387,388,389,390,:
383:380,381,382,384,385,386,387,388,389,390,391,393,:
384:380,382,383,385,386,388,389,390,391,392,:
385:353,362,380,381,382,383,384,386,387,388,389,:
386:380,382,383,384,385,387,388,389,:
387:353,380,381,382,383,385,386,:
388:362,374,375,380,381,382,383,384,385,386,389,390,391,392,393,394,:
389:361,362,371,373,374,375,380,381,382,383,384,385,386,388,390,391,393,394,:
390:362,375,382,383,384,388,389,391,392,393,394,395,:
391:375,383,384,388,389,390,392,393,394,:
392:384,388,390,391,393,:
393:362,375,383,388,389,390,391,392,394,395,396,:
394:362,388,389,390,391,393,395,396,397,398,399,:
395:252,265,362,390,393,394,396,397,398,399,400,:
396:3,4,7,230,252,265,393,394,395,397,398,399,400,:
397:1,3,4,5,32,264,265,267,362,394,395,396,398,399,400,:
398:3,4,32,265,361,362,363,394,395,396,397,399,400,:
399:1,2,3,4,263,264,265,266,267,361,362,363,394,395,396,397,398,400,:
400:1,2,3,4,5,7,8,30,32,230,264,265,267,395,396,397,398,399,:
