1:2,3,4,5,17,25,30,31,32,33,34,41,44,45,512,513,514,562,564,585,587,588,590,:
2:1,3,4,5,7,8,17,22,25,29,30,31,32,33,34,53,503,512,513,514,703,:
3:1,2,4,5,30,31,32,33,41,45,503,510,512,513,514,561,562,563,564,567,587,588,590,:
4:1,2,3,5,8,16,17,22,25,30,31,32,33,34,44,45,53,514,703,:
5:1,2,3,4,8,16,17,18,21,25,30,31,32,33,34,42,43,44,45,46,52,699,701,702,703,:
6:19,20,23,35,36,37,48,49,173,500,501,774,775,776,777,778,779,:
7:2,8,10,19,20,22,24,25,29,31,34,48,49,50,53,54,105,107,110,702,703,789,791,792,793,:
8:2,4,5,7,10,22,24,25,29,31,32,34,53,54,282,314,699,701,702,703,713,714,793,:
9:14,15,18,21,26,28,33,40,41,46,47,52,567,658,785,786,787,:
10:7,8,19,20,22,24,25,29,48,50,54,104,105,106,107,108,110,165,702,703,713,793,:
11:12,13,27,38,39,418,419,421,441,557,575,:
12:11,13,14,15,26,27,28,38,39,40,41,423,424,425,429,430,446,447,448,561,565,566,567,:
13:11,12,14,15,26,27,28,38,39,40,41,561,562,581,582,583,584,585,586,:
14:9,12,13,15,21,26,27,28,38,39,40,41,52,425,429,430,431,448,565,566,567,:
15:9,12,13,14,21,26,27,28,38,39,40,41,45,52,425,426,428,564,584,585,586,587,:
16:4,5,17,18,21,26,33,34,42,43,44,45,46,47,52,671,672,673,:
17:1,2,4,5,16,18,21,26,30,32,33,34,41,42,43,44,45,46,47,52,587,699,701,703,:
18:5,9,16,17,21,26,28,33,34,42,43,44,45,46,47,52,653,654,655,788,790,:
19:6,7,10,20,22,23,24,29,35,36,37,48,49,50,51,53,54,173,502,503,:
20:6,7,10,19,22,23,24,25,29,48,49,50,51,53,54,172,173,174,300,304,305,:
21:5,9,14,15,16,17,18,26,28,33,41,42,43,45,46,47,52,428,642,:
22:2,4,7,8,10,19,20,24,25,29,31,32,34,48,49,50,51,53,54,303,304,305,503,703,:
23:6,19,20,35,36,37,48,49,50,51,172,173,329,330,334,339,341,778,:
24:7,8,10,19,20,22,25,29,48,49,50,51,53,54,105,107,110,702,703,713,792,793,:
25:1,2,4,5,7,8,10,20,22,24,29,31,32,33,34,49,53,54,305,503,702,703,793,:
26:9,12,13,14,15,16,17,18,21,28,33,40,41,45,46,47,52,431,:
27:11,12,13,14,15,28,38,39,40,41,422,423,424,425,559,561,:
28:9,12,13,14,15,18,21,26,27,38,39,40,41,52,425,426,428,429,431,567,:
29:2,7,8,10,19,20,22,24,25,31,48,49,50,51,53,54,107,304,305,314,703,:
30:1,2,3,4,5,17,31,32,33,41,44,45,370,512,513,514,564,584,585,586,587,588,589,590,:
31:1,2,3,4,5,7,8,22,25,29,30,32,33,34,53,305,502,503,512,513,514,564,:
32:1,2,3,4,5,8,17,22,25,30,31,33,34,44,45,282,699,701,702,703,:
33:1,2,3,4,5,9,16,17,18,21,25,26,30,31,32,34,42,43,44,45,46,47,52,787,789,791,:
34:1,2,4,5,7,8,16,17,18,22,25,31,32,33,42,43,44,45,46,699,701,702,703,789,791,792,793,:
35:6,19,23,36,37,48,49,498,500,774,775,776,777,778,779,:
36:6,19,23,35,37,48,49,91,93,173,501,774,775,776,777,778,:
37:6,19,23,35,36,48,49,339,340,341,497,498,499,500,501,502,774,775,776,778,779,:
38:11,12,13,14,15,27,28,40,423,424,430,445,446,447,448,566,:
39:11,12,13,14,15,27,28,41,404,580,581,582,583,584,585,586,587,588,589,590,:
40:9,12,13,14,15,26,27,28,38,429,430,431,448,565,566,567,660,784,:
41:1,3,9,12,13,14,15,17,21,26,27,28,30,39,45,52,404,564,584,585,586,587,588,590,:
42:5,16,17,18,21,33,34,43,44,45,46,47,52,655,671,672,673,700,701,702,790,791,792,:
43:5,16,17,18,21,33,34,42,44,45,46,47,52,666,671,672,673,:
44:1,4,5,16,17,18,30,32,33,34,42,43,45,46,52,587,697,699,700,701,702,703,:
45:1,3,4,5,15,16,17,18,21,26,30,32,33,34,41,42,43,44,46,47,52,585,587,:
46:5,9,16,17,18,21,26,33,34,42,43,44,45,47,52,786,787,788,789,790,791,:
47:9,16,17,18,21,26,33,42,43,45,46,52,642,653,654,655,656,663,672,786,788,790,:
48:6,7,10,19,20,22,23,24,29,35,36,37,49,50,51,53,54,91,173,501,503,793,:
49:6,7,19,20,22,23,24,25,29,35,36,37,48,50,51,53,54,305,341,501,502,503,504,:
50:7,10,19,20,22,23,24,29,48,49,51,53,54,107,170,172,173,174,300,309,310,329,:
51:19,20,22,23,24,29,48,49,50,53,54,173,174,299,300,303,304,305,308,309,314,329,334,341,:
52:5,9,14,15,16,17,18,21,26,28,33,41,42,43,44,45,46,47,404,426,428,431,642,:
53:2,4,7,8,19,20,22,24,25,29,31,48,49,50,51,54,303,304,305,501,502,503,514,:
54:7,8,10,19,20,22,24,25,29,48,49,50,51,53,259,303,304,305,308,313,314,703,713,714,:
55:56,57,58,59,60,163,:
56:55,57,58,59,60,160,162,163,164,166,:
57:55,56,58,59,60,:
58:55,56,57,59,60,176,:
59:55,56,57,58,60,166,167,169,175,176,181,:
60:55,56,57,58,59,166,169,264,325,:
61:62,63,64,65,66,67,68,74,75,669,670,:
62:61,63,64,66,67,68,74,75,654,655,663,665,668,669,670,:
63:61,62,64,65,66,67,68,74,75,76,669,:
64:61,62,63,65,66,67,74,75,76,77,78,79,80,656,:
65:61,63,64,66,74,75,76,79,80,656,657,659,764,765,766,:
66:61,62,63,64,65,67,68,69,74,75,:
67:61,62,63,64,66,68,69,70,72,:
68:61,62,63,66,67,69,70,71,72,73,:
69:66,67,68,70,71,72,73,:
70:67,68,69,71,72,73,:
71:68,69,70,72,73,:
72:67,68,69,70,71,73,627,670,:
73:68,69,70,71,72,:
74:61,62,63,64,65,66,75,76,77,78,79,80,81,82,83,:
75:61,62,63,64,65,66,74,76,77,78,79,80,81,82,:
76:63,64,65,74,75,77,78,79,80,81,82,83,84,762,763,764,765,:
77:64,74,75,76,78,79,80,81,82,83,84,85,86,87,94,763,:
78:64,74,75,76,77,79,81,82,83,84,85,86,94,95,:
79:64,65,74,75,76,77,78,80,81,82,83,761,762,763,:
80:64,65,74,75,76,77,79,81,761,762,764,766,:
81:74,75,76,77,78,79,80,82,83,86,:
82:74,75,76,77,78,79,81,83,84,85,86,87,88,94,95,762,763,788,790,:
83:74,76,77,78,79,81,82,84,85,86,87,758,759,761,762,763,764,765,767,768,781,788,:
84:76,77,78,82,83,85,86,87,88,89,90,94,95,96,112,788,790,:
85:77,78,82,83,84,86,87,88,89,90,94,95,96,97,99,111,112,:
86:77,78,81,82,83,84,85,87,88,90,94,95,96,97,98,111,112,114,:
87:77,82,83,84,85,86,88,89,90,91,92,94,95,112,763,767,768,781,790,:
88:82,84,85,86,87,89,90,91,92,93,94,95,111,112,768,:
89:84,85,87,88,90,91,92,93,94,95,111,112,789,791,792,793,:
90:84,85,86,87,88,89,91,92,93,111,112,113,768,772,774,:
91:36,48,87,88,89,90,92,93,95,105,106,107,111,112,168,793,:
92:87,88,89,90,91,93,111,112,113,188,774,:
93:36,88,89,90,91,92,111,112,113,168,171,188,:
94:77,78,82,84,85,86,87,88,89,95,96,97,98,99,100,111,112,:
95:78,82,84,85,86,87,88,89,91,94,96,97,99,100,111,112,792,:
96:84,85,86,94,95,97,98,99,100,101,111,112,113,:
97:85,86,94,95,96,98,99,100,111,112,113,114,115,:
98:86,94,96,97,99,100,111,112,113,114,115,:
99:85,94,95,96,97,98,100,101,102,103,111,112,:
100:94,95,96,97,98,99,101,102,103,104,105,106,111,112,168,182,:
101:96,99,100,102,103,104,105,106,107,108,162,163,168,182,:
102:99,100,101,103,104,105,106,107,108,109,110,138,146,161,:
103:99,100,101,102,104,105,106,108,109,110,136,137,138,146,:
104:10,100,101,102,103,105,106,107,108,109,110,138,146,161,:
105:7,10,24,91,100,101,102,103,104,106,107,108,109,110,161,162,164,165,168,793,:
106:10,91,100,101,102,103,104,105,107,108,110,161,162,163,164,165,166,167,168,:
107:7,10,24,29,50,91,101,102,104,105,106,108,109,110,161,164,165,168,792,793,:
108:10,101,102,103,104,105,106,107,109,110,137,138,146,700,701,702,703,711,713,792,793,:
109:102,103,104,105,107,108,110,136,137,138,146,698,700,701,702,711,:
110:7,10,24,102,103,104,105,106,107,108,109,138,700,701,702,703,711,713,792,793,:
111:85,86,88,89,90,91,92,93,94,95,96,97,98,99,100,112,113,114,115,:
112:84,85,86,87,88,89,90,91,92,93,94,95,96,97,98,99,100,111,113,114,:
113:90,92,93,96,97,98,111,112,114,115,178,179,202,:
114:86,97,98,111,112,113,115,199,200,201,202,:
115:97,98,111,113,114,199,200,201,202,203,:
116:117,118,119,120,121,122,123,124,636,:
117:116,118,119,120,121,122,123,:
118:116,117,119,120,121,122,123,124,:
119:116,117,118,120,121,122,:
120:116,117,118,119,121,:
121:116,117,118,119,120,122,123,124,125,126,:
122:116,117,118,119,121,123,124,125,126,127,:
123:116,117,118,121,122,124,125,126,127,128,:
124:116,118,121,122,123,125,126,127,128,129,680,:
125:121,122,123,124,126,127,128,129,140,:
126:121,122,123,124,125,127,128,129,139,140,141,667,675,:
127:122,123,124,125,126,128,129,139,140,141,667,:
128:123,124,125,126,127,129,139,140,141,665,666,667,668,:
129:124,125,126,127,128,140,665,666,667,668,669,:
130:131,132,133,134,135,136,142,143,:
131:130,132,133,134,135,:
132:130,131,133,134,135,136,137,142,143,144,694,708,:
133:130,131,132,134,135,136,142,143,144,145,146,147,708,:
134:130,131,132,133,135,136,142,143,144,145,146,:
135:130,131,132,133,134,136,137,138,139,140,141,142,143,694,:
136:103,109,130,132,133,134,135,137,138,139,140,141,142,146,694,698,709,:
137:103,108,109,132,135,136,138,139,140,141,698,700,:
138:102,103,104,108,109,110,135,136,137,139,140,141,698,700,:
139:126,127,128,135,136,137,138,140,141,698,:
140:125,126,127,128,129,135,136,137,138,139,141,667,:
141:126,127,128,135,136,137,138,139,140,:
142:130,132,133,134,135,136,143,144,145,146,147,148,154,159,160,707,708,709,:
143:130,132,133,134,135,142,144,145,146,147,148,149,153,154,706,707,708,709,:
144:132,133,134,142,143,145,146,147,148,149,159,160,161,708,:
145:133,134,142,143,144,146,147,148,159,160,161,162,163,711,:
146:102,103,104,108,109,133,134,136,142,143,144,145,147,159,160,161,709,710,711,:
147:133,142,143,144,145,146,148,149,150,154,159,160,255,257,708,:
148:142,143,144,145,147,149,150,151,152,153,154,708,:
149:143,144,147,148,150,151,152,153,154,155,156,254,708,:
150:147,148,149,151,152,153,154,155,156,157,158,:
151:148,149,150,152,153,154,156,157,158,:
152:148,149,150,151,153,154,155,156,157,158,:
153:143,148,149,150,151,152,154,155,156,157,158,708,:
154:142,143,147,148,149,150,151,152,153,155,156,158,707,708,:
155:149,150,152,153,154,156,157,158,708,:
156:149,150,151,152,153,154,155,157,158,:
157:150,151,152,153,155,156,158,:
158:150,151,152,153,154,155,156,157,:
159:142,144,145,146,147,160,161,162,163,164,165,:
160:56,142,144,145,146,147,159,161,162,163,164,:
161:102,104,105,106,107,144,145,146,159,160,162,163,164,165,166,258,259,260,262,:
162:56,101,105,106,145,159,160,161,163,164,165,166,167,168,169,:
163:55,56,101,106,145,159,160,161,162,164,165,166,167,168,175,:
164:56,105,106,107,159,160,161,162,163,165,166,167,168,169,170,172,174,175,176,:
165:10,105,106,107,159,161,162,163,164,166,167,168,169,170,172,173,174,259,262,310,:
166:56,59,60,106,161,162,163,164,165,167,168,169,170,171,172,174,175,176,177,185,:
167:59,106,162,163,164,165,166,168,169,170,171,172,175,176,177,178,180,182,184,185,:
168:91,93,100,101,105,106,107,162,163,164,165,166,167,169,170,171,175,176,177,178,180,182,185,:
169:59,60,162,164,165,166,167,168,170,171,172,173,174,175,176,185,310,:
170:50,164,165,166,167,168,169,171,172,173,174,175,176,185,310,:
171:93,166,167,168,169,170,172,173,174,175,176,177,178,184,185,186,189,190,:
172:20,23,50,164,165,166,167,169,170,171,173,174,309,310,318,319,328,329,330,:
173:6,19,20,23,36,48,50,51,165,169,170,171,172,174,310,319,328,329,330,:
174:20,50,51,164,165,166,169,170,171,172,173,308,309,310,316,318,319,328,329,:
175:59,163,164,166,167,168,169,170,171,176,177,178,179,180,181,182,184,185,:
176:58,59,164,166,167,168,169,170,171,175,177,178,179,180,181,182,184,185,:
177:166,167,168,171,175,176,178,179,180,181,182,183,184,185,186,:
178:113,167,168,171,175,176,177,179,180,181,182,184,185,186,187,188,189,:
179:113,175,176,177,178,180,181,184,185,186,187,188,193,201,202,203,:
180:167,168,175,176,177,178,179,181,182,183,184,185,:
181:59,175,176,177,178,179,180,182,183,:
182:100,101,167,168,175,176,177,178,180,181,183,:
183:177,180,181,182,:
184:167,171,175,176,177,178,179,180,185,186,187,188,189,190,192,193,194,:
185:166,167,168,169,170,171,175,176,177,178,179,180,184,186,187,188,189,190,:
186:171,177,178,179,184,185,187,188,189,190,191,192,193,194,195,:
187:178,179,184,185,186,188,189,190,193,194,195,196,198,199,201,203,204,205,:
188:92,93,178,179,184,185,186,187,189,193,194,195,196,198,199,200,201,205,777,:
189:171,178,184,185,186,187,188,190,191,192,193,194,205,210,:
190:171,184,185,186,187,189,191,192,:
191:186,189,190,192,210,211,320,:
192:184,186,189,190,191,:
193:179,184,186,187,188,189,194,195,196,197,198,199,200,201,203,204,205,:
194:184,186,187,188,189,193,195,196,197,198,199,201,203,204,205,:
195:186,187,188,193,194,196,197,198,199,200,201,203,204,205,206,214,:
196:187,188,193,194,195,197,198,199,204,205,206,207,209,213,214,:
197:193,194,195,196,198,204,205,206,207,213,214,:
198:187,188,193,194,195,196,197,199,200,201,202,203,204,:
199:114,115,187,188,193,194,195,196,198,200,201,202,203,:
200:114,115,188,193,195,198,199,201,202,203,:
201:114,115,179,187,188,193,194,195,198,199,200,202,203,:
202:113,114,115,179,198,199,200,201,203,:
203:115,179,187,193,194,195,198,199,200,201,202,:
204:187,193,194,195,196,197,198,205,206,207,208,209,210,212,213,214,777,:
205:187,188,189,193,194,195,196,197,204,206,207,209,210,213,214,776,777,779,:
206:195,196,197,204,205,207,208,209,210,211,212,213,214,215,225,:
207:196,197,204,205,206,208,209,210,213,214,215,216,217,218,219,224,225,:
208:204,206,207,209,213,214,215,216,217,218,224,225,227,:
209:196,204,205,206,207,208,210,211,212,213,214,225,:
210:189,191,204,205,206,207,209,211,212,:
211:191,206,209,210,212,330,332,:
212:204,206,209,210,211,:
213:196,197,204,205,206,207,208,209,214,215,216,217,218,219,220,221,224,225,:
214:195,196,197,204,205,206,207,208,209,213,215,216,218,219,220,224,225,776,777,779,:
215:206,207,208,213,214,216,217,218,219,220,221,223,224,225,226,752,753,754,755,:
216:207,208,213,214,215,217,218,219,224,225,226,227,751,752,753,754,755,:
217:207,208,213,215,216,218,224,225,226,227,749,751,752,753,:
218:207,208,213,214,215,216,217,219,220,221,222,223,224,225,752,:
219:207,213,214,215,216,218,220,221,222,223,:
220:213,214,215,218,219,221,222,223,752,:
221:213,215,218,219,220,222,223,:
222:218,219,220,221,223,:
223:215,218,219,220,221,222,:
224:207,208,213,214,215,216,217,218,225,226,227,228,544,751,753,754,755,:
225:206,207,208,209,213,214,215,216,217,218,224,226,227,544,545,754,755,779,:
226:215,216,217,224,225,227,228,543,544,751,755,:
227:208,216,217,224,225,226,228,:
228:224,226,227,:
229:230,231,232,233,234,235,237,523,:
230:229,231,232,233,234,235,237,523,:
231:229,230,232,233,234,235,236,237,:
232:229,230,231,233,234,235,236,240,241,287,288,:
233:229,230,231,232,234,235,236,287,288,:
234:229,230,231,232,233,235,236,237,238,239,241,247,297,301,523,:
235:229,230,231,232,233,234,236,237,238,239,247,287,301,302,:
236:231,232,233,234,235,237,238,239,240,241,243,244,246,247,287,288,301,304,:
237:229,230,231,234,235,236,238,239,287,301,302,303,304,368,369,370,:
238:234,235,236,237,239,244,247,281,287,288,289,304,312,313,315,:
239:234,235,236,237,238,281,287,302,303,304,315,368,369,370,:
240:232,236,241,242,243,244,245,246,247,:
241:232,234,236,240,242,243,244,245,246,247,248,291,297,:
242:240,241,243,244,245,246,247,248,:
243:236,240,241,242,244,245,246,247,248,:
244:236,238,240,241,242,243,245,246,247,248,288,289,:
245:240,241,242,243,244,246,247,248,290,291,297,:
246:236,240,241,242,243,244,245,247,248,290,291,292,293,296,297,306,307,:
247:234,235,236,238,240,241,242,243,244,245,246,248,290,291,292,293,296,297,298,301,307,:
248:241,242,243,244,245,246,247,290,291,292,293,296,297,299,306,307,308,311,312,317,:
249:250,251,252,253,254,255,256,257,:
250:249,251,252,254,255,256,:
251:249,250,252,253,254,255,256,257,261,:
252:249,250,251,253,254,255,:
253:249,251,252,254,:
254:149,249,250,251,252,253,255,256,257,258,260,261,:
255:147,249,250,251,252,254,256,257,258,259,260,261,262,263,:
256:249,250,251,254,255,257,258,259,260,261,262,312,313,314,315,710,711,712,713,714,:
257:147,249,251,254,255,256,258,259,260,261,262,263,264,:
258:161,254,255,256,257,259,260,261,262,264,311,312,313,314,710,711,713,714,:
259:54,161,165,255,256,257,258,260,262,310,311,312,313,314,315,710,711,713,714,:
260:161,254,255,256,257,258,259,261,262,263,264,311,:
261:251,254,255,256,257,258,260,262,263,264,:
262:161,165,255,256,257,258,259,260,261,263,264,310,311,:
263:255,257,260,261,262,264,326,327,:
264:60,257,258,260,261,262,263,325,326,327,:
265:266,267,268,269,270,271,272,274,275,724,:
266:265,267,268,270,271,274,275,720,721,722,724,:
267:265,266,268,269,270,271,272,273,274,275,276,724,:
268:265,266,267,269,270,271,272,274,275,276,277,279,283,377,378,724,:
269:265,267,268,270,272,274,275,276,277,283,284,285,286,373,376,377,378,:
270:265,266,267,268,269,271,272,273,274,275,687,688,689,724,:
271:265,266,267,268,270,272,273,:
272:265,267,268,269,270,271,273,274,275,376,377,378,391,686,687,688,689,:
273:267,270,271,272,685,:
274:265,266,267,268,269,270,272,275,276,277,278,279,280,283,284,377,378,688,689,722,724,:
275:265,266,267,268,269,270,272,274,276,277,278,279,688,689,722,723,724,:
276:267,268,269,274,275,277,278,279,280,281,282,283,284,285,289,377,378,724,:
277:268,269,274,275,276,278,279,280,281,283,284,285,287,288,289,:
278:274,275,276,277,279,280,281,283,284,289,724,:
279:268,274,275,276,277,278,280,281,282,283,377,378,688,689,723,724,:
280:274,276,277,278,279,281,282,283,315,377,378,:
281:238,239,276,277,278,279,280,282,283,284,287,315,368,369,370,377,378,:
282:8,32,276,279,280,281,315,699,712,714,:
283:268,269,274,276,277,278,279,280,281,284,285,286,287,288,289,:
284:269,274,276,277,278,281,283,285,286,287,288,289,369,:
285:269,276,277,283,284,286,287,288,289,:
286:269,283,284,285,287,288,:
287:232,233,235,236,237,238,239,277,281,283,284,285,286,288,289,369,:
288:232,233,236,238,244,277,283,284,285,286,287,289,:
289:238,244,276,277,278,283,284,285,287,288,:
290:245,246,247,248,291,292,293,294,295,296,297,:
291:241,245,246,247,248,290,292,293,295,296,297,:
292:246,247,248,290,291,293,294,295,296,297,298,307,317,:
293:246,247,248,290,291,292,294,295,296,297,298,299,300,301,306,307,316,317,342,343,:
294:290,292,293,295,296,297,298,299,300,306,307,316,317,318,319,321,328,329,333,334,342,343,344,347,348,:
295:290,291,292,293,294,296,347,:
296:246,247,248,290,291,292,293,294,295,297,298,299,300,301,302,306,307,317,343,:
297:234,241,245,246,247,248,290,291,292,293,294,296,298,299,301,306,307,:
298:247,292,293,294,296,297,299,300,301,302,303,304,306,307,308,317,329,333,334,335,343,:
299:51,248,293,294,296,297,298,300,301,302,303,304,306,307,308,309,311,316,317,328,329,333,334,:
300:20,50,51,293,294,296,298,299,301,302,303,304,305,306,307,308,309,310,316,317,328,329,330,331,333,334,335,341,:
301:234,235,236,237,247,293,296,297,298,299,300,302,303,304,305,306,307,522,523,:
302:235,237,239,296,298,299,300,301,303,304,305,306,341,521,522,523,:
303:22,51,53,54,237,239,298,299,300,301,302,304,305,306,341,:
304:20,22,29,51,53,54,236,237,238,239,298,299,300,301,302,303,305,306,307,308,312,313,314,315,:
305:20,22,25,29,31,49,51,53,54,300,301,302,303,304,341,503,506,510,511,512,513,:
306:246,248,293,294,296,297,298,299,300,301,302,303,304,307,308,309,310,311,312,313,316,317,329,334,:
307:246,247,248,292,293,294,296,297,298,299,300,301,304,306,308,309,311,312,316,317,:
308:51,54,174,248,298,299,300,304,306,307,309,310,311,312,313,314,316,317,318,329,:
309:50,51,172,174,299,300,306,307,308,310,311,312,316,317,318,319,321,322,324,328,329,:
310:50,165,169,170,172,173,174,259,262,300,306,308,309,311,316,317,318,319,328,329,:
311:248,258,259,260,262,299,306,307,308,309,310,312,313,314,315,316,317,:
312:238,248,256,258,259,304,306,307,308,309,311,313,314,315,:
313:54,238,256,258,259,304,306,308,311,312,314,315,713,714,:
314:8,29,51,54,256,258,259,304,308,311,312,313,315,713,714,:
315:238,239,256,259,280,281,282,304,311,312,313,314,712,714,:
316:174,293,294,299,300,306,307,308,309,310,311,317,318,319,320,321,322,324,328,329,334,:
317:248,292,293,294,296,298,299,300,306,307,308,309,310,311,316,318,319,321,322,324,328,329,334,:
318:172,174,294,308,309,310,316,317,319,320,321,322,323,324,328,329,330,:
319:172,173,174,294,309,310,316,317,318,320,321,322,328,329,330,331,333,334,348,:
320:191,316,318,319,321,328,329,330,331,348,349,350,:
321:294,309,316,317,318,319,320,322,323,324,325,326,328,329,349,:
322:309,316,317,318,319,321,323,324,325,326,327,:
323:318,321,322,324,325,326,327,:
324:309,316,317,318,321,322,323,325,326,327,:
325:60,264,321,322,323,324,326,327,:
326:263,264,321,322,323,324,325,327,:
327:263,264,322,323,324,325,326,:
328:172,173,174,294,299,300,309,310,316,317,318,319,320,321,329,330,331,332,333,334,343,:
329:23,50,51,172,173,174,294,298,299,300,306,308,309,310,316,317,318,319,320,321,328,330,331,333,334,343,:
330:23,172,173,211,300,318,319,320,328,329,331,332,333,334,335,343,:
331:300,319,320,328,329,330,332,333,334,335,336,337,338,339,342,343,348,350,:
332:211,328,330,331,333,334,335,336,337,338,339,342,343,350,:
333:294,298,299,300,319,328,329,330,331,332,334,335,336,337,338,339,341,342,343,:
334:23,51,294,298,299,300,306,316,317,319,328,329,330,331,332,333,335,336,338,339,341,342,343,:
335:298,300,330,331,332,333,334,336,337,338,339,340,341,342,343,344,522,:
336:331,332,333,334,335,337,338,339,342,343,344,345,346,347,:
337:331,332,333,335,336,338,342,343,344,345,346,:
338:331,332,333,334,335,336,337,339,340,341,342,522,:
339:23,37,331,332,333,334,335,336,338,340,341,:
340:37,335,338,339,341,497,498,500,505,508,541,543,544,545,:
341:23,37,49,51,300,302,303,305,333,334,335,338,339,340,504,506,507,508,522,:
342:293,294,331,332,333,334,335,336,337,338,343,344,345,346,347,348,350,:
343:293,294,296,298,328,329,330,331,332,333,334,335,336,337,342,344,345,347,348,350,:
344:294,335,336,337,342,343,345,346,347,348,349,350,:
345:336,337,342,343,344,346,347,348,:
346:336,337,342,344,345,347,:
347:294,295,336,342,343,344,345,346,348,349,350,:
348:294,319,320,331,342,343,344,345,347,349,350,:
349:320,321,344,347,348,350,:
350:320,331,332,342,343,344,347,348,349,:
351:352,353,354,355,356,357,550,:
352:351,353,354,355,356,547,549,550,551,553,:
353:351,352,354,355,356,357,358,359,361,:
354:351,352,353,355,356,357,358,359,361,362,363,:
355:351,352,353,354,356,363,732,733,734,:
356:351,352,353,354,355,357,358,359,360,361,550,:
357:351,353,354,356,358,359,360,361,363,511,516,525,:
358:353,354,356,357,359,360,361,511,515,516,517,518,520,524,525,:
359:353,354,356,357,358,360,361,362,363,509,510,511,516,525,563,:
360:356,357,358,359,361,362,363,367,509,510,511,512,513,515,516,525,:
361:353,354,356,357,358,359,360,362,363,367,509,510,511,559,560,561,562,563,:
362:354,359,360,361,363,364,365,366,367,368,371,372,738,741,:
363:354,355,357,359,360,361,362,364,365,366,367,589,741,:
364:362,363,365,366,367,368,369,370,371,372,373,:
365:362,363,364,366,367,368,369,371,372,373,374,375,376,379,589,738,739,741,:
366:362,363,364,365,367,371,372,373,374,375,379,380,386,735,736,737,738,739,740,741,:
367:360,361,362,363,364,365,366,368,369,370,371,372,510,511,512,513,589,590,:
368:237,239,281,362,364,365,367,369,370,371,372,377,512,513,:
369:237,239,281,284,287,364,365,367,368,370,371,372,373,377,513,:
370:30,237,239,281,364,367,368,369,372,510,511,512,513,514,590,:
371:362,364,365,366,367,368,369,372,373,374,375,376,377,378,379,380,588,589,741,:
372:362,364,365,366,367,368,369,370,371,373,374,375,376,377,378,588,589,590,:
373:269,364,365,366,369,371,372,374,375,376,377,378,379,380,381,388,741,:
374:365,366,371,372,373,375,376,377,379,380,381,382,384,385,386,387,388,738,739,741,:
375:365,366,371,372,373,374,376,379,380,381,382,383,387,388,579,581,582,583,584,588,589,738,739,740,741,:
376:269,272,365,371,372,373,374,375,377,378,379,380,388,391,:
377:268,269,272,274,276,279,280,281,368,369,371,372,373,374,376,378,:
378:268,269,272,274,276,279,280,281,371,372,373,376,377,587,688,:
379:365,366,371,373,374,375,376,380,381,382,383,384,385,386,387,388,738,741,:
380:366,371,373,374,375,376,379,381,382,384,385,386,387,388,738,:
381:373,374,375,379,380,382,383,384,385,386,387,388,389,738,739,741,:
382:374,375,379,380,381,383,384,385,386,387,388,389,390,391,392,393,394,579,591,592,:
383:375,379,381,382,384,387,388,389,390,392,394,576,577,579,591,592,593,595,596,:
384:374,379,380,381,382,383,385,386,387,388,738,:
385:374,379,380,381,382,384,386,735,736,737,738,741,:
386:366,374,379,380,381,382,384,385,735,736,737,738,741,:
387:374,375,379,380,381,382,383,384,388,389,390,391,392,393,394,396,397,592,:
388:373,374,375,376,379,380,381,382,383,384,387,389,390,391,392,393,394,396,:
389:381,382,383,387,388,390,391,392,393,394,395,396,397,398,592,595,:
390:382,383,387,388,389,391,392,393,394,396,397,398,399,401,595,:
391:272,376,382,387,388,389,390,392,393,396,397,398,401,:
392:382,383,387,388,389,390,391,393,394,395,396,397,:
393:382,387,388,389,390,391,392,394,395,:
394:382,383,387,388,389,390,392,393,395,:
395:389,392,393,394,:
396:387,388,389,390,391,392,397,398,399,400,401,402,594,595,:
397:387,389,390,391,392,396,398,399,400,401,402,593,594,595,605,607,:
398:389,390,391,396,397,399,400,401,402,403,595,:
399:390,396,397,398,400,401,402,:
400:396,397,398,399,401,402,615,621,681,:
401:390,391,396,397,398,399,400,402,403,404,405,586,612,684,:
402:396,397,398,399,400,401,403,404,405,581,586,595,607,610,611,612,615,:
403:398,401,402,404,405,426,427,428,581,585,586,611,612,:
404:39,41,52,401,402,403,405,426,427,428,581,584,585,586,587,612,:
405:401,402,403,404,422,425,426,427,428,581,586,610,611,612,:
406:407,408,409,410,411,412,415,416,600,602,606,:
407:406,408,409,410,411,602,:
408:406,407,409,410,411,412,413,414,415,416,417,578,:
409:406,407,408,410,411,412,415,416,417,418,419,420,578,:
410:406,407,408,409,411,415,416,417,420,:
411:406,407,408,409,410,412,413,414,415,416,:
412:406,408,409,411,413,414,415,416,439,578,:
413:408,411,412,414,415,416,578,:
414:408,411,412,413,439,:
415:406,408,409,410,411,412,413,416,417,418,419,420,421,432,433,575,577,578,:
416:406,408,409,410,411,412,413,415,417,418,419,420,432,574,575,576,577,578,:
417:408,409,410,415,416,418,419,420,421,422,432,433,434,575,578,:
418:11,409,415,416,417,419,420,421,432,433,434,435,437,439,575,578,:
419:11,409,415,416,417,418,420,421,432,433,434,437,439,570,571,573,574,575,578,:
420:409,410,415,416,417,418,419,421,422,423,432,433,575,578,610,613,:
421:11,415,417,418,419,420,422,423,424,425,432,433,:
422:27,405,417,420,421,423,424,425,426,427,428,429,:
423:12,27,38,420,421,422,424,425,426,427,428,429,430,431,:
424:12,27,38,421,422,423,425,426,427,429,430,431,447,:
425:12,14,15,27,28,405,421,422,423,424,426,427,428,429,430,431,642,:
426:15,28,52,403,404,405,422,423,424,425,427,428,429,430,431,642,:
427:403,404,405,422,423,424,425,426,428,429,431,611,612,642,:
428:15,21,28,52,403,404,405,422,423,425,426,427,429,430,431,640,641,642,643,:
429:12,14,28,40,422,423,424,425,426,427,428,430,431,641,642,643,:
430:12,14,38,40,423,424,425,426,428,429,431,642,660,:
431:14,26,28,40,52,423,424,425,426,427,428,429,430,640,641,642,643,644,651,658,660,:
432:415,416,417,418,419,420,421,433,434,435,436,437,438,439,440,441,:
433:415,417,418,419,420,421,432,434,435,436,437,439,440,:
434:417,418,419,432,433,435,436,437,438,439,440,441,442,555,:
435:418,432,433,434,436,437,438,439,440,441,442,443,444,445,446,447,457,555,:
436:432,433,434,435,437,438,440,441,442,443,445,446,447,456,457,:
437:418,419,432,433,434,435,436,438,439,440,441,555,:
438:432,434,435,436,437,439,440,441,555,:
439:412,414,418,419,432,433,434,435,437,438,573,:
440:432,433,434,435,436,437,438,441,442,443,444,445,446,447,449,450,457,552,555,:
441:11,432,434,435,436,437,438,440,442,443,444,445,446,447,449,551,552,553,554,555,557,:
442:434,435,436,440,441,443,444,445,446,447,448,449,450,451,457,460,:
443:435,436,440,441,442,444,445,446,449,450,451,452,453,454,460,485,552,:
444:435,440,441,442,443,445,449,450,451,454,485,548,549,551,552,553,555,557,:
445:38,435,436,440,441,442,443,444,446,447,448,449,450,460,468,485,557,558,:
446:12,38,435,436,440,441,442,443,445,447,448,457,460,461,468,:
447:12,38,424,435,436,440,441,442,445,446,448,456,457,458,461,462,:
448:12,14,38,40,442,445,446,447,468,566,:
449:440,441,442,443,444,445,450,451,452,453,454,455,460,:
450:440,442,443,444,445,449,451,452,453,454,455,459,460,:
451:442,443,444,449,450,452,453,454,455,548,:
452:443,449,450,451,453,454,455,:
453:443,449,450,451,452,454,455,460,:
454:443,444,449,450,451,452,453,455,548,552,:
455:449,450,451,452,453,454,:
456:436,447,457,458,459,460,461,462,463,464,465,:
457:435,436,440,442,446,447,456,458,459,460,461,462,463,:
458:447,456,457,459,460,461,462,463,464,465,466,:
459:450,456,457,458,460,461,462,463,464,465,466,467,468,469,:
460:442,443,445,446,449,450,453,456,457,458,459,461,464,465,466,467,468,:
461:446,447,456,457,458,459,460,462,463,464,465,:
462:447,456,457,458,459,461,463,465,:
463:456,457,458,459,461,462,465,:
464:456,458,459,460,461,465,466,467,468,469,470,477,478,:
465:456,458,459,460,461,462,463,464,466,467,468,469,470,475,:
466:458,459,460,464,465,467,468,469,470,471,477,478,479,:
467:459,460,464,465,466,468,469,470,477,478,479,480,481,482,:
468:445,446,448,459,460,464,465,466,467,469,477,478,479,480,486,487,801,:
469:459,464,465,466,467,468,470,471,472,475,477,478,:
470:464,465,466,467,469,471,472,473,474,475,:
471:466,469,470,472,473,474,475,476,:
472:469,470,471,473,474,475,476,803,804,:
473:470,471,472,474,475,476,:
474:470,471,472,473,475,476,:
475:465,469,470,471,472,473,474,476,:
476:471,472,473,474,475,804,:
477:464,466,467,468,469,478,479,480,481,482,483,486,487,:
478:464,466,467,468,469,477,479,480,481,482,483,:
479:466,467,468,477,478,480,481,482,483,484,485,486,487,488,:
480:467,468,477,478,479,481,482,483,486,487,488,489,490,802,:
481:467,477,478,479,480,482,486,487,488,489,490,802,:
482:467,477,478,479,480,481,483,484,485,486,487,533,:
483:477,478,479,480,482,484,485,:
484:479,482,483,485,:
485:443,444,445,479,482,483,484,533,558,:
486:468,477,479,480,481,482,487,488,489,490,491,492,800,802,:
487:468,477,479,480,481,482,486,488,489,490,491,492,535,:
488:479,480,481,486,487,489,490,491,492,493,797,798,800,802,:
489:480,481,486,487,488,490,491,492,493,494,495,496,533,535,771,:
490:480,481,486,487,488,489,491,492,493,496,533,535,:
491:486,487,488,489,490,492,493,494,495,496,497,499,500,771,:
492:486,487,488,489,490,491,493,494,495,496,499,770,771,780,782,783,784,:
493:488,489,490,491,492,494,495,496,497,498,499,500,501,505,771,:
494:489,491,492,493,495,496,497,498,499,500,501,502,504,505,771,:
495:489,491,492,493,494,496,499,500,501,502,504,505,535,567,771,782,784,:
496:489,490,491,492,493,494,495,497,498,499,500,542,543,545,755,771,773,775,:
497:37,340,491,493,494,496,498,499,500,501,505,541,542,543,545,755,773,774,775,:
498:35,37,340,493,494,496,497,499,500,542,543,544,545,754,755,773,774,775,776,778,779,:
499:37,491,492,493,494,495,496,497,498,500,501,502,503,504,505,:
500:6,35,37,340,491,493,494,495,496,497,498,499,501,502,504,505,545,773,775,:
501:6,36,37,48,49,53,493,494,495,497,499,500,502,503,504,505,506,787,:
502:19,31,37,49,53,494,495,499,500,501,503,504,505,506,507,508,509,514,:
503:2,3,19,22,25,31,48,49,53,305,499,501,502,504,505,506,509,510,512,514,:
504:49,341,494,495,499,500,501,502,503,505,506,507,508,509,510,515,:
505:340,493,494,495,497,499,500,501,502,503,504,506,507,508,509,515,534,535,:
506:305,341,501,502,503,504,505,507,508,509,510,511,512,514,515,516,517,525,:
507:341,502,504,505,506,508,509,510,511,515,516,517,518,520,524,525,532,537,:
508:340,341,502,504,505,506,507,509,515,516,517,518,524,525,532,536,537,538,541,:
509:359,360,361,502,503,504,505,506,507,508,510,511,512,513,514,515,516,525,532,534,562,564,:
510:3,305,359,360,361,367,370,503,504,506,507,509,511,512,513,514,515,516,562,563,564,:
511:305,357,358,359,360,361,367,370,506,507,509,510,512,513,514,515,516,523,:
512:1,2,3,30,31,305,360,367,368,370,503,506,509,510,511,513,514,516,562,563,564,590,:
513:1,2,3,30,31,305,360,367,368,369,370,509,510,511,512,514,563,564,590,:
514:1,2,3,4,30,31,53,370,502,503,506,509,510,511,512,513,562,563,564,590,:
515:358,360,504,505,506,507,508,509,510,511,516,517,518,519,520,521,522,523,524,525,537,:
516:357,358,359,360,506,507,508,509,510,511,512,515,517,518,520,521,522,523,524,525,:
517:358,506,507,508,515,516,518,519,520,521,522,523,524,525,526,537,:
518:358,507,508,515,516,517,519,520,521,524,525,526,527,529,536,537,:
519:515,517,518,520,524,525,526,527,528,536,537,:
520:358,507,515,516,517,518,519,521,522,523,524,525,:
521:302,515,516,517,518,520,522,523,:
522:301,302,335,338,341,515,516,517,520,521,523,:
523:229,230,234,301,302,511,515,516,517,520,521,522,:
524:358,507,508,515,516,517,518,519,520,525,526,527,528,529,530,532,536,537,:
525:357,358,359,360,506,507,508,509,515,516,517,518,519,520,524,526,527,529,530,531,532,534,536,537,:
526:517,518,519,524,525,527,528,529,530,531,532,536,537,538,:
527:518,519,524,525,526,528,529,530,531,536,537,538,539,540,541,:
528:519,524,526,527,529,530,531,536,537,538,539,540,:
529:518,524,525,526,527,528,530,531,532,533,534,536,537,:
530:524,525,526,527,528,529,531,532,533,534,535,536,537,:
531:525,526,527,528,529,530,532,533,534,535,536,537,538,:
532:507,508,509,524,525,526,529,530,531,533,534,535,537,:
533:482,485,489,490,529,530,531,532,534,535,:
534:505,509,525,529,530,531,532,533,535,558,559,561,565,566,567,:
535:487,489,490,495,505,530,531,532,533,534,565,566,:
536:508,518,519,524,525,526,527,528,529,530,531,537,538,539,540,541,542,:
537:507,508,515,517,518,519,524,525,526,527,528,529,530,531,532,536,538,539,541,:
538:508,526,527,528,531,536,537,539,540,541,542,543,:
539:527,528,536,537,538,540,541,542,:
540:527,528,536,538,539,541,542,:
541:340,497,508,527,536,537,538,539,540,542,543,544,545,:
542:496,497,498,536,538,539,540,541,543,544,545,751,755,:
543:226,340,496,497,498,538,541,542,544,545,751,754,755,:
544:224,225,226,340,498,541,542,543,545,755,:
545:225,340,496,497,498,500,541,542,543,544,751,753,754,755,775,779,:
546:547,548,549,550,551,552,:
547:352,546,548,549,550,551,:
548:444,451,454,546,547,549,550,551,552,553,:
549:352,444,546,547,548,550,551,552,553,554,555,556,557,:
550:351,352,356,546,547,548,549,551,552,553,556,:
551:352,441,444,546,547,548,549,550,552,553,554,555,556,557,568,569,:
552:440,441,443,444,454,546,548,549,550,551,553,554,555,556,557,568,:
553:352,441,444,548,549,550,551,552,554,555,556,557,558,568,569,570,:
554:441,549,551,552,553,555,556,557,568,569,570,571,573,:
555:434,435,437,438,440,441,444,549,551,552,553,554,556,557,568,569,570,573,:
556:549,550,551,552,553,554,555,557,558,559,560,568,569,:
557:11,441,444,445,549,551,552,553,554,555,556,558,559,560,561,568,:
558:445,485,534,553,556,557,559,560,561,562,563,565,566,567,:
559:27,361,534,556,557,558,560,561,562,563,564,565,566,567,:
560:361,556,557,558,559,561,562,563,564,565,566,589,:
561:3,12,13,27,361,534,557,558,559,560,562,563,564,565,566,567,:
562:1,3,13,361,509,510,512,514,558,559,560,561,563,564,565,566,567,588,589,590,:
563:3,359,361,510,512,513,514,558,559,560,561,562,564,565,567,583,584,588,589,590,:
564:1,3,15,30,31,41,509,510,512,513,514,559,560,561,562,563,565,566,567,588,589,590,:
565:12,14,40,534,535,558,559,560,561,562,563,564,566,567,:
566:12,14,38,40,448,534,535,558,559,560,561,562,564,565,567,:
567:3,9,12,14,28,40,495,534,558,559,561,562,563,564,565,566,:
568:551,552,553,554,555,556,557,569,570,571,572,573,574,575,734,740,:
569:551,553,554,555,556,568,570,571,572,573,574,733,734,740,:
570:419,553,554,555,568,569,571,572,573,574,575,576,734,:
571:419,554,568,569,570,572,573,574,575,576,577,578,579,734,739,740,:
572:568,569,570,571,573,574,575,576,579,733,734,735,739,740,741,:
573:419,439,554,555,568,569,570,571,572,574,575,:
574:416,419,568,569,570,571,572,573,575,576,577,578,579,580,591,592,740,:
575:11,415,416,417,418,419,420,568,570,571,572,573,574,576,577,578,579,580,591,:
576:383,416,570,571,572,574,575,577,578,579,580,581,591,592,593,740,:
577:383,415,416,571,574,575,576,578,579,580,591,592,593,594,595,596,:
578:408,409,412,413,415,416,417,418,419,420,571,574,575,576,577,579,580,591,592,593,594,605,606,:
579:375,382,383,571,572,574,575,576,577,578,580,581,582,583,591,592,595,739,740,741,:
580:39,574,575,576,577,578,579,581,582,583,584,591,592,595,:
581:13,39,375,402,403,404,405,576,579,580,582,583,584,585,586,587,588,595,:
582:13,39,375,579,580,581,583,584,585,586,587,588,589,590,:
583:13,39,375,563,579,580,581,582,584,585,586,588,589,590,739,740,741,:
584:13,15,30,39,41,375,404,563,580,581,582,583,585,586,587,588,589,590,:
585:1,13,15,30,39,41,45,403,404,581,582,583,584,586,587,588,589,590,:
586:13,15,30,39,41,401,402,403,404,405,581,582,583,584,585,587,588,590,:
587:1,3,15,17,30,39,41,44,45,378,404,581,582,584,585,586,588,589,590,:
588:1,3,30,39,41,371,372,375,562,563,564,581,582,583,584,585,586,587,589,590,:
589:30,39,363,365,367,371,372,375,560,562,563,564,582,583,584,585,587,588,590,:
590:1,3,30,39,41,367,370,372,512,513,514,562,563,564,582,583,584,585,586,587,588,589,:
591:382,383,574,575,576,577,578,579,580,592,593,594,595,596,597,598,605,606,:
592:382,383,387,389,574,576,577,578,579,580,591,593,594,595,596,597,:
593:383,397,576,577,578,591,592,594,595,596,597,598,599,605,606,607,:
594:396,397,577,578,591,592,593,595,596,597,605,606,607,608,609,610,:
595:383,389,390,396,397,398,402,577,579,580,581,591,592,593,594,596,605,606,607,610,:
596:383,577,591,592,593,594,595,597,598,599,600,601,605,606,:
597:591,592,593,594,596,598,599,600,601,602,605,606,:
598:591,593,596,597,599,600,601,602,603,:
599:593,596,597,598,600,601,602,603,606,:
600:406,596,597,598,599,601,602,603,604,:
601:596,597,598,599,600,602,603,604,:
602:406,407,597,598,599,600,601,603,604,:
603:598,599,600,601,602,604,:
604:600,601,602,603,:
605:397,578,591,593,594,595,596,597,606,607,608,609,610,611,612,613,614,615,:
606:406,578,591,593,594,595,596,597,599,605,607,608,609,610,613,:
607:397,402,593,594,595,605,606,608,609,610,611,612,613,614,615,616,:
608:594,605,606,607,609,610,611,612,613,614,615,616,617,618,619,:
609:594,605,606,607,608,610,613,614,615,616,617,618,:
610:402,405,420,594,595,605,606,607,608,609,611,612,613,614,615,:
611:402,403,405,427,605,607,608,610,612,613,614,615,616,618,621,:
612:401,402,403,404,405,427,605,607,608,610,611,613,614,615,621,:
613:420,605,606,607,608,609,610,611,612,614,615,618,:
614:605,607,608,609,610,611,612,613,615,616,617,618,619,620,621,:
615:400,402,605,607,608,609,610,611,612,613,614,616,617,618,619,620,621,622,:
616:607,608,609,611,614,615,617,618,619,620,621,:
617:608,609,614,615,616,618,619,620,621,:
618:608,609,611,613,614,615,616,617,619,620,:
619:608,614,615,616,617,618,620,621,622,:
620:614,615,616,617,618,619,621,622,623,624,:
621:400,611,612,614,615,616,617,619,620,622,623,624,625,626,:
622:615,619,620,621,623,624,625,626,631,:
623:620,621,622,624,625,626,631,637,675,:
624:620,621,622,623,625,626,631,632,635,637,675,:
625:621,622,623,624,626,631,674,675,676,677,678,:
626:621,622,623,624,625,629,630,631,632,635,637,664,672,674,675,:
627:72,628,629,630,631,632,633,634,638,639,:
628:627,629,630,632,638,639,:
629:626,627,628,630,631,632,633,634,635,637,638,639,640,652,664,670,:
630:626,627,628,629,631,632,633,638,639,640,641,643,651,652,663,664,:
631:622,623,624,625,626,627,629,630,632,633,638,639,640,641,642,651,652,663,664,665,668,671,672,:
632:624,626,627,628,629,630,631,633,634,635,636,637,638,639,:
633:627,629,630,631,632,634,635,636,637,668,670,:
634:627,629,632,633,635,636,637,668,669,670,:
635:624,626,629,632,633,634,636,637,668,675,:
636:116,632,633,634,635,637,:
637:623,624,626,629,632,633,634,635,636,675,:
638:627,628,629,630,631,632,639,640,641,642,643,644,651,652,664,:
639:627,628,629,630,631,632,638,640,641,643,644,651,652,:
640:428,431,629,630,631,638,639,641,642,643,644,645,651,652,653,664,:
641:428,429,431,630,631,638,639,640,642,643,644,651,652,653,654,656,657,658,663,664,:
642:21,47,52,425,426,427,428,429,430,431,631,638,640,641,643,644,651,652,653,654,656,657,658,664,:
643:428,429,431,630,638,639,640,641,642,644,645,646,651,652,:
644:431,638,639,640,641,642,643,645,646,647,648,651,652,659,:
645:640,643,644,646,647,648,649,650,:
646:643,644,645,647,648,649,650,661,:
647:644,645,646,648,649,650,:
648:644,645,646,647,649,650,661,662,:
649:645,646,647,648,650,:
650:645,646,647,648,649,:
651:431,630,631,638,639,640,641,642,643,644,652,653,654,655,656,657,658,659,663,664,:
652:629,630,631,638,639,640,641,642,643,644,651,653,654,656,657,659,663,664,:
653:18,47,640,641,642,651,652,654,655,656,657,658,659,663,664,665,672,:
654:18,47,62,641,642,651,652,653,655,656,657,663,664,665,666,668,669,671,672,:
655:18,42,47,62,651,653,654,656,663,664,665,666,667,671,672,788,790,:
656:47,64,65,641,642,651,652,653,654,655,657,658,659,660,661,663,664,765,:
657:65,641,642,651,652,653,654,656,658,659,660,661,662,764,765,:
658:9,431,641,642,651,653,656,657,659,660,661,662,765,785,:
659:65,644,651,652,653,656,657,658,660,661,662,764,765,766,:
660:40,430,431,656,657,658,659,661,662,765,783,784,785,:
661:646,648,656,657,658,659,660,662,764,765,766,:
662:648,657,658,659,660,661,765,796,799,:
663:47,62,630,631,641,651,652,653,654,655,656,664,665,666,667,668,669,670,671,672,:
664:626,629,630,631,638,640,641,642,651,652,653,654,655,656,663,665,666,668,669,670,671,672,:
665:62,128,129,631,653,654,655,663,664,666,667,668,669,670,671,672,673,:
666:43,128,129,654,655,663,664,665,667,668,669,671,672,673,674,675,:
667:126,127,128,129,140,655,663,665,666,668,671,672,673,674,675,:
668:62,128,129,631,633,634,635,654,663,664,665,666,667,669,670,671,672,:
669:61,62,63,129,634,654,663,664,665,666,668,670,:
670:61,62,72,629,633,634,663,664,665,668,669,:
671:16,42,43,631,654,655,663,664,665,666,667,668,672,673,674,675,676,677,:
672:16,42,43,47,626,631,653,654,655,663,664,665,666,667,668,671,673,674,675,:
673:16,42,43,665,666,667,671,672,674,675,676,677,678,:
674:625,626,666,667,671,672,673,675,676,677,678,679,680,681,:
675:126,623,624,625,626,635,637,666,667,671,672,673,674,676,677,678,679,680,:
676:625,671,673,674,675,677,678,679,680,681,682,683,684,:
677:625,671,673,674,675,676,678,679,680,681,682,683,684,686,695,:
678:625,673,674,675,676,677,679,680,681,682,683,684,691,:
679:674,675,676,677,678,680,681,682,683,690,691,:
680:124,674,675,676,677,678,679,681,682,683,690,691,692,695,:
681:400,674,676,677,678,679,680,682,683,684,685,686,:
682:676,677,678,679,680,681,683,684,685,686,687,691,:
683:676,677,678,679,680,681,682,684,685,686,687,688,689,690,691,692,:
684:401,676,677,678,681,682,683,685,686,687,688,:
685:273,681,682,683,684,686,687,688,689,690,691,692,695,723,:
686:272,677,681,682,683,684,685,687,688,689,697,:
687:270,272,682,683,684,685,686,688,689,692,695,697,723,:
688:270,272,274,275,279,378,683,684,685,686,687,689,697,705,722,723,724,:
689:270,272,274,275,279,683,685,686,687,688,692,705,721,722,723,724,:
690:679,680,683,685,691,692,693,694,695,696,704,705,:
691:678,679,680,682,683,685,690,692,693,694,695,696,:
692:680,683,685,687,689,690,691,693,694,695,696,697,698,704,705,706,723,:
693:690,691,692,694,695,696,697,698,704,705,706,707,709,710,723,:
694:132,135,136,690,691,692,693,695,696,698,704,705,706,707,708,709,:
695:677,680,685,687,690,691,692,693,694,696,697,698,699,700,704,705,:
696:690,691,692,693,694,695,697,698,699,700,701,704,705,:
697:44,686,687,688,692,693,695,696,698,699,700,701,702,703,704,705,710,712,714,:
698:109,136,137,138,139,692,693,694,695,696,697,699,700,701,702,:
699:5,8,17,32,34,44,282,695,696,697,698,700,701,702,703,710,711,712,713,714,:
700:42,44,108,109,110,137,138,695,696,697,698,699,701,702,703,711,:
701:5,8,17,32,34,42,44,108,109,110,696,697,698,699,700,702,703,710,711,712,713,714,:
702:5,7,8,10,24,25,32,34,42,44,108,109,110,697,698,699,700,701,703,711,713,714,792,793,:
703:2,4,5,7,8,10,17,22,24,25,29,32,34,44,54,108,110,697,699,700,701,702,711,713,714,792,793,:
704:690,692,693,694,695,696,697,705,706,707,708,709,710,712,722,723,:
705:688,689,690,692,693,694,695,696,697,704,706,707,709,710,712,721,722,723,:
706:143,692,693,694,704,705,707,708,709,710,711,712,723,:
707:142,143,154,693,694,704,705,706,708,709,710,:
708:132,133,142,143,144,147,148,149,153,154,155,694,704,706,707,709,:
709:136,142,143,146,693,694,704,705,706,707,708,710,711,712,713,714,:
710:146,256,258,259,693,697,699,701,704,705,706,707,709,711,712,713,714,:
711:108,109,110,145,146,256,258,259,699,700,701,702,703,706,709,710,712,713,714,:
712:256,282,315,697,699,701,704,705,706,709,710,711,713,714,:
713:8,10,24,54,108,110,256,258,259,313,314,699,701,702,703,709,710,711,712,714,:
714:8,54,256,258,259,282,313,314,315,697,699,701,702,703,709,710,711,712,713,:
715:716,717,718,719,720,721,:
716:715,717,718,719,720,721,:
717:715,716,718,719,720,721,722,:
718:715,716,717,719,720,721,:
719:715,716,717,718,720,721,:
720:266,715,716,717,718,719,721,722,723,724,:
721:266,689,705,715,716,717,718,719,720,722,723,724,:
722:266,274,275,688,689,704,705,717,720,721,723,724,:
723:275,279,685,687,688,689,692,693,704,705,706,720,721,722,724,:
724:265,266,267,268,270,274,275,276,278,279,688,689,720,721,722,723,:
725:726,727,728,729,730,731,:
726:725,727,728,730,731,732,:
727:725,726,728,729,730,731,732,:
728:725,726,727,729,730,731,:
729:725,727,728,730,:
730:725,726,727,728,729,731,732,733,:
731:725,726,727,728,730,732,733,734,735,737,:
732:355,726,727,730,731,733,734,735,736,737,738,739,740,:
733:355,569,572,730,731,732,734,735,736,737,738,739,740,741,:
734:355,568,569,570,571,572,731,732,733,735,736,737,739,740,741,:
735:366,385,386,572,731,732,733,734,736,737,738,739,740,741,:
736:366,385,386,732,733,734,735,737,738,739,740,741,:
737:366,385,386,731,732,733,734,735,736,738,739,741,:
738:362,365,366,374,375,379,380,381,384,385,386,732,733,735,736,737,739,740,741,:
739:365,366,374,375,381,571,572,579,583,732,733,734,735,736,737,738,740,741,:
740:366,375,568,569,571,572,574,576,579,583,732,733,734,735,736,738,739,741,:
741:362,363,365,366,371,373,374,375,379,381,385,386,572,579,583,733,734,735,736,737,738,739,740,:
742:743,744,745,746,747,748,749,:
743:742,744,745,746,747,748,749,:
744:742,743,745,746,747,748,749,750,:
745:742,743,744,746,747,748,:
746:742,743,744,745,747,:
747:742,743,744,745,746,748,749,750,751,752,:
748:742,743,744,745,747,749,750,751,752,753,:
749:217,742,743,744,747,748,750,751,752,753,754,755,:
750:744,747,748,749,751,752,753,754,:
751:216,217,224,226,542,543,545,747,748,749,750,752,753,754,755,:
752:215,216,217,218,220,747,748,749,750,751,753,754,755,:
753:215,216,217,224,545,748,749,750,751,752,754,755,:
754:215,216,224,225,498,543,545,749,750,751,752,753,755,775,:
755:215,216,224,225,226,496,497,498,542,543,544,545,749,751,752,753,754,775,779,:
756:757,758,759,760,761,762,767,768,:
757:756,758,759,760,761,767,768,:
758:83,756,757,759,760,761,762,763,764,767,768,769,781,795,:
759:83,756,757,758,760,761,762,763,767,768,769,770,772,780,781,794,795,:
760:756,757,758,759,761,762,763,764,767,768,769,770,771,780,781,782,783,794,795,796,798,799,:
761:79,80,83,756,757,758,759,760,762,763,764,765,766,767,768,781,795,:
762:76,79,80,82,83,756,758,759,760,761,763,764,765,766,767,780,781,794,795,:
763:76,77,79,82,83,87,758,759,760,761,762,764,765,766,767,768,780,781,782,785,786,788,795,:
764:65,76,80,83,657,659,661,758,760,761,762,763,765,766,781,794,795,799,:
765:65,76,83,656,657,658,659,660,661,662,761,762,763,764,766,785,795,:
766:65,80,659,661,761,762,763,764,765,795,799,:
767:83,87,756,757,758,759,760,761,762,763,768,769,770,771,772,773,780,781,795,:
768:83,87,88,90,756,757,758,759,760,761,763,767,769,770,772,773,780,781,:
769:758,759,760,767,768,770,771,772,773,774,780,781,782,795,:
770:492,759,760,767,768,769,771,772,773,780,781,782,783,785,794,795,:
771:489,491,492,493,494,495,496,760,767,769,770,772,773,780,781,782,783,784,794,795,798,:
772:90,759,767,768,769,770,771,773,774,775,780,781,:
773:496,497,498,500,767,768,769,770,771,772,774,775,776,:
774:6,35,36,37,90,92,497,498,769,772,773,775,776,777,778,779,:
775:6,35,36,37,496,497,498,500,545,754,755,772,773,774,776,777,778,779,:
776:6,35,36,37,205,214,498,773,774,775,777,778,779,:
777:6,35,36,188,204,205,214,774,775,776,778,779,:
778:6,23,35,36,37,498,774,775,776,777,779,:
779:6,35,37,205,214,225,498,545,755,774,775,776,777,778,:
780:492,759,760,762,763,767,768,769,770,771,772,781,782,783,784,785,786,787,794,795,:
781:83,87,758,759,760,761,762,763,764,767,768,769,770,771,772,780,782,783,785,786,787,788,794,795,:
782:492,495,760,763,769,770,771,780,781,783,784,785,786,787,788,794,795,796,:
783:492,660,760,770,771,780,781,782,784,785,786,794,795,796,797,798,799,:
784:40,492,495,660,771,780,782,783,785,794,795,796,797,801,:
785:9,658,660,763,765,770,780,781,782,783,784,786,787,788,789,790,794,795,:
786:9,46,47,763,780,781,782,783,785,787,788,789,790,791,:
787:9,33,46,501,780,781,782,785,786,788,789,790,791,792,793,:
788:18,46,47,82,83,84,655,763,781,782,785,786,787,789,790,791,792,:
789:7,33,34,46,89,785,786,787,788,790,791,792,793,:
790:18,42,46,47,82,84,87,655,785,786,787,788,789,791,792,793,:
791:7,33,34,42,46,89,786,787,788,789,790,792,793,:
792:7,24,34,42,89,95,107,108,110,702,703,787,788,789,790,791,793,:
793:7,8,10,24,25,34,48,89,91,105,107,108,110,702,703,787,789,790,791,792,:
794:759,760,762,764,770,771,780,781,782,783,784,785,795,796,797,798,799,800,801,:
795:758,759,760,761,762,763,764,765,766,767,769,770,771,780,781,782,783,784,785,794,796,797,798,799,:
796:662,760,782,783,784,794,795,797,798,799,800,801,802,:
797:488,783,784,794,795,796,798,799,800,801,802,803,804,:
798:488,760,771,783,794,795,796,797,799,800,801,802,803,804,:
799:662,760,764,766,783,794,795,796,797,798,800,801,:
800:486,488,794,796,797,798,799,801,802,803,804,:
801:468,784,794,796,797,798,799,800,802,803,804,:
802:480,481,486,488,796,797,798,800,801,803,804,:
803:472,797,798,800,801,802,804,:
804:472,476,797,798,800,801,802,803,:
