1:2,3,4,5,6,7,8,9,10,11,13,14,15,16,18,19,20,21,228,229,230,260,263,292,:
2:1,3,4,5,7,8,9,10,11,13,14,15,16,19,20,21,219,228,229,230,291,292,293,:
3:1,2,4,5,6,7,8,9,10,11,13,14,15,16,19,20,21,219,291,292,293,331,333,334,335,:
4:1,2,3,5,6,8,9,10,11,12,13,14,15,16,17,18,20,21,22,94,329,330,331,333,:
5:1,2,3,4,6,7,9,10,11,12,13,14,15,16,17,18,21,22,262,263,292,329,331,:
6:1,3,4,5,10,11,12,15,16,17,18,21,22,94,302,304,329,330,378,380,:
7:1,2,3,5,8,11,13,14,16,19,228,230,248,260,292,:
8:1,2,3,4,7,9,11,13,14,19,20,216,217,218,219,220,227,228,229,230,248,249,291,292,293,:
9:1,2,3,4,5,8,10,13,14,15,19,20,21,87,91,176,178,219,229,333,334,335,:
10:1,2,3,4,5,6,9,11,12,13,14,15,16,17,18,20,21,53,91,92,94,:
11:1,2,3,4,5,6,7,8,10,12,13,14,15,16,17,18,21,260,262,263,292,:
12:4,5,6,10,11,15,16,17,18,22,94,302,303,304,327,329,330,331,378,403,404,405,406,:
13:1,2,3,4,5,7,8,9,10,11,14,15,19,20,21,219,228,229,230,:
14:1,2,3,4,5,7,8,9,10,11,13,15,16,19,20,21,178,263,291,292,293,328,331,332,333,334,335,:
15:1,2,3,4,5,6,9,10,11,12,13,14,16,17,18,20,21,22,94,327,328,329,330,331,333,335,:
16:1,2,3,4,5,6,7,10,11,12,14,15,17,18,22,260,261,262,263,292,302,304,326,327,328,329,330,331,:
17:4,5,6,10,11,12,15,16,18,22,262,302,303,304,378,380,453,454,:
18:1,4,5,6,10,11,12,15,16,17,21,22,55,94,304,376,378,380,:
19:1,2,3,7,8,9,13,14,20,216,217,218,219,227,228,229,230,248,249,291,292,293,:
20:1,2,3,4,8,9,10,13,14,15,19,21,86,87,91,178,219,229,335,:
21:1,2,3,4,5,6,9,10,11,13,14,15,18,20,53,87,88,91,92,93,94,:
22:4,5,6,12,15,16,17,18,94,302,303,304,327,329,330,373,376,378,380,403,404,405,406,407,:
23:24,25,26,27,28,29,37,38,105,:
24:23,25,26,27,28,:
25:23,24,26,27,28,29,30,31,37,38,39,105,:
26:23,24,25,27,28,29,30,31,37,38,39,40,42,:
27:23,24,25,26,28,29,31,37,38,39,42,:
28:23,24,25,26,27,29,30,31,32,33,37,38,:
29:23,25,26,27,28,30,31,32,33,34,37,38,:
30:25,26,28,29,31,32,33,34,35,36,37,38,98,99,386,:
31:25,26,27,28,29,30,32,33,34,35,37,:
32:28,29,30,31,33,34,35,36,93,95,97,98,386,:
33:28,29,30,31,32,34,35,36,381,382,386,:
34:29,30,31,32,33,35,36,93,381,382,383,386,:
35:30,31,32,33,34,36,92,93,94,372,373,381,382,383,386,:
36:30,32,33,34,35,92,93,94,372,373,381,383,386,:
37:23,25,26,27,28,29,30,31,38,39,40,41,42,43,45,46,47,113,:
38:23,25,26,27,28,29,30,37,39,40,41,42,45,46,99,105,112,113,119,:
39:25,26,27,37,38,40,41,42,43,44,45,46,47,48,119,:
40:26,37,38,39,41,42,43,44,45,46,47,48,49,50,51,113,118,119,:
41:37,38,39,40,42,43,45,46,47,48,49,50,93,95,96,99,112,113,114,118,119,120,:
42:26,27,37,38,39,40,41,43,44,45,46,47,:
43:37,39,40,41,42,44,45,46,47,:
44:39,40,42,43,45,47,:
45:37,38,39,40,41,42,43,44,112,113,114,118,119,120,:
46:37,38,39,40,41,42,43,47,48,49,50,51,52,57,58,119,:
47:37,39,40,41,42,43,44,46,48,49,51,57,58,:
48:39,40,41,46,47,49,50,51,52,53,54,57,58,59,92,93,119,:
49:40,41,46,47,48,50,51,52,53,57,58,59,60,61,62,64,118,119,120,:
50:40,41,46,48,49,51,52,53,57,58,59,60,61,69,88,118,119,120,:
51:40,46,47,48,49,50,52,53,54,55,56,57,58,92,93,:
52:46,48,49,50,51,53,54,55,56,57,58,64,91,92,93,94,:
53:10,21,48,49,50,51,52,54,55,56,57,58,64,91,92,93,94,:
54:48,51,52,53,55,56,58,376,378,417,:
55:18,51,52,53,54,56,376,378,:
56:51,52,53,54,55,58,376,378,416,417,418,:
57:46,47,48,49,50,51,52,53,58,59,60,61,62,63,64,:
58:46,47,48,49,50,51,52,53,54,56,57,59,60,62,64,:
59:48,49,50,57,58,60,61,62,63,64,:
60:49,50,57,58,59,61,62,63,64,73,:
61:49,50,57,59,60,62,63,71,72,73,:
62:49,57,58,59,60,61,63,64,:
63:57,59,60,61,62,64,203,207,:
64:49,52,53,57,58,59,60,62,63,206,207,208,209,:
65:66,67,68,69,70,71,74,75,82,192,193,:
66:65,67,68,69,70,74,75,189,190,191,192,193,194,195,:
67:65,66,68,69,70,71,72,73,74,75,76,115,117,120,193,:
68:65,66,67,69,70,71,72,73,74,75,76,77,78,79,115,117,118,120,195,196,:
69:50,65,66,67,68,70,71,72,73,74,75,76,77,78,86,87,117,118,120,195,196,198,200,:
70:65,66,67,68,69,71,72,73,74,117,193,200,:
71:61,65,67,68,69,70,72,73,115,117,118,120,:
72:61,67,68,69,70,71,73,114,115,116,117,118,119,120,:
73:60,61,67,68,69,70,71,72,120,199,200,202,204,:
74:65,66,67,68,69,70,75,76,77,78,79,80,81,82,86,87,194,195,196,197,:
75:65,66,67,68,69,74,76,77,78,79,80,81,82,83,:
76:67,68,69,74,75,77,78,79,80,81,82,86,87,88,196,197,:
77:68,69,74,75,76,78,79,80,86,87,88,89,91,95,96,101,118,119,:
78:68,69,74,75,76,77,79,86,87,88,89,95,96,99,101,112,113,114,115,118,119,120,:
79:68,74,75,76,77,78,80,81,82,83,86,87,197,:
80:74,75,76,77,79,81,82,83,84,85,169,173,176,194,197,:
81:74,75,76,79,80,82,83,84,85,172,194,:
82:65,74,75,76,79,80,81,83,84,85,103,:
83:75,79,80,81,82,84,85,171,172,194,:
84:80,81,82,83,85,172,190,:
85:80,81,82,83,84,170,171,172,173,194,:
86:20,69,74,76,77,78,79,87,88,89,90,91,92,95,96,:
87:9,20,21,69,74,76,77,78,79,86,88,89,90,91,196,197,198,:
88:21,50,76,77,78,86,87,89,90,91,92,93,94,95,96,97,119,:
89:77,78,86,87,88,90,91,92,93,94,95,96,97,98,99,100,101,355,:
90:86,87,88,89,91,92,93,94,95,96,97,100,142,354,355,356,:
91:9,10,20,21,52,53,77,86,87,88,89,90,92,93,94,95,96,:
92:10,21,35,36,48,51,52,53,86,88,89,90,91,93,94,95,:
93:21,32,34,35,36,41,48,51,52,53,88,89,90,91,92,94,95,96,:
94:4,6,10,12,15,18,21,22,35,36,52,53,88,89,90,91,92,93,:
95:32,41,77,78,86,88,89,90,91,92,93,96,97,98,99,100,101,113,355,:
96:41,77,78,86,88,89,90,91,93,95,97,98,99,100,101,112,113,114,118,119,:
97:32,88,89,90,95,96,98,99,100,101,113,353,354,355,:
98:30,32,89,95,96,97,99,100,101,104,105,113,353,:
99:30,38,41,78,89,95,96,97,98,100,101,104,105,110,111,112,113,:
100:89,90,95,96,97,98,99,101,102,352,353,354,355,:
101:77,78,89,95,96,97,98,99,100,102,103,:
102:100,101,103,139,141,:
103:82,101,102,:
104:98,99,105,106,107,108,109,110,111,:
105:23,25,38,98,99,104,106,107,108,109,110,111,113,:
106:104,105,107,108,109,110,111,:
107:104,105,106,108,109,110,:
108:104,105,106,107,109,:
109:104,105,106,107,108,110,111,112,:
110:99,104,105,106,107,109,111,112,113,114,115,116,:
111:99,104,105,106,109,110,112,113,114,115,116,117,118,119,:
112:38,41,45,78,96,99,109,110,111,113,114,115,116,117,118,119,120,:
113:37,38,40,41,45,78,95,96,97,98,99,105,110,111,112,114,115,116,118,119,120,:
114:41,45,72,78,96,110,111,112,113,115,116,117,118,119,120,:
115:67,68,71,72,78,110,111,112,113,114,116,117,118,119,120,:
116:72,110,111,112,113,114,115,117,118,120,:
117:67,68,69,70,71,72,111,112,114,115,116,118,119,120,:
118:40,41,45,49,50,68,69,71,72,77,78,96,111,112,113,114,115,116,117,119,120,:
119:38,39,40,41,45,46,48,49,50,72,77,78,88,96,111,112,113,114,115,117,118,120,:
120:41,45,49,50,67,68,69,71,72,73,78,112,113,114,115,116,117,118,119,:
121:122,123,124,125,126,127,128,129,131,144,:
122:121,123,124,125,126,127,129,130,131,:
123:121,122,124,125,126,127,128,129,131,144,147,:
124:121,122,123,125,126,127,133,147,166,:
125:121,122,123,124,126,133,338,339,341,:
126:121,122,123,124,125,127,128,129,130,131,166,332,334,341,:
127:121,122,123,124,126,128,129,130,131,154,155,281,290,332,334,:
128:121,123,126,127,129,130,131,148,149,150,151,153,154,155,156,165,281,290,332,334,:
129:121,122,123,126,127,128,130,131,155,280,281,286,290,332,:
130:122,126,127,128,129,131,154,155,156,280,281,284,286,289,290,:
131:121,122,123,126,127,128,129,130,281,320,321,322,325,332,:
132:133,134,135,136,137,138,140,166,167,:
133:124,125,132,134,135,136,137,138,140,166,167,:
134:132,133,135,136,137,138,139,140,164,167,:
135:132,133,134,136,137,138,:
136:132,133,134,135,137,:
137:132,133,134,135,136,138,139,140,141,142,167,:
138:132,133,134,135,137,139,140,141,142,164,167,355,:
139:102,134,137,138,140,141,142,163,164,167,169,:
140:132,133,134,137,138,139,141,142,167,333,335,354,355,356,:
141:102,137,138,139,140,142,163,164,167,169,355,:
142:90,137,138,139,140,141,167,333,335,355,:
143:144,145,146,147,148,149,:
144:121,123,143,145,146,147,148,:
145:143,144,146,147,148,149,150,:
146:143,144,145,147,148,149,160,161,:
147:123,124,143,144,145,146,148,149,160,161,162,165,166,:
148:128,143,144,145,146,147,149,150,151,:
149:128,143,145,146,147,148,150,151,152,153,154,155,:
150:128,145,148,149,151,152,153,154,155,156,157,158,281,:
151:128,148,149,150,152,153,154,155,156,157,158,159,186,187,188,:
152:149,150,151,153,154,155,157,158,159,186,187,188,:
153:128,149,150,151,152,154,155,156,157,158,159,175,177,186,187,188,282,:
154:127,128,130,149,150,151,152,153,155,156,157,158,159,177,280,281,282,290,291,293,:
155:127,128,129,130,149,150,151,152,153,154,156,157,159,280,281,282,290,291,293,:
156:128,130,150,151,153,154,155,157,158,159,175,177,217,280,281,283,290,291,293,:
157:150,151,152,153,154,155,156,158,159,175,177,186,187,188,216,217,:
158:150,151,152,153,154,156,157,159,175,186,187,188,217,:
159:151,152,153,154,155,156,157,158,175,177,187,188,215,216,217,293,:
160:146,147,161,162,163,164,165,166,167,168,170,:
161:146,147,160,162,163,164,165,166,167,:
162:147,160,161,163,164,165,166,167,168,169,170,173,174,175,:
163:139,141,160,161,162,164,165,166,167,168,169,170,171,173,174,176,:
164:134,138,139,141,160,161,162,163,165,166,167,168,169,170,:
165:128,147,160,161,162,163,164,166,167,168,174,175,176,177,178,334,:
166:124,126,132,133,147,160,161,162,163,164,165,167,334,:
167:132,133,134,137,138,139,140,141,142,160,161,162,163,164,165,166,168,:
168:160,162,163,164,165,167,169,170,171,172,173,174,175,176,:
169:80,139,141,162,163,164,168,170,171,172,173,174,176,:
170:85,160,162,163,164,168,169,171,172,173,174,175,176,187,:
171:83,85,163,168,169,170,172,173,174,187,:
172:81,83,84,85,168,169,170,171,173,:
173:80,85,162,163,168,169,170,171,172,174,175,176,177,178,187,215,:
174:162,163,165,168,169,170,171,173,175,176,177,178,187,215,216,218,220,:
175:153,156,157,158,159,162,165,168,170,173,174,176,177,178,186,187,215,216,217,218,220,:
176:9,80,163,165,168,169,170,173,174,175,177,178,197,216,218,219,220,:
177:153,154,156,157,159,165,173,174,175,176,178,187,216,217,218,219,220,293,334,:
178:9,14,20,165,173,174,175,176,177,216,218,219,220,334,335,:
179:180,181,182,183,184,185,:
180:179,181,182,183,184,:
181:179,180,182,183,184,185,186,:
182:179,180,181,183,184,185,:
183:179,180,181,182,184,185,:
184:179,180,181,182,183,185,186,187,188,:
185:179,181,182,183,184,186,187,188,:
186:151,152,153,157,158,175,181,184,185,187,188,:
187:151,152,153,157,158,159,170,171,173,174,175,177,184,185,186,188,215,:
188:151,152,153,157,158,159,184,185,186,187,:
189:66,190,191,192,193,194,195,211,:
190:66,84,189,191,192,193,194,:
191:66,189,190,192,193,194,195,196,200,211,214,:
192:65,66,189,190,191,193,194,195,199,200,:
193:65,66,67,70,189,190,191,192,194,195,199,200,:
194:66,74,80,81,83,85,189,190,191,192,193,195,196,197,198,200,214,:
195:66,68,69,74,189,191,192,193,194,196,197,198,199,200,204,214,220,225,:
196:68,69,74,76,87,191,194,195,197,198,200,214,218,219,220,229,:
197:74,76,79,80,87,176,194,195,196,198,215,216,218,219,220,:
198:69,87,194,195,196,197,200,204,205,206,218,219,220,226,228,229,:
199:73,192,193,195,200,201,202,203,204,205,225,:
200:69,70,73,191,192,193,194,195,196,198,199,201,202,204,205,225,:
201:199,200,202,203,204,205,206,207,225,:
202:73,199,200,201,203,204,205,207,:
203:63,199,201,202,204,205,207,:
204:73,195,198,199,200,201,202,203,205,206,207,208,209,225,:
205:198,199,200,201,202,203,204,206,207,208,209,226,:
206:64,198,201,204,205,207,208,209,226,228,229,230,:
207:63,64,201,202,203,204,205,206,208,209,:
208:64,204,205,206,207,209,228,229,230,:
209:64,204,205,206,207,208,230,:
210:211,212,213,214,215,216,221,222,:
211:189,191,210,212,213,214,215,221,:
212:210,211,213,214,215,216,217,218,220,221,222,223,:
213:210,211,212,214,215,216,217,218,220,221,222,223,224,225,226,227,:
214:191,194,195,196,210,211,212,213,215,216,220,221,222,223,224,225,226,:
215:159,173,174,175,187,197,210,211,212,213,214,216,217,218,219,220,221,222,:
216:8,19,157,159,174,175,176,177,178,197,210,212,213,214,215,217,218,219,220,221,222,227,229,:
217:8,19,156,157,158,159,175,177,212,213,215,216,218,219,220,221,222,227,249,293,:
218:8,19,174,175,176,177,178,196,197,198,212,213,215,216,217,219,220,221,226,227,228,229,:
219:2,3,8,9,13,19,20,176,177,178,196,197,198,215,216,217,218,220,226,227,228,229,230,293,:
220:8,174,175,176,177,178,195,196,197,198,212,213,214,215,216,217,218,219,226,227,228,229,:
221:210,211,212,213,214,215,216,217,218,222,223,224,225,226,227,:
222:210,212,213,214,215,216,217,221,223,224,226,227,239,:
223:212,213,214,221,222,224,225,226,227,228,:
224:213,214,221,222,223,225,226,227,:
225:195,199,200,201,204,213,214,221,223,224,226,:
226:198,205,206,213,214,218,219,220,221,222,223,224,225,227,228,229,230,:
227:8,19,213,216,217,218,219,220,221,222,223,224,226,228,229,230,:
228:1,2,7,8,13,19,198,206,208,218,219,220,223,226,227,229,230,:
229:1,2,8,9,13,19,20,196,198,206,208,216,218,219,220,226,227,228,230,:
230:1,2,7,8,13,19,206,208,209,219,226,227,228,229,248,:
231:232,233,234,235,236,237,:
232:231,233,234,236,:
233:231,232,234,235,236,237,238,239,:
234:231,232,233,235,236,237,238,239,240,:
235:231,233,234,236,237,238,239,240,:
236:231,232,233,234,235,237,238,239,240,283,:
237:231,233,234,235,236,238,239,240,242,249,283,:
238:233,234,235,236,237,239,240,242,247,249,:
239:222,233,234,235,236,237,238,240,249,:
240:234,235,236,237,238,239,242,247,:
241:242,243,244,245,246,247,250,251,274,285,:
242:237,238,240,241,243,244,245,246,247,273,274,:
243:241,242,244,245,246,247,250,251,252,258,274,285,288,:
244:241,242,243,245,246,247,250,251,252,253,255,256,258,274,288,:
245:241,242,243,244,246,247,250,251,252,253,254,255,256,258,271,272,273,274,275,276,:
246:241,242,243,244,245,247,248,249,250,251,258,260,274,285,288,289,:
247:238,240,241,242,243,244,245,246,248,249,258,273,274,276,:
248:7,8,19,230,246,247,249,:
249:8,19,217,237,238,239,246,247,248,283,291,293,:
250:241,243,244,245,246,251,252,253,254,255,256,257,258,287,288,:
251:241,243,244,245,246,250,252,253,255,256,257,258,285,287,288,:
252:243,244,245,250,251,253,254,255,256,257,258,288,:
253:244,245,250,251,252,254,255,256,:
254:245,250,252,253,255,271,:
255:244,245,250,251,252,253,254,256,257,258,259,260,:
256:244,245,250,251,252,253,255,257,258,259,260,261,452,454,:
257:250,251,252,255,256,258,259,260,261,262,295,:
258:243,244,245,246,247,250,251,252,255,256,257,259,260,261,262,263,452,454,:
259:255,256,257,258,260,261,262,263,295,299,302,454,:
260:1,7,11,16,246,255,256,257,258,259,261,262,263,289,292,452,454,:
261:16,256,257,258,259,260,262,263,289,292,302,454,:
262:5,11,16,17,257,258,259,260,261,263,289,291,292,302,325,326,327,328,:
263:1,5,11,14,16,258,259,260,261,262,289,290,291,292,325,326,327,328,332,:
264:265,266,267,268,269,270,:
265:264,266,267,268,269,270,:
266:264,265,267,268,269,270,271,:
267:264,265,266,268,269,270,:
268:264,265,266,267,269,:
269:264,265,266,267,268,270,271,272,:
270:264,265,266,267,269,271,272,273,274,275,276,:
271:245,254,266,269,270,272,273,274,275,276,:
272:245,269,270,271,273,274,275,276,:
273:242,245,247,270,271,272,274,275,276,:
274:241,242,243,244,245,246,247,270,271,272,273,275,276,:
275:245,270,271,272,273,274,276,464,:
276:245,247,270,271,272,273,274,275,464,:
277:278,279,280,281,282,283,284,285,:
278:277,279,280,282,283,284,285,:
279:277,278,280,281,282,283,284,285,286,:
280:129,130,154,155,156,277,278,279,281,282,283,284,285,286,287,289,290,:
281:127,128,129,130,131,150,154,155,156,277,279,280,282,283,284,285,286,289,290,:
282:153,154,155,277,278,279,280,281,283,284,285,:
283:156,236,237,249,277,278,279,280,281,282,284,285,:
284:130,277,278,279,280,281,282,283,285,286,287,288,289,290,:
285:241,243,246,251,277,278,279,280,281,282,283,284,286,287,288,289,290,:
286:129,130,279,280,281,284,285,287,288,289,290,291,:
287:250,251,280,284,285,286,288,289,290,:
288:243,244,246,250,251,252,284,285,286,287,289,:
289:130,246,260,261,262,263,280,281,284,285,286,287,288,290,291,292,293,:
290:127,128,129,130,154,155,156,263,280,281,284,285,286,287,289,291,292,293,332,:
291:2,3,8,14,19,154,155,156,249,262,263,286,289,290,292,293,332,:
292:1,2,3,5,7,8,11,14,16,19,260,261,262,263,289,290,291,293,332,:
293:2,3,8,14,19,154,155,156,159,177,217,219,249,289,290,291,292,:
294:295,296,297,298,299,300,305,306,:
295:257,259,294,296,297,298,299,300,:
296:294,295,297,298,299,300,301,302,305,306,307,312,324,:
297:294,295,296,298,299,300,301,305,306,307,308,310,311,312,324,:
298:294,295,296,297,299,300,301,305,306,307,308,311,312,437,438,:
299:259,294,295,296,297,298,300,301,302,303,304,305,306,312,437,:
300:294,295,296,297,298,299,301,302,303,304,305,306,312,437,453,:
301:296,297,298,299,300,302,303,304,311,312,316,407,436,437,438,:
302:6,12,16,17,22,259,261,262,296,299,300,301,303,304,327,453,454,:
303:12,17,22,299,300,301,302,304,316,402,403,405,406,407,436,437,:
304:6,12,16,17,18,22,299,300,301,302,303,327,330,402,403,404,405,406,407,453,:
305:294,296,297,298,299,300,306,307,308,309,310,311,312,324,401,:
306:294,296,297,298,299,300,305,307,308,309,310,311,312,323,324,336,337,401,:
307:296,297,298,305,306,308,309,310,311,312,313,324,401,:
308:297,298,305,306,307,309,310,311,312,313,314,315,316,399,400,401,:
309:305,306,307,308,310,311,312,313,314,399,400,401,408,412,:
310:297,305,306,307,308,309,311,324,337,401,:
311:297,298,301,305,306,307,308,309,310,312,313,314,315,316,317,:
312:296,297,298,299,300,301,305,306,307,308,309,311,313,314,315,316,437,438,:
313:307,308,309,311,312,314,315,316,317,392,399,407,:
314:308,309,311,312,313,315,316,317,:
315:308,311,312,313,314,316,317,:
316:301,303,308,311,312,313,314,315,317,318,392,405,407,437,:
317:311,313,314,315,316,318,319,392,405,406,407,:
318:316,317,319,377,379,405,406,407,436,:
319:317,318,360,361,363,369,371,377,:
320:131,321,322,323,324,325,326,336,338,:
321:131,320,322,323,324,325,336,:
322:131,320,321,323,324,325,326,327,328,332,336,337,338,341,:
323:306,320,321,322,324,325,326,327,336,337,338,339,340,341,342,343,401,:
324:296,297,305,306,307,310,320,321,322,323,325,326,327,336,337,338,401,:
325:131,262,263,320,321,322,323,324,326,327,328,329,331,332,336,:
326:16,262,263,320,322,323,324,325,327,328,329,330,331,332,333,334,336,341,:
327:12,15,16,22,262,263,302,304,322,323,324,325,326,328,329,330,331,332,333,336,341,342,344,402,403,404,:
328:14,15,16,262,263,322,325,326,327,329,330,331,332,333,334,335,341,342,344,:
329:4,5,6,12,15,16,22,325,326,327,328,330,331,332,333,335,342,344,402,403,404,:
330:4,6,12,15,16,22,304,326,327,328,329,331,333,342,344,402,403,404,405,:
331:3,4,5,12,14,15,16,325,326,327,328,329,330,332,333,334,335,341,342,344,:
332:14,126,127,128,129,131,263,290,291,292,322,325,326,327,328,329,331,333,334,335,341,:
333:3,4,9,14,15,140,142,326,327,328,329,330,331,332,334,335,344,:
334:3,9,14,126,127,128,165,166,177,178,326,328,331,332,333,335,:
335:3,9,14,15,20,140,142,178,328,329,331,332,333,334,:
336:306,320,321,322,323,324,325,326,327,337,338,339,340,341,342,343,401,:
337:306,310,322,323,324,336,338,339,340,341,342,343,400,401,402,408,410,:
338:125,320,322,323,324,336,337,339,340,341,342,343,344,:
339:125,323,336,337,338,340,341,342,343,:
340:323,336,337,338,339,341,342,343,401,410,411,:
341:125,126,322,323,326,327,328,331,332,336,337,338,339,340,342,343,344,:
342:323,327,328,329,330,331,336,337,338,339,340,341,343,344,:
343:323,336,337,338,339,340,341,342,344,398,400,401,402,408,410,:
344:327,328,329,330,331,333,338,341,342,343,:
345:346,347,348,349,350,351,385,394,:
346:345,347,348,349,350,351,384,385,388,390,393,394,398,:
347:345,346,348,349,350,351,352,385,:
348:345,346,347,349,350,351,:
349:345,346,347,348,350,:
350:345,346,347,348,349,351,352,353,354,356,385,:
351:345,346,347,348,350,352,353,354,355,356,385,:
352:100,347,350,351,353,354,355,356,:
353:97,98,100,350,351,352,354,355,356,:
354:90,97,100,140,350,351,352,353,355,356,:
355:89,90,95,97,100,138,140,141,142,351,352,353,354,356,:
356:90,140,350,351,352,353,354,355,385,:
357:358,359,360,361,362,363,364,365,369,370,382,:
358:357,359,360,362,363,364,365,366,369,370,:
359:357,358,360,361,362,363,364,365,369,370,371,382,389,396,:
360:319,357,358,359,361,362,363,369,370,371,372,374,381,382,388,389,:
361:319,357,359,360,362,363,369,370,371,372,381,382,388,389,390,392,393,396,:
362:357,358,359,360,361,363,364,365,366,368,369,370,396,:
363:319,357,358,359,360,361,362,364,365,366,367,368,369,:
364:357,358,359,362,363,365,366,367,368,:
365:357,358,359,362,363,364,366,367,368,:
366:358,362,363,364,365,367,368,:
367:363,364,365,366,368,:
368:362,363,364,365,366,367,:
369:319,357,358,359,360,361,362,363,370,371,372,373,374,375,381,382,389,:
370:357,358,359,360,361,362,369,371,372,374,381,382,:
371:319,359,360,361,369,370,372,373,374,375,376,377,381,382,383,389,406,:
372:35,36,360,361,369,370,371,373,374,375,376,381,382,383,384,386,388,389,405,406,:
373:22,35,36,369,371,372,374,375,376,381,382,383,384,388,389,403,404,405,406,407,:
374:360,369,370,371,372,373,375,376,377,378,379,381,382,:
375:369,371,372,373,374,376,377,378,379,380,406,415,417,:
376:18,22,54,55,56,371,372,373,374,375,377,378,379,380,417,:
377:318,319,371,374,375,376,378,379,380,406,415,:
378:6,12,17,18,22,54,55,56,374,375,376,377,379,380,415,417,418,:
379:318,374,375,376,377,378,380,415,418,451,:
380:6,17,18,22,375,376,377,378,379,415,418,451,453,:
381:33,34,35,36,360,361,369,370,371,372,373,374,382,383,384,385,386,387,388,389,406,:
382:33,34,35,357,359,360,361,369,370,371,372,373,374,381,383,384,386,387,388,389,:
383:34,35,36,371,372,373,381,382,384,385,386,387,388,389,390,:
384:346,372,373,381,382,383,385,386,387,388,389,390,391,393,394,397,398,:
385:345,346,347,350,351,356,381,383,384,386,388,389,390,391,393,397,398,:
386:30,32,33,34,35,36,372,381,382,383,384,385,387,388,389,:
387:381,382,383,384,386,388,389,:
388:346,360,361,372,373,381,382,383,384,385,386,387,389,390,391,392,393,394,397,398,406,:
389:359,360,361,369,371,372,373,381,382,383,384,385,386,387,388,390,391,392,393,394,397,406,:
390:346,361,383,384,385,388,389,391,392,393,394,397,398,399,409,:
391:384,385,388,389,390,392,393,394,397,398,399,400,402,403,405,406,407,408,409,:
392:313,316,317,361,388,389,390,391,393,397,398,399,400,402,403,405,406,407,409,:
393:346,361,384,385,388,389,390,391,392,394,395,396,397,398,:
394:345,346,384,388,389,390,391,393,395,396,:
395:393,394,396,:
396:359,361,362,393,394,395,:
397:384,385,388,389,390,391,392,393,398,399,400,401,402,403,404,405,406,407,408,409,:
398:343,346,384,385,388,390,391,392,393,397,399,400,401,402,403,404,405,408,409,410,:
399:308,309,313,390,391,392,397,398,400,401,402,403,404,405,407,408,409,410,:
400:308,309,337,343,391,392,397,398,399,401,402,403,408,409,410,411,412,:
401:305,306,307,308,309,310,323,324,336,337,340,343,397,398,399,400,402,408,409,410,411,412,:
402:303,304,327,329,330,337,343,391,392,397,398,399,400,401,403,404,405,406,407,408,409,:
403:12,22,303,304,327,329,330,373,391,392,397,398,399,400,402,404,405,406,407,:
404:12,22,304,327,329,330,373,397,398,399,402,403,405,406,407,:
405:12,22,303,304,316,317,318,330,372,373,391,392,397,398,399,402,403,404,406,407,:
406:12,22,303,304,317,318,371,372,373,375,377,381,388,389,391,392,397,402,403,404,405,407,:
407:22,301,303,304,313,316,317,318,373,391,392,397,399,402,403,404,405,406,:
408:309,337,343,391,397,398,399,400,401,402,409,410,411,412,:
409:390,391,392,397,398,399,400,401,402,408,410,411,412,:
410:337,340,343,398,399,400,401,408,409,411,412,:
411:340,400,401,408,409,410,412,:
412:309,400,401,408,409,410,411,:
413:414,415,416,417,418,419,420,:
414:413,415,416,418,419,420,421,444,:
415:375,377,378,379,380,413,414,416,417,418,419,420,421,:
416:56,413,414,415,417,418,419,420,:
417:54,56,375,376,378,413,415,416,418,419,420,:
418:56,378,379,380,413,414,415,416,417,419,420,421,:
419:413,414,415,416,417,418,420,421,:
420:413,414,415,416,417,418,419,421,:
421:414,415,418,419,420,:
422:423,424,425,426,427,428,429,430,431,432,:
423:422,424,425,426,427,428,429,430,431,:
424:422,423,425,426,427,428,429,430,431,432,433,440,:
425:422,423,424,426,427,428,429,431,432,433,434,436,437,438,439,440,:
426:422,423,424,425,427,428,429,431,432,433,434,436,437,438,440,:
427:422,423,424,425,426,428,429,430,431,432,440,447,450,452,454,:
428:422,423,424,425,426,427,429,430,431,432,440,448,450,:
429:422,423,424,425,426,427,428,430,431,432,434,439,440,441,442,445,446,447,448,450,:
430:422,423,424,427,428,429,:
431:422,423,424,425,426,427,428,429,432,433,434,435,436,437,438,439,440,447,451,453,:
432:422,424,425,426,427,428,429,431,433,434,435,436,437,438,439,440,445,447,450,451,452,453,454,:
433:424,425,426,431,432,434,435,436,437,438,439,440,441,451,:
434:425,426,429,431,432,433,435,436,437,439,440,441,442,444,451,:
435:431,432,433,434,436,439,440,441,442,444,:
436:301,303,318,425,426,431,432,433,434,435,437,438,439,440,:
437:298,299,300,301,303,312,316,425,426,431,432,433,434,436,438,:
438:298,301,312,425,426,431,432,433,436,437,:
439:425,429,431,432,433,434,435,436,440,441,442,443,444,445,446,447,451,:
440:424,425,426,427,428,429,431,432,433,434,435,436,439,441,442,444,445,446,447,450,451,:
441:429,433,434,435,439,440,442,443,444,445,446,447,451,:
442:429,434,435,439,440,441,443,444,445,446,:
443:439,441,442,444,445,:
444:414,434,435,439,440,441,442,443,445,446,447,448,450,451,:
445:429,432,439,440,441,442,443,444,446,447,448,449,450,451,452,453,:
446:429,439,440,441,442,444,445,447,448,449,450,451,452,:
447:427,429,431,432,439,440,441,444,445,446,448,449,450,451,452,453,454,:
448:428,429,444,445,446,447,449,450,451,452,454,:
449:445,446,447,448,450,452,:
450:427,428,429,432,440,444,445,446,447,448,449,451,452,453,454,:
451:379,380,431,432,433,434,439,440,441,444,445,446,447,448,450,452,453,454,:
452:256,258,260,427,432,445,446,447,448,449,450,451,453,454,:
453:17,300,302,304,380,431,432,445,447,450,451,452,454,:
454:17,256,258,259,260,261,302,427,432,447,448,450,451,452,453,:
455:456,457,458,459,460,461,462,463,:
456:455,457,458,460,461,462,463,464,:
457:455,456,458,459,460,461,462,463,:
458:455,456,457,459,460,461,:
459:455,457,458,460,:
460:455,456,457,458,459,461,462,463,464,:
461:455,456,457,458,460,462,463,464,:
462:455,456,457,460,461,463,464,:
463:455,456,457,460,461,462,464,:
464:275,276,456,460,461,462,463,:
