1:2,3,4,5,6,8,9,10,11,19,20,21,22,23,24,26,27,219,:
2:1,3,4,5,6,8,9,10,20,21,22,23,24,26,27,102,219,220,349,350,351,353,:
3:1,2,4,5,6,9,20,21,22,23,24,219,220,285,350,351,352,353,:
4:1,2,3,5,6,20,21,22,23,24,220,285,287,353,:
5:1,2,3,4,6,9,20,21,22,23,24,183,:
6:1,2,3,4,5,8,9,10,20,21,22,23,24,26,27,183,:
7:8,9,10,11,12,16,17,19,25,26,27,29,36,37,86,89,91,92,:
8:1,2,6,7,9,10,11,19,20,24,25,26,27,349,:
9:1,2,3,5,6,7,8,10,11,17,19,20,24,25,26,27,29,:
10:1,2,6,7,8,9,11,12,13,16,17,19,20,24,25,26,27,28,29,30,31,36,86,:
11:1,7,8,9,10,12,13,15,16,17,19,25,26,27,28,29,30,36,37,38,86,:
12:7,10,11,13,14,15,16,17,18,27,28,29,30,31,32,33,34,35,36,37,38,39,:
13:10,11,12,14,15,16,17,18,27,28,29,30,31,32,33,34,36,38,39,214,216,217,218,:
14:12,13,15,16,17,18,28,29,30,31,32,33,34,35,36,38,39,67,164,166,213,214,215,:
15:11,12,13,14,16,17,18,28,29,30,32,33,34,35,36,37,38,39,65,66,67,86,90,94,96,:
16:7,10,11,12,13,14,15,17,18,25,28,29,30,33,34,35,36,37,38,39,86,88,90,91,93,94,95,:
17:7,9,10,11,12,13,14,15,16,18,19,25,27,28,29,30,31,33,34,35,36,37,38,39,86,:
18:12,13,14,15,16,17,28,30,31,32,33,34,35,36,37,38,39,65,66,67,68,78,86,:
19:1,7,8,9,10,11,17,25,26,27,106,419,:
20:1,2,3,4,5,6,8,9,10,21,26,27,100,101,102,219,220,350,351,352,353,:
21:1,2,3,4,5,6,20,22,219,220,284,285,287,350,351,352,353,354,359,:
22:1,2,3,4,5,6,21,23,284,285,286,287,:
23:1,2,3,4,5,6,22,24,403,:
24:1,2,3,4,5,6,8,9,10,23,26,27,183,400,403,:
25:7,8,9,10,11,16,17,19,36,37,86,88,89,91,92,93,422,423,:
26:1,2,6,7,8,9,10,11,19,20,24,344,345,346,349,350,398,399,:
27:1,2,6,7,8,9,10,11,12,13,17,19,20,24,28,29,30,31,183,218,219,:
28:10,11,12,13,14,15,16,17,18,27,29,30,31,32,33,34,35,36,37,38,39,:
29:7,9,10,11,12,13,14,15,16,17,27,28,30,31,33,34,37,183,:
30:10,11,12,13,14,15,16,17,18,27,28,29,31,32,33,34,36,38,39,86,213,214,215,216,217,218,219,:
31:10,12,13,14,17,18,27,28,29,30,32,33,34,38,164,183,214,216,218,219,:
32:12,13,14,15,18,28,30,31,33,34,38,39,67,68,164,166,212,213,214,215,216,217,218,:
33:12,13,14,15,16,17,18,28,29,30,31,32,34,35,38,39,67,162,164,166,167,:
34:12,13,14,15,16,17,18,28,29,30,31,32,33,35,36,37,38,39,65,67,245,246,:
35:12,14,15,16,17,18,28,33,34,36,37,38,39,65,66,67,68,86,90,93,94,95,96,97,:
36:7,10,11,12,13,14,15,16,17,18,25,28,30,34,35,37,38,39,84,85,86,87,88,89,90,91,92,93,94,95,96,:
37:7,11,12,15,16,17,18,25,28,29,34,35,36,38,86,90,91,92,93,94,95,96,97,:
38:11,12,13,14,15,16,17,18,28,30,31,32,33,34,35,36,37,39,67,68,78,84,85,86,215,:
39:12,13,14,15,16,17,18,28,30,32,33,34,35,36,38,64,65,66,67,68,78,86,:
40:41,42,43,44,45,46,47,:
41:40,42,43,44,45,46,47,48,81,:
42:40,41,43,44,45,46,47,48,83,327,:
43:40,41,42,44,45,46,47,48,82,83,327,:
44:40,41,42,43,45,46,47,48,49,50,73,76,77,81,82,83,84,87,327,:
45:40,41,42,43,44,46,47,48,81,83,105,326,327,336,:
46:40,41,42,43,44,45,47,48,80,81,82,83,98,99,104,105,108,115,336,:
47:40,41,42,43,44,45,46,48,76,79,80,81,82,83,99,105,108,115,:
48:41,42,43,44,45,46,47,80,81,82,83,84,85,87,98,99,100,103,104,105,106,108,115,336,:
49:44,50,51,52,53,54,70,73,:
50:44,49,51,52,53,54,69,70,71,72,73,:
51:49,50,52,53,54,73,:
52:49,50,51,53,54,55,56,70,:
53:49,50,51,52,54,55,56,62,69,70,73,:
54:49,50,51,52,53,94,321,328,:
55:52,53,56,57,58,59,60,61,62,:
56:52,53,55,57,58,60,61,62,:
57:55,56,58,59,60,61,62,63,:
58:55,56,57,59,60,61,:
59:55,57,58,60,:
60:55,56,57,58,59,61,62,63,64,65,:
61:55,56,57,58,60,62,63,64,65,66,:
62:53,55,56,57,60,61,63,64,65,66,67,68,70,:
63:57,60,61,62,64,65,66,67,244,246,:
64:39,60,61,62,63,65,66,67,68,69,70,:
65:15,18,34,35,39,60,61,62,63,64,66,67,68,96,168,:
66:15,18,35,39,61,62,63,64,65,67,68,:
67:14,15,18,32,33,34,35,38,39,62,63,64,65,66,68,78,:
68:18,32,35,38,39,62,64,65,66,67,72,77,78,:
69:50,53,64,70,71,72,73,74,75,:
70:49,50,52,53,62,64,69,71,72,73,74,:
71:50,69,70,72,73,74,75,76,225,:
72:50,68,69,70,71,73,74,75,76,77,78,79,82,:
73:44,49,50,51,53,69,70,71,72,74,75,76,77,78,82,83,:
74:69,70,71,72,73,75,76,77,78,79,80,81,82,83,:
75:69,71,72,73,74,76,77,78,79,80,225,:
76:44,47,71,72,73,74,75,77,78,79,80,81,82,83,84,99,108,:
77:44,68,72,73,74,75,76,78,79,80,81,82,83,84,85,86,87,98,99,108,:
78:18,38,39,67,68,72,73,74,75,76,77,79,80,81,82,83,84,85,86,98,99,108,:
79:47,72,74,75,76,77,78,80,81,82,83,99,108,111,:
80:46,47,48,74,75,76,77,78,79,81,82,83,98,99,107,108,109,110,111,112,113,115,:
81:41,44,45,46,47,48,74,76,77,78,79,80,82,83,98,99,105,107,108,112,113,115,:
82:43,44,46,47,48,72,73,74,76,77,78,79,80,81,83,84,85,86,87,88,98,99,108,:
83:42,43,44,45,46,47,48,73,74,76,77,78,79,80,81,82,84,85,87,98,99,:
84:36,38,44,48,76,77,78,82,83,85,86,87,88,89,90,94,98,99,100,:
85:36,38,48,77,78,82,83,84,86,87,88,89,90,98,99,100,101,103,105,106,107,108,:
86:7,10,11,15,16,17,18,25,30,35,36,37,38,39,77,78,82,84,85,87,88,89,90,98,99,100,101,103,106,:
87:36,44,48,77,82,83,84,85,86,88,89,90,91,93,94,98,99,:
88:16,25,36,82,84,85,86,87,89,90,91,92,93,94,95,96,:
89:7,25,36,84,85,86,87,88,90,91,92,93,94,95,106,320,:
90:15,16,35,36,37,84,85,86,87,88,89,91,92,93,94,95,96,97,320,321,:
91:7,16,25,36,37,87,88,89,90,92,93,94,95,97,319,320,421,422,:
92:7,25,36,37,88,89,90,91,93,95,319,320,419,420,421,422,427,428,435,:
93:16,25,35,36,37,87,88,89,90,91,92,94,95,96,97,318,319,320,321,422,:
94:15,16,35,36,37,54,84,87,88,89,90,91,93,95,96,97,321,:
95:16,35,36,37,88,89,90,91,92,93,94,96,97,320,321,422,435,:
96:15,35,36,37,65,88,90,93,94,95,97,321,:
97:35,37,90,91,93,94,95,96,240,241,242,244,321,:
98:46,48,77,78,80,81,82,83,84,85,86,87,99,100,101,102,103,104,105,106,107,108,:
99:46,47,48,76,77,78,79,80,81,82,83,84,85,86,87,98,100,101,103,104,105,106,107,108,:
100:20,48,84,85,86,98,99,101,102,103,104,105,106,107,108,109,304,:
101:20,85,86,98,99,100,102,103,104,105,106,107,108,109,110,112,113,304,:
102:2,20,98,100,101,103,104,105,107,108,109,110,118,119,303,304,351,352,354,355,356,:
103:48,85,86,98,99,100,101,102,104,105,106,107,108,303,304,:
104:46,48,98,99,100,101,102,103,105,106,107,108,115,117,302,303,304,:
105:45,46,47,48,81,85,98,99,100,101,102,103,104,106,107,108,115,117,303,304,336,:
106:19,48,85,86,89,98,99,100,101,103,104,105,333,:
107:80,81,85,98,99,100,101,102,103,104,105,108,109,110,111,112,113,115,118,119,304,:
108:46,47,48,76,77,78,79,80,81,82,85,98,99,100,101,102,103,104,105,107,109,110,111,112,113,115,:
109:80,100,101,102,107,108,110,111,112,113,114,115,118,119,120,137,:
110:80,101,102,107,108,109,111,112,113,118,119,120,121,122,123,215,217,:
111:79,80,107,108,109,110,112,118,119,120,121,122,215,217,:
112:80,81,101,107,108,109,110,111,113,114,115,116,117,118,119,137,:
113:80,81,101,107,108,109,110,112,114,115,116,117,137,304,357,:
114:109,112,113,115,116,117,134,136,137,303,304,355,356,357,:
115:46,47,48,80,81,104,105,107,108,109,112,113,114,116,117,303,304,:
116:112,113,114,115,117,137,298,302,303,304,355,356,357,:
117:104,105,112,113,114,115,116,302,303,304,:
118:102,107,109,110,111,112,119,120,121,122,123,124,125,126,215,217,220,:
119:102,107,109,110,111,112,118,120,121,122,123,124,125,126,127,128,137,217,220,:
120:109,110,111,118,119,121,122,123,124,125,126,205,215,217,:
121:110,111,118,119,120,122,123,124,125,129,130,205,:
122:110,111,118,119,120,121,123,124,125,129,130,131,132,134,:
123:110,118,119,120,121,122,124,125,126,127,128,196,205,217,218,220,:
124:118,119,120,121,122,123,125,126,127,128,196,197,:
125:118,119,120,121,122,123,124,126,127,128,129,130,:
126:118,119,120,123,124,125,127,128,197,220,358,359,:
127:119,123,124,125,126,128,130,135,136,138,:
128:119,123,124,125,126,127,136,138,358,359,360,:
129:121,122,125,130,131,132,133,134,135,:
130:121,122,125,127,129,131,132,134,135,:
131:122,129,130,132,133,134,135,136,:
132:122,129,130,131,133,134,135,:
133:129,131,132,134,:
134:114,122,129,130,131,132,133,135,136,137,138,:
135:127,129,130,131,132,134,136,137,138,360,:
136:114,127,128,131,134,135,137,138,354,355,357,358,359,360,:
137:109,112,113,114,116,119,134,135,136,138,354,355,356,357,358,359,360,:
138:127,128,134,135,136,137,354,355,357,358,359,360,:
139:140,141,142,143,144,145,146,147,148,208,211,:
140:139,141,142,143,144,146,207,208,209,210,211,:
141:139,140,142,143,144,145,146,147,148,149,208,211,:
142:139,140,141,143,144,145,146,147,148,149,150,151,152,153,208,:
143:139,140,141,142,144,145,147,148,149,150,157,203,204,207,208,209,211,:
144:139,140,141,142,143,145,146,147,148,167,168,169,211,:
145:139,141,142,143,144,146,147,148,150,151,163,165,166,167,168,169,:
146:139,140,141,142,144,145,169,:
147:139,141,142,143,144,145,148,149,150,151,152,153,154,155,156,157,:
148:139,141,142,143,144,145,147,149,150,151,152,153,154,:
149:141,142,143,147,148,150,151,152,153,154,155,156,157,158,:
150:142,143,145,147,148,149,151,152,153,155,156,157,158,159,160,161,162,:
151:142,145,147,148,149,150,152,155,156,157,158,159,:
152:142,147,148,149,150,151,153,154,155,156,157,:
153:142,147,148,149,150,152,154,155,:
154:147,148,149,152,153,155,:
155:147,149,150,151,152,153,154,156,157,160,181,:
156:147,149,150,151,152,155,157,158,159,160,161,162,163,164,:
157:143,147,149,150,151,152,155,156,158,159,160,161,162,164,178,181,195,:
158:149,150,151,156,157,159,160,161,162,163,164,171,178,455,:
159:150,151,156,157,158,160,161,162,170,171,177,178,455,:
160:150,155,156,157,158,159,161,170,171,172,173,177,178,179,180,181,:
161:150,156,157,158,159,160,162,163,164,165,166,171,454,455,:
162:33,150,156,157,158,159,161,163,164,165,166,167,455,:
163:145,156,158,161,162,164,165,166,167,168,451,455,:
164:14,31,32,33,156,157,158,161,162,163,165,166,167,168,169,:
165:145,161,162,163,164,166,167,168,169,:
166:14,32,33,145,161,162,163,164,165,167,168,169,:
167:33,144,145,162,163,164,165,166,168,169,:
168:65,144,145,163,164,165,166,167,169,:
169:144,145,146,164,165,166,167,168,:
170:159,160,171,172,173,174,175,176,177,178,:
171:158,159,160,161,170,172,173,175,176,177,178,454,455,:
172:160,170,171,173,174,175,176,177,178,179,:
173:160,170,171,172,174,175,176,177,178,179,180,181,182,183,:
174:170,172,173,175,176,177,178,179,180,182,183,:
175:170,171,172,173,174,176,177,178,:
176:170,171,172,173,174,175,177,178,183,:
177:159,160,170,171,172,173,174,175,176,178,179,180,181,182,183,184,:
178:157,158,159,160,170,171,172,173,174,175,176,177,179,180,181,182,183,:
179:160,172,173,174,177,178,180,181,182,183,184,185,190,192,:
180:160,173,174,177,178,179,181,182,184,185,186,188,189,190,191,192,:
181:155,157,160,173,177,178,179,180,182,184,185,186,187,190,191,192,:
182:173,174,177,178,179,180,181,183,184,190,192,:
183:5,6,24,27,29,31,173,174,176,177,178,179,182,:
184:177,179,180,181,182,185,186,187,188,189,190,191,192,:
185:179,180,181,184,186,187,188,189,190,191,192,193,:
186:180,181,184,185,187,188,189,190,191,192,193,194,195,196,197,:
187:181,184,185,186,188,191,192,193,194,195,:
188:180,184,185,186,187,189,190,191,192,:
189:180,184,185,186,188,190,191,192,:
190:179,180,181,182,184,185,186,188,189,191,192,:
191:180,181,184,185,186,187,188,189,190,192,193,194,195,196,197,201,202,:
192:179,180,181,182,184,185,186,187,188,189,190,191,193,194,195,196,197,:
193:185,186,187,191,192,194,195,196,197,198,199,201,202,203,:
194:186,187,191,192,193,195,196,197,201,202,203,204,205,206,:
195:157,186,187,191,192,193,194,196,201,202,203,204,205,207,208,214,216,:
196:123,124,186,191,192,193,194,195,197,198,199,200,201,202,:
197:124,126,186,191,192,193,194,196,198,199,200,:
198:193,196,197,199,200,:
199:193,196,197,198,200,202,:
200:196,197,198,199,:
201:191,193,194,195,196,202,203,204,205,206,207,208,:
202:191,193,194,195,196,199,201,203,204,205,206,:
203:143,193,194,195,201,202,204,205,206,207,208,209,:
204:143,194,195,201,202,203,205,206,207,208,209,210,212,213,214,:
205:120,121,123,194,195,201,202,203,204,206,207,208,209,210,212,213,214,:
206:194,201,202,203,204,205,207,208,:
207:140,143,195,201,203,204,205,206,208,209,210,211,212,213,214,221,222,:
208:139,140,141,142,143,195,201,203,204,205,206,207,209,210,211,212,213,214,221,:
209:140,143,203,204,205,207,208,210,211,212,213,214,215,221,222,223,:
210:140,204,205,207,208,209,211,212,213,221,222,223,224,225,226,227,:
211:139,140,141,143,144,207,208,209,210,212,221,222,223,224,225,:
212:32,204,205,207,208,209,210,211,213,214,215,216,217,221,222,:
213:14,30,32,204,205,207,208,209,210,212,214,215,216,217,218,:
214:13,14,30,31,32,195,204,205,207,208,209,212,213,215,216,217,218,219,:
215:14,30,32,38,110,111,118,120,209,212,213,214,216,217,218,219,220,:
216:13,30,31,32,195,212,213,214,215,217,218,219,220,:
217:13,30,32,110,111,118,119,120,123,212,213,214,215,216,218,219,220,:
218:13,27,30,31,32,123,213,214,215,216,217,219,220,:
219:1,2,3,20,21,27,30,31,214,215,216,217,218,220,:
220:2,3,4,20,21,118,119,123,126,215,216,217,218,219,:
221:207,208,209,210,211,212,222,223,224,225,226,227,:
222:207,209,210,211,212,221,223,224,225,226,227,:
223:209,210,211,221,222,224,225,226,227,228,:
224:210,211,221,222,223,225,226,227,:
225:71,75,210,211,221,222,223,224,226,:
226:210,221,222,223,224,225,227,228,229,230,:
227:210,221,222,223,224,226,228,229,230,:
228:223,226,227,229,230,:
229:226,227,228,230,:
230:226,227,228,229,:
231:232,233,234,235,236,237,238,:
232:231,233,234,235,236,237,238,:
233:231,232,234,235,236,237,238,239,430,:
234:231,232,233,235,236,237,247,248,430,:
235:231,232,233,234,236,247,248,:
236:231,232,233,234,235,237,238,239,240,242,243,424,425,:
237:231,232,233,234,236,238,239,240,241,242,243,244,245,:
238:231,232,233,236,237,239,240,241,242,243,244,436,439,440,441,:
239:233,236,237,238,240,241,242,243,244,245,246,:
240:97,236,237,238,239,241,242,243,244,246,439,440,441,:
241:97,237,238,239,240,242,244,439,440,441,:
242:97,236,237,238,239,240,241,243,244,245,246,:
243:236,237,238,239,240,242,244,245,246,425,:
244:63,97,237,238,239,240,241,242,243,245,246,:
245:34,237,239,242,243,244,246,:
246:34,63,239,240,242,243,244,245,:
247:234,235,248,249,250,251,252,253,259,260,266,424,:
248:234,235,247,249,250,251,252,253,:
249:247,248,250,251,252,253,254,259,260,261,266,424,:
250:247,248,249,251,252,253,259,260,261,262,264,265,266,408,:
251:247,248,249,250,252,253,259,260,261,264,265,266,:
252:247,248,249,250,251,253,254,255,256,258,259,260,426,:
253:247,248,249,250,251,252,254,255,256,257,258,259,260,426,:
254:249,252,253,255,256,257,258,:
255:252,253,254,256,257,258,:
256:252,253,254,255,257,258,:
257:253,254,255,256,258,:
258:252,253,254,255,256,257,:
259:247,249,250,251,252,253,260,261,262,263,264,265,266,267,268,269,405,408,:
260:247,249,250,251,252,253,259,261,262,263,264,265,266,268,404,405,407,408,418,420,:
261:249,250,251,259,260,262,263,264,265,266,267,268,269,270,405,408,:
262:250,259,260,261,263,264,265,266,267,268,269,270,271,273,274,404,405,408,:
263:259,260,261,262,264,267,268,269,270,273,274,391,397,398,404,405,406,407,408,:
264:250,251,259,260,261,262,263,265,266,267,268,269,408,:
265:250,251,259,260,261,262,264,266,267,408,:
266:247,249,250,251,259,260,261,262,264,265,267,407,408,:
267:259,261,262,263,264,265,266,268,269,:
268:259,260,261,262,263,264,267,269,270,271,272,273,274,275,276,405,:
269:259,261,262,263,264,267,268,270,271,272,273,274,:
270:261,262,263,268,269,271,272,273,274,275,276,391,:
271:262,268,269,270,272,273,274,276,391,:
272:268,269,270,271,273,276,:
273:262,263,268,269,270,271,272,274,275,276,:
274:262,263,268,269,270,271,273,275,276,391,401,403,:
275:268,270,273,274,276,403,:
276:268,270,271,272,273,274,275,386,:
277:278,279,280,281,282,283,289,290,:
278:277,279,280,281,282,283,289,:
279:277,278,280,281,282,283,284,289,290,291,365,:
280:277,278,279,281,282,283,289,290,291,292,293,294,295,365,:
281:277,278,279,280,282,289,290,291,294,295,360,:
282:277,278,279,280,281,283,284,285,286,288,289,290,352,353,354,358,359,365,:
283:277,278,279,280,282,284,285,286,287,288,353,359,:
284:21,22,279,282,283,285,286,287,288,352,353,359,:
285:3,4,21,22,282,283,284,286,287,288,350,351,352,353,354,358,359,:
286:22,282,283,284,285,287,288,:
287:4,21,22,283,284,285,286,288,:
288:282,283,284,285,286,287,:
289:277,278,279,280,281,282,290,291,292,293,294,295,296,297,298,362,365,:
290:277,279,280,281,282,289,291,292,293,294,295,296,361,362,363,364,365,:
291:279,280,281,289,290,292,293,294,295,296,297,298,299,362,:
292:280,289,290,291,293,294,295,296,297,298,299,300,301,302,303,355,356,362,:
293:280,289,290,291,292,294,296,297,298,299,300,306,342,346,347,351,356,361,362,363,365,:
294:280,281,289,290,291,292,293,295,296,297,298,:
295:280,281,289,290,291,292,294,296,:
296:289,290,291,292,293,294,295,297,312,:
297:289,291,292,293,294,296,298,299,300,301,302,303,304,305,306,355,356,357,:
298:116,289,291,292,293,294,297,299,300,301,302,303,304,355,356,357,:
299:291,292,293,297,298,300,301,302,303,304,305,306,307,342,356,:
300:292,293,297,298,299,301,302,303,305,306,307,308,310,312,342,:
301:292,297,298,299,300,302,305,306,307,310,312,:
302:104,116,117,292,297,298,299,300,301,303,304,305,306,355,356,:
303:102,103,104,105,114,115,116,117,292,297,298,299,300,302,304,351,354,355,356,357,:
304:100,101,102,103,104,105,107,113,114,115,116,117,297,298,299,302,303,355,356,357,:
305:297,299,300,301,302,306,307,308,309,310,311,312,339,341,342,:
306:293,297,299,300,301,302,305,307,308,309,310,312,338,339,340,341,342,:
307:299,300,301,305,306,308,309,310,311,312,339,342,:
308:300,305,306,307,309,310,311,312,337,338,339,:
309:305,306,307,308,310,311,331,332,334,338,339,340,342,343,:
310:300,301,305,306,307,308,309,311,312,:
311:305,307,308,309,310,312,:
312:296,300,301,305,306,307,308,310,311,368,:
313:314,315,316,317,318,319,320,321,322,435,:
314:313,315,316,317,318,319,320,321,435,438,:
315:313,314,316,317,318,319,320,321,322,323,328,:
316:313,314,315,317,318,319,320,321,322,323,324,325,326,327,328,:
317:313,314,315,316,318,319,322,323,324,325,328,:
318:93,313,314,315,316,317,319,320,321,322,328,435,:
319:91,92,93,313,314,315,316,317,318,320,321,322,428,429,434,435,:
320:89,90,91,92,93,95,313,314,315,316,318,319,321,422,428,429,431,434,435,436,439,:
321:54,90,93,94,95,96,97,313,314,315,316,318,319,320,435,439,:
322:313,315,316,317,318,319,323,324,325,326,327,328,:
323:315,316,317,322,324,325,326,327,328,:
324:316,317,322,323,325,326,327,328,329,330,:
325:316,317,322,323,324,326,328,329,330,:
326:45,316,322,323,324,325,327,328,:
327:42,43,44,45,316,322,323,324,326,328,:
328:54,315,316,317,318,322,323,324,325,326,327,:
329:324,325,330,331,332,333,334,335,337,338,339,:
330:324,325,329,331,332,333,334,335,338,:
331:309,329,330,332,333,334,335,336,337,338,339,340,:
332:309,329,330,331,333,334,335,338,339,340,341,342,343,:
333:106,329,330,331,332,334,338,339,340,341,343,411,413,:
334:309,329,330,331,332,333,335,336,337,338,339,:
335:329,330,331,332,334,336,337,:
336:45,46,48,105,331,334,335,337,:
337:308,329,331,334,335,336,:
338:306,308,309,329,330,331,332,333,334,339,340,341,342,343,344,345,:
339:305,306,307,308,309,329,331,332,333,334,338,340,341,342,343,:
340:306,309,331,332,333,338,339,341,342,343,344,345,346,399,:
341:305,306,332,333,338,339,340,342,343,344,345,346,347,348,349,361,399,:
342:293,299,300,305,306,307,309,332,338,339,340,341,343,344,345,346,347,361,362,:
343:309,332,333,338,339,340,341,342,344,345,393,399,:
344:26,338,340,341,342,343,345,346,347,348,349,350,361,362,396,398,399,:
345:26,338,340,341,342,343,344,346,347,348,349,395,396,397,398,399,404,:
346:26,293,340,341,342,344,345,347,348,349,350,351,361,362,363,396,399,:
347:293,341,342,344,345,346,348,349,350,361,362,363,364,366,368,395,396,:
348:341,344,345,346,347,349,350,361,362,363,364,366,368,370,381,389,390,395,396,397,399,400,402,:
349:2,8,26,341,344,345,346,347,348,350,351,352,353,361,362,399,:
350:2,3,20,21,26,285,344,346,347,348,349,351,352,353,354,361,362,:
351:2,3,20,21,102,285,293,303,346,349,350,352,353,354,355,356,357,358,359,362,:
352:3,20,21,102,282,284,285,349,350,351,353,354,355,356,357,358,359,360,:
353:2,3,4,20,21,282,283,284,285,349,350,351,352,354,355,356,358,359,360,:
354:21,102,136,137,138,282,285,303,350,351,352,353,355,356,357,358,359,360,:
355:102,114,116,136,137,138,292,297,298,302,303,304,351,352,353,354,356,357,358,359,360,:
356:102,114,116,137,292,293,297,298,299,302,303,304,351,352,353,354,355,357,358,360,:
357:113,114,116,136,137,138,297,298,303,304,351,352,354,355,356,358,359,360,:
358:126,128,136,137,138,282,285,351,352,353,354,355,356,357,359,360,:
359:21,126,128,136,137,138,282,283,284,285,351,352,353,354,355,357,358,360,:
360:128,135,136,137,138,281,352,353,354,355,356,357,358,359,:
361:290,293,341,342,344,346,347,348,349,350,362,363,364,365,366,367,368,369,370,396,:
362:289,290,291,292,293,342,344,346,347,348,349,350,351,361,363,364,365,366,368,:
363:290,293,346,347,348,361,362,364,365,366,367,368,369,370,371,381,:
364:290,347,348,361,362,363,365,366,367,368,369,370,371,372,373,374,376,381,:
365:279,280,282,289,290,293,361,362,363,364,366,367,369,370,371,372,:
366:347,348,361,362,363,364,365,367,368,369,370,:
367:361,363,364,365,366,368,369,370,373,381,:
368:312,347,348,361,362,363,364,366,367,:
369:361,363,364,365,366,367,370,371,372,373,374,375,376,380,381,:
370:348,361,363,364,365,366,367,369,371,372,373,374,376,377,378,379,380,381,387,:
371:363,364,365,369,370,372,373,374,375,376,381,:
372:364,365,369,370,371,373,374,375,376,378,:
373:364,367,369,370,371,372,374,377,378,381,:
374:364,369,370,371,372,373,375,376,378,381,:
375:369,371,372,374,376,:
376:364,369,370,371,372,374,375,381,402,:
377:370,373,378,379,380,381,382,383,387,388,:
378:370,372,373,374,377,379,380,381,382,:
379:370,377,378,380,381,382,383,384,387,388,389,:
380:369,370,377,378,379,381,382,383,387,388,389,390,391,392,394,:
381:348,363,364,367,369,370,371,373,374,376,377,378,379,380,382,383,387,388,389,390,392,394,396,:
382:377,378,379,380,381,383,384,385,386,387,388,:
383:377,379,380,381,382,384,385,386,387,388,402,:
384:379,382,383,385,386,:
385:382,383,384,386,:
386:276,382,383,384,385,:
387:370,377,379,380,381,382,383,388,389,390,391,392,393,394,395,396,:
388:377,379,380,381,382,383,387,389,390,391,392,394,:
389:348,379,380,381,387,388,390,391,392,393,394,395,396,397,:
390:348,380,381,387,388,389,391,392,393,394,395,396,397,398,400,401,402,:
391:263,270,271,274,380,387,388,389,390,392,393,395,396,397,398,400,401,402,405,:
392:380,381,387,388,389,390,391,393,394,395,396,:
393:343,387,389,390,391,392,394,395,396,:
394:380,381,387,388,389,390,392,393,:
395:345,347,348,387,389,390,391,392,393,396,397,398,399,400,401,402,404,405,:
396:344,345,346,347,348,361,381,387,389,390,391,392,393,395,397,398,399,400,401,402,404,:
397:263,345,348,389,390,391,395,396,398,399,400,401,402,403,404,405,406,:
398:26,263,344,345,390,391,395,396,397,399,400,401,404,405,406,407,409,:
399:26,340,341,343,344,345,346,348,349,395,396,397,398,400,404,405,406,407,409,419,:
400:24,348,390,391,395,396,397,398,399,401,402,403,404,405,:
401:274,390,391,395,396,397,398,400,402,403,:
402:348,376,383,390,391,395,396,397,400,401,403,:
403:23,24,274,275,397,400,401,402,:
404:260,262,263,345,395,396,397,398,399,400,405,406,407,408,409,410,418,419,:
405:259,260,261,262,263,268,391,395,397,398,399,400,404,406,407,408,409,418,:
406:263,397,398,399,404,405,407,408,409,410,411,412,418,419,420,:
407:260,263,266,398,399,404,405,406,408,409,410,411,412,418,419,420,421,423,433,:
408:250,259,260,261,262,263,264,265,266,404,405,406,407,409,410,418,419,420,423,433,:
409:398,399,404,405,406,407,408,410,411,412,413,414,418,419,:
410:404,406,407,408,409,411,412,413,414,415,418,419,433,:
411:333,406,407,409,410,412,413,414,415,416,417,418,419,:
412:406,407,409,410,411,413,414,415,416,433,:
413:333,409,410,411,412,414,415,416,417,419,433,:
414:409,410,411,412,413,415,416,417,432,433,:
415:410,411,412,413,414,416,417,431,432,433,:
416:411,412,413,414,415,417,431,432,:
417:411,413,414,415,416,431,:
418:260,404,405,406,407,408,409,410,411,419,420,421,422,423,424,427,433,:
419:19,92,399,404,406,407,408,409,410,411,413,418,420,421,422,423,427,433,:
420:92,260,406,407,408,418,419,421,422,423,424,427,428,433,:
421:91,92,407,418,419,420,422,423,424,427,428,429,430,431,432,433,:
422:25,91,92,93,95,320,418,419,420,421,423,424,427,428,429,430,433,434,435,:
423:25,407,408,418,419,420,421,422,424,425,426,427,:
424:236,247,249,418,420,421,422,423,425,426,427,:
425:236,243,423,424,426,:
426:252,253,423,424,425,:
427:92,418,419,420,421,422,423,424,428,429,430,431,432,433,434,435,:
428:92,319,320,420,421,422,427,429,430,431,432,433,434,435,436,:
429:319,320,421,422,427,428,430,431,432,433,434,435,436,437,438,439,:
430:233,234,421,422,427,428,429,431,432,433,434,435,436,437,:
431:320,415,416,417,421,427,428,429,430,432,433,434,435,:
432:414,415,416,421,427,428,429,430,431,433,:
433:407,408,410,412,413,414,415,418,419,420,421,422,427,428,429,430,431,432,:
434:319,320,422,427,428,429,430,431,435,436,437,438,439,440,:
435:92,95,313,314,318,319,320,321,422,427,428,429,430,431,434,436,437,438,439,:
436:238,320,428,429,430,434,435,437,438,439,440,441,:
437:429,430,434,435,436,438,439,440,441,:
438:314,429,434,435,436,437,439,440,:
439:238,240,241,320,321,429,434,435,436,437,438,440,441,:
440:238,240,241,434,436,437,438,439,441,:
441:238,240,241,436,437,439,440,:
442:443,444,445,446,447,448,449,450,:
443:442,444,445,447,448,449,450,:
444:442,443,445,446,447,448,449,450,:
445:442,443,444,446,447,448,:
446:442,444,445,447,:
447:442,443,444,445,446,448,449,450,451,452,:
448:442,443,444,445,447,449,450,451,452,453,:
449:442,443,444,447,448,450,451,452,453,454,455,:
450:442,443,444,447,448,449,451,452,453,454,:
451:163,447,448,449,450,452,453,454,455,:
452:447,448,449,450,451,453,454,455,:
453:448,449,450,451,452,454,455,:
454:161,171,449,450,451,452,453,455,:
455:158,159,161,162,163,171,449,451,452,453,454,:
