1:2,5,6,7,8,9,10,12,13,17,18,170,171,172,173,175,176,346,410,411,413,:
2:1,3,4,6,7,8,11,13,15,19,172,173,174,175,407,409,410,411,412,413,:
3:2,4,6,8,11,13,14,15,16,19,206,259,:
4:2,3,8,11,14,15,16,19,206,223,225,226,227,259,:
5:1,7,9,10,12,17,18,26,38,39,41,136,137,165,166,169,170,171,175,176,346,:
6:1,2,3,7,8,12,13,19,171,172,173,174,175,176,409,410,411,412,413,:
7:1,2,5,6,8,9,10,12,13,18,170,171,172,173,175,176,346,347,410,411,412,413,:
8:1,2,3,4,6,7,11,13,14,15,16,19,173,174,407,409,411,:
9:1,5,7,10,12,13,17,18,33,34,35,38,39,41,345,346,347,364,366,:
10:1,5,7,9,12,13,17,18,26,109,111,112,176,180,:
11:2,3,4,8,13,14,15,16,19,109,177,259,:
12:1,5,6,7,9,10,13,17,18,26,41,171,176,345,346,:
13:1,2,3,6,7,8,9,10,11,12,19,109,173,175,176,177,180,408,410,411,:
14:3,4,8,11,15,16,19,223,224,225,226,227,256,259,:
15:2,3,4,8,11,14,16,19,223,225,226,227,259,407,409,432,433,:
16:3,4,8,11,14,15,19,206,220,221,222,223,224,225,226,227,:
17:1,5,9,10,12,18,26,34,35,38,39,41,135,136,137,165,169,171,176,:
18:1,5,7,9,10,12,17,41,136,137,165,166,168,169,170,171,172,173,175,176,:
19:2,3,4,6,8,11,13,14,15,16,174,206,409,:
20:21,22,23,24,25,27,28,93,121,:
21:20,22,23,24,25,121,123,:
22:20,21,23,24,25,26,27,28,29,34,93,96,117,:
23:20,21,22,24,25,26,27,28,29,30,32,33,34,83,84,90,93,96,:
24:20,21,22,23,25,27,28,29,30,33,34,37,81,82,83,84,85,89,90,:
25:20,21,22,23,24,26,27,28,34,112,123,135,137,:
26:5,10,12,17,22,23,25,27,28,33,34,38,96,111,112,137,:
27:20,22,23,24,25,26,28,29,30,31,32,33,34,84,90,92,93,95,96,:
28:20,22,23,24,25,26,27,29,30,32,33,34,92,93,94,95,96,103,105,112,117,:
29:22,23,24,27,28,30,31,32,33,34,35,83,84,90,96,368,371,:
30:23,24,27,28,29,31,32,33,34,35,36,37,38,42,43,84,89,90,366,368,:
31:27,29,30,32,33,34,35,36,37,42,43,84,89,90,91,357,358,361,362,363,364,365,366,367,368,371,:
32:23,27,28,29,30,31,33,34,95,96,363,365,366,368,370,371,389,:
33:9,23,24,26,27,28,29,30,31,32,34,35,36,37,38,39,42,43,90,:
34:9,17,22,23,24,25,26,27,28,29,30,31,32,33,35,36,37,38,90,:
35:9,17,29,30,31,33,34,36,37,38,39,40,41,42,43,44,51,90,344,346,364,:
36:30,31,33,34,35,37,38,39,40,42,43,44,45,47,49,50,51,68,89,90,91,344,:
37:24,30,31,33,34,35,36,38,39,40,42,43,44,45,50,51,67,68,69,71,72,74,85,89,90,91,:
38:5,9,17,26,30,33,34,35,36,37,39,40,41,42,43,51,74,136,137,346,:
39:5,9,17,33,35,36,37,38,40,41,42,43,50,51,58,59,64,65,136,137,343,344,345,346,:
40:35,36,37,38,39,41,42,43,45,49,50,51,52,55,56,57,58,59,60,64,65,343,344,346,:
41:5,9,12,17,18,35,38,39,40,58,59,60,64,65,66,136,137,343,345,346,347,:
42:30,31,33,35,36,37,38,39,40,43,44,45,46,47,48,49,50,51,68,90,91,344,362,:
43:30,31,33,35,36,37,38,39,40,42,44,45,47,48,49,50,51,343,344,345,346,361,362,364,:
44:35,36,37,42,43,45,46,47,48,49,50,51,52,68,91,344,357,:
45:36,37,40,42,43,44,46,47,48,49,50,51,52,53,55,56,67,68,91,:
46:42,44,45,47,48,50,51,52,53,67,68,:
47:36,42,43,44,45,46,48,49,50,51,344,352,353,355,357,:
48:42,43,44,45,46,47,49,50,51,341,342,343,344,352,353,354,:
49:36,40,42,43,44,45,47,48,50,51,59,341,342,343,344,345,353,354,:
50:36,37,39,40,42,43,44,45,46,47,48,49,51,52,53,54,55,56,59,67,68,:
51:35,36,37,38,39,40,42,43,44,45,46,47,48,49,50,52,53,55,56,58,59,67,68,74,344,:
52:40,44,45,46,50,51,53,54,55,56,57,59,67,68,69,:
53:45,46,50,51,52,54,55,56,67,68,69,70,72,74,:
54:50,52,53,55,67,68,69,70,72,74,:
55:40,45,50,51,52,53,54,56,57,58,59,67,68,:
56:40,45,50,51,52,53,55,57,58,59,60,:
57:40,52,55,56,58,59,60,61,62,63,64,341,:
58:39,40,41,51,55,56,57,59,60,61,62,63,64,65,66,341,:
59:39,40,41,49,50,51,52,55,56,57,58,60,61,62,64,65,66,341,343,344,:
60:40,41,56,57,58,59,61,62,63,64,65,66,159,:
61:57,58,59,60,62,63,64,65,66,157,158,159,333,:
62:57,58,59,60,61,63,64,66,159,333,:
63:57,58,60,61,62,64,65,66,156,157,158,159,160,:
64:39,40,41,57,58,59,60,61,62,63,65,66,136,155,156,158,159,:
65:39,40,41,58,59,60,61,63,64,66,134,136,156,:
66:41,58,59,60,61,62,63,64,65,154,155,156,157,158,159,171,:
67:37,45,46,50,51,52,53,54,55,68,69,70,71,72,73,74,91,:
68:36,37,42,44,45,46,50,51,52,53,54,55,67,69,70,71,72,74,89,90,91,:
69:37,52,53,54,67,68,70,71,72,73,74,:
70:53,54,67,68,69,71,72,73,74,88,89,91,:
71:37,67,68,69,70,72,73,83,84,85,86,87,88,89,90,91,:
72:37,53,54,67,68,69,70,71,73,74,:
73:67,69,70,71,72,74,:
74:37,38,51,53,54,67,68,69,70,72,73,133,:
75:76,77,78,79,80,81,92,93,:
76:75,77,78,79,80,81,92,:
77:75,76,78,79,80,81,82,92,93,94,:
78:75,76,77,79,80,81,92,93,94,95,96,97,:
79:75,76,77,78,80,92,93,94,97,371,:
80:75,76,77,78,79,81,82,83,84,92,93,371,:
81:24,75,76,77,78,80,82,83,84,85,:
82:24,77,80,81,83,84,85,86,87,88,89,90,373,:
83:23,24,29,71,80,81,82,84,85,86,87,88,89,90,91,372,:
84:23,24,27,29,30,31,71,80,81,82,83,85,86,87,89,90,91,371,:
85:24,37,71,81,82,83,84,86,87,88,89,90,91,372,374,:
86:71,82,83,84,85,87,88,89,90,91,372,373,374,:
87:71,82,83,84,85,86,88,89,91,372,373,374,:
88:70,71,82,83,85,86,87,89,90,91,372,374,:
89:24,30,31,36,37,68,70,71,82,83,84,85,86,87,88,90,91,368,372,374,:
90:23,24,27,29,30,31,33,34,35,36,37,42,68,71,82,83,84,85,86,88,89,91,368,:
91:31,36,37,42,44,45,67,68,70,71,83,84,85,86,87,88,89,90,368,374,:
92:27,28,75,76,77,78,79,80,93,94,95,96,97,98,99,100,102,103,:
93:20,22,23,27,28,75,77,78,79,80,92,94,95,96,97,98,99,100,102,103,117,:
94:28,77,78,79,92,93,95,96,97,98,99,100,102,103,104,105,117,:
95:27,28,32,78,92,93,94,96,97,98,99,103,104,105,106,107,108,111,112,117,281,:
96:22,23,26,27,28,29,32,78,92,93,94,95,97,98,99,103,104,105,106,107,111,112,116,117,:
97:78,79,92,93,94,95,96,98,99,100,101,102,103,104,284,:
98:92,93,94,95,96,97,99,100,101,102,103,104,117,281,284,:
99:92,93,94,95,96,97,98,100,101,102,103,104,106,107,114,116,117,118,119,280,281,284,:
100:92,93,94,97,98,99,101,102,:
101:97,98,99,100,102,119,:
102:92,93,94,97,98,99,100,101,:
103:28,92,93,94,95,96,97,98,99,104,105,106,107,108,109,110,111,112,117,280,281,:
104:94,95,96,97,98,99,103,105,106,107,108,110,280,281,389,:
105:28,94,95,96,103,104,106,107,108,109,110,111,112,113,117,281,:
106:95,96,99,103,104,105,107,108,109,110,111,112,113,114,116,117,280,281,:
107:95,96,99,103,104,105,106,108,109,111,112,113,114,116,117,278,280,281,282,:
108:95,103,104,105,106,107,109,110,111,112,278,280,281,:
109:10,11,13,103,105,106,107,108,110,111,112,180,278,281,:
110:103,104,105,106,108,109,379,:
111:10,26,95,96,103,105,106,107,108,109,112,113,114,115,116,117,180,281,:
112:10,25,26,28,95,96,103,105,106,107,108,109,111,113,114,116,117,180,:
113:105,106,107,111,112,114,115,116,117,118,180,:
114:99,106,107,111,112,113,115,116,117,118,119,120,121,122,123,124,:
115:111,113,114,116,117,118,119,120,121,122,123,124,125,126,:
116:96,99,106,107,111,112,113,114,115,117,118,119,120,121,122,123,124,:
117:22,28,93,94,95,96,98,99,103,105,106,107,111,112,113,114,115,116,118,119,121,122,:
118:99,113,114,115,116,117,119,120,121,122,123,124,126,:
119:99,101,114,115,116,117,118,120,121,122,124,126,:
120:114,115,116,118,119,121,122,124,125,126,:
121:20,21,114,115,116,117,118,119,120,122,123,124,125,126,:
122:114,115,116,117,118,119,120,121,123,124,125,126,:
123:21,25,114,115,116,118,121,122,124,125,126,128,:
124:114,115,116,118,119,120,121,122,123,125,126,:
125:115,120,121,122,123,124,126,:
126:115,118,119,120,121,122,123,124,125,:
127:128,129,130,131,132,133,135,138,139,:
128:123,127,129,130,131,132,133,135,:
129:127,128,130,131,132,133,134,135,138,139,140,:
130:127,128,129,131,132,133,134,135,138,139,140,141,142,143,:
131:127,128,129,130,132,133,134,135,136,138,139,140,141,142,152,163,164,165,168,:
132:127,128,129,130,131,133,134,135,136,137,138,139,142,:
133:74,127,128,129,130,131,132,134,135,136,137,138,142,:
134:65,129,130,131,132,133,135,136,137,141,142,163,165,168,334,:
135:17,25,127,128,129,130,131,132,133,134,136,137,168,:
136:5,17,18,38,39,41,64,65,131,132,133,134,135,137,142,155,156,163,165,168,:
137:5,17,18,25,26,38,39,41,132,133,134,135,136,165,168,169,:
138:127,129,130,131,132,133,139,140,141,142,143,144,145,146,152,153,:
139:127,129,130,131,132,138,140,141,142,143,144,145,146,335,:
140:129,130,131,138,139,141,142,143,144,145,146,152,153,154,164,:
141:130,131,134,138,139,140,142,143,144,152,153,154,155,157,163,164,:
142:130,131,132,133,134,136,138,139,140,141,143,152,153,154,155,156,157,163,164,334,335,:
143:130,138,139,140,141,142,144,145,146,147,148,152,153,:
144:138,139,140,141,143,145,146,147,148,149,:
145:138,139,140,143,144,146,147,148,149,150,:
146:138,139,140,143,144,145,147,148,149,150,151,:
147:143,144,145,146,148,149,150,151,:
148:143,144,145,146,147,149,150,151,:
149:144,145,146,147,148,150,151,:
150:145,146,147,148,149,151,:
151:146,147,148,149,150,:
152:131,138,140,141,142,143,153,154,155,156,157,158,162,163,164,:
153:138,140,141,142,143,152,154,155,157,162,163,164,322,:
154:66,140,141,142,152,153,155,156,157,158,159,160,162,163,164,165,324,326,:
155:64,66,136,141,142,152,153,154,156,157,158,159,163,164,165,166,167,168,170,171,323,324,326,:
156:63,64,65,66,136,142,152,154,155,157,158,159,163,164,165,166,170,171,326,:
157:61,63,66,141,142,152,153,154,155,156,158,159,160,161,162,163,:
158:61,63,64,66,152,154,155,156,157,159,160,161,162,328,:
159:60,61,62,63,64,66,154,155,156,157,158,160,161,162,:
160:63,154,157,158,159,161,162,326,327,328,:
161:157,158,159,160,162,327,328,:
162:152,153,154,157,158,159,160,161,325,326,327,328,:
163:131,134,136,141,142,152,153,154,155,156,157,164,165,166,167,168,170,171,322,323,324,326,:
164:131,140,141,142,152,153,154,155,156,163,165,166,167,168,322,323,324,326,:
165:5,17,18,131,134,136,137,154,155,156,163,164,166,167,168,169,170,171,172,176,182,323,:
166:5,18,155,156,163,164,165,167,168,169,170,171,172,173,175,176,181,182,189,322,323,326,:
167:155,163,164,165,166,168,169,170,171,172,173,174,175,176,178,181,182,183,184,186,188,189,320,322,323,324,326,:
168:18,131,134,135,136,137,155,163,164,165,166,167,169,170,171,176,182,323,:
169:5,17,18,137,165,166,167,168,170,175,176,180,181,182,:
170:1,5,7,18,155,156,163,165,166,167,168,169,171,172,173,174,175,176,182,189,323,:
171:1,5,6,7,12,17,18,66,155,156,163,165,166,167,168,170,172,173,175,176,:
172:1,2,6,7,18,165,166,167,170,171,173,174,175,176,177,182,189,202,:
173:1,2,6,7,8,13,18,166,167,170,171,172,174,175,176,177,178,179,180,181,182,188,189,202,:
174:2,6,8,19,167,170,172,173,175,176,177,178,179,181,182,188,189,190,191,193,201,202,203,206,:
175:1,2,5,6,7,13,18,166,167,169,170,171,172,173,174,176,177,178,179,180,181,182,189,202,:
176:1,5,6,7,10,12,13,17,18,165,166,167,168,169,170,171,172,173,174,175,177,178,180,181,182,189,:
177:11,13,172,173,174,175,176,178,179,180,181,182,183,189,202,:
178:167,173,174,175,176,177,179,180,181,182,183,184,185,186,188,189,201,202,208,:
179:173,174,175,177,178,180,181,182,183,184,185,188,189,201,202,203,204,206,207,208,209,:
180:10,13,109,111,112,113,169,173,175,176,177,178,179,181,182,:
181:166,167,169,173,174,175,176,177,178,179,180,182,183,184,185,186,187,188,189,202,208,:
182:165,166,167,168,169,170,172,173,174,175,176,177,178,179,180,181,183,184,186,187,188,189,323,:
183:167,177,178,179,181,182,184,185,186,187,188,189,190,208,:
184:167,178,179,181,182,183,185,186,188,189,190,191,192,193,201,202,207,208,:
185:178,179,181,183,184,186,188,189,190,191,192,201,202,207,208,209,210,:
186:167,178,181,182,183,184,185,187,188,189,323,:
187:181,182,183,186,:
188:167,173,174,178,179,181,182,183,184,185,186,189,190,191,192,193,194,201,202,208,322,323,:
189:166,167,170,172,173,174,175,176,177,178,179,181,182,183,184,185,186,188,190,191,193,201,202,208,322,323,:
190:174,183,184,185,188,189,191,192,193,194,195,201,202,203,208,323,:
191:174,184,185,188,189,190,192,193,194,201,202,203,204,205,206,207,208,:
192:184,185,188,190,191,193,194,201,202,203,204,205,207,208,210,213,:
193:174,184,188,189,190,191,192,194,195,196,201,202,322,323,324,326,:
194:188,190,191,192,193,195,196,197,201,202,:
195:190,193,194,196,197,198,199,200,325,326,327,328,:
196:193,194,195,197,198,199,200,:
197:194,195,196,198,199,200,:
198:195,196,197,199,200,327,:
199:195,196,197,198,200,327,328,:
200:195,196,197,198,199,:
201:174,178,179,184,185,188,189,190,191,192,193,194,202,203,204,205,206,207,208,:
202:172,173,174,175,177,178,179,181,184,185,188,189,190,191,192,193,194,201,203,204,206,207,208,:
203:174,179,190,191,192,201,202,204,205,206,207,208,209,213,219,:
204:179,191,192,201,202,203,205,206,207,208,209,210,211,212,213,295,:
205:191,192,201,203,204,206,207,208,209,210,211,212,213,214,217,218,219,:
206:3,4,16,19,174,179,191,201,202,203,204,205,207,208,219,220,221,223,295,:
207:179,184,185,191,192,201,202,203,204,205,206,208,209,210,211,213,295,:
208:178,179,181,183,184,185,188,189,190,191,192,201,202,203,204,205,206,207,209,210,:
209:179,185,203,204,205,207,208,210,211,:
210:185,192,204,205,207,208,209,211,213,:
211:204,205,207,209,210,302,:
212:204,205,213,214,215,216,217,218,219,:
213:192,203,204,205,207,210,212,214,215,216,217,218,219,:
214:205,212,213,215,216,217,218,219,220,:
215:212,213,214,216,217,218,:
216:212,213,214,215,217,308,:
217:205,212,213,214,215,216,218,219,220,221,223,224,:
218:205,212,213,214,215,217,219,220,221,222,223,224,225,226,:
219:203,205,206,212,213,214,217,218,220,221,222,223,224,225,:
220:16,206,214,217,218,219,221,222,223,224,225,226,227,:
221:16,206,217,218,219,220,222,223,224,225,227,:
222:16,218,219,220,221,223,225,:
223:4,14,15,16,206,217,218,219,220,221,222,224,225,226,227,:
224:14,16,217,218,219,220,221,223,225,226,227,233,236,265,267,:
225:4,14,15,16,218,219,220,221,222,223,224,226,227,:
226:4,14,15,16,218,220,223,224,225,227,236,262,265,:
227:4,14,15,16,220,221,223,224,225,226,:
228:229,230,231,232,233,234,235,236,237,238,:
229:228,230,231,232,233,234,235,269,:
230:228,229,231,232,233,234,235,236,237,238,239,:
231:228,229,230,232,233,234,236,237,238,239,240,241,242,270,:
232:228,229,230,231,233,236,237,238,239,240,241,265,266,268,269,270,:
233:224,228,229,230,231,232,234,235,236,237,238,:
234:228,229,230,231,233,235,236,:
235:228,229,230,233,234,236,:
236:224,226,228,230,231,232,233,234,235,237,238,241,:
237:228,230,231,232,233,236,238,239,240,241,242,:
238:228,230,231,232,233,236,237,239,240,241,242,:
239:230,231,232,237,238,240,241,242,:
240:231,232,237,238,239,241,242,:
241:231,232,236,237,238,239,240,242,:
242:231,237,238,239,240,241,:
243:244,245,246,247,248,249,250,251,252,261,397,398,399,:
244:243,245,246,248,249,250,251,252,397,398,399,:
245:243,244,246,247,248,249,250,251,252,253,261,:
246:243,244,245,247,248,249,250,251,252,253,254,255,256,260,261,271,272,399,:
247:243,245,246,248,250,251,252,253,254,255,260,261,271,272,273,276,:
248:243,244,245,246,247,249,250,251,252,:
249:243,244,245,246,248,250,:
250:243,244,245,246,247,248,249,251,252,375,395,397,398,399,:
251:243,244,245,246,247,248,250,252,253,254,255,256,257,258,259,260,261,272,397,399,:
252:243,244,245,246,247,248,250,251,253,254,256,257,258,260,261,396,397,398,399,:
253:245,246,247,251,252,254,255,256,257,258,259,260,261,262,272,380,399,:
254:246,247,251,252,253,255,256,257,259,260,261,262,263,264,265,271,272,288,:
255:246,247,251,253,254,256,259,260,261,262,263,264,271,272,273,274,276,287,288,289,292,293,294,:
256:14,246,251,252,253,254,255,257,258,259,260,261,399,:
257:251,252,253,254,256,258,259,377,379,380,395,396,397,399,400,401,:
258:251,252,253,256,257,259,379,393,395,396,397,399,400,401,402,405,:
259:3,4,11,14,15,251,253,254,255,256,257,258,260,:
260:246,247,251,252,253,254,255,256,259,261,262,263,264,265,266,272,288,:
261:243,245,246,247,251,252,253,254,255,256,260,262,263,265,399,:
262:226,253,254,255,260,261,263,264,265,266,267,268,270,272,288,312,:
263:254,255,260,261,262,264,265,266,267,268,270,271,272,288,310,312,:
264:254,255,260,262,263,265,266,267,268,269,270,271,272,287,288,293,306,309,310,311,312,:
265:224,226,232,254,260,261,262,263,264,266,267,268,269,270,312,:
266:232,260,262,263,264,265,267,268,269,270,307,309,310,312,:
267:224,262,263,264,265,266,268,269,270,306,307,308,309,310,312,:
268:232,262,263,264,265,266,267,269,270,309,310,312,:
269:229,232,264,265,266,267,268,270,306,307,309,310,311,312,:
270:231,232,262,263,264,265,266,267,268,269,312,:
271:246,247,254,255,263,264,272,273,274,275,276,277,287,288,:
272:246,247,251,253,254,255,260,262,263,264,271,273,274,276,287,288,:
273:247,255,271,272,274,275,276,277,278,279,283,287,288,289,:
274:255,271,272,273,275,276,277,278,279,287,288,289,290,292,294,:
275:271,273,274,276,277,278,279,287,288,289,290,:
276:247,255,271,272,273,274,275,277,278,279,280,282,283,287,288,380,381,:
277:271,273,274,275,276,278,279,280,281,282,283,284,285,287,380,381,382,:
278:107,108,109,273,274,275,276,277,279,280,281,282,283,284,287,381,:
279:273,274,275,276,277,278,280,281,282,283,284,285,286,381,382,:
280:99,103,104,106,107,108,276,277,278,279,281,282,283,284,286,:
281:95,98,99,103,104,105,106,107,108,109,111,277,278,279,280,282,284,:
282:107,276,277,278,279,280,281,283,284,285,286,:
283:273,276,277,278,279,280,282,284,285,286,:
284:97,98,99,277,278,279,280,281,282,283,285,286,:
285:277,279,282,283,284,286,:
286:279,280,282,283,284,285,:
287:255,264,271,272,273,274,275,276,277,278,288,289,290,291,292,293,294,:
288:254,255,260,262,263,264,271,272,273,274,275,276,287,289,290,292,293,294,:
289:255,273,274,275,287,288,290,291,292,293,294,:
290:274,275,287,288,289,291,292,293,294,297,:
291:287,289,290,292,293,296,297,:
292:255,274,287,288,289,290,291,293,294,295,:
293:255,264,287,288,289,290,291,292,294,295,309,:
294:255,274,287,288,289,290,292,293,295,:
295:204,206,207,292,293,294,309,:
296:291,297,298,299,300,301,302,:
297:290,291,296,298,299,301,302,:
298:296,297,299,300,301,302,303,:
299:296,297,298,300,301,302,:
300:296,298,299,301,:
301:296,297,298,299,300,302,303,304,305,:
302:211,296,297,298,299,301,303,304,305,306,307,308,:
303:298,301,302,304,305,306,307,308,309,310,311,:
304:301,302,303,305,306,307,308,309,310,311,312,:
305:301,302,303,304,306,307,308,310,311,312,:
306:264,267,269,302,303,304,305,307,308,309,310,311,312,:
307:266,267,269,302,303,304,305,306,308,309,310,311,312,:
308:216,267,302,303,304,305,306,307,309,310,312,:
309:264,266,267,268,269,293,295,303,304,306,307,308,310,311,312,:
310:263,264,266,267,268,269,303,304,305,306,307,308,309,311,312,:
311:264,269,303,304,305,306,307,309,310,312,:
312:262,263,264,265,266,267,268,269,270,304,305,306,307,308,309,310,311,:
313:314,315,316,317,318,319,:
314:313,315,316,318,319,:
315:313,314,316,317,318,319,320,321,:
316:313,314,315,317,318,319,320,:
317:313,315,316,318,319,320,:
318:313,314,315,316,317,319,320,321,322,324,325,:
319:313,314,315,316,317,318,320,321,322,323,324,325,326,327,:
320:167,315,316,317,318,319,321,322,323,324,325,326,:
321:315,318,319,320,322,323,324,325,326,327,328,:
322:153,163,164,166,167,188,189,193,318,319,320,321,323,324,325,326,328,:
323:155,163,164,165,166,167,168,170,182,186,188,189,190,193,319,320,321,322,324,326,:
324:154,155,163,164,167,193,318,319,320,321,322,323,325,326,327,328,:
325:162,195,318,319,320,321,322,324,326,327,328,:
326:154,155,156,160,162,163,164,166,167,193,195,319,320,321,322,323,324,325,327,328,:
327:160,161,162,195,198,199,319,321,324,325,326,328,:
328:158,160,161,162,195,199,321,322,324,325,326,327,:
329:330,331,332,333,334,335,:
330:329,331,332,333,334,335,:
331:329,330,332,333,334,335,:
332:329,330,331,333,:
333:61,62,329,330,331,332,334,335,:
334:134,142,329,330,331,333,335,:
335:139,142,329,330,331,333,334,:
336:337,338,339,340,341,342,:
337:336,338,339,340,341,342,:
338:336,337,339,340,341,342,:
339:336,337,338,340,341,342,348,354,:
340:336,337,338,339,341,342,354,442,:
341:48,49,57,58,59,336,337,338,339,340,342,343,344,345,347,354,:
342:48,49,336,337,338,339,340,341,343,344,345,346,347,354,442,:
343:39,40,41,43,48,49,59,341,342,344,345,346,347,441,:
344:35,36,39,40,42,43,44,47,48,49,51,59,341,342,343,345,346,347,362,364,:
345:9,12,39,41,43,49,341,342,343,344,346,347,413,:
346:1,5,7,9,12,35,38,39,40,41,43,342,343,344,345,347,362,364,410,:
347:7,9,41,341,342,343,344,345,346,410,412,413,:
348:339,349,350,351,352,353,354,:
349:348,350,351,352,353,354,:
350:348,349,351,352,353,354,:
351:348,349,350,352,353,354,:
352:47,48,348,349,350,351,353,354,356,:
353:47,48,49,348,349,350,351,352,354,441,:
354:48,49,339,340,341,342,348,349,350,351,352,353,441,:
355:47,356,357,358,359,360,361,367,368,:
356:352,355,357,358,359,360,361,:
357:31,44,47,355,356,358,359,360,361,362,363,367,368,369,:
358:31,355,356,357,359,360,361,363,367,368,369,370,372,374,:
359:355,356,357,358,360,361,367,368,369,370,372,374,:
360:355,356,357,358,359,361,362,363,364,365,367,368,422,:
361:31,43,355,356,357,358,359,360,362,363,364,365,366,367,368,422,:
362:31,42,43,344,346,357,360,361,363,364,365,366,422,441,:
363:31,32,357,358,360,361,362,364,365,366,367,368,422,:
364:9,31,35,43,344,346,360,361,362,363,365,366,408,441,:
365:31,32,360,361,362,363,364,366,422,:
366:9,30,31,32,361,362,363,364,365,408,:
367:31,355,357,358,359,360,361,363,368,369,370,371,372,373,374,:
368:29,30,31,32,89,90,91,355,357,358,359,360,361,363,367,369,370,371,372,374,:
369:357,358,359,367,368,370,371,372,373,374,:
370:32,358,359,367,368,369,371,372,373,374,:
371:29,31,32,79,80,84,367,368,369,370,372,373,:
372:83,85,86,87,88,89,358,359,367,368,369,370,371,373,374,:
373:82,86,87,367,369,370,371,372,374,:
374:85,86,87,88,89,91,358,359,367,368,369,370,372,373,:
375:250,376,377,378,379,380,381,382,383,384,391,:
376:375,377,378,380,381,382,383,384,:
377:257,375,376,378,379,380,381,382,383,384,385,391,401,:
378:375,376,377,379,380,381,382,383,384,385,386,387,388,390,391,401,:
379:110,257,258,375,377,378,380,381,383,384,385,386,387,390,391,392,393,400,401,402,405,:
380:253,257,276,277,375,376,377,378,379,381,382,383,384,:
381:276,277,278,279,375,376,377,378,379,380,382,383,384,:
382:277,279,375,376,377,378,380,381,383,384,:
383:375,376,377,378,379,380,381,382,384,385,386,387,388,389,391,401,:
384:375,376,377,378,379,380,381,382,383,385,386,388,389,:
385:377,378,379,383,384,386,387,388,389,:
386:378,379,383,384,385,387,388,390,391,401,415,420,421,:
387:378,379,383,385,386,388,390,391,400,401,414,415,416,419,420,421,422,:
388:378,383,384,385,386,387,389,:
389:32,104,383,384,385,388,:
390:378,379,386,387,391,392,393,394,395,396,400,401,415,:
391:375,377,378,379,383,386,387,390,392,393,395,400,401,:
392:379,390,391,393,394,395,396,397,400,401,402,415,:
393:258,379,390,391,392,394,395,396,400,401,402,403,404,405,414,415,:
394:390,392,393,395,396,400,401,402,403,404,414,415,424,:
395:250,257,258,390,391,392,393,394,396,397,398,399,400,401,:
396:252,257,258,390,392,393,394,395,397,398,399,400,401,:
397:243,244,250,251,252,257,258,392,395,396,398,399,:
398:243,244,250,252,395,396,397,399,:
399:243,244,246,250,251,252,253,256,257,258,261,395,396,397,398,:
400:257,258,379,387,390,391,392,393,394,395,396,401,402,403,404,405,406,414,415,:
401:257,258,377,378,379,383,386,387,390,391,392,393,394,395,396,400,402,403,405,414,415,:
402:258,379,392,393,394,400,401,403,404,405,406,407,408,414,415,416,424,:
403:393,394,400,401,402,404,405,406,407,408,414,415,416,417,418,419,421,423,424,435,:
404:393,394,400,402,403,405,406,407,408,414,415,416,417,418,423,424,425,426,428,434,435,:
405:258,379,393,400,401,402,403,404,406,407,408,409,410,414,415,:
406:400,402,403,404,405,407,408,409,410,411,414,:
407:2,8,15,402,403,404,405,406,408,409,410,411,412,428,429,431,:
408:13,364,366,402,403,404,405,406,407,409,410,411,412,413,:
409:2,6,8,15,19,405,406,407,408,410,411,412,413,428,429,:
410:1,2,6,7,13,346,347,405,406,407,408,409,411,412,413,440,441,442,:
411:1,2,6,7,8,13,406,407,408,409,410,412,413,442,:
412:2,6,7,347,407,408,409,410,411,413,442,:
413:1,2,6,7,345,347,408,409,410,411,412,:
414:387,393,394,400,401,402,403,404,405,406,415,416,417,418,419,420,421,422,424,435,:
415:386,387,390,392,393,394,400,401,402,403,404,405,414,416,417,419,420,421,422,:
416:387,402,403,404,414,415,417,418,419,420,421,422,435,:
417:403,404,414,415,416,418,419,420,421,422,424,435,:
418:403,404,414,416,417,419,420,424,434,435,436,437,439,:
419:387,403,414,415,416,417,418,420,421,422,:
420:386,387,414,415,416,417,418,419,421,422,:
421:386,387,403,414,415,416,417,419,420,422,:
422:360,361,362,363,365,387,414,415,416,417,419,420,421,:
423:403,404,424,425,426,427,428,429,431,434,435,:
424:394,402,403,404,414,417,418,423,425,426,427,428,429,431,434,435,:
425:404,423,424,426,427,428,429,430,431,434,435,436,:
426:404,423,424,425,427,428,429,434,435,436,437,439,:
427:423,424,425,426,428,434,435,436,437,438,:
428:404,407,409,423,424,425,426,427,429,430,431,432,433,434,435,:
429:407,409,423,424,425,426,428,430,431,432,433,:
430:425,428,429,431,432,433,:
431:407,423,424,425,428,429,430,432,433,:
432:15,428,429,430,431,433,:
433:15,428,429,430,431,432,:
434:404,418,423,424,425,426,427,428,435,436,437,438,439,440,442,:
435:403,404,414,416,417,418,423,424,425,426,427,428,434,436,437,439,440,442,:
436:418,425,426,427,434,435,437,438,439,440,441,442,:
437:418,426,427,434,435,436,438,439,440,:
438:427,434,436,437,439,:
439:418,426,434,435,436,437,438,440,441,442,:
440:410,434,435,436,437,439,441,442,:
441:343,353,354,362,364,410,436,439,440,442,:
442:340,342,410,411,412,434,435,436,439,440,441,:
