1:2,3,4,5,6,7,15,16,17,18,21,22,228,229,230,:
2:1,3,4,5,15,16,18,195,228,229,230,244,245,246,247,:
3:1,2,4,5,6,7,15,16,17,18,19,21,22,195,228,229,230,247,:
4:1,2,3,5,6,7,15,16,17,18,19,20,21,22,195,228,230,:
5:1,2,3,4,6,7,8,15,16,17,18,19,20,21,22,24,25,29,36,228,230,:
6:1,3,4,5,7,8,9,10,11,15,16,17,18,19,20,21,22,23,24,25,29,36,:
7:1,3,4,5,6,8,9,10,11,15,17,18,19,20,21,22,23,24,25,26,28,29,127,:
8:5,6,7,9,10,11,18,19,20,21,22,23,24,25,26,27,28,29,:
9:6,7,8,10,11,12,18,20,21,22,23,24,25,26,27,28,29,30,32,:
10:6,7,8,9,11,12,13,20,21,23,24,25,26,27,28,29,30,31,32,:
11:6,7,8,9,10,12,13,14,17,20,24,25,26,27,28,29,30,31,32,33,34,36,37,:
12:9,10,11,13,14,20,27,28,29,30,31,32,33,34,35,36,37,186,:
13:10,11,12,14,29,30,31,32,33,34,35,36,37,183,185,:
14:11,12,13,17,29,30,31,32,33,34,35,36,37,185,:
15:1,2,3,4,5,6,7,16,17,18,19,20,21,22,193,195,230,:
16:1,2,3,4,5,6,15,17,18,19,20,195,227,228,230,:
17:1,3,4,5,6,7,11,14,15,16,18,19,20,21,25,29,36,185,225,227,228,230,:
18:1,2,3,4,5,6,7,8,9,15,16,17,19,20,21,22,25,29,224,228,229,230,:
19:3,4,5,6,7,8,15,16,17,18,20,21,22,23,24,29,127,132,184,185,187,188,193,195,:
20:4,5,6,7,8,9,10,11,12,15,16,17,18,19,21,22,23,24,25,28,29,30,32,34,36,184,185,186,:
21:1,3,4,5,6,7,8,9,10,15,17,18,19,20,22,23,24,25,26,29,:
22:1,3,4,5,6,7,8,9,15,18,19,20,21,23,24,25,26,126,127,128,131,132,:
23:6,7,8,9,10,19,20,21,22,24,25,26,27,28,131,:
24:5,6,7,8,9,10,11,19,20,21,22,23,25,26,27,28,29,32,131,186,:
25:5,6,7,8,9,10,11,17,18,20,21,22,23,24,26,27,28,29,30,:
26:7,8,9,10,11,21,22,23,24,25,27,28,29,30,66,:
27:8,9,10,11,12,23,24,25,26,28,29,30,31,32,87,:
28:7,8,9,10,11,12,20,23,24,25,26,27,29,30,31,32,186,:
29:5,6,7,8,9,10,11,12,13,14,17,18,19,20,21,24,25,26,27,28,30,31,32,33,34,35,36,37,185,186,:
30:9,10,11,12,13,14,20,25,26,27,28,29,31,32,33,34,35,36,37,:
31:10,11,12,13,14,27,28,29,30,32,33,34,36,37,:
32:9,10,11,12,13,14,20,24,27,28,29,30,31,33,34,36,37,183,186,:
33:11,12,13,14,29,30,31,32,34,35,36,37,:
34:11,12,13,14,20,29,30,31,32,33,35,36,37,181,183,184,185,186,:
35:12,13,14,29,30,33,34,36,37,185,:
36:5,6,11,12,13,14,17,20,29,30,31,32,33,34,35,37,185,:
37:11,12,13,14,29,30,31,32,33,34,35,36,:
38:39,40,41,42,43,45,46,:
39:38,40,41,42,43,94,95,96,:
40:38,39,41,42,43,44,45,46,47,73,:
41:38,39,40,42,43,44,45,46,47,48,49,72,73,:
42:38,39,40,41,43,44,45,46,47,48,49,72,73,:
43:38,39,40,41,42,44,45,46,72,73,:
44:40,41,42,43,45,46,69,72,73,:
45:38,40,41,42,43,44,46,47,48,49,73,:
46:38,40,41,42,43,44,45,47,48,49,73,:
47:40,41,42,45,46,48,49,73,:
48:41,42,45,46,47,49,:
49:41,42,45,46,47,48,:
50:51,52,53,54,55,56,57,62,:
51:50,52,53,55,56,57,:
52:50,51,53,54,55,56,57,58,60,62,:
53:50,51,52,54,55,56,57,61,62,68,:
54:50,52,53,55,61,62,63,64,66,67,68,69,72,73,:
55:50,51,52,53,54,56,57,58,59,60,:
56:50,51,52,53,55,57,58,59,60,134,:
57:50,51,52,53,55,56,58,59,60,124,128,129,133,134,:
58:52,55,56,57,59,60,133,134,136,:
59:55,56,57,58,60,124,129,133,134,135,136,137,:
60:52,55,56,57,58,59,134,136,:
61:53,54,62,63,64,65,66,67,68,75,:
62:50,52,53,54,61,63,64,66,67,68,:
63:54,61,62,64,65,66,67,68,69,75,:
64:54,61,62,63,65,66,67,68,69,70,71,72,74,75,83,:
65:61,63,64,66,67,68,69,70,71,74,75,76,77,79,82,83,84,87,:
66:26,54,61,62,63,64,65,67,68,:
67:54,61,62,63,64,65,66,68,69,70,71,72,73,75,83,:
68:53,54,61,62,63,64,65,66,67,69,70,72,73,:
69:44,54,63,64,65,67,68,70,71,72,73,83,:
70:64,65,67,68,69,71,72,74,75,82,83,88,89,:
71:64,65,67,69,70,72,74,75,77,82,83,84,85,87,88,89,90,93,94,95,:
72:41,42,43,44,54,64,67,68,69,70,71,73,:
73:40,41,42,43,44,45,46,47,54,67,68,69,72,:
74:64,65,70,71,75,76,77,78,79,80,81,82,83,89,:
75:61,63,64,65,67,70,71,74,76,77,79,81,82,83,:
76:65,74,75,77,78,79,80,81,82,83,84,:
77:65,71,74,75,76,78,79,80,81,82,83,84,85,86,87,88,89,:
78:74,76,77,79,80,82,83,84,85,86,88,89,91,:
79:65,74,75,76,77,78,80,81,82,83,:
80:74,76,77,78,79,81,82,83,:
81:74,75,76,77,79,80,:
82:65,70,71,74,75,76,77,78,79,80,83,84,85,86,87,88,89,:
83:64,65,67,69,70,71,74,75,76,77,78,79,80,82,84,85,87,88,89,:
84:65,71,76,77,78,82,83,85,86,87,88,89,90,:
85:71,77,78,82,83,84,86,87,88,89,90,91,93,:
86:77,78,82,84,85,87,88,89,90,91,92,:
87:27,65,71,77,82,83,84,85,86,88,89,:
88:70,71,77,78,82,83,84,85,86,87,89,90,91,92,93,94,:
89:70,71,74,77,78,82,83,84,85,86,87,88,90,91,93,94,95,:
90:71,84,85,86,88,89,91,92,93,94,95,96,:
91:78,85,86,88,89,90,92,93,94,:
92:86,88,90,91,93,:
93:71,85,88,89,90,91,92,94,95,96,:
94:39,71,88,89,90,91,93,95,96,:
95:39,71,89,90,93,94,96,:
96:39,90,93,94,95,:
97:98,99,100,101,102,103,105,106,:
98:97,99,100,101,102,103,105,:
99:97,98,100,101,102,103,104,105,106,107,112,:
100:97,98,99,101,102,103,104,105,106,107,108,109,110,111,112,113,:
101:97,98,99,100,102,103,105,106,107,108,109,112,113,:
102:97,98,99,100,101,103,104,105,106,112,:
103:97,98,99,100,101,102,104,105,106,109,112,:
104:99,100,102,103,105,106,109,112,:
105:97,98,99,100,101,102,103,104,106,109,:
106:97,99,100,101,102,103,104,105,107,108,109,110,111,112,113,:
107:99,100,101,106,108,109,110,111,112,113,114,119,:
108:100,101,106,107,109,110,111,112,113,114,115,116,117,118,119,:
109:100,101,103,104,105,106,107,108,110,112,113,114,115,116,119,120,:
110:100,106,107,108,109,111,112,113,119,:
111:100,106,107,108,110,112,:
112:99,100,101,102,103,104,106,107,108,109,110,111,:
113:100,101,106,107,108,109,110,114,115,116,117,118,119,120,121,:
114:107,108,109,113,115,116,117,118,119,120,121,122,:
115:108,109,113,114,116,117,118,119,120,121,122,123,124,125,:
116:108,109,113,114,115,117,119,120,121,122,123,124,126,127,:
117:108,113,114,115,116,118,119,120,121,124,:
118:108,113,114,115,117,119,:
119:107,108,109,110,113,114,115,116,117,118,:
120:109,113,114,115,116,117,121,122,123,124,125,126,127,:
121:113,114,115,116,117,120,122,123,124,125,:
122:114,115,116,120,121,123,124,125,126,127,128,130,:
123:115,116,120,121,122,124,125,126,127,128,129,130,131,133,:
124:57,59,115,116,117,120,121,122,123,125,126,127,128,129,130,133,134,:
125:115,120,121,122,123,124,126,127,130,:
126:22,116,120,122,123,124,125,127,128,129,130,131,132,133,134,:
127:7,19,22,116,120,122,123,124,125,126,128,129,130,131,132,:
128:22,57,122,123,124,126,127,129,130,131,132,133,134,135,167,:
129:57,59,123,124,126,127,128,130,131,132,133,134,135,136,167,:
130:122,123,124,125,126,127,128,129,131,132,133,134,135,136,167,:
131:22,23,24,123,126,127,128,129,130,132,133,134,166,167,:
132:19,22,126,127,128,129,130,131,163,164,165,166,167,193,:
133:57,58,59,123,124,126,128,129,130,131,134,135,136,137,:
134:56,57,58,59,60,124,126,128,129,130,131,133,135,136,:
135:59,128,129,130,133,134,136,137,:
136:58,59,60,129,130,133,134,135,137,:
137:59,133,135,136,:
138:139,140,141,142,143,144,:
139:138,140,141,142,143,144,:
140:138,139,141,142,143,144,145,:
141:138,139,140,142,143,144,:
142:138,139,140,141,143,144,:
143:138,139,140,141,142,144,145,146,147,148,150,200,:
144:138,139,140,141,142,143,145,146,147,148,150,:
145:140,143,144,146,147,148,149,150,151,152,153,:
146:143,144,145,147,148,149,150,151,152,153,154,:
147:143,144,145,146,148,149,150,152,153,154,:
148:143,144,145,146,147,149,150,151,152,153,154,200,:
149:145,146,147,148,150,151,152,153,154,191,198,199,200,201,202,:
150:143,144,145,146,147,148,149,151,152,154,191,198,199,200,201,:
151:145,146,148,149,150,152,153,154,190,191,196,198,199,200,201,202,:
152:145,146,147,148,149,150,151,153,154,:
153:145,146,147,148,149,151,152,154,:
154:146,147,148,149,150,151,152,153,191,192,:
155:156,157,158,159,160,161,162,168,169,174,:
156:155,157,158,160,161,162,169,:
157:155,156,158,159,160,161,162,163,168,169,174,:
158:155,156,157,159,160,161,162,163,164,165,166,168,169,173,174,182,:
159:155,157,158,160,161,162,163,164,165,168,169,171,173,174,175,176,178,179,181,182,183,186,:
160:155,156,157,158,159,161,162,:
161:155,156,157,158,159,160,162,163,164,165,166,168,169,170,174,182,:
162:155,156,157,158,159,160,161,163,164,166,168,169,:
163:132,157,158,159,161,162,164,165,166,167,168,169,170,182,186,188,:
164:132,158,159,161,162,163,165,166,167,168,169,170,171,172,173,174,181,182,187,188,:
165:132,158,159,161,163,164,166,167,168,169,170,171,172,173,174,181,182,183,184,186,187,188,189,192,193,:
166:131,132,158,161,162,163,164,165,167,168,169,:
167:128,129,130,131,132,163,164,165,166,168,:
168:155,157,158,159,161,162,163,164,165,166,167,169,170,171,172,173,174,182,188,:
169:155,156,157,158,159,161,162,163,164,165,166,168,170,171,173,174,:
170:161,163,164,165,168,169,171,172,173,174,175,188,:
171:159,164,165,168,169,170,172,173,174,175,176,177,178,181,182,187,188,197,202,:
172:164,165,168,170,171,173,174,175,176,177,181,182,184,187,188,189,190,192,196,197,198,199,201,202,203,206,:
173:158,159,164,165,168,169,170,171,172,174,175,176,177,178,179,180,181,182,188,197,:
174:155,157,158,159,161,164,165,168,169,170,171,172,173,175,176,178,179,180,181,182,:
175:159,170,171,172,173,174,176,177,178,179,180,181,182,183,197,:
176:159,171,172,173,174,175,177,178,179,180,181,182,183,184,185,186,187,188,196,197,:
177:171,172,173,175,176,178,179,181,182,183,184,185,187,188,190,196,197,198,:
178:159,171,173,174,175,176,177,179,180,181,182,:
179:159,173,174,175,176,177,178,180,181,182,:
180:173,174,175,176,178,179,:
181:34,159,164,165,171,172,173,174,175,176,177,178,179,182,183,184,185,186,187,188,197,:
182:158,159,161,163,164,165,168,171,172,173,174,175,176,177,178,179,181,183,184,186,187,188,197,:
183:13,32,34,159,165,175,176,177,181,182,184,185,186,187,188,189,197,:
184:19,20,34,165,172,176,177,181,182,183,185,186,187,188,189,190,191,192,196,197,:
185:13,14,17,19,20,29,34,35,36,176,177,181,183,184,186,187,188,189,190,191,196,197,:
186:12,20,24,28,29,32,34,159,163,165,176,181,182,183,184,185,187,188,:
187:19,164,165,171,172,176,177,181,182,183,184,185,186,188,189,190,191,192,193,196,197,202,:
188:19,163,164,165,168,170,171,172,173,176,177,181,182,183,184,185,186,187,189,190,192,193,196,197,:
189:165,172,183,184,185,187,188,190,191,192,193,194,195,196,197,198,202,:
190:151,172,177,184,185,187,188,189,191,192,193,196,197,198,199,201,202,:
191:149,150,151,154,184,185,187,189,190,192,196,197,198,199,201,202,:
192:154,165,172,184,187,188,189,190,191,193,194,195,196,197,202,:
193:15,19,132,165,187,188,189,190,192,194,195,:
194:189,192,193,195,:
195:2,3,4,15,16,19,189,192,193,194,:
196:151,172,176,177,184,185,187,188,189,190,191,192,197,198,199,200,201,202,:
197:171,172,173,175,176,177,181,182,183,184,185,187,188,189,190,191,192,196,198,199,201,202,:
198:149,150,151,172,177,189,190,191,196,197,199,200,201,202,203,:
199:149,150,151,172,190,191,196,197,198,200,201,202,203,204,206,:
200:143,148,149,150,151,196,198,199,201,202,203,204,205,:
201:149,150,151,172,190,191,196,197,198,199,200,202,203,204,205,206,:
202:149,151,171,172,187,189,190,191,192,196,197,198,199,200,201,203,204,206,:
203:172,198,199,200,201,202,204,205,206,:
204:199,200,201,202,203,205,206,:
205:200,201,203,204,206,:
206:172,199,201,202,203,204,205,:
207:208,209,210,211,212,213,:
208:207,209,210,211,212,213,:
209:207,208,210,211,212,213,232,:
210:207,208,209,211,212,213,214,237,241,242,243,:
211:207,208,209,210,212,213,231,:
212:207,208,209,210,211,213,239,240,241,245,246,:
213:207,208,209,210,211,212,:
214:210,215,216,217,218,219,220,232,237,:
215:214,216,217,219,:
216:214,215,217,218,219,220,232,237,238,243,:
217:214,215,216,218,219,220,259,260,:
218:214,216,217,219,220,259,260,261,:
219:214,215,216,217,218,220,221,222,223,224,238,243,:
220:214,216,217,218,219,221,222,223,224,225,226,243,:
221:219,220,222,223,224,225,226,227,228,229,243,:
222:219,220,221,223,224,225,226,227,228,229,230,242,243,:
223:219,220,221,222,224,225,226,228,229,230,242,243,244,:
224:18,219,220,221,222,223,225,226,227,228,229,230,238,239,241,242,243,244,:
225:17,220,221,222,223,224,226,227,228,229,230,238,239,243,257,:
226:220,221,222,223,224,225,227,228,230,238,255,257,:
227:16,17,221,222,224,225,226,228,229,230,238,239,240,255,257,:
228:1,2,3,4,5,16,17,18,221,222,223,224,225,226,227,229,230,238,239,241,242,243,244,245,247,:
229:1,2,3,18,221,222,223,224,225,227,228,230,239,241,242,243,244,245,247,:
230:1,2,3,4,5,15,16,17,18,222,223,224,225,226,227,228,229,238,239,240,241,242,243,244,245,246,247,:
231:211,232,233,234,235,236,237,:
232:209,214,216,231,233,234,235,236,237,:
233:231,232,234,235,236,237,238,249,:
234:231,232,233,235,236,237,248,249,:
235:231,232,233,234,236,248,249,250,251,:
236:231,232,233,234,235,237,238,239,240,248,249,255,:
237:210,214,216,231,232,233,234,236,238,239,240,241,242,243,:
238:216,219,224,225,226,227,228,230,233,236,237,239,240,241,242,243,244,245,246,255,:
239:212,224,225,227,228,229,230,236,237,238,240,241,242,243,244,245,246,247,:
240:212,227,230,236,237,238,239,241,242,243,245,246,247,:
241:210,212,224,228,229,230,237,238,239,240,242,243,244,245,246,247,:
242:210,222,223,224,228,229,230,237,238,239,240,241,243,244,245,246,247,:
243:210,216,219,220,221,222,223,224,225,228,229,230,237,238,239,240,241,242,244,245,247,:
244:2,223,224,228,229,230,238,239,241,242,243,245,246,247,:
245:2,212,228,229,230,238,239,240,241,242,243,244,246,247,:
246:2,212,230,238,239,240,241,242,244,245,247,:
247:2,3,228,229,230,239,240,241,242,243,244,245,246,:
248:234,235,236,249,250,251,252,253,254,255,:
249:233,234,235,236,248,250,251,252,253,254,255,256,:
250:235,248,249,251,252,253,254,255,256,:
251:235,248,249,250,252,253,254,255,:
252:248,249,250,251,253,254,255,256,258,259,:
253:248,249,250,251,252,254,255,256,257,258,:
254:248,249,250,251,252,253,255,256,257,258,:
255:226,227,236,238,248,249,250,251,252,253,254,256,257,258,:
256:249,250,252,253,254,255,257,258,:
257:225,226,227,253,254,255,256,258,:
258:252,253,254,255,256,257,:
259:217,218,252,260,261,262,263,264,265,:
260:217,218,259,261,262,263,264,265,:
261:218,259,260,262,263,264,265,266,:
262:259,260,261,263,264,265,:
263:259,260,261,262,264,:
264:259,260,261,262,263,265,266,267,268,:
265:259,260,261,262,264,266,267,268,281,:
266:261,264,265,267,268,275,276,280,281,:
267:264,265,266,268,274,275,276,280,281,:
268:264,265,266,267,280,281,282,:
269:270,271,272,273,274,275,:
270:269,271,272,273,274,:
271:269,270,272,273,274,275,276,:
272:269,270,271,273,274,275,:
273:269,270,271,272,274,275,:
274:267,269,270,271,272,273,275,276,277,278,:
275:266,267,269,271,272,273,274,276,277,278,279,280,281,:
276:266,267,271,274,275,277,278,279,280,281,282,283,284,:
277:274,275,276,278,279,280,281,282,283,284,285,:
278:274,275,276,277,279,280,281,283,284,285,:
279:275,276,277,278,280,281,282,283,284,285,:
280:266,267,268,275,276,277,278,279,281,282,283,284,285,:
281:265,266,267,268,275,276,277,278,279,280,282,283,285,:
282:268,276,277,279,280,281,283,284,285,:
283:276,277,278,279,280,281,282,284,285,:
284:276,277,278,279,280,282,283,285,:
285:277,278,279,280,281,282,283,284,:
