1:2,3,4,5,6,7,12,13,22,35,36,68,69,259,260,273,274,283,284,289,290,304,305,416,:
2:1,3,4,5,6,22,35,69,257,270,272,273,274,282,283,284,285,289,290,302,303,304,305,:
3:1,2,4,5,6,12,13,36,65,67,68,69,274,283,284,285,289,290,291,305,416,:
4:1,2,3,5,6,12,13,17,22,257,258,259,260,273,274,290,412,413,414,415,416,417,:
5:1,2,3,4,6,7,8,9,11,12,13,14,15,17,22,24,34,35,36,67,68,69,259,260,274,284,290,304,305,416,:
6:1,2,3,4,5,7,8,9,10,11,12,13,14,15,16,17,18,22,24,35,36,65,67,68,69,259,:
7:1,5,6,8,9,10,11,12,13,14,15,16,17,18,19,20,21,22,23,24,35,36,49,109,:
8:5,6,7,9,10,11,12,13,14,15,16,17,18,19,20,21,22,23,24,49,109,189,:
9:5,6,7,8,10,11,12,13,14,15,16,17,18,19,20,21,22,23,24,109,123,129,190,258,259,:
10:6,7,8,9,11,14,15,16,17,18,19,20,21,22,23,24,49,50,109,189,:
11:5,6,7,8,9,10,12,14,15,16,17,18,19,20,21,22,23,24,35,49,50,189,304,:
12:1,3,4,5,6,7,8,9,11,13,14,15,16,17,18,22,24,89,90,258,259,260,416,:
13:1,3,4,5,6,7,8,9,12,14,15,17,18,22,36,62,63,64,65,66,67,68,69,89,90,:
14:5,6,7,8,9,10,11,12,13,15,16,17,18,19,20,21,22,24,64,66,89,90,108,109,:
15:5,6,7,8,9,10,11,12,13,14,17,18,19,20,21,22,23,24,34,35,36,46,48,49,50,66,67,68,:
16:6,7,8,9,10,11,12,14,17,18,19,20,21,22,23,24,109,123,129,187,189,190,191,193,256,258,259,:
17:4,5,6,7,8,9,10,11,12,13,14,15,16,18,20,21,22,23,24,90,129,256,257,258,259,260,:
18:6,7,8,9,10,11,12,13,14,15,16,17,19,20,21,22,23,89,90,108,109,114,116,117,122,123,129,259,:
19:7,8,9,10,11,14,15,16,18,20,21,22,23,24,46,48,49,50,189,:
20:7,8,9,10,11,14,15,16,17,18,19,21,22,23,24,49,50,109,188,189,190,:
21:7,8,9,10,11,14,15,16,17,18,19,20,23,24,49,108,109,110,111,113,:
22:1,2,4,5,6,7,8,9,10,11,12,13,14,15,16,17,18,19,20,23,24,35,216,256,257,258,259,304,305,:
23:7,8,9,10,11,15,16,17,18,19,20,21,22,24,50,188,189,190,216,217,:
24:5,6,7,8,9,10,11,12,14,15,16,17,19,20,21,22,23,34,35,36,48,49,50,228,304,305,:
25:26,27,28,29,30,31,37,38,:
26:25,27,28,30,37,38,:
27:25,26,28,29,30,31,32,37,38,39,:
28:25,26,27,29,30,31,37,38,39,40,42,43,44,45,:
29:25,27,28,30,31,37,38,39,40,42,43,44,66,:
30:25,26,27,28,29,31,32,33,34,37,38,45,:
31:25,27,28,29,30,32,33,34,35,36,37,46,47,48,66,68,:
32:27,30,31,33,34,35,36,47,48,49,68,282,284,304,305,:
33:30,31,32,34,35,36,47,48,49,227,282,301,304,305,:
34:5,15,24,30,31,32,33,35,36,48,49,67,68,69,282,283,284,304,305,:
35:1,2,5,6,7,11,15,22,24,31,32,33,34,36,49,68,282,283,284,301,303,304,305,:
36:1,3,5,6,7,13,15,24,31,32,33,34,35,49,66,67,68,69,283,284,304,305,:
37:25,26,27,28,29,30,31,38,39,40,41,42,43,44,45,:
38:25,26,27,28,29,30,37,39,40,41,42,43,45,:
39:27,28,29,37,38,40,41,42,43,44,45,:
40:28,29,37,38,39,41,42,43,:
41:37,38,39,40,42,:
42:28,29,37,38,39,40,41,43,44,45,46,47,167,:
43:28,29,37,38,39,40,42,44,45,46,47,48,167,:
44:28,29,37,39,42,43,45,46,47,48,49,:
45:28,30,37,38,39,42,43,44,46,47,48,49,50,:
46:15,19,31,42,43,44,45,47,48,49,50,113,:
47:31,32,33,42,43,44,45,46,48,49,50,227,228,:
48:15,19,24,31,32,33,34,43,44,45,46,47,49,50,228,:
49:7,8,10,11,15,19,20,21,24,32,33,34,35,36,44,45,46,47,48,50,226,227,228,:
50:10,11,15,19,20,23,24,45,46,47,48,49,226,227,228,:
51:52,53,54,55,:
52:51,53,54,:
53:51,52,54,55,:
54:51,52,53,55,57,:
55:51,53,54,56,57,58,61,62,64,:
56:55,57,58,59,60,61,62,63,:
57:54,55,56,58,59,61,62,63,64,:
58:55,56,57,59,60,61,62,63,64,71,:
59:56,57,58,60,61,62,70,71,80,87,:
60:56,58,59,61,70,71,72,73,77,79,80,81,84,85,87,:
61:55,56,57,58,59,60,62,63,64,65,66,87,112,:
62:13,55,56,57,58,59,61,63,64,65,66,67,:
63:13,56,57,58,61,62,64,65,66,67,68,69,89,:
64:13,14,55,57,58,61,62,63,65,66,67,68,:
65:3,6,13,61,62,63,64,66,67,68,69,:
66:13,14,15,29,31,36,61,62,63,64,65,67,68,69,:
67:3,5,6,13,15,34,36,62,63,64,65,66,68,69,:
68:1,3,5,6,13,15,31,32,34,35,36,63,64,65,66,67,69,284,289,290,:
69:1,2,3,5,6,13,34,36,63,65,66,67,68,283,284,285,289,290,291,:
70:59,60,71,72,73,74,75,76,77,79,80,:
71:58,59,60,70,72,73,75,77,79,80,:
72:60,70,71,73,74,75,76,77,78,79,80,81,:
73:60,70,71,72,74,75,76,77,79,80,81,82,84,:
74:70,72,73,75,76,79,80,81,82,83,346,:
75:70,71,72,73,74,76,77,78,79,80,:
76:70,72,73,74,75,77,78,344,345,:
77:60,70,71,72,73,75,76,78,79,80,385,387,:
78:72,75,76,77,344,379,380,381,383,385,:
79:60,70,71,72,73,74,75,77,80,81,82,83,84,85,86,87,:
80:59,60,70,71,72,73,74,75,77,79,81,82,84,85,87,:
81:60,72,73,74,79,80,82,83,84,85,86,87,:
82:73,74,79,80,81,83,84,85,:
83:74,79,81,82,84,135,137,:
84:60,73,79,80,81,82,83,85,86,87,88,89,95,118,:
85:60,79,80,81,82,84,86,87,88,89,90,118,:
86:79,81,84,85,87,88,89,90,117,118,124,131,136,347,349,:
87:59,60,61,79,80,81,84,85,86,88,89,90,107,108,109,:
88:84,85,86,87,89,90,117,118,122,124,131,348,349,385,:
89:12,13,14,18,63,84,85,86,87,88,90,108,109,387,:
90:12,13,14,17,18,85,86,87,88,89,109,385,387,:
91:92,93,94,95,96,97,99,105,106,:
92:91,93,94,95,96,97,99,:
93:91,92,94,95,96,97,98,99,105,106,107,115,:
94:91,92,93,95,96,97,105,106,107,108,110,112,114,115,:
95:84,91,92,93,94,96,105,106,107,110,112,115,:
96:91,92,93,94,95,97,98,99,100,101,105,106,115,137,:
97:91,92,93,94,96,98,99,100,101,102,137,138,:
98:93,96,97,99,100,101,102,103,115,120,121,137,138,:
99:91,92,93,96,97,98,100,101,102,103,104,137,138,:
100:96,97,98,99,101,102,103,104,138,139,:
101:96,97,98,99,100,102,103,104,138,:
102:97,98,99,100,101,103,104,138,139,:
103:98,99,100,101,102,104,:
104:99,100,101,102,103,:
105:91,93,94,95,96,106,107,108,109,110,111,112,114,115,:
106:91,93,94,95,96,105,107,108,109,110,111,112,114,115,120,:
107:87,93,94,95,105,106,108,109,110,111,112,113,114,115,116,:
108:14,18,21,87,89,94,105,106,107,109,110,111,112,114,115,116,117,118,119,:
109:7,8,9,10,14,16,18,20,21,87,89,90,105,106,107,108,110,111,114,115,116,117,:
110:21,94,95,105,106,107,108,109,111,112,113,114,115,:
111:21,105,106,107,108,109,110,112,113,114,:
112:61,94,95,105,106,107,108,110,111,113,:
113:21,46,107,110,111,112,:
114:18,94,105,106,107,108,109,110,111,115,116,117,118,119,120,121,122,123,:
115:93,94,95,96,98,105,106,107,108,109,110,114,116,117,118,119,120,121,:
116:18,107,108,109,114,115,117,118,119,120,121,122,123,124,:
117:18,86,88,108,109,114,115,116,118,119,120,121,122,123,124,125,126,127,129,130,136,184,:
118:84,85,86,88,108,114,115,116,117,119,120,122,123,124,125,126,130,131,135,136,137,:
119:108,114,115,116,117,118,120,121,122,123,173,182,184,:
120:98,106,114,115,116,117,118,119,121,122,181,184,:
121:98,114,115,116,117,119,120,173,178,179,180,181,:
122:18,88,114,116,117,118,119,120,123,124,125,126,127,128,129,130,131,136,182,183,184,193,:
123:9,16,18,114,116,117,118,119,122,124,125,126,127,128,129,182,183,184,190,191,193,:
124:86,88,116,117,118,122,123,125,126,127,128,129,130,131,132,136,184,193,325,:
125:117,118,122,123,124,126,127,128,130,131,132,133,135,136,182,184,:
126:117,118,122,123,124,125,127,130,131,132,133,135,136,178,181,182,183,184,:
127:117,122,123,124,125,126,128,129,130,131,183,184,193,322,324,325,443,:
128:122,123,124,125,127,129,191,193,256,259,322,324,325,439,440,:
129:9,16,17,18,117,122,123,124,127,128,183,190,191,192,193,256,259,324,325,439,440,:
130:117,118,122,124,125,126,127,131,132,133,134,135,136,349,:
131:86,88,118,122,124,125,126,127,130,132,133,135,136,347,348,349,:
132:124,125,126,130,131,133,134,135,136,137,349,:
133:125,126,130,131,132,134,135,136,137,138,139,:
134:130,132,133,135,136,137,138,139,:
135:83,118,125,126,130,131,132,133,134,136,137,138,139,:
136:86,117,118,122,124,125,126,130,131,132,133,134,135,137,138,139,:
137:83,96,97,98,99,118,132,133,134,135,136,138,139,:
138:97,98,99,100,101,102,133,134,135,136,137,139,:
139:100,102,133,134,135,136,137,138,181,:
140:141,142,143,144,:
141:140,142,143,:
142:140,141,143,144,146,158,199,:
143:140,141,142,144,145,146,158,:
144:140,142,143,145,146,158,:
145:143,144,146,147,148,149,156,158,:
146:142,143,144,145,147,148,149,155,156,157,158,:
147:145,146,148,149,158,166,:
148:145,146,147,149,166,:
149:145,146,147,148,163,166,:
150:151,152,153,154,155,156,:
151:150,152,153,154,155,:
152:150,151,153,154,155,156,157,158,:
153:150,151,152,154,155,156,157,:
154:150,151,152,153,155,157,:
155:146,150,151,152,153,154,156,157,158,:
156:145,146,150,152,153,155,157,158,:
157:146,152,153,154,155,156,158,:
158:142,143,144,145,146,147,152,155,156,157,:
159:160,161,162,163,164,165,166,:
160:159,161,162,164,165,:
161:159,160,162,163,164,165,166,167,:
162:159,160,161,163,164,165,166,:
163:149,159,161,162,164,166,:
164:159,160,161,162,163,165,166,167,:
165:159,160,161,162,164,166,167,:
166:147,148,149,159,161,162,163,164,165,167,:
167:42,43,161,164,165,166,:
168:169,170,171,172,173,174,175,185,186,230,:
169:168,170,171,172,173,174,185,:
170:168,169,171,172,173,174,175,176,177,185,186,187,230,233,235,236,:
171:168,169,170,172,173,174,185,186,187,188,189,190,191,192,194,195,233,236,:
172:168,169,170,171,173,185,186,187,188,189,190,194,195,199,:
173:119,121,168,169,170,171,172,174,175,176,177,178,179,180,185,186,:
174:168,169,170,171,173,175,176,177,178,179,180,:
175:168,170,173,174,176,177,178,179,180,181,182,183,230,235,:
176:170,173,174,175,177,178,179,180,181,182,183,184,234,235,236,237,:
177:170,173,174,175,176,178,179,180,182,183,184,186,192,193,230,231,234,235,236,237,443,:
178:121,126,173,174,175,176,177,179,180,181,182,183,184,235,:
179:121,173,174,175,176,177,178,180,181,182,183,184,:
180:121,173,174,175,176,177,178,179,181,182,184,:
181:120,121,126,139,175,176,178,179,180,182,183,184,:
182:119,122,123,125,126,175,176,177,178,179,180,181,183,184,193,235,443,:
183:122,123,126,127,129,175,176,177,178,179,181,182,184,191,192,193,235,236,440,441,443,445,:
184:117,119,120,122,123,124,125,126,127,176,177,178,179,180,181,182,183,193,443,:
185:168,169,170,171,172,173,186,187,188,189,190,191,192,193,194,195,232,233,235,236,:
186:168,170,171,172,173,177,185,187,188,190,191,192,194,195,229,230,231,232,233,234,235,236,238,240,:
187:16,170,171,172,185,186,188,189,190,191,192,193,194,195,196,233,236,245,:
188:20,23,171,172,185,186,187,189,190,191,194,195,196,197,199,201,217,:
189:8,10,11,16,19,20,23,171,172,185,187,188,190,194,195,196,199,217,:
190:9,16,20,23,123,129,171,172,185,186,187,188,189,191,192,193,194,236,440,:
191:16,123,128,129,171,183,185,186,187,188,190,192,193,235,236,439,440,:
192:129,171,177,183,185,186,187,190,191,193,232,233,234,235,236,238,240,437,439,440,441,:
193:16,122,123,124,127,128,129,177,182,183,184,185,187,190,191,192,235,236,439,440,:
194:171,172,185,186,187,188,189,190,195,196,197,198,199,200,201,210,217,245,:
195:171,172,185,186,187,188,189,194,196,197,199,200,201,210,233,245,:
196:187,188,189,194,195,197,198,199,200,201,202,210,217,:
197:188,194,195,196,198,199,200,201,202,203,205,206,209,210,217,219,:
198:194,196,197,199,200,201,202,203,204,209,210,217,218,219,223,224,226,:
199:142,172,188,189,194,195,196,197,198,200,201,:
200:194,195,196,197,198,199,201,202,203,204,205,206,207,209,210,217,219,244,245,246,:
201:188,194,195,196,197,198,199,200,202,203,205,206,209,210,244,245,246,:
202:196,197,198,200,201,203,204,205,206,207,208,209,210,211,219,246,:
203:197,198,200,201,202,204,205,206,207,209,210,211,212,214,218,219,245,246,:
204:198,200,202,203,205,207,209,210,211,212,213,218,219,220,221,:
205:197,200,201,202,203,204,206,207,208,209,210,246,:
206:197,200,201,202,203,205,207,208,:
207:200,202,203,204,205,206,208,246,:
208:202,205,206,207,:
209:197,198,200,201,202,203,204,205,210,211,212,213,214,215,217,218,219,244,245,246,:
210:194,195,196,197,198,200,201,202,203,204,205,209,211,212,214,215,217,218,219,244,245,246,:
211:202,203,204,209,210,212,213,214,215,216,217,218,219,220,245,:
212:203,204,209,210,211,213,214,215,217,218,219,220,221,223,:
213:204,209,211,212,214,215,218,219,220,221,222,294,295,297,:
214:203,209,210,211,212,213,215,216,217,218,219,245,314,:
215:209,210,211,212,213,214,216,217,218,219,299,301,:
216:22,23,211,214,215,217,252,253,255,298,299,300,301,302,303,304,:
217:23,188,189,194,196,197,198,200,209,210,211,212,214,215,216,218,219,226,245,:
218:198,203,204,209,210,211,212,213,214,215,217,219,220,221,222,223,224,225,226,:
219:197,198,200,202,203,204,209,210,211,212,213,214,215,217,218,220,221,223,224,226,:
220:204,211,212,213,218,219,221,222,223,224,225,226,:
221:204,212,213,218,219,220,222,223,224,:
222:213,218,220,221,223,:
223:198,212,218,219,220,221,222,224,225,226,227,228,:
224:198,218,219,220,221,223,225,226,227,228,:
225:218,220,223,224,226,227,228,299,301,:
226:49,50,198,217,218,219,220,223,224,225,227,228,:
227:33,47,49,50,223,224,225,226,228,301,:
228:24,47,48,49,50,223,224,225,226,227,:
229:186,230,231,232,233,234,235,236,237,238,239,:
230:168,170,175,177,186,229,231,232,233,234,235,236,237,:
231:177,186,229,230,232,233,234,235,236,237,238,239,240,:
232:185,186,192,229,230,231,233,234,235,236,237,238,239,240,241,243,:
233:170,171,185,186,187,192,195,229,230,231,232,234,235,236,238,239,240,243,244,:
234:176,177,186,192,229,230,231,232,233,235,236,237,238,239,439,440,441,443,:
235:170,175,176,177,178,182,183,185,186,191,192,193,229,230,231,232,233,234,236,237,238,239,439,440,441,443,:
236:170,171,176,177,183,185,186,187,190,191,192,193,229,230,231,232,233,234,235,237,238,239,240,439,440,441,443,:
237:176,177,229,230,231,232,234,235,236,443,:
238:186,192,229,231,232,233,234,235,236,239,240,241,242,243,244,247,248,440,:
239:229,231,232,233,234,235,236,238,240,241,242,243,247,437,439,440,:
240:186,192,231,232,233,236,238,239,241,242,243,244,245,246,247,248,249,:
241:232,238,239,240,242,243,244,245,247,248,249,250,251,252,437,:
242:238,239,240,241,243,247,248,249,250,251,432,433,437,:
243:232,233,238,239,240,241,242,244,245,246,247,248,:
244:200,201,209,210,233,238,240,241,243,245,246,247,248,:
245:187,194,195,200,201,203,209,210,211,214,217,240,241,243,244,246,247,248,:
246:200,201,202,203,205,207,209,210,240,243,244,245,:
247:238,239,240,241,242,243,244,245,248,249,250,251,252,253,254,:
248:238,240,241,242,243,244,245,247,249,250,251,252,253,254,:
249:240,241,242,247,248,250,251,252,253,254,255,:
250:241,242,247,248,249,251,252,253,:
251:241,242,247,248,249,250,252,314,:
252:216,241,247,248,249,250,251,253,254,255,256,257,314,429,:
253:216,247,248,249,250,252,254,255,256,257,258,429,:
254:247,248,249,252,253,255,256,257,258,259,:
255:216,249,252,253,254,256,257,258,259,260,273,427,428,429,:
256:16,17,22,128,129,252,253,254,255,257,258,259,260,325,328,:
257:2,4,17,22,252,253,254,255,256,258,259,260,273,274,427,428,429,:
258:4,9,12,16,17,22,253,254,255,256,257,259,260,328,:
259:1,4,5,6,9,12,16,17,18,22,128,129,254,255,256,257,258,260,328,414,415,416,:
260:1,4,5,12,17,255,256,257,258,259,328,412,413,414,415,416,417,:
261:262,263,264,265,266,267,:
262:261,263,264,266,:
263:261,262,264,265,266,267,268,269,:
264:261,262,263,265,266,267,268,269,276,:
265:261,263,264,266,267,268,269,275,276,277,280,281,:
266:261,262,263,264,265,267,268,269,270,271,397,:
267:261,263,264,265,266,268,269,270,271,272,396,397,398,402,403,404,:
268:263,264,265,266,267,269,270,271,272,273,274,397,402,403,404,:
269:263,264,265,266,267,268,270,271,272,273,398,402,403,404,:
270:2,266,267,268,269,271,272,273,274,281,283,284,285,289,290,402,403,404,:
271:266,267,268,269,270,272,273,274,302,402,403,404,425,426,427,428,:
272:2,267,268,269,270,271,273,274,302,402,403,404,427,428,:
273:1,2,4,255,257,268,269,270,271,272,274,284,302,305,402,403,404,427,428,429,:
274:1,2,3,4,5,257,268,270,271,272,273,284,290,302,304,305,403,404,427,428,:
275:265,276,277,278,279,280,281,293,:
276:264,265,275,277,278,280,281,293,:
277:265,275,276,278,279,280,281,282,293,:
278:275,276,277,279,280,281,292,293,:
279:275,277,278,280,292,293,299,:
280:265,275,276,277,278,279,281,282,283,293,298,299,300,301,302,303,:
281:265,270,275,276,277,278,280,282,283,284,285,286,287,300,302,303,305,:
282:2,32,33,34,35,277,280,281,283,284,285,286,287,288,289,290,303,304,305,:
283:1,2,3,34,35,36,69,270,280,281,282,284,285,286,287,288,289,290,291,304,305,:
284:1,2,3,5,32,34,35,36,68,69,270,273,274,281,282,283,285,286,287,289,290,291,302,303,304,305,:
285:2,3,69,270,281,282,283,284,286,287,288,289,290,291,305,:
286:281,282,283,284,285,287,288,289,290,291,:
287:281,282,283,284,285,286,288,289,291,:
288:282,283,285,286,287,289,290,291,:
289:1,2,3,68,69,270,282,283,284,285,286,287,288,290,291,:
290:1,2,3,4,5,68,69,270,274,282,283,284,285,286,288,289,291,305,:
291:3,69,283,284,285,286,287,288,289,290,:
292:278,279,293,294,295,296,297,298,299,:
293:275,276,277,278,279,280,292,294,295,296,297,298,299,300,:
294:213,292,293,295,296,297,298,299,300,:
295:213,292,293,294,296,297,298,306,307,:
296:292,293,294,295,297,307,:
297:213,292,293,294,295,296,298,299,300,301,302,312,314,:
298:216,280,292,293,294,295,297,299,300,301,302,303,:
299:215,216,225,279,280,292,293,294,297,298,300,301,302,303,304,:
300:216,280,281,293,294,297,298,299,301,302,303,304,305,:
301:33,35,215,216,225,227,280,297,298,299,300,302,303,304,305,:
302:2,216,271,272,273,274,280,281,284,297,298,299,300,301,303,304,305,:
303:2,35,216,280,281,282,284,298,299,300,301,302,304,305,:
304:1,2,5,11,22,24,32,33,34,35,36,216,274,282,283,284,299,300,301,302,303,305,:
305:1,2,3,5,22,24,32,33,34,35,36,273,274,281,282,283,284,285,290,300,301,302,303,304,:
306:295,307,308,309,310,311,312,314,:
307:295,296,306,308,309,310,311,312,314,:
308:306,307,309,310,311,312,313,314,:
309:306,307,308,310,311,312,:
310:306,307,308,309,311,:
311:306,307,308,309,310,312,313,314,:
312:297,306,307,308,309,311,313,314,:
313:308,311,312,314,:
314:214,251,252,297,306,307,308,311,312,313,:
315:316,317,318,319,320,321,:
316:315,317,318,320,442,:
317:315,316,318,319,320,321,322,323,442,:
318:315,316,317,319,320,321,322,323,332,:
319:315,317,318,320,321,322,331,332,333,336,337,338,:
320:315,316,317,318,319,321,322,323,324,326,327,435,436,438,442,:
321:315,317,318,319,320,322,323,324,325,326,327,328,329,435,436,438,442,:
322:127,128,317,318,319,320,321,323,324,325,326,327,328,436,437,438,441,442,:
323:317,318,320,321,322,324,325,326,327,328,329,330,338,435,:
324:127,128,129,320,321,322,323,325,326,327,328,330,:
325:124,127,128,129,256,321,322,323,324,326,328,:
326:320,321,322,323,324,325,327,328,329,330,338,:
327:320,321,322,323,324,326,328,329,330,338,:
328:256,258,259,260,321,322,323,324,325,326,327,329,330,412,:
329:321,323,326,327,328,330,338,424,:
330:323,324,326,327,328,329,411,412,424,425,427,428,429,:
331:319,332,333,334,335,336,337,341,:
332:318,319,331,333,334,336,337,338,:
333:319,331,332,334,335,336,337,338,339,341,348,382,:
334:331,332,333,335,336,337,340,341,:
335:331,333,334,336,340,341,342,343,345,379,382,:
336:319,331,332,333,334,335,337,338,339,:
337:319,331,332,333,334,336,338,339,:
338:319,323,326,327,329,332,333,336,337,339,408,409,410,:
339:333,336,337,338,348,379,381,382,413,415,:
340:334,335,341,342,343,344,345,346,:
341:331,333,334,335,340,342,343,345,346,347,:
342:335,340,341,343,344,345,346,347,:
343:335,340,341,342,344,345,346,:
344:76,78,340,342,343,345,:
345:76,335,340,341,342,343,344,346,347,348,349,379,381,382,:
346:74,340,341,342,343,345,347,348,349,382,:
347:86,131,341,342,345,346,348,349,381,382,:
348:88,131,333,339,345,346,347,349,379,381,382,383,385,:
349:86,88,130,131,132,345,346,347,348,382,:
350:351,352,353,354,355,356,357,358,359,:
351:350,352,353,355,356,357,358,359,:
352:350,351,353,354,355,356,357,358,359,360,:
353:350,351,352,354,355,356,358,359,360,361,362,363,368,:
354:350,352,353,355,358,359,360,361,362,367,368,369,:
355:350,351,352,353,354,356,357,358,359,:
356:350,351,352,353,355,357,:
357:350,351,352,355,356,:
358:350,351,352,353,354,355,359,360,361,362,363,364,368,:
359:350,351,352,353,354,355,358,360,361,363,:
360:352,353,354,358,359,361,362,363,364,365,366,368,:
361:353,354,358,359,360,362,363,364,365,367,368,373,:
362:353,354,358,360,361,363,364,367,368,369,370,372,373,374,377,384,:
363:353,358,359,360,361,362,364,365,366,:
364:358,360,361,362,363,365,366,:
365:360,361,363,364,366,384,386,:
366:360,363,364,365,:
367:354,361,362,368,369,370,371,372,373,389,:
368:353,354,358,360,361,362,367,369,370,372,373,:
369:354,362,367,368,370,371,372,373,374,389,:
370:362,367,368,369,371,372,373,374,375,376,377,388,389,406,:
371:367,369,370,372,373,374,375,376,388,389,390,391,393,405,406,410,411,413,:
372:362,367,368,369,370,371,373,374,375,376,377,378,380,384,389,406,:
373:361,362,367,368,369,370,371,372,374,375,377,378,380,384,:
374:362,369,370,371,372,373,375,376,377,378,379,380,384,389,406,:
375:370,371,372,373,374,376,377,378,388,389,405,406,:
376:370,371,372,374,375,377,388,389,391,405,406,407,408,410,:
377:362,370,372,373,374,375,376,378,379,380,381,383,384,:
378:372,373,374,375,377,379,380,381,382,383,384,385,386,417,:
379:78,335,339,345,348,374,377,378,380,381,382,383,384,385,:
380:78,372,373,374,377,378,379,381,382,383,384,385,386,387,413,414,417,:
381:78,339,345,347,348,377,378,379,380,382,383,384,385,387,417,:
382:333,335,339,345,346,347,348,349,378,379,380,381,383,385,:
383:78,348,377,378,379,380,381,382,384,385,386,387,414,415,417,:
384:362,365,372,373,374,377,378,379,380,381,383,385,386,387,413,414,417,:
385:77,78,88,90,348,378,379,380,381,382,383,384,386,387,414,415,417,:
386:365,378,380,383,384,385,387,413,414,415,416,417,:
387:77,89,90,380,381,383,384,385,386,414,415,416,417,:
388:370,371,375,376,389,390,391,392,393,394,405,406,:
389:367,369,370,371,372,374,375,376,388,390,391,393,405,406,:
390:371,388,389,391,392,393,394,395,405,406,407,:
391:371,376,388,389,390,392,393,394,405,406,407,408,409,410,:
392:388,390,391,393,394,399,400,405,406,407,408,409,:
393:371,388,389,390,391,392,394,395,396,397,398,405,406,:
394:388,390,391,392,393,395,396,397,398,399,400,405,:
395:390,393,394,396,397,398,399,400,401,402,403,:
396:267,393,394,395,397,398,399,400,401,402,403,404,:
397:266,267,268,393,394,395,396,398,399,400,402,403,404,:
398:267,269,393,394,395,396,397,399,400,401,402,403,404,426,:
399:392,394,395,396,397,398,400,401,402,403,404,426,:
400:392,394,395,396,397,398,399,401,402,404,426,:
401:395,396,398,399,400,402,403,404,423,424,425,426,:
402:267,268,269,270,271,272,273,395,396,397,398,399,400,401,403,404,411,426,428,:
403:267,268,269,270,271,272,273,274,395,396,397,398,399,401,402,404,411,426,:
404:267,268,269,270,271,272,273,274,396,397,398,399,400,401,402,403,411,412,425,426,427,428,:
405:371,375,376,388,389,390,391,392,393,394,406,407,408,409,410,411,:
406:370,371,372,374,375,376,388,389,390,391,392,393,405,407,408,410,411,:
407:376,390,391,392,405,406,408,409,410,411,412,:
408:338,376,391,392,405,406,407,409,410,411,:
409:338,391,392,405,407,408,410,:
410:338,371,376,391,405,406,407,408,409,411,412,413,:
411:330,371,402,403,404,405,406,407,408,410,412,413,414,426,:
412:4,260,328,330,404,407,410,411,413,414,415,416,417,428,:
413:4,260,339,371,380,384,386,410,411,412,414,415,416,417,:
414:4,259,260,380,383,384,385,386,387,411,412,413,415,416,417,:
415:4,259,260,339,383,385,386,387,412,413,414,416,417,:
416:1,3,4,5,12,259,260,386,387,412,413,414,415,417,:
417:4,260,378,380,381,383,384,385,386,387,412,413,414,415,416,:
418:419,420,421,422,423,424,:
419:418,420,421,422,423,:
420:418,419,421,422,423,424,425,:
421:418,419,420,422,423,424,:
422:418,419,420,421,423,424,:
423:401,418,419,420,421,422,424,425,426,427,:
424:329,330,401,418,420,421,422,423,425,426,427,428,429,:
425:271,330,401,404,420,423,424,426,427,428,429,:
426:271,398,399,400,401,402,403,404,411,423,424,425,427,428,429,:
427:255,257,271,272,273,274,330,404,423,424,425,426,428,429,:
428:255,257,271,272,273,274,330,402,404,412,424,425,426,427,429,:
429:252,253,255,257,273,330,424,425,426,427,428,:
430:431,432,433,434,435,436,:
431:430,432,433,434,435,:
432:242,430,431,433,434,435,436,437,438,:
433:242,430,431,432,434,435,436,437,:
434:430,431,432,433,435,436,:
435:320,321,323,430,431,432,433,434,436,437,438,439,441,442,:
436:320,321,322,430,432,433,434,435,437,438,439,440,441,442,443,444,:
437:192,239,241,242,322,432,433,435,436,438,439,440,441,442,443,:
438:320,321,322,432,435,436,437,439,440,441,442,443,444,445,:
439:128,129,191,192,193,234,235,236,239,435,436,437,438,440,441,442,443,445,:
440:128,129,183,190,191,192,193,234,235,236,238,239,436,437,438,439,441,443,:
441:183,192,234,235,236,322,435,436,437,438,439,440,442,443,444,445,:
442:316,317,320,321,322,435,436,437,438,439,441,443,444,445,:
443:127,177,182,183,184,234,235,236,237,436,437,438,439,440,441,442,444,445,:
444:436,438,441,442,443,445,:
445:183,438,439,441,442,443,444,:
