1:2,3,4,6,7,8,9,10,12,13,14,15,16,18,19,29,30,33,34,37,38,41,:
2:1,3,4,5,6,7,8,9,13,14,15,19,29,30,31,32,33,34,37,38,:
3:1,2,4,5,6,7,8,14,15,26,29,30,31,32,33,37,38,:
4:1,2,3,5,6,7,20,21,26,29,30,31,32,33,38,42,43,44,45,:
5:2,3,4,6,7,20,21,26,30,31,32,33,42,43,44,45,46,47,73,:
6:1,2,3,4,5,7,20,21,26,30,31,32,33,37,45,46,47,646,:
7:1,2,3,4,5,6,8,9,13,14,26,29,30,31,32,33,37,38,45,125,305,:
8:1,2,3,7,9,10,11,12,13,14,15,19,29,33,34,35,36,37,41,:
9:1,2,7,8,10,11,12,13,14,19,27,29,33,34,35,36,37,41,256,259,301,:
10:1,8,9,11,12,13,22,23,27,34,35,36,37,41,48,49,50,51,256,259,301,:
11:8,9,10,12,13,22,23,27,34,35,36,37,48,49,50,51,52,53,:
12:1,8,9,10,11,13,22,23,27,29,33,34,35,36,37,50,51,52,53,94,123,125,495,:
13:1,2,7,8,9,10,11,12,14,27,29,33,34,35,36,37,41,51,94,125,495,:
14:1,2,3,7,8,9,13,15,16,17,18,19,29,30,33,34,38,39,40,41,637,638,:
15:1,2,3,8,14,16,17,18,19,28,29,30,34,38,39,40,41,633,634,635,636,637,638,:
16:1,14,15,17,18,19,24,25,28,30,38,39,40,41,54,55,56,632,633,634,635,636,637,638,:
17:14,15,16,18,19,24,25,28,38,39,40,41,54,55,56,57,58,59,633,634,636,:
18:1,14,15,16,17,19,24,25,28,29,34,38,39,40,41,57,58,59,496,636,:
19:1,2,8,9,14,15,16,17,18,28,29,30,34,38,39,40,41,57,259,496,638,:
20:4,5,6,21,26,31,42,43,44,45,46,47,72,73,434,647,:
21:4,5,6,20,26,32,42,43,44,45,46,47,69,71,72,73,388,390,:
22:10,11,12,23,27,35,48,49,50,51,52,53,158,159,256,290,291,293,294,296,297,:
23:10,11,12,22,27,36,48,49,50,51,52,53,120,121,123,126,128,158,159,:
24:16,17,18,25,28,39,54,55,56,57,58,59,634,698,:
25:16,17,18,24,28,40,54,55,56,57,58,59,222,:
26:3,4,5,6,7,20,21,31,32,42,43,44,45,46,47,72,73,647,:
27:9,10,11,12,13,22,23,35,36,48,49,50,51,52,53,124,158,159,:
28:15,16,17,18,19,24,25,39,40,54,55,56,57,58,59,634,636,:
29:1,2,3,4,7,8,9,12,13,14,15,18,19,30,33,34,37,38,41,495,:
30:1,2,3,4,5,6,7,14,15,16,19,29,31,38,39,611,:
31:2,3,4,5,6,7,20,26,30,38,42,43,44,609,610,612,:
32:2,3,4,5,6,7,21,26,33,45,46,47,125,305,309,646,:
33:1,2,3,4,5,6,7,8,9,12,13,14,29,32,34,37,125,303,305,:
34:1,2,8,9,10,11,12,13,14,15,18,19,29,33,35,41,256,259,301,637,638,:
35:8,9,10,11,12,13,22,27,34,48,49,50,254,255,256,259,296,297,298,301,:
36:8,9,10,11,12,13,23,27,37,51,52,53,92,94,123,125,132,495,:
37:1,2,3,6,7,8,9,10,11,12,13,29,33,36,41,51,91,92,94,95,125,495,:
38:1,2,3,4,7,14,15,16,17,18,19,29,30,31,39,632,633,635,637,:
39:14,15,16,17,18,19,24,28,30,38,54,55,56,611,632,633,634,635,636,:
40:14,15,16,17,18,19,25,28,41,57,58,59,259,496,529,:
41:1,8,9,10,13,14,15,16,17,18,19,29,34,37,40,259,494,495,496,:
42:4,5,20,21,26,31,43,44,45,46,47,69,71,72,73,434,:
43:4,5,20,21,26,31,42,44,46,47,73,609,647,:
44:4,5,20,21,26,31,42,43,46,47,72,73,612,:
45:4,5,6,7,20,21,26,32,42,46,47,72,73,388,390,:
46:5,6,20,21,26,32,42,43,44,45,47,69,72,73,385,386,388,389,390,434,:
47:5,6,20,21,26,32,42,43,44,45,46,69,71,72,73,388,390,:
48:10,11,22,23,27,35,49,50,51,52,53,153,155,158,159,160,290,291,293,294,:
49:10,11,22,23,27,35,48,50,52,53,158,159,160,254,255,256,289,290,291,293,294,295,296,297,:
50:10,11,12,22,23,27,35,48,49,52,53,124,256,290,291,292,293,296,297,298,301,:
51:10,11,12,13,22,23,27,36,37,48,52,53,94,121,123,126,128,131,132,158,484,486,:
52:11,12,22,23,27,36,48,49,50,51,53,121,128,130,154,155,158,159,160,163,484,486,:
53:11,12,22,23,27,36,48,49,50,51,52,120,121,123,124,126,127,128,129,130,152,153,154,155,158,159,:
54:16,17,24,25,28,39,55,56,57,58,59,545,696,698,:
55:16,17,24,25,28,39,54,56,58,59,545,:
56:16,17,24,25,28,39,54,55,58,59,632,633,634,636,698,:
57:17,18,19,24,25,28,40,54,58,59,222,:
58:17,18,24,25,28,40,54,55,56,57,59,529,545,:
59:17,18,24,25,28,40,54,55,56,57,58,222,673,674,:
60:61,62,63,64,65,66,75,428,:
61:60,62,63,65,428,:
62:60,61,63,64,65,66,67,68,75,428,:
63:60,61,62,64,65,66,67,68,74,75,84,:
64:60,62,63,65,66,67,68,74,75,76,77,83,84,85,88,:
65:60,61,62,63,64,66,67,68,69,70,428,:
66:60,62,63,64,65,67,68,69,70,71,:
67:62,63,64,65,66,68,69,70,71,72,73,388,425,428,451,:
68:62,63,64,65,66,67,69,70,71,72,451,:
69:21,42,46,47,65,66,67,68,70,71,72,73,386,388,451,:
70:65,66,67,68,69,71,72,73,451,:
71:21,42,47,66,67,68,69,70,72,73,451,:
72:20,21,26,42,44,45,46,47,67,68,69,70,71,73,:
73:5,20,21,26,42,43,44,45,46,47,67,69,70,71,72,434,:
74:63,64,75,76,77,78,79,80,82,83,84,97,109,:
75:60,62,63,64,74,76,77,79,80,82,83,84,:
76:64,74,75,77,78,79,80,81,82,83,84,85,97,109,:
77:64,74,75,76,78,79,80,83,84,85,86,87,88,96,97,108,109,118,:
78:74,76,77,79,83,84,85,86,87,96,97,108,109,110,111,113,117,118,119,122,340,:
79:74,75,76,77,78,80,81,82,83,84,:
80:74,75,76,77,79,81,82,:
81:76,79,80,82,352,381,382,383,:
82:74,75,76,79,80,81,353,:
83:64,74,75,76,77,78,79,84,85,86,87,88,89,96,97,109,118,390,:
84:63,64,74,75,76,77,78,79,83,85,86,88,89,96,97,:
85:64,76,77,78,83,84,86,87,88,89,90,96,97,98,118,:
86:77,78,83,84,85,87,88,89,90,96,97,98,99,100,101,108,109,117,118,127,475,:
87:77,78,83,85,86,88,89,90,96,97,98,99,100,108,109,117,118,119,120,122,126,127,128,131,132,475,:
88:64,77,83,84,85,86,87,89,90,91,96,97,475,:
89:83,84,85,86,87,88,90,91,92,:
90:85,86,87,88,89,91,92,93,94,95,132,475,:
91:37,88,89,90,92,93,94,95,132,:
92:36,37,89,90,91,93,94,95,132,456,:
93:90,91,92,94,95,132,455,456,472,475,477,:
94:12,13,36,37,51,90,91,92,93,95,131,132,:
95:37,90,91,92,93,94,132,495,:
96:77,78,83,84,85,86,87,88,97,98,99,100,101,102,108,109,118,127,475,:
97:74,76,77,78,83,84,85,86,87,88,96,98,99,101,108,109,475,:
98:85,86,87,96,97,99,100,101,102,103,104,105,107,108,109,110,118,127,475,:
99:86,87,96,97,98,100,101,102,103,105,107,108,109,110,111,112,113,117,118,126,127,134,:
100:86,87,96,98,99,101,102,103,105,107,108,109,110,111,112,117,118,120,126,127,128,129,131,133,134,135,138,:
101:86,96,97,98,99,100,102,103,104,105,107,108,109,:
102:96,98,99,100,101,103,104,105,106,107,108,109,:
103:98,99,100,101,102,104,105,106,107,:
104:98,101,102,103,105,106,107,473,474,:
105:98,99,100,101,102,103,104,106,107,144,:
106:102,103,104,105,107,144,:
107:98,99,100,101,102,103,104,105,106,134,138,144,:
108:77,78,86,87,96,97,98,99,100,101,102,109,110,111,112,113,114,117,118,134,:
109:74,76,77,78,83,86,87,96,97,98,99,100,101,102,108,110,111,113,117,118,:
110:78,98,99,100,108,109,111,112,113,114,115,116,117,118,119,134,:
111:78,99,100,108,109,110,112,113,114,115,116,117,118,119,120,121,122,126,127,133,134,146,152,336,337,:
112:99,100,108,110,111,113,114,115,116,117,118,119,120,121,126,127,133,134,135,136,138,145,146,147,150,151,152,337,:
113:78,99,108,109,110,111,112,114,115,116,117,118,337,360,:
114:108,110,111,112,113,115,116,117,336,337,359,360,361,:
115:110,111,112,113,114,116,334,336,337,338,355,358,359,360,361,:
116:110,111,112,113,114,115,337,359,360,361,:
117:78,86,87,99,100,108,109,110,111,112,113,114,118,119,120,121,122,123,126,127,134,146,152,336,337,:
118:77,78,83,85,86,87,96,98,99,100,108,109,110,111,112,113,117,119,120,122,126,127,337,:
119:78,87,110,111,112,117,118,120,121,122,123,124,125,126,127,128,134,146,151,152,334,336,337,338,:
120:23,53,87,100,111,112,117,118,119,121,122,123,124,126,127,128,129,130,131,133,134,145,146,151,152,154,:
121:23,51,52,53,111,112,117,119,120,122,123,124,126,127,128,129,130,133,134,145,146,147,148,150,151,152,153,154,158,:
122:78,87,111,117,118,119,120,121,123,124,125,126,127,335,338,340,:
123:12,23,36,51,53,117,119,120,121,122,124,125,126,127,:
124:27,50,53,119,120,121,122,123,125,152,303,332,333,335,339,:
125:7,12,13,32,33,36,37,119,122,123,124,303,305,:
126:23,51,53,87,99,100,111,112,117,118,119,120,121,122,123,127,128,129,130,131,132,133,134,146,152,:
127:53,86,87,96,98,99,100,111,112,117,118,119,120,121,122,123,126,128,129,131,132,133,134,:
128:23,51,52,53,87,100,119,120,121,126,127,129,130,131,132,133,134,135,146,154,:
129:53,100,120,121,126,127,128,130,131,133,134,135,136,137,138,145,146,153,154,163,168,:
130:52,53,120,121,126,128,129,131,133,134,135,136,137,145,146,153,154,155,156,158,162,163,164,167,168,:
131:51,87,94,100,120,126,127,128,129,130,132,133,134,475,:
132:36,51,87,90,91,92,93,94,95,126,127,128,131,475,:
133:100,111,112,120,121,126,127,128,129,130,131,134,135,136,137,138,139,144,145,146,154,:
134:99,100,107,108,110,111,112,117,119,120,121,126,127,128,129,130,131,133,135,136,138,145,146,:
135:100,112,128,129,130,133,134,136,137,138,139,140,142,144,145,146,147,154,:
136:112,129,130,133,134,135,137,138,139,140,142,144,145,146,147,148,150,153,154,163,172,:
137:129,130,133,135,136,138,139,140,141,142,144,145,146,147,148,153,154,163,172,177,178,:
138:100,107,112,129,133,134,135,136,137,139,140,141,142,143,144,145,146,:
139:133,135,136,137,138,140,141,142,143,144,145,:
140:135,136,137,138,139,141,142,143,144,:
141:137,138,139,140,142,143,144,:
142:135,136,137,138,139,140,141,143,144,:
143:138,139,140,141,142,144,:
144:105,106,107,133,135,136,137,138,139,140,141,142,143,:
145:112,120,121,129,130,133,134,135,136,137,138,139,146,147,148,149,150,151,152,153,154,:
146:111,112,117,119,120,121,126,128,129,130,133,134,135,136,137,138,145,147,148,150,151,152,153,154,:
147:112,121,135,136,137,145,146,148,149,150,151,152,153,154,155,179,:
148:121,136,137,145,146,147,149,150,151,152,153,154,155,156,157,158,162,163,172,:
149:145,147,148,150,151,152,153,154,155,156,157,172,176,177,179,181,189,:
150:112,121,136,145,146,147,148,149,151,152,153,154,334,:
151:112,119,120,121,145,146,147,148,149,150,152,153,154,332,333,334,:
152:53,111,112,117,119,120,121,124,126,145,146,147,148,149,150,151,153,154,333,334,:
153:48,53,121,129,130,136,137,145,146,147,148,149,150,151,152,154,155,156,157,158,159,162,163,171,172,:
154:52,53,120,121,128,129,130,133,135,136,137,145,146,147,148,149,150,151,152,153,155,156,158,159,162,163,172,:
155:48,52,53,130,147,148,149,153,154,156,157,158,159,160,162,163,164,171,172,181,189,:
156:130,148,149,153,154,155,157,158,159,160,162,163,164,165,166,167,171,172,173,180,181,191,:
157:148,149,153,155,156,158,159,160,162,163,164,165,166,171,172,173,174,180,181,182,183,185,190,191,:
158:22,23,27,48,49,51,52,53,121,130,148,153,154,155,156,157,159,160,162,163,293,:
159:22,23,27,48,49,52,53,153,154,155,156,157,158,160,161,162,163,164,486,487,:
160:48,49,52,155,156,157,158,159,161,294,295,:
161:159,160,195,486,487,:
162:130,148,153,154,155,156,157,158,159,163,164,165,166,167,168,169,170,171,172,181,:
163:52,129,130,136,137,148,153,154,155,156,157,158,159,162,164,165,167,168,170,171,172,:
164:130,155,156,157,159,162,163,165,166,167,168,169,170,171,172,173,191,:
165:156,157,162,163,164,166,167,168,169,171,172,173,174,175,176,180,181,190,191,:
166:156,157,162,164,165,167,169,171,172,173,174,175,180,190,191,195,:
167:130,156,162,163,164,165,166,168,169,170,171,172,:
168:129,130,162,163,164,165,167,169,170,:
169:162,164,165,166,167,168,170,:
170:162,163,164,167,168,169,486,487,:
171:153,155,156,157,162,163,164,165,166,167,172,173,174,175,176,177,180,181,191,:
172:136,137,148,149,153,154,155,156,157,162,163,164,165,166,167,171,173,174,176,177,180,181,191,:
173:156,157,164,165,166,171,172,174,175,176,177,180,181,182,191,:
174:157,165,166,171,172,173,175,176,177,180,181,182,183,185,190,191,:
175:165,166,171,173,174,176,180,181,182,183,190,191,194,:
176:149,165,171,172,173,174,175,177,178,179,180,181,:
177:137,149,171,172,173,174,176,178,179,:
178:137,176,177,179,:
179:147,149,176,177,178,:
180:156,157,165,166,171,172,173,174,175,176,181,182,183,184,185,186,190,191,:
181:149,155,156,157,162,165,171,172,173,174,175,176,180,182,183,185,186,187,189,190,191,:
182:157,173,174,175,180,181,183,184,185,186,187,190,191,192,:
183:157,174,175,180,181,182,184,185,186,190,191,192,193,194,195,:
184:180,182,183,185,190,191,192,193,194,:
185:157,174,180,181,182,183,184,186,187,188,189,190,191,294,:
186:180,181,182,183,185,187,188,189,:
187:181,182,185,186,188,189,294,:
188:185,186,187,189,325,:
189:149,155,181,185,186,187,188,290,293,294,295,:
190:157,165,166,174,175,180,181,182,183,184,185,191,192,193,194,195,196,:
191:156,157,164,165,166,171,172,173,174,175,180,181,182,183,184,185,190,192,193,194,195,:
192:182,183,184,190,191,193,194,195,196,197,:
193:183,184,190,191,192,194,195,196,197,:
194:175,183,184,190,191,192,193,195,196,:
195:161,166,183,190,191,192,193,194,196,197,198,:
196:190,192,193,194,195,197,198,:
197:192,193,195,196,198,:
198:195,196,197,:
199:200,201,202,203,204,206,:
200:199,201,202,204,:
201:199,200,202,203,204,206,:
202:199,200,201,203,204,205,206,215,221,:
203:199,201,202,204,205,206,207,208,210,214,215,216,219,220,221,521,:
204:199,200,201,202,203,:
205:202,203,206,207,208,209,210,211,214,215,224,241,:
206:199,201,202,203,205,207,208,210,211,214,215,:
207:203,205,206,208,209,210,211,214,215,216,224,241,:
208:203,205,206,207,209,210,211,214,215,216,217,218,219,221,223,224,240,241,253,:
209:205,207,208,210,214,215,216,217,218,223,224,240,241,242,243,245,252,253,254,257,258,260,:
210:203,205,206,207,208,209,211,212,213,214,215,:
211:205,206,207,208,210,212,213,:
212:210,211,213,:
213:210,211,212,:
214:203,205,206,207,208,209,210,215,216,217,218,219,220,221,222,223,224,241,253,522,:
215:202,203,205,206,207,208,209,210,214,216,217,219,220,221,223,224,:
216:203,207,208,209,214,215,217,218,219,220,221,222,223,224,225,241,253,:
217:208,209,214,215,216,218,219,220,222,223,224,225,226,227,228,240,241,252,253,261,262,663,:
218:208,209,214,216,217,219,222,223,224,225,226,227,240,241,243,252,253,254,255,257,261,262,263,266,663,:
219:203,208,214,215,216,217,218,220,221,222,223,224,689,:
220:203,214,215,216,217,219,221,222,520,521,522,689,:
221:202,203,208,214,215,216,219,220,222,520,521,522,689,:
222:25,57,59,214,216,217,218,219,220,221,223,663,674,:
223:208,209,214,215,216,217,218,219,222,224,225,226,227,228,229,240,241,253,262,663,665,:
224:205,207,208,209,214,215,216,217,218,219,223,225,226,228,240,241,663,665,:
225:216,217,218,223,224,226,227,228,229,230,240,241,242,253,262,661,663,665,:
226:217,218,223,224,225,227,228,229,240,241,242,243,244,245,252,253,261,262,278,:
227:217,218,223,225,226,228,229,240,241,242,243,244,252,253,261,262,263,264,266,277,278,279,282,283,284,285,286,287,:
228:217,223,224,225,226,227,229,230,231,232,233,240,241,663,665,:
229:223,225,226,227,228,230,231,232,233,234,235,240,286,:
230:225,228,229,231,232,233,234,235,236,237,238,:
231:228,229,230,232,233,234,235,236,237,238,239,:
232:228,229,230,231,233,234,235,237,238,239,:
233:228,229,230,231,232,234,235,236,237,238,239,662,:
234:229,230,231,232,233,235,236,237,238,239,662,:
235:229,230,231,232,233,234,236,237,239,286,:
236:230,231,233,234,235,237,238,239,:
237:230,231,232,233,234,235,236,238,239,662,664,:
238:230,231,232,233,234,236,237,239,664,:
239:231,232,233,234,235,236,237,238,662,:
240:208,209,217,218,223,224,225,226,227,228,229,241,242,243,244,245,246,247,252,253,262,278,:
241:205,207,208,209,214,216,217,218,223,224,225,226,227,228,240,242,243,245,246,247,248,252,253,:
242:209,225,226,227,240,241,243,244,245,246,247,248,252,253,254,262,278,:
243:209,218,226,227,240,241,242,244,245,246,252,253,254,255,256,257,261,262,277,278,289,294,295,:
244:226,227,240,242,243,245,252,253,254,255,256,261,262,277,278,279,280,282,288,289,290,293,294,295,:
245:209,226,240,241,242,243,244,246,247,248,249,250,252,253,:
246:240,241,242,243,245,247,248,249,250,251,:
247:240,241,242,245,246,248,249,250,251,:
248:241,242,245,246,247,249,250,251,:
249:245,246,247,248,250,251,:
250:245,246,247,248,249,251,:
251:246,247,248,249,250,:
252:209,217,218,226,227,240,241,242,243,244,245,253,254,255,256,257,258,259,261,262,278,289,295,:
253:208,209,214,216,217,218,223,225,226,227,240,241,242,243,244,245,252,254,255,257,258,261,262,:
254:35,49,209,218,242,243,244,252,253,255,256,257,258,259,260,261,262,263,289,:
255:35,49,218,243,244,252,253,254,256,257,258,259,261,262,263,264,265,266,277,278,288,289,297,:
256:9,10,22,34,35,49,50,243,244,252,254,255,257,259,261,262,263,264,265,277,278,288,289,290,291,293,295,296,297,298,301,:
257:209,218,243,252,253,254,255,256,258,259,260,261,262,:
258:209,252,253,254,255,257,259,260,:
259:9,10,19,34,35,40,41,252,254,255,256,257,258,260,261,262,:
260:209,254,257,258,259,494,496,522,:
261:217,218,226,227,243,244,252,253,254,255,256,257,259,262,263,264,265,266,267,277,278,289,297,:
262:217,218,223,225,226,227,240,242,243,244,252,253,254,255,256,257,259,261,263,264,266,277,278,:
263:218,227,254,255,256,261,262,264,265,266,267,268,269,277,278,279,289,297,:
264:227,255,256,261,262,263,265,266,267,268,277,278,279,280,281,282,287,288,289,296,297,311,:
265:255,256,261,263,264,266,267,268,277,278,279,280,281,287,288,289,291,296,297,298,299,301,310,311,312,315,316,:
266:218,227,255,261,262,263,264,265,267,268,269,270,272,273,277,278,661,:
267:261,263,264,265,266,268,269,270,271,272,273,274,275,277,278,287,661,:
268:263,264,265,266,267,269,270,271,272,273,274,277,278,285,286,287,659,:
269:263,266,267,268,270,271,272,273,274,275,276,:
270:266,267,268,269,271,272,273,274,276,287,316,654,655,656,659,:
271:267,268,269,270,272,274,287,654,655,659,:
272:266,267,268,269,270,271,273,274,275,276,654,655,656,:
273:266,267,268,269,270,272,274,275,276,636,638,674,:
274:267,268,269,270,271,272,273,275,276,654,655,:
275:267,269,272,273,274,276,631,648,650,653,671,672,:
276:269,270,272,273,274,275,648,649,650,:
277:227,243,244,255,256,261,262,263,264,265,266,267,268,278,279,280,281,282,283,285,286,287,288,289,297,311,:
278:226,227,240,242,243,244,252,255,256,261,262,263,264,265,266,267,268,277,279,280,282,283,284,285,286,287,288,289,:
279:227,244,263,264,265,277,278,280,281,282,283,284,285,286,287,288,289,290,297,311,:
280:244,264,265,277,278,279,281,282,283,287,288,289,290,291,292,293,295,296,297,310,311,320,326,:
281:264,265,277,279,280,282,288,289,290,291,292,296,297,310,311,312,313,315,319,320,321,324,325,326,:
282:227,244,264,277,278,279,280,281,283,284,285,286,287,288,289,:
283:227,277,278,279,280,282,284,285,286,287,:
284:227,278,279,282,283,285,286,287,:
285:227,268,277,278,279,282,283,284,286,287,:
286:227,229,235,268,277,278,279,282,283,284,285,287,:
287:227,264,265,267,268,270,271,277,278,279,280,282,283,284,285,286,:
288:244,255,256,264,265,277,278,279,280,281,282,289,290,291,292,293,294,295,296,297,311,320,326,:
289:49,243,244,252,254,255,256,261,263,264,265,277,278,279,280,281,282,288,290,291,293,294,295,296,297,:
290:22,48,49,50,189,244,256,279,280,281,288,289,291,292,293,294,295,296,297,298,320,326,:
291:22,48,49,50,256,265,280,281,288,289,290,292,293,294,295,296,297,298,299,300,301,310,311,319,320,328,:
292:50,280,281,288,290,291,293,296,297,298,299,300,310,311,319,320,321,322,324,327,328,329,332,344,:
293:22,48,49,50,158,189,244,256,280,288,289,290,291,292,294,295,296,297,:
294:22,48,49,160,185,187,189,243,244,288,289,290,291,293,295,:
295:49,160,189,243,244,252,256,280,288,289,290,291,293,294,:
296:22,35,49,50,256,264,265,280,281,288,289,290,291,292,293,297,298,299,300,301,302,310,311,320,328,:
297:22,35,49,50,255,256,261,263,264,265,277,279,280,281,288,289,290,291,292,293,296,298,299,301,310,311,:
298:35,50,256,265,290,291,292,296,297,299,300,301,302,303,304,310,311,312,328,:
299:265,291,292,296,297,298,300,301,302,303,304,310,311,312,313,314,315,319,320,328,344,:
300:291,292,296,298,299,301,302,303,304,310,311,312,313,314,319,320,327,328,329,330,332,343,344,345,:
301:9,10,34,35,50,256,265,291,296,297,298,299,300,302,303,304,305,306,310,311,:
302:296,298,299,300,301,303,304,305,306,307,310,:
303:33,124,125,298,299,300,301,302,304,305,306,307,308,309,:
304:298,299,300,301,302,303,305,306,307,308,310,653,:
305:7,32,33,125,301,302,303,304,306,307,308,309,:
306:301,302,303,304,305,307,308,309,373,646,653,:
307:302,303,304,305,306,308,309,373,646,:
308:303,304,305,306,307,309,371,373,375,389,646,:
309:32,303,305,306,307,308,341,373,389,646,:
310:265,280,281,291,292,296,297,298,299,300,301,302,304,311,312,313,314,315,316,317,318,319,320,328,344,:
311:264,265,277,279,280,281,288,291,292,296,297,298,299,300,301,310,312,313,315,316,318,319,320,:
312:265,281,298,299,300,310,311,313,314,315,316,317,318,319,320,321,344,:
313:281,299,300,310,311,312,314,315,316,317,319,320,321,322,323,324,326,327,328,343,344,:
314:299,300,310,312,313,315,317,319,320,321,322,323,327,328,330,343,344,345,346,:
315:265,281,299,310,311,312,313,314,316,317,318,319,320,:
316:265,270,310,311,312,313,315,317,318,:
317:310,312,313,314,315,316,318,319,320,:
318:310,311,312,315,316,317,650,652,:
319:281,291,292,299,300,310,311,312,313,314,315,317,320,321,322,323,324,325,326,327,328,344,:
320:280,281,288,290,291,292,296,299,300,310,311,312,313,314,315,317,319,321,322,324,325,326,327,328,:
321:281,292,312,313,314,319,320,322,323,324,325,326,327,328,329,344,:
322:292,313,314,319,320,321,323,324,325,326,327,328,329,330,331,332,343,344,:
323:313,314,319,321,322,324,327,328,329,330,331,343,344,:
324:281,292,313,319,320,321,322,323,325,326,327,328,:
325:188,281,319,320,321,322,324,326,:
326:280,281,288,290,313,319,320,321,322,324,325,:
327:292,300,313,314,319,320,321,322,323,324,328,329,330,331,332,333,343,344,:
328:291,292,296,298,299,300,310,313,314,319,320,321,322,323,324,327,329,330,332,333,343,344,:
329:292,300,321,322,323,327,328,330,331,332,333,334,335,343,344,345,:
330:300,314,322,323,327,328,329,331,332,333,334,335,339,343,344,345,346,347,:
331:322,323,327,329,330,332,333,334,335,343,344,345,346,347,:
332:124,151,292,300,322,327,328,329,330,331,333,334,335,336,338,339,343,344,:
333:124,151,152,327,328,329,330,331,332,334,335,336,337,338,339,340,341,343,344,:
334:115,119,150,151,152,329,330,331,332,333,335,336,337,338,339,340,:
335:122,124,329,330,331,332,333,334,336,337,338,339,340,341,342,343,:
336:111,114,115,117,119,332,333,334,335,337,338,339,340,342,360,:
337:111,112,113,114,115,116,117,118,119,333,334,335,336,338,340,360,:
338:115,119,122,332,333,334,335,336,337,339,340,341,342,:
339:124,330,332,333,334,335,336,338,340,341,342,343,344,:
340:78,122,333,334,335,336,337,338,339,341,342,353,:
341:309,333,335,338,339,340,342,367,370,:
342:335,336,338,339,340,341,351,352,353,365,367,:
343:300,313,314,322,323,327,328,329,330,331,332,333,335,339,344,345,346,347,:
344:292,299,300,310,312,313,314,319,321,322,323,327,328,329,330,331,332,333,339,343,345,346,:
345:300,314,329,330,331,343,344,346,347,:
346:314,330,331,343,344,345,347,:
347:330,331,343,345,346,:
348:349,350,351,352,353,354,365,366,377,:
349:348,350,351,353,354,365,366,:
350:348,349,351,352,353,354,355,365,366,367,377,:
351:342,348,349,350,352,353,354,365,366,367,368,369,370,376,377,383,:
352:81,342,348,350,351,353,365,366,367,368,369,376,377,378,379,381,382,383,384,387,389,:
353:82,340,342,348,349,350,351,352,354,355,356,365,366,:
354:348,349,350,351,353,355,356,357,358,:
355:115,350,353,354,356,357,358,359,360,361,362,:
356:353,354,355,357,358,359,360,361,362,363,364,:
357:354,355,356,358,359,360,362,363,364,:
358:115,354,355,356,357,359,360,361,362,363,364,:
359:114,115,116,355,356,357,358,360,361,362,363,364,:
360:113,114,115,116,336,337,355,356,357,358,359,361,362,364,:
361:114,115,116,355,356,358,359,360,362,363,364,:
362:355,356,357,358,359,360,361,363,364,:
363:356,357,358,359,361,362,364,:
364:356,357,358,359,360,361,362,363,:
365:342,348,349,350,351,352,353,366,367,368,369,370,371,377,383,:
366:348,349,350,351,352,353,365,367,368,370,371,377,:
367:341,342,350,351,352,365,366,368,369,370,371,372,373,377,383,389,:
368:351,352,365,366,367,369,370,371,372,373,374,376,377,382,383,389,392,:
369:351,352,365,367,368,370,371,372,373,374,375,376,377,382,383,389,391,392,396,397,:
370:341,351,365,366,367,368,369,371,372,373,374,375,:
371:308,365,366,367,368,369,370,372,373,374,375,:
372:367,368,369,370,371,373,374,375,:
373:306,307,308,309,367,368,369,370,371,372,374,375,:
374:368,369,370,371,372,373,375,:
375:308,369,370,371,372,373,374,397,398,:
376:351,352,368,369,377,378,379,380,381,382,383,392,409,:
377:348,350,351,352,365,366,367,368,369,376,378,379,381,382,383,:
378:352,376,377,379,380,381,382,383,384,392,409,:
379:352,376,377,378,380,381,382,383,384,385,387,391,392,408,409,421,427,:
380:376,378,379,381,382,383,384,385,386,391,392,408,409,410,411,413,420,421,422,425,426,427,:
381:81,352,376,377,378,379,380,382,383,:
382:81,352,368,369,376,377,378,379,380,381,383,384,385,386,387,388,389,391,392,409,421,:
383:81,351,352,365,367,368,369,376,377,378,379,380,381,382,384,385,387,389,391,392,:
384:352,378,379,380,382,383,385,386,387,388,389,390,391,392,393,421,:
385:46,379,380,382,383,384,386,387,388,389,391,392,393,394,395,396,408,409,420,421,430,:
386:46,69,380,382,384,385,387,388,389,391,392,393,394,395,408,409,420,421,422,423,425,429,430,431,434,:
387:352,379,382,383,384,385,386,388,389,390,391,392,:
388:21,45,46,47,67,69,382,384,385,386,387,389,390,:
389:46,308,309,352,367,368,369,382,383,384,385,386,387,388,390,391,392,:
390:21,45,46,47,83,384,387,388,389,:
391:369,379,380,382,383,384,385,386,387,389,392,393,394,395,396,397,408,409,421,430,:
392:368,369,376,378,379,380,382,383,384,385,386,387,389,391,393,394,396,397,408,409,421,:
393:384,385,386,391,392,394,395,396,397,398,400,408,409,410,421,430,:
394:385,386,391,392,393,395,396,397,408,409,410,411,412,413,420,421,429,430,436,:
395:385,386,391,393,394,396,408,409,410,411,412,420,421,429,430,431,432,434,435,436,441,442,:
396:369,385,391,392,393,394,395,397,398,399,400,408,409,:
397:369,375,391,392,393,394,396,398,399,400,401,:
398:375,393,396,397,399,400,401,402,403,404,405,406,:
399:396,397,398,400,401,402,403,404,405,406,407,644,:
400:393,396,397,398,399,401,402,403,405,406,407,644,645,647,:
401:397,398,399,400,402,403,404,405,406,407,644,:
402:398,399,400,401,403,404,405,406,407,643,:
403:398,399,400,401,402,404,405,407,643,:
404:398,399,401,402,403,405,406,407,:
405:398,399,400,401,402,403,404,406,407,617,644,:
406:398,399,400,401,402,404,405,407,615,617,644,:
407:399,400,401,402,403,404,405,406,617,:
408:379,380,385,386,391,392,393,394,395,396,409,410,411,412,413,414,415,420,421,430,:
409:376,378,379,380,382,385,386,391,392,393,394,395,396,408,410,411,413,414,420,421,:
410:380,393,394,395,408,409,411,412,413,414,415,416,417,419,420,421,422,430,436,:
411:380,394,395,408,409,410,412,413,414,420,421,422,423,424,425,429,430,435,436,442,:
412:394,395,408,410,411,413,414,419,420,421,422,423,424,429,430,435,436,437,438,442,:
413:380,394,408,409,410,411,412,414,415,416,417,419,420,421,:
414:408,409,410,411,412,413,415,416,417,418,419,:
415:408,410,413,414,416,417,418,419,:
416:410,413,414,415,417,418,419,:
417:410,413,414,415,416,418,419,442,:
418:414,415,416,417,419,442,:
419:410,412,413,414,415,416,417,418,442,:
420:380,385,386,394,395,408,409,410,411,412,413,421,422,423,424,425,426,427,429,430,436,:
421:379,380,382,384,385,386,391,392,393,394,395,408,409,410,411,412,413,420,422,423,425,426,427,429,430,:
422:380,386,410,411,412,420,421,423,424,425,426,427,428,429,430,431,436,:
423:386,411,412,420,421,422,424,425,426,429,430,431,432,434,435,436,450,:
424:411,412,420,422,423,425,429,430,431,432,433,435,436,450,:
425:67,380,386,411,420,421,422,423,424,426,427,428,429,430,:
426:380,420,421,422,423,425,427,428,:
427:379,380,420,421,422,425,426,428,:
428:60,61,62,65,67,422,425,426,427,:
429:386,394,395,411,412,420,421,422,423,424,425,430,431,432,433,434,435,436,:
430:385,386,391,393,394,395,408,410,411,412,420,421,422,423,424,425,429,431,432,434,435,436,:
431:386,395,422,423,424,429,430,432,433,434,435,436,437,:
432:395,423,424,429,430,431,433,434,435,436,437,438,440,441,:
433:424,429,431,432,434,435,436,437,438,440,:
434:20,42,46,73,386,395,423,429,430,431,432,433,435,436,:
435:395,411,412,423,424,429,430,431,432,433,434,436,437,438,439,440,441,442,:
436:394,395,410,411,412,420,422,423,424,429,430,431,432,433,434,435,437,438,439,440,441,442,:
437:412,431,432,433,435,436,438,439,440,441,442,:
438:412,432,433,435,436,437,439,440,441,442,:
439:435,436,437,438,440,442,:
440:432,433,435,436,437,438,439,441,442,:
441:395,432,435,436,437,438,440,442,:
442:395,411,412,417,418,419,435,436,437,438,439,440,441,:
443:444,445,446,447,448,449,450,:
444:443,445,446,447,448,449,450,:
445:443,444,446,447,448,449,450,451,:
446:443,444,445,447,448,449,:
447:443,444,445,446,448,:
448:443,444,445,446,447,449,450,451,:
449:443,444,445,446,448,450,451,:
450:423,424,443,444,445,448,449,451,:
451:67,68,69,70,71,445,448,449,450,:
452:453,454,455,456,457,458,459,:
453:452,454,455,457,458,459,:
454:452,453,455,456,457,458,459,460,468,474,:
455:93,452,453,454,456,457,458,459,460,461,463,467,468,:
456:92,93,452,454,455,457,458,459,460,461,462,467,468,469,472,473,477,:
457:452,453,454,455,456,458,459,:
458:452,453,454,455,456,457,459,460,461,462,463,464,465,466,468,:
459:452,453,454,455,456,457,458,460,461,463,464,465,466,:
460:454,455,456,458,459,461,462,463,464,465,466,468,:
461:455,456,458,459,460,462,463,464,467,468,477,:
462:456,458,460,461,463,467,468,476,477,479,480,:
463:455,458,459,460,461,462,464,465,466,505,506,512,:
464:458,459,460,461,463,465,466,506,:
465:458,459,460,463,464,466,506,:
466:458,459,460,463,464,465,506,:
467:455,456,461,462,468,469,470,471,472,473,476,477,:
468:454,455,456,458,460,461,462,467,469,470,472,473,476,477,:
469:456,467,468,470,471,472,473,476,477,478,:
470:467,468,469,471,472,473,476,477,478,479,481,:
471:467,469,470,472,476,477,478,479,481,:
472:93,456,467,468,469,470,471,473,474,475,476,477,:
473:104,456,467,468,469,470,472,474,475,:
474:104,454,472,473,475,:
475:86,87,88,90,93,96,97,98,131,132,472,473,474,:
476:462,467,468,469,470,471,472,477,478,479,480,481,482,:
477:93,456,461,462,467,468,469,470,471,472,476,478,479,480,481,:
478:469,470,471,476,477,479,480,481,482,483,484,489,:
479:462,470,471,476,477,478,480,481,482,483,488,489,498,:
480:462,476,477,478,479,481,482,483,488,489,490,493,497,498,:
481:470,471,476,477,478,479,480,482,483,484,485,486,489,493,:
482:476,478,479,480,481,483,484,485,486,487,489,493,495,:
483:478,479,480,481,482,484,485,486,487,488,489,493,:
484:51,52,478,481,482,483,485,486,487,495,:
485:481,482,483,484,486,487,488,489,:
486:51,52,159,161,170,481,482,483,484,485,487,:
487:159,161,170,482,483,484,485,486,:
488:479,480,483,485,489,490,491,492,493,494,497,498,515,:
489:478,479,480,481,482,483,485,488,490,491,493,494,497,498,:
490:480,488,489,491,492,493,494,495,496,497,498,499,515,:
491:488,489,490,492,493,494,496,497,498,499,500,501,502,514,515,524,:
492:488,490,491,493,496,497,498,499,500,501,514,515,516,517,519,523,524,525,528,529,:
493:480,481,482,483,488,489,490,491,492,494,495,496,497,498,:
494:41,260,488,489,490,491,493,495,496,:
495:12,13,29,36,37,41,95,482,484,490,493,494,496,:
496:18,19,40,41,260,490,491,492,493,494,495,:
497:480,488,489,490,491,492,493,498,499,500,501,502,503,515,524,:
498:479,480,488,489,490,491,492,493,497,499,500,502,:
499:490,491,492,497,498,500,501,502,503,504,515,524,:
500:491,492,497,498,499,501,502,503,504,514,515,523,524,:
501:491,492,497,499,500,502,503,504,514,515,523,524,525,526,528,:
502:491,497,498,499,500,501,503,504,505,506,:
503:497,499,500,501,502,504,505,506,507,508,509,:
504:499,500,501,502,503,505,506,507,508,509,510,511,:
505:463,502,503,504,506,507,508,509,510,511,512,513,:
506:463,464,465,466,502,503,504,505,507,508,509,511,512,513,:
507:503,504,505,506,508,509,510,511,512,513,:
508:503,504,505,506,507,509,510,511,512,513,:
509:503,504,505,506,507,508,510,511,513,:
510:504,505,507,508,509,511,512,513,:
511:504,505,506,507,508,509,510,512,513,:
512:463,505,506,507,508,510,511,513,:
513:505,506,507,508,509,510,511,512,:
514:491,492,500,501,515,516,517,518,519,520,523,524,:
515:488,490,491,492,497,499,500,501,514,516,517,519,523,524,:
516:492,514,515,517,518,519,520,521,522,523,524,525,537,:
517:492,514,515,516,518,519,520,521,523,524,525,526,527,528,531,536,537,:
518:514,516,517,519,520,521,523,524,525,526,527,530,531,532,535,536,537,539,:
519:492,514,515,516,517,518,520,521,522,523,524,:
520:220,221,514,516,517,518,519,521,522,523,537,:
521:203,220,221,516,517,518,519,520,522,536,537,:
522:214,220,221,260,516,519,520,521,:
523:492,500,501,514,515,516,517,518,519,520,524,525,526,527,528,529,531,537,:
524:491,492,497,499,500,501,514,515,516,517,518,519,523,525,526,528,529,:
525:492,501,516,517,518,523,524,526,527,528,529,531,536,537,539,545,575,:
526:501,517,518,523,524,525,527,528,530,531,537,538,539,575,:
527:517,518,523,525,526,528,530,531,532,533,537,538,539,540,543,545,575,:
528:492,501,517,523,524,525,526,527,529,545,575,:
529:40,58,492,523,524,525,528,545,:
530:518,526,527,531,532,533,534,535,536,537,538,539,:
531:517,518,523,525,526,527,530,532,533,535,536,537,538,539,:
532:518,527,530,531,533,534,535,536,537,538,539,540,:
533:527,530,531,532,534,535,536,537,538,539,540,541,542,543,705,:
534:530,532,533,535,536,538,539,540,541,542,546,547,702,703,705,708,:
535:518,530,531,532,533,534,536,537,538,539,:
536:517,518,521,525,530,531,532,533,534,535,537,538,539,:
537:516,517,518,520,521,523,525,526,527,530,531,532,533,535,536,538,539,:
538:526,527,530,531,532,533,534,535,536,537,539,540,541,542,543,544,545,546,547,:
539:518,525,526,527,530,531,532,533,534,535,536,537,538,540,541,542,543,545,575,:
540:527,532,533,534,538,539,541,542,543,544,545,546,547,548,695,:
541:533,534,538,539,540,542,543,544,545,546,547,548,549,550,551,695,:
542:533,534,538,539,540,541,543,544,546,547,548,549,550,:
543:527,533,538,539,540,541,542,544,545,546,547,575,:
544:538,540,541,542,543,545,546,547,550,560,575,695,:
545:54,55,58,525,527,528,529,538,539,540,541,543,544,575,:
546:534,538,540,541,542,543,544,547,548,549,550,551,552,553,554,694,695,702,:
547:534,538,540,541,542,543,544,546,548,549,550,551,552,553,554,694,695,700,702,703,:
548:540,541,542,546,547,549,550,551,552,553,554,556,695,:
549:541,542,546,547,548,550,551,552,555,556,:
550:541,542,544,546,547,548,549,551,555,556,557,558,560,567,568,:
551:541,546,547,548,549,550,552,553,554,556,695,:
552:546,547,548,549,551,553,554,695,704,:
553:546,547,548,551,552,554,703,704,:
554:546,547,548,551,552,553,693,694,695,700,703,704,:
555:549,550,556,557,558,559,560,561,562,563,567,568,:
556:548,549,550,551,555,557,558,560,561,563,567,568,:
557:550,555,556,558,559,560,561,562,563,567,568,569,:
558:550,555,556,557,559,560,561,567,568,569,570,572,:
559:555,557,558,560,567,568,569,570,572,574,576,578,582,:
560:544,550,555,556,557,558,559,561,562,563,564,565,567,568,:
561:555,556,557,558,560,562,563,564,565,566,:
562:555,557,560,561,563,564,565,566,599,600,601,:
563:555,556,557,560,561,562,564,565,566,699,:
564:560,561,562,563,565,566,:
565:560,561,562,563,564,566,699,:
566:561,562,563,564,565,625,:
567:550,555,556,557,558,559,560,568,569,570,571,572,573,574,:
568:550,555,556,557,558,559,560,567,569,570,572,:
569:557,558,559,567,568,570,571,572,573,574,:
570:558,559,567,568,569,571,572,573,:
571:567,569,570,572,573,:
572:558,559,567,568,569,570,571,573,574,575,:
573:567,569,570,571,572,574,575,:
574:559,567,569,572,573,575,592,:
575:525,526,527,528,539,543,544,545,572,573,574,:
576:559,577,578,579,580,581,582,593,594,600,:
577:576,578,579,581,582,593,594,:
578:559,576,577,579,580,581,582,583,593,594,595,600,:
579:576,577,578,580,581,582,583,593,594,595,596,597,598,599,600,605,:
580:576,578,579,581,582,583,584,585,593,594,595,596,597,599,600,601,602,604,605,606,609,610,611,612,:
581:576,577,578,579,580,582,583,584,588,593,594,:
582:559,576,577,578,579,580,581,583,584,585,586,587,588,589,593,:
583:578,579,580,581,582,584,585,586,587,588,589,590,591,593,610,612,:
584:580,581,582,583,585,586,587,588,589,590,591,592,610,611,612,:
585:580,582,583,584,586,587,588,590,591,592,610,611,612,:
586:582,583,584,585,587,588,589,590,591,592,:
587:582,583,584,585,586,588,589,590,591,592,:
588:581,582,583,584,585,586,587,589,590,592,:
589:582,583,584,586,587,588,590,591,592,:
590:583,584,585,586,587,588,589,591,592,:
591:583,584,585,586,587,589,590,592,611,:
592:574,584,585,586,587,588,589,590,591,:
593:576,577,578,579,580,581,582,583,594,595,596,597,598,600,605,:
594:576,577,578,579,580,581,593,595,596,598,:
595:578,579,580,593,594,596,597,598,605,614,:
596:579,580,593,594,595,597,598,599,600,604,605,613,614,:
597:579,580,593,595,596,598,599,600,604,605,606,607,609,613,614,615,:
598:579,593,594,595,596,597,:
599:562,579,580,596,597,600,601,602,603,604,605,614,619,:
600:562,576,578,579,580,593,596,597,599,601,602,604,605,:
601:562,580,599,600,602,603,604,605,606,614,619,:
602:580,599,600,601,603,604,605,606,607,608,609,613,614,618,619,628,:
603:599,601,602,604,605,606,607,608,613,614,618,619,620,623,627,628,632,698,:
604:580,596,597,599,600,601,602,603,605,606,607,608,609,610,611,613,614,619,628,:
605:579,580,593,595,596,597,599,600,601,602,603,604,606,607,609,610,611,612,613,614,:
606:580,597,601,602,603,604,605,607,608,609,610,611,612,613,614,615,619,628,:
607:597,602,603,604,605,606,608,609,610,613,614,615,616,617,618,619,627,628,640,:
608:602,603,604,606,607,609,613,614,615,616,617,618,619,621,627,628,629,630,632,639,640,641,644,645,647,:
609:31,43,580,597,602,604,605,606,607,608,610,611,612,613,614,:
610:31,580,583,584,585,604,605,606,607,609,611,612,:
611:30,39,580,584,585,591,604,605,606,609,610,612,:
612:31,44,580,583,584,585,605,606,609,610,611,:
613:596,597,602,603,604,605,606,607,608,609,614,615,616,617,618,619,628,640,:
614:595,596,597,599,601,602,603,604,605,606,607,608,609,613,615,616,618,619,:
615:406,597,606,607,608,613,614,616,617,618,619,620,640,:
616:607,608,613,614,615,617,618,619,620,621,622,623,627,628,639,640,:
617:405,406,407,607,608,613,615,616,618,619,620,621,622,627,628,639,640,641,642,644,:
618:602,603,607,608,613,614,615,616,617,619,620,621,622,623,624,626,627,628,640,:
619:599,601,602,603,604,606,607,608,613,614,615,616,617,618,620,621,623,624,626,627,628,:
620:603,615,616,617,618,619,621,622,623,624,625,626,627,628,629,:
621:608,616,617,618,619,620,622,623,624,627,628,629,630,631,632,639,640,:
622:616,617,618,620,621,623,627,628,629,630,631,639,640,:
623:603,616,618,619,620,621,622,624,625,626,627,628,:
624:618,619,620,621,623,625,626,:
625:566,620,623,624,626,:
626:618,619,620,623,624,625,:
627:603,607,608,616,617,618,619,620,621,622,623,628,629,630,631,632,633,639,640,:
628:602,603,604,606,607,608,613,616,617,618,619,620,621,622,623,627,629,630,632,639,640,698,:
629:608,620,621,622,627,628,630,631,632,633,634,635,639,640,641,:
630:608,621,622,627,628,629,631,632,633,635,639,640,641,642,644,649,:
631:275,621,622,627,629,630,632,633,635,639,640,641,642,643,648,649,650,653,:
632:16,38,39,56,603,608,621,627,628,629,630,631,633,634,635,636,637,639,640,698,:
633:15,16,17,38,39,56,627,629,630,631,632,634,635,636,637,638,639,640,:
634:15,16,17,24,28,39,56,629,632,633,635,636,637,638,672,673,:
635:15,16,38,39,629,630,631,632,633,634,636,637,638,639,640,646,:
636:15,16,17,18,28,39,56,273,632,633,634,635,637,638,:
637:14,15,16,34,38,632,633,634,635,636,638,:
638:14,15,16,19,34,273,633,634,635,636,637,:
639:608,616,617,621,622,627,628,629,630,631,632,633,635,640,641,642,643,644,645,646,649,:
640:607,608,613,615,616,617,618,621,622,627,628,629,630,631,632,633,635,639,641,642,644,645,646,647,:
641:608,617,629,630,631,639,640,642,643,644,645,646,647,649,:
642:617,630,631,639,640,641,643,644,645,648,649,:
643:402,403,631,639,641,642,644,648,649,650,651,653,:
644:399,400,401,405,406,608,617,630,639,640,641,642,643,645,646,647,:
645:400,608,639,640,641,642,644,646,647,:
646:6,32,306,307,308,309,635,639,640,641,644,645,647,:
647:20,26,43,400,608,640,641,644,645,646,:
648:275,276,631,642,643,649,650,651,652,653,:
649:276,630,631,639,641,642,643,648,650,651,653,:
650:275,276,318,631,643,648,649,651,652,653,:
651:643,648,649,650,652,653,:
652:318,648,650,651,653,:
653:275,304,306,631,643,648,649,650,651,652,:
654:270,271,272,274,655,656,657,658,659,660,667,:
655:270,271,272,274,654,656,657,659,:
656:270,272,654,655,657,658,659,660,661,662,667,:
657:654,655,656,658,659,660,661,662,666,667,675,676,:
658:654,656,657,659,660,661,662,666,667,668,669,671,674,675,676,677,680,:
659:268,270,271,654,655,656,657,658,660,661,662,663,664,:
660:654,656,657,658,659,661,662,663,664,665,:
661:225,266,267,656,657,658,659,660,662,663,664,665,674,:
662:233,234,237,239,656,657,658,659,660,661,663,664,665,:
663:217,218,222,223,224,225,228,659,660,661,662,664,665,674,:
664:237,238,659,660,661,662,663,665,:
665:223,224,225,228,660,661,662,663,664,:
666:657,658,667,668,669,670,671,672,675,676,:
667:654,656,657,658,666,668,669,671,675,676,:
668:658,666,667,669,670,671,672,673,675,676,677,:
669:658,666,667,668,670,671,672,673,674,675,676,677,678,679,680,692,:
670:666,668,669,671,672,673,675,676,677,678,679,691,692,693,696,697,:
671:275,658,666,667,668,669,670,672,673,674,675,676,:
672:275,634,666,668,669,670,671,673,674,675,676,:
673:59,634,668,669,670,671,672,674,675,:
674:59,222,273,658,661,663,669,671,672,673,675,676,:
675:657,658,666,667,668,669,670,671,672,673,674,676,677,678,679,680,681,692,:
676:657,658,666,667,668,669,670,671,672,674,675,677,678,680,:
677:658,668,669,670,675,676,678,679,680,681,682,683,687,692,707,:
678:669,670,675,676,677,679,680,681,682,683,692,701,706,707,:
679:669,670,675,677,678,680,681,682,683,691,692,700,701,702,705,706,707,708,:
680:658,669,675,676,677,678,679,681,682,683,684,686,687,707,:
681:675,677,678,679,680,682,683,684,685,686,687,688,689,706,707,:
682:677,678,679,680,681,683,684,685,686,687,688,706,707,:
683:677,678,679,680,681,682,684,685,686,687,688,689,690,706,707,708,:
684:680,681,682,683,685,686,687,688,690,706,707,:
685:681,682,683,684,686,688,706,:
686:680,681,682,683,684,685,687,688,689,690,706,707,:
687:677,680,681,682,683,684,686,688,689,690,706,707,708,:
688:681,682,683,684,685,686,687,689,690,706,:
689:219,220,221,681,683,686,687,688,690,708,:
690:683,684,686,687,688,689,:
691:670,679,692,693,694,695,696,697,699,700,701,:
692:669,670,675,677,678,679,691,693,694,696,697,700,701,707,:
693:554,670,691,692,694,695,696,697,698,699,700,701,702,:
694:546,547,554,691,692,693,695,696,697,700,701,702,703,704,705,707,708,:
695:540,541,544,546,547,548,551,552,554,691,693,694,696,700,701,702,703,:
696:54,670,691,692,693,694,695,697,698,699,700,701,:
697:670,691,692,693,694,696,698,699,:
698:24,54,56,603,628,632,693,696,697,699,:
699:563,565,691,693,696,697,698,:
700:547,554,679,691,692,693,694,695,696,701,702,703,704,705,706,707,708,:
701:678,679,691,692,693,694,695,696,700,702,703,704,705,706,707,708,:
702:534,546,547,679,693,694,695,700,701,703,704,705,706,707,708,:
703:534,547,553,554,694,695,700,701,702,704,705,706,707,708,:
704:552,553,554,694,700,701,702,703,705,706,707,:
705:533,534,679,694,700,701,702,703,704,706,707,708,:
706:678,679,681,682,683,684,685,686,687,688,700,701,702,703,704,705,707,708,:
707:677,678,679,680,681,682,683,684,686,687,692,694,700,701,702,703,704,705,706,708,:
708:534,679,683,687,689,694,700,701,702,703,705,706,707,:
