1:2,3,4,5,6,7,8,9,10,11,12,13,14,26,27,28,29,30,31,33,34,493,494,495,:
2:1,3,4,5,6,7,8,9,10,11,12,15,16,19,26,27,28,31,32,33,493,494,496,:
3:1,2,4,5,6,7,8,9,11,13,17,26,27,28,29,30,31,33,34,36,436,471,492,493,:
4:1,2,3,5,6,7,8,9,13,14,17,18,26,27,28,29,30,34,35,36,493,494,495,496,497,498,:
5:1,2,3,4,6,8,10,11,12,15,19,28,31,32,33,:
6:1,2,3,4,5,10,11,12,15,16,19,20,26,27,28,32,335,494,496,:
7:1,2,3,4,8,9,11,13,14,17,21,22,26,27,29,30,31,34,36,433,436,466,469,470,471,:
8:1,2,3,4,5,7,10,11,13,29,30,31,33,433,463,464,466,471,492,:
9:1,2,3,4,7,13,14,17,18,21,22,26,27,28,29,30,34,35,36,37,495,497,:
10:1,2,5,6,8,11,12,15,16,19,20,28,32,33,379,:
11:1,2,3,5,6,7,8,10,15,29,30,31,32,33,:
12:1,2,5,6,10,15,16,19,20,26,27,28,32,38,39,335,496,:
13:1,3,4,7,8,9,14,17,18,21,22,23,24,26,27,29,30,31,34,35,36,37,41,436,471,:
14:1,4,7,9,13,17,18,21,23,26,27,34,35,36,37,44,45,495,497,:
15:2,5,6,10,11,12,16,19,20,28,32,33,38,39,379,:
16:2,6,10,12,15,19,20,28,38,39,143,335,:
17:3,4,7,9,13,14,18,21,22,23,24,25,29,30,34,35,36,37,40,41,42,45,507,:
18:4,9,13,14,17,21,22,23,24,25,27,34,35,36,37,41,43,44,45,79,:
19:2,5,6,10,12,15,16,20,32,38,39,371,379,539,597,:
20:6,10,12,15,16,19,38,39,143,539,540,:
21:7,9,13,14,17,18,22,23,24,25,29,34,35,36,37,40,41,42,43,44,45,79,80,507,:
22:7,9,13,17,18,21,23,24,29,30,34,36,40,41,42,469,470,471,:
23:13,14,17,18,21,22,24,25,34,36,37,40,41,42,43,44,45,59,78,79,80,507,:
24:13,17,18,21,22,23,25,29,34,36,40,41,42,43,59,284,469,506,:
25:17,18,21,23,24,37,41,42,43,44,45,59,78,79,80,90,250,:
26:1,2,3,4,6,7,9,12,13,14,27,28,34,35,335,:
27:1,2,3,4,6,7,9,12,13,14,18,26,28,35,493,494,495,496,497,498,:
28:1,2,3,4,5,6,9,10,12,15,16,26,27,35,335,494,496,498,:
29:1,3,4,7,8,9,11,13,17,21,22,24,30,31,34,36,42,464,466,467,468,469,470,471,492,:
30:1,3,4,7,8,9,11,13,17,22,29,31,34,36,432,433,435,436,466,469,470,471,:
31:1,2,3,5,7,8,11,13,29,30,33,432,433,436,462,463,464,465,466,469,470,471,:
32:2,5,6,10,11,12,15,19,33,377,378,379,585,586,588,:
33:1,2,3,5,8,10,11,15,31,32,378,462,463,:
34:1,3,4,7,9,13,14,17,18,21,22,23,24,26,29,30,35,36,37,41,79,80,81,436,471,:
35:4,9,13,14,17,18,21,26,27,28,34,37,497,498,:
36:3,4,7,9,13,14,17,18,21,22,23,24,29,30,34,37,40,41,42,468,469,495,500,505,506,507,:
37:9,13,14,17,18,21,23,25,34,35,36,41,43,44,45,79,90,193,195,:
38:12,15,16,19,20,39,143,539,540,553,555,:
39:12,15,16,19,20,38,140,141,143,370,371,553,555,:
40:17,21,22,23,24,36,41,42,58,59,284,469,470,472,:
41:13,17,18,21,22,23,24,25,34,36,37,40,42,43,44,45,58,59,80,284,:
42:17,21,22,23,24,25,29,36,40,41,59,284,469,505,506,507,:
43:18,21,23,24,25,37,41,44,45,59,79,80,250,251,252,:
44:14,18,21,23,25,37,41,43,45,76,78,79,80,81,90,:
45:14,17,18,21,23,25,37,41,43,44,90,195,197,198,507,:
46:47,48,49,50,51,52,61,:
47:46,48,49,51,52,:
48:46,47,49,50,51,52,53,54,61,:
49:46,47,48,50,51,52,53,54,60,61,70,:
50:46,48,49,51,52,53,54,60,61,62,63,69,70,71,74,252,:
51:46,47,48,49,50,52,53,54,55,56,:
52:46,47,48,49,50,51,53,54,55,56,57,301,:
53:48,49,50,51,52,54,55,56,57,58,59,252,275,279,280,301,:
54:48,49,50,51,52,53,55,56,57,58,301,:
55:51,52,53,54,56,57,58,59,250,252,279,280,281,284,301,:
56:51,52,53,54,55,57,58,59,301,:
57:52,53,54,55,56,58,59,301,:
58:40,41,53,54,55,56,57,59,80,284,:
59:23,24,25,40,41,42,43,53,55,56,57,58,80,281,284,:
60:49,50,61,62,63,64,65,66,68,69,70,:
61:46,48,49,50,60,62,63,65,66,69,70,:
62:50,60,61,63,64,65,66,67,68,69,70,71,:
63:50,60,61,62,64,65,66,69,70,71,72,73,74,83,:
64:60,62,63,65,69,70,71,72,73,82,83,84,87,:
65:60,61,62,63,64,66,67,68,69,70,252,:
66:60,61,62,63,65,67,68,:
67:62,65,66,68,220,:
68:60,62,65,66,67,221,222,223,:
69:50,60,61,62,63,64,65,70,71,72,73,74,75,83,252,:
70:49,50,60,61,62,63,64,65,69,71,72,74,252,:
71:50,62,63,64,69,70,72,73,74,75,76,83,:
72:63,64,69,70,71,73,74,75,76,82,83,92,:
73:63,64,69,71,72,74,75,76,82,83,84,85,87,91,92,93,96,97,:
74:50,63,69,70,71,72,73,75,76,77,:
75:69,71,72,73,74,76,77,78,:
76:44,71,72,73,74,75,77,78,79,80,81,:
77:74,75,76,78,79,80,81,:
78:23,25,44,75,76,77,79,80,81,:
79:18,21,23,25,34,37,43,44,76,77,78,80,81,:
80:21,23,25,34,41,43,44,58,59,76,77,78,79,81,:
81:34,44,76,77,78,79,80,:
82:64,72,73,83,84,85,86,87,88,91,92,209,210,213,:
83:63,64,69,71,72,73,82,84,85,87,88,91,92,213,:
84:64,73,82,83,85,86,87,88,89,90,91,92,93,209,210,211,213,:
85:73,82,83,84,86,87,88,89,91,92,93,94,95,96,99,:
86:82,84,85,87,88,89,91,92,93,94,95,98,99,100,103,104,:
87:64,73,82,83,84,85,86,88,89,90,91,92,211,213,215,:
88:82,83,84,85,86,87,89,90,91,92,:
89:84,85,86,87,88,90,104,193,195,208,212,:
90:25,37,44,45,84,87,88,89,193,195,:
91:73,82,83,84,85,86,87,88,92,93,94,95,96,97,99,:
92:72,73,82,83,84,85,86,87,88,91,93,94,96,97,:
93:73,84,85,86,91,92,94,95,96,97,99,:
94:85,86,91,92,93,95,96,98,99,:
95:85,86,91,93,94,96,98,99,100,101,103,:
96:73,85,91,92,93,94,95,97,:
97:73,91,92,93,96,:
98:86,94,95,99,100,101,102,103,104,:
99:85,86,91,93,94,95,98,100,101,103,104,:
100:86,95,98,99,101,102,103,104,:
101:95,98,99,100,102,103,104,:
102:98,100,101,103,:
103:86,95,98,99,100,101,102,104,105,106,:
104:86,89,98,99,100,101,103,105,106,:
105:103,104,106,168,319,:
106:103,104,105,319,:
107:108,109,110,111,112,113,114,127,:
108:107,109,110,112,113,114,:
109:107,108,110,111,112,113,114,115,127,:
110:107,108,109,111,112,113,114,115,116,117,118,126,127,136,141,142,:
111:107,109,110,112,113,114,115,116,117,126,127,128,129,131,135,136,137,140,141,142,:
112:107,108,109,110,111,113,114,:
113:107,108,109,110,111,112,114,115,116,117,118,119,127,136,142,:
114:107,108,109,110,111,112,113,115,116,118,119,:
115:109,110,111,113,114,116,117,118,119,120,127,136,142,556,:
116:110,111,113,114,115,117,118,119,126,127,135,136,142,145,:
117:110,111,113,115,116,118,119,126,127,135,136,137,138,140,142,144,145,146,149,531,:
118:110,113,114,115,116,117,119,120,121,554,556,:
119:113,114,115,116,117,118,120,121,122,552,554,:
120:115,118,119,121,122,123,124,125,550,551,552,:
121:118,119,120,122,123,124,125,548,550,:
122:119,120,121,123,124,125,548,550,551,:
123:120,121,122,124,125,547,548,550,551,:
124:120,121,122,123,125,:
125:120,121,122,123,124,:
126:110,111,116,117,127,128,129,130,131,132,135,136,145,:
127:107,109,110,111,113,115,116,117,126,128,129,131,135,136,:
128:111,126,127,129,130,131,132,135,136,137,145,:
129:111,126,127,128,130,131,132,135,136,137,138,139,140,141,142,144,145,162,:
130:126,128,129,131,132,135,136,137,138,139,144,145,161,162,166,167,169,:
131:111,126,127,128,129,130,132,133,134,135,136,:
132:126,128,129,130,131,133,134,135,327,:
133:131,132,134,327,:
134:131,132,133,:
135:111,116,117,126,127,128,129,130,131,132,136,137,138,139,140,141,142,143,144,145,:
136:110,111,113,115,116,117,126,127,128,129,130,131,135,137,138,140,141,142,144,145,:
137:111,117,128,129,130,135,136,138,139,140,141,142,143,144,145,146,162,:
138:117,129,130,135,136,137,139,140,141,142,143,144,145,146,147,148,149,161,162,171,529,531,:
139:129,130,135,137,138,140,143,144,145,146,147,148,161,162,163,164,166,170,171,172,175,529,:
140:39,111,117,129,135,136,137,138,139,141,142,143,144,145,555,:
141:39,110,111,129,135,136,137,138,140,142,143,328,555,556,:
142:110,111,113,115,116,117,129,135,136,137,138,140,141,143,145,328,555,:
143:16,20,38,39,135,137,138,139,140,141,142,144,529,553,555,:
144:117,129,130,135,136,137,138,139,140,143,145,146,147,148,149,150,162,171,529,531,:
145:116,117,126,128,129,130,135,136,137,138,139,140,142,144,146,147,149,529,531,:
146:117,137,138,139,144,145,147,148,149,150,151,162,171,527,529,530,531,:
147:138,139,144,145,146,148,149,150,161,162,170,171,:
148:138,139,144,146,147,149,150,161,162,170,171,172,173,175,:
149:117,138,144,145,146,147,148,150,151,152,528,529,530,531,:
150:144,146,147,148,149,151,152,153,154,156,528,530,:
151:146,149,150,152,153,154,155,156,157,158,159,528,530,:
152:149,150,151,153,154,155,156,157,158,159,160,:
153:150,151,152,154,155,156,158,159,160,:
154:150,151,152,153,155,156,157,158,159,160,:
155:151,152,153,154,156,157,158,159,160,528,:
156:150,151,152,153,154,155,157,158,160,528,530,:
157:151,152,154,155,156,158,159,160,:
158:151,152,153,154,155,156,157,159,160,:
159:151,152,153,154,155,157,158,160,:
160:152,153,154,155,156,157,158,159,:
161:130,138,139,147,148,162,163,164,165,166,167,168,170,171,:
162:129,130,137,138,139,144,146,147,148,161,163,164,166,167,169,170,171,:
163:139,161,162,164,165,166,167,168,169,170,171,172,:
164:139,161,162,163,165,166,167,168,170,171,172,173,174,175,187,:
165:161,163,164,166,168,170,171,172,173,174,186,187,188,191,:
166:130,139,161,162,163,164,165,167,168,169,170,171,:
167:130,161,162,163,164,166,168,169,:
168:105,161,163,164,165,166,167,169,170,171,318,:
169:130,162,163,166,167,168,318,327,:
170:139,147,148,161,162,163,164,165,166,168,171,172,173,174,175,176,187,:
171:138,139,144,146,147,148,161,162,163,164,165,166,168,170,172,173,175,176,:
172:139,148,163,164,165,170,171,173,174,175,176,177,178,187,:
173:148,164,165,170,171,172,174,175,176,177,178,186,187,:
174:164,165,170,172,173,175,176,177,186,187,188,189,191,:
175:139,148,164,170,171,172,173,174,176,177,178,179,181,182,527,:
176:170,171,172,173,174,175,177,178,179,180,181,182,183,184,525,527,:
177:172,173,174,175,176,178,179,180,181,182,183,525,:
178:172,173,175,176,177,179,180,181,182,183,184,185,522,:
179:175,176,177,178,180,181,182,183,185,520,521,522,525,:
180:176,177,178,179,181,183,520,521,522,525,:
181:175,176,177,178,179,180,182,183,184,185,520,521,522,525,:
182:175,176,177,178,179,181,183,184,185,496,498,540,:
183:176,177,178,179,180,181,182,184,185,520,521,522,:
184:176,178,181,182,183,185,519,537,:
185:178,179,181,182,183,184,514,516,:
186:165,173,174,187,188,189,190,191,192,201,:
187:164,165,170,172,173,174,186,188,189,191,:
188:165,174,186,187,189,190,191,192,193,194,201,:
189:174,186,187,188,190,191,192,193,194,200,201,:
190:186,188,189,191,192,193,194,200,201,202,203,205,:
191:165,174,186,187,188,189,190,192,193,194,195,196,:
192:186,188,189,190,191,193,194,195,196,197,:
193:37,89,90,188,189,190,191,192,194,195,196,197,198,:
194:188,189,190,191,192,193,195,196,197,198,199,519,:
195:37,45,89,90,191,192,193,194,196,197,198,199,:
196:191,192,193,194,195,197,198,199,241,243,519,:
197:45,192,193,194,195,196,198,199,241,243,:
198:45,193,194,195,196,197,199,239,241,242,243,251,507,:
199:194,195,196,197,198,238,239,240,241,242,243,251,:
200:189,190,201,202,203,204,205,206,:
201:186,188,189,190,200,202,203,205,:
202:190,200,201,203,204,205,206,207,208,:
203:190,200,201,202,204,205,206,207,208,212,:
204:200,202,203,205,206,207,208,212,:
205:190,200,201,202,203,204,206,207,208,209,211,212,:
206:200,202,203,204,205,207,208,209,210,211,212,213,214,:
207:202,203,204,205,206,208,209,210,211,212,213,:
208:89,202,203,204,205,206,207,209,210,211,212,213,214,215,:
209:82,84,205,206,207,208,210,211,212,213,215,228,:
210:82,84,206,207,208,209,211,213,227,228,229,:
211:84,87,205,206,207,208,209,210,212,213,214,215,:
212:89,203,204,205,206,207,208,209,211,213,214,215,:
213:82,83,84,87,206,207,208,209,210,211,212,214,215,221,223,228,:
214:206,208,211,212,213,215,233,235,:
215:87,208,209,211,212,213,214,219,221,:
216:217,218,219,220,221,222,233,234,:
217:216,218,219,221,222,233,234,:
218:216,217,219,220,221,222,223,233,234,235,:
219:215,216,217,218,220,221,222,233,234,235,236,237,238,244,245,:
220:67,216,218,219,221,233,234,235,236,237,244,245,246,249,251,:
221:68,213,215,216,217,218,219,220,222,223,224,233,234,:
222:68,216,217,218,219,221,223,224,225,226,:
223:68,213,218,221,222,224,225,226,227,228,229,230,231,:
224:221,222,223,225,226,227,228,229,230,231,232,:
225:222,223,224,226,227,228,230,231,232,:
226:222,223,224,225,227,228,229,230,231,232,:
227:210,223,224,225,226,228,229,230,231,232,:
228:209,210,213,223,224,225,226,227,229,230,232,:
229:210,223,224,226,227,228,230,231,232,:
230:223,224,225,226,227,228,229,231,232,:
231:223,224,225,226,227,229,230,232,:
232:224,225,226,227,228,229,230,231,:
233:214,216,217,218,219,220,221,234,235,236,237,238,239,245,:
234:216,217,218,219,220,221,233,235,236,238,:
235:214,218,219,220,233,234,236,237,238,239,240,241,245,251,:
236:219,220,233,234,235,237,238,239,240,241,242,244,245,251,253,254,:
237:219,220,233,235,236,238,239,240,241,242,243,244,245,246,247,249,251,253,254,255,258,:
238:199,219,233,234,235,236,237,239,240,241,242,243,:
239:198,199,233,235,236,237,238,240,241,242,243,:
240:199,235,236,237,238,239,241,242,243,:
241:196,197,198,199,235,236,237,238,239,240,242,243,251,:
242:198,199,236,237,238,239,240,241,243,:
243:196,197,198,199,237,238,239,240,241,242,:
244:219,220,236,237,245,246,247,248,249,250,251,253,254,271,:
245:219,220,233,235,236,237,244,246,247,249,251,253,254,:
246:220,237,244,245,247,248,249,250,251,252,253,254,255,271,280,:
247:237,244,245,246,248,249,250,251,253,254,255,256,257,258,270,271,279,280,:
248:244,246,247,249,250,251,253,254,255,256,257,270,271,272,273,275,279,280,281,284,:
249:220,237,244,245,246,247,248,250,251,252,253,254,:
250:25,43,55,244,246,247,248,249,251,252,253,:
251:43,198,199,220,235,236,237,241,244,245,246,247,248,249,250,252,253,254,:
252:43,50,53,55,65,69,70,246,249,250,251,:
253:236,237,244,245,246,247,248,249,250,251,254,255,256,257,258,259,271,280,:
254:236,237,244,245,246,247,248,249,251,253,255,256,258,:
255:237,246,247,248,253,254,256,257,258,259,260,271,280,506,:
256:247,248,253,254,255,257,258,259,270,271,280,286,:
257:247,248,253,255,256,258,259,270,271,279,280,284,285,286,290,291,:
258:237,247,253,254,255,256,257,259,260,261,262,:
259:253,255,256,257,258,260,261,262,263,265,:
260:255,258,259,261,262,263,264,265,266,267,268,:
261:258,259,260,262,263,264,265,266,267,268,269,503,:
262:258,259,260,261,263,264,265,267,268,269,502,504,508,:
263:259,260,261,262,264,265,266,267,268,269,510,:
264:260,261,262,263,265,266,267,268,269,:
265:259,260,261,262,263,264,266,267,269,:
266:260,261,263,264,265,267,268,269,:
267:260,261,262,263,264,265,266,268,269,508,510,513,:
268:260,261,262,263,264,266,267,269,477,508,509,510,513,:
269:261,262,263,264,265,266,267,268,510,513,:
270:247,248,256,257,271,272,273,274,275,276,277,279,280,286,:
271:244,246,247,248,253,255,256,257,270,272,273,275,276,277,278,279,280,:
272:248,270,271,273,274,275,276,277,278,279,280,281,286,:
273:248,270,271,272,274,275,276,279,280,281,282,283,284,285,286,:
274:270,272,273,275,279,280,281,282,283,285,286,287,288,300,:
275:53,248,270,271,272,273,274,276,277,278,279,280,:
276:270,271,272,273,275,277,278,:
277:270,271,272,275,276,278,:
278:271,272,275,276,277,:
279:53,55,247,248,257,270,271,272,273,274,275,280,281,282,283,284,285,286,:
280:53,55,246,247,248,253,255,256,257,270,271,272,273,274,275,279,281,282,284,285,286,:
281:55,59,248,272,273,274,279,280,282,283,284,285,286,287,:
282:273,274,279,280,281,283,284,285,286,287,288,290,:
283:273,274,279,281,282,284,285,286,287,288,290,:
284:24,40,41,42,55,58,59,248,257,273,279,280,281,282,283,285,286,506,:
285:257,273,274,279,280,281,282,283,284,286,287,288,289,290,291,292,:
286:256,257,270,272,273,274,279,280,281,282,283,284,285,287,288,289,290,291,:
287:274,281,282,283,285,286,288,289,290,291,292,:
288:274,282,283,285,286,287,289,290,291,292,:
289:285,286,287,288,290,291,292,:
290:257,282,283,285,286,287,288,289,291,292,:
291:257,285,286,287,288,289,290,292,:
292:285,287,288,289,290,291,:
293:294,295,296,297,298,299,300,:
294:293,295,296,297,298,299,300,:
295:293,294,296,297,298,299,300,301,:
296:293,294,295,297,298,299,:
297:293,294,295,296,298,:
298:293,294,295,296,297,299,300,301,:
299:293,294,295,296,298,300,301,:
300:274,293,294,295,298,299,301,:
301:52,53,54,55,56,57,295,298,299,300,:
302:303,304,305,306,307,308,309,310,:
303:302,304,305,307,308,309,310,:
304:302,303,305,306,307,308,309,310,:
305:302,303,304,306,307,308,:
306:302,304,305,307,:
307:302,303,304,305,306,308,309,310,:
308:302,303,304,305,307,309,310,440,:
309:302,303,304,307,308,310,435,437,440,:
310:302,303,304,307,308,309,:
311:312,313,314,315,316,317,321,:
312:311,313,314,316,:
313:311,312,314,315,316,317,318,319,321,:
314:311,312,313,315,316,317,318,320,321,330,:
315:311,313,314,316,317,318,320,321,322,323,325,329,330,334,335,:
316:311,312,313,314,315,317,318,319,:
317:311,313,314,315,316,318,319,:
318:168,169,313,314,315,316,317,319,335,:
319:105,106,313,316,317,318,:
320:314,315,321,322,323,324,325,326,329,330,337,348,361,362,363,:
321:311,313,314,315,320,322,323,325,326,329,330,363,:
322:315,320,321,323,324,325,326,327,328,329,330,331,337,348,361,362,363,:
323:315,320,321,322,324,325,326,328,329,330,331,332,333,334,336,337,347,348,365,:
324:320,322,323,325,326,328,329,330,331,332,333,336,337,338,339,347,348,349,352,364,365,370,371,:
325:315,320,321,322,323,324,326,327,328,329,330,362,:
326:320,321,322,323,324,325,327,328,329,330,362,:
327:132,133,169,322,325,326,328,:
328:141,142,322,323,324,325,326,327,329,330,:
329:315,320,321,322,323,324,325,326,328,330,331,332,333,334,335,336,337,348,:
330:314,315,320,321,322,323,324,325,326,328,329,331,332,334,335,336,337,:
331:322,323,324,329,330,332,333,334,335,336,337,338,348,365,370,371,:
332:323,324,329,330,331,333,334,336,337,338,339,341,343,347,348,364,365,370,371,373,379,:
333:323,324,329,331,332,334,336,337,338,339,340,347,348,349,350,364,365,366,367,369,370,371,372,373,374,377,379,:
334:315,323,329,330,331,332,333,335,336,337,:
335:6,12,16,26,28,315,318,329,330,331,334,:
336:323,324,329,330,331,332,333,334,337,338,339,340,341,342,343,347,348,365,:
337:320,322,323,324,329,330,331,332,333,334,336,338,339,341,342,343,347,348,:
338:324,331,332,333,336,337,339,340,341,342,343,344,347,348,349,365,373,409,:
339:324,332,333,336,337,338,340,341,342,347,348,349,350,352,364,365,373,:
340:333,336,338,339,341,347,348,349,350,351,364,365,373,408,409,612,613,614,:
341:332,336,337,338,339,340,342,343,344,345,346,347,348,409,:
342:336,337,338,339,341,343,344,345,346,409,:
343:332,336,337,338,341,342,344,345,346,:
344:338,341,342,343,345,346,409,:
345:341,342,343,344,346,434,435,437,438,439,440,:
346:341,342,343,344,345,438,439,440,:
347:323,324,332,333,336,337,338,339,340,341,348,349,350,351,352,353,364,365,373,:
348:320,322,323,324,329,331,332,333,336,337,338,339,340,341,347,349,350,352,353,364,365,:
349:324,333,338,339,340,347,348,350,351,352,353,354,364,365,366,:
350:333,339,340,347,348,349,351,352,353,364,365,366,367,369,370,372,373,607,608,612,613,614,:
351:340,347,349,350,352,364,365,366,367,369,373,605,606,607,608,609,610,611,612,613,614,:
352:324,339,347,348,349,350,351,353,354,355,356,364,365,:
353:347,348,349,350,352,354,355,356,357,358,359,:
354:349,352,353,355,356,357,358,359,360,361,362,:
355:352,353,354,356,357,358,359,360,361,362,363,:
356:352,353,354,355,357,358,359,361,362,363,:
357:353,354,355,356,358,359,360,361,362,363,:
358:353,354,355,356,357,359,360,361,362,363,:
359:353,354,355,356,357,358,360,361,363,:
360:354,355,357,358,359,361,362,363,:
361:320,322,354,355,356,357,358,359,360,362,363,:
362:320,322,325,326,354,355,356,357,358,360,361,363,:
363:320,321,322,355,356,357,358,359,360,361,362,:
364:324,332,333,339,340,347,348,349,350,351,352,365,366,367,368,369,370,371,372,373,613,:
365:323,324,331,332,333,336,338,339,340,347,348,349,350,351,352,364,366,367,369,370,371,372,373,:
366:333,349,350,351,364,365,367,368,369,370,371,372,373,374,599,607,613,:
367:333,350,351,364,365,366,368,369,370,371,372,373,374,375,376,377,380,381,599,606,607,613,:
368:364,366,367,369,371,372,373,374,375,376,380,381,591,592,594,597,598,599,600,603,604,606,607,613,:
369:333,350,351,364,365,366,367,368,370,371,372,373,556,597,:
370:39,324,331,332,333,350,364,365,366,367,369,371,372,373,:
371:19,39,324,331,332,333,364,365,366,367,368,369,370,372,373,374,379,:
372:333,350,364,365,366,367,368,369,370,371,373,374,375,376,377,378,379,380,381,607,613,:
373:332,333,338,339,340,347,350,351,364,365,366,367,368,369,370,371,372,374,375,376,377,379,613,:
374:333,366,367,368,371,372,373,375,376,377,378,379,380,381,382,584,613,:
375:367,368,372,373,374,376,377,378,379,380,381,382,383,384,385,584,607,613,:
376:367,368,372,373,374,375,377,378,380,381,382,383,384,408,606,607,612,613,614,:
377:32,333,367,372,373,374,375,376,378,379,380,381,:
378:32,33,372,374,375,376,377,379,380,381,384,394,584,:
379:10,15,19,32,332,333,371,372,373,374,375,377,378,:
380:367,368,372,374,375,376,377,378,381,382,383,384,385,386,387,583,584,599,:
381:367,368,372,374,375,376,377,378,380,382,383,384,385,386,387,583,584,589,591,592,598,599,:
382:374,375,376,380,381,383,384,385,386,387,388,390,584,:
383:375,376,380,381,382,384,385,386,389,390,:
384:375,376,378,380,381,382,383,385,389,390,391,392,394,401,402,407,:
385:375,380,381,382,383,384,386,387,388,390,397,584,:
386:380,381,382,383,385,387,388,584,593,:
387:380,381,382,385,386,388,592,593,598,600,:
388:382,385,386,387,399,578,583,584,593,:
389:383,384,390,391,392,393,394,395,396,397,401,402,:
390:382,383,384,385,389,391,392,394,395,396,397,401,402,:
391:384,389,390,392,393,394,395,396,397,401,402,403,:
392:384,389,390,391,393,394,395,401,402,403,404,406,407,426,:
393:389,391,392,394,401,402,403,404,426,429,431,:
394:378,384,389,390,391,392,393,395,396,397,398,399,401,402,:
395:389,390,391,392,394,396,397,398,399,400,461,:
396:389,390,391,394,395,397,398,399,400,459,460,461,:
397:385,389,390,391,394,395,396,398,399,400,584,:
398:394,395,396,397,399,400,485,:
399:388,394,395,396,397,398,400,578,587,:
400:395,396,397,398,399,485,:
401:384,389,390,391,392,393,394,402,403,404,405,406,407,:
402:384,389,390,391,392,393,394,401,403,404,406,407,:
403:391,392,393,401,402,404,405,406,407,:
404:392,393,401,402,403,405,406,407,:
405:401,403,404,406,:
406:392,401,402,403,404,405,407,408,409,:
407:384,392,401,402,403,404,406,408,409,:
408:340,376,406,407,409,:
409:338,340,341,342,344,406,407,408,:
410:411,412,413,414,415,416,417,418,424,425,:
411:410,412,413,415,416,418,424,425,:
412:410,411,413,414,415,416,417,418,424,425,426,442,448,:
413:410,411,412,414,415,416,424,425,426,427,428,429,441,442,447,448,460,:
414:410,412,413,415,424,425,426,427,428,441,442,444,447,448,449,450,452,459,460,461,:
415:410,411,412,413,414,416,417,418,419,420,424,425,:
416:410,411,412,413,415,417,418,419,420,421,:
417:410,412,415,416,418,419,420,421,422,423,:
418:410,411,412,415,416,417,419,420,421,422,:
419:415,416,417,418,420,421,422,423,:
420:415,416,417,418,419,421,422,423,:
421:416,417,418,419,420,422,423,:
422:417,418,419,420,421,423,:
423:417,419,420,421,422,:
424:410,411,412,413,414,415,425,426,427,428,429,430,441,442,448,460,:
425:410,411,412,413,414,415,424,426,427,429,441,442,:
426:392,393,412,413,414,424,425,427,428,429,430,431,441,442,443,448,460,:
427:413,414,424,425,426,428,429,430,431,441,442,443,444,445,446,447,448,459,460,465,472,:
428:413,414,424,426,427,429,430,431,432,433,441,442,443,444,445,447,448,450,459,460,461,462,464,465,466,469,470,471,472,:
429:393,413,424,425,426,427,428,430,431,432,439,441,442,:
430:424,426,427,428,429,431,432,433,434,438,439,441,442,472,:
431:393,426,427,428,429,430,432,433,434,435,438,439,440,471,:
432:30,31,428,429,430,431,433,434,435,436,437,438,439,440,470,471,472,:
433:7,8,30,31,428,430,431,432,434,435,436,437,438,439,465,470,471,472,:
434:345,430,431,432,433,435,436,437,438,439,440,471,:
435:30,309,345,431,432,433,434,436,437,438,439,440,471,:
436:3,7,13,30,31,34,432,433,434,435,437,438,440,470,471,:
437:309,345,432,433,434,435,436,438,439,440,:
438:345,346,430,431,432,433,434,435,436,437,439,440,:
439:345,346,429,430,431,432,433,434,435,437,438,440,:
440:308,309,345,346,431,432,434,435,436,437,438,439,:
441:413,414,424,425,426,427,428,429,430,442,443,444,445,446,447,448,460,465,472,:
442:412,413,414,424,425,426,427,428,429,430,441,443,444,446,447,448,:
443:426,427,428,441,442,444,445,446,447,448,449,465,472,:
444:414,427,428,441,442,443,445,446,447,448,449,450,451,452,459,460,464,465,474,:
445:427,428,441,443,444,446,447,448,449,450,451,459,460,464,465,466,467,469,472,473,474,475,:
446:427,441,442,443,444,445,447,448,:
447:413,414,427,428,441,442,443,444,445,446,448,449,450,451,452,453,459,460,465,474,:
448:412,413,414,424,426,427,428,441,442,443,444,445,446,447,449,450,452,459,460,:
449:414,443,444,445,447,448,450,451,452,453,454,455,459,460,461,465,474,:
450:414,428,444,445,447,448,449,451,452,453,454,455,459,460,461,462,463,464,465,473,474,478,479,:
451:444,445,447,449,450,452,453,454,459,460,461,462,463,464,465,467,473,474,475,476,478,479,480,483,484,485,:
452:414,444,447,448,449,450,451,453,454,455,456,457,459,460,:
453:447,449,450,451,452,454,455,456,457,458,459,:
454:449,450,451,452,453,455,456,457,458,:
455:449,450,452,453,454,456,457,458,485,:
456:452,453,454,455,457,458,486,:
457:452,453,454,455,456,458,485,:
458:453,454,455,456,457,484,485,486,:
459:396,414,427,428,444,445,447,448,449,450,451,452,453,460,461,462,463,464,465,474,479,:
460:396,413,414,424,426,427,428,441,444,445,447,448,449,450,451,452,459,461,462,464,465,:
461:395,396,414,428,449,450,451,459,460,462,463,464,465,466,474,479,:
462:31,33,428,450,451,459,460,461,463,464,465,466,467,468,469,473,474,478,479,488,:
463:8,31,33,450,451,459,461,462,464,465,466,467,468,473,474,478,479,480,481,483,487,488,489,492,:
464:8,29,31,428,444,445,450,451,459,460,461,462,463,465,466,467,468,469,470,471,472,473,474,479,488,:
465:31,427,428,433,441,443,444,445,447,449,450,451,459,460,461,462,463,464,466,467,469,470,471,472,473,474,:
466:7,8,29,30,31,428,445,461,462,463,464,465,467,468,469,470,471,472,473,474,475,479,488,:
467:29,445,451,462,463,464,465,466,468,469,470,473,474,475,476,477,478,479,487,488,500,:
468:29,36,462,463,464,466,467,469,473,474,475,476,477,478,479,487,488,489,490,492,499,500,501,504,505,506,:
469:7,22,24,29,30,31,36,40,42,428,445,462,464,465,466,467,468,470,471,472,473,474,:
470:7,22,29,30,31,40,428,432,433,436,464,465,466,467,469,471,472,:
471:3,7,8,13,22,29,30,31,34,428,431,432,433,434,435,436,464,465,466,469,470,472,:
472:40,427,428,430,432,433,441,443,445,464,465,466,469,470,471,:
473:445,450,451,462,463,464,465,466,467,468,469,474,475,476,477,478,479,488,500,:
474:444,445,447,449,450,451,459,461,462,463,464,465,466,467,468,469,473,475,476,478,479,:
475:445,451,466,467,468,473,474,476,477,478,479,480,488,500,:
476:451,467,468,473,474,475,477,478,479,480,481,482,483,487,488,499,500,509,:
477:268,467,468,473,475,476,478,479,480,481,482,487,488,499,500,501,502,504,508,509,510,513,:
478:450,451,462,463,467,468,473,474,475,476,477,479,480,481,482,483,484,486,487,488,500,509,:
479:450,451,459,461,462,463,464,466,467,468,473,474,475,476,477,478,480,481,483,484,486,487,488,:
480:451,463,475,476,477,478,479,481,482,483,484,485,486,487,488,489,509,:
481:463,476,477,478,479,480,482,483,484,487,488,489,490,491,492,499,500,508,509,:
482:476,477,478,480,481,483,487,488,489,490,491,499,500,508,509,510,513,:
483:451,463,476,478,479,480,481,482,484,485,486,487,488,:
484:451,458,478,479,480,481,483,485,486,:
485:398,400,451,455,457,458,480,483,484,486,:
486:456,458,478,479,480,483,484,485,:
487:463,467,468,476,477,478,479,480,481,482,483,488,489,490,491,492,493,499,500,509,:
488:462,463,464,466,467,468,473,475,476,477,478,479,480,481,482,483,487,489,490,492,499,500,:
489:463,468,480,481,482,487,488,490,491,492,493,494,495,499,500,501,509,:
490:468,481,482,487,488,489,491,492,493,494,495,499,500,501,502,504,508,509,515,:
491:481,482,487,489,490,492,493,495,499,500,501,502,503,508,509,514,515,516,519,:
492:3,8,29,463,468,481,487,488,489,490,491,493,494,495,496,497,499,500,588,:
493:1,2,3,4,27,487,489,490,491,492,494,495,496,497,498,499,500,:
494:1,2,4,6,27,28,489,490,492,493,495,496,497,498,538,:
495:1,4,9,14,27,36,489,490,491,492,493,494,496,497,498,499,500,501,:
496:2,4,6,12,27,28,182,492,493,494,495,497,498,:
497:4,9,14,27,35,492,493,494,495,496,498,:
498:4,27,28,35,182,493,494,495,496,497,:
499:468,476,477,481,482,487,488,489,490,491,492,493,495,500,501,502,503,504,505,507,508,509,515,:
500:36,467,468,473,475,476,477,478,481,482,487,488,489,490,491,492,493,495,499,501,502,504,505,507,508,509,:
501:468,477,489,490,491,495,499,500,502,503,504,505,506,507,508,509,510,515,:
502:262,477,490,491,499,500,501,503,504,505,508,509,510,511,512,513,514,515,:
503:261,491,499,501,502,504,508,509,510,511,512,514,515,516,517,:
504:262,468,477,490,499,500,501,502,503,505,506,507,508,509,:
505:36,42,468,499,500,501,502,504,506,507,:
506:24,36,42,255,284,468,501,504,505,507,:
507:17,21,23,36,42,45,198,499,500,501,504,505,506,:
508:262,267,268,477,481,482,490,491,499,500,501,502,503,504,509,510,511,512,513,515,:
509:268,476,477,478,480,481,482,487,489,490,491,499,500,501,502,503,504,508,510,511,513,:
510:263,267,268,269,477,482,501,502,503,508,509,511,512,513,515,:
511:502,503,508,509,510,512,513,514,515,:
512:502,503,508,510,511,513,514,515,:
513:267,268,269,477,482,502,508,509,510,511,512,:
514:185,491,502,503,511,512,515,516,517,518,519,:
515:490,491,499,501,502,503,508,510,511,512,514,516,517,519,:
516:185,491,503,514,515,517,518,519,:
517:503,514,515,516,518,519,:
518:514,516,517,519,:
519:184,194,196,491,514,515,516,517,518,:
520:179,180,181,183,521,522,523,524,525,526,533,:
521:179,180,181,183,520,522,523,525,:
522:178,179,180,181,183,520,521,523,524,525,526,527,528,533,:
523:520,521,522,524,525,526,527,528,532,533,541,542,:
524:520,522,523,525,526,527,528,532,533,534,535,537,540,541,542,543,546,:
525:176,177,179,180,181,520,521,522,523,524,526,527,528,529,530,:
526:520,522,523,524,525,527,528,529,530,531,:
527:146,175,176,522,523,524,525,526,528,529,530,531,540,:
528:149,150,151,155,156,522,523,524,525,526,527,529,530,531,:
529:138,139,143,144,145,146,149,525,526,527,528,530,531,540,:
530:146,149,150,151,156,525,526,527,528,529,531,:
531:117,138,144,145,146,149,526,527,528,529,530,553,:
532:523,524,533,534,535,536,537,538,541,542,558,575,:
533:520,522,523,524,532,534,535,537,541,542,:
534:524,532,533,535,536,537,538,539,541,542,543,575,:
535:524,532,533,534,536,537,538,539,540,541,542,543,544,545,546,557,558,574,575,581,:
536:532,534,535,537,538,539,541,542,543,544,545,557,558,574,575,576,577,579,580,581,582,585,588,590,:
537:184,524,532,533,534,535,536,538,539,540,541,542,:
538:494,532,534,535,536,537,539,540,541,588,:
539:19,20,38,534,535,536,537,538,540,541,542,543,588,:
540:20,38,182,524,527,529,535,537,538,539,541,542,:
541:523,524,532,533,534,535,536,537,538,539,540,542,543,544,545,546,547,557,558,575,581,:
542:523,524,532,533,534,535,536,537,539,540,541,543,544,546,557,558,:
543:524,534,535,536,539,541,542,544,545,546,547,548,549,553,557,558,559,575,581,596,:
544:535,536,541,542,543,545,546,547,548,557,558,559,560,561,562,574,575,581,590,595,596,:
545:535,536,541,543,544,546,547,548,557,558,559,560,561,574,575,580,581,589,590,591,594,595,596,597,:
546:524,535,541,542,543,544,545,547,548,549,550,552,553,557,558,:
547:123,541,543,544,545,546,548,549,550,551,552,553,554,555,557,558,595,596,:
548:121,122,123,543,544,545,546,547,549,550,551,552,553,554,557,595,596,:
549:543,546,547,548,550,551,552,553,554,555,556,595,596,597,:
550:120,121,122,123,546,547,548,549,551,552,553,554,556,595,596,:
551:120,122,123,547,548,549,550,552,554,:
552:119,120,546,547,548,549,550,551,553,554,555,556,595,596,:
553:38,39,143,531,543,546,547,548,549,550,552,554,555,556,597,:
554:118,119,547,548,549,550,551,552,553,555,556,:
555:38,39,140,141,142,143,547,549,552,553,554,556,597,:
556:115,118,141,369,549,550,552,553,554,555,597,:
557:535,536,541,542,543,544,545,546,547,548,558,559,560,561,562,563,574,575,581,596,:
558:532,535,536,541,542,543,544,545,546,547,557,559,560,562,563,574,575,:
559:543,544,545,557,558,560,561,562,563,564,574,575,576,596,:
560:544,545,557,558,559,561,562,563,574,575,576,577,579,580,581,590,:
561:544,545,557,559,560,562,574,575,576,577,578,580,581,590,:
562:544,557,558,559,560,561,563,564,565,566,574,575,:
563:557,558,559,560,562,564,565,566,567,568,569,:
564:559,562,563,565,566,567,568,569,570,571,572,:
565:562,563,564,566,567,568,569,570,571,572,573,:
566:562,563,564,565,567,568,569,571,572,573,:
567:563,564,565,566,568,569,570,571,572,573,:
568:563,564,565,566,567,569,570,571,572,573,:
569:563,564,565,566,567,568,570,571,573,:
570:564,565,567,568,569,571,572,573,:
571:564,565,566,567,568,569,570,572,573,:
572:564,565,566,567,568,570,571,573,:
573:565,566,567,568,569,570,571,572,:
574:535,536,544,545,557,558,559,560,561,562,575,576,577,578,579,580,581,590,:
575:532,534,535,536,541,543,544,545,557,558,559,560,561,562,574,576,577,579,580,581,:
576:536,559,560,561,574,575,577,578,579,580,581,582,:
577:536,560,561,574,575,576,578,579,580,581,582,583,585,587,589,590,:
578:388,399,561,574,576,577,579,580,581,582,583,585,587,590,:
579:536,560,574,575,576,577,578,580,581,:
580:536,545,560,561,574,575,576,577,578,579,581,582,583,584,585,586,587,589,590,:
581:535,536,541,543,544,545,557,560,561,574,575,576,577,578,579,580,582,583,585,586,587,589,590,596,:
582:536,576,577,578,580,581,583,584,585,586,587,588,589,590,591,:
583:380,381,388,577,578,580,581,582,584,585,586,589,590,591,592,593,594,596,597,:
584:374,375,378,380,381,382,385,386,388,397,580,582,583,585,589,590,591,592,593,:
585:32,536,577,578,580,581,582,583,584,586,587,588,589,590,:
586:32,580,581,582,583,585,587,588,:
587:399,577,578,580,581,582,585,586,588,:
588:32,492,536,538,539,582,585,586,587,:
589:381,545,577,580,581,582,583,584,585,590,591,592,593,594,595,596,597,598,:
590:536,544,545,560,561,574,577,578,580,581,582,583,584,585,589,591,592,593,594,595,596,597,:
591:368,381,545,582,583,584,589,590,592,593,594,595,596,597,598,599,600,:
592:368,381,387,583,584,589,590,591,593,594,595,596,597,598,599,600,601,602,603,:
593:386,387,388,583,584,589,590,591,592,594,595,596,598,599,600,601,602,:
594:368,545,583,589,590,591,592,593,595,596,597,598,599,:
595:544,545,547,548,549,550,552,589,590,591,592,593,594,596,597,598,599,602,:
596:543,544,545,547,548,549,550,552,557,559,581,583,589,590,591,592,593,594,595,597,:
597:19,368,369,545,549,553,555,556,583,589,590,591,592,594,595,596,:
598:368,381,387,589,591,592,593,594,595,599,600,601,602,603,604,607,:
599:366,367,368,380,381,591,592,593,594,595,598,600,601,602,603,604,605,606,607,:
600:368,387,591,592,593,598,599,601,602,603,604,605,607,:
601:592,593,598,599,600,602,603,604,:
602:592,593,595,598,599,600,601,603,604,:
603:368,592,598,599,600,601,602,604,605,606,607,:
604:368,598,599,600,601,602,603,605,606,607,608,610,:
605:351,599,600,603,604,606,607,608,609,610,611,612,:
606:351,367,368,376,599,603,604,605,607,608,609,610,611,612,613,614,:
607:350,351,366,367,368,372,375,376,598,599,600,603,604,605,606,608,609,610,612,613,614,:
608:350,351,604,605,606,607,609,610,611,612,613,614,:
609:351,605,606,607,608,610,611,612,613,614,:
610:351,604,605,606,607,608,609,611,612,614,:
611:351,605,606,608,609,610,612,613,614,:
612:340,350,351,376,605,606,607,608,609,610,611,613,614,:
613:340,350,351,364,366,367,368,372,373,374,375,376,606,607,608,609,611,612,614,:
614:340,350,351,376,606,607,608,609,610,611,612,613,:
