1:2,3,4,6,7,8,9,10,12,13,14,15,26,27,28,29,30,32,223,:
2:1,3,4,5,6,7,8,9,26,27,28,30,32,:
3:1,2,4,5,8,26,:
4:1,2,3,5,6,7,8,26,27,28,372,373,:
5:2,3,4,6,7,27,372,373,431,432,:
6:1,2,4,5,7,8,9,20,24,25,26,27,28,29,32,38,39,372,373,374,:
7:1,2,4,5,6,8,9,10,12,14,15,16,18,20,25,26,27,28,29,30,32,39,116,:
8:1,2,3,4,6,7,9,10,12,13,14,15,16,18,26,27,28,29,30,31,32,33,:
9:1,2,6,7,8,10,11,12,13,14,15,16,17,18,26,28,29,30,31,32,33,34,223,263,264,265,278,:
10:1,7,8,9,11,12,13,14,26,28,29,30,31,160,161,166,167,222,223,263,265,274,275,277,278,:
11:9,10,12,13,14,29,30,31,161,223,260,261,263,264,265,274,275,276,277,278,:
12:1,7,8,9,10,11,13,28,29,156,157,160,161,162,165,166,167,274,275,276,277,278,:
13:1,8,9,10,11,12,14,26,29,30,31,160,161,165,166,167,169,218,221,222,223,265,278,:
14:1,7,8,9,10,11,13,15,16,17,18,26,28,29,30,31,32,33,34,223,263,264,265,:
15:1,7,8,9,14,16,17,18,19,20,21,26,28,29,30,31,32,33,34,35,264,:
16:7,8,9,14,15,17,18,19,20,21,25,28,29,30,31,32,33,34,35,39,264,:
17:9,14,15,16,18,19,20,28,29,30,31,32,33,34,97,98,116,261,263,264,265,300,302,:
18:7,8,9,14,15,16,17,19,20,21,22,24,25,28,29,32,33,34,35,39,97,105,106,:
19:15,16,17,18,20,21,25,28,29,32,34,35,39,96,97,98,99,100,104,105,106,108,114,115,116,:
20:6,7,15,16,17,18,19,21,22,23,24,25,27,28,32,33,34,35,36,37,38,39,106,:
21:15,16,18,19,20,22,23,24,25,32,33,35,36,37,38,39,:
22:18,20,21,23,24,25,32,35,36,37,38,39,:
23:20,21,22,24,25,35,36,37,38,39,449,:
24:6,18,20,21,22,23,25,27,35,36,37,38,39,450,:
25:6,7,16,18,19,20,21,22,23,24,27,28,32,35,36,37,38,39,105,106,450,:
26:1,2,3,4,6,7,8,9,10,13,14,15,29,30,31,32,166,167,221,222,223,:
27:1,2,4,5,6,7,8,20,24,25,28,38,39,372,373,:
28:1,2,4,6,7,8,9,10,12,14,15,16,17,18,19,20,25,27,29,32,34,39,105,106,116,278,:
29:1,6,7,8,9,10,11,12,13,14,15,16,17,18,19,26,28,30,31,32,33,34,116,263,264,265,275,277,278,:
30:1,2,7,8,9,10,11,13,14,15,16,17,26,29,31,32,33,221,222,223,265,:
31:8,9,10,11,13,14,15,16,17,26,29,30,32,33,34,223,260,261,262,263,264,265,:
32:1,2,6,7,8,9,14,15,16,17,18,19,20,21,22,25,26,28,29,30,31,33,34,35,:
33:8,9,14,15,16,17,18,20,21,29,30,31,32,34,35,192,:
34:9,14,15,16,17,18,19,20,28,29,31,32,33,81,96,97,98,106,114,115,116,263,264,265,300,301,302,:
35:15,16,18,19,20,21,22,23,24,25,32,33,36,:
36:20,21,22,23,24,25,35,37,:
37:20,21,22,23,24,25,36,38,444,449,:
38:6,20,21,22,23,24,25,27,37,39,428,431,434,435,:
39:6,7,16,18,19,20,21,22,23,24,25,27,28,38,104,105,106,:
40:41,42,43,44,45,46,48,49,:
41:40,42,43,45,46,48,49,:
42:40,41,43,44,45,46,47,48,49,50,68,:
43:40,41,42,44,45,46,47,48,49,50,51,52,53,58,66,68,:
44:40,42,43,45,46,48,49,50,51,52,57,58,59,62,63,64,66,67,68,:
45:40,41,42,43,44,46,47,48,49,68,:
46:40,41,42,43,44,45,47,48,49,66,67,68,:
47:42,43,45,46,66,67,68,:
48:40,41,42,43,44,45,46,49,50,51,52,53,54,55,56,58,68,:
49:40,41,42,43,44,45,46,48,50,51,53,54,56,68,:
50:42,43,44,48,49,51,52,53,54,55,56,58,68,:
51:43,44,48,49,50,52,53,54,55,57,58,:
52:43,44,48,50,51,53,55,57,58,59,60,62,:
53:43,48,49,50,51,52,54,55,56,:
54:48,49,50,51,53,55,56,:
55:48,50,51,52,53,54,56,:
56:48,49,50,53,54,55,449,451,:
57:44,51,52,58,59,60,61,62,63,:
58:43,44,48,50,51,52,57,59,60,62,63,68,:
59:44,52,57,58,60,61,62,63,64,:
60:52,57,58,59,61,62,63,:
61:57,59,60,62,460,:
62:44,52,57,58,59,60,61,63,64,65,66,68,:
63:44,57,58,59,60,62,64,65,66,67,68,:
64:44,59,62,63,65,66,67,68,:
65:62,63,64,66,67,68,441,443,444,448,452,453,:
66:43,44,46,47,62,63,64,65,67,68,448,:
67:44,46,47,63,64,65,66,68,448,449,:
68:42,43,44,45,46,47,48,49,50,58,62,63,64,65,66,67,:
69:70,71,72,73,74,75,:
70:69,71,72,74,75,:
71:69,70,72,73,74,75,76,312,:
72:69,70,71,73,74,75,:
73:69,71,72,74,312,:
74:69,70,71,72,73,75,76,77,80,312,:
75:69,70,71,72,74,76,77,78,79,80,81,310,311,312,:
76:71,74,75,77,78,79,80,81,262,311,:
77:74,75,76,78,79,80,81,98,262,299,302,311,:
78:75,76,77,79,80,81,95,96,97,98,299,302,311,:
79:75,76,77,78,80,81,96,98,126,299,300,302,310,311,312,:
80:74,75,76,77,78,79,81,95,96,98,310,311,312,:
81:34,75,76,77,78,79,80,95,96,97,98,299,300,302,311,:
82:83,84,85,86,87,88,89,90,91,:
83:82,84,85,87,89,90,91,:
84:82,83,85,86,87,88,89,90,91,92,:
85:82,83,84,86,87,88,89,90,91,92,93,94,95,99,:
86:82,84,85,87,88,90,91,92,93,94,99,100,451,469,470,:
87:82,83,84,85,86,88,89,90,91,:
88:82,84,85,86,87,89,90,:
89:82,83,84,85,87,88,:
90:82,83,84,85,86,87,88,91,92,93,94,95,96,99,100,:
91:82,83,84,85,86,87,90,92,93,94,95,:
92:84,85,86,90,91,93,94,95,96,97,98,99,100,101,108,118,:
93:85,86,90,91,92,94,95,96,97,99,100,101,102,103,104,106,107,108,117,118,129,:
94:85,86,90,91,92,93,95,99,100,101,102,103,107,108,110,117,118,119,120,128,129,130,133,:
95:78,80,81,85,90,91,92,93,94,96,97,98,99,100,108,118,124,:
96:19,34,78,79,80,81,90,92,93,95,97,98,99,100,106,108,115,302,:
97:17,18,19,34,78,81,92,93,95,96,98,99,100,106,108,115,302,:
98:17,19,34,77,78,79,80,81,92,95,96,97,108,114,115,126,299,300,301,302,:
99:19,85,86,90,92,93,94,95,96,97,100,101,102,103,104,105,106,107,108,115,118,129,451,:
100:19,86,90,92,93,94,95,96,97,99,101,102,104,105,106,107,108,115,450,451,:
101:92,93,94,99,100,102,103,104,105,106,107,108,109,129,:
102:93,94,99,100,101,103,104,105,106,107,108,109,110,111,112,115,117,118,128,129,:
103:93,94,99,101,102,104,105,107,108,109,110,111,117,118,128,129,130,131,133,398,:
104:19,39,93,99,100,101,102,103,105,106,107,108,:
105:18,19,25,28,39,99,100,101,102,103,104,106,107,108,114,115,116,:
106:18,19,20,25,28,34,39,93,96,97,99,100,101,102,104,105,107,108,114,115,116,:
107:93,94,99,100,101,102,103,104,105,106,108,109,110,111,112,113,114,115,117,118,129,:
108:19,92,93,94,95,96,97,98,99,100,101,102,103,104,105,106,107,109,110,112,113,114,115,116,117,118,:
109:101,102,103,107,108,110,111,112,113,114,115,117,118,119,129,397,410,411,:
110:94,102,103,107,108,109,111,112,113,117,118,119,120,122,128,129,411,:
111:102,103,107,109,110,112,117,118,119,120,121,128,129,409,410,411,:
112:102,107,108,109,110,111,113,114,115,116,117,118,144,397,410,411,:
113:107,108,109,110,112,114,115,116,149,275,276,277,301,397,410,411,:
114:19,34,98,105,106,107,108,109,112,113,115,116,275,276,277,278,300,301,302,:
115:19,34,96,97,98,99,100,102,105,106,107,108,109,112,113,114,116,118,277,300,301,302,:
116:7,17,19,28,29,34,105,106,108,112,113,114,115,275,276,277,278,300,301,302,:
117:93,94,102,103,107,108,109,110,111,112,118,119,120,121,122,123,124,125,128,129,:
118:92,93,94,95,99,102,103,107,108,109,110,111,112,115,117,119,120,122,123,124,125,126,128,129,:
119:94,109,110,111,117,118,120,121,122,123,124,125,128,129,130,:
120:94,110,111,117,118,119,121,122,123,128,129,130,131,132,133,:
121:111,117,119,120,122,128,129,130,131,132,:
122:110,117,118,119,120,121,123,124,125,126,127,128,129,:
123:117,118,119,120,122,124,125,126,127,:
124:95,117,118,119,122,123,125,126,127,311,:
125:117,118,119,122,123,124,126,127,297,:
126:79,98,118,122,123,124,125,127,297,299,308,310,311,:
127:122,123,124,125,126,295,296,297,298,308,:
128:94,102,103,110,111,117,118,119,120,121,122,129,130,131,132,133,134,135,:
129:93,94,99,101,102,103,107,109,110,111,117,118,119,120,121,122,128,130,131,133,134,:
130:94,103,119,120,121,128,129,131,132,133,134,135,:
131:103,120,121,128,129,130,132,133,134,135,:
132:120,121,128,130,131,133,134,135,:
133:94,103,120,128,129,130,131,132,134,135,469,:
134:128,129,130,131,132,133,135,466,469,:
135:128,130,131,132,133,134,466,:
136:137,138,139,140,141,142,143,145,146,:
137:136,138,139,140,141,142,143,313,315,:
138:136,137,139,140,141,142,143,144,145,146,147,410,411,:
139:136,137,138,140,141,142,145,146,147,148,149,150,153,322,410,:
140:136,137,138,139,141,145,146,147,148,149,154,155,315,316,321,322,325,327,:
141:136,137,138,139,140,142,143,144,145,146,410,:
142:136,137,138,139,141,143,144,410,:
143:136,137,138,141,142,144,:
144:112,138,141,142,143,297,298,:
145:136,138,139,140,141,146,147,148,149,150,151,152,153,154,155,322,410,411,:
146:136,138,139,140,141,145,147,148,149,150,151,152,153,396,397,404,406,409,410,411,:
147:138,139,140,145,146,148,149,150,151,152,153,154,155,156,322,325,:
148:139,140,145,146,147,149,150,151,152,153,154,155,156,157,158,159,275,276,325,:
149:113,139,140,145,146,147,148,150,151,152,154,155,156,157,159,273,274,275,276,277,278,:
150:139,145,146,147,148,149,151,152,153,154,155,388,:
151:145,146,147,148,149,150,152,153,387,388,393,395,396,397,404,411,:
152:145,146,147,148,149,150,151,153,154,276,388,395,396,397,411,:
153:139,145,146,147,148,150,151,152,327,388,391,:
154:140,145,147,148,149,150,152,155,156,157,158,159,160,161,276,325,338,:
155:140,145,147,148,149,150,154,156,157,158,159,160,322,324,325,329,331,332,337,338,:
156:12,147,148,149,154,155,157,158,159,160,161,162,169,274,275,276,278,325,338,:
157:12,148,149,154,155,156,158,159,160,161,162,163,164,165,167,168,169,337,338,:
158:148,154,155,156,157,159,160,161,162,163,164,168,169,325,331,332,334,335,337,338,339,340,341,:
159:148,149,154,155,156,157,158,160,161,169,272,273,274,319,325,:
160:10,12,13,154,155,156,157,158,159,161,162,163,164,165,166,167,168,169,174,338,374,:
161:10,11,12,13,154,156,157,158,159,160,162,163,165,166,167,168,169,278,374,:
162:12,156,157,158,160,161,163,164,165,166,167,168,169,170,174,338,341,373,374,:
163:157,158,160,161,162,164,165,166,167,168,169,170,171,173,174,338,:
164:157,158,160,162,163,165,166,168,169,170,171,173,174,335,338,348,349,:
165:12,13,157,160,161,162,163,164,166,167,168,169,173,174,373,374,:
166:10,12,13,26,160,161,162,163,164,165,167,168,169,170,171,173,174,175,222,223,:
167:10,12,13,26,157,160,161,162,163,165,166,168,169,170,171,173,174,175,222,223,:
168:157,158,160,161,162,163,164,165,166,167,169,170,171,172,173,174,:
169:13,156,157,158,159,160,161,162,163,164,165,166,167,168,170,171,173,174,:
170:162,163,164,166,167,168,169,171,172,173,174,175,335,:
171:163,164,166,167,168,169,170,172,173,174,175,176,177,:
172:168,170,171,173,174,175,176,177,246,:
173:163,164,165,166,167,168,169,170,171,172,174,175,176,177,178,:
174:160,162,163,164,165,166,167,168,169,170,171,172,173,175,176,177,:
175:166,167,170,171,172,173,174,176,177,178,179,184,:
176:171,172,173,174,175,177,178,179,180,182,183,184,:
177:171,172,173,174,175,176,178,179,180,184,:
178:173,175,176,177,179,180,181,182,183,184,:
179:175,176,177,178,180,181,182,183,184,:
180:176,177,178,179,181,182,183,184,:
181:178,179,180,182,:
182:176,178,179,180,181,183,184,:
183:176,178,179,180,182,184,:
184:175,176,177,178,179,180,182,183,226,229,:
185:186,187,188,189,190,191,193,194,195,196,197,206,:
186:185,187,188,190,191,193,194,195,196,197,:
187:185,186,188,189,190,191,192,193,194,195,196,197,198,206,:
188:185,186,187,189,190,191,192,193,195,196,197,198,199,200,201,205,206,216,217,:
189:185,187,188,190,191,196,197,198,199,200,205,206,207,208,210,216,217,218,221,:
190:185,186,187,188,189,191,192,193,194,195,196,197,:
191:185,186,187,188,189,190,192,193,194,195,196,197,:
192:33,187,188,190,191,193,194,195,196,197,:
193:185,186,187,188,190,191,192,194,195,196,197,202,:
194:185,186,187,190,191,192,193,195,196,197,202,203,:
195:185,186,187,188,190,191,192,193,194,196,197,202,:
196:185,186,187,188,189,190,191,192,193,194,195,197,198,199,200,201,202,203,204,206,217,:
197:185,186,187,188,189,190,191,192,193,194,195,196,198,199,201,202,203,206,:
198:187,188,189,196,197,199,200,201,202,203,204,206,217,:
199:188,189,196,197,198,200,201,202,204,205,206,216,217,225,:
200:188,189,196,198,199,201,204,205,206,216,217,218,219,221,224,225,226,229,:
201:188,196,197,198,199,200,202,203,204,:
202:193,194,195,196,197,198,199,201,203,204,:
203:194,196,197,198,201,202,204,:
204:196,198,199,200,201,202,203,:
205:188,189,199,200,206,207,208,209,210,211,212,216,217,225,231,:
206:185,187,188,189,196,197,198,199,200,205,207,208,210,211,212,216,217,:
207:189,205,206,208,209,210,211,212,213,216,217,218,225,231,236,237,256,:
208:189,205,206,207,209,210,211,216,217,218,219,220,221,224,225,230,231,236,239,248,255,256,260,:
209:205,207,208,210,216,217,218,219,220,224,225,230,231,233,236,237,238,239,240,241,247,248,249,250,255,256,257,260,:
210:189,205,206,207,208,209,211,212,213,214,215,216,217,255,256,260,:
211:205,206,207,208,210,212,213,214,215,:
212:205,206,207,210,211,213,214,215,237,:
213:207,210,211,212,214,215,:
214:210,211,212,213,215,:
215:210,211,212,213,214,291,:
216:188,189,199,200,205,206,207,208,209,210,217,218,219,220,221,222,223,224,225,231,256,260,:
217:188,189,196,198,199,200,205,206,207,208,209,210,216,218,219,221,222,224,225,:
218:13,189,200,207,208,209,216,217,219,220,221,222,223,224,225,226,231,239,:
219:200,208,209,216,217,218,220,221,222,223,224,225,226,227,229,230,231,238,239,:
220:208,209,216,218,219,221,222,223,224,225,226,227,228,230,231,238,239,240,246,:
221:13,26,30,189,200,208,216,217,218,219,220,222,223,224,225,:
222:10,13,26,30,166,167,216,217,218,219,220,221,223,224,225,:
223:1,9,10,11,13,14,26,30,31,166,167,216,218,219,220,221,222,:
224:200,208,209,216,217,218,219,220,221,222,225,226,227,228,229,230,231,239,:
225:199,200,205,207,208,209,216,217,218,219,220,221,222,224,226,227,229,230,231,:
226:184,200,218,219,220,224,225,227,228,229,230,231,232,239,:
227:219,220,224,225,226,228,229,230,231,232,233,235,238,239,:
228:220,224,226,227,229,230,231,232,233,238,239,246,:
229:184,200,219,224,225,226,227,228,230,231,:
230:208,209,219,220,224,225,226,227,228,229,231,232,233,234,235,236,237,238,239,248,:
231:205,207,208,209,216,218,219,220,224,225,226,227,228,229,230,232,233,235,236,237,238,239,248,:
232:226,227,228,230,231,233,234,235,236,237,238,239,240,248,:
233:209,227,228,230,231,232,234,235,236,237,238,239,240,241,243,246,247,248,:
234:230,232,233,235,236,238,239,240,241,243,247,248,:
235:227,230,231,232,233,234,236,237,238,239,248,:
236:207,208,209,230,231,232,233,234,235,237,238,239,247,248,249,252,254,:
237:207,209,212,230,231,232,233,235,236,247,248,252,254,:
238:209,219,220,227,228,230,231,232,233,234,235,236,239,240,241,242,243,244,246,247,248,256,:
239:208,209,218,219,220,224,226,227,228,230,231,232,233,234,235,236,238,240,241,243,244,246,247,248,256,:
240:209,220,232,233,234,238,239,241,242,243,244,245,246,247,248,249,256,267,:
241:209,233,234,238,239,240,242,243,244,247,248,249,250,251,252,255,256,266,267,280,:
242:238,240,241,243,247,248,249,250,251,255,256,266,267,268,269,271,279,280,:
243:233,234,238,239,240,241,242,244,245,246,247,248,:
244:238,239,240,241,243,245,246,:
245:240,243,244,246,:
246:172,220,228,233,238,239,240,243,244,245,:
247:209,233,234,236,237,238,239,240,241,242,243,248,249,250,251,252,253,254,255,256,267,280,:
248:208,209,230,231,232,233,234,235,236,237,238,239,240,241,242,243,247,249,250,252,254,255,256,:
249:209,236,240,241,242,247,248,250,251,252,253,254,255,256,257,267,280,:
250:209,241,242,247,248,249,251,252,253,254,255,256,257,258,259,260,266,267,279,280,285,:
251:241,242,247,249,250,252,253,255,256,257,258,259,266,267,269,279,280,281,282,284,285,286,289,290,291,:
252:236,237,241,247,248,249,250,251,253,254,255,256,:
253:247,249,250,251,252,254,255,:
254:236,237,247,248,249,250,252,253,:
255:208,209,210,241,242,247,248,249,250,251,252,253,256,257,258,259,260,261,266,267,280,285,:
256:207,208,209,210,216,238,239,240,241,242,247,248,249,250,251,252,255,257,258,260,266,267,:
257:209,249,250,251,255,256,258,259,260,261,262,263,265,266,267,268,280,285,:
258:250,251,255,256,257,259,260,261,262,263,265,266,267,268,269,270,271,279,280,284,285,294,:
259:250,251,255,257,258,260,261,262,263,265,266,267,268,269,270,279,280,284,285,286,287,289,293,294,295,298,299,300,:
260:11,31,208,209,210,216,250,255,256,257,258,259,261,262,263,264,265,266,267,:
261:11,17,31,255,257,258,259,260,262,263,264,265,266,302,:
262:31,76,77,257,258,259,260,261,263,264,265,302,:
263:9,10,11,14,17,29,31,34,257,258,259,260,261,262,264,265,266,277,278,300,301,302,:
264:9,11,14,15,16,17,29,31,34,260,261,262,263,265,277,278,299,300,301,302,:
265:9,10,11,13,14,17,29,30,31,34,257,258,259,260,261,262,263,264,266,267,274,275,277,278,300,301,302,:
266:241,242,250,251,255,256,257,258,259,260,261,263,265,267,268,269,270,271,272,274,279,280,285,294,:
267:240,241,242,247,249,250,251,255,256,257,258,259,260,265,266,268,269,271,279,280,:
268:242,257,258,259,266,267,269,270,271,272,273,274,279,280,281,285,294,:
269:242,251,258,259,266,267,268,270,271,272,273,279,280,281,282,283,284,285,293,294,:
270:258,259,266,268,269,271,272,279,280,281,282,283,284,285,287,293,294,295,296,298,:
271:242,258,266,267,268,269,270,272,273,274,279,280,:
272:159,266,268,269,270,271,273,274,275,319,320,:
273:149,159,268,269,271,272,274,275,276,277,278,301,:
274:10,11,12,149,156,159,265,266,268,271,272,273,275,276,277,278,301,:
275:10,11,12,29,113,114,116,148,149,156,265,272,273,274,276,277,278,300,301,:
276:11,12,113,114,116,148,149,152,154,156,273,274,275,277,278,301,:
277:10,11,12,29,113,114,115,116,149,263,264,265,273,274,275,276,278,300,301,302,:
278:9,10,11,12,13,28,29,114,116,149,156,161,263,264,265,273,274,275,276,277,301,:
279:242,250,251,258,259,266,267,268,269,270,271,280,281,282,283,284,285,294,:
280:241,242,247,249,250,251,255,257,258,259,266,267,268,269,270,271,279,281,282,284,285,:
281:251,268,269,270,279,280,282,283,284,285,286,294,:
282:251,269,270,279,280,281,283,284,285,286,287,288,289,293,294,:
283:269,270,279,281,282,284,285,286,287,288,293,294,:
284:251,258,259,269,270,279,280,281,282,283,285,286,287,288,289,290,292,293,294,:
285:250,251,255,257,258,259,266,268,269,270,279,280,281,282,283,284,286,287,289,290,291,292,293,294,:
286:251,259,281,282,283,284,285,287,288,289,290,291,292,293,294,295,:
287:259,270,282,283,284,285,286,288,289,290,293,294,295,296,298,304,:
288:282,283,284,286,287,289,293,294,295,296,297,303,304,305,308,:
289:251,259,282,284,285,286,287,288,290,291,292,293,294,:
290:251,284,285,286,287,289,291,292,:
291:215,251,285,286,289,290,292,:
292:284,285,286,289,290,291,:
293:259,269,270,282,283,284,285,286,287,288,289,294,295,296,297,298,299,304,:
294:258,259,266,268,269,270,279,281,282,283,284,285,286,287,288,289,293,295,296,298,299,:
295:127,259,270,286,287,288,293,294,296,297,298,299,300,304,:
296:127,270,287,288,293,294,295,297,298,299,303,304,:
297:125,126,127,144,288,293,295,296,298,303,304,305,306,308,:
298:127,144,259,270,287,293,294,295,296,297,299,300,301,302,:
299:77,78,79,81,98,126,259,264,293,294,295,296,298,300,301,302,:
300:17,34,79,81,98,114,115,116,259,263,264,265,275,277,295,298,299,301,302,:
301:34,98,113,114,115,116,263,264,265,273,274,275,276,277,278,298,299,300,302,:
302:17,34,77,78,79,81,96,97,98,114,115,116,261,262,263,264,265,277,298,299,300,301,:
303:288,296,297,304,305,306,307,308,309,:
304:287,288,293,295,296,297,303,305,306,308,309,:
305:288,297,303,304,306,307,308,309,310,:
306:297,303,304,305,307,308,309,:
307:303,305,306,308,:
308:126,127,288,297,303,304,305,306,307,309,310,311,312,:
309:303,304,305,306,308,310,311,312,:
310:75,79,80,126,305,308,309,311,312,:
311:75,76,77,78,79,80,81,124,126,308,309,310,312,:
312:71,73,74,75,79,80,308,309,310,311,:
313:137,314,315,316,317,318,319,320,321,322,:
314:313,315,316,317,318,320,321,:
315:137,140,313,314,316,317,318,319,320,321,322,323,:
316:140,313,314,315,317,318,319,320,321,322,323,324,325,326,:
317:313,314,315,316,318,319,321,322,323,324,326,:
318:313,314,315,316,317,319,320,321,322,:
319:159,272,313,315,316,317,318,320,321,322,:
320:272,313,314,315,316,318,319,:
321:140,313,314,315,316,317,318,319,322,323,324,325,326,327,328,329,330,:
322:139,140,145,147,155,313,315,316,317,318,319,321,323,324,325,326,327,329,:
323:315,316,317,321,322,324,325,326,327,328,329,330,331,:
324:155,316,317,321,322,323,325,326,327,328,329,330,331,332,333,334,336,337,338,:
325:140,147,148,154,155,156,158,159,316,321,322,323,324,326,327,328,329,330,331,332,337,338,:
326:316,317,321,322,323,324,325,327,328,329,330,:
327:140,153,321,322,323,324,325,326,328,329,:
328:321,323,324,325,326,327,329,330,333,:
329:155,321,322,323,324,325,326,327,328,330,331,332,333,334,335,336,337,338,:
330:321,323,324,325,326,328,329,331,332,333,334,336,:
331:155,158,323,324,325,329,330,332,333,334,335,336,337,338,339,:
332:155,158,324,325,329,330,331,333,334,335,336,337,338,339,340,342,354,:
333:324,328,329,330,331,332,334,335,337,338,339,342,:
334:158,324,329,330,331,332,333,335,336,337,338,:
335:158,164,170,329,331,332,333,334,336,337,338,:
336:324,329,330,331,332,334,335,:
337:155,157,158,324,325,329,331,332,333,334,335,338,339,340,341,342,343,348,354,:
338:154,155,156,157,158,160,162,163,164,324,325,329,331,332,333,334,335,337,339,340,341,342,348,:
339:158,331,332,333,337,338,340,341,342,343,344,345,348,349,354,356,:
340:158,332,337,338,339,341,342,343,344,345,348,349,350,352,353,354,355,356,368,:
341:158,162,337,338,339,340,342,343,344,345,348,349,350,351,354,355,356,367,368,369,373,374,:
342:332,333,337,338,339,340,341,343,344,345,346,347,348,368,:
343:337,339,340,341,342,344,345,346,347,348,356,368,376,:
344:339,340,341,342,343,345,346,347,356,363,368,:
345:339,340,341,342,343,344,346,347,367,368,369,375,376,384,385,388,389,:
346:342,343,344,345,347,356,360,363,368,376,385,:
347:342,343,344,345,346,356,360,367,368,369,370,375,376,377,378,384,385,386,388,389,:
348:164,337,338,339,340,341,342,343,349,350,351,352,353,354,355,356,363,368,:
349:164,339,340,341,348,350,351,352,353,354,355,356,357,368,:
350:340,341,348,349,351,352,353,354,355,356,357,358,360,367,368,:
351:341,348,349,350,352,355,356,357,358,359,367,368,373,:
352:340,348,349,350,351,353,354,355,356,:
353:340,348,349,350,352,354,355,356,363,364,365,:
354:332,337,339,340,341,348,349,350,352,353,355,356,:
355:340,341,348,349,350,351,352,353,354,356,357,358,359,360,361,362,363,364,367,368,:
356:339,340,341,343,344,346,347,348,349,350,351,352,353,354,355,357,358,360,361,362,363,364,365,367,368,:
357:349,350,351,355,356,358,359,360,361,362,363,367,368,369,376,:
358:350,351,355,356,357,359,360,361,367,368,369,370,371,372,373,375,376,:
359:351,355,357,358,360,367,368,369,370,371,372,373,375,376,381,:
360:346,347,350,355,356,357,358,359,361,362,363,364,366,367,368,376,383,:
361:355,356,357,358,360,362,363,364,365,366,:
362:355,356,357,360,361,363,364,365,366,:
363:344,346,348,353,355,356,357,360,361,362,364,365,366,:
364:353,355,356,360,361,362,363,365,366,:
365:353,356,361,362,363,364,366,:
366:360,361,362,363,364,365,:
367:341,345,347,350,351,355,356,357,358,359,360,368,369,370,371,372,373,374,375,376,:
368:340,341,342,343,344,345,346,347,348,349,350,351,355,356,357,358,359,360,367,369,370,372,373,374,375,376,:
369:341,345,347,357,358,359,367,368,370,371,372,373,374,375,376,377,:
370:347,358,359,367,368,369,371,372,373,375,376,377,378,380,381,384,385,402,:
371:358,359,367,369,370,372,375,376,377,378,400,402,403,432,433,:
372:4,5,6,27,358,359,367,368,369,370,371,373,374,375,:
373:4,5,6,27,162,165,341,351,358,359,367,368,369,370,372,374,:
374:6,160,161,162,165,341,367,368,369,372,373,:
375:345,347,358,359,367,368,369,370,371,372,376,377,378,379,380,381,382,384,385,:
376:343,345,346,347,357,358,359,360,367,368,369,370,371,375,377,378,380,381,384,385,:
377:347,369,370,371,375,376,378,379,380,381,382,383,384,385,386,413,416,:
378:347,370,371,375,376,377,379,380,381,382,384,385,386,387,388,389,393,394,413,416,:
379:375,377,378,380,382,384,385,386,387,393,394,399,400,401,402,403,412,413,416,:
380:370,375,376,377,378,379,381,382,383,384,385,:
381:359,370,375,376,377,378,380,382,383,:
382:375,377,378,379,380,381,383,384,385,412,413,416,:
383:360,377,380,381,382,:
384:345,347,370,375,376,377,378,379,380,382,385,386,387,388,389,390,391,392,393,394,:
385:345,346,347,370,375,376,377,378,379,380,382,384,386,387,388,389,390,:
386:347,377,378,379,384,385,387,388,389,390,391,392,393,394,395,405,:
387:151,378,379,384,385,386,388,389,390,391,393,394,395,396,398,399,404,405,:
388:150,151,152,153,345,347,378,384,385,386,387,389,391,393,394,395,396,404,405,:
389:345,347,378,384,385,386,387,388,390,391,392,393,394,:
390:384,385,386,387,389,391,392,:
391:153,384,386,387,388,389,390,392,393,394,404,405,408,:
392:384,386,389,390,391,:
393:151,378,379,384,386,387,388,389,391,394,395,396,397,398,399,400,401,404,405,:
394:378,379,384,386,387,388,389,391,393,395,396,398,399,401,404,405,:
395:151,152,386,387,388,393,394,396,397,398,399,400,401,404,405,406,411,:
396:146,151,152,387,388,393,394,395,397,398,399,404,405,406,407,408,409,410,411,:
397:109,112,113,146,151,152,393,395,396,398,404,405,406,409,410,411,:
398:103,387,393,394,395,396,397,399,400,401,402,403,404,405,:
399:379,387,393,394,395,396,398,400,401,402,403,:
400:371,379,393,395,398,399,401,402,403,:
401:379,393,394,395,398,399,400,402,403,412,413,416,418,419,:
402:370,371,379,398,399,400,401,403,416,419,:
403:371,379,398,399,400,401,402,412,413,415,416,418,419,:
404:146,151,387,388,391,393,394,395,396,397,398,405,406,407,408,409,410,411,:
405:386,387,388,391,393,394,395,396,397,398,404,406,407,408,409,411,:
406:146,395,396,397,404,405,407,408,409,410,411,:
407:396,404,405,406,408,409,410,:
408:391,396,404,405,406,407,409,:
409:111,146,396,397,404,405,406,407,408,410,411,:
410:109,111,112,113,138,139,141,142,145,146,396,397,404,406,407,409,411,:
411:109,110,111,112,113,138,145,146,151,152,395,396,397,404,405,406,409,410,:
412:379,382,401,403,413,414,415,416,417,418,419,420,:
413:377,378,379,382,401,403,412,414,415,416,417,418,419,420,:
414:412,413,415,416,417,418,419,420,421,426,:
415:403,412,413,414,416,417,418,419,420,421,422,423,424,425,426,427,:
416:377,378,379,382,401,402,403,412,413,414,415,417,418,419,420,421,422,423,426,427,433,:
417:412,413,414,415,416,418,419,420,423,426,:
418:401,403,412,413,414,415,416,417,419,420,423,:
419:401,402,403,412,413,414,415,416,417,418,420,422,423,:
420:412,413,414,415,416,417,418,419,421,422,423,424,425,426,427,:
421:414,415,416,420,422,423,424,425,426,427,428,433,:
422:415,416,419,420,421,423,424,425,426,427,428,429,430,431,432,433,434,435,:
423:415,416,417,418,419,420,421,422,424,425,426,427,428,429,430,433,434,435,439,:
424:415,420,421,422,423,425,426,427,433,:
425:415,420,421,422,423,424,426,:
426:414,415,416,417,420,421,422,423,424,425,:
427:415,416,420,421,422,423,424,428,429,430,431,432,433,434,435,:
428:38,421,422,423,427,429,430,431,432,433,434,435,436,:
429:422,423,427,428,430,431,432,433,434,435,436,437,439,:
430:422,423,427,428,429,431,432,433,434,435,436,439,:
431:5,38,422,427,428,429,430,432,433,434,435,:
432:5,371,422,427,428,429,430,431,433,:
433:371,416,421,422,423,424,427,428,429,430,431,432,:
434:38,422,423,427,428,429,430,431,435,436,437,438,439,440,443,444,:
435:38,422,423,427,428,429,430,431,434,436,437,438,439,443,444,:
436:428,429,430,434,435,437,438,439,440,441,442,443,444,445,453,:
437:429,434,435,436,438,439,440,441,443,444,445,446,448,452,453,:
438:434,435,436,437,439,440,441,443,444,445,446,447,452,453,471,:
439:423,429,430,434,435,436,437,438,440,441,442,443,444,453,:
440:434,436,437,438,439,441,442,443,444,452,453,:
441:65,436,437,438,439,440,442,443,444,445,446,452,453,454,457,458,:
442:436,439,440,441,453,:
443:65,434,435,436,437,438,439,440,441,444,445,446,447,448,449,450,452,453,:
444:37,65,434,435,436,437,438,439,440,441,443,445,446,448,449,452,453,:
445:436,437,438,441,443,444,446,447,448,449,450,451,452,453,454,470,471,:
446:437,438,441,443,444,445,447,448,449,452,453,454,455,456,457,470,471,:
447:438,443,445,446,448,452,453,454,455,456,465,467,470,471,:
448:65,66,67,437,443,444,445,446,447,449,450,451,452,453,:
449:23,37,56,67,443,444,445,446,448,450,451,:
450:24,25,100,443,445,448,449,451,470,:
451:56,86,99,100,445,448,449,450,470,:
452:65,437,438,440,441,443,444,445,446,447,448,453,454,455,456,457,458,:
453:65,436,437,438,439,440,441,442,443,444,445,446,447,448,452,454,455,457,458,:
454:441,445,446,447,452,453,455,456,457,458,459,:
455:446,447,452,453,454,456,457,458,465,:
456:446,447,452,454,455,457,465,:
457:441,446,452,453,454,455,456,458,459,460,:
458:441,452,453,454,455,457,459,460,461,:
459:454,457,458,460,461,462,463,464,:
460:61,457,458,459,461,462,463,464,:
461:458,459,460,462,463,464,:
462:459,460,461,463,464,:
463:459,460,461,462,464,:
464:459,460,461,462,463,:
465:447,455,456,466,467,468,469,470,471,:
466:134,135,465,467,468,469,470,471,:
467:447,465,466,468,469,470,471,:
468:465,466,467,469,:
469:86,133,134,465,466,467,468,470,471,:
470:86,445,446,447,450,451,465,466,467,469,471,:
471:438,445,446,447,465,466,467,469,470,:
