1:2,3,4,5,21,50,51,52,53,70,71,117,118,119,460,465,467,:
2:1,3,4,5,6,19,21,22,50,51,52,53,54,56,70,71,529,:
3:1,2,4,5,6,7,8,11,13,21,22,50,51,52,53,54,56,57,59,64,71,460,529,:
4:1,2,3,5,6,7,8,11,13,50,51,52,53,54,56,57,64,71,452,455,456,459,460,464,465,466,469,:
5:1,2,3,4,6,7,8,9,10,11,12,13,22,51,52,53,54,55,56,57,58,59,60,64,460,529,:
6:2,3,4,5,7,8,9,10,11,12,13,14,53,54,55,56,57,58,59,60,61,62,63,64,65,76,460,529,:
7:3,4,5,6,8,9,10,11,12,13,53,54,55,56,57,58,59,60,61,62,63,64,:
8:3,4,5,6,7,9,10,11,53,54,55,56,57,58,59,60,61,62,63,460,469,:
9:5,6,7,8,10,11,12,53,54,55,56,57,58,59,60,61,62,63,248,249,250,528,529,532,:
10:5,6,7,8,9,11,12,54,55,56,57,58,59,60,61,62,63,76,77,78,249,458,:
11:3,4,5,6,7,8,9,10,12,13,14,15,16,17,23,24,25,53,54,58,59,61,62,64,65,67,68,72,76,77,:
12:5,6,7,9,10,11,13,14,15,16,17,23,24,25,53,54,58,59,61,62,64,65,68,75,76,77,529,532,535,536,:
13:3,4,5,6,7,11,12,14,15,16,17,22,23,24,25,53,54,61,62,64,65,66,67,68,71,72,73,75,76,77,451,452,:
14:6,11,12,13,15,16,17,22,23,24,25,54,64,65,66,67,68,71,72,73,74,75,76,77,452,:
15:11,12,13,14,16,17,18,21,22,23,24,64,65,66,67,68,71,72,73,75,324,452,:
16:11,12,13,14,15,17,18,19,21,22,23,64,65,66,67,68,69,70,71,73,324,:
17:11,12,13,14,15,16,18,19,21,22,65,66,67,68,69,70,71,532,533,535,541,543,:
18:15,16,17,19,20,21,22,65,68,69,70,71,313,314,528,529,530,532,533,534,535,:
19:2,16,17,18,20,21,22,68,69,70,71,528,529,:
20:18,19,21,69,70,313,527,528,529,:
21:1,2,3,15,16,17,18,19,20,22,50,51,67,68,69,70,71,:
22:2,3,5,13,14,15,16,17,18,19,21,51,64,65,66,67,68,69,70,71,324,:
23:11,12,13,14,15,16,24,25,26,64,65,66,67,72,73,74,75,76,77,80,146,452,:
24:11,12,13,14,15,23,25,26,27,28,29,30,31,64,65,66,72,73,74,75,76,77,80,81,89,146,:
25:11,12,13,14,23,24,26,27,28,29,30,31,47,62,64,65,72,73,74,75,76,77,78,79,80,81,146,438,:
26:23,24,25,27,28,29,30,31,32,46,47,48,74,75,76,77,78,79,80,81,100,101,438,:
27:24,25,26,28,29,30,31,45,46,47,48,49,62,76,77,78,79,80,81,100,101,438,:
28:24,25,26,27,29,30,31,32,46,47,74,75,76,77,78,79,80,81,85,100,144,146,159,160,161,163,166,436,438,:
29:24,25,26,27,28,30,31,32,33,36,37,46,47,48,74,75,76,77,78,79,80,81,82,85,89,90,100,101,:
30:24,25,26,27,28,29,31,32,33,36,37,47,48,74,75,76,78,80,81,82,89,90,101,240,244,541,:
31:24,25,26,27,28,29,30,32,33,34,35,36,37,38,39,46,47,48,74,75,80,81,82,83,84,85,89,90,92,100,168,:
32:26,28,29,30,31,33,34,35,36,37,38,39,40,80,81,82,83,84,85,86,87,88,89,90,91,92,168,237,:
33:29,30,31,32,34,35,36,37,38,39,81,82,83,84,85,86,87,88,89,90,91,92,:
34:31,32,33,35,36,37,38,81,82,83,84,85,86,87,88,89,90,91,163,166,167,168,176,177,180,:
35:31,32,33,34,36,37,38,39,82,83,84,85,86,87,88,89,90,91,92,184,229,230,234,237,:
36:29,30,31,32,33,34,35,37,75,81,82,83,84,85,86,87,88,89,90,91,540,541,:
37:29,30,31,32,33,34,35,36,38,39,40,41,44,45,81,82,84,85,86,87,88,92,93,94,168,237,:
38:31,32,33,34,35,37,39,40,45,81,82,84,85,87,92,93,94,99,160,163,164,167,168,169,172,173,177,:
39:31,32,33,35,37,38,40,41,42,43,44,49,81,82,84,86,87,92,93,94,95,97,102,168,237,:
40:32,37,38,39,41,42,43,44,87,92,93,94,95,96,97,173,175,400,401,402,:
41:37,39,40,42,43,44,49,92,93,94,95,96,97,98,102,237,400,401,402,:
42:39,40,41,43,44,45,49,92,93,94,95,96,97,98,99,102,400,402,:
43:39,40,41,42,44,45,46,48,49,92,93,95,96,97,98,99,102,399,402,615,:
44:37,39,40,41,42,43,45,46,47,48,49,92,93,96,97,98,99,100,101,102,614,615,:
45:27,37,38,42,43,44,46,47,48,49,93,97,98,99,100,101,102,160,420,614,615,:
46:26,27,28,29,31,43,44,45,47,48,49,78,79,80,81,97,99,100,101,102,160,420,438,615,:
47:25,26,27,28,29,30,31,44,45,46,48,49,78,79,80,81,99,100,101,102,:
48:26,27,29,30,31,43,44,45,46,47,49,78,79,82,99,100,101,102,240,606,:
49:27,39,41,42,43,44,45,46,47,48,78,92,96,97,98,99,100,101,102,605,606,615,:
50:1,2,3,4,21,51,52,70,117,118,119,467,:
51:1,2,3,4,5,21,22,50,52,70,71,111,112,113,117,118,119,460,465,466,467,:
52:1,2,3,4,5,50,51,112,117,118,119,460,464,465,466,467,:
53:1,2,3,4,5,6,7,8,9,11,12,13,54,56,57,58,59,60,64,526,528,529,530,532,:
54:2,3,4,5,6,7,8,9,10,11,12,13,14,53,55,56,57,58,59,61,62,63,64,452,453,455,456,458,459,460,:
55:5,6,7,8,9,10,54,56,57,58,59,60,61,62,63,469,472,524,:
56:2,3,4,5,6,7,8,9,10,53,54,55,57,58,59,60,61,63,460,469,:
57:3,4,5,6,7,8,9,10,53,54,55,56,59,60,61,62,63,455,456,458,459,460,468,469,472,:
58:5,6,7,8,9,10,11,12,53,54,55,56,59,60,61,62,63,248,249,250,528,529,530,532,:
59:3,5,6,7,8,9,10,11,12,53,54,55,56,57,58,60,62,63,250,521,524,525,526,528,529,530,532,:
60:5,6,7,8,9,10,53,55,56,57,58,59,61,62,63,248,249,250,251,522,524,:
61:6,7,8,9,10,11,12,13,54,55,56,57,58,60,62,63,64,76,77,78,79,455,458,:
62:6,7,8,9,10,11,12,13,25,27,54,55,57,58,59,60,61,63,76,77,78,79,249,:
63:6,7,8,9,10,54,55,56,57,58,59,60,61,62,249,492,635,:
64:3,4,5,6,7,11,12,13,14,15,16,22,23,24,25,53,54,61,65,66,67,71,72,73,76,77,451,452,453,455,:
65:6,11,12,13,14,15,16,17,18,22,23,24,25,64,66,67,68,72,73,74,75,76,77,536,541,543,:
66:13,14,15,16,17,22,23,24,64,65,67,68,71,72,73,75,324,343,543,:
67:11,13,14,15,16,17,21,22,23,64,65,66,68,71,72,73,128,324,452,:
68:11,12,13,14,15,16,17,18,19,21,22,65,66,67,69,75,532,533,534,535,536,537,540,541,543,:
69:16,17,18,19,20,21,22,68,313,314,528,529,530,531,532,533,534,535,536,537,:
70:1,2,16,17,18,19,20,21,22,50,51,71,:
71:1,2,3,4,13,14,15,16,17,18,19,21,22,51,64,66,67,70,324,:
72:11,13,14,15,23,24,25,64,65,66,67,73,74,75,76,77,80,144,146,437,450,451,452,453,:
73:13,14,15,16,23,24,25,64,65,66,67,72,74,75,76,77,128,146,342,343,452,:
74:14,23,24,25,26,28,29,30,31,65,72,73,75,76,77,80,81,85,89,144,146,166,:
75:12,13,14,15,23,24,25,26,28,29,30,31,36,65,66,68,72,73,74,76,77,80,81,89,146,541,543,:
76:6,10,11,12,13,14,23,24,25,26,27,28,29,30,61,62,64,65,72,73,74,75,77,78,79,80,:
77:10,11,12,13,14,23,24,25,26,27,28,29,61,62,64,65,72,73,74,75,76,78,79,80,146,436,437,438,:
78:10,25,26,27,28,29,30,46,47,48,49,61,62,76,77,79,100,101,244,:
79:25,26,27,28,29,46,47,48,61,62,76,77,78,80,100,101,436,438,634,:
80:23,24,25,26,27,28,29,30,31,32,46,47,72,74,75,76,77,79,81,85,89,100,144,146,159,160,161,162,163,166,438,:
81:24,25,26,27,28,29,30,31,32,33,34,36,37,38,39,46,47,74,75,80,82,83,84,85,89,100,160,161,163,166,168,:
82:29,30,31,32,33,34,35,36,37,38,39,48,81,84,85,86,87,88,89,90,91,92,101,236,237,238,240,:
83:31,32,33,34,35,36,81,84,85,86,87,88,89,90,91,166,176,177,178,179,180,181,:
84:31,32,33,34,35,36,37,38,39,81,82,83,85,86,87,88,89,91,163,164,166,167,168,169,170,172,176,177,178,180,:
85:28,29,31,32,33,34,35,36,37,38,74,80,81,82,83,84,87,88,89,90,91,163,164,166,167,168,177,180,:
86:32,33,34,35,36,37,39,82,83,84,87,88,89,90,91,92,226,227,229,230,233,234,236,237,:
87:32,33,34,35,36,37,38,39,40,82,83,84,85,86,88,90,91,92,94,168,177,184,234,237,:
88:32,33,34,35,36,37,82,83,84,85,86,87,89,90,91,184,229,230,231,:
89:24,29,30,31,32,33,34,35,36,74,75,80,81,82,83,84,85,86,88,90,91,540,541,543,:
90:29,30,31,32,33,34,35,36,82,83,85,86,87,88,89,91,237,540,541,542,:
91:32,33,34,35,36,82,83,84,85,86,87,88,89,90,200,541,542,:
92:31,32,33,35,37,38,39,40,41,42,43,44,49,82,86,87,93,94,95,102,233,234,236,237,:
93:37,38,39,40,41,42,43,44,45,92,94,95,96,97,98,99,168,173,174,175,395,396,400,401,402,:
94:37,38,39,40,41,42,87,92,93,95,97,172,173,175,400,401,402,:
95:39,40,41,42,43,92,93,94,96,97,237,402,:
96:40,41,42,43,44,49,93,95,97,98,102,402,:
97:39,40,41,42,43,44,45,46,49,93,94,95,96,98,99,102,394,396,397,398,399,400,401,402,615,:
98:41,42,43,44,45,49,93,96,97,99,102,397,399,613,614,615,616,:
99:38,42,43,44,45,46,47,48,49,93,97,98,100,160,420,615,:
100:26,27,28,29,31,44,45,46,47,48,49,78,79,80,81,99,158,159,160,418,420,438,:
101:26,27,29,30,44,45,46,47,48,49,78,79,82,102,240,241,243,244,606,:
102:39,41,42,43,44,45,46,47,48,49,92,96,97,98,101,237,240,605,606,:
103:104,105,106,107,108,109,658,660,661,664,:
104:103,105,106,107,108,109,110,660,661,664,666,:
105:103,104,106,107,108,109,110,658,659,660,:
106:103,104,105,107,108,109,:
107:103,104,105,106,108,:
108:103,104,105,106,107,109,110,111,127,:
109:103,104,105,106,108,110,111,112,113,115,466,659,664,665,:
110:104,105,108,109,111,112,113,114,115,116,117,118,466,:
111:51,108,109,110,112,113,114,115,116,117,118,119,465,466,467,665,:
112:51,52,109,110,111,113,114,115,117,118,119,465,466,467,664,665,:
113:51,109,110,111,112,114,115,116,117,118,119,466,467,:
114:110,111,112,113,115,116,117,118,119,:
115:109,110,111,112,113,114,116,117,119,:
116:110,111,113,114,115,117,118,119,:
117:1,50,51,52,110,111,112,113,114,115,116,118,119,465,466,467,:
118:1,50,51,52,110,111,112,113,114,116,117,119,465,466,467,:
119:1,50,51,52,111,112,113,114,115,116,117,118,467,:
120:121,122,123,124,125,126,129,130,328,329,345,:
121:120,122,123,124,125,328,329,336,338,344,345,:
122:120,121,123,124,125,126,127,128,129,130,131,329,345,:
123:120,121,122,124,125,126,127,129,130,131,132,133,134,138,139,344,345,:
124:120,121,122,123,125,126,129,130,131,132,138,139,338,339,344,345,346,348,349,:
125:120,121,122,123,124,126,127,128,129,130,329,:
126:120,122,123,124,125,127,128,129,130,450,:
127:108,122,123,125,126,128,130,:
128:67,73,122,125,126,127,450,452,:
129:120,122,123,124,125,126,130,131,132,133,134,135,137,138,139,345,:
130:120,122,123,124,125,126,127,129,131,132,133,134,135,137,:
131:122,123,124,129,130,132,133,134,135,136,137,138,139,140,345,348,:
132:123,124,129,130,131,133,134,135,138,139,140,141,143,147,148,348,445,446,:
133:123,129,130,131,132,134,138,139,140,141,143,148,442,444,445,446,448,:
134:123,129,130,131,132,133,135,136,137,138,139,:
135:129,130,131,132,134,136,137,:
136:131,134,135,137,:
137:129,130,131,134,135,136,352,:
138:123,124,129,131,132,133,134,139,140,141,142,143,144,147,148,348,445,446,:
139:123,124,129,131,132,133,134,138,140,141,142,143,147,345,346,347,348,:
140:131,132,133,138,139,141,142,143,144,145,146,147,148,149,157,162,348,445,446,448,449,:
141:132,133,138,139,140,142,143,144,145,147,148,149,150,152,156,157,161,162,348,445,446,449,:
142:138,139,140,141,143,144,145,147,148,149,150,151,156,157,161,162,163,165,166,348,355,359,:
143:132,133,138,139,140,141,142,144,145,146,147,148,157,162,166,342,348,446,448,449,450,:
144:28,72,74,80,138,140,141,142,143,145,146,147,148,156,157,161,162,166,436,437,438,448,449,450,:
145:140,141,142,143,144,146,147,148,149,150,156,157,158,159,161,162,432,433,436,437,438,439,440,446,448,449,450,:
146:23,24,25,28,72,73,74,75,77,80,140,143,144,145,157,162,166,436,437,438,448,449,450,:
147:132,138,139,140,141,142,143,144,145,148,149,150,151,152,153,154,155,156,157,162,439,440,445,446,449,:
148:132,133,138,140,141,142,143,144,145,147,149,150,152,153,154,155,156,157,439,440,441,444,445,446,447,448,449,:
149:140,141,142,145,147,148,150,151,152,153,154,155,156,157,158,162,440,445,:
150:141,142,145,147,148,149,151,152,153,154,155,156,157,158,159,161,162,425,440,:
151:142,147,149,150,152,153,154,156,157,158,159,161,162,364,365,367,:
152:141,147,148,149,150,151,153,154,155,156,157,425,440,445,:
153:147,148,149,150,151,152,154,155,156,157,424,425,430,432,433,439,440,441,444,445,447,:
154:147,148,149,150,151,152,153,155,156,157,158,424,425,430,432,433,439,440,:
155:147,148,149,150,152,153,154,440,445,447,:
156:141,142,144,145,147,148,149,150,151,152,153,154,157,158,159,160,161,162,425,432,436,438,440,:
157:140,141,142,143,144,145,146,147,148,149,150,151,152,153,154,156,158,159,161,162,432,436,437,438,439,440,449,:
158:100,145,149,150,151,154,156,157,159,160,161,162,163,418,420,425,436,438,:
159:28,80,100,145,150,151,156,157,158,160,161,162,163,164,165,166,438,:
160:28,38,45,46,80,81,99,100,156,158,159,161,162,163,164,167,168,420,438,:
161:28,80,81,141,142,144,145,150,151,156,157,158,159,160,162,163,164,165,166,167,168,:
162:80,140,141,142,143,144,145,146,147,149,150,151,156,157,158,159,160,161,163,164,165,166,:
163:28,34,38,80,81,84,85,142,158,159,160,161,162,164,165,166,167,168,169,177,:
164:38,84,85,159,160,161,162,163,165,166,167,168,169,170,172,176,177,359,367,:
165:142,159,161,162,163,164,166,167,168,169,170,171,176,177,355,356,358,359,360,363,364,366,367,:
166:28,34,74,80,81,83,84,85,142,143,144,146,159,161,162,163,164,165,167,168,177,180,342,355,:
167:34,38,84,85,160,161,163,164,165,166,168,169,170,171,172,173,174,176,177,359,367,:
168:31,32,34,37,38,39,81,84,85,87,93,160,161,163,164,165,166,167,169,170,172,173,174,176,177,:
169:38,84,163,164,165,167,168,170,171,172,173,174,175,176,177,178,359,367,373,:
170:84,164,165,167,168,169,171,172,173,176,177,178,179,180,181,182,183,359,376,:
171:165,167,169,170,172,176,177,178,179,183,359,375,376,380,382,:
172:38,84,94,164,167,168,169,170,171,173,174,175,176,177,182,183,373,401,:
173:38,40,93,94,167,168,169,170,172,174,175,372,373,394,395,400,401,:
174:93,167,168,169,172,173,175,367,368,372,373,374,392,393,394,395,396,400,401,:
175:40,93,94,169,172,173,174,373,394,395,396,400,401,402,:
176:34,83,84,164,165,167,168,169,170,171,172,177,178,179,180,181,182,183,184,185,186,:
177:34,38,83,84,85,87,163,164,165,166,167,168,169,170,171,172,176,178,179,180,181,182,183,184,:
178:83,84,169,170,171,176,177,179,180,181,182,183,184,185,186,187,382,:
179:83,170,171,176,177,178,180,181,182,185,186,187,188,189,190,191,192,353,354,355,382,:
180:34,83,84,85,166,170,176,177,178,179,181,185,186,187,188,192,195,353,354,355,:
181:83,170,176,177,178,179,180,182,183,184,185,186,298,:
182:170,172,176,177,178,179,181,183,184,211,212,213,214,298,:
183:170,171,172,176,177,178,181,182,184,211,212,213,214,:
184:35,87,88,176,177,178,181,182,183,211,212,213,214,231,298,:
185:176,178,179,180,181,186,187,188,189,190,191,192,193,194,195,354,382,:
186:176,178,179,180,181,185,187,188,189,190,191,192,354,381,382,383,384,:
187:178,179,180,185,186,188,189,190,191,192,193,194,195,196,340,353,354,:
188:179,180,185,186,187,189,190,191,193,194,195,196,197,199,291,292,340,:
189:179,185,186,187,188,190,193,194,195,196,197,199,291,292,293,295,296,297,:
190:179,185,186,187,188,189,191,192,193,194,195,340,353,354,382,384,:
191:179,185,186,187,188,190,192,193,346,347,353,354,355,357,381,382,384,:
192:179,180,185,186,187,190,191,193,353,354,355,356,357,376,381,382,383,384,:
193:185,187,188,189,190,191,192,194,195,340,354,:
194:185,187,188,189,190,193,195,196,197,198,199,200,201,292,337,340,:
195:180,185,187,188,189,190,193,194,196,197,198,199,200,336,337,338,339,340,341,:
196:187,188,189,194,195,197,198,199,200,201,292,295,337,:
197:188,189,194,195,196,198,199,200,201,295,337,340,:
198:194,195,196,197,199,200,201,308,320,327,328,336,337,338,340,:
199:188,189,194,195,196,197,198,200,201,295,:
200:91,194,195,196,197,198,199,201,306,337,:
201:194,196,197,198,199,200,295,305,308,:
202:203,204,205,206,207,208,215,216,284,287,:
203:202,204,205,206,207,215,283,284,285,286,287,:
204:202,203,205,206,207,208,209,215,216,217,284,287,:
205:202,203,204,206,207,208,215,216,217,218,219,220,221,284,:
206:202,203,204,205,207,215,216,217,218,220,225,278,283,284,285,287,290,:
207:202,203,204,205,206,208,209,210,215,216,290,:
208:202,204,205,207,209,210,211,213,215,216,219,:
209:204,207,208,210,211,212,213,214,231,:
210:207,208,209,211,212,213,214,:
211:182,183,184,208,209,210,212,213,214,:
212:182,183,184,209,210,211,213,214,:
213:182,183,184,208,209,210,211,212,214,231,298,:
214:182,183,184,209,210,211,212,213,:
215:202,203,204,205,206,207,208,216,217,218,219,220,221,224,225,:
216:202,204,205,206,207,208,215,217,218,219,220,221,:
217:204,205,206,215,216,218,219,220,221,222,224,225,226,278,:
218:205,206,215,216,217,219,220,221,224,225,226,227,228,229,231,278,:
219:205,208,215,216,217,218,220,224,225,226,227,229,231,:
220:205,206,215,216,217,218,219,221,222,223,224,225,:
221:205,215,216,217,218,220,222,223,:
222:217,220,221,223,277,278,:
223:220,221,222,267,:
224:215,217,218,219,220,225,226,227,228,229,230,231,232,233,234,270,275,278,:
225:206,215,217,218,219,220,224,226,227,228,229,230,231,232,233,274,275,277,278,:
226:86,217,218,219,224,225,227,228,229,230,231,232,233,234,235,275,278,:
227:86,218,219,224,225,226,228,229,230,231,232,233,234,235,236,237,270,272,275,:
228:218,224,225,226,227,229,230,232,233,234,235,236,264,265,267,268,270,274,275,278,:
229:35,86,88,218,219,224,225,226,227,228,230,231,232,233,234,:
230:35,86,88,224,225,226,227,228,229,231,232,233,280,:
231:88,184,209,213,218,219,224,225,226,227,229,230,232,298,:
232:224,225,226,227,228,229,230,231,275,277,278,280,282,288,289,290,:
233:86,92,224,225,226,227,228,229,230,234,235,236,237,238,239,270,272,:
234:35,86,87,92,224,226,227,228,229,233,235,236,237,270,272,:
235:226,227,228,233,234,236,237,238,239,240,261,268,270,272,:
236:82,86,92,227,228,233,234,235,237,238,239,240,241,242,261,:
237:32,35,37,39,41,82,86,87,90,92,95,102,227,233,234,235,236,238,239,240,:
238:82,233,235,236,237,239,240,241,242,243,244,261,:
239:233,235,236,237,238,240,241,242,243,257,258,259,260,261,545,:
240:30,48,82,101,102,235,236,237,238,239,241,242,243,244,245,:
241:101,236,238,239,240,242,243,244,245,246,247,248,252,253,258,261,545,606,:
242:236,238,239,240,241,243,244,245,246,247,252,253,257,258,259,260,261,606,607,:
243:101,238,239,240,241,242,244,245,246,247,248,249,250,252,253,258,536,545,606,:
244:30,78,101,238,240,241,242,243,245,246,247,248,249,250,536,:
245:240,241,242,243,244,246,247,248,249,250,251,252,253,254,258,607,:
246:241,242,243,244,245,247,248,249,250,252,253,254,255,257,258,545,:
247:241,242,243,244,245,246,248,250,252,253,254,255,257,258,530,531,532,533,534,535,536,544,545,546,547,549,550,553,:
248:9,58,60,241,243,244,245,246,247,249,250,251,252,253,532,:
249:9,10,58,60,62,63,243,244,245,246,248,250,251,598,:
250:9,58,59,60,243,244,245,246,247,248,249,251,252,253,572,574,:
251:60,245,248,249,250,492,594,597,598,599,607,:
252:241,242,243,245,246,247,248,250,253,254,255,256,257,258,573,:
253:241,242,243,245,246,247,248,250,252,254,255,257,258,573,:
254:245,246,247,252,253,255,256,257,258,259,553,573,:
255:246,247,252,253,254,256,257,258,259,260,261,546,547,548,:
256:252,254,255,257,258,259,260,547,548,:
257:239,242,246,247,252,253,254,255,256,258,259,260,261,262,263,546,:
258:239,241,242,243,245,246,247,252,253,254,255,256,257,259,260,261,545,:
259:239,242,254,255,256,257,258,260,261,262,263,264,:
260:239,242,255,256,257,258,259,261,262,263,264,265,266,267,268,269,546,:
261:235,236,238,239,241,242,255,257,258,259,260,262,263,264,265,544,545,546,:
262:257,259,260,261,263,264,265,266,267,268,269,274,275,:
263:257,259,260,261,262,264,265,266,267,268,269,:
264:228,259,260,261,262,263,265,266,267,268,269,270,274,275,276,:
265:228,260,261,262,263,264,266,267,268,274,275,276,277,278,279,281,:
266:260,262,263,264,265,267,274,275,276,279,281,:
267:223,228,260,262,263,264,265,266,268,269,270,271,272,274,275,:
268:228,235,260,262,263,264,265,267,269,270,271,272,273,:
269:260,262,263,264,267,268,270,271,272,273,:
270:224,227,228,233,234,235,264,267,268,269,271,272,273,:
271:267,268,269,270,272,273,:
272:227,233,234,235,267,268,269,270,271,273,:
273:268,269,270,271,272,:
274:225,228,262,264,265,266,267,275,276,277,278,279,280,281,:
275:224,225,226,227,228,232,262,264,265,266,267,274,276,277,278,279,280,281,:
276:264,265,266,274,275,277,278,279,280,281,282,:
277:222,225,232,265,274,275,276,278,279,280,281,:
278:206,217,218,222,224,225,226,228,232,265,274,275,276,277,279,280,283,284,:
279:265,266,274,275,276,277,278,280,281,282,:
280:230,232,274,275,276,277,278,279,281,282,:
281:265,266,274,275,276,277,279,280,282,539,:
282:232,276,279,280,281,289,300,542,:
283:203,206,278,284,285,286,287,288,289,290,:
284:202,203,204,205,206,278,283,285,286,287,288,289,290,:
285:203,206,283,284,286,287,288,289,290,:
286:203,283,284,285,287,288,289,290,:
287:202,203,204,206,283,284,285,286,288,290,:
288:232,283,284,285,286,287,289,290,:
289:232,282,283,284,285,286,288,290,:
290:206,207,232,283,284,285,286,287,288,289,296,:
291:188,189,292,293,294,295,296,297,299,:
292:188,189,194,196,291,293,294,295,296,297,299,:
293:189,291,292,294,295,296,297,298,299,:
294:291,292,293,295,296,297,:
295:189,196,197,199,201,291,292,293,294,296,:
296:189,290,291,292,293,294,295,297,298,299,:
297:189,291,292,293,294,296,298,299,:
298:181,182,184,213,231,293,296,297,299,:
299:291,292,293,296,297,298,:
300:282,301,302,303,304,305,306,307,308,309,:
301:300,302,303,304,305,306,308,:
302:300,301,303,304,305,306,307,308,309,310,315,317,:
303:300,301,302,304,305,306,307,308,309,310,311,313,314,315,316,317,:
304:300,301,302,303,305,306,307,308,309,310,311,312,315,316,317,:
305:201,300,301,302,303,304,306,307,308,309,315,317,320,:
306:200,300,301,302,303,304,305,307,308,309,315,316,317,319,320,542,543,:
307:300,302,303,304,305,306,308,309,310,311,314,315,316,317,318,319,320,543,:
308:198,201,300,301,302,303,304,305,306,307,317,320,:
309:300,302,303,304,305,306,307,310,311,312,313,314,315,316,317,:
310:302,303,304,307,309,311,312,313,314,315,316,317,318,:
311:303,304,307,309,310,312,313,314,315,316,317,318,319,321,:
312:304,309,310,311,313,316,317,318,321,:
313:18,20,69,303,309,310,311,312,314,315,316,317,:
314:18,69,303,307,309,310,311,313,315,316,317,534,:
315:302,303,304,305,306,307,309,310,311,313,314,316,317,537,539,:
316:303,304,306,307,309,310,311,312,313,314,315,317,318,319,320,321,322,324,325,326,:
317:302,303,304,305,306,307,308,309,310,311,312,313,314,315,316,318,319,320,321,324,325,:
318:307,310,311,312,316,317,319,320,321,322,323,324,325,326,327,:
319:306,307,311,316,317,318,320,321,322,323,324,325,326,327,328,329,330,336,:
320:198,305,306,307,308,316,317,318,319,321,323,324,325,326,327,328,329,336,337,343,:
321:311,312,316,317,318,319,320,322,323,324,325,326,:
322:316,318,319,321,323,324,325,326,:
323:318,319,320,321,322,324,325,326,327,328,329,:
324:15,16,22,66,67,71,316,317,318,319,320,321,322,323,325,326,329,343,:
325:316,317,318,319,320,321,322,323,324,326,327,328,329,330,331,332,336,337,:
326:316,318,319,320,321,322,323,324,325,327,328,329,330,331,332,333,:
327:198,318,319,320,323,325,326,328,329,330,331,332,333,336,337,338,:
328:120,121,198,319,320,323,325,326,327,329,330,331,336,337,338,339,341,343,:
329:120,121,122,125,319,320,323,324,325,326,327,328,330,336,337,338,339,341,343,:
330:319,325,326,327,328,329,331,332,333,334,335,336,337,:
331:325,326,327,328,330,332,333,334,335,:
332:325,326,327,330,331,333,334,335,:
333:326,327,330,331,332,334,335,:
334:330,331,332,333,335,:
335:330,331,332,333,334,:
336:121,195,198,319,320,325,327,328,329,330,337,338,339,340,341,342,343,344,345,:
337:194,195,196,197,198,200,320,325,327,328,329,330,336,338,339,340,341,343,344,:
338:121,124,195,198,327,328,329,336,337,339,340,341,342,343,344,345,346,:
339:124,195,328,329,336,337,338,340,341,342,343,344,345,346,347,348,349,350,353,354,:
340:187,188,190,193,194,195,197,198,336,337,338,339,341,342,344,345,346,347,353,354,:
341:195,328,329,336,337,338,339,340,342,343,344,345,:
342:73,143,166,336,338,339,340,341,343,344,345,:
343:66,73,320,324,328,329,336,337,338,339,341,342,:
344:121,123,124,336,337,338,339,340,341,342,345,346,347,348,349,350,351,352,353,354,:
345:120,121,122,123,124,129,131,139,336,338,339,340,341,342,344,346,347,348,349,350,352,:
346:124,139,191,338,339,340,344,345,347,348,349,350,351,352,353,354,355,:
347:139,191,339,340,344,345,346,348,349,350,351,353,354,355,356,357,:
348:124,131,132,138,139,140,141,142,143,339,344,345,346,347,349,351,353,354,355,356,357,:
349:124,339,344,345,346,347,348,350,351,352,353,354,:
350:339,344,345,346,347,349,351,352,:
351:344,346,347,348,349,350,352,353,354,357,:
352:137,344,345,346,349,350,351,:
353:179,180,187,190,191,192,339,340,344,346,347,348,349,351,354,355,356,357,358,359,:
354:179,180,185,186,187,190,191,192,193,339,340,344,346,347,348,349,351,353,355,356,357,382,:
355:142,165,166,179,180,191,192,346,347,348,353,354,356,357,358,359,360,376,:
356:165,192,347,348,353,354,355,357,358,359,360,361,363,375,376,382,:
357:191,192,347,348,351,353,354,355,356,358,359,360,361,362,375,376,382,:
358:165,353,355,356,357,359,360,361,362,363,364,375,376,:
359:142,164,165,167,169,170,171,353,355,356,357,358,360,361,363,364,375,376,:
360:165,355,356,357,358,359,361,362,363,364,365,375,376,377,:
361:356,357,358,359,360,362,363,364,375,376,377,378,380,:
362:357,358,360,361,363,375,376,377,378,379,:
363:165,356,358,359,360,361,362,364,365,366,367,368,369,370,375,376,:
364:151,165,358,359,360,361,363,365,366,367,368,369,370,:
365:151,360,363,364,366,367,368,369,370,371,372,:
366:165,363,364,365,367,368,369,370,371,372,373,374,386,388,:
367:151,164,165,167,169,174,363,364,365,366,368,369,370,372,373,374,388,392,:
368:174,363,364,365,366,367,369,370,371,372,373,374,386,387,388,:
369:363,364,365,366,367,368,370,371,372,373,374,386,:
370:363,364,365,366,367,368,369,371,372,374,:
371:365,366,368,369,370,372,373,374,386,:
372:173,174,365,366,367,368,369,370,371,373,374,386,387,392,395,:
373:169,172,173,174,175,366,367,368,369,371,372,374,392,394,395,:
374:174,366,367,368,369,370,371,372,373,387,392,395,:
375:171,356,357,358,359,360,361,362,363,376,377,378,379,380,381,382,:
376:170,171,192,355,356,357,358,359,360,361,362,363,375,377,378,380,381,382,:
377:360,361,362,375,376,378,379,380,381,382,383,385,:
378:361,362,375,376,377,379,380,381,382,383,385,:
379:362,375,377,378,380,381,383,385,:
380:171,361,375,376,377,378,379,381,382,383,384,385,:
381:186,191,192,375,376,377,378,379,380,382,383,384,385,:
382:171,178,179,185,186,190,191,192,354,356,357,375,376,377,378,380,381,383,384,385,:
383:186,192,377,378,379,380,381,382,384,385,:
384:186,190,191,192,380,381,382,383,385,:
385:377,378,379,380,381,382,383,384,:
386:366,368,369,371,372,387,388,389,390,391,392,:
387:368,372,374,386,388,389,390,391,392,:
388:366,367,368,386,387,389,390,391,392,393,404,:
389:386,387,388,390,391,392,403,404,:
390:386,387,388,389,391,403,404,405,408,:
391:386,387,388,389,390,392,393,394,409,419,:
392:174,367,372,373,374,386,387,388,389,391,393,394,395,396,398,:
393:174,388,391,392,394,395,396,397,398,399,400,:
394:97,173,174,175,373,391,392,393,395,396,397,398,399,400,401,402,:
395:93,173,174,175,372,373,374,392,393,394,396,397,398,400,401,402,:
396:93,97,174,175,392,393,394,395,397,398,399,400,401,402,:
397:97,98,393,394,395,396,398,399,400,401,402,:
398:97,392,393,394,395,396,397,399,400,402,:
399:43,97,98,393,394,396,397,398,400,401,402,:
400:40,41,42,93,94,97,173,174,175,393,394,395,396,397,398,399,401,402,:
401:40,41,93,94,97,172,173,174,175,394,395,396,397,399,400,402,:
402:40,41,42,43,93,94,95,96,97,175,394,395,396,397,398,399,400,401,:
403:389,390,404,405,406,407,408,409,:
404:388,389,390,403,405,406,407,408,409,:
405:390,403,404,406,407,408,409,410,411,:
406:403,404,405,407,408,409,:
407:403,404,405,406,408,:
408:390,403,404,405,406,407,409,410,411,:
409:391,403,404,405,406,408,410,411,:
410:405,408,409,411,:
411:405,408,409,410,419,:
412:413,414,415,416,417,418,421,422,621,637,:
413:412,414,415,416,417,620,621,628,630,637,:
414:412,413,415,416,417,418,419,420,421,422,423,621,637,:
415:412,413,414,416,417,418,419,421,422,423,424,425,426,430,431,636,637,:
416:412,413,414,415,417,418,421,422,423,424,430,431,435,630,631,636,637,638,640,641,:
417:412,413,414,415,416,418,419,420,421,422,621,:
418:100,158,412,414,415,416,417,419,420,421,422,:
419:391,411,414,415,417,418,420,422,:
420:45,46,99,100,158,160,414,417,418,419,615,:
421:412,414,415,416,417,418,422,423,424,425,426,427,429,430,431,637,:
422:412,414,415,416,417,418,419,421,423,424,425,426,427,429,:
423:414,415,416,421,422,424,425,426,427,428,429,430,431,432,637,640,:
424:153,154,415,416,421,422,423,425,426,427,430,431,432,433,435,440,640,:
425:150,152,153,154,156,158,415,421,422,423,424,426,430,431,432,433,435,440,:
426:415,421,422,423,424,425,427,428,429,430,431,:
427:421,422,423,424,426,428,429,:
428:423,426,427,429,:
429:421,422,423,426,427,428,641,:
430:153,154,415,416,421,423,424,425,426,431,432,433,434,435,436,439,440,640,:
431:415,416,421,423,424,425,426,430,432,433,434,435,439,636,637,638,639,640,:
432:145,153,154,156,157,423,424,425,430,431,433,434,435,436,437,438,439,440,441,449,640,:
433:145,153,154,424,425,430,431,432,434,435,436,437,439,440,441,442,444,448,449,453,454,640,:
434:430,431,432,433,435,436,437,439,440,441,442,443,448,449,453,454,455,457,458,640,647,:
435:416,424,425,430,431,432,433,434,436,437,438,439,440,449,454,640,:
436:28,77,79,144,145,146,156,157,158,430,432,433,434,435,437,438,439,449,454,:
437:72,77,144,145,146,157,432,433,434,435,436,438,439,440,448,449,450,451,453,454,458,:
438:25,26,27,28,46,77,79,80,100,144,145,146,156,157,158,159,160,432,435,436,437,:
439:145,147,148,153,154,157,430,431,432,433,434,435,436,437,440,441,442,443,444,445,446,447,448,449,454,:
440:145,147,148,149,150,152,153,154,155,156,157,424,425,430,432,433,434,435,437,439,441,442,444,445,446,447,448,449,:
441:148,153,432,433,434,439,440,442,443,444,445,446,447,448,449,450,454,:
442:133,433,434,439,440,441,443,444,445,446,447,448,449,450,451,453,454,:
443:434,439,441,442,444,445,446,448,449,450,451,453,454,656,657,659,:
444:133,148,153,433,439,440,441,442,443,445,446,447,448,449,:
445:132,133,138,140,141,147,148,149,152,153,155,439,440,441,442,443,444,446,447,448,449,:
446:132,133,138,140,141,143,145,147,148,439,440,441,442,443,444,445,447,448,449,450,:
447:148,153,155,439,440,441,442,444,445,446,:
448:133,140,143,144,145,146,148,433,434,437,439,440,441,442,443,444,445,446,449,450,451,452,453,454,:
449:140,141,143,144,145,146,147,148,157,432,433,434,435,436,437,439,440,441,442,443,444,445,446,448,450,451,453,454,:
450:72,126,128,143,144,145,146,437,441,442,443,446,448,449,451,452,453,454,455,:
451:13,64,72,437,442,443,448,449,450,452,453,454,455,456,458,:
452:4,13,14,15,23,54,64,67,72,73,128,448,450,451,453,454,455,456,458,460,:
453:54,64,72,433,434,437,442,443,448,449,450,451,452,454,455,456,457,458,459,460,:
454:433,434,435,436,437,439,441,442,443,448,449,450,451,452,453,455,456,457,458,:
455:4,54,57,61,64,434,450,451,452,453,454,456,457,458,459,460,461,469,651,:
456:4,54,57,451,452,453,454,455,457,458,459,460,461,462,464,468,469,650,651,659,:
457:434,453,454,455,456,458,459,460,461,462,463,468,469,647,648,650,651,652,655,656,659,:
458:10,54,57,61,434,437,451,452,453,454,455,456,457,459,460,469,472,647,:
459:4,54,57,453,455,456,457,458,460,461,462,463,464,465,466,468,469,651,659,:
460:1,3,4,5,6,8,51,52,54,56,57,452,453,455,456,457,458,459,461,462,464,465,466,468,469,:
461:455,456,457,459,460,462,463,464,465,466,467,468,469,470,651,659,664,665,:
462:456,457,459,460,461,463,464,465,468,469,470,471,472,473,474,475,650,651,:
463:457,459,461,462,464,468,469,470,471,473,475,650,651,:
464:4,52,456,459,460,461,462,463,465,466,467,468,469,475,664,665,:
465:1,4,51,52,111,112,117,118,459,460,461,462,464,466,467,664,665,666,:
466:4,51,52,109,110,111,112,113,117,118,459,460,461,464,465,467,658,659,660,664,665,666,:
467:1,50,51,52,111,112,113,117,118,119,461,464,465,466,665,:
468:57,456,457,459,460,461,462,463,464,469,470,471,472,473,474,475,476,477,478,651,:
469:4,8,55,56,57,455,456,457,458,459,460,461,462,463,464,468,470,471,472,473,474,475,:
470:461,462,463,468,469,471,472,473,474,475,476,477,478,479,:
471:462,463,468,469,470,472,473,474,477,478,479,480,481,482,483,484,645,646,647,:
472:55,57,458,462,468,469,470,471,473,477,478,479,480,484,487,645,646,647,:
473:462,463,468,469,470,471,472,474,475,476,477,478,505,590,:
474:462,468,469,470,471,473,475,476,503,504,505,506,590,:
475:462,463,464,468,469,470,473,474,476,503,504,505,506,:
476:468,470,473,474,475,502,503,504,505,506,523,590,:
477:468,470,471,472,473,478,479,480,481,482,483,484,485,486,487,646,:
478:468,470,471,472,473,477,479,480,481,482,483,484,646,:
479:470,471,472,477,478,480,481,482,483,484,485,486,487,488,632,645,646,:
480:471,472,477,478,479,481,482,483,485,486,487,488,489,491,584,632,:
481:471,477,478,479,480,482,485,486,487,488,489,491,583,584,585,587,588,589,:
482:471,477,478,479,480,481,483,484,485,486,487,632,645,646,:
483:471,477,478,479,480,482,484,485,638,639,645,646,647,649,:
484:471,472,477,478,479,482,483,485,645,646,647,648,649,:
485:477,479,480,481,482,483,484,486,487,632,644,646,:
486:477,479,480,481,482,485,487,488,489,490,491,492,493,584,629,632,635,:
487:472,477,479,480,481,482,485,486,488,489,490,491,492,628,629,630,631,632,633,635,:
488:479,480,481,486,487,489,490,491,492,493,584,587,629,:
489:480,481,486,487,488,490,491,492,493,587,629,:
490:486,487,488,489,491,492,493,612,619,620,628,629,630,632,635,:
491:480,481,486,487,488,489,490,492,493,:
492:63,251,486,487,488,489,490,491,493,598,629,635,:
493:486,488,489,490,491,492,587,597,600,:
494:495,496,497,498,499,500,507,508,576,579,:
495:494,496,497,498,499,507,575,576,578,579,:
496:494,495,497,498,499,500,501,507,508,509,576,:
497:494,495,496,498,499,500,507,508,509,510,511,512,516,517,576,:
498:494,495,496,497,499,500,507,508,509,510,517,570,575,576,577,579,582,:
499:494,495,496,497,498,500,501,502,507,508,582,:
500:494,496,497,498,499,501,502,503,505,507,508,511,523,:
501:496,499,500,502,503,504,505,506,523,:
502:476,499,500,501,503,504,505,506,:
503:474,475,476,500,501,502,504,505,506,:
504:474,475,476,501,502,503,505,506,:
505:473,474,475,476,500,501,502,503,504,506,523,:
506:474,475,476,501,502,503,504,505,:
507:494,495,496,497,498,499,500,508,509,510,511,512,513,516,517,:
508:494,496,497,498,499,500,507,509,510,511,512,513,516,:
509:496,497,498,507,508,510,511,512,513,514,516,517,518,570,:
510:497,498,507,508,509,511,512,513,516,517,518,519,520,521,523,570,:
511:497,500,507,508,509,510,512,516,517,518,519,521,523,:
512:497,507,508,509,510,511,513,514,515,516,517,:
513:507,508,509,510,512,514,515,:
514:509,512,513,515,569,570,:
515:512,513,514,559,:
516:497,507,508,509,510,511,512,517,518,519,520,521,522,523,525,526,567,570,:
517:497,498,507,509,510,511,512,516,518,519,520,521,522,523,566,567,569,570,:
518:509,510,511,516,517,519,520,521,522,523,525,526,527,567,:
519:510,511,516,517,518,520,521,522,523,525,526,527,528,529,562,564,567,:
520:510,516,517,518,519,521,522,525,526,527,528,531,556,557,559,560,562,566,567,570,:
521:59,510,511,516,517,518,519,520,522,523,524,525,526,:
522:60,516,517,518,519,520,521,523,524,525,572,:
523:476,500,501,505,510,511,516,517,518,519,521,522,524,590,:
524:55,59,60,521,522,523,581,:
525:59,516,518,519,520,521,522,526,527,528,529,530,531,562,564,:
526:53,59,516,518,519,520,521,525,527,528,529,564,:
527:20,518,519,520,525,526,528,529,530,531,532,553,560,562,564,565,:
528:9,18,19,20,53,58,59,69,519,520,525,526,527,529,530,531,532,533,534,553,:
529:2,3,5,6,9,12,18,19,20,53,58,59,69,519,525,526,527,528,530,531,532,533,:
530:18,53,58,59,69,247,525,527,528,529,531,532,533,534,535,536,550,552,553,:
531:69,247,520,525,527,528,529,530,532,533,534,535,549,550,551,552,553,554,:
532:9,12,17,18,53,58,59,68,69,247,248,527,528,529,530,531,533,534,535,536,537,545,550,553,:
533:17,18,68,69,247,528,529,530,531,532,534,535,536,537,538,539,540,544,545,549,550,553,:
534:18,68,69,247,314,528,530,531,532,533,535,536,537,538,539,544,545,549,550,551,553,:
535:12,17,18,68,69,247,530,531,532,533,534,536,537,538,539,540,541,542,543,544,545,550,:
536:12,65,68,69,243,244,247,530,532,533,534,535,537,538,540,541,544,545,:
537:68,69,315,532,533,534,535,536,538,539,540,541,542,543,544,545,546,550,:
538:533,534,535,536,537,539,540,541,542,544,545,546,547,549,550,:
539:281,315,533,534,535,537,538,540,542,544,545,546,547,549,550,:
540:36,68,89,90,533,535,536,537,538,539,541,542,543,544,545,:
541:17,30,36,65,68,75,89,90,91,535,536,537,538,540,542,543,:
542:90,91,282,306,535,537,538,539,540,541,543,:
543:17,65,66,68,75,89,306,307,535,537,540,541,542,:
544:247,261,533,534,535,536,537,538,539,540,545,546,547,548,549,550,:
545:239,241,243,246,247,258,261,532,533,534,535,536,537,538,539,540,544,546,547,549,550,:
546:247,255,257,260,261,537,538,539,544,545,547,548,549,550,551,:
547:247,255,256,538,539,544,545,546,548,549,550,551,552,553,:
548:255,256,544,546,547,549,550,551,552,:
549:247,531,533,534,538,539,544,545,546,547,548,550,551,552,553,554,555,:
550:247,530,531,532,533,534,535,537,538,539,544,545,546,547,548,549,551,552,553,554,:
551:531,534,546,547,548,549,550,552,553,554,555,556,:
552:530,531,547,548,549,550,551,553,554,555,556,557,558,559,560,561,:
553:247,254,527,528,530,531,532,533,534,547,549,550,551,552,554,555,556,557,567,:
554:531,549,550,551,552,553,555,556,557,558,559,560,561,566,567,:
555:549,551,552,553,554,556,557,558,559,560,561,:
556:520,551,552,553,554,555,557,558,559,560,561,562,566,567,568,:
557:520,552,553,554,555,556,558,559,560,566,567,568,569,570,571,573,:
558:552,554,555,556,557,559,566,567,568,571,573,:
559:515,520,552,554,555,556,557,558,560,561,562,563,564,566,567,:
560:520,527,552,554,555,556,557,559,561,562,563,564,565,:
561:552,554,555,556,559,560,562,563,564,565,:
562:519,520,525,527,556,559,560,561,563,564,565,:
563:559,560,561,562,564,565,:
564:519,525,526,527,559,560,561,562,563,565,:
565:527,560,561,562,563,564,:
566:517,520,554,556,557,558,559,567,568,569,570,571,572,573,:
567:516,517,518,519,520,553,554,556,557,558,559,566,568,569,570,571,572,573,:
568:556,557,558,566,567,569,570,571,572,573,574,:
569:514,517,557,566,567,568,570,571,572,573,:
570:498,509,510,514,516,517,520,557,566,567,568,569,571,572,576,:
571:557,558,566,567,568,569,570,572,573,574,:
572:250,522,566,567,568,569,570,571,573,574,581,:
573:252,253,254,557,558,566,567,568,569,571,572,574,:
574:250,568,571,572,573,581,:
575:495,498,576,577,578,579,580,581,582,:
576:494,495,496,497,498,570,575,577,578,579,580,581,582,:
577:498,575,576,578,579,580,581,582,:
578:495,575,576,577,579,580,581,582,:
579:494,495,498,575,576,577,578,580,582,:
580:575,576,577,578,579,581,582,:
581:524,572,574,575,576,577,578,580,582,:
582:498,499,575,576,577,578,579,580,581,588,590,:
583:481,584,585,586,587,588,589,591,:
584:480,481,486,488,583,585,586,587,588,589,591,:
585:481,583,584,586,587,588,589,590,591,:
586:583,584,585,587,588,589,:
587:481,488,489,493,583,584,585,586,588,:
588:481,582,583,584,585,586,587,589,590,591,:
589:481,583,584,585,586,588,590,591,:
590:473,474,476,523,582,585,588,589,591,:
591:583,584,585,588,589,590,:
592:593,594,595,596,597,598,599,600,601,:
593:592,594,595,596,597,598,600,:
594:251,592,593,595,596,597,598,599,600,601,602,607,609,:
595:592,593,594,596,597,598,599,600,601,602,603,605,606,607,608,609,:
596:592,593,594,595,597,598,599,600,601,602,603,604,607,608,609,:
597:251,493,592,593,594,595,596,598,599,600,601,607,609,612,:
598:249,251,492,592,593,594,595,596,597,599,600,601,607,608,609,611,612,:
599:251,592,594,595,596,597,598,600,601,602,603,606,607,608,609,610,611,612,:
600:493,592,593,594,595,596,597,598,599,609,611,612,:
601:592,594,595,596,597,598,599,602,603,604,605,606,607,608,609,:
602:594,595,596,599,601,603,604,605,606,607,608,609,610,:
603:595,596,599,601,602,604,605,606,607,608,609,610,611,612,613,614,616,:
604:596,601,602,603,605,608,609,610,613,616,:
605:49,102,595,601,602,603,604,606,607,608,609,:
606:48,49,101,102,241,242,243,595,599,601,602,603,605,607,608,609,:
607:242,245,251,594,595,596,597,598,599,601,602,603,605,606,608,609,:
608:595,596,598,599,601,602,603,604,605,606,607,609,610,611,612,613,614,615,616,617,618,:
609:594,595,596,597,598,599,600,601,602,603,604,605,606,607,608,610,611,612,613,614,617,:
610:599,602,603,604,608,609,611,612,613,614,615,616,617,618,619,:
611:598,599,600,603,608,609,610,612,613,614,615,616,617,618,619,620,621,622,628,629,:
612:490,597,598,599,600,603,608,609,610,611,613,614,617,618,619,620,621,628,629,634,:
613:98,603,604,608,609,610,611,612,614,615,616,617,618,:
614:44,45,98,603,608,609,610,611,612,613,615,616,617,621,634,:
615:43,44,45,46,49,97,98,99,420,608,610,611,613,614,616,:
616:98,603,604,608,610,611,613,614,615,618,:
617:608,609,610,611,612,613,614,618,619,620,621,622,623,624,625,628,629,:
618:608,610,611,612,613,616,617,619,620,621,622,623,624,625,627,:
619:490,610,611,612,617,618,620,621,622,623,624,625,627,628,629,630,:
620:413,490,611,612,617,618,619,621,622,623,628,629,630,631,633,634,635,:
621:412,413,414,417,611,612,614,617,618,619,620,622,628,629,630,631,633,634,:
622:611,617,618,619,620,621,623,624,625,626,627,628,629,:
623:617,618,619,620,622,624,625,626,627,:
624:617,618,619,622,623,625,626,627,:
625:617,618,619,622,623,624,626,627,:
626:622,623,624,625,627,:
627:618,619,622,623,624,625,626,:
628:413,487,490,611,612,617,619,620,621,622,629,630,631,632,633,634,635,636,637,:
629:486,487,488,489,490,492,611,612,617,619,620,621,622,628,630,631,632,633,634,635,636,:
630:413,416,487,490,619,620,621,628,629,631,632,633,634,635,636,637,638,:
631:416,487,620,621,628,629,630,632,633,634,635,636,637,638,639,640,641,642,644,645,646,:
632:479,480,482,485,486,487,490,628,629,630,631,633,635,636,637,638,639,644,645,646,:
633:487,620,621,628,629,630,631,632,634,635,636,637,:
634:79,612,614,620,621,628,629,630,631,633,635,:
635:63,486,487,490,492,620,628,629,630,631,632,633,634,636,:
636:415,416,431,628,629,630,631,632,633,635,637,638,639,640,641,642,643,644,645,646,:
637:412,413,414,415,416,421,423,431,628,630,631,632,633,636,638,639,640,641,642,645,:
638:416,431,483,630,631,632,636,637,639,640,641,642,643,644,645,646,647,:
639:431,483,631,632,636,637,638,640,641,642,643,645,646,647,648,649,:
640:416,423,424,430,431,432,433,434,435,631,636,637,638,639,641,643,645,646,647,648,649,:
641:416,429,631,636,637,638,639,640,642,643,644,645,646,:
642:631,636,637,638,639,641,643,644,:
643:636,638,639,640,641,642,644,645,646,649,:
644:485,631,632,636,638,641,642,643,:
645:471,472,479,482,483,484,631,632,636,637,638,639,640,641,643,646,647,648,649,650,:
646:471,472,477,478,479,482,483,484,485,631,632,636,638,639,640,641,643,645,647,648,649,:
647:434,457,458,471,472,483,484,638,639,640,645,646,648,649,650,651,652,:
648:457,484,639,640,645,646,647,649,650,651,652,653,655,:
649:483,484,639,640,643,645,646,647,648,650,651,652,653,654,:
650:456,457,462,463,645,647,648,649,651,652,653,654,655,656,:
651:455,456,457,459,461,462,463,468,647,648,649,650,652,653,655,656,:
652:457,647,648,649,650,651,653,654,655,656,:
653:648,649,650,651,652,654,655,656,:
654:649,650,652,653,655,:
655:457,648,650,651,652,653,654,656,657,658,659,660,661,662,:
656:443,457,650,651,652,653,655,657,658,659,660,661,662,:
657:443,655,656,658,659,660,661,662,663,664,:
658:103,105,466,655,656,657,659,660,661,662,663,664,665,666,:
659:105,109,443,456,457,459,461,466,655,656,657,658,660,661,662,664,665,666,:
660:103,104,105,466,655,656,657,658,659,661,662,663,664,665,666,:
661:103,104,655,656,657,658,659,660,662,663,664,665,666,:
662:655,656,657,658,659,660,661,663,664,666,:
663:657,658,660,661,662,664,665,666,:
664:103,104,109,112,461,464,465,466,657,658,659,660,661,662,663,665,666,:
665:109,111,112,461,464,465,466,467,658,659,660,661,663,664,666,:
666:104,465,466,658,659,660,661,662,663,664,665,:
