1:2,3,6,8,11,13,16,26,27,28,29,36,241,521,569,:
2:1,3,4,5,6,8,13,14,16,17,27,28,29,30,31,32,36,38,41,:
3:1,2,4,5,6,8,10,11,14,15,16,17,27,29,30,31,32,36,38,39,44,107,:
4:2,3,5,8,14,16,17,29,30,31,32,41,162,246,265,270,:
5:2,3,4,8,14,16,17,29,30,31,32,38,41,60,440,:
6:1,2,3,8,10,11,12,13,16,22,26,27,28,29,30,36,38,39,40,44,486,487,569,:
7:9,18,19,20,21,24,33,34,35,37,42,308,309,401,:
8:1,2,3,4,5,6,10,11,13,16,26,27,28,29,30,36,38,39,40,569,:
9:7,10,12,18,20,21,22,23,24,25,34,35,37,40,44,400,401,421,562,:
10:3,6,8,9,11,12,13,15,16,20,22,23,24,25,30,36,38,39,40,44,565,566,567,568,:
11:1,3,6,8,10,12,13,16,20,22,25,26,30,36,38,39,40,44,486,487,565,567,568,569,:
12:6,9,10,11,20,22,24,25,37,38,39,40,44,401,416,417,418,421,491,565,:
13:1,2,6,8,10,11,16,26,27,28,29,36,38,39,40,209,485,486,487,488,520,521,:
14:2,3,4,5,17,31,32,41,162,246,252,253,257,264,265,266,268,269,270,:
15:3,10,19,20,22,23,30,36,38,39,43,44,62,64,108,564,566,:
16:1,2,3,4,5,6,8,10,11,13,17,26,27,28,29,30,31,32,36,38,39,:
17:2,3,4,5,14,16,29,30,31,32,41,162,264,265,440,:
18:7,9,19,20,21,23,24,33,34,35,42,43,561,562,:
19:7,15,18,20,21,22,23,24,42,43,44,64,:
20:7,9,10,11,12,15,18,19,21,22,23,24,25,30,37,38,39,40,42,43,44,562,563,564,565,:
21:7,9,18,19,20,22,23,24,25,33,34,35,37,42,43,44,562,:
22:6,9,10,11,12,15,19,20,21,23,24,25,30,36,37,38,39,40,44,563,564,565,567,:
23:9,10,15,18,19,20,21,22,24,25,30,38,39,42,43,44,562,563,564,:
24:7,9,10,12,18,19,20,21,22,23,25,33,34,35,37,38,39,42,44,401,562,563,:
25:9,10,11,12,20,21,22,23,24,37,38,39,40,44,401,421,563,565,:
26:1,6,8,11,13,16,27,28,29,36,241,518,519,520,521,569,570,:
27:1,2,3,6,8,13,16,26,28,29,36,108,176,241,:
28:1,2,6,8,13,16,26,27,29,36,209,239,240,241,242,521,:
29:1,2,3,4,5,6,8,13,16,17,26,27,28,31,36,208,209,239,241,:
30:2,3,4,5,6,8,10,11,15,16,17,20,22,23,32,36,38,39,44,107,108,:
31:2,3,4,5,14,16,17,29,41,162,245,246,264,265,270,:
32:2,3,4,5,14,16,17,30,38,41,60,440,:
33:7,18,21,24,34,35,37,42,309,346,347,:
34:7,9,18,21,24,33,35,37,42,401,402,562,576,:
35:7,9,18,21,24,33,34,37,42,307,308,309,310,399,400,401,402,:
36:1,2,3,6,8,10,11,13,15,16,22,26,27,28,29,30,38,39,40,108,566,568,569,:
37:7,9,12,20,21,22,24,25,33,34,35,44,307,399,400,401,402,414,416,421,:
38:2,3,5,6,8,10,11,12,13,15,16,20,22,23,24,25,30,32,36,39,40,44,439,:
39:3,6,8,10,11,12,13,15,16,20,22,23,24,25,30,36,38,40,44,563,564,565,566,567,568,569,:
40:6,8,9,10,11,12,13,20,22,25,36,38,39,44,485,486,487,488,491,565,567,568,:
41:2,4,5,14,17,31,32,162,245,246,250,252,253,257,264,265,266,267,268,269,270,:
42:7,18,19,20,21,23,24,33,34,35,43,561,:
43:15,18,19,20,21,23,42,57,62,64,65,67,68,:
44:3,6,9,10,11,12,15,19,20,21,22,23,24,25,30,37,38,39,40,439,:
45:46,47,48,49,50,51,52,53,54,:
46:45,47,48,49,50,52,:
47:45,46,48,49,50,51,52,53,54,55,105,:
48:45,46,47,49,50,51,52,53,54,55,56,57,58,62,63,105,:
49:45,46,47,48,50,51,53,54,55,56,57,:
50:45,46,47,48,49,51,52,53,54,:
51:45,47,48,49,50,52,53,54,62,63,65,66,105,:
52:45,46,47,48,50,51,116,118,:
53:45,47,48,49,50,51,54,55,56,57,58,59,60,62,63,104,105,:
54:45,47,48,49,50,51,53,55,56,58,59,62,63,104,105,109,111,124,:
55:47,48,49,53,54,56,57,58,59,60,61,62,63,64,105,:
56:48,49,53,54,55,57,58,59,60,62,63,64,65,105,:
57:43,48,49,53,55,56,58,60,62,63,64,:
58:48,53,54,55,56,57,59,60,61,62,63,105,107,:
59:53,54,55,56,58,60,61,123,124,129,131,132,133,:
60:5,32,53,55,56,57,58,59,61,62,63,:
61:55,58,59,60,107,112,113,123,130,132,259,:
62:15,43,48,51,53,54,55,56,57,58,60,63,64,65,66,67,68,102,105,:
63:48,51,53,54,55,56,57,58,60,62,64,65,66,67,101,102,103,104,105,106,:
64:15,19,43,55,56,57,62,63,65,66,67,68,69,102,:
65:43,51,56,62,63,64,66,67,68,69,70,72,73,101,102,:
66:51,62,63,64,65,67,68,69,70,72,73,85,96,97,99,100,101,102,103,105,:
67:43,62,63,64,65,66,68,69,70,71,72,73,84,85,102,:
68:43,62,64,65,66,67,69,70,71,72,73,:
69:64,65,66,67,68,70,71,72,73,74,84,85,86,:
70:65,66,67,68,69,71,72,73,84,85,86,87,88,:
71:67,68,69,70,72,84,85,86,87,552,559,561,564,:
72:65,66,67,68,69,70,71,73,74,75,79,84,85,:
73:65,66,67,68,69,70,72,74,75,76,77,78,79,100,:
74:69,72,73,75,76,77,78,79,80,81,82,:
75:72,73,74,76,77,78,79,80,81,82,83,:
76:73,74,75,77,78,79,81,82,83,:
77:73,74,75,76,78,79,80,81,82,83,:
78:73,74,75,76,77,79,80,81,82,83,100,:
79:72,73,74,75,76,77,78,80,81,83,100,:
80:74,75,77,78,79,81,82,83,:
81:74,75,76,77,78,79,80,82,83,:
82:74,75,76,77,78,80,81,83,:
83:75,76,77,78,79,80,81,82,:
84:67,69,70,71,72,85,86,87,88,92,93,:
85:66,67,69,70,71,72,84,86,87,88,90,92,93,94,96,:
86:69,70,71,84,85,87,88,90,93,545,546,547,552,:
87:70,71,84,85,86,88,89,90,93,545,546,547,552,:
88:70,84,85,86,87,89,90,92,93,:
89:87,88,90,91,92,93,94,95,182,183,188,547,:
90:85,86,87,88,89,91,92,93,94,180,182,183,547,:
91:89,90,92,93,94,95,96,182,188,:
92:84,85,88,89,90,91,93,94,95,96,97,98,99,182,188,:
93:84,85,86,87,88,89,90,91,92,94,95,96,97,98,179,180,182,547,:
94:85,89,90,91,92,93,95,96,97,98,99,100,101,102,185,:
95:89,91,92,93,94,96,97,98,99,100,119,121,185,189,:
96:66,85,91,92,93,94,95,97,98,99,100,101,102,103,:
97:66,92,93,94,95,96,98,99,101,102,103,104,105,106,108,119,185,:
98:92,93,94,95,96,97,99,101,102,103,104,110,117,119,167,173,174,178,184,185,186,189,:
99:66,92,94,95,96,97,98,100,101,102,119,120,121,122,:
100:66,73,78,79,94,95,96,99,:
101:63,65,66,94,96,97,98,99,102,103,104,105,106,107,108,109,110,:
102:62,63,64,65,66,67,94,96,97,98,99,101,103,104,105,106,108,:
103:63,66,96,97,98,101,102,104,105,106,107,108,109,110,111,167,:
104:53,54,63,97,98,101,102,103,105,106,107,108,109,110,111,112,113,114,115,117,167,:
105:47,48,51,53,54,55,56,58,62,63,66,97,101,102,103,104,106,107,109,110,111,112,114,115,:
106:63,97,101,102,103,104,105,107,108,109,110,:
107:3,30,58,61,101,103,104,105,106,108,109,110,162,164,167,:
108:15,27,30,36,97,101,102,103,104,106,107,178,:
109:54,101,103,104,105,106,107,110,111,112,113,114,115,116,117,123,124,164,166,167,:
110:98,101,103,104,105,106,107,109,111,112,113,114,115,117,163,164,165,166,167,168,171,:
111:54,103,104,105,109,110,112,113,114,115,116,117,123,124,125,164,167,:
112:61,104,105,109,110,111,113,114,115,123,124,125,126,127,128,134,163,164,:
113:61,104,109,110,111,112,114,123,124,125,126,127,134,135,159,160,163,164,165,167,168,:
114:104,105,109,110,111,112,113,115,116,117,118,119,123,124,127,:
115:104,105,109,110,111,112,114,116,117,118,119,120,:
116:52,109,111,114,115,117,118,119,120,121,122,:
117:98,104,109,110,111,114,115,116,118,119,120,121,167,:
118:52,114,115,116,117,119,120,121,122,:
119:95,97,98,99,114,115,116,117,118,120,121,122,:
120:99,115,116,117,118,119,121,122,:
121:95,99,116,117,118,119,120,122,:
122:99,116,118,119,120,121,:
123:59,61,109,111,112,113,114,124,125,126,127,128,129,131,134,135,:
124:54,59,109,111,112,113,114,123,125,126,127,128,129,131,:
125:111,112,113,123,124,126,127,128,129,130,131,134,135,136,154,:
126:112,113,123,124,125,127,128,129,134,135,136,137,138,154,:
127:112,113,114,123,124,125,126,128,134,135,136,:
128:112,123,124,125,126,127,129,130,131,132,133,134,135,:
129:59,123,124,125,126,128,130,131,132,133,149,:
130:61,125,128,129,131,132,133,148,149,259,:
131:59,123,124,125,128,129,130,132,133,:
132:59,61,128,129,130,131,133,149,259,261,262,263,:
133:59,128,129,130,131,132,263,:
134:112,113,123,125,126,127,128,135,136,137,138,151,154,:
135:113,123,125,126,127,128,134,136,137,138,147,149,150,151,153,154,:
136:125,126,127,134,135,137,138,151,154,156,:
137:126,134,135,136,138,150,151,154,156,:
138:126,134,135,136,137,141,142,147,150,151,152,154,156,:
139:140,141,142,143,144,145,150,151,:
140:139,141,142,143,144,:
141:138,139,140,142,143,144,145,146,147,150,151,152,:
142:138,139,140,141,143,144,145,147,150,151,152,153,154,155,251,255,:
143:139,140,141,142,144,145,150,151,152,155,250,251,255,:
144:139,140,141,142,143,145,146,147,148,149,150,151,:
145:139,141,142,143,144,146,147,148,149,150,151,258,:
146:141,144,145,147,148,149,258,260,:
147:135,138,141,142,144,145,146,148,149,150,151,154,256,:
148:130,144,145,146,147,149,256,258,260,261,:
149:129,130,132,135,144,145,146,147,148,256,257,258,:
150:135,137,138,139,141,142,143,144,145,147,151,152,153,154,155,156,157,158,:
151:134,135,136,137,138,139,141,142,143,144,145,147,150,152,153,154,155,156,157,:
152:138,141,142,143,150,151,153,154,155,156,157,158,159,238,250,251,255,:
153:135,142,150,151,152,154,155,156,157,158,159,160,161,162,238,255,:
154:125,126,134,135,136,137,138,142,147,150,151,152,153,155,156,157,158,159,160,162,164,:
155:142,143,150,151,152,153,154,156,157,158,232,238,:
156:136,137,138,150,151,152,153,154,155,157,232,:
157:150,151,152,153,154,155,156,158,159,160,161,162,163,164,235,237,238,250,:
158:150,152,153,154,155,157,159,160,161,162,234,235,236,237,238,243,244,245,246,250,251,252,:
159:113,152,153,154,157,158,160,161,162,163,164,165,235,238,:
160:113,153,154,157,158,159,161,162,163,164,165,166,168,170,172,235,:
161:153,157,158,159,160,162,163,164,165,166,168,170,171,172,222,228,229,234,235,236,238,:
162:4,14,17,31,41,107,153,154,157,158,159,160,161,163,164,:
163:110,112,113,157,159,160,161,162,164,165,166,167,168,169,170,171,172,:
164:107,109,110,111,112,113,154,157,159,160,161,162,163,165,166,167,168,170,171,:
165:110,113,159,160,161,163,164,166,167,168,169,170,171,172,173,222,:
166:109,110,160,161,163,164,165,167,168,169,170,171,172,173,174,175,176,184,185,222,:
167:98,103,104,107,109,110,111,113,117,163,164,165,166,168,169,171,172,173,174,184,185,:
168:110,113,160,161,163,164,165,166,167,169,170,171,172,:
169:163,165,166,167,168,170,171,172,:
170:160,161,163,164,165,166,168,169,:
171:110,161,163,164,165,166,167,168,169,172,173,174,175,176,177,184,185,219,221,222,:
172:160,161,163,165,166,167,168,169,171,173,174,175,176,218,219,220,221,222,223,226,:
173:98,165,166,167,171,172,174,175,176,177,178,184,185,186,219,222,:
174:98,166,167,171,172,173,175,176,177,178,184,185,186,187,188,189,219,:
175:166,171,172,173,174,176,177,184,185,186,187,188,218,219,220,222,223,:
176:27,166,171,172,173,174,175,177,178,179,184,185,219,222,:
177:171,173,174,175,176,178,179,180,181,182,183,184,185,188,:
178:98,108,173,174,176,177,179,180,181,182,183,184,185,188,569,:
179:93,176,177,178,180,181,182,183,547,566,568,569,570,:
180:90,93,177,178,179,181,182,183,188,544,545,547,570,:
181:177,178,179,180,182,183,188,547,570,:
182:89,90,91,92,93,177,178,179,180,181,183,187,188,547,:
183:89,90,177,178,179,180,181,182,526,544,545,546,547,570,:
184:98,166,167,171,173,174,175,176,177,178,185,186,187,188,189,190,191,:
185:94,95,97,98,166,167,171,173,174,175,176,177,178,184,186,187,188,189,190,:
186:98,173,174,175,184,185,187,188,189,190,191,:
187:174,175,182,184,185,186,188,189,190,191,:
188:89,91,92,174,175,177,178,180,181,182,184,185,186,187,189,190,:
189:95,98,174,184,185,186,187,188,190,191,:
190:184,185,186,187,188,189,191,:
191:184,186,187,189,190,:
192:193,194,195,196,197,198,:
193:192,194,195,197,198,:
194:192,193,195,196,197,198,:
195:192,193,194,196,197,198,:
196:192,194,195,197,198,:
197:192,193,194,195,196,198,199,200,504,:
198:192,193,194,195,196,197,199,200,508,:
199:197,198,200,507,508,512,513,517,:
200:197,198,199,205,504,508,:
201:202,203,204,205,206,207,210,211,464,476,:
202:201,203,204,205,206,462,464,472,473,474,475,476,505,:
203:201,202,204,205,206,207,208,209,210,211,212,476,:
204:201,202,203,205,206,207,208,210,211,212,213,214,215,217,:
205:200,201,202,203,204,206,207,210,211,212,213,214,505,506,:
206:201,202,203,204,205,207,208,209,210,211,476,:
207:201,203,204,205,206,208,209,210,211,214,:
208:29,203,204,206,207,209,210,211,:
209:13,28,29,203,206,207,208,242,487,:
210:201,203,204,205,206,207,208,211,212,213,214,215,216,217,:
211:201,203,204,205,206,207,208,210,212,213,214,215,216,217,248,:
212:203,204,205,210,211,213,214,215,216,217,:
213:204,205,210,211,212,214,215,216,217,:
214:204,205,207,210,211,212,213,215,216,217,242,248,249,:
215:204,210,211,212,213,214,216,217,:
216:210,211,212,213,214,215,217,248,249,:
217:204,210,211,212,213,214,215,216,248,249,:
218:172,175,219,220,221,222,223,224,225,226,227,:
219:171,172,173,174,175,176,218,220,221,222,223,225,:
220:172,175,218,219,221,222,223,224,225,226,227,228,:
221:171,172,218,219,220,222,223,224,225,226,227,228,229,230,231,233,:
222:161,165,166,171,172,173,175,176,218,219,220,221,223,224,226,227,228,229,231,234,235,241,:
223:172,175,218,219,220,221,222,224,225,226,227,:
224:218,220,221,222,223,225,226,227,241,512,:
225:218,219,220,221,223,224,511,512,:
226:172,218,220,221,222,223,224,227,228,229,230,231,232,233,234,235,:
227:218,220,221,222,223,224,226,228,229,230,231,233,:
228:161,220,221,222,226,227,229,230,231,232,233,234,235,236,:
229:161,221,222,226,227,228,230,231,232,233,234,235,236,237,238,239,240,:
230:221,226,227,228,229,231,232,234,235,236,237,239,240,242,:
231:221,222,226,227,228,229,230,232,233,234,235,:
232:155,156,226,228,229,230,231,233,234,235,:
233:221,226,227,228,229,231,232,:
234:158,161,222,226,228,229,230,231,232,235,236,237,238,239,240,241,242,243,:
235:157,158,159,160,161,222,226,228,229,230,231,232,234,236,237,238,239,240,241,:
236:158,161,228,229,230,234,235,237,238,239,240,241,242,243,244,249,:
237:157,158,229,230,234,235,236,238,239,240,243,244,245,246,247,248,249,250,:
238:152,153,155,157,158,159,161,229,234,235,236,237,239,243,244,245,246,249,250,251,:
239:28,29,229,230,234,235,236,237,238,240,241,242,243,249,:
240:28,229,230,234,235,236,237,239,241,242,:
241:1,26,27,28,29,222,224,234,235,236,239,240,242,:
242:28,209,214,230,234,236,239,240,241,:
243:158,234,236,237,238,239,244,245,246,247,248,249,250,251,:
244:158,236,237,238,243,245,246,247,248,249,250,251,252,:
245:31,41,158,237,238,243,244,246,247,248,249,250,251,252,253,254,255,264,:
246:4,14,31,41,158,237,238,243,244,245,247,248,249,250,251,252,253,254,264,265,270,272,:
247:237,243,244,245,246,248,249,250,251,272,:
248:211,214,216,217,237,243,244,245,246,247,249,:
249:214,216,217,236,237,238,239,243,244,245,246,247,248,:
250:41,143,152,157,158,237,238,243,244,245,246,247,251,252,253,254,255,256,264,265,:
251:142,143,152,158,238,243,244,245,246,247,250,252,253,254,255,:
252:14,41,158,244,245,246,250,251,253,254,255,256,257,258,264,265,266,:
253:14,41,245,246,250,251,252,254,255,256,257,258,264,265,266,267,269,270,272,273,274,:
254:245,246,250,251,252,253,255,256,264,265,266,267,272,273,274,:
255:142,143,152,153,245,250,251,252,253,254,256,257,258,259,260,264,265,:
256:147,148,149,250,252,253,254,255,257,258,259,260,261,264,265,:
257:14,41,149,252,253,255,256,258,259,260,261,262,263,264,265,:
258:145,146,148,149,252,253,255,256,257,259,260,261,262,:
259:61,130,132,255,256,257,258,260,261,262,263,265,:
260:146,148,255,256,257,258,259,261,262,263,275,:
261:132,148,256,257,258,259,260,262,263,275,:
262:132,257,258,259,260,261,263,:
263:132,133,257,259,260,261,262,:
264:14,17,31,41,245,246,250,252,253,254,255,256,257,265,266,267,268,269,270,273,274,:
265:4,14,17,31,41,246,250,252,253,254,255,256,257,259,264,266,267,268,269,270,273,:
266:14,41,252,253,254,264,265,267,268,269,270,271,272,273,274,275,287,298,445,:
267:41,253,254,264,265,266,268,269,270,273,274,275,276,278,286,287,297,298,445,:
268:14,41,264,265,266,267,269,273,274,275,276,277,286,287,297,298,299,445,:
269:14,41,253,264,265,266,267,268,270,271,272,273,274,298,437,440,445,:
270:4,14,31,41,246,253,264,265,266,267,269,271,272,437,:
271:266,269,270,272,437,455,465,:
272:246,247,253,254,266,269,270,271,455,:
273:253,254,264,265,266,267,268,269,274,275,276,277,278,279,286,287,298,445,:
274:253,254,264,266,267,268,269,273,275,276,278,286,287,445,452,453,:
275:260,261,266,267,268,273,274,276,277,278,279,280,286,287,288,298,:
276:267,268,273,274,275,277,278,279,286,287,288,289,291,292,297,298,:
277:268,273,275,276,278,279,286,287,288,289,297,298,:
278:267,273,274,275,276,277,279,280,281,286,287,:
279:273,275,276,277,278,280,281,282,283,284,285,286,:
280:275,278,279,281,282,283,284,285,:
281:278,279,280,282,283,284,285,:
282:279,280,281,283,284,285,:
283:279,280,281,282,284,285,295,296,:
284:279,280,281,282,283,285,:
285:279,280,281,282,283,284,:
286:267,268,273,274,275,276,277,278,279,287,288,289,290,291,292,293,294,297,298,445,:
287:266,267,268,273,274,275,276,277,278,286,288,289,291,292,293,297,298,444,445,450,452,453,454,:
288:275,276,277,286,287,289,290,291,292,293,294,297,298,299,445,:
289:276,277,286,287,288,290,291,292,297,298,299,300,301,445,:
290:286,288,289,291,297,298,299,300,301,:
291:276,286,287,288,289,290,292,293,294,295,296,297,298,445,446,:
292:276,286,287,288,289,291,293,294,295,296,454,:
293:286,287,288,291,292,294,295,296,453,454,:
294:286,288,291,292,293,295,296,:
295:283,291,292,293,294,296,454,:
296:283,291,292,293,294,295,:
297:267,268,276,277,286,287,288,289,290,291,298,299,300,301,302,303,442,445,:
298:266,267,268,269,273,275,276,277,286,287,288,289,290,291,297,299,300,301,442,445,:
299:268,288,289,290,297,298,300,301,302,303,304,440,442,:
300:289,290,297,298,299,301,302,303,304,305,306,307,439,440,442,:
301:289,290,297,298,299,300,302,303,304,305,306,311,434,435,437,439,440,441,442,443,446,:
302:297,299,300,301,303,304,305,306,307,308,309,311,312,439,440,:
303:297,299,300,301,302,304,305,306,307,308,309,347,439,440,:
304:299,300,301,302,303,305,306,307,308,309,310,311,312,313,321,429,439,:
305:300,301,302,303,304,306,307,308,309,310,311,312,313,314,315,316,320,321,338,429,:
306:300,301,302,303,304,305,307,308,309,310,311,312,313,314,315,320,321,337,338,:
307:35,37,300,302,303,304,305,306,308,309,310,311,312,321,338,401,429,439,:
308:7,35,302,303,304,305,306,307,309,310,311,312,321,337,338,342,345,347,401,:
309:7,33,35,302,303,304,305,306,307,308,310,338,342,343,345,346,347,:
310:35,304,305,306,307,308,309,311,312,320,321,322,323,325,337,338,339,342,343,345,347,399,401,:
311:301,302,304,305,306,307,308,310,312,313,314,315,316,317,320,321,395,428,429,:
312:302,304,305,306,307,308,310,311,313,314,316,320,321,395,425,426,427,428,429,432,434,:
313:304,305,306,311,312,314,315,316,317,318,319,320,321,322,395,429,:
314:305,306,311,312,313,315,316,317,318,320,321,322,323,324,325,337,338,:
315:305,306,311,313,314,316,317,318,320,321,322,323,324,337,338,:
316:305,311,312,313,314,315,317,318,319,320,321,395,429,:
317:311,313,314,315,316,318,319,320,:
318:313,314,315,316,317,319,:
319:313,316,317,318,:
320:305,306,310,311,312,313,314,315,316,317,321,322,323,324,325,326,337,338,394,395,:
321:304,305,306,307,308,310,311,312,313,314,315,316,320,322,323,325,337,338,394,395,397,399,:
322:310,313,314,315,320,321,323,324,325,326,327,337,338,339,:
323:310,314,315,320,321,322,324,325,326,337,338,339,340,341,342,349,:
324:314,315,320,322,323,325,326,337,338,339,340,341,348,349,350,353,354,355,:
325:310,314,320,321,322,323,324,326,327,328,337,338,394,396,397,399,:
326:320,322,323,324,325,327,328,329,330,332,337,355,:
327:322,325,326,328,329,330,331,332,333,334,335,360,:
328:325,326,327,329,330,331,332,333,334,335,336,355,360,:
329:326,327,328,330,331,332,334,335,336,355,360,:
330:326,327,328,329,331,332,333,334,335,336,355,359,360,361,605,:
331:327,328,329,330,332,333,334,335,336,358,359,360,361,603,604,605,606,:
332:326,327,328,329,330,331,333,334,336,359,360,361,579,603,:
333:327,328,330,331,332,334,335,336,358,359,360,361,603,604,605,606,:
334:327,328,329,330,331,332,333,335,336,359,360,361,605,606,:
335:327,328,329,330,331,333,334,336,605,:
336:328,329,330,331,332,333,334,335,358,359,360,361,604,605,606,:
337:306,308,310,314,315,320,321,322,323,324,325,326,338,339,340,341,342,343,344,345,349,:
338:305,306,307,308,309,310,314,315,320,321,322,323,324,325,337,339,340,342,343,344,345,347,:
339:310,322,323,324,337,338,340,341,342,343,344,345,347,349,:
340:323,324,337,338,339,341,342,343,348,349,:
341:323,324,337,339,340,342,348,349,350,351,353,:
342:308,309,310,323,337,338,339,340,341,343,344,345,346,347,:
343:309,310,337,338,339,340,342,344,345,346,347,:
344:337,338,339,342,343,345,346,347,360,:
345:308,309,310,337,338,339,342,343,344,346,347,:
346:33,309,342,343,344,345,347,:
347:33,303,308,309,310,338,339,342,343,344,345,346,:
348:324,340,341,349,350,351,352,353,354,:
349:323,324,337,339,340,341,348,350,351,353,354,:
350:324,341,348,349,351,352,353,354,355,:
351:341,348,349,350,352,353,354,:
352:348,350,351,353,:
353:324,341,348,349,350,351,352,354,355,356,357,:
354:324,348,349,350,351,353,355,356,357,358,360,:
355:324,326,328,329,330,350,353,354,356,357,358,359,360,361,362,363,:
356:353,354,355,357,358,359,360,361,362,363,364,:
357:353,354,355,356,358,359,360,362,363,364,:
358:331,333,336,354,355,356,357,359,360,361,362,363,364,:
359:330,331,332,333,334,336,355,356,357,358,360,361,362,363,364,:
360:327,328,329,330,331,332,333,334,336,344,354,355,356,357,358,359,361,362,364,:
361:330,331,332,333,334,336,355,356,358,359,360,362,363,364,:
362:355,356,357,358,359,360,361,363,364,:
363:355,356,357,358,359,361,362,364,:
364:356,357,358,359,360,361,362,363,:
365:366,367,368,369,370,371,:
366:365,367,368,370,:
367:365,366,368,369,370,371,372,373,377,:
368:365,366,367,369,370,371,373,376,377,:
369:365,367,368,370,371,373,376,377,:
370:365,366,367,368,369,371,372,373,374,375,377,:
371:365,367,368,369,370,372,373,374,375,376,377,:
372:367,370,371,373,374,375,478,484,500,:
373:367,368,369,370,371,372,374,375,376,377,378,379,380,381,:
374:370,371,372,373,375,478,483,484,489,490,500,:
375:370,371,372,373,374,376,377,379,380,484,490,:
376:368,369,371,373,375,377,378,379,380,381,382,:
377:367,368,369,370,371,373,375,376,378,379,380,381,:
378:373,376,377,379,380,381,382,383,384,424,:
379:373,375,376,377,378,380,381,382,383,385,422,424,:
380:373,375,376,377,378,379,381,382,383,384,385,386,419,420,422,423,424,:
381:373,376,377,378,379,380,382,383,384,423,424,:
382:376,378,379,380,381,383,384,412,422,423,424,494,617,619,620,:
383:378,379,380,381,382,384,406,411,412,413,422,423,424,617,619,620,:
384:378,380,381,382,383,406,412,422,423,424,494,617,618,619,620,:
385:379,380,386,387,388,389,390,391,392,415,424,:
386:380,385,387,388,389,390,391,415,419,424,:
387:385,386,388,389,390,391,392,393,398,415,:
388:385,386,387,389,390,391,392,393,394,395,396,397,398,414,415,:
389:385,386,387,388,390,391,392,393,394,395,397,398,400,414,415,416,417,419,425,426,431,:
390:385,386,387,388,389,391,392,398,403,407,408,409,410,411,413,415,424,:
391:385,386,387,388,389,390,392,393,394,395,396,397,398,415,:
392:385,387,388,389,390,391,393,394,396,397,398,:
393:387,388,389,391,392,394,395,396,397,398,399,415,426,:
394:320,321,325,388,389,391,392,393,395,396,397,398,399,400,402,414,415,426,:
395:311,312,313,316,320,321,388,389,391,393,394,396,397,398,399,400,401,414,415,425,426,429,:
396:325,388,391,392,393,394,395,397,398,:
397:321,325,388,389,391,392,393,394,395,396,398,399,400,401,402,403,414,415,426,:
398:387,388,389,390,391,392,393,394,395,396,397,399,400,402,403,409,414,415,:
399:35,37,310,321,325,393,394,395,397,398,400,401,402,403,404,414,415,416,426,:
400:9,35,37,389,394,395,397,398,399,401,402,403,414,415,416,417,419,420,421,425,426,:
401:7,9,12,24,25,34,35,37,307,308,310,395,397,399,400,402,403,414,415,416,417,419,421,425,426,:
402:34,35,37,394,397,398,399,400,401,403,404,405,409,414,415,:
403:390,397,398,399,400,401,402,404,405,406,407,408,409,414,415,420,421,422,:
404:399,402,403,405,406,407,408,409,410,411,412,421,423,:
405:402,403,404,406,407,408,409,410,411,412,413,422,423,616,618,619,620,:
406:383,384,403,404,405,407,408,409,411,412,413,420,421,422,423,424,616,618,619,620,:
407:390,403,404,405,406,408,409,410,411,412,413,423,619,620,:
408:390,403,404,405,406,407,409,410,411,412,413,598,:
409:390,398,402,403,404,405,406,407,408,410,411,413,:
410:390,404,405,407,408,409,411,412,413,598,:
411:383,390,404,405,406,407,408,409,410,412,413,423,618,619,620,:
412:382,383,384,404,405,406,407,408,410,411,413,422,423,616,617,618,619,620,:
413:383,390,405,406,407,408,409,410,411,412,620,:
414:37,388,389,394,395,397,398,399,400,401,402,403,415,416,417,418,419,420,421,425,426,:
415:385,386,387,388,389,390,391,393,394,395,397,398,399,400,401,402,403,414,416,417,419,420,421,425,426,:
416:12,37,389,399,400,401,414,415,417,418,419,420,421,422,424,425,426,427,:
417:12,389,400,401,414,415,416,418,419,420,425,426,427,428,429,430,431,481,:
418:12,414,416,417,419,425,426,427,428,430,480,481,482,483,484,485,:
419:380,386,389,400,401,414,415,416,417,418,420,421,422,423,424,425,426,491,494,:
420:380,400,403,406,414,415,416,417,419,421,422,423,424,491,492,494,:
421:9,12,25,37,400,401,403,404,406,414,415,416,419,420,422,423,424,491,492,494,:
422:379,380,382,383,384,403,405,406,412,416,419,420,421,423,424,492,494,619,620,:
423:380,381,382,383,384,404,405,406,407,411,412,419,420,421,422,424,494,618,619,620,:
424:378,379,380,381,382,383,384,385,386,390,406,416,419,420,421,422,423,494,620,:
425:312,389,395,400,401,414,415,416,417,418,419,426,427,428,429,430,431,432,433,481,:
426:312,389,393,394,395,397,399,400,401,414,415,416,417,418,419,425,427,428,429,430,431,:
427:312,416,417,418,425,426,428,429,430,431,432,433,434,463,481,:
428:311,312,417,418,425,426,427,429,430,432,433,434,435,436,437,438,463,:
429:304,305,307,311,312,313,316,395,417,425,426,427,428,430,432,433,434,435,437,438,439,:
430:417,418,425,426,427,428,429,431,432,433,463,:
431:389,417,425,426,427,430,:
432:312,425,427,428,429,430,433,434,435,436,437,438,439,441,442,460,462,463,:
433:425,427,428,429,430,432,434,435,436,437,438,459,460,461,462,463,464,481,:
434:301,312,427,428,429,432,433,435,436,437,438,439,441,442,443,460,463,:
435:301,428,429,432,433,434,436,437,438,441,442,443,444,446,447,459,460,:
436:428,432,433,434,435,437,441,442,443,444,446,451,459,460,461,463,464,:
437:269,270,271,301,428,429,432,433,434,435,436,438,439,440,441,442,:
438:428,429,432,433,434,435,437,439,440,485,:
439:38,44,300,301,302,303,304,307,429,432,434,437,438,440,:
440:5,17,32,269,299,300,301,302,303,437,438,439,:
441:301,432,434,435,436,437,442,443,444,445,446,447,450,451,460,:
442:297,298,299,300,301,432,434,435,436,437,441,443,444,445,446,447,:
443:301,434,435,436,441,442,444,445,446,447,448,449,450,451,452,:
444:287,435,436,441,442,443,445,446,447,450,451,452,453,454,455,:
445:266,267,268,269,273,274,286,287,288,289,291,297,298,441,442,443,444,446,450,451,452,453,454,:
446:291,301,435,436,441,442,443,444,445,447,448,449,450,451,:
447:435,441,442,443,444,446,448,449,:
448:443,446,447,449,:
449:443,446,447,448,451,:
450:287,441,443,444,445,446,451,452,453,454,455,456,457,:
451:436,441,443,444,445,446,449,450,452,453,454,455,456,457,458,:
452:274,287,443,444,445,450,451,453,454,455,456,457,458,:
453:274,287,293,444,445,450,451,452,454,455,456,457,:
454:287,292,293,295,444,445,450,451,452,453,455,456,457,:
455:271,272,444,450,451,452,453,454,456,457,458,:
456:450,451,452,453,454,455,457,458,:
457:450,451,452,453,454,455,456,458,:
458:451,452,455,456,457,467,468,471,:
459:433,435,436,460,461,462,463,464,465,466,472,473,:
460:432,433,434,435,436,441,459,461,462,463,464,465,:
461:433,436,459,460,462,463,464,465,466,472,473,474,:
462:202,432,433,459,460,461,463,464,465,472,473,474,475,476,477,480,481,:
463:427,428,430,432,433,434,436,459,460,461,462,464,472,473,474,475,476,480,481,:
464:201,202,433,436,459,460,461,462,463,465,466,467,472,473,:
465:271,459,460,461,462,464,466,467,468,:
466:459,461,464,465,467,468,469,470,471,:
467:458,464,465,466,468,469,470,471,:
468:458,465,466,467,469,470,471,:
469:466,467,468,470,471,:
470:466,467,468,469,471,:
471:458,466,467,468,469,470,:
472:202,459,461,462,463,464,473,474,475,476,477,478,479,480,481,:
473:202,459,461,462,463,464,472,474,475,476,477,479,:
474:202,461,462,463,472,473,475,476,477,478,479,480,481,482,:
475:202,462,463,472,473,474,476,477,478,479,480,481,482,483,484,485,:
476:201,202,203,206,462,463,472,473,474,475,477,478,480,481,482,483,485,503,505,:
477:462,472,473,474,475,476,478,479,480,481,:
478:372,374,472,474,475,476,477,479,480,481,:
479:472,473,474,475,477,478,:
480:418,462,463,472,474,475,476,477,478,481,482,483,484,485,486,487,:
481:417,418,425,427,433,462,463,472,474,475,476,477,478,480,482,483,484,485,486,:
482:418,474,475,476,480,481,483,484,485,486,487,488,:
483:374,418,475,476,480,481,482,484,485,486,487,488,489,490,491,495,496,503,:
484:372,374,375,418,475,480,481,482,483,485,486,487,488,489,490,491,495,496,503,:
485:13,40,418,438,475,476,480,481,482,483,484,486,487,:
486:6,11,13,40,480,481,482,483,484,485,487,488,489,490,491,492,495,496,:
487:6,11,13,40,209,480,482,483,484,485,486,488,489,491,495,496,521,:
488:13,40,482,483,484,486,487,489,490,491,492,493,494,495,496,497,520,:
489:374,483,484,486,487,488,490,491,492,493,494,495,496,497,498,499,500,524,:
490:374,375,483,484,486,488,489,491,492,493,494,495,496,497,500,:
491:12,40,419,420,421,483,484,486,487,488,489,490,492,493,494,495,:
492:420,421,422,486,488,489,490,491,493,494,539,540,543,565,567,:
493:488,489,490,491,492,494,520,524,525,539,540,541,542,543,565,567,:
494:382,384,419,420,421,422,423,424,488,489,490,491,492,493,540,543,:
495:483,484,486,487,488,489,490,491,496,497,498,499,500,501,503,519,522,:
496:483,484,486,487,488,489,490,495,497,498,499,500,501,503,517,518,519,520,521,522,:
497:488,489,490,495,496,498,499,500,501,502,503,:
498:489,495,496,497,499,500,501,502,503,507,508,516,517,522,523,:
499:489,495,496,497,498,500,501,502,507,508,510,516,517,518,519,521,522,523,:
500:372,374,489,490,495,496,497,498,499,501,502,503,504,505,:
501:495,496,497,498,499,500,502,503,504,505,506,:
502:497,498,499,500,501,503,504,505,506,:
503:476,483,484,495,496,497,498,500,501,502,504,505,506,:
504:197,200,500,501,502,503,505,506,:
505:202,205,476,500,501,502,503,504,506,:
506:205,501,502,503,504,505,:
507:199,498,499,508,509,510,511,512,513,515,516,517,523,:
508:198,199,200,498,499,507,509,510,512,513,515,516,517,:
509:507,508,510,511,512,513,514,515,516,517,518,523,:
510:499,507,508,509,511,512,513,516,517,518,519,521,522,523,:
511:225,507,509,510,512,516,517,518,519,522,523,:
512:199,224,225,507,508,509,510,511,513,514,515,516,517,:
513:199,507,508,509,510,512,514,515,:
514:509,512,513,515,:
515:507,508,509,512,513,514,:
516:498,499,507,508,509,510,511,512,517,518,519,520,521,522,523,:
517:199,496,498,499,507,508,509,510,511,512,516,518,519,521,522,523,:
518:26,496,499,509,510,511,516,517,519,520,521,522,523,524,570,:
519:26,495,496,499,510,511,516,517,518,520,521,522,523,524,525,526,527,539,569,570,:
520:13,26,488,493,496,516,518,519,521,522,523,524,525,526,539,540,567,568,569,570,:
521:1,13,26,28,487,496,499,510,516,517,518,519,520,522,523,:
522:495,496,498,499,510,511,516,517,518,519,520,521,523,524,525,526,527,528,539,540,570,:
523:498,499,507,509,510,511,516,517,518,519,520,521,522,524,525,526,527,:
524:489,493,518,519,520,522,523,525,526,527,528,529,539,540,541,570,:
525:493,519,520,522,523,524,526,527,528,539,540,541,542,543,544,570,:
526:183,519,520,522,523,524,525,527,528,539,540,541,544,545,570,:
527:519,522,523,524,525,526,528,529,530,531,539,540,:
528:522,524,525,526,527,529,530,531,532,533,534,539,540,:
529:524,527,528,530,531,532,533,534,535,536,537,:
530:527,528,529,531,532,533,534,535,536,537,538,:
531:527,528,529,530,532,533,534,536,537,538,:
532:528,529,530,531,533,534,535,536,537,538,:
533:528,529,530,531,532,534,535,536,537,538,:
534:528,529,530,531,532,533,535,536,538,:
535:529,530,532,533,534,536,537,538,:
536:529,530,531,532,533,534,535,537,538,:
537:529,530,531,532,533,535,536,538,:
538:530,531,532,533,534,535,536,537,:
539:492,493,519,520,522,524,525,526,527,528,540,541,542,543,544,545,548,549,567,570,:
540:492,493,494,520,522,524,525,526,527,528,539,541,542,543,544,548,567,570,:
541:493,524,525,526,539,540,542,543,544,545,546,547,548,549,550,570,:
542:493,525,539,540,541,543,544,545,546,548,549,550,551,553,557,558,:
543:492,493,494,525,539,540,541,542,544,548,549,550,551,557,558,565,567,:
544:180,183,525,526,539,540,541,542,543,545,546,547,548,549,566,567,568,569,570,:
545:86,87,180,183,526,539,541,542,544,546,547,548,549,:
546:86,87,183,541,542,544,545,547,548,549,550,552,:
547:86,87,89,90,93,179,180,181,182,183,541,544,545,546,549,:
548:539,540,541,542,543,544,545,546,549,550,551,552,553,554,557,558,:
549:539,541,542,543,544,545,546,547,548,550,551,552,553,557,:
550:541,542,543,546,548,549,551,552,553,554,557,558,559,:
551:542,543,548,549,550,552,553,554,557,558,559,560,562,563,571,572,:
552:71,86,87,546,548,549,550,551,553,554,557,558,559,560,571,572,:
553:542,548,549,550,551,552,554,555,556,557,558,:
554:548,550,551,552,553,555,556,557,558,572,613,614,616,:
555:553,554,556,612,613,614,:
556:553,554,555,:
557:542,543,548,549,550,551,552,553,554,558,559,560,561,562,563,564,565,571,572,:
558:542,543,548,550,551,552,553,554,557,559,560,562,563,565,571,572,619,:
559:71,550,551,552,557,558,560,561,562,563,564,565,571,572,573,:
560:551,552,557,558,559,561,562,563,571,572,573,574,576,581,:
561:18,42,71,557,559,560,562,571,572,573,576,:
562:9,18,20,21,23,24,34,551,557,558,559,560,561,563,564,565,566,567,571,572,:
563:20,22,23,24,25,39,551,557,558,559,560,562,564,565,566,567,568,:
564:15,20,22,23,39,71,557,559,562,563,565,566,567,568,569,:
565:10,11,12,20,22,25,39,40,492,493,543,557,558,559,562,563,564,566,567,568,569,570,:
566:10,15,36,39,179,544,562,563,564,565,567,568,569,570,:
567:10,11,22,39,40,492,493,520,539,540,543,544,562,563,564,565,566,568,569,570,:
568:10,11,36,39,40,179,520,544,563,564,565,566,567,569,570,:
569:1,6,8,11,26,36,39,178,179,519,520,544,564,565,566,567,568,570,:
570:26,179,180,181,183,518,519,520,522,524,525,526,539,540,541,544,565,566,567,568,569,:
571:551,552,557,558,559,560,561,562,572,573,574,575,576,577,580,581,:
572:551,552,554,557,558,559,560,561,562,571,573,574,575,576,580,581,616,:
573:559,560,561,571,572,574,575,576,577,578,579,580,581,582,:
574:560,571,572,573,575,576,577,578,580,581,582,583,585,594,:
575:571,572,573,574,576,577,578,580,581,582,583,584,593,594,614,616,:
576:34,560,561,571,572,573,574,575,577,578,579,580,581,:
577:571,573,574,575,576,578,579,580,601,:
578:573,574,575,576,577,579,580,581,594,:
579:332,573,576,577,578,601,603,:
580:571,572,573,574,575,576,577,578,581,582,583,584,585,586,594,:
581:560,571,572,573,574,575,576,578,580,582,583,585,586,587,:
582:573,574,575,580,581,583,584,585,586,587,590,594,608,:
583:574,575,580,581,582,584,585,586,590,593,594,607,608,:
584:575,580,582,583,585,586,590,593,594,607,608,609,611,:
585:574,580,581,582,583,584,586,587,588,589,590,591,:
586:580,581,582,583,584,585,587,588,589,590,591,:
587:581,582,585,586,588,589,590,591,592,:
588:585,586,587,589,590,591,592,:
589:585,586,587,588,590,591,592,:
590:582,583,584,585,586,587,588,589,591,592,:
591:585,586,587,588,589,590,592,:
592:587,588,589,590,591,:
593:575,583,584,594,595,596,597,598,599,600,601,607,608,:
594:574,575,578,580,582,583,584,593,595,596,598,599,601,607,608,614,:
595:593,594,596,597,598,599,600,601,607,608,609,:
596:593,594,595,597,598,599,607,608,609,610,612,613,614,:
597:593,595,596,598,607,608,609,610,612,613,614,:
598:408,410,593,594,595,596,597,599,600,601,602,603,607,608,:
599:593,594,595,596,598,600,601,602,603,604,:
600:593,595,598,599,601,602,603,604,605,:
601:577,579,593,594,595,598,599,600,602,603,604,605,606,:
602:598,599,600,601,603,604,605,606,:
603:331,332,333,579,598,599,600,601,602,604,605,606,:
604:331,333,336,599,600,601,602,603,605,606,:
605:330,331,333,334,335,336,600,601,602,603,604,606,:
606:331,333,334,336,601,602,603,604,605,:
607:583,584,593,594,595,596,597,598,608,609,610,611,612,613,614,:
608:582,583,584,593,594,595,596,597,598,607,609,610,611,612,613,614,:
609:584,595,596,597,607,608,610,611,612,613,614,615,:
610:596,597,607,608,609,611,612,613,:
611:584,607,608,609,610,612,:
612:555,596,597,607,608,609,610,611,613,614,615,616,617,:
613:554,555,596,597,607,608,609,610,612,614,615,616,617,618,:
614:554,555,575,594,596,597,607,608,609,612,613,615,616,617,618,619,:
615:609,612,613,614,616,617,618,619,620,:
616:405,406,412,554,572,575,612,613,614,615,617,618,619,620,:
617:382,383,384,412,612,613,614,615,616,618,619,620,:
618:384,405,406,411,412,423,613,614,615,616,617,619,620,:
619:382,383,384,405,406,407,411,412,422,423,558,614,615,616,617,618,620,:
620:382,383,384,405,406,407,411,412,413,422,423,424,615,616,617,618,619,:
