1:2,3,4,5,6,20,21,22,23,24,29,44,45,46,47,48,51,103,104,107,108,112,113,114,117,122,185,186,187,:
2:1,3,4,5,6,7,11,20,21,22,23,24,25,29,44,45,108,112,113,121,122,185,186,187,:
3:1,2,4,5,6,7,8,9,10,11,12,13,20,21,22,23,24,25,26,27,28,29,30,32,44,45,47,272,:
4:1,2,3,5,6,7,9,10,11,12,13,20,21,22,23,24,26,28,29,30,31,32,44,45,46,47,113,117,:
5:1,2,3,4,6,7,8,9,10,11,12,20,21,22,23,24,25,26,27,28,29,30,44,45,47,186,250,251,252,270,272,:
6:1,2,3,4,5,7,8,9,21,22,23,24,25,26,27,29,168,185,186,250,251,252,267,268,270,271,272,:
7:2,3,4,5,6,8,9,10,11,12,23,24,25,26,27,28,29,30,45,47,250,251,270,271,272,325,:
8:3,5,6,7,9,10,11,24,25,26,27,28,29,248,249,250,251,252,270,271,272,322,323,325,343,345,:
9:3,4,5,6,7,8,10,11,12,13,23,24,25,26,27,28,29,30,31,44,45,47,325,:
10:3,4,5,7,8,9,11,12,20,24,26,27,28,29,30,44,45,46,47,48,50,51,77,78,81,251,:
11:2,3,4,5,7,8,9,10,12,13,14,20,23,24,26,28,29,30,31,32,33,44,45,46,47,:
12:3,4,5,7,9,10,11,13,14,15,23,26,28,29,30,31,32,33,34,36,:
13:3,4,9,11,12,14,15,19,23,26,28,30,31,32,33,34,35,36,129,131,:
14:11,12,13,15,19,23,30,31,32,33,34,35,36,:
15:12,13,14,16,17,19,31,32,33,34,35,36,37,38,39,40,129,131,132,:
16:15,17,18,19,35,36,37,38,39,40,41,42,43,:
17:15,16,18,19,35,36,37,38,39,40,41,42,43,127,128,130,158,159,:
18:16,17,37,38,39,40,41,42,43,128,158,159,:
19:13,14,15,16,17,33,34,35,36,37,38,39,40,295,296,:
20:1,2,3,4,5,10,11,21,22,23,24,29,44,45,46,47,48,51,103,104,108,112,113,114,117,118,120,122,187,:
21:1,2,3,4,5,6,20,22,23,24,32,45,108,112,113,114,115,117,121,122,123,126,129,169,:
22:1,2,3,4,5,6,20,21,23,24,25,45,107,108,110,113,122,166,168,169,185,186,187,:
23:1,2,3,4,5,6,7,9,11,12,13,14,20,21,22,24,25,26,29,30,32,33,36,45,169,272,:
24:1,2,3,4,5,6,7,8,9,10,11,20,21,22,23,25,26,27,28,29,44,45,46,47,48,51,185,186,187,250,251,252,272,:
25:2,3,5,6,7,8,9,22,23,24,26,27,185,186,248,250,251,252,267,268,270,271,272,:
26:3,4,5,6,7,8,9,10,11,12,13,23,24,25,27,28,29,30,33,251,270,271,272,307,323,325,:
27:3,5,6,7,8,9,10,24,25,26,28,29,248,249,250,251,252,268,270,271,272,322,323,325,:
28:3,4,5,7,8,9,10,11,12,13,24,26,27,29,30,31,47,78,325,:
29:1,2,3,4,5,6,7,8,9,10,11,12,20,23,24,26,27,28,30,44,45,46,47,48,49,50,51,251,:
30:3,4,5,7,9,10,11,12,13,14,23,26,28,29,31,32,44,45,46,47,77,78,79,:
31:4,9,11,12,13,14,15,28,30,32,33,34,35,36,131,:
32:3,4,11,12,13,14,15,21,23,30,31,33,34,35,36,129,131,132,:
33:11,12,13,14,15,19,23,26,31,32,34,35,36,307,:
34:12,13,14,15,19,31,32,33,35,36,:
35:13,14,15,16,17,19,31,32,33,34,36,37,38,39,129,131,132,133,:
36:12,13,14,15,16,17,19,23,31,32,33,34,35,37,39,40,127,128,129,130,131,132,:
37:15,16,17,18,19,35,36,38,39,40,41,42,43,:
38:15,16,17,18,19,35,37,39,40,41,42,43,296,297,:
39:15,16,17,18,19,35,36,37,38,40,41,42,43,126,127,128,129,130,131,132,159,:
40:15,16,17,18,19,36,37,38,39,41,42,43,158,159,169,:
41:16,17,18,37,38,39,40,42,43,127,128,158,159,:
42:16,17,18,37,38,39,40,41,43,159,:
43:16,17,18,37,38,39,40,41,42,128,130,:
44:1,2,3,4,5,9,10,11,20,24,29,30,45,46,47,48,49,50,51,52,58,59,113,117,118,120,:
45:1,2,3,4,5,7,9,10,11,20,21,22,23,24,29,30,44,46,47,48,49,50,51,112,113,117,118,120,187,:
46:1,4,10,11,20,24,29,30,44,45,47,48,49,50,51,58,59,77,112,113,117,118,120,:
47:1,3,4,5,7,9,10,11,20,24,28,29,30,44,45,46,48,49,50,51,58,77,120,:
48:1,10,20,24,29,44,45,46,47,49,50,51,52,53,54,58,59,60,94,113,120,:
49:29,44,45,46,47,48,50,51,52,54,58,59,60,61,62,63,:
50:10,29,44,45,46,47,48,49,51,52,54,58,59,60,63,71,73,77,81,:
51:1,10,20,24,29,44,45,46,47,48,49,50,52,53,54,55,56,58,59,185,187,248,249,250,251,:
52:44,48,49,50,51,53,54,55,56,57,58,59,94,187,247,248,249,:
53:48,51,52,54,55,56,57,59,94,184,185,187,:
54:48,49,50,51,52,53,55,56,57,58,59,246,247,248,249,356,358,:
55:51,52,53,54,56,57,91,:
56:51,52,53,54,55,57,246,247,356,:
57:52,53,54,55,56,:
58:44,46,47,48,49,50,51,52,54,59,60,61,62,63,91,94,:
59:44,46,48,49,50,51,52,53,54,58,60,61,62,63,90,91,93,94,97,99,:
60:48,49,50,58,59,61,62,63,:
61:49,58,59,60,62,63,91,:
62:49,58,59,60,61,63,90,91,94,97,99,:
63:49,50,58,59,60,61,62,71,72,:
64:65,66,67,68,69,70,71,72,:
65:64,66,67,68,69,70,71,72,73,:
66:64,65,67,68,69,70,71,72,73,74,75,76,80,86,:
67:64,65,66,68,69,70,71,72,73,74,75,80,81,85,86,87,89,357,358,:
68:64,65,66,67,69,70,71,72,:
69:64,65,66,67,68,70,71,:
70:64,65,66,67,68,69,:
71:50,63,64,65,66,67,68,69,72,73,74,75,76,77,78,80,81,86,:
72:63,64,65,66,67,68,71,73,74,75,76,77,79,:
73:50,65,66,67,71,72,74,75,76,77,78,79,80,81,82,86,:
74:66,67,71,72,73,75,76,77,78,80,81,82,83,85,86,:
75:66,67,71,72,73,74,76,78,80,81,82,83,85,86,:
76:66,71,72,73,74,75,77,78,79,80,81,:
77:10,30,46,47,50,71,72,73,74,76,78,79,120,:
78:10,28,30,71,73,74,75,76,77,79,80,81,:
79:30,72,73,76,77,78,120,:
80:66,67,71,73,74,75,76,78,81,82,83,84,85,86,:
81:10,50,67,71,73,74,75,76,78,80,82,83,85,86,343,345,:
82:73,74,75,80,81,83,84,85,86,87,341,342,343,344,345,346,:
83:74,75,80,81,82,84,85,86,87,88,89,340,341,342,:
84:80,82,83,85,86,87,88,89,340,341,342,344,:
85:67,74,75,80,81,82,83,84,86,87,88,89,358,:
86:66,67,71,73,74,75,80,81,82,83,84,85,87,88,89,357,358,:
87:67,82,83,84,85,86,88,89,356,357,358,:
88:83,84,85,86,87,89,:
89:67,83,84,85,86,87,88,:
90:59,62,91,92,93,94,95,96,97,101,102,:
91:55,58,59,61,62,90,92,93,94,95,96,97,99,101,:
92:90,91,93,94,95,96,97,98,101,102,103,220,:
93:59,90,91,92,94,95,96,97,98,101,102,103,104,105,106,220,:
94:48,52,53,58,59,62,90,91,92,93,95,96,97,98,100,101,102,103,104,113,:
95:90,91,92,93,94,96,97,98,99,100,101,102,220,227,228,:
96:90,91,92,93,94,95,97,98,99,100,101,102,228,:
97:59,62,90,91,92,93,94,95,96,98,99,100,:
98:92,93,94,95,96,97,99,100,101,105,228,:
99:59,62,91,95,96,97,98,100,:
100:94,95,96,97,98,99,119,:
101:90,91,92,93,94,95,96,98,102,103,104,105,106,107,112,113,217,219,220,:
102:90,92,93,94,95,96,101,103,104,105,106,216,217,218,219,220,224,226,:
103:1,20,92,93,94,101,102,104,105,106,107,108,109,111,112,113,114,122,187,220,:
104:1,20,93,94,101,102,103,105,106,107,108,112,113,114,115,117,121,122,220,:
105:93,98,101,102,103,104,106,107,108,112,113,114,115,121,122,141,219,220,224,226,229,230,:
106:93,101,102,103,104,105,107,108,109,110,111,112,113,122,187,205,206,216,217,220,:
107:1,22,101,103,104,105,106,108,109,110,111,112,113,121,122,135,136,165,180,185,187,206,:
108:1,2,20,21,22,103,104,105,106,107,109,110,111,112,113,114,115,121,122,123,124,125,135,136,141,187,:
109:103,106,107,108,110,111,122,136,164,165,179,180,184,185,187,205,206,:
110:22,106,107,108,109,111,122,125,136,163,164,165,166,168,170,172,173,179,180,185,187,206,:
111:103,106,107,108,109,110,165,172,173,179,180,181,184,185,187,205,206,217,:
112:1,2,20,21,45,46,101,103,104,105,106,107,108,113,114,115,116,117,118,119,120,121,122,:
113:1,2,4,20,21,22,44,45,46,48,94,101,103,104,105,106,107,108,112,114,115,117,118,120,121,122,187,:
114:1,20,21,103,104,105,108,112,113,115,116,117,118,119,120,121,122,123,:
115:21,104,105,108,112,113,114,116,117,118,119,121,122,123,124,126,127,129,135,141,:
116:112,114,115,117,119,121,122,123,126,127,128,129,131,141,232,233,234,238,239,240,:
117:1,4,20,21,44,45,46,104,112,113,114,115,116,118,119,120,121,122,129,:
118:20,44,45,46,112,113,114,115,117,119,120,:
119:100,112,114,115,116,117,118,120,:
120:20,44,45,46,47,48,77,79,112,113,114,117,118,119,:
121:2,21,104,105,107,108,112,113,114,115,116,117,122,123,124,125,126,127,129,135,141,:
122:1,2,20,21,22,103,104,105,106,107,108,109,110,112,113,114,115,116,117,121,123,124,125,126,127,129,135,141,:
123:21,108,114,115,116,121,122,124,125,126,127,128,129,135,136,141,143,:
124:108,115,121,122,123,125,126,127,135,136,137,139,140,141,142,143,153,161,162,:
125:108,110,121,122,123,124,126,135,136,137,138,141,142,143,152,153,154,155,158,161,162,163,164,165,166,167,:
126:21,39,115,116,121,122,123,124,125,127,128,129,130,131,135,:
127:17,36,39,41,115,116,121,122,123,124,126,128,129,130,131,132,:
128:17,18,36,39,41,43,116,123,126,127,129,130,131,132,133,134,238,239,240,:
129:13,15,21,32,35,36,39,115,116,117,121,122,123,126,127,128,130,131,132,133,:
130:17,36,39,43,126,127,128,129,131,132,133,134,239,:
131:13,15,31,32,35,36,39,116,126,127,128,129,130,132,133,134,:
132:15,32,35,36,39,127,128,129,130,131,133,134,:
133:35,128,129,130,131,132,134,:
134:128,130,131,132,133,:
135:107,108,115,121,122,123,124,125,126,136,137,138,139,140,141,142,143,153,162,:
136:107,108,109,110,123,124,125,135,137,138,139,140,141,142,143,144,153,162,165,:
137:124,125,135,136,138,139,140,141,142,143,144,145,147,152,153,161,162,165,:
138:125,135,136,137,139,142,143,144,145,146,152,153,161,162,165,:
139:124,135,136,137,138,140,141,142,143,216,:
140:124,135,136,137,139,141,142,143,225,235,236,237,:
141:105,108,115,116,121,122,123,124,125,135,136,137,139,140,142,143,234,235,236,237,:
142:124,125,135,136,137,138,139,140,141,143,144,145,146,147,148,152,153,162,:
143:123,124,125,135,136,137,138,139,140,141,142,144,145,147,148,152,153,162,237,:
144:136,137,138,142,143,145,146,147,148,149,152,153,154,:
145:137,138,142,143,144,146,147,148,152,153,154,155,157,158,160,161,162,:
146:138,142,144,145,147,152,153,154,155,157,160,:
147:137,142,143,144,145,146,148,149,150,151,152,153,:
148:142,143,144,145,147,149,150,151,:
149:144,147,148,150,151,:
150:147,148,149,151,:
151:147,148,149,150,237,:
152:125,137,138,142,143,144,145,146,147,153,154,155,156,157,158,159,160,161,162,:
153:124,125,135,136,137,138,142,143,144,145,146,147,152,154,155,157,158,159,160,161,162,:
154:125,144,145,146,152,153,155,156,157,158,159,160,161,162,163,:
155:125,145,146,152,153,154,156,157,158,159,160,161,162,163,164,166,167,:
156:152,154,155,157,158,161,162,163,164,166,167,282,:
157:145,146,152,153,154,155,156,158,159,160,161,162,:
158:17,18,40,41,125,145,152,153,154,155,156,157,159,160,161,162,167,:
159:17,18,39,40,41,42,152,153,154,155,157,158,160,:
160:145,146,152,153,154,155,157,158,159,:
161:124,125,137,138,145,152,153,154,155,156,157,158,162,163,164,165,166,167,168,170,171,:
162:124,125,135,136,137,138,142,143,145,152,153,154,155,156,157,158,161,163,164,165,166,167,:
163:110,125,154,155,156,161,162,164,165,166,167,168,169,170,171,172,280,:
164:109,110,125,155,156,161,162,163,165,166,167,168,170,171,172,173,175,176,177,280,:
165:107,109,110,111,125,136,137,138,161,162,163,164,166,168,170,171,172,173,175,176,177,180,:
166:22,110,125,155,156,161,162,163,164,165,167,168,169,170,171,:
167:125,155,156,158,161,162,163,164,166,168,169,289,290,:
168:6,22,110,161,163,164,165,166,167,169,170,171,174,186,267,274,280,289,:
169:21,22,23,40,163,166,167,168,289,290,292,:
170:110,161,163,164,165,166,168,171,172,173,174,175,176,177,178,179,180,274,279,280,281,282,:
171:161,163,164,165,166,168,170,172,173,174,175,176,177,273,274,278,279,280,281,282,283,:
172:110,111,163,164,165,170,171,173,174,175,176,177,178,179,180,181,274,280,:
173:110,111,164,165,170,171,172,174,175,176,178,179,180,181,182,183,184,186,274,280,:
174:168,170,171,172,173,175,178,179,180,181,182,186,188,189,264,265,267,273,274,279,280,:
175:164,165,170,171,172,173,174,176,177,178,179,180,279,280,281,282,:
176:164,165,170,171,172,173,175,177,178,281,282,:
177:164,165,170,171,172,175,176,178,279,280,281,282,283,:
178:170,172,173,174,175,176,177,179,180,183,197,201,:
179:109,110,111,170,172,173,174,175,178,180,181,182,183,184,185,186,188,189,203,206,:
180:107,109,110,111,165,170,172,173,174,175,178,179,181,182,183,184,185,186,187,203,205,206,:
181:111,172,173,174,179,180,182,183,184,185,186,187,188,189,190,203,206,257,:
182:173,174,179,180,181,183,184,185,188,189,190,191,193,194,195,203,257,:
183:173,178,179,180,181,182,184,188,189,190,191,193,194,195,202,203,204,206,:
184:53,109,111,173,179,180,181,182,183,185,186,187,188,189,203,206,252,:
185:1,2,6,22,24,25,51,53,107,109,110,111,179,180,181,182,184,186,187,252,:
186:1,2,5,6,22,24,25,168,173,174,179,180,181,184,185,187,250,251,252,257,267,272,:
187:1,2,20,22,24,45,51,52,53,103,106,107,108,109,110,111,113,180,181,184,185,186,:
188:174,179,181,182,183,184,189,190,191,192,193,194,195,196,203,254,256,257,:
189:174,179,181,182,183,184,188,190,191,192,193,194,196,252,253,254,255,256,257,262,264,:
190:181,182,183,188,189,191,192,193,194,195,196,254,257,:
191:182,183,188,189,190,192,193,194,254,:
192:188,189,190,191,193,243,244,247,253,254,255,257,259,:
193:182,183,188,189,190,191,192,194,195,196,197,198,254,257,259,260,:
194:182,183,188,189,190,191,193,195,196,197,198,199,:
195:182,183,188,190,193,194,196,197,198,199,200,201,:
196:188,189,190,193,194,195,197,198,199,200,259,264,265,:
197:178,193,194,195,196,198,199,200,201,:
198:193,194,195,196,197,199,200,201,265,266,273,:
199:194,195,196,197,198,200,201,:
200:195,196,197,198,199,201,278,:
201:178,195,197,198,199,200,:
202:183,203,204,205,206,207,208,209,:
203:179,180,181,182,183,184,188,202,204,205,206,207,208,209,:
204:183,202,203,205,206,207,208,209,210,:
205:106,109,111,180,202,203,204,206,207,208,216,217,:
206:106,107,109,110,111,179,180,181,183,184,202,203,204,205,207,217,:
207:202,203,204,205,206,208,209,210,211,212,:
208:202,203,204,205,207,209,210,211,212,213,:
209:202,203,204,207,208,210,211,212,213,214,:
210:204,207,208,209,211,212,213,214,215,:
211:207,208,209,210,212,213,214,215,:
212:207,208,209,210,211,213,214,215,:
213:208,209,210,211,212,214,215,:
214:209,210,211,212,213,215,:
215:210,211,212,213,214,:
216:102,106,139,205,217,218,219,220,221,222,224,225,:
217:101,102,106,111,205,206,216,218,219,220,221,224,:
218:102,216,217,219,220,221,222,223,224,225,226,:
219:101,102,105,216,217,218,220,221,222,223,224,225,226,227,229,:
220:92,93,95,101,102,103,104,105,106,216,217,218,219,221,222,224,225,226,227,228,:
221:216,217,218,219,220,222,223,224,225,:
222:216,218,219,220,221,223,224,225,:
223:218,219,221,222,:
224:102,105,216,217,218,219,220,221,222,225,226,227,228,229,230,:
225:140,216,218,219,220,221,222,224,226,227,229,230,:
226:102,105,218,219,220,224,225,227,228,229,230,231,:
227:95,219,220,224,225,226,228,229,230,:
228:95,96,98,220,224,226,227,229,:
229:105,219,224,225,226,227,228,230,231,232,236,:
230:105,224,225,226,227,229,231,232,233,234,235,236,:
231:226,229,230,232,233,234,235,236,237,238,239,:
232:116,229,230,231,233,234,235,236,237,238,239,240,:
233:116,230,231,232,234,235,236,238,239,240,:
234:116,141,230,231,232,233,235,236,237,238,239,240,:
235:140,141,230,231,232,233,234,236,237,238,239,240,:
236:140,141,229,230,231,232,233,234,235,237,238,240,:
237:140,141,143,151,231,232,234,235,236,238,239,240,:
238:116,128,231,232,233,234,235,236,237,239,240,:
239:116,128,130,231,232,233,234,235,237,238,240,:
240:116,128,232,233,234,235,236,237,238,239,:
241:242,243,244,245,246,247,253,254,336,338,339,:
242:241,243,244,245,246,335,336,337,338,339,:
243:192,241,242,244,245,246,247,248,249,253,254,255,336,339,:
244:192,241,242,243,245,246,247,248,249,250,252,253,254,255,256,257,258,259,261,336,:
245:241,242,243,244,246,247,248,249,250,253,254,255,258,261,321,328,329,335,336,337,339,:
246:54,56,241,242,243,244,245,247,248,249,250,252,253,254,:
247:52,54,56,192,241,243,244,245,246,248,249,250,251,252,253,254,257,:
248:8,25,27,51,52,54,243,244,245,246,247,249,250,251,252,253,:
249:8,27,51,52,54,243,244,245,246,247,248,250,251,252,340,343,356,:
250:5,6,7,8,24,25,27,51,186,244,245,246,247,248,249,251,252,253,256,257,272,:
251:5,6,7,8,10,24,25,26,27,29,51,186,247,248,249,250,252,270,272,:
252:5,6,8,24,25,27,184,185,186,189,244,246,247,248,249,250,251,253,254,255,256,257,262,267,272,:
253:189,192,241,243,244,245,246,247,248,250,252,254,255,256,257,258,259,260,261,262,:
254:188,189,190,191,192,193,241,243,244,245,246,247,252,253,255,256,257,258,259,260,261,262,:
255:189,192,243,244,245,252,253,254,256,257,258,259,260,261,262,263,264,321,:
256:188,189,244,250,252,253,254,255,257,258,259,260,261,262,263,264,265,266,267,268,:
257:181,182,186,188,189,190,192,193,244,247,250,252,253,254,255,256,258,259,262,263,264,267,:
258:244,245,253,254,255,256,257,259,260,261,262,263,321,:
259:192,193,196,244,253,254,255,256,257,258,260,261,262,263,:
260:193,253,254,255,256,258,259,261,:
261:244,245,253,254,255,256,258,259,260,263,321,328,332,333,334,:
262:189,252,253,254,255,256,257,258,259,263,264,265,266,267,268,269,270,273,:
263:255,256,257,258,259,261,262,264,265,266,267,268,269,270,321,:
264:174,189,196,255,256,257,262,263,265,266,267,268,269,270,272,273,274,275,285,:
265:174,196,198,256,262,263,264,266,267,268,269,273,274,275,276,278,284,285,:
266:198,256,262,263,264,265,267,268,269,273,274,275,276,284,285,:
267:6,25,168,174,186,252,256,257,262,263,264,265,266,268,269,270,271,272,273,274,285,:
268:6,25,27,256,262,263,264,265,266,267,269,270,271,272,273,274,284,285,298,299,305,:
269:262,263,264,265,266,267,268,270,271,272,273,274,284,285,286,287,289,298,299,300,301,302,305,318,:
270:5,6,7,8,25,26,27,251,262,263,264,267,268,269,271,272,285,299,304,305,322,325,:
271:6,7,8,25,26,27,267,268,269,270,272,298,299,304,305,306,307,317,318,322,323,325,:
272:3,5,6,7,8,23,24,25,26,27,186,250,251,252,264,267,268,269,270,271,305,322,325,:
273:171,174,198,262,264,265,266,267,268,269,274,275,276,277,278,279,280,284,285,:
274:168,170,171,172,173,174,264,265,266,267,268,269,273,275,276,277,278,279,280,284,285,:
275:264,265,266,273,274,276,277,278,279,280,281,284,285,286,:
276:265,266,273,274,275,277,278,279,280,284,285,286,287,289,299,:
277:273,274,275,276,278,279,280,281,284,285,286,287,289,:
278:171,200,265,273,274,275,276,277,279,280,281,282,283,284,285,:
279:170,171,174,175,177,273,274,275,276,277,278,280,281,282,283,284,:
280:163,164,168,170,171,172,173,174,175,177,273,274,275,276,277,278,279,281,282,283,284,285,:
281:170,171,175,176,177,275,277,278,279,280,282,283,:
282:156,170,171,175,176,177,278,279,280,281,283,:
283:171,177,278,279,280,281,282,:
284:265,266,268,269,273,274,275,276,277,278,279,280,285,286,287,288,289,290,298,299,:
285:264,265,266,267,268,269,270,273,274,275,276,277,278,280,284,286,287,288,289,298,299,302,:
286:269,275,276,277,284,285,287,288,289,290,291,292,298,299,300,:
287:269,276,277,284,285,286,288,289,290,291,292,298,299,300,301,302,303,:
288:284,285,286,287,289,290,291,292,298,299,300,303,:
289:167,168,169,269,276,277,284,285,286,287,288,290,291,292,293,294,298,299,:
290:167,169,284,286,287,288,289,291,292,293,294,295,298,299,:
291:286,287,288,289,290,292,293,294,295,296,297,:
292:169,286,287,288,289,290,291,293,294,295,296,298,299,303,304,306,308,:
293:289,290,291,292,294,295,296,297,:
294:289,290,291,292,293,295,296,297,306,308,:
295:19,290,291,292,293,294,296,297,:
296:19,38,291,292,293,294,295,297,:
297:38,291,293,294,295,296,:
298:268,269,271,284,285,286,287,288,289,290,292,299,300,301,302,303,304,305,309,310,:
299:268,269,270,271,276,284,285,286,287,288,289,290,292,298,300,301,302,303,304,305,309,318,:
300:269,286,287,288,298,299,301,302,303,304,305,306,309,310,311,318,:
301:269,287,298,299,300,302,303,304,305,309,310,311,312,314,316,317,318,:
302:269,285,287,298,299,300,301,303,304,305,309,310,311,312,317,318,:
303:287,288,292,298,299,300,301,302,304,305,306,307,308,309,310,318,:
304:270,271,292,298,299,300,301,302,303,305,306,307,308,309,310,317,318,323,324,325,:
305:268,269,270,271,272,298,299,300,301,302,303,304,306,307,308,309,310,312,317,318,319,322,323,324,325,:
306:271,292,294,300,303,304,305,307,308,318,323,324,325,:
307:26,33,271,303,304,305,306,308,318,323,324,325,:
308:292,294,303,304,305,306,307,:
309:298,299,300,301,302,303,304,305,310,311,312,313,314,315,316,317,318,:
310:298,300,301,302,303,304,305,309,311,312,314,315,316,317,318,:
311:300,301,302,309,310,312,313,314,315,316,317,318,319,:
312:301,302,305,309,310,311,313,314,315,316,317,318,319,320,321,322,326,:
313:309,311,312,314,315,316,317,318,319,320,321,326,327,331,:
314:301,309,310,311,312,313,315,316,317,318,:
315:309,310,311,312,313,314,316,317,318,:
316:301,309,310,311,312,313,314,315,317,318,:
317:271,301,302,304,305,309,310,311,312,313,314,315,316,318,319,320,321,322,323,324,326,327,:
318:269,271,299,300,301,302,303,304,305,306,307,309,310,311,312,313,314,315,316,317,319,320,321,322,323,324,325,:
319:305,311,312,313,317,318,320,321,322,323,324,325,326,327,328,:
320:312,313,317,318,319,321,322,323,326,327,328,329,331,336,:
321:245,255,258,261,263,312,313,317,318,319,320,322,326,327,328,331,:
322:8,27,270,271,272,305,312,317,318,319,320,321,323,324,325,326,327,345,346,:
323:8,26,27,271,304,305,306,307,317,318,319,320,322,324,325,345,346,:
324:304,305,306,307,317,318,319,322,323,325,345,346,:
325:7,8,9,26,27,28,270,271,272,304,305,306,307,318,319,322,323,324,345,:
326:312,313,317,319,320,321,322,327,328,329,330,331,332,335,336,:
327:313,317,319,320,321,322,326,328,329,330,331,335,336,341,342,344,346,:
328:245,261,319,320,321,326,327,329,330,331,332,333,334,335,336,337,:
329:245,320,326,327,328,330,331,332,333,335,336,337,338,339,340,341,342,:
330:326,327,328,329,331,332,333,335,336,337,338,342,:
331:313,320,321,326,327,328,329,330,332,333,334,335,336,:
332:261,326,328,329,330,331,333,334,:
333:261,328,329,330,331,332,334,335,336,:
334:261,328,331,332,333,:
335:242,245,326,327,328,329,330,331,333,336,337,338,339,340,341,342,343,:
336:241,242,243,244,245,320,326,327,328,329,330,331,333,335,337,338,339,340,341,343,:
337:242,245,328,329,330,335,336,338,339,340,341,342,343,:
338:241,242,329,330,335,336,337,339,340,341,:
339:241,242,243,245,329,335,336,337,338,340,348,:
340:83,84,249,329,335,336,337,338,339,341,342,343,344,345,356,:
341:82,83,84,327,329,335,336,337,338,340,342,343,344,345,346,:
342:82,83,84,327,329,330,335,337,340,341,343,344,345,346,:
343:8,81,82,249,335,336,337,340,341,342,344,345,346,:
344:82,84,327,340,341,342,343,345,346,:
345:8,81,82,322,323,324,325,340,341,342,343,344,346,:
346:82,322,323,324,327,341,342,343,344,345,:
347:348,349,350,351,352,353,354,:
348:339,347,349,350,351,352,353,354,:
349:347,348,350,351,352,353,354,355,:
350:347,348,349,351,352,353,:
351:347,348,349,350,352,:
352:347,348,349,350,351,353,354,355,356,357,:
353:347,348,349,350,352,354,355,356,357,358,:
354:347,348,349,352,353,355,356,357,358,:
355:349,352,353,354,356,357,358,:
356:54,56,87,249,340,352,353,354,355,357,358,:
357:67,86,87,352,353,354,355,356,358,:
358:54,67,85,86,87,353,354,355,356,357,:
