1:2,3,4,5,6,7,8,9,10,12,13,14,15,20,21,283,284,285,:
2:1,3,4,5,8,12,13,14,15,20,21,129,283,284,285,:
3:1,2,4,5,8,9,10,12,13,14,15,284,:
4:1,2,3,5,6,7,8,9,10,11,12,13,14,15,16,17,18,19,20,21,174,283,284,285,:
5:1,2,3,4,6,7,8,9,10,11,12,13,14,15,16,17,18,19,20,21,86,87,174,284,:
6:1,4,5,7,8,9,10,11,12,15,16,17,18,19,20,21,86,87,107,171,172,173,174,284,:
7:1,4,5,6,8,9,10,15,16,17,18,19,20,21,107,122,123,124,125,126,127,129,172,173,174,283,284,285,:
8:1,2,3,4,5,6,7,9,10,12,15,16,17,18,19,20,21,126,127,128,129,173,174,283,284,285,:
9:1,3,4,5,6,7,8,10,11,12,13,15,16,17,18,21,86,87,212,213,234,283,284,:
10:1,3,4,5,6,7,8,9,11,12,13,15,16,18,21,212,213,234,281,282,283,284,285,:
11:4,5,6,9,10,12,15,16,17,77,84,85,86,87,88,212,213,214,234,284,:
12:1,2,3,4,5,6,8,9,10,11,13,14,15,87,284,:
13:1,2,3,4,5,9,10,12,14,15,284,:
14:1,2,3,4,5,12,13,15,:
15:1,2,3,4,5,6,7,8,9,10,11,12,13,14,16,17,18,20,86,87,88,174,:
16:4,5,6,7,8,9,10,11,15,17,18,19,20,84,85,86,87,88,107,174,212,214,:
17:4,5,6,7,8,9,11,15,16,18,19,20,21,84,86,87,88,107,168,169,170,171,172,173,174,:
18:4,5,6,7,8,9,10,15,16,17,19,20,21,107,122,123,125,126,127,128,129,211,212,281,283,284,285,:
19:4,5,6,7,8,16,17,18,20,21,107,121,122,123,124,125,126,127,170,172,173,174,:
20:1,2,4,5,6,7,8,15,16,17,18,19,21,126,127,129,172,173,174,202,284,285,:
21:1,2,4,5,6,7,8,9,10,17,18,19,20,125,126,127,128,129,174,281,283,284,285,:
22:23,24,25,26,27,28,29,147,:
23:22,24,25,26,27,:
24:22,23,25,26,27,28,29,30,134,147,:
25:22,23,24,26,27,28,29,30,31,33,34,36,134,:
26:22,23,24,25,27,28,29,30,33,270,:
27:22,23,24,25,26,28,29,126,127,128,129,134,147,:
28:22,24,25,26,27,29,30,31,32,33,34,35,36,42,43,131,134,:
29:22,24,25,26,27,28,30,31,32,33,34,36,42,130,131,132,133,134,135,:
30:24,25,26,28,29,31,32,33,34,35,36,42,43,44,278,:
31:25,28,29,30,32,33,34,35,42,43,44,45,46,47,123,125,131,278,:
32:28,29,30,31,33,34,35,42,43,44,45,118,119,122,123,125,130,131,132,134,135,:
33:25,26,28,29,30,31,32,34,35,36,37,38,42,43,278,:
34:25,28,29,30,31,32,33,35,36,37,38,39,:
35:28,30,31,32,33,34,36,37,38,39,40,41,135,:
36:25,28,29,30,33,34,35,37,38,39,40,:
37:33,34,35,36,38,39,40,41,135,:
38:33,34,35,36,37,39,40,41,:
39:34,35,36,37,38,40,41,135,136,:
40:35,36,37,38,39,41,136,140,141,:
41:35,37,38,39,40,140,141,:
42:28,29,30,31,32,33,43,44,45,46,47,48,49,123,125,131,278,:
43:28,30,31,32,33,42,44,45,46,47,48,276,277,278,279,:
44:30,31,32,42,43,45,46,47,48,49,112,123,131,278,:
45:31,32,42,43,44,46,47,48,49,112,:
46:31,42,43,44,45,47,48,49,:
47:31,42,43,44,45,46,48,49,205,207,210,211,278,:
48:42,43,44,45,46,47,49,55,106,112,207,211,:
49:42,44,45,46,47,48,50,55,106,112,:
50:49,51,52,53,54,55,56,:
51:50,52,53,54,55,:
52:50,51,53,54,55,56,57,226,:
53:50,51,52,54,55,56,57,59,224,225,226,:
54:50,51,52,53,55,56,57,59,224,225,226,:
55:48,49,50,51,52,53,54,56,57,215,216,224,226,:
56:50,52,53,54,55,57,215,216,217,220,221,222,224,225,226,:
57:52,53,54,55,56,65,214,215,216,220,224,226,:
58:59,60,61,62,63,64,65,224,225,:
59:53,54,58,60,61,62,63,64,65,222,223,224,225,226,:
60:58,59,61,62,63,64,65,66,90,225,:
61:58,59,60,62,63,64,:
62:58,59,60,61,63,:
63:58,59,60,61,62,64,65,66,67,68,222,223,224,225,240,:
64:58,59,60,61,63,65,66,67,68,71,76,78,79,90,220,240,:
65:57,58,59,60,63,64,66,67,68,71,72,76,78,79,80,89,90,:
66:60,63,64,65,67,68,71,75,76,79,218,219,220,230,236,237,239,240,:
67:63,64,65,66,68,71,74,75,76,78,79,217,218,219,220,227,229,230,231,236,237,240,:
68:63,64,65,66,67,76,218,219,220,230,236,237,238,239,240,:
69:70,71,72,73,74,75,78,79,187,:
70:69,71,72,73,74,187,:
71:64,65,66,67,69,70,72,73,74,75,76,77,78,79,80,187,:
72:65,69,70,71,73,74,75,76,77,78,79,80,81,82,83,84,85,89,90,186,187,:
73:69,70,71,72,74,78,79,80,81,82,83,89,90,91,181,182,185,186,187,188,:
74:67,69,70,71,72,73,75,76,77,78,79,:
75:66,67,69,71,72,74,76,77,78,79,84,85,86,219,229,231,234,:
76:64,65,66,67,68,71,72,74,75,77,78,79,84,85,218,219,227,229,230,231,234,:
77:11,71,72,74,75,76,78,79,84,85,86,87,234,:
78:64,65,67,69,71,72,73,74,75,76,77,79,80,81,82,83,84,85,89,90,:
79:64,65,66,67,69,71,72,73,74,75,76,77,78,80,81,83,84,85,89,90,:
80:65,71,72,73,78,79,81,82,83,84,85,86,89,90,91,:
81:72,73,78,79,80,82,83,84,89,90,91,92,93,94,175,176,187,:
82:72,73,78,80,81,83,89,90,91,92,93,166,175,176,177,187,:
83:72,73,78,79,80,81,82,84,85,86,87,88,89,176,:
84:11,16,17,72,75,76,77,78,79,80,81,83,85,86,87,88,:
85:11,16,72,75,76,77,78,79,80,83,84,86,87,88,107,212,214,:
86:5,6,9,11,15,16,17,75,77,80,83,84,85,87,88,:
87:5,6,9,11,12,15,16,17,77,83,84,85,86,88,:
88:11,15,16,17,83,84,85,86,87,169,171,:
89:65,72,73,78,79,80,81,82,83,90,91,92,93,94,95,176,187,188,:
90:60,64,65,72,73,78,79,80,81,82,89,91,92,94,:
91:73,80,81,82,89,90,92,93,94,95,96,97,176,186,188,:
92:81,82,89,90,91,93,94,95,96,:
93:81,82,89,91,92,94,95,96,165,:
94:81,89,90,91,92,93,95,96,97,98,188,:
95:89,91,92,93,94,96,97,98,188,:
96:91,92,93,94,95,97,98,186,188,191,:
97:91,94,95,96,98,185,186,187,188,189,191,:
98:94,95,96,97,188,191,:
99:100,101,102,103,104,105,108,109,162,165,:
100:99,101,102,103,104,108,161,162,163,164,165,166,:
101:99,100,102,103,104,105,106,107,108,109,110,162,:
102:99,100,101,103,104,105,106,108,109,110,111,112,113,115,116,161,162,:
103:99,100,101,102,104,105,108,109,110,111,116,117,157,161,162,163,165,166,168,:
104:99,100,101,102,103,105,106,107,108,109,162,166,:
105:99,101,102,103,104,106,107,108,109,:
106:48,49,101,102,104,105,107,108,109,112,:
107:6,7,16,17,18,19,85,101,104,105,106,168,170,214,:
108:99,100,101,102,103,104,105,106,109,110,111,112,113,114,115,116,117,162,:
109:99,101,102,103,104,105,106,108,110,111,112,113,115,:
110:101,102,103,108,109,111,112,113,114,115,116,117,118,157,:
111:102,103,108,109,110,112,113,114,115,116,117,118,119,121,157,:
112:44,45,48,49,102,106,108,109,110,111,113,114,116,117,118,119,121,:
113:102,108,109,110,111,112,114,115,116,117,:
114:108,110,111,112,113,115,116,117,157,:
115:102,108,109,110,111,113,114,:
116:102,103,108,110,111,112,113,114,117,118,119,120,121,122,130,131,154,157,:
117:103,108,110,111,112,113,114,116,118,119,120,121,130,153,154,155,156,157,:
118:32,110,111,112,116,117,119,120,121,122,123,124,130,131,132,154,157,:
119:32,111,112,116,117,118,120,121,122,124,130,131,132,133,134,135,143,144,154,:
120:116,117,118,119,121,122,130,131,132,133,143,144,153,154,155,156,157,158,:
121:19,111,112,116,117,118,119,120,122,123,124,125,126,130,131,:
122:7,18,19,32,116,118,119,120,121,123,124,125,126,127,130,131,:
123:7,18,19,31,32,42,44,118,121,122,124,125,126,127,128,131,:
124:7,19,118,119,121,122,123,125,126,127,128,129,130,150,151,152,:
125:7,18,19,21,31,32,42,121,122,123,124,126,127,128,129,283,285,:
126:7,8,18,19,20,21,27,121,122,123,124,125,127,128,129,151,:
127:7,8,18,19,20,21,27,122,123,124,125,126,128,129,283,285,:
128:8,18,21,27,123,124,125,126,127,129,280,281,283,284,285,:
129:2,7,8,18,20,21,27,124,125,126,127,128,280,281,283,284,285,:
130:29,32,116,117,118,119,120,121,122,124,131,132,133,134,135,136,143,144,:
131:28,29,31,32,42,44,116,118,119,120,121,122,123,130,132,133,134,135,:
132:29,32,118,119,120,130,131,133,134,135,136,137,143,144,145,:
133:29,119,120,130,131,132,134,135,136,137,143,144,145,146,148,:
134:24,25,27,28,29,32,119,130,131,132,133,135,136,143,144,145,146,147,:
135:29,32,35,37,39,119,130,131,132,133,134,136,137,138,143,144,:
136:39,40,130,132,133,134,135,137,138,139,140,141,142,143,144,:
137:132,133,135,136,138,139,140,141,142,144,:
138:135,136,137,139,140,141,142,:
139:136,137,138,140,141,142,:
140:40,41,136,137,138,139,141,142,:
141:40,41,136,137,138,139,140,142,:
142:136,137,138,139,140,141,:
143:119,120,130,132,133,134,135,136,144,145,146,147,148,149,150,:
144:119,120,130,132,133,134,135,136,137,143,145,146,148,149,150,154,:
145:132,133,134,143,144,146,147,148,149,150,151,:
146:133,134,143,144,145,147,148,149,:
147:22,24,27,134,143,145,146,148,:
148:133,143,144,145,146,147,149,150,151,152,:
149:143,144,145,146,148,150,151,152,159,160,204,:
150:124,143,144,145,148,149,151,152,159,160,201,203,204,:
151:124,126,145,148,149,150,152,160,201,204,:
152:124,148,149,150,151,158,159,160,200,201,202,203,204,:
153:117,120,154,155,156,157,158,159,160,:
154:116,117,118,119,120,144,153,155,156,157,158,159,:
155:117,120,153,154,156,157,158,159,160,:
156:117,120,153,154,155,157,158,159,:
157:103,110,111,114,116,117,118,120,153,154,155,156,158,:
158:120,152,153,154,155,156,157,159,160,:
159:149,150,152,153,154,155,156,158,160,200,204,:
160:149,150,151,152,153,155,158,159,200,201,202,203,204,:
161:100,102,103,162,163,164,165,166,167,168,:
162:99,100,101,102,103,104,108,161,163,164,165,166,167,168,:
163:100,103,161,162,164,165,166,167,168,169,:
164:100,161,162,163,165,166,167,:
165:93,99,100,103,161,162,163,164,166,:
166:82,100,103,104,161,162,163,164,165,167,168,169,170,171,:
167:161,162,163,164,166,168,169,170,171,172,197,:
168:17,103,107,161,162,163,166,167,169,170,171,172,173,:
169:17,88,163,166,167,168,170,171,172,173,174,179,197,:
170:17,19,107,166,167,168,169,171,172,173,174,200,202,:
171:6,17,88,166,167,168,169,170,172,173,174,197,199,:
172:6,7,17,19,20,167,168,169,170,171,173,174,197,199,200,201,202,:
173:6,7,8,17,19,20,168,169,170,171,172,174,199,200,201,202,203,204,:
174:4,5,6,7,8,15,16,17,19,20,21,169,170,171,172,173,201,202,:
175:81,82,176,177,178,179,180,181,183,185,186,187,:
176:81,82,83,89,91,175,177,178,180,181,186,187,:
177:82,175,176,178,179,180,181,182,:
178:175,176,177,179,180,181,:
179:169,175,177,178,180,:
180:175,176,177,178,179,181,182,183,184,185,187,:
181:73,175,176,177,178,180,182,183,184,185,186,187,:
182:73,177,180,181,183,184,185,186,187,188,189,190,:
183:175,180,181,182,184,185,186,187,188,189,190,191,:
184:180,181,182,183,185,186,187,189,190,191,:
185:73,97,175,180,181,182,183,184,186,187,188,189,190,191,:
186:72,73,91,96,97,175,176,181,182,183,184,185,187,188,189,190,191,:
187:69,70,71,72,73,81,82,89,97,175,176,180,181,182,183,184,185,186,188,189,191,:
188:73,89,91,94,95,96,97,98,182,183,185,186,187,189,190,191,:
189:97,182,183,184,185,186,187,188,190,191,:
190:182,183,184,185,186,188,189,191,:
191:96,97,98,183,184,185,186,187,188,189,190,:
192:193,194,195,196,197,198,:
193:192,194,195,196,197,198,:
194:192,193,195,196,197,198,199,:
195:192,193,194,196,197,198,:
196:192,193,194,195,197,198,:
197:167,169,171,172,192,193,194,195,196,198,199,200,:
198:192,193,194,195,196,197,199,200,201,:
199:171,172,173,194,197,198,200,201,202,203,204,:
200:152,159,160,170,172,173,197,198,199,201,202,203,204,:
201:150,151,152,160,172,173,174,198,199,200,202,203,204,:
202:20,152,160,170,172,173,174,199,200,201,203,204,:
203:150,152,160,173,199,200,201,202,204,:
204:149,150,151,152,159,160,173,199,200,201,202,203,:
205:47,206,207,208,209,210,211,215,216,:
206:205,207,208,209,210,258,278,:
207:47,48,205,206,208,209,210,211,212,213,215,216,217,:
208:205,206,207,209,210,211,212,213,214,215,216,217,218,219,220,:
209:205,206,207,208,210,211,212,213,215,216,217,218,219,227,228,248,258,:
210:47,205,206,207,208,209,211,212,213,214,215,216,279,282,:
211:18,47,48,205,207,208,209,210,212,213,214,215,216,282,:
212:9,10,11,16,18,85,207,208,209,210,211,213,214,215,216,218,219,234,282,:
213:9,10,11,207,208,209,210,211,212,214,215,218,219,233,234,282,284,:
214:11,16,57,85,107,208,210,211,212,213,215,216,218,219,:
215:55,56,57,205,207,208,209,210,211,212,213,214,216,217,218,219,220,221,227,228,:
216:55,56,57,205,207,208,209,210,211,212,214,215,217,218,219,220,221,226,:
217:56,67,207,208,209,215,216,218,219,220,221,222,227,228,229,237,:
218:66,67,68,76,208,209,212,213,214,215,216,217,219,220,221,227,228,229,230,232,233,234,236,237,:
219:66,67,68,75,76,208,209,212,213,214,215,216,217,218,220,227,228,229,230,232,233,234,:
220:56,57,64,66,67,68,208,215,216,217,218,219,221,222,223,224,226,227,228,237,240,:
221:56,215,216,217,218,220,222,223,224,225,226,:
222:56,59,63,217,220,221,223,224,225,226,:
223:59,63,220,221,222,224,225,226,240,:
224:53,54,55,56,57,58,59,63,220,221,222,223,225,226,:
225:53,54,56,58,59,60,63,221,222,223,224,226,:
226:52,53,54,55,56,57,59,216,220,221,222,223,224,225,:
227:67,76,209,215,217,218,219,220,228,229,230,231,232,233,234,236,237,247,248,:
228:209,215,217,218,219,220,227,229,230,232,233,234,236,237,244,246,247,248,249,:
229:67,75,76,217,218,219,227,228,230,231,232,233,234,235,236,237,238,248,:
230:66,67,68,76,218,219,227,228,229,231,232,233,236,237,238,239,240,241,249,:
231:67,75,76,227,229,230,232,236,237,238,241,:
232:218,219,227,228,229,230,231,233,234,235,236,237,248,249,:
233:213,218,219,227,228,229,230,232,234,235,248,:
234:9,10,11,75,76,77,212,213,218,219,227,228,229,232,233,235,:
235:229,232,233,234,248,:
236:66,67,68,218,227,228,229,230,231,232,237,238,239,240,241,242,243,249,:
237:66,67,68,217,218,220,227,228,229,230,231,232,236,238,239,240,241,242,243,244,249,:
238:68,229,230,231,236,237,239,240,241,242,243,:
239:66,68,230,236,237,238,240,241,242,243,:
240:63,64,66,67,68,220,223,230,236,237,238,239,241,242,:
241:230,231,236,237,238,239,240,242,243,249,250,:
242:236,237,238,239,240,241,243,244,245,249,250,:
243:236,237,238,239,241,242,244,245,249,250,:
244:228,237,242,243,245,246,247,248,249,250,251,:
245:242,243,244,246,247,249,250,251,:
246:228,244,245,247,248,249,250,251,:
247:227,228,244,245,246,248,249,250,:
248:209,227,228,229,232,233,235,244,246,247,249,:
249:228,230,232,236,237,241,242,243,244,245,246,247,248,250,251,252,:
250:241,242,243,244,245,246,247,249,251,252,253,:
251:244,245,246,249,250,252,253,254,255,256,:
252:249,250,251,253,254,255,256,:
253:250,251,252,254,255,256,:
254:251,252,253,255,256,:
255:251,252,253,254,256,:
256:251,252,253,254,255,:
257:258,259,260,261,262,263,:
258:206,209,257,259,260,261,262,:
259:257,258,260,261,262,263,264,265,267,275,:
260:257,258,259,261,262,263,264,266,267,274,275,:
261:257,258,259,260,262,263,264,266,267,269,274,275,276,277,279,:
262:257,258,259,260,261,263,264,265,267,273,275,282,:
263:257,259,260,261,262,264,265,266,267,272,273,275,282,:
264:259,260,261,262,263,265,266,267,268,271,272,273,275,:
265:259,262,263,264,267,272,273,280,281,282,:
266:260,261,263,264,267,268,269,270,271,272,273,274,275,:
267:259,260,261,262,263,264,265,266,268,269,271,272,273,274,275,:
268:264,266,267,269,270,271,272,273,274,275,276,:
269:261,266,267,268,270,271,272,273,274,275,276,277,279,280,:
270:26,266,268,269,271,272,273,274,275,276,277,279,280,:
271:264,266,267,268,269,270,272,273,274,275,:
272:263,264,265,266,267,268,269,270,271,273,274,275,:
273:262,263,264,265,266,267,268,269,270,271,272,274,275,:
274:260,261,266,267,268,269,270,271,272,273,275,276,277,278,279,280,:
275:259,260,261,262,263,264,266,267,268,269,270,271,272,273,274,276,277,279,280,:
276:43,261,268,269,270,274,275,277,278,279,280,281,:
277:43,261,269,270,274,275,276,278,279,280,:
278:30,31,33,42,43,44,47,206,274,276,277,279,:
279:43,210,261,269,270,274,275,276,277,278,280,281,282,283,285,:
280:128,129,265,269,270,274,275,276,277,279,281,282,283,284,285,:
281:10,18,21,128,129,265,276,279,280,282,283,284,285,:
282:10,210,211,212,213,262,263,265,279,280,281,283,284,285,:
283:1,2,4,7,8,9,10,18,21,125,127,128,129,279,280,281,282,284,285,:
284:1,2,3,4,5,6,7,8,9,10,11,12,13,18,20,21,128,129,213,280,281,282,283,285,:
285:1,2,4,7,8,10,18,20,21,125,127,128,129,279,280,281,282,283,284,:
