1:2,3,4,5,6,7,8,38,39,40,41,42,44,:
2:1,3,4,5,6,7,15,22,24,38,39,40,41,42,50,54,56,292,307,:
3:1,2,4,5,38,39,40,41,395,396,397,:
4:1,2,3,5,6,7,8,9,11,15,38,39,40,41,42,43,44,46,50,:
5:1,2,3,4,6,7,8,9,10,11,15,16,38,41,42,43,44,45,46,50,292,:
6:1,2,4,5,7,8,9,15,16,17,18,19,20,21,22,41,42,43,44,50,51,53,289,292,:
7:1,2,4,5,6,8,15,16,19,20,21,22,41,42,43,44,50,51,:
8:1,4,5,6,7,9,10,11,12,13,15,41,42,43,44,45,46,50,431,:
9:4,5,6,8,10,11,12,13,14,41,42,43,44,45,46,47,48,49,99,:
10:5,8,9,11,12,13,14,42,43,44,45,46,47,48,49,99,101,285,286,288,291,302,303,307,:
11:4,5,8,9,10,12,13,14,41,42,43,44,45,46,47,48,49,99,:
12:8,9,10,11,13,14,43,45,46,47,48,49,99,101,104,122,303,307,:
13:8,9,10,11,12,14,44,45,46,47,48,49,99,361,365,398,399,400,403,:
14:9,10,11,12,13,45,46,47,48,49,99,122,361,403,:
15:2,4,5,6,7,8,16,17,18,19,20,21,22,25,42,43,44,50,51,52,53,54,57,288,289,292,:
16:5,6,7,15,17,18,19,20,21,22,25,26,42,50,51,52,53,54,57,289,:
17:6,15,16,18,19,20,25,26,27,28,29,32,50,51,52,53,57,58,59,63,288,289,:
18:6,15,16,17,19,25,26,27,28,32,50,51,52,53,57,58,64,277,284,285,288,289,290,292,293,:
19:6,7,15,16,17,18,20,21,22,23,24,25,50,51,52,53,54,57,:
20:6,7,15,16,17,19,21,22,23,24,50,51,52,53,54,55,56,:
21:6,7,15,16,19,20,22,23,24,51,52,53,54,55,56,:
22:2,6,7,15,16,19,20,21,23,24,50,51,52,53,54,55,56,:
23:19,20,21,22,24,52,54,55,56,:
24:2,19,20,21,22,23,54,55,56,:
25:15,16,17,18,19,26,27,28,29,30,31,32,50,51,52,53,57,58,59,62,63,64,289,:
26:16,17,18,25,27,28,29,30,31,32,33,51,57,58,59,60,61,62,63,64,70,277,:
27:17,18,25,26,28,29,30,31,32,33,34,36,37,57,58,59,60,62,63,64,65,68,70,277,:
28:17,18,25,26,27,29,30,31,32,33,34,37,52,53,57,58,62,63,64,65,70,:
29:17,25,26,27,28,30,31,32,37,57,58,59,60,61,62,63,64,70,253,:
30:25,26,27,28,29,31,32,37,57,58,59,60,61,62,63,64,69,70,244,251,252,253,:
31:25,26,27,28,29,30,32,37,57,58,59,60,61,62,63,70,:
32:17,18,25,26,27,28,29,30,31,33,34,35,36,37,58,60,62,64,65,66,67,68,69,70,244,277,:
33:26,27,28,32,34,35,36,37,58,64,65,66,67,68,69,70,244,277,:
34:27,28,32,33,35,36,37,62,64,65,66,67,68,69,70,244,245,:
35:32,33,34,36,37,65,66,67,69,70,245,248,:
36:27,32,33,34,35,37,64,65,66,67,68,70,144,145,244,248,277,:
37:27,28,29,30,31,32,33,34,35,36,60,62,64,65,66,67,69,70,243,244,245,249,251,:
38:1,2,3,4,5,39,40,41,46,395,396,397,:
39:1,2,3,4,38,40,41,56,:
40:1,2,3,4,38,39,41,395,396,397,:
41:1,2,3,4,5,6,7,8,9,11,38,39,40,42,43,44,46,397,:
42:1,2,4,5,6,7,8,9,10,11,15,16,41,43,44,45,46,50,288,289,291,292,302,304,307,:
43:4,5,6,7,8,9,10,11,12,15,41,42,44,45,46,50,284,285,287,288,289,431,:
44:1,4,5,6,7,8,9,10,11,13,15,41,42,43,45,46,431,:
45:5,8,9,10,11,12,13,14,42,43,44,47,50,101,104,284,285,286,287,288,289,290,291,292,302,303,307,:
46:4,5,8,9,10,11,12,13,14,38,41,42,43,44,48,397,:
47:9,10,11,12,13,14,45,49,94,96,100,101,102,103,104,116,122,286,302,303,307,:
48:9,10,11,12,13,14,46,49,359,360,361,365,388,389,391,398,399,400,403,:
49:9,10,11,12,13,14,47,48,122,124,361,362,403,:
50:2,4,5,6,7,8,15,16,17,18,19,20,22,25,42,43,45,51,52,53,54,288,289,290,291,292,:
51:6,7,15,16,17,18,19,20,21,22,25,26,50,52,53,57,:
52:15,16,17,18,19,20,21,22,23,25,28,50,51,53,54,57,63,:
53:6,15,16,17,18,19,20,21,22,25,28,50,51,52,54,57,292,:
54:2,15,16,19,20,21,22,23,24,50,52,53,56,:
55:20,21,22,23,24,56,:
56:2,20,21,22,23,24,39,54,55,:
57:15,16,17,18,19,25,26,27,28,29,30,31,51,52,53,58,59,61,62,63,:
58:17,18,25,26,27,28,29,30,31,32,33,57,59,60,62,63,64,70,276,277,282,284,289,:
59:17,25,26,27,29,30,31,57,58,60,61,62,63,70,253,:
60:26,27,29,30,31,32,37,58,59,61,62,63,64,69,70,251,252,253,254,255,259,:
61:26,29,30,31,57,59,60,62,63,70,:
62:25,26,27,28,29,30,31,32,34,37,57,58,59,60,61,63,69,70,:
63:17,25,26,27,28,29,30,31,52,57,58,59,60,61,62,:
64:18,25,26,27,28,29,30,32,33,34,36,37,58,60,65,66,67,68,70,244,274,276,277,:
65:27,28,32,33,34,35,36,37,64,66,67,68,70,:
66:32,33,34,35,36,37,64,65,67,68,144,145,248,:
67:32,33,34,35,36,37,64,65,66,68,70,242,243,244,245,248,274,277,278,280,:
68:27,32,33,34,36,64,65,66,67,144,145,277,278,280,293,:
69:30,32,33,34,35,37,60,62,70,243,244,245,249,251,:
70:26,27,28,29,30,31,32,33,34,35,36,37,58,59,60,61,62,64,65,67,69,243,244,249,251,:
71:72,73,74,75,76,77,:
72:71,73,74,76,77,:
73:71,72,74,75,76,77,78,:
74:71,72,73,75,76,77,:
75:71,73,74,76,:
76:71,72,73,74,75,77,78,79,80,82,:
77:71,72,73,74,76,78,79,80,81,82,:
78:73,76,77,79,80,81,82,236,238,267,:
79:76,77,78,80,81,82,234,236,267,268,269,:
80:76,77,78,79,81,82,234,235,236,238,279,:
81:77,78,79,80,82,234,235,236,237,238,263,265,267,279,281,:
82:76,77,78,79,80,81,90,236,238,279,281,:
83:84,85,86,87,88,89,90,91,92,266,:
84:83,85,86,87,88,90,91,265,266,273,275,283,:
85:83,84,86,87,88,89,90,91,92,93,266,:
86:83,84,85,87,88,89,90,91,92,93,94,95,96,97,282,283,:
87:83,84,85,86,88,89,91,92,93,94,96,97,266,275,276,282,283,284,286,287,:
88:83,84,85,86,87,89,90,91,92,266,279,:
89:83,85,86,87,88,90,91,92,94,95,:
90:82,83,84,85,86,88,89,:
91:83,84,85,86,87,88,89,92,93,94,95,96,97,100,101,283,:
92:83,85,86,87,88,89,91,93,94,95,96,97,100,441,443,451,:
93:85,86,87,91,92,94,95,96,97,100,101,102,283,286,:
94:47,86,87,89,91,92,93,95,96,97,100,101,102,103,105,286,448,451,:
95:86,89,91,92,93,94,96,100,101,102,105,443,444,448,450,451,452,454,:
96:47,86,87,91,92,93,94,95,97,98,99,100,101,448,:
97:86,87,91,92,93,94,96,98,99,:
98:96,97,99,402,403,438,:
99:9,10,11,12,13,14,96,97,98,400,402,403,428,430,:
100:47,91,92,93,94,95,96,101,102,103,104,105,106,116,117,286,451,:
101:10,12,45,47,91,93,94,95,96,100,102,103,104,105,116,285,286,288,290,303,:
102:47,93,94,95,100,101,103,104,105,106,107,108,116,117,118,286,451,454,:
103:47,94,100,101,102,104,105,106,107,116,117,118,119,120,121,122,125,126,303,454,:
104:12,45,47,100,101,102,103,105,106,107,116,117,118,119,126,286,290,291,295,302,303,304,306,:
105:94,95,100,101,102,103,104,106,107,108,109,111,112,116,117,286,:
106:100,102,103,104,105,107,108,109,110,111,112,113,114,116,117,:
107:102,103,104,105,106,108,109,110,111,112,113,116,117,119,120,125,130,:
108:102,105,106,107,109,110,111,112,113,114,115,141,457,:
109:105,106,107,108,110,111,112,113,115,139,457,:
110:106,107,108,109,111,113,127,130,131,132,133,139,:
111:105,106,107,108,109,110,112,113,114,115,141,457,:
112:105,106,107,108,109,111,113,114,115,141,143,458,:
113:106,107,108,109,110,111,112,114,115,141,:
114:106,108,111,112,113,115,141,143,458,:
115:108,109,111,112,113,114,141,:
116:47,100,101,102,103,104,105,106,107,117,118,119,120,121,122,123,125,126,303,454,:
117:100,102,103,104,105,106,107,116,118,119,120,121,122,125,451,452,453,454,:
118:102,103,104,116,117,119,120,121,122,123,124,125,126,127,303,306,454,:
119:103,104,107,116,117,118,120,121,122,123,125,126,127,128,129,130,306,:
120:103,107,116,117,118,119,121,123,125,126,127,128,454,:
121:103,116,117,118,119,120,122,123,124,125,126,454,:
122:12,14,47,49,103,116,117,118,119,121,123,124,:
123:116,118,119,120,121,122,124,125,126,:
124:49,118,121,122,123,362,:
125:103,107,116,117,118,119,120,121,123,126,127,128,129,130,131,306,:
126:103,104,116,118,119,120,121,123,125,127,128,129,130,303,305,306,308,310,:
127:110,118,119,120,125,126,128,129,130,131,132,133,306,:
128:119,120,125,126,127,129,130,131,132,:
129:119,125,126,127,128,130,131,306,310,311,:
130:107,110,119,125,126,127,128,129,131,132,133,297,299,300,301,306,:
131:110,125,127,128,129,130,132,133,134,135,300,301,:
132:110,127,128,130,131,133,135,301,:
133:110,127,130,131,132,134,135,136,139,297,299,300,301,317,:
134:131,133,135,136,137,138,139,140,146,147,158,301,:
135:131,132,133,134,136,137,138,139,300,301,:
136:133,134,135,137,138,139,140,141,142,146,147,148,158,:
137:134,135,136,138,139,140,141,142,146,147,148,149,151,152,157,158,169,:
138:134,135,136,137,139,140,142,146,147,148,149,151,152,153,156,157,158,159,169,:
139:109,110,133,134,135,136,137,138,140,141,142,143,144,146,147,297,299,300,301,:
140:134,136,137,138,139,141,142,143,144,145,146,147,295,297,:
141:108,111,112,113,114,115,136,137,139,140,142,143,144,145,146,147,:
142:136,137,138,139,140,141,143,144,145,169,294,295,297,299,:
143:112,114,139,140,141,142,144,145,147,186,:
144:36,66,68,139,140,141,142,143,145,168,169,:
145:36,66,68,140,141,142,143,144,:
146:134,136,137,138,139,140,141,147,148,149,150,151,152,153,158,163,169,:
147:134,136,137,138,139,140,141,143,146,148,149,150,151,152,163,:
148:136,137,138,146,147,149,150,151,152,153,158,163,164,169,171,:
149:137,138,146,147,148,150,151,152,163,164,165,166,167,168,169,170,171,181,:
150:146,147,148,149,151,163,164,165,166,169,170,171,172,173,180,181,186,:
151:137,138,146,147,148,149,150,152,153,154,158,163,171,:
152:137,138,146,147,148,149,151,153,154,155,156,157,158,:
153:138,146,148,151,152,154,155,156,157,158,159,160,161,:
154:151,152,153,155,156,157,158,159,160,161,162,:
155:152,153,154,156,157,158,160,161,162,:
156:138,152,153,154,155,157,158,159,160,161,162,:
157:137,138,152,153,154,155,156,158,159,160,161,162,:
158:134,136,137,138,146,148,151,152,153,154,155,156,157,159,160,162,:
159:138,153,154,156,157,158,160,161,162,322,323,324,:
160:153,154,155,156,157,158,159,161,162,:
161:153,154,155,156,157,159,160,162,:
162:154,155,156,157,158,159,160,161,:
163:146,147,148,149,150,151,164,165,166,167,168,169,170,171,181,:
164:148,149,150,163,165,166,167,168,169,170,171,172,181,248,:
165:149,150,163,164,166,167,168,169,170,171,172,173,174,175,180,181,190,:
166:149,150,163,164,165,167,170,171,172,173,174,180,181,182,183,185,189,190,191,194,195,196,248,:
167:149,163,164,165,166,168,169,170,171,248,:
168:144,149,163,164,165,167,169,171,:
169:137,138,142,144,146,148,149,150,163,164,165,167,168,170,171,:
170:149,150,163,164,165,166,167,169,171,172,173,174,175,176,177,181,190,:
171:148,149,150,151,163,164,165,166,167,168,169,170,172,173,175,176,177,:
172:150,164,165,166,170,171,173,174,175,176,177,178,179,190,:
173:150,165,166,170,171,172,174,175,176,180,181,189,190,:
174:165,166,170,172,173,175,180,181,189,190,191,192,194,:
175:165,170,171,172,173,174,176,177,178,179,:
176:170,171,172,173,175,177,178,179,:
177:170,171,172,175,176,178,179,196,:
178:172,175,176,177,179,196,:
179:172,175,176,177,178,196,:
180:150,165,166,173,174,181,182,183,184,185,186,187,188,189,190,:
181:149,150,163,164,165,166,170,173,174,180,182,183,185,186,188,189,190,:
182:166,180,181,183,184,185,186,187,188,189,190,191,:
183:166,180,181,182,184,185,186,187,189,190,191,192,193,194,:
184:180,182,183,185,187,189,190,191,192,193,:
185:166,180,181,182,183,184,186,187,188,189,190,248,:
186:143,150,180,181,182,183,185,187,188,281,:
187:180,182,183,184,185,186,188,189,190,238,248,281,:
188:180,181,182,185,186,187,281,:
189:166,173,174,180,181,182,183,184,185,187,190,191,192,193,194,195,:
190:165,166,170,172,173,174,180,181,182,183,184,185,187,189,191,192,194,195,:
191:166,174,182,183,184,189,190,192,193,194,195,196,210,:
192:174,183,184,189,190,191,193,194,195,:
193:183,184,189,191,192,194,210,:
194:166,174,183,189,190,191,192,193,195,196,197,198,199,210,:
195:166,189,190,191,192,194,196,197,198,199,200,201,247,:
196:166,177,178,179,191,194,195,197,198,199,200,201,202,203,204,247,:
197:194,195,196,198,199,200,201,202,203,204,205,:
198:194,195,196,197,199,200,201,203,204,205,:
199:194,195,196,197,198,200,201,202,203,204,205,210,220,:
200:195,196,197,198,199,201,202,203,204,205,219,220,221,:
201:195,196,197,198,199,200,202,203,205,220,247,:
202:196,197,199,200,201,203,204,205,213,214,215,218,219,220,221,:
203:196,197,198,199,200,201,202,204,205,210,211,:
204:196,197,198,199,200,202,203,205,211,:
205:197,198,199,200,201,202,203,204,219,220,221,:
206:207,208,209,210,211,212,213,214,223,233,:
207:206,208,209,210,211,212,213,214,215,223,233,:
208:206,207,209,210,211,212,213,214,215,216,217,218,222,223,232,233,241,:
209:206,207,208,210,213,214,215,216,217,222,223,232,233,234,235,237,240,241,242,245,246,247,:
210:191,193,194,199,203,206,207,208,209,211,212,213,214,:
211:203,204,206,207,208,210,212,213,214,:
212:206,207,208,210,211,213,214,:
213:202,206,207,208,209,210,211,212,214,215,216,217,218,219,220,221,222,223,233,241,:
214:202,206,207,208,209,210,211,212,213,215,216,218,219,220,221,222,223,:
215:202,207,208,209,213,214,216,217,218,219,220,221,222,223,224,233,241,:
216:208,209,213,214,215,217,218,219,222,223,224,225,226,227,232,233,240,241,250,:
217:208,209,213,215,216,218,222,223,224,225,226,232,233,240,241,242,243,245,249,250,251,254,:
218:202,208,213,214,215,216,217,219,220,221,222,223,:
219:200,202,205,213,214,215,216,218,220,221,:
220:199,200,201,202,205,213,214,215,218,219,221,:
221:200,202,205,213,214,215,218,219,220,:
222:208,209,213,214,215,216,217,218,223,224,225,226,227,228,229,232,233,241,250,:
223:206,207,208,209,213,214,215,216,217,218,222,224,225,227,228,229,232,233,:
224:215,216,217,222,223,225,226,227,228,229,230,231,232,233,234,241,250,:
225:216,217,222,223,224,226,227,228,232,233,234,235,236,237,240,241,249,250,263,269,:
226:216,217,222,224,225,227,232,233,234,235,236,240,241,249,250,251,252,254,262,263,267,268,269,271,:
227:216,222,223,224,225,226,228,229,230,231,232,233,:
228:222,223,224,225,227,229,230,231,:
229:222,223,224,227,228,230,231,:
230:224,227,228,229,231,256,:
231:224,227,228,229,230,:
232:208,209,216,217,222,223,224,225,226,227,233,234,235,236,237,238,239,240,241,250,:
233:206,207,208,209,213,215,216,217,222,223,224,225,226,227,232,234,235,237,239,240,241,:
234:79,80,81,209,224,225,226,232,233,235,236,237,238,239,240,241,242,250,263,:
235:80,81,209,225,226,232,233,234,236,237,238,239,240,241,242,243,244,245,249,250,262,263,:
236:78,79,80,81,82,225,226,232,234,235,237,238,240,241,242,243,244,249,250,262,263,264,265,267,273,274,279,281,:
237:81,209,225,232,233,234,235,236,238,239,240,241,:
238:78,80,81,82,187,232,234,235,236,237,239,240,241,:
239:232,233,234,235,237,238,:
240:209,216,217,225,226,232,233,234,235,236,237,238,241,242,243,244,245,246,249,250,263,:
241:208,209,213,215,216,217,222,224,225,226,232,233,234,235,236,237,238,240,242,243,245,246,249,250,:
242:67,209,217,234,235,236,240,241,243,244,245,246,247,248,249,250,251,263,274,:
243:37,67,69,70,217,235,236,240,241,242,244,245,246,249,250,251,252,253,254,262,263,273,274,:
244:30,32,33,34,36,37,64,67,69,70,235,236,240,242,243,245,249,250,251,252,253,262,263,273,274,275,276,277,278,:
245:34,35,37,67,69,209,217,235,240,241,242,243,244,246,247,248,249,250,:
246:209,240,241,242,243,245,247,248,:
247:195,196,201,209,242,245,246,248,:
248:35,36,66,67,164,166,167,185,187,242,245,246,247,:
249:37,69,70,217,225,226,235,236,240,241,242,243,244,245,250,251,252,253,254,255,262,263,274,:
250:216,217,222,224,225,226,232,234,235,236,240,241,242,243,244,245,249,251,252,254,262,263,:
251:30,37,60,69,70,217,226,242,243,244,249,250,252,253,254,255,256,262,263,264,274,:
252:30,60,226,243,244,249,250,251,253,254,255,262,263,264,265,267,268,273,274,:
253:29,30,59,60,243,244,249,251,252,254,255,262,263,264,265,273,274,:
254:60,217,226,243,249,250,251,252,253,255,256,257,259,262,263,:
255:60,249,251,252,253,254,256,257,258,259,260,261,262,:
256:230,251,254,255,257,258,259,260,261,:
257:254,255,256,258,259,260,261,:
258:255,256,257,259,260,261,:
259:60,254,255,256,257,258,260,261,:
260:255,256,257,258,259,261,:
261:255,256,257,258,259,260,:
262:226,235,236,243,244,249,250,251,252,253,254,255,263,264,265,266,267,268,269,270,273,274,:
263:81,225,226,234,235,236,240,242,243,244,249,250,251,252,253,254,262,264,265,267,268,269,273,274,:
264:236,251,252,253,262,263,265,266,267,268,269,270,273,274,275,:
265:81,84,236,252,253,262,263,264,266,267,268,273,274,275,276,278,279,283,:
266:83,84,85,87,88,262,264,265,267,273,274,275,276,278,279,283,:
267:78,79,81,226,236,252,262,263,264,265,266,268,269,270,271,272,273,274,:
268:79,226,252,262,263,264,265,267,269,270,271,272,:
269:79,225,226,262,263,264,267,268,270,271,272,:
270:262,264,267,268,269,271,272,:
271:226,267,268,269,270,272,:
272:267,268,269,270,271,:
273:84,236,243,244,252,253,262,263,264,265,266,267,274,275,276,277,278,279,280,282,283,:
274:64,67,236,242,243,244,249,251,252,253,262,263,264,265,266,267,273,275,276,277,278,279,282,:
275:84,87,244,264,265,266,273,274,276,277,278,279,280,281,282,283,284,:
276:58,64,87,244,265,266,273,274,275,277,278,279,280,282,283,284,285,286,287,288,:
277:18,26,27,32,33,36,58,64,67,68,244,273,274,275,276,278,280,282,283,284,285,288,289,:
278:67,68,244,265,266,273,274,275,276,277,279,280,281,282,283,:
279:80,81,82,88,236,265,266,273,274,275,276,278,280,281,:
280:67,68,273,275,276,277,278,279,281,282,283,:
281:81,82,186,187,188,236,275,278,279,280,:
282:58,86,87,273,274,275,276,277,278,280,283,284,285,286,287,288,289,:
283:84,86,87,91,93,265,266,273,275,276,277,278,280,282,284,285,286,287,:
284:18,43,45,58,87,275,276,277,282,283,285,286,287,288,289,290,:
285:10,18,43,45,101,276,277,282,283,284,286,287,288,289,290,291,293,:
286:10,45,47,87,93,94,100,101,102,104,105,276,282,283,284,285,287,288,289,290,291,293,:
287:43,45,87,276,282,283,284,285,286,288,289,430,431,:
288:10,15,17,18,42,43,45,50,101,276,277,282,284,285,286,287,289,290,291,292,293,294,302,303,:
289:6,15,16,17,18,25,42,43,45,50,58,277,282,284,285,286,287,288,290,291,292,293,:
290:18,45,50,101,104,284,285,286,288,289,291,292,293,294,295,296,302,303,304,:
291:10,42,45,50,104,285,286,288,289,290,292,293,294,295,296,302,303,304,305,307,:
292:2,5,6,15,18,42,45,50,53,288,289,290,291,293,294,296,302,303,304,307,:
293:18,68,285,286,288,289,290,291,292,294,295,296,297,298,302,303,:
294:142,288,290,291,292,293,295,296,297,298,299,302,303,:
295:104,140,142,290,291,293,294,296,297,298,299,300,301,302,303,:
296:290,291,292,293,294,295,297,298,299,300,302,:
297:130,133,139,140,142,293,294,295,296,298,299,300,301,:
298:293,294,295,296,297,299,300,301,314,316,317,:
299:130,133,139,142,294,295,296,297,298,300,301,314,316,317,:
300:130,131,133,135,139,295,296,297,298,299,301,314,315,316,317,318,322,323,:
301:130,131,132,133,134,135,139,295,297,298,299,300,314,316,317,323,:
302:10,42,45,47,104,288,290,291,292,293,294,295,296,303,304,305,306,307,308,309,:
303:10,12,45,47,101,103,104,116,118,126,288,290,291,292,293,294,295,302,304,305,306,307,308,:
304:42,104,290,291,292,302,303,305,306,307,308,309,310,:
305:126,291,302,303,304,306,307,308,309,310,311,312,313,314,:
306:104,118,119,125,126,127,129,130,302,303,304,305,307,308,309,310,311,:
307:2,10,12,42,45,47,291,292,302,303,304,305,306,308,309,365,:
308:126,302,303,304,305,306,307,309,310,311,312,313,314,:
309:302,304,305,306,307,308,310,311,312,313,314,:
310:126,129,304,305,306,308,309,311,312,313,314,315,:
311:129,305,306,308,309,310,312,313,314,:
312:305,308,309,310,311,313,332,334,364,:
313:305,308,309,310,311,312,314,315,316,317,:
314:298,299,300,301,305,308,309,310,311,313,315,316,317,318,320,:
315:300,310,313,314,316,317,318,319,320,321,322,:
316:298,299,300,301,313,314,315,317,318,319,320,321,322,323,324,:
317:133,298,299,300,301,313,314,315,316,318,319,320,322,323,324,:
318:300,314,315,316,317,319,320,321,322,323,324,:
319:315,316,317,318,320,321,322,323,324,:
320:314,315,316,317,318,319,321,322,324,:
321:315,316,318,319,320,322,323,324,:
322:159,300,315,316,317,318,319,320,321,323,324,:
323:159,300,301,316,317,318,319,321,322,324,:
324:159,316,317,318,319,320,321,322,323,:
325:326,327,328,329,330,331,336,337,349,:
326:325,327,328,330,336,337,:
327:325,326,328,329,330,331,332,333,336,337,338,349,:
328:325,326,327,329,330,331,332,333,336,337,338,339,340,341,348,349,357,358,:
329:325,327,328,330,331,333,336,337,338,339,340,348,349,350,351,353,357,358,359,362,363,364,:
330:325,326,327,328,329,331,332,333,334,335,336,337,:
331:325,327,328,329,330,332,333,334,335,336,:
332:312,327,328,330,331,333,334,335,364,:
333:327,328,329,330,331,332,334,335,:
334:312,330,331,332,333,335,364,:
335:330,331,332,333,334,363,364,:
336:325,326,327,328,329,330,331,337,338,339,340,341,342,349,358,:
337:325,326,327,328,329,330,336,338,339,341,:
338:327,328,329,336,337,339,340,341,342,343,358,:
339:328,329,336,337,338,340,341,342,348,349,357,358,367,:
340:328,329,336,338,339,341,342,348,349,357,358,359,362,366,367,373,:
341:328,336,337,338,339,340,342,343,344,345,347,:
342:336,338,339,340,341,343,344,345,346,347,:
343:338,341,342,344,345,346,347,:
344:341,342,343,345,346,347,:
345:341,342,343,344,346,347,:
346:342,343,344,345,347,:
347:341,342,343,344,345,346,:
348:328,329,339,340,349,350,351,352,353,354,357,358,367,:
349:325,327,328,329,336,339,340,348,350,351,353,357,358,:
350:329,348,349,351,352,353,354,355,356,357,358,359,367,375,382,:
351:329,348,349,350,352,353,354,355,357,358,359,360,361,362,366,367,374,375,382,387,394,:
352:348,350,351,353,354,355,357,358,359,360,361,366,367,369,374,375,376,377,379,382,386,387,388,391,392,394,:
353:329,348,349,350,351,352,354,355,356,357,358,:
354:348,350,351,352,353,355,356,357,394,:
355:350,351,352,353,354,356,:
356:350,353,354,355,394,:
357:328,329,339,340,348,349,350,351,352,353,354,358,359,360,361,362,363,366,367,375,387,394,:
358:328,329,336,338,339,340,348,349,350,351,352,353,357,359,360,362,363,366,367,:
359:48,329,340,350,351,352,357,358,360,361,362,363,364,365,366,367,368,387,394,:
360:48,351,352,357,358,359,361,362,363,366,367,368,369,370,371,374,375,386,387,398,399,:
361:13,14,48,49,351,352,357,359,360,362,366,367,368,369,370,374,375,386,387,388,389,391,398,399,400,403,:
362:49,124,329,340,351,357,358,359,360,361,363,364,365,366,367,:
363:329,335,357,358,359,360,362,364,365,394,:
364:312,329,332,334,335,359,362,363,365,:
365:13,48,307,359,362,363,364,393,394,395,396,:
366:340,351,352,357,358,359,360,361,362,367,368,369,370,371,372,373,374,375,387,399,:
367:339,340,348,350,351,352,357,358,359,360,361,362,366,368,369,371,373,374,375,:
368:359,360,361,366,367,369,370,371,372,373,374,375,376,387,399,:
369:352,360,361,366,367,368,370,371,372,373,374,375,376,377,378,379,386,387,398,399,405,:
370:360,361,366,368,369,371,372,374,375,376,377,378,386,387,398,399,400,403,404,405,:
371:360,366,367,368,369,370,372,373,374,375,:
372:366,368,369,370,371,373,374,375,:
373:340,366,367,368,369,371,372,:
374:351,352,360,361,366,367,368,369,370,371,372,375,376,377,378,379,380,381,382,383,386,387,399,:
375:350,351,352,357,360,361,366,367,368,369,370,371,372,374,376,377,379,380,381,382,383,384,386,387,:
376:352,368,369,370,374,375,377,378,379,380,381,382,383,386,387,388,399,405,:
377:352,369,370,374,375,376,378,379,380,386,387,388,389,390,391,398,399,404,405,:
378:369,370,374,376,377,379,386,387,388,389,390,398,399,404,405,406,409,414,415,:
379:352,369,374,375,376,377,378,380,381,382,383,385,386,387,:
380:374,375,376,377,379,381,382,383,384,385,:
381:374,375,376,379,380,382,383,384,385,:
382:350,351,352,374,375,376,379,380,381,383,384,385,:
383:374,375,376,379,380,381,382,384,385,:
384:375,380,381,382,383,385,:
385:379,380,381,382,383,384,:
386:352,360,361,369,370,374,375,376,377,378,379,387,388,389,390,391,392,398,399,405,:
387:351,352,357,359,360,361,366,368,369,370,374,375,376,377,378,379,386,388,389,391,392,398,399,:
388:48,352,361,376,377,378,386,387,389,390,391,392,393,398,399,400,405,415,:
389:48,361,377,378,386,387,388,390,391,392,398,399,400,401,402,403,404,405,414,415,:
390:377,378,386,388,389,391,398,399,400,401,402,404,405,414,415,416,419,420,424,:
391:48,352,361,377,386,387,388,389,390,392,393,394,395,396,397,398,399,:
392:352,386,387,388,389,391,393,394,395,396,397,:
393:365,388,391,392,394,395,396,397,:
394:351,352,354,356,357,359,363,365,391,392,393,395,396,397,:
395:3,38,40,365,391,392,393,394,396,397,:
396:3,38,40,365,391,392,393,394,395,397,:
397:3,38,40,41,46,391,392,393,394,395,396,:
398:13,48,360,361,369,370,377,378,386,387,388,389,390,391,399,400,401,402,403,404,405,415,:
399:13,48,360,361,366,368,369,370,374,376,377,378,386,387,388,389,390,391,398,400,401,403,404,405,:
400:13,48,99,361,370,388,389,390,398,399,401,402,403,404,405,406,415,424,:
401:389,390,398,399,400,402,403,404,405,406,407,408,409,414,415,423,424,433,440,:
402:98,99,389,390,398,400,401,403,404,405,406,407,408,414,415,417,423,424,425,426,428,432,433,434,437,438,440,:
403:13,14,48,49,98,99,361,370,389,398,399,400,401,402,404,405,:
404:370,377,378,389,390,398,399,400,401,402,403,405,406,407,408,409,410,414,415,424,433,:
405:369,370,376,377,378,386,388,389,390,398,399,400,401,402,403,404,406,407,409,414,415,:
406:378,400,401,402,404,405,407,408,409,410,411,414,415,416,433,:
407:401,402,404,405,406,408,409,410,414,415,416,417,418,419,423,424,432,433,:
408:401,402,404,406,407,409,410,414,415,416,417,418,423,424,432,433,434,435,437,:
409:378,401,404,405,406,407,408,410,411,412,413,414,415,:
410:404,406,407,408,409,411,412,413,:
411:406,409,410,412,413,:
412:409,410,411,413,:
413:409,410,411,412,:
414:378,389,390,401,402,404,405,406,407,408,409,415,416,417,418,419,420,421,423,424,433,:
415:378,388,389,390,398,400,401,402,404,405,406,407,408,409,414,416,417,419,420,421,422,423,424,:
416:390,406,407,408,414,415,417,418,419,420,421,422,423,424,425,433,:
417:402,407,408,414,415,416,418,419,420,423,424,425,426,427,428,432,433,:
418:407,408,414,416,417,419,423,424,425,426,427,432,433,:
419:390,407,414,415,416,417,418,420,421,422,423,424,:
420:390,414,415,416,417,419,421,422,:
421:414,415,416,419,420,422,:
422:415,416,419,420,421,:
423:401,402,407,408,414,415,416,417,418,419,424,425,426,427,428,429,432,433,:
424:390,400,401,402,404,407,408,414,415,416,417,418,419,423,425,426,428,432,433,:
425:402,416,417,418,423,424,426,427,428,429,432,433,434,:
426:402,417,418,423,424,425,427,428,429,432,433,434,435,436,437,:
427:417,418,423,425,426,428,429,432,433,434,435,436,:
428:99,402,417,423,424,425,426,427,429,430,431,432,433,:
429:423,425,426,427,428,430,431,432,:
430:99,287,428,429,431,:
431:8,43,44,287,428,429,430,:
432:402,407,408,417,418,423,424,425,426,427,428,429,433,434,435,436,437,438,439,:
433:401,402,404,406,407,408,414,416,417,418,423,424,425,426,427,428,432,434,435,437,438,440,:
434:402,408,425,426,427,432,433,435,436,437,438,439,440,:
435:408,426,427,432,433,434,436,437,438,439,:
436:426,427,432,434,435,437,439,:
437:402,408,426,432,433,434,435,436,438,439,440,:
438:98,402,432,433,434,435,437,439,440,:
439:432,434,435,436,437,438,440,:
440:401,402,433,434,437,438,439,:
441:92,442,443,444,445,446,447,450,451,:
442:441,443,444,445,446,450,:
443:92,95,441,442,444,445,446,447,448,449,450,451,452,:
444:95,441,442,443,445,446,447,448,450,451,452,453,454,455,456,:
445:441,442,443,444,446,447,450,451,452,453,:
446:441,442,443,444,445,447,448,449,450,451,:
447:441,443,444,445,446,448,449,450,451,:
448:94,95,96,443,444,446,447,449,450,451,:
449:443,446,447,448,:
450:95,441,442,443,444,445,446,447,448,451,452,453,454,455,456,457,:
451:92,94,95,100,102,117,441,443,444,445,446,447,448,450,452,453,454,455,456,:
452:95,117,443,444,445,450,451,453,454,455,456,457,458,:
453:117,444,445,450,451,452,454,455,456,457,:
454:95,102,103,116,117,118,120,121,444,450,451,452,453,455,457,:
455:444,450,451,452,453,454,456,457,458,:
456:444,450,451,452,453,455,457,458,:
457:108,109,111,450,452,453,454,455,456,458,:
458:112,114,452,455,456,457,:
