1:2,3,4,5,6,7,8,9,16,18,19,20,21,23,24,106,114,132,136,287,289,:
2:1,3,4,5,6,7,8,14,18,19,20,106,132,133,136,137,138,289,:
3:1,2,4,5,6,7,12,13,14,16,18,19,27,136,137,138,139,181,289,:
4:1,2,3,5,6,12,14,19,27,58,64,65,66,69,137,138,139,217,218,:
5:1,2,3,4,6,7,8,11,12,13,14,16,18,19,26,27,137,139,180,181,:
6:1,2,3,4,5,7,8,9,12,13,14,16,18,19,20,21,23,24,27,180,181,182,:
7:1,2,3,5,6,8,9,14,16,18,19,20,21,22,23,24,27,180,181,182,:
8:1,2,5,6,7,9,16,18,20,21,22,23,24,180,182,294,:
9:1,6,7,8,16,18,20,21,22,23,24,176,177,179,180,181,182,338,:
10:11,12,13,14,15,17,25,26,27,28,29,305,:
11:5,10,12,13,14,15,17,25,26,27,28,29,353,354,:
12:3,4,5,6,10,11,13,14,15,16,17,25,26,27,28,29,:
13:3,5,6,10,11,12,14,15,16,17,25,26,27,28,29,286,292,298,:
14:2,3,4,5,6,7,10,11,12,13,15,16,26,27,69,139,181,353,:
15:10,11,12,13,14,17,25,26,27,28,29,216,221,224,286,292,298,:
16:1,3,5,6,7,8,9,12,13,14,20,21,22,23,24,27,180,181,182,293,294,297,299,303,338,:
17:10,11,12,13,15,25,26,27,28,29,224,:
18:1,2,3,5,6,7,8,9,19,20,21,24,105,106,112,113,114,131,132,287,288,:
19:1,2,3,4,5,6,7,18,105,106,108,131,132,133,136,137,138,289,:
20:1,2,6,7,8,9,16,18,21,22,23,24,114,:
21:1,6,7,8,9,16,18,20,22,23,24,291,293,294,:
22:7,8,9,16,20,21,23,24,176,177,179,180,182,337,338,:
23:1,6,7,8,9,16,20,21,22,24,176,177,179,180,181,182,336,337,338,:
24:1,6,7,8,9,16,18,20,21,22,23,174,175,176,177,178,179,180,181,182,338,:
25:10,11,12,13,15,17,26,29,305,354,:
26:5,10,11,12,13,14,15,17,25,69,70,352,353,354,:
27:3,4,5,6,7,10,11,12,13,14,15,16,17,28,217,285,286,289,290,291,292,293,298,:
28:10,11,12,13,15,17,27,29,213,214,216,220,221,222,223,224,285,286,290,292,295,298,:
29:10,11,12,13,15,17,25,28,223,224,234,:
30:31,32,33,34,35,36,:
31:30,32,33,34,35,36,:
32:30,31,33,34,35,36,37,:
33:30,31,32,34,35,36,:
34:30,31,32,33,35,36,:
35:30,31,32,33,34,36,37,38,39,41,:
36:30,31,32,33,34,35,37,38,39,40,41,:
37:32,35,36,38,39,40,41,:
38:35,36,37,39,40,41,:
39:35,36,37,38,40,41,68,77,79,:
40:36,37,38,39,41,67,68,77,:
41:35,36,37,38,39,40,68,79,:
42:43,44,45,46,47,48,49,50,51,:
43:42,44,45,46,47,48,49,:
44:42,43,45,46,47,48,49,50,51,52,65,76,135,:
45:42,43,44,46,47,48,49,50,51,52,53,54,55,64,65,75,76,81,135,138,:
46:42,43,44,45,47,49,50,51,52,53,54,64,65,75,76,77,78,80,81,82,85,87,:
47:42,43,44,45,46,48,49,50,51,65,72,74,76,135,138,:
48:42,43,44,45,47,49,51,74,135,171,:
49:42,43,44,45,46,47,48,73,74,75,76,:
50:42,44,45,46,47,51,52,53,54,55,56,64,65,76,81,134,135,137,138,140,:
51:42,44,45,46,47,48,50,52,53,55,64,65,133,134,135,136,137,138,140,141,142,:
52:44,45,46,50,51,53,54,55,56,57,58,64,65,66,76,81,87,138,:
53:45,46,50,51,52,54,55,56,57,58,64,65,66,67,69,75,76,80,81,86,87,138,:
54:45,46,50,52,53,55,56,57,58,64,65,66,67,68,75,76,78,80,81,83,86,87,88,:
55:45,50,51,52,53,54,56,57,58,59,60,64,65,138,141,:
56:50,52,53,54,55,57,58,59,60,61,64,:
57:52,53,54,55,56,58,59,60,61,62,88,89,90,:
58:4,52,53,54,55,56,57,59,60,61,62,63,64,:
59:55,56,57,58,60,61,62,63,88,89,90,109,:
60:55,56,57,58,59,61,62,63,202,219,:
61:56,57,58,59,60,62,63,202,:
62:57,58,59,60,61,63,198,199,201,202,204,205,:
63:58,59,60,61,62,198,199,200,201,202,204,205,:
64:4,45,46,50,51,52,53,54,55,56,58,65,66,67,68,69,70,72,75,76,81,87,137,138,:
65:4,44,45,46,47,50,51,52,53,54,55,64,66,67,69,70,72,75,76,137,138,139,:
66:4,52,53,54,64,65,67,68,69,70,71,72,75,76,77,138,218,:
67:40,53,54,64,65,66,68,69,70,71,75,76,77,78,80,81,87,:
68:39,40,41,54,64,66,67,69,70,71,75,76,77,78,79,:
69:4,14,26,53,64,65,66,67,68,70,71,72,73,74,75,76,138,:
70:26,64,65,66,67,68,69,71,72,73,74,75,76,138,139,353,:
71:66,67,68,69,70,72,73,74,75,76,352,359,:
72:47,64,65,66,69,70,71,73,74,137,138,139,353,:
73:49,69,70,71,72,74,352,356,359,:
74:47,48,49,69,70,71,72,73,139,170,352,353,356,359,:
75:45,46,49,53,54,64,65,66,67,68,69,70,71,76,77,78,79,80,81,87,:
76:44,45,46,47,49,50,52,53,54,64,65,66,67,68,69,70,71,75,77,78,80,81,87,:
77:39,40,46,66,67,68,75,76,78,79,80,81,82,87,:
78:46,54,67,68,75,76,77,79,80,81,82,83,85,86,87,:
79:39,41,68,75,77,78,80,81,82,83,86,87,:
80:46,53,54,67,75,76,77,78,79,81,82,83,84,85,86,87,:
81:45,46,50,52,53,54,64,67,75,76,77,78,79,80,82,83,85,86,87,:
82:46,77,78,79,80,81,83,84,85,86,87,88,:
83:54,78,79,80,81,82,84,85,86,87,88,89,90,:
84:80,82,83,85,86,87,88,89,90,:
85:46,78,80,81,82,83,84,86,87,:
86:53,54,78,79,80,81,82,83,84,85,87,88,89,90,:
87:46,52,53,54,64,67,75,76,77,78,79,80,81,82,83,84,85,86,88,89,90,:
88:54,57,59,82,83,84,86,87,89,90,:
89:57,59,83,84,86,87,88,90,:
90:57,59,83,84,86,87,88,89,:
91:92,93,94,95,96,97,102,103,143,144,:
92:91,93,94,95,96,102,141,143,144,:
93:91,92,94,95,96,97,98,99,101,102,103,104,111,120,141,144,:
94:91,92,93,95,96,97,98,102,103,104,105,106,107,110,111,119,120,132,141,144,:
95:91,92,93,94,96,97,98,102,103,104,105,106,110,111,119,120,121,122,124,131,132,133,134,140,141,142,143,144,:
96:91,92,93,94,95,97,98,99,100,101,102,103,120,127,144,:
97:91,93,94,95,96,98,99,100,101,102,103,111,119,120,124,125,126,127,:
98:93,94,95,96,97,99,100,101,102,103,105,110,111,112,113,115,119,120,121,124,125,:
99:93,96,97,98,100,101,120,125,126,127,128,129,130,:
100:96,97,98,99,101,120,125,126,127,128,129,130,:
101:93,96,97,98,99,100,125,126,127,128,129,130,:
102:91,92,93,94,95,96,97,98,103,104,105,106,107,108,109,110,111,120,132,:
103:91,93,94,95,96,97,98,102,104,105,107,109,110,111,:
104:93,94,95,102,103,105,106,107,108,109,110,111,112,120,132,:
105:18,19,94,95,98,102,103,104,106,107,108,109,110,111,112,113,114,115,119,120,131,132,:
106:1,2,18,19,94,95,102,104,105,107,108,110,111,112,113,114,119,120,131,132,133,:
107:94,102,103,104,105,106,108,109,110,111,:
108:19,102,104,105,106,107,109,110,289,:
109:59,102,103,104,105,107,108,:
110:94,95,98,102,103,104,105,106,107,108,111,112,113,114,115,116,117,118,119,120,132,:
111:93,94,95,97,98,102,103,104,105,106,107,110,112,113,115,116,118,119,120,132,:
112:18,98,104,105,106,110,111,113,114,115,116,117,118,119,120,121,132,:
113:18,98,105,106,110,111,112,114,115,116,119,120,121,122,124,131,132,:
114:1,18,20,105,106,110,112,113,115,119,120,121,122,131,132,:
115:98,105,110,111,112,113,114,116,117,118,119,120,:
116:110,111,112,113,115,117,118,:
117:110,112,115,116,118,267,288,:
118:110,111,112,115,116,117,267,:
119:94,95,97,98,105,106,110,111,112,113,114,115,120,121,122,123,124,125,131,132,:
120:93,94,95,96,97,98,99,100,102,104,105,106,110,111,112,113,114,115,119,121,122,124,125,131,132,141,:
121:95,98,112,113,114,119,120,122,123,124,125,126,131,132,133,:
122:95,113,114,119,120,121,123,124,125,131,132,133,134,135,136,140,141,:
123:119,121,122,124,131,132,133,134,135,136,140,141,145,173,:
124:95,97,98,113,119,120,121,122,123,125,126,127,128,131,132,145,:
125:97,98,99,100,101,119,120,121,122,124,126,127,128,129,130,:
126:97,99,100,101,121,124,125,127,128,129,130,:
127:96,97,99,100,101,124,125,126,128,129,130,147,:
128:99,100,101,124,125,126,127,129,130,:
129:99,100,101,125,126,127,128,130,:
130:99,100,101,125,126,127,128,129,:
131:18,19,95,105,106,113,114,119,120,121,122,123,124,132,133,134,135,136,137,140,141,:
132:1,2,18,19,94,95,102,104,105,106,110,111,112,113,114,119,120,121,122,123,124,131,133,134,136,140,141,:
133:2,19,51,95,106,121,122,123,131,132,134,135,136,137,138,139,140,141,142,:
134:50,51,95,122,123,131,132,133,135,136,137,138,140,141,142,143,145,:
135:44,45,47,48,50,51,122,123,131,133,134,136,137,138,139,140,141,142,145,:
136:1,2,3,19,51,122,123,131,132,133,134,135,137,138,139,140,174,175,181,:
137:2,3,4,5,19,50,51,64,65,72,131,133,134,135,136,138,139,174,175,181,:
138:2,3,4,19,45,47,50,51,52,53,55,64,65,66,69,70,72,133,134,135,136,137,139,:
139:3,4,5,14,65,70,72,74,133,135,136,137,138,174,175,176,180,181,:
140:50,51,95,122,123,131,132,133,134,135,136,141,142,143,144,145,146,:
141:51,55,92,93,94,95,120,122,123,131,132,133,134,135,140,142,143,144,145,:
142:51,95,133,134,135,140,141,143,144,145,146,147,148,:
143:91,92,95,134,140,141,142,144,145,146,147,148,:
144:91,92,93,94,95,96,140,141,142,143,145,146,147,:
145:123,124,134,135,140,141,142,143,144,146,147,148,:
146:140,142,143,144,145,147,148,:
147:127,142,143,144,145,146,148,:
148:142,143,145,146,147,:
149:150,151,152,153,154,155,:
150:149,151,152,153,154,:
151:149,150,152,153,154,155,156,157,158,:
152:149,150,151,153,154,155,156,:
153:149,150,151,152,154,155,:
154:149,150,151,152,153,155,156,157,158,:
155:149,151,152,153,154,156,157,158,159,160,161,:
156:151,152,154,155,157,158,159,160,161,162,163,164,196,:
157:151,154,155,156,158,159,160,161,162,163,164,165,195,196,197,:
158:151,154,155,156,157,159,160,161,163,164,165,191,194,195,196,197,:
159:155,156,157,158,160,161,162,163,164,165,195,196,197,:
160:155,156,157,158,159,161,162,163,164,165,:
161:155,156,157,158,159,160,162,163,165,:
162:156,157,159,160,161,163,164,165,:
163:156,157,158,159,160,161,162,164,165,195,196,197,:
164:156,157,158,159,160,162,163,165,195,196,197,:
165:157,158,159,160,161,162,163,164,:
166:167,168,169,170,171,172,183,184,193,:
167:166,168,169,171,172,183,184,192,193,:
168:166,167,169,170,171,172,173,183,184,185,193,:
169:166,167,168,170,171,172,183,184,185,186,188,193,356,361,362,:
170:74,166,168,169,171,172,183,184,185,188,353,355,356,361,:
171:48,166,167,168,169,170,172,173,174,175,176,183,184,:
172:166,167,168,169,170,171,173,174,175,176,177,178,183,184,192,193,:
173:123,168,171,172,174,175,176,177,178,179,180,181,:
174:24,136,137,139,171,172,173,175,176,177,178,179,180,181,182,:
175:24,136,137,139,171,172,173,174,176,177,178,180,181,182,:
176:9,22,23,24,139,171,172,173,174,175,177,178,179,180,181,182,188,338,:
177:9,22,23,24,172,173,174,175,176,178,179,180,181,182,188,336,338,:
178:24,172,173,174,175,176,177,179,180,182,194,:
179:9,22,23,24,173,174,176,177,178,180,181,182,188,335,336,337,338,:
180:5,6,7,8,9,16,22,23,24,139,173,174,175,176,177,178,179,181,182,338,:
181:3,5,6,7,9,14,16,23,24,136,137,139,173,174,175,176,177,179,180,182,338,353,:
182:6,7,8,9,16,22,23,24,174,175,176,177,178,179,180,181,188,335,336,337,338,353,:
183:166,167,168,169,170,171,172,184,185,186,187,188,190,193,361,362,:
184:166,167,168,169,170,171,172,183,185,186,187,188,189,190,191,192,193,194,362,:
185:168,169,170,183,184,186,187,188,190,343,356,361,362,:
186:169,183,184,185,187,188,189,190,343,362,:
187:183,184,185,186,188,189,190,191,192,193,194,:
188:169,170,176,177,179,182,183,184,185,186,187,335,343,:
189:184,186,187,190,191,192,193,194,195,196,197,:
190:183,184,185,186,187,189,191,192,193,194,195,197,:
191:158,184,187,189,190,192,193,194,195,196,197,:
192:167,172,184,187,189,190,191,193,194,195,:
193:166,167,168,169,172,183,184,187,189,190,191,192,194,:
194:158,178,184,187,189,190,191,192,193,195,196,197,:
195:157,158,159,163,164,189,190,191,192,194,196,197,:
196:156,157,158,159,163,164,189,191,194,195,197,:
197:157,158,159,163,164,189,190,191,194,195,196,:
198:62,63,199,200,201,202,203,204,205,206,207,:
199:62,63,198,200,201,202,203,204,205,:
200:63,198,199,201,202,203,204,205,206,207,208,212,:
201:62,63,198,199,200,202,203,204,205,206,207,208,209,211,212,:
202:60,61,62,63,198,199,200,201,203,204,205,206,207,208,209,211,212,:
203:198,199,200,201,202,204,205,206,207,:
204:62,63,198,199,200,201,202,203,205,206,207,:
205:62,63,198,199,200,201,202,203,204,206,207,208,:
206:198,200,201,202,203,204,205,207,208,209,210,211,212,:
207:198,200,201,202,203,204,205,206,208,209,211,212,:
208:200,201,202,205,206,207,209,210,211,212,213,:
209:201,202,206,207,208,210,211,212,213,214,215,216,217,276,282,283,:
210:206,208,209,211,212,213,214,216,276,277,279,282,283,284,286,289,:
211:201,202,206,207,208,209,210,212,213,214,215,216,217,220,221,283,:
212:200,201,202,206,207,208,209,210,211,213,214,215,216,217,:
213:28,208,209,210,211,212,214,215,216,217,220,221,222,283,286,:
214:28,209,210,211,212,213,215,216,217,220,221,222,223,224,225,286,:
215:209,211,212,213,214,216,220,221,222,223,225,:
216:15,28,209,210,211,212,213,214,215,217,218,219,220,221,:
217:4,27,209,211,212,213,214,216,218,219,:
218:4,66,216,217,219,:
219:60,216,217,218,:
220:28,211,213,214,215,216,221,222,223,224,225,226,228,232,233,286,:
221:15,28,211,213,214,215,216,220,222,223,224,225,226,227,228,230,283,285,286,290,292,295,:
222:28,213,214,215,220,221,223,224,225,226,227,228,232,233,234,286,:
223:28,29,214,215,220,221,222,224,225,226,227,232,233,234,235,236,237,:
224:15,17,28,29,214,220,221,222,223,225,226,227,232,233,234,235,236,241,286,292,295,298,:
225:214,215,220,221,222,223,224,226,227,228,229,230,232,233,:
226:220,221,222,223,224,225,227,228,229,230,231,232,233,:
227:221,222,223,224,225,226,228,229,230,231,232,236,295,:
228:220,221,222,225,226,227,229,230,231,279,286,:
229:225,226,227,228,230,231,295,296,:
230:221,225,226,227,228,229,231,277,278,282,285,286,295,:
231:226,227,228,229,230,295,296,:
232:220,222,223,224,225,226,227,233,234,235,236,237,238,241,242,:
233:220,222,223,224,225,226,232,234,235,236,237,:
234:29,222,223,224,232,233,235,236,237,238,239,240,241,242,243,250,:
235:223,224,232,233,234,236,237,238,239,240,241,242,243,244,246,249,250,:
236:223,224,227,232,233,234,235,237,241,242,243,244,245,249,250,252,:
237:223,232,233,234,235,236,238,239,240,241,242,250,255,256,:
238:232,234,235,237,239,240,241,242,249,250,255,256,:
239:234,235,237,238,240,241,242,250,:
240:234,235,237,238,239,241,242,243,244,249,250,251,254,255,256,:
241:224,232,234,235,236,237,238,239,240,242,243,244,245,246,247,249,250,:
242:232,234,235,236,237,238,239,240,241,243,244,246,247,249,250,:
243:234,235,236,240,241,242,244,245,246,247,248,249,250,251,:
244:235,236,240,241,242,243,245,246,247,248,249,250,251,252,253,254,:
245:236,241,243,244,246,247,248,249,250,251,252,253,:
246:235,241,242,243,244,245,247,248,249,250,325,327,:
247:241,242,243,244,245,246,248,249,323,324,325,327,:
248:243,244,245,246,247,323,324,325,327,:
249:235,236,238,240,241,242,243,244,245,246,247,250,251,252,253,254,255,256,:
250:234,235,236,237,238,239,240,241,242,243,244,245,246,249,251,252,254,255,256,:
251:240,243,244,245,249,250,252,253,254,255,256,:
252:236,244,245,249,250,251,253,254,255,256,:
253:244,245,249,251,252,254,255,:
254:240,244,249,250,251,252,253,255,256,:
255:237,238,240,249,250,251,252,253,254,256,:
256:237,238,240,249,250,251,252,254,255,:
257:258,259,260,261,262,263,264,:
258:257,259,260,262,263,264,:
259:257,258,260,261,262,263,264,265,:
260:257,258,259,261,262,263,:
261:257,259,260,262,:
262:257,258,259,260,261,263,264,265,:
263:257,258,259,260,262,264,265,:
264:257,258,259,262,263,265,296,:
265:259,262,263,264,:
266:267,268,269,270,271,272,275,:
267:117,118,266,268,269,270,271,272,:
268:266,267,269,270,271,272,273,274,275,276,278,281,:
269:266,267,268,270,271,272,275,276,277,278,279,280,281,282,:
270:266,267,268,269,271,275,276,277,278,281,282,283,288,:
271:266,267,268,269,270,272,273,274,275,278,281,:
272:266,267,268,269,271,273,274,:
273:268,271,272,274,:
274:268,271,272,273,281,:
275:266,268,269,270,271,276,277,278,279,280,281,282,283,:
276:209,210,268,269,270,275,277,278,279,280,281,282,283,284,:
277:210,230,269,270,275,276,278,279,280,281,282,283,284,285,286,287,288,:
278:230,268,269,270,271,275,276,277,279,281,282,283,284,285,287,288,:
279:210,228,269,275,276,277,278,280,281,282,283,:
280:269,275,276,277,279,281,:
281:268,269,270,271,274,275,276,277,278,279,280,:
282:209,210,230,269,270,275,276,277,278,279,283,284,285,286,287,288,289,290,291,:
283:209,210,211,213,221,270,275,276,277,278,279,282,284,285,286,287,288,289,:
284:210,276,277,278,282,283,285,286,287,288,289,290,291,292,:
285:27,28,221,230,277,278,282,283,284,286,287,288,289,290,291,292,293,294,295,:
286:13,15,27,28,210,213,214,220,221,222,224,228,230,277,282,283,284,285,287,289,290,291,292,295,:
287:1,18,277,278,282,283,284,285,286,288,289,290,291,:
288:18,117,270,277,278,282,283,284,285,287,289,291,:
289:1,2,3,19,27,108,210,282,283,284,285,286,287,288,290,291,:
290:27,28,221,282,284,285,286,287,289,291,292,293,294,295,296,297,298,:
291:21,27,282,284,285,286,287,288,289,290,292,293,294,295,296,297,:
292:13,15,27,28,221,224,284,285,286,290,291,293,294,295,296,297,298,299,:
293:16,21,27,285,290,291,292,294,295,296,297,298,299,300,301,302,303,309,:
294:8,16,21,285,290,291,292,293,295,296,297,298,299,300,301,309,310,:
295:28,221,224,227,229,230,231,285,286,290,291,292,293,294,296,297,298,301,:
296:229,231,264,290,291,292,293,294,295,297,301,:
297:16,290,291,292,293,294,295,296,298,299,300,301,302,303,309,310,:
298:13,15,27,28,224,290,292,293,294,295,297,299,300,301,302,303,304,305,:
299:16,292,293,294,297,298,300,301,302,303,304,309,310,311,336,337,338,:
300:293,294,297,298,299,301,302,303,309,310,311,312,314,318,319,337,:
301:293,294,295,296,297,298,299,300,302,309,310,311,312,318,319,:
302:293,297,298,299,300,301,303,304,305,306,308,309,310,327,328,336,337,338,:
303:16,293,297,298,299,300,302,304,305,306,307,308,338,:
304:298,299,302,303,305,306,307,308,333,348,:
305:10,25,298,302,303,304,306,307,308,348,:
306:302,303,304,305,307,308,332,333,339,341,342,347,348,353,354,:
307:303,304,305,306,308,332,333,339,341,342,344,347,348,349,354,:
308:302,303,304,305,306,307,332,333,334,335,336,338,339,341,342,347,348,349,353,:
309:293,294,297,299,300,301,302,310,311,312,313,314,315,318,319,336,337,:
310:294,297,299,300,301,302,309,311,312,313,314,334,336,337,338,:
311:299,300,301,309,310,312,313,314,315,316,317,318,319,320,337,:
312:300,301,309,310,311,313,314,315,316,318,319,320,321,323,324,326,:
313:309,310,311,312,314,315,316,318,319,320,321,323,326,330,:
314:300,309,310,311,312,313,315,316,317,318,319,337,:
315:309,311,312,313,314,316,317,:
316:311,312,313,314,315,317,318,319,:
317:311,314,315,316,:
318:300,301,309,311,312,313,314,316,319,320,321,322,323,324,326,:
319:300,301,309,311,312,313,314,316,318,320,321,322,323,324,326,:
320:311,312,313,318,319,321,322,323,324,325,326,:
321:312,313,318,319,320,322,323,324,:
322:318,319,320,321,323,:
323:247,248,312,313,318,319,320,321,322,324,325,326,327,328,:
324:247,248,312,318,319,320,321,323,325,326,327,328,:
325:246,247,248,320,323,324,326,327,328,:
326:312,313,318,319,320,323,324,325,327,328,329,330,333,:
327:246,247,248,302,323,324,325,326,328,333,:
328:302,323,324,325,326,327,329,330,332,333,:
329:326,328,330,331,332,333,334,335,339,340,:
330:313,326,328,329,331,332,333,334,:
331:329,330,332,333,334,335,336,339,340,341,:
332:306,307,308,328,329,330,331,333,334,335,339,340,341,342,344,345,:
333:304,306,307,308,326,327,328,329,330,331,332,334,335,339,340,341,344,345,:
334:308,310,329,330,331,332,333,335,336,337,338,339,340,:
335:179,182,188,308,329,331,332,333,334,336,337,338,339,340,:
336:23,177,179,182,299,302,308,309,310,331,334,335,337,338,:
337:22,23,179,182,299,300,302,309,310,311,314,334,335,336,338,:
338:9,16,22,23,24,176,177,179,180,181,182,299,302,303,308,310,334,335,336,337,:
339:306,307,308,329,331,332,333,334,335,340,341,342,343,344,345,346,347,348,:
340:329,331,332,333,334,335,339,341,342,343,344,345,346,347,:
341:306,307,308,331,332,333,339,340,342,343,344,345,346,347,348,349,:
342:306,307,308,332,339,340,341,343,344,345,346,347,348,349,350,351,352,:
343:185,186,188,339,340,341,342,344,346,347,348,349,350,351,355,356,363,:
344:307,332,333,339,340,341,342,343,345,346,347,348,:
345:332,333,339,340,341,342,344,346,:
346:339,340,341,342,343,344,345,347,:
347:306,307,308,339,340,341,342,343,344,346,348,349,350,351,352,353,354,355,356,:
348:304,305,306,307,308,339,341,342,343,344,347,349,350,351,352,353,354,:
349:307,308,341,342,343,347,348,350,351,352,353,354,355,356,357,:
350:342,343,347,348,349,351,352,353,354,355,356,357,358,359,360,361,363,:
351:342,343,347,348,349,350,352,354,355,356,357,358,360,363,:
352:26,71,73,74,342,347,348,349,350,351,353,354,355,356,:
353:11,14,26,70,72,74,170,181,182,306,308,347,348,349,350,352,354,356,:
354:11,25,26,306,307,347,348,349,350,351,352,353,:
355:170,343,347,349,350,351,352,356,357,358,359,360,361,362,363,364,:
356:73,74,169,170,185,343,347,349,350,351,352,353,355,357,358,359,360,361,362,363,364,:
357:349,350,351,355,356,358,359,360,361,362,363,364,:
358:350,351,355,356,357,359,360,361,363,364,:
359:71,73,74,350,355,356,357,358,360,361,364,:
360:350,351,355,356,357,358,359,361,362,363,364,:
361:169,170,183,185,350,355,356,357,358,359,360,362,363,364,:
362:169,183,184,185,186,355,356,357,360,361,363,:
363:343,350,351,355,356,357,358,360,361,362,:
364:355,356,357,358,359,360,361,:
