1:2,3,4,5,6,7,8,9,10,11,28,32,33,34,35,36,37,38,39,40,41,42,43,44,45,507,:
2:1,3,4,5,6,7,8,9,32,33,34,35,36,37,38,39,40,41,42,43,44,45,:
3:1,2,4,5,6,8,32,33,34,35,36,37,38,39,40,41,42,44,349,351,:
4:1,2,3,5,6,32,33,34,35,36,37,38,39,40,41,42,235,349,351,:
5:1,2,3,4,6,8,32,33,34,35,36,37,38,39,40,41,42,495,499,:
6:1,2,3,4,5,7,8,9,10,11,27,32,33,34,35,36,37,38,39,40,41,42,45,61,:
7:1,2,6,8,9,10,11,28,29,30,31,32,33,34,43,44,45,62,63,504,507,:
8:1,2,3,5,6,7,9,10,11,12,27,28,29,32,33,34,41,42,43,44,45,60,61,62,63,504,507,:
9:1,2,6,7,8,10,11,12,13,14,15,26,27,28,32,41,42,43,44,45,46,60,61,62,63,492,504,507,:
10:1,6,7,8,9,11,12,13,14,15,18,27,28,32,41,43,44,45,46,47,50,63,489,490,492,503,504,507,:
11:1,6,7,8,9,10,12,13,14,15,26,27,28,32,41,42,43,45,46,47,58,59,60,61,63,260,:
12:8,9,10,11,13,14,15,16,26,27,41,46,47,58,59,60,61,63,104,106,260,483,:
13:9,10,11,12,14,15,16,17,18,26,27,46,47,48,49,50,58,59,60,63,106,159,451,:
14:9,10,11,12,13,15,16,17,18,26,27,28,46,47,48,49,50,59,60,63,158,159,:
15:9,10,11,12,13,14,16,17,18,22,26,46,47,48,49,50,53,59,105,106,450,451,483,:
16:12,13,14,15,17,18,19,21,22,47,48,49,50,53,450,451,:
17:13,14,15,16,18,19,20,21,22,47,48,49,50,51,52,53,450,451,:
18:10,13,14,15,16,17,19,20,21,22,23,47,48,49,50,51,52,53,56,63,503,504,:
19:16,17,18,20,21,22,23,24,25,50,51,52,53,55,56,57,503,504,505,522,:
20:17,18,19,21,22,23,24,25,50,51,52,53,54,55,56,57,411,490,491,503,504,505,:
21:16,17,18,19,20,22,23,24,25,49,50,51,52,53,54,55,477,490,:
22:15,16,17,18,19,20,21,23,47,48,49,50,51,52,53,55,416,417,450,477,:
23:18,19,20,21,22,24,25,51,52,54,55,56,57,404,405,406,410,411,491,505,522,:
24:19,20,21,23,25,51,52,54,55,56,57,404,405,406,407,408,410,411,412,491,585,589,:
25:19,20,21,23,24,51,54,55,56,57,404,405,406,411,505,521,522,525,531,:
26:9,11,12,13,14,15,27,46,47,58,59,60,61,102,104,106,133,158,159,260,:
27:6,8,9,10,11,12,13,14,26,41,42,45,46,58,59,60,61,133,134,135,136,159,260,:
28:1,7,8,9,10,11,14,29,30,31,34,43,44,45,50,62,63,507,:
29:7,8,28,30,31,43,44,50,62,63,507,518,519,:
30:7,28,29,31,43,44,62,63,506,507,508,510,511,518,519,520,:
31:7,28,29,30,43,50,62,63,519,:
32:1,2,3,4,5,6,7,8,9,10,11,33,34,35,36,37,39,40,41,42,43,44,45,492,493,495,499,503,504,506,507,:
33:1,2,3,4,5,6,7,8,32,34,35,36,37,38,41,42,43,44,45,:
34:1,2,3,4,5,6,7,8,28,32,33,35,36,37,42,43,44,45,507,514,:
35:1,2,3,4,5,6,32,33,34,36,37,38,40,349,351,517,:
36:1,2,3,4,5,6,32,33,34,35,37,38,39,40,42,349,351,499,501,514,515,517,:
37:1,2,3,4,5,6,32,33,34,35,36,38,39,40,41,42,235,351,:
38:1,2,3,4,5,6,33,35,36,37,39,40,42,235,348,349,350,351,:
39:1,2,3,4,5,6,32,36,37,38,40,41,42,235,243,244,245,252,:
40:1,2,3,4,5,6,32,35,36,37,38,39,41,42,492,493,494,495,498,499,500,501,502,:
41:1,2,3,4,5,6,8,9,10,11,12,27,32,33,37,39,40,42,45,46,60,61,260,492,493,:
42:1,2,3,4,5,6,8,9,11,27,32,33,34,36,37,38,39,40,41,45,60,61,135,136,:
43:1,2,7,8,9,10,11,28,29,30,31,32,33,34,44,45,62,63,503,504,506,507,519,:
44:1,2,3,7,8,9,10,28,29,30,32,33,34,43,45,62,63,507,:
45:1,2,6,7,8,9,10,11,27,28,32,33,34,41,42,43,44,60,61,62,63,:
46:9,10,11,12,13,14,15,26,27,41,47,58,59,60,61,102,103,104,105,106,260,482,483,492,:
47:10,11,12,13,14,15,16,17,18,22,26,46,48,49,53,105,106,450,451,482,483,487,489,:
48:13,14,15,16,17,18,22,47,49,50,53,63,422,450,451,:
49:13,14,15,16,17,18,21,22,47,48,50,53,422,431,445,449,450,451,:
50:10,13,14,15,16,17,18,19,20,21,22,28,29,31,48,49,51,63,504,:
51:17,18,19,20,21,22,23,24,25,50,56,57,503,504,505,506,507,521,522,529,:
52:17,18,19,20,21,22,23,24,53,54,55,410,411,412,413,477,:
53:15,16,17,18,19,20,21,22,47,48,49,52,417,444,445,446,449,450,451,477,483,:
54:20,21,23,24,25,52,55,56,57,404,405,406,407,408,411,583,585,589,:
55:19,20,21,22,23,24,25,52,54,57,405,408,410,411,412,491,585,589,:
56:18,19,20,23,24,25,51,54,57,406,411,505,521,522,523,525,528,529,:
57:19,20,23,24,25,51,54,55,56,403,404,405,406,411,522,525,530,531,:
58:11,12,13,26,27,46,59,60,61,101,102,103,104,106,129,130,131,132,133,134,260,:
59:11,12,13,14,15,26,27,46,58,60,61,104,106,131,133,156,157,158,159,:
60:8,9,11,12,13,14,26,27,41,42,45,46,58,59,61,63,133,134,135,136,155,157,159,:
61:6,8,9,11,12,26,27,41,42,45,46,58,59,60,132,133,134,135,136,259,260,:
62:7,8,9,28,29,30,31,43,44,45,63,157,:
63:7,8,9,10,11,12,13,14,18,28,29,30,31,43,44,45,48,50,60,62,:
64:65,66,67,68,69,70,71,72,73,74,75,76,290,291,414,441,442,443,:
65:64,66,67,68,69,70,71,72,74,291,414,440,441,442,443,:
66:64,65,67,68,69,70,71,72,75,76,287,289,290,291,413,414,418,441,442,443,:
67:64,65,66,68,69,70,71,72,75,290,291,442,443,:
68:64,65,66,67,69,70,71,72,73,74,75,76,77,291,402,443,:
69:64,65,66,67,68,70,71,72,73,75,76,77,78,79,80,82,291,402,:
70:64,65,66,67,68,69,71,73,75,76,77,78,291,:
71:64,65,66,67,68,69,70,72,73,74,75,76,443,:
72:64,65,66,67,68,69,71,73,74,441,442,443,:
73:64,68,69,70,71,72,74,75,76,402,:
74:64,65,68,71,72,73,283,285,441,442,443,:
75:64,66,67,68,69,70,71,73,76,77,78,79,80,81,82,291,399,402,:
76:64,66,68,69,70,71,73,75,77,78,79,80,82,398,399,400,401,402,407,:
77:68,69,70,75,76,78,79,80,81,82,399,402,:
78:69,70,75,76,77,79,80,81,82,399,:
79:69,75,76,77,78,80,81,395,396,398,399,402,:
80:69,75,76,77,78,79,81,82,535,:
81:75,77,78,79,80,82,535,538,:
82:69,75,76,77,78,80,81,291,418,528,:
83:84,85,86,87,88,89,:
84:83,85,86,87,88,:
85:83,84,86,87,88,89,434,448,:
86:83,84,85,87,88,434,448,:
87:83,84,85,86,88,:
88:83,84,85,86,87,89,112,113,448,:
89:83,85,88,109,112,113,447,448,449,:
90:91,92,93,94,95,454,469,:
91:90,92,93,94,95,113,452,454,455,456,:
92:90,91,93,94,95,97,108,274,277,469,:
93:90,91,92,94,95,96,97,107,108,277,:
94:90,91,92,93,95,96,97,107,108,109,112,113,:
95:90,91,92,93,94,97,103,105,108,113,276,277,278,452,453,454,469,475,:
96:93,94,97,98,99,100,101,102,103,107,108,115,184,185,186,276,277,:
97:92,93,94,95,96,98,99,101,102,103,107,108,185,186,276,277,278,:
98:96,97,99,100,101,102,103,104,107,108,109,115,118,184,185,186,277,:
99:96,97,98,100,101,102,103,104,107,108,109,110,112,114,115,170,186,:
100:96,98,99,101,102,104,107,108,109,110,111,114,115,118,128,167,168,169,170,171,:
101:58,96,97,98,99,100,102,103,104,105,106,107,108,185,186,277,:
102:26,46,58,96,97,98,99,100,101,103,104,105,106,107,108,278,:
103:46,58,95,96,97,98,99,101,102,104,105,106,108,260,276,277,278,483,486,:
104:12,26,46,58,59,98,99,100,101,102,103,105,106,107,170,451,:
105:15,46,47,95,101,102,103,104,106,278,449,450,451,483,:
106:12,13,15,26,46,47,58,59,101,102,103,104,105,449,450,451,483,:
107:93,94,96,97,98,99,100,101,102,104,108,109,110,111,112,113,115,:
108:92,93,94,95,96,97,98,99,100,101,102,103,107,109,110,112,113,115,:
109:89,94,98,99,100,107,108,110,111,112,113,171,:
110:99,100,107,108,109,111,112,114,115,167,:
111:100,107,109,110,112,167,171,:
112:88,89,94,99,107,108,109,110,111,113,:
113:88,89,91,94,95,107,108,109,112,447,448,449,452,:
114:99,100,110,115,116,117,118,119,120,123,124,:
115:96,98,99,100,107,108,110,114,116,117,118,119,123,186,:
116:114,115,117,118,119,120,121,122,123,124,125,164,:
117:114,115,116,118,119,120,121,123,124,125,126,128,164,185,186,:
118:98,100,114,115,116,117,119,120,123,124,125,128,183,184,185,186,:
119:114,115,116,117,118,120,121,122,123,124,:
120:114,116,117,118,119,121,122,123,124,:
121:116,117,119,120,122,123,124,164,:
122:116,119,120,121,:
123:114,115,116,117,118,119,120,121,124,125,126,127,128,129,163,164,165,:
124:114,116,117,118,119,120,121,123,125,126,127,128,160,161,162,163,164,165,166,:
125:116,117,118,123,124,126,127,128,129,130,131,161,164,:
126:117,123,124,125,127,128,129,130,131,137,143,145,160,161,164,:
127:123,124,125,126,128,129,131,137,139,143,144,145,146,147,160,161,162,164,165,:
128:100,117,118,123,124,125,126,127,129,130,131,132,133,186,:
129:58,123,125,126,127,128,130,131,132,133,134,143,145,:
130:58,125,126,128,129,131,132,133,134,135,136,143,185,186,203,:
131:58,59,125,126,127,128,129,130,132,133,134,135,143,144,145,149,150,152,156,:
132:58,61,128,129,130,131,133,134,135,136,142,143,202,259,:
133:26,27,58,59,60,61,128,129,130,131,132,134,135,136,141,142,143,145,150,151,152,153,155,:
134:27,58,60,61,129,130,131,132,133,135,136,141,142,143,:
135:27,42,60,61,130,131,132,133,134,136,142,:
136:27,42,60,61,130,132,133,134,135,202,259,:
137:126,127,138,139,140,141,142,143,144,145,:
138:137,139,140,141,142,143,144,145,146,:
139:127,137,138,140,141,142,143,144,145,146,147,149,150,151,:
140:137,138,139,141,144,145,146,147,149,151,:
141:133,134,137,138,139,140,142,143,144,145,:
142:132,133,134,135,137,138,139,141,143,145,:
143:126,127,129,130,131,132,133,134,137,138,139,141,142,144,145,210,:
144:127,131,137,138,139,140,141,143,145,146,147,148,149,150,151,161,:
145:126,127,129,131,133,137,138,139,140,141,142,143,144,146,147,148,149,150,151,161,:
146:127,138,139,140,144,145,147,148,149,150,151,152,161,:
147:127,139,140,144,145,146,148,149,150,160,161,:
148:144,145,146,147,149,160,161,:
149:131,139,140,144,145,146,147,148,150,151,152,153,155,156,:
150:131,133,139,144,145,146,147,149,151,152,153,154,155,156,157,158,:
151:133,139,140,144,145,146,149,150,152,153,154,155,156,157,:
152:131,133,146,149,150,151,153,154,155,156,157,158,159,:
153:133,149,150,151,152,154,155,156,157,159,:
154:150,151,152,153,155,157,:
155:60,133,149,150,151,152,153,154,156,157,158,159,:
156:59,131,149,150,151,152,153,155,157,158,159,170,172,:
157:59,60,62,150,151,152,153,154,155,156,158,159,:
158:14,26,59,150,152,155,156,157,159,172,:
159:13,14,26,27,59,60,152,153,155,156,157,158,:
160:124,126,127,147,148,161,162,163,164,165,166,:
161:124,125,126,127,144,145,146,147,148,160,162,163,164,165,:
162:124,127,160,161,163,164,165,166,167,:
163:123,124,160,161,162,164,165,166,:
164:116,117,121,123,124,125,126,127,160,161,162,163,165,166,:
165:123,124,127,160,161,162,163,164,166,167,168,:
166:124,160,162,163,164,165,167,168,169,:
167:100,110,111,162,165,166,168,169,170,171,172,:
168:100,165,166,167,169,170,171,172,:
169:100,166,167,168,170,171,172,:
170:99,100,104,156,167,168,169,171,172,:
171:100,109,111,167,168,169,170,172,:
172:156,158,167,168,169,170,171,:
173:174,175,176,177,178,179,187,188,:
174:173,175,176,177,178,179,:
175:173,174,176,177,178,179,180,181,187,188,189,265,:
176:173,174,175,177,178,179,180,181,187,188,189,190,192,198,199,265,:
177:173,174,175,176,178,179,181,187,188,189,190,198,199,:
178:173,174,175,176,177,179,180,181,182,183,187,188,:
179:173,174,175,176,177,178,180,181,182,183,184,187,188,:
180:175,176,178,179,181,182,183,184,185,187,188,265,272,:
181:175,176,177,178,179,180,182,183,184,185,186,205,:
182:178,179,180,181,183,184,185,186,198,277,:
183:118,178,179,180,181,182,184,185,186,203,205,:
184:96,98,118,179,180,181,182,183,185,186,200,203,:
185:96,97,98,101,117,118,130,180,181,182,183,184,186,200,203,:
186:96,97,98,99,101,115,117,118,128,130,181,182,183,184,185,:
187:173,175,176,177,178,179,180,188,189,190,191,192,193,198,199,264,265,:
188:173,175,176,177,178,179,180,187,189,190,191,192,198,199,255,261,262,263,264,265,266,:
189:175,176,177,187,188,190,191,192,193,194,195,198,199,200,215,262,265,:
190:176,177,187,188,189,191,192,193,194,198,199,200,201,203,214,215,232,253,262,:
191:187,188,189,190,192,193,194,198,199,200,201,214,215,231,232,241,242,252,253,254,255,261,262,:
192:176,187,188,189,190,191,193,194,195,196,197,198,261,262,265,266,:
193:187,189,190,191,192,194,195,196,197,215,232,242,248,262,:
194:189,190,191,192,193,195,196,197,198,214,215,216,217,219,231,232,236,242,:
195:189,192,193,194,196,197,232,236,239,242,248,367,368,:
196:192,193,194,195,197,232,236,238,239,242,248,366,367,368,:
197:192,193,194,195,196,239,248,266,366,367,368,:
198:176,177,182,187,188,189,190,191,192,194,199,200,201,202,203,204,205,206,214,215,232,:
199:176,177,187,188,189,190,191,198,200,201,203,204,205,206,207,214,215,:
200:184,185,189,190,191,198,199,201,202,203,204,205,206,210,214,215,216,232,:
201:190,191,198,199,200,202,203,204,206,210,214,215,216,217,219,231,232,:
202:132,136,198,200,201,203,204,210,214,215,216,217,218,231,232,:
203:130,183,184,185,190,198,199,200,201,202,204,205,206,207,209,210,214,215,:
204:198,199,200,201,202,203,205,206,207,208,209,210,211,212,214,215,:
205:181,183,198,199,200,203,204,206,207,208,209,210,211,:
206:198,199,200,201,203,204,205,207,208,209,210,211,212,213,214,215,220,:
207:199,203,204,205,206,208,209,210,211,213,:
208:204,205,206,207,209,211,:
209:203,204,205,206,207,208,210,211,212,213,:
210:143,200,201,202,203,204,205,206,207,209,211,212,213,214,215,216,220,:
211:204,205,206,207,208,209,210,212,213,222,223,229,:
212:204,206,209,210,211,213,220,:
213:206,207,209,210,211,212,220,222,223,224,228,229,230,:
214:190,191,194,198,199,200,201,202,203,204,206,210,215,216,217,218,219,220,231,232,:
215:189,190,191,193,194,198,199,200,201,202,203,204,206,210,214,216,217,219,220,231,232,:
216:194,200,201,202,210,214,215,217,218,219,220,221,231,232,233,:
217:194,201,202,214,215,216,218,219,220,231,232,233,234,236,:
218:202,214,216,217,219,231,232,233,234,236,:
219:194,201,214,215,216,217,218,220,221,222,226,231,232,:
220:206,210,212,213,214,215,216,217,219,221,222,223,224,225,226,:
221:216,219,220,222,223,224,225,226,227,228,229,:
222:211,213,219,220,221,223,224,225,226,227,228,229,230,:
223:211,213,220,221,222,224,225,226,228,229,230,:
224:213,220,221,222,223,225,226,227,228,229,230,:
225:220,221,222,223,224,226,227,228,229,230,:
226:219,220,221,222,223,224,225,227,228,230,:
227:221,222,224,225,226,228,229,230,:
228:213,221,222,223,224,225,226,227,229,230,:
229:211,213,221,222,223,224,225,227,228,230,:
230:213,222,223,224,225,226,227,228,229,:
231:191,194,201,202,214,215,216,217,218,219,232,233,234,235,236,237,241,242,253,:
232:190,191,193,194,195,196,198,200,201,202,214,215,216,217,218,219,231,233,234,236,241,242,253,:
233:216,217,218,231,232,234,235,236,237,238,241,242,243,:
234:217,218,231,232,233,235,236,237,241,242,243,244,246,247,248,252,253,:
235:4,37,38,39,231,233,234,236,237,241,242,243,246,253,:
236:194,195,196,217,218,231,232,233,234,235,237,238,239,240,241,242,:
237:231,233,234,235,236,238,239,240,241,242,367,:
238:196,233,236,237,239,240,247,249,360,361,366,367,:
239:195,196,197,236,237,238,240,250,360,361,362,366,367,368,:
240:236,237,238,239,251,357,359,360,361,362,366,367,:
241:191,231,232,233,234,235,236,237,242,243,244,245,246,247,248,252,253,262,:
242:191,193,194,195,196,231,232,233,234,235,236,237,241,243,244,245,246,247,248,252,253,262,:
243:39,233,234,235,241,242,244,245,246,247,248,249,252,253,254,262,:
244:39,234,241,242,243,245,246,247,248,252,253,254,255,257,261,262,:
245:39,241,242,243,244,246,247,248,252,253,254,255,256,257,261,262,386,494,496,497,:
246:234,235,241,242,243,244,245,247,248,249,250,251,252,253,350,356,:
247:234,238,241,242,243,244,245,246,248,249,250,251,252,262,356,367,386,:
248:193,195,196,197,234,241,242,243,244,245,246,247,249,250,251,252,253,261,262,263,266,367,:
249:238,243,246,247,248,250,251,355,356,360,361,362,366,367,368,386,:
250:239,246,247,248,249,251,266,356,360,361,362,363,365,366,367,368,:
251:240,246,247,248,249,250,352,353,354,355,356,357,358,360,361,362,366,367,369,:
252:39,191,234,241,242,243,244,245,246,247,248,253,254,255,256,257,258,259,261,262,:
253:190,191,231,232,234,235,241,242,243,244,245,246,248,252,254,255,257,258,259,261,262,:
254:191,243,244,245,252,253,255,256,257,258,259,260,261,262,263,:
255:188,191,244,245,252,253,254,256,257,258,261,262,263,264,265,266,271,:
256:245,252,254,255,257,261,262,263,264,265,270,271,272,275,:
257:244,245,252,253,254,255,256,258,259,260,261,486,:
258:252,253,254,255,257,259,260,278,:
259:61,132,136,252,253,254,257,258,260,:
260:11,12,26,27,41,46,58,61,103,254,257,258,259,278,483,486,492,:
261:188,191,192,244,245,248,252,253,254,255,256,257,262,263,264,265,266,267,:
262:188,189,190,191,192,193,241,242,243,244,245,247,248,252,253,254,255,256,261,263,264,265,266,:
263:188,248,254,255,256,261,262,264,265,266,267,268,269,386,:
264:187,188,255,256,261,262,263,265,266,267,268,270,271,:
265:175,176,180,187,188,189,192,255,256,261,262,263,264,266,267,270,271,:
266:188,192,197,248,250,255,261,262,263,264,265,267,268,269,:
267:261,263,264,265,266,268,269,:
268:263,264,266,267,269,:
269:263,266,267,268,:
270:256,264,265,271,272,273,274,275,276,:
271:255,256,264,265,270,272,273,274,275,:
272:180,256,270,271,273,274,275,276,277,278,:
273:270,271,272,274,275,276,277,:
274:92,270,271,272,273,275,276,277,:
275:256,270,271,272,273,274,276,277,278,485,486,:
276:95,96,97,103,270,272,273,274,275,277,278,485,486,:
277:92,93,95,96,97,98,101,103,182,272,273,274,275,276,278,486,:
278:95,97,102,103,105,258,260,272,275,276,277,481,483,484,485,486,:
279:280,281,282,283,284,285,286,:
280:279,281,282,283,284,286,:
281:279,280,282,283,284,285,286,:
282:279,280,281,283,284,285,286,:
283:74,279,280,281,282,284,285,:
284:279,280,281,282,283,285,286,:
285:74,279,281,282,283,284,286,478,:
286:279,280,281,282,284,285,610,611,612,:
287:66,288,289,290,291,292,293,294,424,:
288:287,289,290,291,292,293,294,422,423,424,430,:
289:66,287,288,290,291,292,293,294,295,424,:
290:64,66,67,287,288,289,291,292,293,:
291:64,65,66,67,68,69,70,75,82,287,288,289,290,292,418,:
292:287,288,289,290,291,293,294,295,296,297,419,424,:
293:287,288,289,290,292,294,295,296,297,424,425,:
294:287,288,289,292,293,295,296,297,424,:
295:289,292,293,294,296,297,425,428,:
296:292,293,294,295,297,425,427,428,429,:
297:292,293,294,295,296,301,302,419,:
298:299,300,301,302,303,304,:
299:298,300,301,303,:
300:298,299,301,302,303,304,305,419,:
301:297,298,299,300,302,303,304,:
302:297,298,300,301,303,304,:
303:298,299,300,301,302,304,305,306,307,523,524,527,528,:
304:298,300,301,302,303,305,306,307,520,523,524,554,:
305:300,303,304,306,307,520,523,524,547,548,553,554,:
306:303,304,305,307,520,521,523,524,527,545,546,547,548,549,553,554,:
307:303,304,305,306,520,524,547,548,549,553,554,555,:
308:309,310,311,312,313,314,316,:
309:308,310,311,312,313,314,:
310:308,309,311,312,313,314,315,316,:
311:308,309,310,312,313,314,:
312:308,309,310,311,313,:
313:308,309,310,311,312,314,315,316,:
314:308,309,310,311,313,315,316,:
315:310,313,314,316,397,612,613,:
316:308,310,313,314,315,395,396,397,:
317:318,319,320,321,322,323,324,325,326,327,567,:
318:317,319,320,321,322,325,:
319:317,318,320,321,322,323,324,325,326,327,328,344,567,:
320:317,318,319,321,322,323,324,325,326,327,328,329,331,343,344,:
321:317,318,319,320,322,323,325,326,327,328,329,343,344,:
322:317,318,319,320,321,323,324,325,326,327,343,344,516,:
323:317,319,320,321,322,324,325,326,327,343,344,345,348,349,515,516,517,:
324:317,319,320,322,323,325,326,327,343,344,349,515,516,517,:
325:317,318,319,320,321,322,323,324,326,343,344,347,377,:
326:317,319,320,321,322,323,324,325,327,328,329,330,331,332,343,344,:
327:317,319,320,321,322,323,324,326,328,329,331,332,343,344,516,:
328:319,320,321,326,327,329,330,331,332,333,335,343,344,345,:
329:320,321,326,327,328,330,331,332,343,344,345,346,347,348,:
330:326,328,329,331,343,344,345,346,347,352,353,:
331:320,326,327,328,329,330,332,333,334,335,343,344,:
332:326,327,328,329,331,333,334,335,336,338,:
333:328,331,332,334,335,336,337,338,339,340,341,:
334:331,332,333,335,336,337,338,339,340,341,342,:
335:328,331,332,333,334,336,337,338,340,341,342,:
336:332,333,334,335,337,338,339,340,341,342,:
337:333,334,335,336,338,339,340,341,342,:
338:332,333,334,335,336,337,339,340,342,:
339:333,334,336,337,338,340,341,342,:
340:333,334,335,336,337,338,339,341,342,:
341:333,334,335,336,337,339,340,342,:
342:334,335,336,337,338,339,340,341,:
343:320,321,322,323,324,325,326,327,328,329,330,331,344,345,346,347,348,349,350,351,352,353,:
344:319,320,321,322,323,324,325,326,327,328,329,330,331,343,345,346,347,348,349,351,:
345:323,328,329,330,343,344,346,347,348,349,350,351,352,353,354,:
346:329,330,343,344,345,347,348,349,350,352,353,354,355,356,357,369,370,:
347:325,329,330,343,344,345,346,348,350,352,353,354,355,356,369,370,375,377,:
348:38,323,329,343,344,345,346,347,349,350,351,352,353,502,:
349:3,4,35,36,38,323,324,343,344,345,346,348,350,351,517,:
350:38,246,343,345,346,347,348,349,351,352,353,356,500,502,:
351:3,4,35,36,37,38,343,344,345,348,349,350,:
352:251,330,343,345,346,347,348,350,353,354,355,356,357,358,369,370,:
353:251,330,343,345,346,347,348,350,352,354,355,356,357,:
354:251,345,346,347,352,353,355,356,357,358,359,369,370,371,:
355:249,251,346,347,352,353,354,356,357,358,369,370,371,372,373,374,375,377,:
356:246,247,249,250,251,346,347,350,352,353,354,355,357,358,369,370,371,372,377,:
357:240,251,346,352,353,354,355,356,358,359,360,361,369,370,:
358:251,352,354,355,356,357,359,360,361,362,363,364,369,370,373,:
359:240,354,357,358,360,361,362,363,364,365,366,367,:
360:238,239,240,249,250,251,357,358,359,361,362,363,364,365,366,367,368,:
361:238,239,240,249,250,251,357,358,359,360,362,363,364,366,367,368,:
362:239,240,249,250,251,358,359,360,361,363,364,365,366,367,368,:
363:250,358,359,360,361,362,364,365,366,367,368,:
364:358,359,360,361,362,363,365,366,368,:
365:250,359,360,362,363,364,366,367,368,:
366:196,197,238,239,240,249,250,251,359,360,361,362,363,364,365,367,368,:
367:195,196,197,237,238,239,240,247,248,249,250,251,359,360,361,362,363,365,366,368,:
368:195,196,197,239,249,250,360,361,362,363,364,365,366,367,:
369:251,346,347,352,354,355,356,357,358,370,371,372,373,374,375,376,377,:
370:346,347,352,354,355,356,357,358,369,371,372,373,374,375,377,:
371:354,355,356,369,370,372,373,374,375,376,377,:
372:355,356,369,370,371,373,374,375,376,:
373:355,358,369,370,371,372,374,376,:
374:355,369,370,371,372,373,375,376,377,:
375:347,355,369,370,371,372,374,376,377,598,:
376:369,371,372,373,374,375,377,598,:
377:325,347,355,356,369,370,371,374,375,376,500,502,598,599,:
378:379,380,381,382,383,384,:
379:378,380,381,382,383,384,:
380:378,379,381,382,383,384,604,:
381:378,379,380,382,383,384,604,:
382:378,379,380,381,383,:
383:378,379,380,381,382,384,385,386,604,:
384:378,379,380,381,383,385,386,497,:
385:383,384,386,496,497,:
386:245,247,249,263,383,384,385,497,:
387:388,389,390,391,392,584,587,:
388:387,389,390,391,392,574,583,584,585,586,587,607,609,:
389:387,388,390,391,392,:
390:387,388,389,391,392,584,:
391:387,388,389,390,392,571,572,574,583,584,585,587,613,:
392:387,388,389,390,391,609,:
393:394,395,396,397,398,399,536,537,538,:
394:393,395,396,397,398,535,536,537,538,:
395:79,316,393,394,396,397,398,399,400,537,:
396:79,316,393,394,395,397,398,399,400,401,403,537,:
397:315,316,393,394,395,396,398,399,400,403,537,:
398:76,79,393,394,395,396,397,399,400,401,402,403,404,407,408,:
399:75,76,77,78,79,393,395,396,397,398,400,401,402,403,407,:
400:76,395,396,397,398,399,401,402,403,404,405,406,407,408,409,411,:
401:76,396,398,399,400,402,403,404,405,407,408,409,410,411,412,:
402:68,69,73,75,76,77,79,398,399,400,401,403,407,408,409,410,411,:
403:57,396,397,398,399,400,401,402,404,405,406,407,408,411,530,531,532,535,:
404:23,24,25,54,57,398,400,401,403,405,406,407,408,411,530,531,:
405:23,24,25,54,55,57,400,401,403,404,406,407,408,409,411,531,583,584,585,613,:
406:23,24,25,54,56,57,400,403,404,405,408,411,525,526,530,531,532,:
407:24,54,76,398,399,400,401,402,403,404,405,408,409,410,411,412,413,414,:
408:24,54,55,398,400,401,402,403,404,405,406,407,409,410,411,412,612,613,:
409:400,401,402,405,407,408,410,411,412,413,414,415,443,:
410:23,24,52,55,401,402,407,408,409,411,412,413,414,415,416,417,418,443,:
411:20,23,24,25,52,54,55,56,57,400,401,402,403,404,405,406,407,408,409,410,412,413,414,415,418,528,529,:
412:24,52,55,401,407,408,409,410,411,413,414,477,:
413:52,66,407,409,410,411,412,414,415,416,417,418,420,440,441,443,:
414:64,65,66,407,409,410,411,412,413,415,416,417,418,420,436,440,441,442,443,:
415:409,410,411,413,414,416,417,418,419,420,421,422,443,529,:
416:22,410,413,414,415,417,418,419,420,421,422,423,424,425,430,436,443,:
417:22,53,410,413,414,415,416,418,420,421,422,423,424,430,431,435,436,437,440,441,443,445,:
418:66,82,291,410,411,413,414,415,416,417,419,420,421,528,529,:
419:292,297,300,415,416,418,420,421,528,529,:
420:413,414,415,416,417,418,419,421,422,423,424,425,426,430,431,436,:
421:415,416,417,418,419,420,422,423,424,425,426,529,:
422:48,49,288,415,416,417,420,421,423,424,425,426,427,430,431,432,436,:
423:288,416,417,420,421,422,424,425,426,430,431,432,433,435,436,:
424:287,288,289,292,293,294,416,417,420,421,422,423,425,426,430,431,432,433,435,436,:
425:293,295,296,416,420,421,422,423,424,426,427,428,429,430,431,:
426:420,421,422,423,424,425,427,428,429,430,431,:
427:296,422,425,426,428,429,:
428:295,296,425,426,427,429,:
429:296,425,426,427,428,:
430:288,416,417,420,422,423,424,425,426,431,432,433,434,435,436,445,:
431:49,417,420,422,423,424,425,426,430,432,433,435,436,445,:
432:422,423,424,430,431,433,434,435,436,437,445,:
433:423,424,430,431,432,434,435,436,437,438,440,442,444,445,:
434:85,86,430,432,433,435,436,437,438,444,445,:
435:417,423,424,430,431,432,433,434,436,437,438,439,440,441,442,443,444,445,:
436:414,416,417,420,422,423,424,430,431,432,433,434,435,437,438,440,441,442,443,444,445,:
437:417,432,433,434,435,436,438,439,440,441,442,443,444,445,446,:
438:433,434,435,436,437,439,440,441,444,445,446,447,448,449,452,458,476,477,:
439:435,437,438,440,444,445,446,447,448,452,453,457,458,459,476,477,478,:
440:65,413,414,417,433,435,436,437,438,439,441,442,443,444,445,:
441:64,65,66,72,74,413,414,417,435,436,437,438,440,442,443,:
442:64,65,66,67,72,74,414,433,435,436,437,440,441,443,:
443:64,65,66,67,68,71,72,74,409,410,413,414,415,416,417,435,436,437,440,441,442,:
444:53,433,434,435,436,437,438,439,440,445,446,447,448,449,450,451,452,453,458,477,:
445:49,53,417,430,431,432,433,434,435,436,437,438,439,440,444,446,447,448,449,450,451,:
446:53,437,438,439,444,445,447,448,449,450,451,452,453,454,458,475,476,477,:
447:89,113,438,439,444,445,446,448,449,450,452,453,454,455,457,458,475,:
448:85,86,88,89,113,438,439,444,445,446,447,449,452,453,454,455,457,458,:
449:49,53,89,105,106,113,438,444,445,446,447,448,450,451,452,453,:
450:15,16,17,22,47,48,49,53,105,106,444,445,446,447,449,451,:
451:13,15,16,17,47,48,49,53,104,105,106,444,445,446,449,450,:
452:91,95,113,438,439,444,446,447,448,449,453,454,455,456,457,458,474,475,476,:
453:95,439,444,446,447,448,449,452,454,455,457,458,469,471,472,473,474,475,476,:
454:90,91,95,446,447,448,452,453,455,456,457,458,459,469,475,:
455:91,447,448,452,453,454,456,457,458,459,460,461,469,472,:
456:91,452,454,455,457,458,459,460,461,469,:
457:439,447,448,452,453,454,455,456,458,459,460,461,472,:
458:438,439,444,446,447,448,452,453,454,455,456,457,459,460,461,472,476,478,:
459:439,454,455,456,457,458,460,461,472,:
460:455,456,457,458,459,461,472,478,:
461:455,456,457,458,459,460,464,465,469,471,472,473,476,478,:
462:463,464,465,466,467,468,469,471,472,:
463:462,464,465,466,467,468,471,602,603,605,:
464:461,462,463,465,466,467,468,469,470,471,472,473,:
465:461,462,463,464,466,467,468,469,471,472,473,474,475,476,479,480,608,:
466:462,463,464,465,467,469,471,472,473,474,475,479,480,481,484,602,603,605,608,:
467:462,463,464,465,466,468,469,470,471,472,:
468:462,463,464,465,467,469,470,:
469:90,92,95,453,454,455,456,461,462,464,465,466,467,468,470,471,472,475,:
470:464,467,468,469,:
471:453,461,462,463,464,465,466,467,469,472,473,474,475,476,477,478,479,480,608,:
472:453,455,457,458,459,460,461,462,464,465,466,467,469,471,473,474,475,476,478,:
473:453,461,464,465,466,471,472,474,475,476,477,478,479,480,481,608,:
474:452,453,465,466,471,472,473,475,476,477,478,479,480,481,482,484,:
475:95,446,447,452,453,454,465,466,469,471,472,473,474,476,477,479,480,481,482,484,:
476:438,439,446,452,453,458,461,465,471,472,473,474,475,477,478,479,480,:
477:21,22,52,53,412,438,439,444,446,471,473,474,475,476,478,479,480,:
478:285,439,458,460,461,471,472,473,474,476,477,610,:
479:465,466,471,473,474,475,476,477,480,481,482,483,484,485,486,487,488,592,:
480:465,466,471,473,474,475,476,477,479,481,482,483,484,487,488,591,592,600,602,:
481:278,466,473,474,475,479,480,482,483,484,485,486,487,488,489,592,:
482:46,47,474,475,479,480,481,483,484,485,486,487,488,489,490,492,493,494,592,:
483:12,15,46,47,53,103,105,106,260,278,479,480,481,482,484,485,486,487,488,489,492,:
484:278,466,474,475,479,480,481,482,483,485,486,487,488,494,592,:
485:275,276,278,479,481,482,483,484,486,487,488,494,:
486:103,257,260,275,276,277,278,479,481,482,483,484,485,:
487:47,479,480,481,482,483,484,485,488,489,490,491,492,493,494,503,504,589,592,:
488:479,480,481,482,483,484,485,487,489,490,491,492,493,494,503,588,589,590,591,592,593,:
489:10,47,481,482,483,487,488,490,491,492,493,494,495,503,504,505,589,:
490:10,20,21,482,487,488,489,491,492,493,495,499,503,504,505,506,507,588,589,:
491:20,23,24,55,487,488,489,490,492,493,495,503,504,505,585,586,588,589,590,591,592,593,:
492:9,10,32,40,41,46,260,482,483,487,488,489,490,491,493,494,495,496,498,499,503,504,:
493:32,40,41,482,487,488,489,490,491,492,494,495,496,497,498,499,500,501,503,504,593,:
494:40,245,482,484,485,487,488,489,492,493,495,496,497,498,499,500,593,:
495:5,32,40,489,490,491,492,493,494,496,497,498,499,500,501,502,503,504,593,:
496:245,385,492,493,494,495,497,498,499,500,502,593,594,:
497:245,384,385,386,493,494,495,496,498,500,593,:
498:40,492,493,494,495,496,497,499,500,501,502,593,594,:
499:5,32,36,40,490,492,493,494,495,496,498,500,501,502,503,504,505,506,507,:
500:40,350,377,493,494,495,496,497,498,499,501,502,594,595,596,:
501:36,40,493,495,498,499,500,502,595,:
502:40,348,350,377,495,496,498,499,500,501,594,595,597,:
503:10,18,19,20,32,43,51,487,488,489,490,491,492,493,495,499,504,505,506,507,508,509,589,:
504:7,8,9,10,18,19,20,32,43,50,51,487,489,490,491,492,493,495,499,503,505,506,507,508,:
505:19,20,23,25,51,56,489,490,491,499,503,504,506,507,508,509,510,:
506:30,32,43,51,490,499,503,504,505,507,508,509,510,511,513,514,518,519,522,:
507:1,7,8,9,10,28,29,30,32,34,43,44,51,490,499,503,504,505,506,508,509,510,511,513,514,519,:
508:30,503,504,505,506,507,509,510,511,512,513,514,518,519,522,:
509:503,505,506,507,508,510,511,512,513,514,518,519,522,:
510:30,505,506,507,508,509,511,512,513,514,515,518,519,520,:
511:30,506,507,508,509,510,512,513,514,518,519,520,521,522,549,550,551,552,:
512:508,509,510,511,513,518,519,520,521,522,546,547,549,550,551,552,:
513:506,507,508,509,510,511,512,514,515,516,517,518,519,:
514:34,36,506,507,508,509,510,511,513,515,516,517,:
515:36,323,324,510,513,514,516,517,:
516:322,323,324,327,513,514,515,517,566,:
517:35,36,323,324,349,513,514,515,516,:
518:29,30,506,508,509,510,511,512,513,519,520,521,522,523,524,549,553,:
519:29,30,31,43,506,507,508,509,510,511,512,513,518,520,521,522,:
520:30,304,305,306,307,510,511,512,518,519,521,522,523,524,525,547,548,549,553,554,555,:
521:25,51,56,306,511,512,518,519,520,522,523,524,525,526,528,529,:
522:19,23,25,51,56,57,506,508,509,511,512,518,519,520,521,523,524,525,528,529,:
523:56,303,304,305,306,518,520,521,522,524,525,526,527,528,529,530,531,:
524:303,304,305,306,307,518,520,521,522,523,525,526,527,528,529,530,545,547,548,:
525:25,56,57,406,520,521,522,523,524,526,527,528,529,530,531,532,540,:
526:406,521,523,524,525,527,528,530,531,532,533,535,539,540,:
527:303,306,523,524,525,526,528,530,531,532,533,534,535,539,540,:
528:56,82,303,411,418,419,521,522,523,524,525,526,527,529,530,531,:
529:51,56,411,415,418,419,421,521,522,523,524,525,528,:
530:57,403,404,406,523,524,525,526,527,528,531,532,533,534,535,536,539,540,:
531:25,57,403,404,405,406,523,525,526,527,528,530,532,533,535,539,540,:
532:403,406,525,526,527,530,531,533,534,535,536,537,538,539,540,541,:
533:526,527,530,531,532,534,535,536,537,538,539,540,541,542,543,544,:
534:527,530,532,533,535,536,537,538,539,540,541,542,543,:
535:80,81,394,403,526,527,530,531,532,533,534,536,537,538,539,:
536:393,394,530,532,533,534,535,537,538,:
537:393,394,395,396,397,532,533,534,535,536,538,:
538:81,393,394,532,533,534,535,536,537,:
539:526,527,530,531,532,533,534,535,540,541,542,543,544,545,:
540:525,526,527,530,531,532,533,534,539,541,542,543,544,545,:
541:532,533,534,539,540,542,543,544,545,546,:
542:533,534,539,540,541,543,544,545,557,:
543:533,534,539,540,541,542,544,556,557,558,559,560,561,:
544:533,539,540,541,542,543,545,546,547,562,:
545:306,524,539,540,541,542,544,546,547,548,549,551,:
546:306,512,541,544,545,547,548,549,550,551,552,553,554,:
547:305,306,307,512,520,524,544,545,546,548,549,550,551,552,553,554,555,:
548:305,306,307,520,524,545,546,547,549,550,551,553,554,555,:
549:306,307,511,512,518,520,545,546,547,548,550,551,552,553,554,555,:
550:511,512,546,547,548,549,551,552,553,554,555,:
551:511,512,545,546,547,548,549,550,552,553,555,:
552:511,512,546,547,549,550,551,553,554,555,:
553:305,306,307,518,520,546,547,548,549,550,551,552,554,555,:
554:304,305,306,307,520,546,547,548,549,550,552,553,555,:
555:307,520,547,548,549,550,551,552,553,554,:
556:543,557,558,559,560,561,562,563,569,570,:
557:542,543,556,558,559,560,561,562,:
558:543,556,557,559,560,561,562,563,569,570,571,:
559:543,556,557,558,560,561,562,569,570,571,572,573,574,575,576,577,:
560:543,556,557,558,559,561,569,570,571,574,575,576,577,:
561:543,556,557,558,559,560,562,563,564,569,570,:
562:544,556,557,558,559,561,563,564,565,:
563:556,558,561,562,564,565,566,567,568,:
564:561,562,563,565,566,567,568,:
565:562,563,564,566,567,568,:
566:516,563,564,565,567,568,:
567:317,319,563,564,565,566,568,:
568:563,564,565,566,567,:
569:556,558,559,560,561,570,571,572,573,574,575,576,577,583,584,:
570:556,558,559,560,561,569,571,572,573,574,575,577,583,:
571:391,558,559,560,569,570,572,573,574,575,576,577,583,584,585,:
572:391,559,569,570,571,573,574,575,583,584,585,586,587,:
573:559,569,570,571,572,574,583,584,585,586,587,588,589,595,597,:
574:388,391,559,560,569,570,571,572,573,575,576,577,578,579,583,584,:
575:559,560,569,570,571,572,574,576,577,578,579,580,:
576:559,560,569,571,574,575,577,578,579,580,581,:
577:559,560,569,570,571,574,575,576,578,579,580,581,582,:
578:574,575,576,577,579,580,581,582,:
579:574,575,576,577,578,580,581,582,:
580:575,576,577,578,579,581,582,:
581:576,577,578,579,580,582,:
582:577,578,579,580,581,:
583:54,388,391,405,569,570,571,572,573,574,584,585,586,587,588,589,:
584:387,388,390,391,405,569,571,572,573,574,583,585,586,587,:
585:24,54,55,388,391,405,491,571,572,573,583,584,586,587,588,589,590,613,:
586:388,491,572,573,583,584,585,587,588,589,590,591,592,593,594,595,607,609,:
587:387,388,391,572,573,583,584,585,586,588,589,590,591,593,594,595,601,607,609,:
588:488,490,491,573,583,585,586,587,589,590,591,592,593,594,595,600,601,:
589:24,54,55,487,488,489,490,491,503,573,583,585,586,587,588,590,591,592,593,594,595,:
590:488,491,585,586,587,588,589,591,592,593,594,595,596,600,601,602,607,:
591:480,488,491,586,587,588,589,590,592,593,594,600,601,602,603,605,606,607,:
592:479,480,481,482,484,487,488,491,586,588,589,590,591,593,600,601,602,603,605,606,607,:
593:488,491,493,494,495,496,497,498,586,587,588,589,590,591,592,594,595,596,597,598,600,601,:
594:496,498,500,502,586,587,588,589,590,591,593,595,596,597,598,599,:
595:500,501,502,573,586,587,588,589,590,593,594,596,597,598,599,:
596:500,590,593,594,595,597,598,599,:
597:502,573,593,594,595,596,598,599,:
598:375,376,377,593,594,595,596,597,599,:
599:377,594,595,596,597,598,:
600:480,588,590,591,592,593,601,602,603,604,605,606,607,:
601:587,588,590,591,592,593,600,602,603,604,605,606,607,:
602:463,466,480,590,591,592,600,601,603,604,605,606,607,608,:
603:463,466,591,592,600,601,602,604,605,606,:
604:380,381,383,600,601,602,603,605,:
605:463,466,591,592,600,601,602,603,604,606,607,608,609,610,:
606:591,592,600,601,602,603,605,607,608,609,610,611,:
607:388,586,587,590,591,592,600,601,602,605,606,608,609,610,611,612,613,:
608:465,466,471,473,602,605,606,607,609,610,611,612,:
609:388,392,586,587,605,606,607,608,610,611,612,613,:
610:286,478,605,606,607,608,609,611,612,613,:
611:286,606,607,608,609,610,612,613,:
612:286,315,408,607,608,609,610,611,613,:
613:315,391,405,408,585,607,609,610,611,612,:
