1:2,3,4,5,6,7,8,9,10,11,28,32,33,34,35,36,37,38,39,40,41,42,43,44,45,506,509,:
2:1,3,4,5,6,7,8,9,32,33,34,35,36,37,38,39,40,41,42,43,44,45,:
3:1,2,4,5,6,8,32,33,34,35,36,37,38,39,40,41,42,44,351,353,501,516,:
4:1,2,3,5,6,32,33,34,35,36,37,38,39,40,41,42,237,351,353,:
5:1,2,3,4,6,8,32,33,34,35,36,37,38,39,40,41,42,497,:
6:1,2,3,4,5,7,8,9,10,11,27,32,33,34,35,36,37,38,39,40,41,42,45,61,138,:
7:1,2,6,8,9,10,11,28,29,30,31,32,33,34,43,44,45,62,63,506,509,:
8:1,2,3,5,6,7,9,10,11,12,27,28,29,32,33,34,41,42,43,44,45,60,61,62,63,506,509,:
9:1,2,6,7,8,10,11,12,13,14,15,26,27,28,32,41,42,43,44,45,46,60,61,62,63,494,506,509,:
10:1,6,7,8,9,11,12,13,14,15,16,17,18,27,28,32,41,43,44,45,46,47,50,63,491,492,494,505,506,509,:
11:1,6,7,8,9,10,12,13,14,15,26,27,28,32,41,42,43,45,46,47,58,59,60,61,63,138,262,:
12:8,9,10,11,13,14,15,16,26,27,41,46,47,58,59,60,61,106,108,262,485,:
13:9,10,11,12,14,15,16,17,18,26,27,46,47,48,49,50,58,59,60,63,108,453,485,:
14:9,10,11,12,13,15,16,17,18,26,27,28,46,47,48,49,50,58,59,60,63,160,161,431,:
15:9,10,11,12,13,14,16,17,18,22,26,46,47,48,49,50,53,59,107,108,452,453,485,:
16:10,12,13,14,15,17,18,19,21,22,47,48,49,50,53,452,453,:
17:10,13,14,15,16,18,19,20,21,22,47,48,49,50,51,52,53,452,:
18:10,13,14,15,16,17,19,20,21,22,23,47,48,49,50,51,52,53,55,430,431,505,506,:
19:16,17,18,20,21,22,23,24,25,50,51,52,53,54,55,56,492,505,506,507,508,509,524,:
20:17,18,19,21,22,23,24,25,50,51,52,53,54,55,56,57,413,492,493,505,506,507,:
21:16,17,18,19,20,22,23,24,25,49,50,51,52,53,56,57,415,479,:
22:15,16,17,18,19,20,21,23,47,48,49,50,51,52,53,56,418,419,452,479,:
23:18,19,20,21,22,24,25,51,52,54,55,56,57,406,407,408,412,413,507,524,:
24:19,20,21,23,25,51,54,55,56,57,406,407,408,413,523,524,527,533,:
25:19,20,21,23,24,51,52,54,55,56,57,406,407,408,409,410,412,413,414,493,587,591,:
26:9,11,12,13,14,15,27,46,58,59,60,61,104,106,108,135,136,138,160,161,262,:
27:6,8,9,10,11,12,13,14,26,41,42,45,46,58,59,60,61,135,136,137,138,159,161,:
28:1,7,8,9,10,11,14,29,30,31,34,43,44,45,50,62,63,64,65,431,509,:
29:7,8,28,30,31,43,44,50,62,63,64,65,431,509,520,521,:
30:7,28,29,31,43,44,50,51,62,63,64,65,508,509,510,512,513,520,521,522,:
31:7,28,29,30,43,44,50,62,63,64,65,429,430,431,521,:
32:1,2,3,4,5,6,7,8,9,10,11,33,34,35,36,37,39,40,41,42,43,44,45,494,495,497,501,505,506,508,509,:
33:1,2,3,4,5,6,7,8,32,34,35,36,37,38,41,42,43,44,45,:
34:1,2,3,4,5,6,7,8,28,32,33,35,36,37,42,43,44,45,509,516,:
35:1,2,3,4,5,6,32,33,34,36,37,38,40,351,353,516,517,519,:
36:1,2,3,4,5,6,32,33,34,35,37,38,39,40,42,351,497,501,503,504,516,517,519,:
37:1,2,3,4,5,6,32,33,34,35,36,38,39,40,41,42,237,353,:
38:1,2,3,4,5,6,33,35,36,37,39,40,42,237,350,351,352,353,:
39:1,2,3,4,5,6,32,36,37,38,40,41,42,237,245,246,:
40:1,2,3,4,5,6,32,35,36,37,38,39,41,42,494,495,496,497,500,501,503,:
41:1,2,3,4,5,6,8,9,10,11,12,27,32,33,37,39,40,42,45,46,60,61,138,262,494,495,:
42:1,2,3,4,5,6,8,9,11,27,32,33,34,36,37,38,39,40,41,45,60,61,137,138,:
43:1,2,7,8,9,10,11,28,29,30,31,32,33,34,44,45,50,62,63,505,506,508,509,510,512,521,:
44:1,2,3,7,8,9,10,28,29,30,31,32,33,34,43,45,62,63,509,:
45:1,2,6,7,8,9,10,11,27,28,32,33,34,41,42,43,44,60,61,62,63,138,:
46:9,10,11,12,13,14,15,26,27,41,47,58,59,60,61,104,105,106,107,108,262,485,494,:
47:10,11,12,13,14,15,16,17,18,22,46,48,49,50,53,107,108,452,453,484,485,489,491,:
48:13,14,15,16,17,18,22,47,49,50,53,63,424,428,429,430,431,452,453,:
49:13,14,15,16,17,18,21,22,47,48,50,53,108,424,433,447,451,452,453,:
50:10,13,14,15,16,17,18,19,20,21,22,28,29,30,31,43,47,48,49,51,63,429,430,431,506,509,:
51:17,18,19,20,21,22,23,24,25,30,50,54,55,505,506,507,508,509,510,521,523,524,:
52:17,18,19,20,21,22,23,25,53,56,57,412,413,414,415,479,:
53:15,16,17,18,19,20,21,22,47,48,49,52,419,446,447,448,451,452,453,479,485,:
54:19,20,23,24,25,51,55,56,57,405,406,407,408,413,524,527,532,533,:
55:18,19,20,23,24,25,51,54,57,408,413,523,524,525,527,530,531,533,:
56:19,20,21,22,23,24,25,52,54,57,407,410,413,414,493,587,591,:
57:20,21,23,24,25,52,54,55,56,406,407,408,409,410,413,585,586,587,:
58:11,12,13,14,26,27,46,59,60,61,103,104,106,108,131,132,133,134,135,136,138,262,:
59:11,12,13,14,15,26,27,46,58,60,61,106,133,135,158,159,160,161,:
60:8,9,11,12,13,14,26,27,41,42,45,46,58,59,61,63,135,136,137,138,157,159,161,:
61:6,8,9,11,12,26,27,41,42,45,46,58,59,60,134,135,136,137,138,261,262,:
62:7,8,9,28,29,30,31,43,44,45,63,64,65,:
63:7,8,9,10,11,13,14,28,29,30,31,43,44,45,48,50,60,62,64,65,431,:
64:28,29,30,31,62,63,65,429,430,431,520,521,:
65:28,29,30,31,62,63,64,429,430,431,:
66:67,68,69,70,71,72,73,74,75,76,77,78,292,293,443,444,445,:
67:66,68,69,70,71,72,73,74,76,293,416,442,443,444,445,:
68:66,67,69,70,71,72,73,74,77,78,289,290,291,292,293,415,416,420,443,444,445,:
69:66,67,68,70,71,72,73,74,77,292,293,444,445,:
70:66,67,68,69,71,72,73,74,75,76,77,78,79,293,404,445,:
71:66,67,68,69,70,72,73,74,75,77,78,79,80,81,82,84,293,404,:
72:66,67,68,69,70,71,73,75,77,78,79,80,293,:
73:66,67,68,69,70,71,72,74,75,76,77,78,445,:
74:66,67,68,69,70,71,73,75,76,443,444,445,:
75:66,70,71,72,73,74,76,77,78,81,404,:
76:66,67,70,73,74,75,285,287,443,444,445,:
77:66,68,69,70,71,72,73,75,78,79,80,81,82,83,84,401,404,:
78:66,68,70,71,72,73,75,77,79,80,81,82,84,400,401,402,403,404,409,:
79:70,71,72,77,78,80,81,82,83,84,401,404,:
80:71,72,77,78,79,81,82,83,84,401,:
81:71,75,77,78,79,80,82,83,397,398,400,401,404,:
82:71,77,78,79,80,81,83,84,404,537,:
83:77,79,80,81,82,84,537,540,:
84:71,77,78,79,80,82,83,293,420,530,:
85:86,87,88,89,90,91,:
86:85,87,88,89,90,:
87:85,86,88,89,90,91,436,450,:
88:85,86,87,89,90,436,450,:
89:85,86,87,88,90,:
90:85,86,87,88,89,91,114,115,450,:
91:85,87,90,111,114,115,450,451,:
92:93,94,95,96,97,456,471,:
93:92,94,95,96,97,115,454,456,457,458,:
94:92,93,95,96,97,99,110,276,279,471,:
95:92,93,94,96,97,98,99,109,110,279,:
96:92,93,94,95,97,98,99,109,110,111,114,115,:
97:92,93,94,95,96,99,105,107,110,278,279,280,454,455,456,471,477,:
98:95,96,99,100,101,102,103,104,105,109,110,117,186,187,188,278,279,:
99:94,95,96,97,98,100,101,103,104,105,109,110,187,188,278,279,280,:
100:98,99,101,102,103,104,105,106,109,110,111,117,120,186,187,188,279,:
101:98,99,100,102,103,104,105,106,109,110,111,112,114,117,172,188,:
102:98,100,101,103,104,106,109,110,111,112,113,117,120,130,169,170,171,172,173,:
103:58,98,99,100,101,102,104,105,106,107,108,109,110,187,188,279,:
104:26,46,58,98,99,100,101,102,103,105,106,107,108,109,110,279,280,:
105:46,97,98,99,100,101,103,104,106,107,108,110,262,278,279,280,485,488,:
106:12,26,46,58,59,100,101,102,103,104,105,107,108,109,172,453,:
107:15,46,47,97,103,104,105,106,108,280,451,452,453,484,485,:
108:12,13,15,26,46,47,49,58,103,104,105,106,107,451,452,453,485,:
109:95,96,98,99,100,101,102,103,104,106,110,111,112,113,114,115,117,:
110:94,95,96,97,98,99,100,101,102,103,104,105,109,111,112,114,115,:
111:91,96,100,101,102,109,110,112,113,114,115,173,:
112:101,102,109,110,111,113,114,116,117,169,:
113:102,109,111,112,114,169,173,:
114:90,91,96,101,109,110,111,112,113,115,:
115:90,91,93,96,109,110,111,114,449,450,451,454,456,:
116:112,117,118,119,120,121,122,125,126,:
117:98,100,101,102,109,112,116,118,119,120,121,125,188,:
118:116,117,119,120,121,122,123,124,125,126,127,166,:
119:116,117,118,120,121,122,123,125,126,127,128,130,166,187,188,:
120:100,102,116,117,118,119,121,122,125,126,127,130,185,186,187,188,:
121:116,117,118,119,120,122,123,124,125,126,:
122:116,118,119,120,121,123,124,125,:
123:118,119,121,122,124,126,166,:
124:118,121,122,123,:
125:116,117,118,119,120,121,122,126,127,128,129,130,131,165,166,167,:
126:116,118,119,120,121,123,125,127,128,129,130,162,163,164,165,166,167,168,:
127:118,119,120,125,126,128,129,130,131,132,133,163,166,:
128:119,125,126,127,129,130,131,132,133,139,145,147,162,163,166,:
129:125,126,127,128,130,131,133,139,141,145,146,147,148,149,162,163,164,166,167,:
130:102,119,120,125,126,127,128,129,131,132,133,134,135,167,:
131:58,125,127,128,129,130,132,133,134,135,136,145,147,:
132:58,127,128,130,131,133,134,135,136,137,145,187,188,:
133:58,59,127,128,129,130,131,132,134,135,136,137,138,145,147,152,154,158,:
134:58,61,130,131,132,133,135,136,137,138,144,145,204,261,:
135:26,27,58,59,60,61,130,131,132,133,134,136,137,138,143,144,145,147,152,153,154,155,157,:
136:26,27,58,60,61,131,132,133,134,135,137,138,143,144,145,:
137:27,42,60,61,132,133,134,135,136,138,144,:
138:6,11,26,27,41,42,45,58,60,61,133,134,135,136,137,:
139:128,129,140,141,142,143,144,145,146,147,:
140:139,141,142,143,144,145,146,147,148,:
141:129,139,140,142,143,144,145,146,147,148,149,151,152,153,:
142:139,140,141,143,146,147,148,149,153,:
143:135,136,139,140,141,142,144,145,146,147,:
144:134,135,136,137,139,140,141,143,145,147,:
145:128,129,131,132,133,134,135,136,139,140,141,143,144,146,147,212,:
146:129,139,140,141,142,143,145,147,148,149,150,151,152,153,163,:
147:128,129,131,133,135,139,140,141,142,143,144,145,146,148,149,150,151,152,153,163,:
148:129,140,141,142,146,147,149,150,151,152,153,154,163,:
149:129,141,142,146,147,148,150,151,152,162,163,:
150:146,147,148,149,151,162,163,:
151:141,146,147,148,149,150,152,153,154,155,157,158,:
152:133,135,141,146,147,148,149,151,153,154,155,156,157,158,159,160,:
153:135,141,142,146,147,148,151,152,154,155,156,157,158,159,:
154:133,135,148,151,152,153,155,156,157,158,159,160,161,:
155:135,151,152,153,154,156,157,158,159,161,:
156:152,153,154,155,157,159,:
157:60,135,151,152,153,154,155,156,158,159,160,161,:
158:59,133,151,152,153,154,155,157,159,160,161,172,174,:
159:27,59,60,152,153,154,155,156,157,158,160,161,:
160:14,26,59,152,154,157,158,159,161,174,:
161:14,26,27,59,60,154,155,157,158,159,160,:
162:126,128,129,149,150,163,164,165,166,167,168,:
163:126,127,128,129,146,147,148,149,150,162,164,165,166,167,:
164:126,129,162,163,165,166,167,168,169,:
165:125,126,162,163,164,166,167,168,:
166:118,119,123,125,126,127,128,129,162,163,164,165,167,168,:
167:125,126,129,130,162,163,164,165,166,168,169,170,:
168:126,162,164,165,166,167,169,170,171,:
169:102,112,113,164,167,168,170,171,172,173,174,:
170:102,167,168,169,171,172,173,174,:
171:102,168,169,170,172,173,174,:
172:101,102,106,158,169,170,171,173,174,:
173:102,111,113,169,170,171,172,174,:
174:158,160,169,170,171,172,173,:
175:176,177,178,179,180,181,189,190,:
176:175,177,178,179,180,181,:
177:175,176,178,179,180,181,182,183,189,190,191,267,:
178:175,176,177,179,180,181,182,183,189,190,191,192,194,200,201,267,:
179:175,176,177,178,180,181,182,183,189,190,191,192,200,201,:
180:175,176,177,178,179,181,182,183,184,185,189,190,:
181:175,176,177,178,179,180,182,183,184,185,186,189,190,:
182:177,178,179,180,181,183,184,185,186,187,189,190,267,:
183:177,178,179,180,181,182,184,185,186,187,188,207,:
184:180,181,182,183,185,186,187,188,200,279,:
185:120,180,181,182,183,184,186,187,188,205,207,:
186:98,100,120,181,182,183,184,185,187,188,205,:
187:98,99,100,103,119,120,132,182,183,184,185,186,188,205,:
188:98,99,100,101,103,117,119,120,132,183,184,185,186,187,:
189:175,177,178,179,180,181,182,190,191,192,193,194,195,200,201,266,267,:
190:175,177,178,179,180,181,182,189,191,192,193,194,200,201,263,264,265,266,267,268,:
191:177,178,179,189,190,192,193,194,195,196,197,200,201,202,217,264,267,:
192:178,179,189,190,191,193,194,195,196,200,201,202,203,205,216,217,234,255,264,:
193:189,190,191,192,194,195,196,200,201,202,203,204,216,217,233,234,243,244,254,255,256,257,263,264,:
194:178,189,190,191,192,193,195,196,197,198,199,200,250,263,264,267,268,:
195:189,191,192,193,194,196,197,198,199,217,234,244,250,264,:
196:191,192,193,194,195,197,198,199,200,216,217,218,219,221,233,234,235,238,244,:
197:191,194,195,196,198,199,234,238,241,244,250,369,370,:
198:194,195,196,197,199,234,238,240,241,244,250,368,369,370,:
199:194,195,196,197,198,241,250,252,264,268,368,369,370,:
200:178,179,184,189,190,191,192,193,194,196,201,202,203,204,205,206,207,208,216,217,234,:
201:178,179,189,190,191,192,193,200,202,203,205,206,207,208,209,216,217,:
202:191,192,193,200,201,203,204,205,206,207,208,212,216,217,218,234,261,:
203:192,193,200,201,202,204,205,206,208,212,216,217,218,219,221,233,234,:
204:134,193,200,202,203,205,206,208,212,216,217,218,219,220,233,234,:
205:185,186,187,192,200,201,202,203,204,206,207,208,209,211,212,216,217,:
206:200,201,202,203,204,205,207,208,209,210,211,212,213,214,216,217,:
207:183,185,200,201,202,205,206,208,209,210,211,212,213,:
208:200,201,202,203,204,205,206,207,209,210,211,212,213,214,215,216,217,222,:
209:201,205,206,207,208,210,211,212,213,215,:
210:206,207,208,209,211,213,:
211:205,206,207,208,209,210,212,213,214,215,:
212:145,202,203,204,205,206,207,208,209,211,213,214,215,216,217,218,222,:
213:206,207,208,209,210,211,212,214,215,224,225,231,:
214:206,208,211,212,213,215,222,:
215:208,209,211,212,213,214,222,224,226,230,231,:
216:192,193,196,200,201,202,203,204,205,206,208,212,217,218,219,220,221,222,233,234,:
217:191,192,193,195,196,200,201,202,203,204,205,206,208,212,216,218,219,221,222,233,234,:
218:196,202,203,204,212,216,217,219,220,221,222,223,233,234,235,:
219:196,203,204,216,217,218,220,221,222,233,234,235,236,238,:
220:204,216,218,219,221,233,234,235,236,238,:
221:196,203,216,217,218,219,220,222,223,224,228,233,234,:
222:208,212,214,215,216,217,218,219,221,223,224,225,226,227,228,:
223:218,221,222,224,225,226,227,228,229,230,231,:
224:213,215,221,222,223,225,226,227,228,229,230,231,232,:
225:213,222,223,224,226,227,228,230,231,232,:
226:215,222,223,224,225,227,228,229,230,231,232,:
227:222,223,224,225,226,228,229,230,231,232,:
228:221,222,223,224,225,226,227,229,230,232,:
229:223,224,226,227,228,230,231,232,:
230:215,223,224,225,226,227,228,229,231,232,:
231:213,215,223,224,225,226,227,229,230,232,:
232:224,225,226,227,228,229,230,231,:
233:193,196,203,204,216,217,218,219,220,221,234,235,236,237,238,239,243,244,255,:
234:192,193,195,196,197,198,200,202,203,204,216,217,218,219,220,221,233,235,236,238,243,244,255,:
235:196,218,219,220,233,234,236,237,238,239,240,243,244,245,:
236:219,220,233,234,235,237,238,239,243,244,245,246,248,249,250,254,255,:
237:4,37,38,39,233,235,236,238,239,243,244,245,248,:
238:196,197,198,219,220,233,234,235,236,237,239,240,241,242,243,244,:
239:233,235,236,237,238,240,241,242,243,244,369,:
240:198,235,238,239,241,242,362,363,368,369,:
241:197,198,199,238,239,240,242,362,363,364,368,369,370,:
242:238,239,240,241,359,362,363,364,368,369,:
243:193,233,234,235,236,237,238,239,244,245,246,247,248,249,250,254,255,264,:
244:193,195,196,197,198,233,234,235,236,237,238,239,243,245,246,247,248,249,250,254,255,264,:
245:39,235,236,237,243,244,246,247,248,249,250,251,254,255,256,264,:
246:39,236,243,244,245,247,248,249,250,254,255,256,257,259,263,264,:
247:243,244,245,246,248,249,250,254,255,256,257,258,259,263,264,388,496,498,499,500,:
248:236,237,243,244,245,246,247,249,250,251,252,253,254,255,352,358,:
249:236,243,244,245,246,247,248,250,251,252,253,254,264,358,369,:
250:194,195,197,198,199,236,243,244,245,246,247,248,249,251,252,253,254,255,263,264,265,268,369,:
251:245,248,249,250,252,253,357,358,362,363,364,368,369,370,:
252:199,248,249,250,251,253,268,358,362,363,364,365,367,368,369,370,:
253:248,249,250,251,252,356,357,358,359,360,362,363,364,368,369,371,:
254:193,236,243,244,245,246,247,248,249,250,255,256,257,258,259,260,261,263,264,:
255:192,193,233,234,236,243,244,245,246,247,248,250,254,256,257,259,260,261,263,264,:
256:193,245,246,247,254,255,257,258,259,260,261,262,263,264,265,:
257:193,246,247,254,255,256,258,259,260,263,264,265,266,267,268,273,:
258:247,254,256,257,259,263,264,265,266,267,272,273,274,277,:
259:246,247,254,255,256,257,258,260,261,262,263,487,488,496,:
260:254,255,256,257,259,261,262,280,:
261:61,134,202,254,255,256,259,260,262,:
262:11,12,26,41,46,58,61,105,256,259,260,261,280,485,488,494,:
263:190,193,194,246,247,250,254,255,256,257,258,259,264,265,266,267,268,269,388,:
264:190,191,192,193,194,195,199,243,244,245,246,247,249,250,254,255,256,257,258,263,265,266,267,268,:
265:190,250,256,257,258,263,264,266,267,268,269,270,271,388,:
266:189,190,257,258,263,264,265,267,268,269,270,272,273,:
267:177,178,182,189,190,191,194,257,258,263,264,265,266,268,269,272,273,:
268:190,194,199,250,252,257,263,264,265,266,267,269,270,271,:
269:263,265,266,267,268,270,271,:
270:265,266,268,269,271,:
271:265,268,269,270,:
272:258,266,267,273,274,275,276,277,278,:
273:257,258,266,267,272,274,275,276,277,:
274:258,272,273,275,276,277,278,279,280,:
275:272,273,274,276,277,278,279,:
276:94,272,273,274,275,277,278,279,:
277:258,272,273,274,275,276,278,279,280,487,488,:
278:97,98,99,105,272,274,275,276,277,279,280,487,488,:
279:94,95,97,98,99,100,103,104,105,184,274,275,276,277,278,280,488,:
280:97,99,104,105,107,260,262,274,277,278,279,483,485,486,487,488,:
281:282,283,284,285,286,287,288,:
282:281,283,284,285,286,288,:
283:281,282,284,285,286,287,288,:
284:281,282,283,285,286,287,288,:
285:76,281,282,283,284,286,287,:
286:281,282,283,284,285,287,288,:
287:76,281,283,284,285,286,288,480,:
288:281,282,283,284,286,287,612,613,614,:
289:68,290,291,292,293,294,295,296,426,:
290:68,289,291,292,293,294,295,296,425,426,:
291:68,289,290,292,293,294,295,296,297,426,:
292:66,68,69,289,290,291,293,294,295,:
293:66,67,68,69,70,71,72,84,289,290,291,292,294,420,:
294:289,290,291,292,293,295,296,297,298,299,421,426,:
295:289,290,291,292,294,296,297,298,299,426,:
296:289,290,291,294,295,297,298,299,426,:
297:291,294,295,296,298,299,:
298:294,295,296,297,299,:
299:294,295,296,297,298,303,304,421,:
300:301,302,303,304,305,306,:
301:300,302,303,305,306,:
302:300,301,303,304,305,306,307,:
303:299,300,301,302,304,305,306,:
304:299,300,302,303,305,306,:
305:300,301,302,303,304,306,307,308,309,526,:
306:300,301,302,303,304,305,307,308,309,522,525,526,550,556,:
307:302,305,306,308,309,522,523,525,526,549,550,551,555,556,:
308:305,306,307,309,522,523,525,526,529,547,548,549,550,551,555,556,:
309:305,306,307,308,522,526,549,550,551,555,556,557,:
310:311,312,313,314,315,316,318,:
311:310,312,313,314,315,316,:
312:310,311,313,314,315,316,317,318,:
313:310,311,312,314,315,316,:
314:310,311,312,313,315,:
315:310,311,312,313,314,316,317,318,:
316:310,311,312,313,315,317,318,:
317:312,315,316,318,614,615,:
318:310,312,315,316,317,398,399,:
319:320,321,322,323,324,325,326,327,328,329,569,:
320:319,321,322,323,324,327,:
321:319,320,322,323,324,325,326,327,328,329,330,346,569,:
322:319,320,321,323,324,325,326,327,328,329,330,331,333,345,346,:
323:319,320,321,322,324,325,327,328,329,330,331,345,346,:
324:319,320,321,322,323,325,326,327,328,329,345,346,518,569,:
325:319,321,322,323,324,326,327,328,329,345,346,347,350,351,517,518,519,:
326:319,321,322,324,325,327,328,329,345,346,351,517,518,519,567,568,569,:
327:319,320,321,322,323,324,325,326,328,346,349,379,:
328:319,321,322,323,324,325,326,327,329,330,331,332,333,334,345,346,:
329:319,321,322,323,324,325,326,328,330,331,333,334,345,346,569,:
330:321,322,323,328,329,331,332,333,334,335,345,346,347,:
331:322,323,328,329,330,332,333,334,345,346,347,348,349,350,:
332:328,330,331,333,345,346,347,348,349,354,355,:
333:322,328,329,330,331,332,334,335,336,337,345,346,:
334:328,329,330,331,333,335,336,337,338,340,:
335:330,333,334,336,337,338,339,340,341,342,343,:
336:333,334,335,337,338,339,340,341,342,343,344,:
337:333,334,335,336,338,339,340,342,343,344,:
338:334,335,336,337,339,340,341,342,343,344,:
339:335,336,337,338,340,341,342,343,344,:
340:334,335,336,337,338,339,341,342,344,:
341:335,336,338,339,340,342,343,344,:
342:335,336,337,338,339,340,341,343,344,:
343:335,336,337,338,339,341,342,344,:
344:336,337,338,339,340,341,342,343,:
345:322,323,324,325,326,328,329,330,331,332,333,346,347,348,349,350,351,352,353,354,355,:
346:321,322,323,324,325,326,327,328,329,330,331,332,333,345,347,348,349,350,351,353,:
347:325,330,331,332,345,346,348,349,350,351,352,353,354,355,356,:
348:331,332,345,346,347,349,350,351,352,354,355,356,357,358,359,371,372,:
349:327,331,332,345,346,347,348,350,352,354,355,356,357,358,371,372,377,379,:
350:38,325,331,345,346,347,348,349,351,352,353,354,355,504,:
351:3,4,35,36,38,325,326,345,346,347,348,350,352,353,519,:
352:38,248,345,347,348,349,350,351,353,354,355,358,502,504,:
353:3,4,35,37,38,345,346,347,350,351,352,:
354:332,345,347,348,349,350,352,355,356,357,358,359,360,371,372,:
355:332,345,347,348,349,350,352,354,356,357,358,359,:
356:253,347,348,349,354,355,357,358,359,360,361,371,372,373,:
357:251,253,348,349,354,355,356,358,359,360,371,372,373,374,375,376,377,379,:
358:248,249,251,252,253,348,349,352,354,355,356,357,359,360,371,372,373,374,379,:
359:242,253,348,354,355,356,357,358,360,361,362,363,371,372,:
360:253,354,356,357,358,359,361,362,363,364,365,366,371,372,:
361:356,359,360,362,363,364,365,366,367,368,369,:
362:240,241,242,251,252,253,359,360,361,363,364,365,366,367,368,369,370,:
363:240,241,242,251,252,253,359,360,361,362,364,365,366,368,369,370,:
364:241,242,251,252,253,360,361,362,363,365,366,367,368,369,370,:
365:252,360,361,362,363,364,366,367,368,369,370,:
366:360,361,362,363,364,365,367,368,370,:
367:252,361,362,364,365,366,368,369,370,:
368:198,199,240,241,242,251,252,253,361,362,363,364,365,366,367,369,370,:
369:197,198,199,239,240,241,242,249,250,251,252,253,361,362,363,364,365,367,368,370,:
370:197,198,199,241,251,252,362,363,364,365,366,367,368,369,:
371:253,348,349,354,356,357,358,359,360,372,373,374,375,376,377,378,379,:
372:348,349,354,356,357,358,359,360,371,373,374,375,376,377,379,:
373:356,357,358,371,372,374,375,376,377,378,379,:
374:357,358,371,372,373,375,376,377,378,:
375:357,371,372,373,374,376,378,:
376:357,371,372,373,374,375,377,378,379,:
377:349,357,371,372,373,374,376,378,379,600,:
378:371,373,374,375,376,377,379,386,600,:
379:327,349,357,358,371,372,373,376,377,378,502,504,600,601,:
380:381,382,383,384,385,386,:
381:380,382,383,384,385,386,:
382:380,381,383,384,385,386,606,:
383:380,381,382,384,385,386,606,:
384:380,381,382,383,385,386,:
385:380,381,382,383,384,386,387,388,606,:
386:378,380,381,382,383,384,385,387,388,:
387:385,386,388,498,499,:
388:247,263,265,385,386,387,499,:
389:390,391,392,393,394,589,:
390:389,391,392,393,394,576,585,586,587,588,589,609,611,:
391:389,390,392,393,394,:
392:389,390,391,393,394,586,:
393:389,390,391,392,394,573,574,576,585,586,587,589,615,:
394:389,390,391,392,393,611,:
395:396,397,398,399,400,401,538,539,540,:
396:395,397,398,399,400,538,539,540,:
397:81,395,396,398,399,400,401,402,539,:
398:81,318,395,396,397,399,400,401,402,403,405,539,:
399:318,395,396,397,398,400,401,402,405,539,:
400:78,81,395,396,397,398,399,401,402,403,404,405,406,409,410,:
401:77,78,79,80,81,395,397,398,399,400,402,403,404,405,409,:
402:78,397,398,399,400,401,403,404,405,406,407,408,409,410,411,413,:
403:78,398,400,401,402,404,405,406,407,409,410,411,412,413,414,:
404:70,71,75,77,78,79,81,82,400,401,402,403,405,409,410,411,412,413,:
405:54,398,399,400,401,402,403,404,406,407,408,409,410,413,532,533,534,537,:
406:23,24,25,54,57,400,402,403,405,407,408,409,410,413,532,533,:
407:23,24,25,54,56,57,402,403,405,406,408,409,410,411,413,533,585,586,587,615,:
408:23,24,25,54,55,57,402,405,406,407,410,413,527,528,532,533,534,:
409:25,57,78,400,401,402,403,404,405,406,407,410,411,412,413,414,415,416,:
410:25,56,57,400,402,403,404,405,406,407,408,409,411,412,413,414,614,615,:
411:402,403,404,407,409,410,412,413,414,415,416,417,445,:
412:23,25,52,403,404,409,410,411,413,414,415,416,417,418,419,420,445,:
413:20,23,24,25,52,54,55,56,57,402,403,404,405,406,407,408,409,410,411,412,414,415,416,417,420,530,531,:
414:25,52,56,403,409,410,411,412,413,415,416,479,:
415:21,52,68,409,411,412,413,414,416,417,418,419,420,422,442,443,445,:
416:67,68,409,411,412,413,414,415,417,418,419,420,422,438,442,443,444,445,:
417:411,412,413,415,416,418,419,420,421,422,423,424,445,531,:
418:22,412,415,416,417,419,420,421,422,423,424,425,426,427,432,438,445,:
419:22,53,412,415,416,417,418,420,422,423,424,425,426,432,433,437,438,439,442,443,445,447,:
420:68,84,293,412,413,415,416,417,418,419,421,422,423,530,531,:
421:294,299,417,418,420,422,423,430,530,531,:
422:415,416,417,418,419,420,421,423,424,425,426,427,428,429,430,432,433,438,:
423:417,418,419,420,421,422,424,425,426,427,428,429,430,531,:
424:48,49,417,418,419,422,423,425,426,427,428,429,430,432,433,434,438,:
425:290,418,419,422,423,424,426,427,428,432,433,434,435,437,438,:
426:289,290,291,294,295,296,418,419,422,423,424,425,427,432,433,434,435,437,438,:
427:418,422,423,424,425,426,428,429,430,431,432,433,:
428:48,422,423,424,425,427,429,430,431,433,:
429:31,48,50,64,65,422,423,424,427,428,430,431,:
430:18,31,48,50,64,65,421,422,423,424,427,428,429,431,531,:
431:14,18,28,29,31,48,50,63,64,65,427,428,429,430,:
432:418,419,422,424,425,426,427,433,434,435,436,437,438,447,:
433:49,419,422,424,425,426,427,428,432,434,435,437,438,447,:
434:424,425,426,432,433,435,436,437,438,439,447,:
435:425,426,432,433,434,436,437,438,439,440,442,444,446,447,:
436:87,88,432,434,435,437,438,439,440,446,447,:
437:419,425,426,432,433,434,435,436,438,439,440,441,442,443,444,445,446,447,:
438:416,418,419,422,424,425,426,432,433,434,435,436,437,439,440,442,443,444,445,446,447,:
439:419,434,435,436,437,438,440,441,442,443,444,445,446,447,448,:
440:435,436,437,438,439,441,442,443,446,447,448,449,450,451,454,460,478,479,:
441:437,439,440,442,446,447,448,449,450,454,455,459,460,461,478,479,480,:
442:67,415,416,419,435,437,438,439,440,441,443,444,445,446,447,:
443:66,67,68,74,76,415,416,419,437,438,439,440,442,444,445,:
444:66,67,68,69,74,76,416,435,437,438,439,442,443,445,:
445:66,67,68,69,70,73,74,76,411,412,415,416,417,418,419,437,438,439,442,443,444,:
446:53,435,436,437,438,439,440,441,442,447,448,449,450,451,452,453,454,455,460,479,:
447:49,53,419,432,433,434,435,436,437,438,439,440,441,442,446,448,449,450,451,452,453,:
448:53,439,440,441,446,447,449,450,451,452,453,454,455,456,460,477,478,479,:
449:115,440,441,446,447,448,450,451,452,454,455,456,457,459,460,477,:
450:87,88,90,91,115,440,441,446,447,448,449,451,454,455,456,457,459,460,:
451:49,53,91,107,108,115,440,446,447,448,449,450,452,453,454,455,:
452:15,16,17,22,47,48,49,53,107,108,446,447,448,449,451,453,:
453:13,15,16,47,48,49,53,106,107,108,446,447,448,451,452,:
454:93,97,115,440,441,446,448,449,450,451,455,456,457,458,459,460,476,477,478,:
455:97,441,446,448,449,450,451,454,456,457,459,460,471,473,474,475,476,477,478,:
456:92,93,97,115,448,449,450,454,455,457,458,459,460,461,471,477,:
457:93,449,450,454,455,456,458,459,460,461,462,463,471,474,:
458:93,454,456,457,459,460,461,462,463,471,:
459:441,449,450,454,455,456,457,458,460,461,462,463,474,:
460:440,441,446,448,449,450,454,455,456,457,458,459,461,462,463,474,478,480,:
461:441,456,457,458,459,460,462,463,474,:
462:457,458,459,460,461,463,473,474,480,:
463:457,458,459,460,461,462,466,467,471,473,474,475,478,480,:
464:465,466,467,468,469,470,471,473,474,:
465:464,466,467,468,469,470,473,604,605,607,:
466:463,464,465,467,468,469,470,471,472,473,474,475,:
467:463,464,465,466,468,469,470,471,473,474,475,476,477,478,481,482,610,:
468:464,465,466,467,469,471,473,474,475,476,477,481,482,483,486,604,605,607,610,:
469:464,465,466,467,468,470,471,472,473,474,:
470:464,465,466,467,469,471,472,:
471:92,94,97,455,456,457,458,463,464,466,467,468,469,470,472,473,474,477,:
472:466,469,470,471,:
473:455,462,463,464,465,466,467,468,469,471,474,475,476,477,478,479,480,481,482,610,:
474:455,457,459,460,461,462,463,464,466,467,468,469,471,473,475,476,477,478,480,:
475:455,463,466,467,468,473,474,476,477,478,479,480,481,482,483,610,:
476:454,455,467,468,473,474,475,477,478,479,480,481,482,483,484,486,:
477:97,448,449,454,455,456,467,468,471,473,474,475,476,478,479,481,482,483,484,486,:
478:440,441,448,454,455,460,463,467,473,474,475,476,477,479,480,481,482,:
479:21,22,52,53,414,440,441,446,448,473,475,476,477,478,480,481,482,:
480:287,441,460,462,463,473,474,475,476,478,479,612,:
481:467,468,473,475,476,477,478,479,482,483,484,485,486,487,488,489,490,594,:
482:467,468,473,475,476,477,478,479,481,483,484,485,486,489,490,593,594,602,604,:
483:280,468,475,476,477,481,482,484,485,486,487,488,489,490,491,594,:
484:47,107,476,477,481,482,483,485,486,487,488,489,490,491,492,494,495,496,594,:
485:12,13,15,46,47,53,105,107,108,262,280,481,482,483,484,486,487,488,489,490,491,494,:
486:280,468,476,477,481,482,483,484,485,487,488,489,490,496,594,:
487:259,277,278,280,481,483,484,485,486,488,489,490,496,:
488:105,259,262,277,278,279,280,481,483,484,485,486,487,489,:
489:47,481,482,483,484,485,486,487,488,490,491,492,493,494,495,496,505,506,591,594,:
490:481,482,483,484,485,486,487,489,491,492,493,494,495,496,505,590,591,592,593,594,595,:
491:10,47,483,484,485,489,490,492,493,494,495,496,497,505,506,507,:
492:10,19,20,484,489,490,491,493,494,495,497,501,505,506,507,508,509,591,:
493:20,25,56,489,490,491,492,494,495,497,505,506,507,587,588,590,591,592,593,594,595,:
494:9,10,32,40,41,46,262,484,485,489,490,491,492,493,495,496,497,498,500,501,505,506,:
495:32,40,41,484,489,490,491,492,493,494,496,497,498,499,500,501,502,503,505,506,:
496:40,247,259,484,486,487,489,490,491,494,495,497,498,499,500,501,502,595,:
497:5,32,36,40,491,492,493,494,495,496,498,499,500,501,502,503,504,505,506,595,:
498:247,387,494,495,496,497,499,500,501,502,504,595,:
499:247,387,388,495,496,497,498,500,502,595,:
500:40,247,494,495,496,497,498,499,501,502,503,504,595,596,:
501:3,32,36,40,492,494,495,496,497,498,500,502,503,504,505,506,507,508,509,:
502:352,379,495,496,497,498,499,500,501,503,504,596,597,598,:
503:36,40,495,497,500,501,502,504,518,597,:
504:36,350,352,379,497,498,500,501,502,503,596,597,599,:
505:10,18,19,20,32,43,51,489,490,491,492,493,494,495,497,501,506,507,508,509,510,511,591,:
506:1,7,8,9,10,18,19,20,32,43,50,51,489,491,492,493,494,495,497,501,505,507,508,509,510,:
507:19,20,23,51,491,492,493,501,505,506,508,509,510,511,512,:
508:19,30,32,43,51,492,501,505,506,507,509,510,511,512,513,515,516,520,521,:
509:1,7,8,9,10,19,28,29,30,32,34,43,44,50,51,492,501,505,506,507,508,510,511,512,513,515,516,521,:
510:30,43,51,505,506,507,508,509,511,512,513,514,515,516,520,521,524,:
511:505,507,508,509,510,512,513,514,515,516,520,521,524,:
512:30,43,507,508,509,510,511,513,514,515,516,517,520,521,522,524,:
513:30,508,509,510,511,512,514,515,516,520,521,522,523,524,:
514:510,511,512,513,515,520,521,522,523,524,548,549,551,:
515:508,509,510,511,512,513,514,516,517,518,519,520,521,568,:
516:3,34,35,36,508,509,510,511,512,513,515,517,518,519,568,:
517:35,36,325,326,512,515,516,518,519,567,568,570,:
518:324,325,326,503,515,516,517,519,567,568,569,570,:
519:35,36,325,326,351,515,516,517,518,568,570,:
520:29,30,64,508,510,511,512,513,514,515,521,522,523,524,525,526,555,556,:
521:29,30,31,43,51,64,508,509,510,511,512,513,514,515,520,522,523,524,:
522:30,306,307,308,309,512,513,514,520,521,523,524,525,526,527,549,550,551,555,556,:
523:24,51,55,307,308,513,514,520,521,522,524,525,526,527,528,530,531,550,:
524:19,23,24,51,54,55,510,511,512,513,514,520,521,522,523,525,526,527,530,531,:
525:55,306,307,308,520,522,523,524,526,527,528,529,530,531,532,533,542,550,:
526:305,306,307,308,309,520,522,523,524,525,527,528,529,530,531,532,547,549,550,:
527:24,54,55,408,522,523,524,525,526,528,529,530,531,532,533,534,542,:
528:408,523,525,526,527,529,530,532,533,534,535,537,541,542,:
529:308,525,526,527,528,530,532,533,534,535,536,537,541,542,:
530:55,84,413,420,421,523,524,525,526,527,528,529,531,532,533,:
531:55,413,417,420,421,423,430,523,524,525,526,527,530,:
532:54,405,406,408,525,526,527,528,529,530,533,534,535,536,537,538,541,542,:
533:24,54,55,405,406,407,408,525,527,528,529,530,532,534,535,537,541,542,:
534:405,408,527,528,529,532,533,535,536,537,538,539,540,541,542,543,:
535:528,529,532,533,534,536,537,538,539,541,542,543,544,545,546,:
536:529,532,534,535,537,538,539,540,541,542,543,544,545,:
537:82,83,405,528,529,532,533,534,535,536,538,539,540,541,:
538:395,396,532,534,535,536,537,539,540,:
539:395,396,397,398,399,534,535,536,537,538,540,:
540:83,395,396,534,536,537,538,539,:
541:528,529,532,533,534,535,536,537,542,543,544,545,546,547,:
542:525,527,528,529,532,533,534,535,536,541,543,544,545,546,547,:
543:534,535,536,541,542,544,545,546,547,548,:
544:535,536,541,542,543,545,546,547,559,:
545:535,536,541,542,543,544,546,558,559,560,561,562,563,:
546:535,541,542,543,544,545,547,548,549,:
547:308,526,541,542,543,544,546,548,549,550,551,553,:
548:308,514,543,546,547,549,550,551,552,553,554,555,556,:
549:307,308,309,514,522,526,546,547,548,550,551,552,553,554,555,556,557,:
550:306,307,308,309,522,523,525,526,547,548,549,551,552,553,555,556,557,:
551:307,308,309,514,522,547,548,549,550,552,553,554,555,556,557,:
552:548,549,550,551,553,554,555,556,557,:
553:547,548,549,550,551,552,554,555,557,:
554:548,549,551,552,553,555,556,557,:
555:307,308,309,520,522,548,549,550,551,552,553,554,556,557,:
556:306,307,308,309,520,522,548,549,550,551,552,554,555,557,:
557:309,549,550,551,552,553,554,555,556,:
558:545,559,560,561,562,563,564,565,571,572,:
559:544,545,558,560,561,562,563,564,:
560:545,558,559,561,562,563,564,565,571,572,573,:
561:545,558,559,560,562,563,564,571,572,573,574,575,576,577,579,:
562:545,558,559,560,561,563,571,572,573,576,577,578,:
563:545,558,559,560,561,562,564,565,566,571,572,:
564:558,559,560,561,563,565,566,567,:
565:558,560,563,564,566,567,568,569,570,:
566:563,564,565,567,568,569,570,:
567:326,517,518,564,565,566,568,569,570,:
568:326,515,516,517,518,519,565,566,567,569,570,:
569:319,321,324,326,329,518,565,566,567,568,570,:
570:517,518,519,565,566,567,568,569,:
571:558,560,561,562,563,572,573,574,575,576,577,578,579,585,586,:
572:558,560,561,562,563,571,573,574,575,576,577,579,585,:
573:393,560,561,562,571,572,574,575,576,577,578,579,585,586,587,:
574:393,561,571,572,573,575,576,577,585,586,587,588,589,:
575:561,571,572,573,574,576,585,586,587,588,589,590,591,597,599,:
576:390,393,561,562,571,572,573,574,575,577,578,579,580,581,585,586,:
577:561,562,571,572,573,574,576,578,579,580,581,582,:
578:562,571,573,576,577,579,580,581,582,583,:
579:561,571,572,573,576,577,578,580,581,582,583,584,:
580:576,577,578,579,581,582,583,584,:
581:576,577,578,579,580,582,583,584,:
582:577,578,579,580,581,583,584,:
583:578,579,580,581,582,584,:
584:579,580,581,582,583,:
585:57,390,393,407,571,572,573,574,575,576,586,587,588,589,590,591,:
586:57,390,392,393,407,571,573,574,575,576,585,587,588,589,:
587:25,56,57,390,393,407,493,573,574,575,585,586,588,589,590,591,592,:
588:390,493,574,575,585,586,587,589,590,591,592,593,594,595,596,597,609,611,:
589:389,390,393,574,575,585,586,587,588,590,591,592,593,597,609,611,:
590:490,493,575,585,587,588,589,591,592,593,594,595,596,597,602,603,:
591:25,56,489,490,492,493,505,575,585,587,588,589,590,592,593,594,595,596,597,:
592:490,493,587,588,589,590,591,593,594,595,596,597,598,602,603,604,609,:
593:482,490,493,588,589,590,591,592,594,595,596,602,603,604,605,606,607,608,609,:
594:481,482,483,484,486,489,490,493,588,590,591,592,593,595,602,603,604,607,608,609,:
595:490,493,496,497,498,499,500,588,590,591,592,593,594,596,597,598,599,600,602,603,:
596:500,502,504,588,590,591,592,593,595,597,598,599,600,601,:
597:502,503,504,575,588,589,590,591,592,595,596,598,599,600,601,:
598:502,592,595,596,597,599,600,601,:
599:504,575,595,596,597,598,600,601,:
600:377,378,379,595,596,597,598,599,601,:
601:379,596,597,598,599,600,:
602:482,590,592,593,594,595,603,604,605,606,607,608,609,:
603:590,592,593,594,595,602,604,605,606,607,608,609,:
604:465,468,482,592,593,594,602,603,605,606,607,608,609,610,:
605:465,468,593,602,603,604,606,607,608,:
606:382,383,385,593,602,603,604,605,607,:
607:465,468,593,594,602,603,604,605,606,608,609,610,611,612,:
608:593,594,602,603,604,605,607,609,610,611,612,613,:
609:390,588,589,592,593,594,602,603,604,607,608,610,611,612,613,614,615,:
610:467,468,473,475,604,607,608,609,611,612,613,614,:
611:390,394,588,589,607,608,609,610,612,613,614,615,:
612:288,480,607,608,609,610,611,613,614,615,:
613:288,608,609,610,611,612,614,615,:
614:288,317,410,609,610,611,612,613,615,:
615:317,393,407,410,609,611,612,613,614,:
