1:2,3,4,5,6,7,25,26,236,237,243,244,245,259,260,261,262,263,264,270,271,272,278,:
2:1,3,4,5,6,7,8,10,25,26,237,:
3:1,2,4,5,6,7,25,26,384,:
4:1,2,3,5,6,7,25,26,236,237,238,239,:
5:1,2,3,4,6,7,8,9,10,11,25,26,27,28,:
6:1,2,3,4,5,7,8,9,10,25,26,27,28,377,382,383,384,:
7:1,2,3,4,5,6,8,9,10,11,12,13,25,26,27,28,29,97,98,99,237,264,267,269,:
8:2,5,6,7,9,10,11,12,13,14,25,26,27,28,29,97,98,99,264,269,:
9:5,6,7,8,10,11,12,13,25,26,27,28,29,:
10:2,5,6,7,8,9,11,25,26,27,28,29,376,377,382,383,:
11:5,7,8,9,10,12,13,14,15,19,26,27,29,30,33,97,98,99,187,267,269,:
12:7,8,9,11,13,14,15,26,27,29,30,95,96,97,98,99,186,187,188,238,267,268,269,:
13:7,8,9,11,12,14,15,16,18,19,27,29,30,33,98,187,367,:
14:8,11,12,13,15,16,17,18,19,20,27,29,30,31,32,33,187,:
15:11,12,13,14,16,17,18,19,29,30,31,32,33,98,184,185,186,187,188,:
16:13,14,15,17,18,19,20,30,31,32,33,80,105,106,107,165,184,185,186,187,:
17:14,15,16,18,19,20,21,24,30,31,32,33,57,58,77,78,79,80,107,165,166,167,168,:
18:13,14,15,16,17,19,20,21,22,23,24,29,30,31,32,33,57,58,168,364,370,:
19:11,13,14,15,16,17,18,20,21,24,29,30,31,32,33,58,364,367,369,370,:
20:14,16,17,18,19,21,22,23,24,32,33,34,57,58,167,168,363,364,369,370,:
21:17,18,19,20,22,23,24,32,33,34,168,360,361,363,364,365,368,369,370,:
22:18,20,21,23,24,33,34,168,352,354,355,356,358,359,360,361,362,363,364,368,369,370,:
23:18,20,21,22,24,32,34,167,168,312,346,348,352,353,354,355,356,358,360,370,:
24:17,18,19,20,21,22,23,32,34,166,167,168,348,355,356,370,:
25:1,2,3,4,5,6,7,8,9,10,28,377,381,382,383,384,:
26:1,2,3,4,5,6,7,8,9,10,11,12,97,98,99,235,236,237,238,260,264,265,267,269,:
27:5,6,7,8,9,10,11,12,13,14,28,29,373,:
28:5,6,7,8,9,10,25,27,374,376,377,378,382,383,:
29:7,8,9,10,11,12,13,14,15,18,19,27,30,33,367,369,:
30:11,12,13,14,15,16,17,18,19,29,31,95,96,97,98,105,184,185,186,187,188,:
31:14,15,16,17,18,19,30,32,77,79,80,105,106,107,109,165,179,183,184,185,186,187,188,:
32:14,15,16,17,18,19,20,21,23,24,31,57,77,78,79,80,107,109,163,164,165,166,167,168,:
33:11,13,14,15,16,17,18,19,20,21,22,29,363,364,365,366,367,368,369,370,:
34:20,21,22,23,24,352,354,355,356,358,359,360,361,362,363,364,365,368,369,370,:
35:36,37,38,39,40,41,44,45,431,:
36:35,37,38,40,41,44,45,:
37:35,36,38,39,40,41,44,45,46,65,66,430,431,432,:
38:35,36,37,39,40,41,44,45,46,47,48,49,50,51,60,65,66,430,431,432,:
39:35,37,38,40,44,45,46,47,48,49,51,52,59,60,61,64,65,66,67,430,431,432,:
40:35,36,37,38,39,41,42,43,44,45,48,65,66,:
41:35,36,37,38,40,42,43,:
42:40,41,43,:
43:40,41,42,:
44:35,36,37,38,39,40,45,46,47,48,49,50,51,52,60,66,431,432,:
45:35,36,37,38,39,40,44,46,47,48,49,50,:
46:37,38,39,44,45,47,48,49,50,51,52,53,60,257,266,432,:
47:38,39,44,45,46,48,49,51,52,53,54,56,58,59,60,66,266,:
48:38,39,40,44,45,46,47,49,51,52,53,54,59,60,62,66,257,:
49:38,39,44,45,46,47,48,50,51,52,266,363,364,366,367,432,:
50:38,44,45,46,49,266,366,367,371,373,412,431,432,:
51:38,39,44,46,47,48,49,52,53,54,55,56,57,58,59,60,266,360,364,:
52:39,44,46,47,48,49,51,53,54,56,57,58,59,60,266,360,361,363,364,:
53:46,47,48,51,52,54,55,56,57,58,59,60,61,69,78,353,:
54:47,48,51,52,53,55,56,57,59,60,61,62,63,64,68,69,346,353,:
55:51,53,54,56,59,60,61,62,63,68,69,70,73,74,75,342,343,344,345,346,353,:
56:47,51,52,53,54,55,57,58,59,60,75,76,77,78,79,167,168,345,346,348,353,360,:
57:17,18,20,32,51,52,53,54,56,58,75,76,77,78,79,80,167,168,348,:
58:17,18,19,20,47,51,52,53,56,57,77,78,80,266,268,364,:
59:39,47,48,51,52,53,54,55,56,60,61,62,63,64,65,66,67,69,353,:
60:38,39,44,46,47,48,51,52,53,54,55,56,59,61,62,64,65,66,67,353,360,432,:
61:39,53,54,55,59,60,62,63,64,65,66,67,69,342,:
62:48,54,55,59,60,61,63,64,65,66,67,68,69,:
63:54,55,59,61,62,64,65,68,69,:
64:39,54,59,60,61,62,63,65,66,67,:
65:37,38,39,40,59,60,61,62,63,64,66,67,:
66:37,38,39,40,44,47,48,59,60,61,62,64,65,67,432,:
67:39,59,60,61,62,64,65,66,340,352,427,:
68:54,55,62,63,69,70,71,72,73,74,:
69:53,54,55,59,61,62,63,68,70,71,73,74,:
70:55,68,69,71,72,73,74,75,:
71:68,69,70,72,73,74,146,:
72:68,70,71,73,146,:
73:55,68,69,70,71,72,74,75,76,344,:
74:55,68,69,70,71,73,75,76,77,78,:
75:55,56,57,70,73,74,76,77,78,79,80,136,344,348,:
76:56,57,73,74,75,77,78,79,80,165,173,185,232,:
77:17,31,32,56,57,58,74,75,76,78,79,80,163,164,165,166,167,168,184,185,232,:
78:17,32,53,56,57,58,74,75,76,77,79,80,165,167,168,185,232,348,:
79:17,31,32,56,57,75,76,77,78,80,163,164,165,166,167,168,169,185,348,:
80:16,17,31,32,57,58,75,76,77,78,79,164,165,167,178,180,183,184,185,186,187,232,:
81:82,83,84,85,86,87,88,89,90,120,121,122,123,195,196,:
82:81,83,84,85,86,87,88,89,90,120,121,122,123,194,195,196,:
83:81,82,84,85,86,87,88,89,90,91,101,121,123,:
84:81,82,83,85,86,87,88,89,90,91,92,94,100,101,120,121,122,123,:
85:81,82,83,84,86,89,90,91,92,100,101,120,121,122,123,124,:
86:81,82,83,84,85,87,88,89,90,:
87:81,82,83,84,86,88,90,228,:
88:81,82,83,84,86,87,89,90,96,101,121,181,183,189,190,195,196,:
89:81,82,83,84,85,86,88,90,91,92,93,94,95,96,100,101,121,123,:
90:81,82,83,84,85,86,87,88,89,91,92,94,95,96,97,100,101,121,188,:
91:83,84,85,89,90,92,93,94,95,96,97,100,101,102,123,:
92:84,85,89,90,91,93,94,95,96,100,101,102,103,105,123,:
93:89,91,92,94,95,96,100,101,102,105,:
94:84,89,90,91,92,93,95,96,97,98,99,100,101,:
95:12,30,89,90,91,92,93,94,96,97,98,99,100,101,186,188,238,:
96:12,30,88,89,90,91,92,93,94,95,97,98,99,100,101,183,184,186,187,188,238,:
97:7,8,11,12,26,30,90,91,94,95,96,98,99,186,187,188,238,:
98:7,8,11,12,13,15,26,30,94,95,96,97,99,186,187,188,238,:
99:7,8,11,12,26,94,95,96,97,98,238,:
100:84,85,89,90,91,92,93,94,95,96,101,102,103,104,105,106,114,115,120,121,122,123,:
101:83,84,85,88,89,90,91,92,93,94,95,96,100,102,103,104,105,114,115,120,121,122,123,179,183,188,196,:
102:91,92,93,100,101,103,104,105,106,107,108,114,115,116,120,121,179,:
103:92,100,101,102,104,105,106,107,108,114,115,116,117,119,120,121,122,125,131,179,:
104:100,101,102,103,105,106,107,114,115,116,117,119,120,121,131,171,172,175,176,178,179,180,183,190,196,:
105:16,30,31,92,93,100,101,102,103,104,106,107,108,109,110,114,115,179,:
106:16,31,100,102,103,104,105,107,108,109,110,111,:
107:16,17,31,32,102,103,104,105,106,108,109,110,111,112,113,131,165,:
108:102,103,105,106,107,109,110,111,112,:
109:31,32,105,106,107,108,110,111,112,113,151,165,:
110:105,106,107,108,109,111,112,113,:
111:106,107,108,109,110,112,113,:
112:107,108,109,110,111,113,:
113:107,109,110,111,112,151,:
114:100,101,102,103,104,105,115,116,117,118,119,120,121,122,124,125,131,:
115:100,101,102,103,104,105,114,116,117,118,119,120,121,122,124,125,131,:
116:102,103,104,114,115,117,118,119,120,121,122,124,125,126,131,175,176,177,196,:
117:103,104,114,115,116,118,119,120,125,126,127,128,129,130,131,175,177,:
118:114,115,116,117,119,125,126,127,128,131,177,:
119:103,104,114,115,116,117,118,120,121,122,123,124,125,195,196,:
120:81,82,84,85,100,101,102,103,104,114,115,116,117,119,121,122,123,124,195,196,:
121:81,82,83,84,85,88,89,90,100,101,102,103,104,114,115,116,119,120,122,123,124,189,190,194,195,196,:
122:81,82,84,85,100,101,103,114,115,116,119,120,121,123,124,196,:
123:81,82,83,84,85,89,91,92,100,101,119,120,121,122,124,:
124:85,114,115,116,119,120,121,122,123,:
125:103,114,115,116,117,118,119,126,127,128,129,130,131,177,:
126:116,117,118,125,127,128,129,130,131,:
127:117,118,125,126,128,129,130,131,177,:
128:117,118,125,126,127,129,:
129:117,125,126,127,128,130,131,:
130:117,125,126,127,129,131,177,:
131:103,104,107,114,115,116,117,118,125,126,127,129,130,175,177,:
132:133,134,135,136,137,138,139,148,170,:
133:132,134,135,137,138,139,:
134:132,133,135,136,137,138,139,140,162,169,170,173,:
135:132,133,134,136,137,138,139,140,141,142,143,148,161,162,163,170,:
136:75,132,134,135,137,138,139,140,141,142,148,161,162,163,164,169,170,344,:
137:132,133,134,135,136,138,139,:
138:132,133,134,135,136,137,139,140,141,142,143,144,146,148,162,:
139:132,133,134,135,136,137,138,140,141,143,144,:
140:134,135,136,138,139,141,142,143,144,145,146,162,:
141:135,136,138,139,140,142,143,144,147,148,162,:
142:135,136,138,140,141,143,147,148,162,301,343,344,347,:
143:135,138,139,140,141,142,144,145,146,:
144:138,139,140,141,143,145,146,:
145:140,143,144,146,:
146:71,72,138,140,143,144,145,:
147:141,142,148,149,150,151,152,153,154,161,162,:
148:132,135,136,138,141,142,147,149,150,152,153,154,161,162,170,:
149:147,148,150,151,152,153,154,155,161,162,163,170,:
150:147,148,149,151,152,153,161,162,163,164,166,169,170,:
151:109,113,147,149,150,152,161,162,163,164,165,166,169,170,:
152:147,148,149,150,151,153,154,155,156,157,161,162,170,:
153:147,148,149,150,152,154,155,156,157,158,:
154:147,148,149,152,153,155,156,157,158,159,:
155:149,152,153,154,156,157,158,159,:
156:152,153,154,155,157,158,159,160,:
157:152,153,154,155,156,158,159,160,:
158:153,154,155,156,157,159,160,:
159:154,155,156,157,158,160,:
160:156,157,158,159,:
161:135,136,147,148,149,150,151,152,162,163,164,165,166,167,169,170,:
162:134,135,136,138,140,141,142,147,148,149,150,151,152,161,163,164,166,169,170,:
163:32,77,79,135,136,149,150,151,161,162,164,165,166,167,168,169,170,171,348,:
164:32,77,79,80,136,150,151,161,162,163,165,166,167,169,170,171,172,173,174,178,179,:
165:16,17,31,32,76,77,78,79,80,107,109,151,161,163,164,166,167,168,169,170,171,172,173,178,179,185,:
166:17,24,32,77,79,150,151,161,162,163,164,165,167,168,169,170,345,347,348,:
167:17,20,23,24,32,56,57,77,78,79,80,161,163,164,165,166,168,344,345,346,347,348,356,:
168:17,18,20,21,22,23,24,32,56,57,77,78,79,163,165,166,167,344,345,346,347,348,353,356,:
169:79,134,136,150,151,161,162,163,164,165,166,170,171,172,173,174,175,178,179,:
170:132,134,135,136,148,149,150,151,152,161,162,163,164,165,166,169,171,172,173,174,:
171:104,163,164,165,169,170,172,173,174,175,176,177,178,179,180,:
172:104,164,165,169,170,171,173,174,175,176,178,179,180,181,183,189,190,:
173:76,134,164,165,169,170,171,172,174,175,176,178,179,180,181,182,189,190,:
174:164,169,170,171,172,173,175,176,177,178,179,:
175:104,116,117,131,169,171,172,173,174,176,177,178,179,190,:
176:104,116,171,172,173,174,175,177,178,179,181,189,190,191,192,194,196,:
177:116,117,118,125,127,130,131,171,174,175,176,:
178:80,104,164,165,169,171,172,173,174,175,176,179,180,181,182,183,184,185,189,190,:
179:31,101,102,103,104,105,164,165,169,171,172,173,174,175,176,178,180,181,183,184,185,189,190,:
180:80,104,171,172,173,178,179,181,182,183,184,185,186,189,190,191,:
181:88,172,173,176,178,179,180,182,183,184,189,190,191,192,193,194,196,:
182:173,178,180,181,183,189,190,191,192,193,229,230,:
183:31,80,88,96,101,104,172,178,179,180,181,182,184,185,186,187,188,189,190,229,:
184:15,16,30,31,77,80,96,178,179,180,181,183,185,186,187,188,229,230,231,233,:
185:15,16,30,31,76,77,78,79,80,165,178,179,180,183,184,186,187,188,230,231,232,233,268,:
186:12,15,16,30,31,80,95,96,97,98,180,183,184,185,187,188,231,233,268,:
187:11,12,13,14,15,16,30,31,80,96,97,98,183,184,185,186,188,231,233,267,268,269,:
188:12,15,30,31,90,95,96,97,98,101,183,184,185,186,187,238,:
189:88,121,172,173,176,178,179,180,181,182,183,190,191,192,193,194,195,196,197,:
190:88,104,121,172,173,175,176,178,179,180,181,182,183,189,191,192,194,195,196,:
191:176,180,181,182,189,190,192,193,194,195,196,197,:
192:176,181,182,189,190,191,193,194,195,197,:
193:181,182,189,191,192,194,197,:
194:82,121,176,181,189,190,191,192,193,195,196,197,:
195:81,82,88,119,120,121,189,190,191,192,194,196,197,:
196:81,82,88,101,104,116,119,120,121,122,176,181,189,190,191,194,195,197,:
197:189,191,192,193,194,195,196,:
198:199,200,201,202,203,204,207,215,216,:
199:198,200,201,202,203,204,207,:
200:198,199,201,202,203,204,205,207,215,216,217,:
201:198,199,200,202,203,204,215,216,217,218,219,220,223,:
202:198,199,200,201,203,215,216,217,218,219,255,258,:
203:198,199,200,201,202,204,205,206,207,215,216,219,247,248,:
204:198,199,200,201,203,205,206,207,208,216,:
205:200,203,204,206,207,208,209,210,211,212,213,247,:
206:203,204,205,207,208,209,210,211,212,213,214,245,:
207:198,199,200,203,204,205,206,208,209,210,212,213,214,252,:
208:204,205,206,207,209,210,211,212,213,214,245,276,277,:
209:205,206,207,208,210,211,212,213,214,245,275,276,277,278,:
210:205,206,207,208,209,211,212,214,245,246,276,:
211:205,206,208,209,210,212,213,214,245,271,275,276,277,278,:
212:205,206,207,208,209,210,211,213,214,245,271,276,277,:
213:205,206,207,208,209,211,212,214,245,252,254,276,277,:
214:206,207,208,209,210,211,212,213,245,270,271,275,276,277,280,:
215:198,200,201,202,203,216,217,218,219,220,221,222,223,224,:
216:198,200,201,202,203,204,215,217,218,219,220,221,222,223,248,:
217:200,201,202,215,216,218,219,220,221,222,223,224,225,226,:
218:201,202,215,216,217,219,220,221,222,223,224,225,226,227,228,229,242,248,251,258,:
219:201,202,203,215,216,217,218,220,221,224,225,226,227,228,234,236,241,242,243,244,247,248,250,251,252,255,256,258,:
220:201,215,216,217,218,219,221,222,223,224,225,228,:
221:215,216,217,218,219,220,222,223,224,225,228,248,:
222:215,216,217,218,220,221,223,228,:
223:201,215,216,217,218,220,221,222,:
224:215,217,218,219,220,221,225,226,227,228,229,230,231,234,251,258,:
225:217,218,219,220,221,224,226,227,228,229,230,:
226:217,218,219,224,225,227,228,229,230,231,233,234,235,236,240,241,242,251,:
227:218,219,224,225,226,228,229,230,234,235,236,238,239,240,241,242,:
228:87,218,219,220,221,222,224,225,226,227,229,234,235,240,242,:
229:182,183,184,218,224,225,226,227,228,230,231,232,233,234,235,:
230:182,184,185,224,225,226,227,229,231,232,233,:
231:184,185,186,187,224,226,229,230,232,233,256,258,267,268,:
232:76,77,78,80,185,229,230,231,233,256,258,268,:
233:184,185,186,187,226,229,230,231,232,235,256,258,265,267,268,269,:
234:219,224,226,227,228,229,235,236,237,238,239,240,241,242,:
235:26,226,227,228,229,233,234,236,237,238,239,240,241,242,243,251,269,:
236:1,4,26,219,226,227,234,235,237,238,239,240,241,242,243,244,246,248,250,251,260,267,269,:
237:1,2,4,7,26,234,235,236,238,239,241,242,243,244,245,250,251,259,260,261,264,265,267,268,269,:
238:4,12,26,95,96,97,98,99,188,227,234,235,236,237,239,240,241,242,269,:
239:4,227,234,235,236,237,238,240,241,242,:
240:226,227,228,234,235,236,238,239,241,242,:
241:219,226,227,234,235,236,237,238,239,240,242,243,244,245,246,247,248,249,250,251,260,:
242:218,219,226,227,228,234,235,236,237,238,239,240,241,243,244,246,247,248,249,250,251,:
243:1,219,235,236,237,241,242,244,245,246,247,248,249,250,251,252,260,:
244:1,219,236,237,241,242,243,245,246,247,248,249,250,251,252,253,255,259,260,270,271,:
245:1,206,208,209,210,211,212,213,214,237,241,243,244,246,247,250,251,252,253,254,259,260,270,271,275,276,278,:
246:210,236,241,242,243,244,245,247,248,249,250,251,:
247:203,205,219,241,242,243,244,245,246,248,249,250,251,:
248:203,216,218,219,221,236,241,242,243,244,246,247,249,250,251,:
249:241,242,243,244,246,247,248,:
250:219,236,237,241,242,243,244,245,246,247,248,251,252,253,254,255,256,259,260,271,:
251:218,219,224,226,235,236,237,241,242,243,244,245,246,247,248,250,252,253,255,256,258,259,260,:
252:207,213,219,243,244,245,250,251,253,254,255,256,257,258,259,260,261,271,:
253:244,245,250,251,252,254,255,256,257,259,260,261,262,264,265,270,271,:
254:213,245,250,252,253,255,256,257,259,260,261,262,270,271,280,:
255:202,219,244,250,251,252,253,254,256,257,258,259,260,:
256:219,231,232,233,250,251,252,253,254,255,257,258,259,260,:
257:46,48,252,253,254,255,256,258,259,265,266,:
258:202,218,219,224,231,232,233,251,252,255,256,257,:
259:1,237,244,245,250,251,252,253,254,255,256,257,260,261,262,263,264,265,266,267,269,270,271,:
260:1,26,236,237,241,243,244,245,250,251,252,253,254,255,256,259,261,262,264,265,266,267,268,269,270,271,:
261:1,237,252,253,254,259,260,262,263,264,265,266,267,269,270,271,272,280,:
262:1,253,254,259,260,261,263,264,265,270,271,272,273,274,275,279,280,377,:
263:1,259,261,262,264,270,271,272,273,274,279,280,284,373,374,376,377,:
264:1,7,8,26,237,253,259,260,261,262,263,265,266,267,268,269,270,271,367,:
265:26,233,237,253,257,259,260,261,262,264,266,267,268,269,367,:
266:46,47,49,50,51,52,58,257,259,260,261,264,265,267,268,269,367,:
267:7,11,12,26,187,231,233,236,237,259,260,261,264,265,266,268,269,:
268:12,58,185,186,187,231,232,233,237,260,264,265,266,267,269,:
269:7,8,11,12,26,187,233,235,236,237,238,259,260,261,264,265,266,267,268,:
270:1,214,244,245,253,254,259,260,261,262,263,264,271,272,273,274,275,276,277,278,279,280,:
271:1,211,212,214,244,245,250,252,253,254,259,260,261,262,263,264,270,272,273,275,276,277,278,279,280,:
272:1,261,262,263,270,271,273,274,275,276,277,278,279,280,281,:
273:262,263,270,271,272,274,275,276,277,278,279,280,281,282,284,285,286,377,:
274:262,263,270,272,273,275,276,277,279,280,281,282,283,284,285,286,287,291,377,381,393,:
275:209,211,214,245,262,270,271,272,273,274,276,277,278,279,280,:
276:208,209,210,211,212,213,214,245,270,271,272,273,274,275,277,278,279,280,286,293,:
277:208,209,211,212,213,214,270,271,272,273,274,275,276,278,279,280,281,285,286,291,293,:
278:1,209,211,245,270,271,272,273,275,276,277,:
279:262,263,270,271,272,273,274,275,276,277,280,281,282,283,284,285,286,:
280:214,254,261,262,263,270,271,272,273,274,275,276,277,279,281,282,284,285,286,:
281:272,273,274,277,279,280,282,283,284,285,286,287,:
282:273,274,279,280,281,283,284,285,286,287,288,289,290,291,393,:
283:274,279,281,282,284,285,286,287,288,289,390,391,393,:
284:263,273,274,279,280,281,282,283,285,380,410,411,:
285:273,274,277,279,280,281,282,283,284,286,287,288,289,290,291,292,:
286:273,274,276,277,279,280,281,282,283,285,287,288,289,290,291,293,:
287:274,281,282,283,285,286,288,289,290,291,292,293,393,395,:
288:282,283,285,286,287,289,290,291,292,:
289:282,283,285,286,287,288,290,292,:
290:282,285,286,287,288,289,291,292,293,:
291:274,277,282,285,286,287,288,290,292,293,:
292:285,287,288,289,290,291,293,398,:
293:276,277,286,287,290,291,292,:
294:295,296,297,298,299,300,:
295:294,296,297,298,299,328,:
296:294,295,297,298,299,300,301,302,304,306,:
297:294,295,296,298,299,300,301,302,305,306,:
298:294,295,296,297,299,300,305,306,:
299:294,295,296,297,298,300,301,302,303,304,306,328,331,334,:
300:294,296,297,298,299,301,302,303,304,305,306,311,315,331,334,:
301:142,296,297,299,300,302,303,304,305,306,307,310,311,312,313,:
302:296,297,299,300,301,303,304,305,306,308,311,312,314,315,316,330,331,333,334,335,350,:
303:299,300,301,302,304,305,306,307,308,309,310,311,312,314,315,316,331,333,334,335,349,350,355,357,:
304:296,299,300,301,302,303,306,314,315,316,328,329,330,331,332,333,334,335,:
305:297,298,300,301,302,303,306,307,308,309,310,311,312,313,314,315,:
306:296,297,298,299,300,301,302,303,304,305,307,308,310,311,312,313,314,315,:
307:301,303,305,306,308,309,310,311,312,313,314,315,316,:
308:302,303,305,306,307,309,310,311,312,313,314,315,316,317,:
309:303,305,307,308,310,311,312,314,315,316,317,357,474,:
310:301,303,305,306,307,308,309,311,312,313,314,315,355,:
311:300,301,302,303,305,306,307,308,309,310,312,313,314,315,347,350,354,355,356,357,:
312:23,301,302,303,305,306,307,308,309,310,311,313,345,346,347,349,350,354,355,356,357,:
313:301,305,306,307,308,310,311,312,:
314:302,303,304,305,306,307,308,309,310,311,315,316,317,318,:
315:300,302,303,304,305,306,307,308,309,310,311,314,316,317,:
316:302,303,304,307,308,309,314,315,317,318,333,334,335,357,:
317:308,309,314,315,316,318,319,320,:
318:314,316,317,319,320,321,324,326,:
319:317,318,320,321,322,323,324,325,326,:
320:317,318,319,321,322,323,324,325,326,:
321:318,319,320,322,323,324,325,326,:
322:319,320,321,323,324,325,441,:
323:319,320,321,322,324,:
324:318,319,320,321,322,323,325,326,439,441,:
325:319,320,321,322,324,326,467,468,469,:
326:318,319,320,321,324,325,467,468,469,474,:
327:328,329,330,331,332,333,334,336,337,:
328:295,299,304,327,329,330,331,332,333,334,336,:
329:304,327,328,330,331,332,333,334,335,336,337,338,:
330:302,304,327,328,329,331,332,333,334,335,336,337,338,339,341,:
331:299,300,302,303,304,327,328,329,330,332,333,334,335,336,337,338,341,:
332:304,327,328,329,330,331,333,334,335,336,337,440,:
333:302,303,304,316,327,328,329,330,331,332,334,335,336,337,440,441,:
334:299,300,302,303,304,316,327,328,329,330,331,332,333,335,:
335:302,303,304,316,329,330,331,332,333,334,336,337,339,349,350,357,439,440,441,:
336:327,328,329,330,331,332,333,335,337,338,339,340,341,342,349,350,440,:
337:327,329,330,331,332,333,335,336,338,339,340,341,349,440,:
338:329,330,331,336,337,339,340,341,342,343,349,350,351,:
339:330,335,336,337,338,340,341,342,343,346,349,350,351,352,353,354,440,:
340:67,336,337,338,339,341,342,349,350,351,352,353,435,436,440,:
341:330,331,336,337,338,339,340,342,343,344,349,350,:
342:55,61,336,338,339,340,341,343,344,345,346,347,349,350,353,:
343:55,142,338,339,341,342,344,345,346,347,348,349,350,:
344:55,73,75,136,142,167,168,341,342,343,345,346,347,348,353,:
345:55,56,166,167,168,312,342,343,344,346,347,348,349,350,352,353,355,356,:
346:23,54,55,56,167,168,312,339,342,343,344,345,347,348,349,350,351,352,353,354,355,356,358,:
347:142,166,167,168,311,312,342,343,344,345,346,348,349,350,352,353,355,356,:
348:23,24,56,57,75,78,79,163,166,167,168,343,344,345,346,347,352,353,355,356,:
349:303,312,335,336,337,338,339,340,341,342,343,345,346,347,350,351,352,353,354,355,356,357,358,359,440,:
350:302,303,311,312,335,336,338,339,340,341,342,343,345,346,347,349,351,352,353,354,355,356,357,:
351:338,339,340,346,349,350,352,353,354,355,356,357,358,359,360,426,440,:
352:22,23,34,67,339,340,345,346,347,348,349,350,351,353,354,355,356,357,358,359,360,361,362,426,:
353:23,53,54,55,56,59,60,168,339,340,342,344,345,346,347,348,349,350,351,352,354,355,356,358,359,360,:
354:22,23,34,311,312,339,346,349,350,351,352,353,355,356,357,358,359,426,:
355:22,23,24,34,303,310,311,312,345,346,347,348,349,350,351,352,353,354,356,357,358,359,:
356:22,23,24,34,167,168,311,312,345,346,347,348,349,350,351,352,353,354,355,357,358,359,:
357:303,309,311,312,316,335,349,350,351,352,354,355,356,440,:
358:22,23,34,346,349,351,352,353,354,355,356,359,360,361,362,363,364,423,425,426,:
359:22,34,349,351,352,353,354,355,356,358,360,361,362,363,422,423,424,425,426,427,433,:
360:21,22,23,34,51,52,56,60,351,352,353,358,359,361,362,363,364,365,423,:
361:21,22,34,52,352,358,359,360,362,363,364,365,366,368,369,370,422,423,:
362:22,34,352,358,359,360,361,363,364,365,368,370,415,416,422,423,424,425,426,427,:
363:20,21,22,33,34,49,52,358,359,360,361,362,364,365,366,367,368,369,370,371,372,:
364:18,19,20,21,22,33,34,49,51,52,58,358,360,361,362,363,365,366,367,368,369,370,371,:
365:21,33,34,360,361,362,363,364,366,367,368,369,370,371,372,373,408,:
366:33,49,50,361,363,364,365,367,368,369,370,371,372,373,374,408,:
367:13,19,29,33,49,50,264,265,266,363,364,365,366,368,369,370,371,372,373,:
368:21,22,33,34,361,362,363,364,365,366,367,369,370,371,372,408,461,:
369:19,20,21,22,29,33,34,361,363,364,365,366,367,368,370,371,372,:
370:18,19,20,21,22,23,24,33,34,361,362,363,364,365,366,367,368,369,:
371:50,363,364,365,366,367,368,369,372,373,374,375,376,377,408,409,:
372:363,365,366,367,368,369,371,373,374,375,376,404,405,406,407,408,409,:
373:27,50,263,365,366,367,371,372,374,375,376,377,378,380,:
374:28,263,366,371,372,373,375,376,377,378,379,380,381,405,:
375:371,372,373,374,376,377,378,379,380,385,399,400,404,405,408,:
376:10,28,263,371,372,373,374,375,377,378,379,380,381,382,383,385,405,:
377:6,10,25,28,262,263,273,274,371,373,374,375,376,378,379,380,381,382,383,:
378:28,373,374,375,376,377,379,380,381,382,383,384,385,386,387,400,405,446,:
379:374,375,376,377,378,380,381,382,385,386,387,388,390,391,393,399,400,404,405,410,446,:
380:284,373,374,375,376,377,378,379,381,385,386,387,388,389,390,399,400,404,405,406,409,410,411,:
381:25,274,374,376,377,378,379,380,382,383,384,385,386,393,446,453,:
382:6,10,25,28,376,377,378,379,381,383,384,386,448,451,453,:
383:6,10,25,28,376,377,378,381,382,384,386,446,453,:
384:3,6,25,378,381,382,383,448,451,452,453,:
385:375,376,378,379,380,381,386,387,388,389,390,391,393,399,400,405,444,445,446,:
386:378,379,380,381,382,383,385,387,388,390,391,393,399,400,444,445,446,448,:
387:378,379,380,385,386,388,389,390,391,392,393,399,400,401,405,446,:
388:379,380,385,386,387,389,390,391,399,400,401,402,403,404,405,410,:
389:380,385,387,388,390,399,400,401,402,403,404,405,406,410,411,:
390:283,379,380,385,386,387,388,389,391,392,393,394,395,399,:
391:283,379,385,386,387,388,390,392,393,394,395,396,444,:
392:387,390,391,393,394,395,396,397,442,443,444,:
393:274,282,283,287,379,381,385,386,387,390,391,392,394,395,396,397,398,:
394:390,391,392,393,395,396,397,398,442,443,444,:
395:287,390,391,392,393,394,396,397,398,444,447,448,:
396:391,392,393,394,395,397,398,442,444,447,:
397:392,393,394,395,396,398,447,:
398:292,393,394,395,396,397,:
399:375,379,380,385,386,387,388,389,390,400,401,402,403,404,405,:
400:375,378,379,380,385,386,387,388,389,399,401,402,404,405,446,:
401:387,388,389,399,400,402,403,404,405,406,:
402:388,389,399,400,401,403,404,405,406,407,408,409,413,419,420,:
403:388,389,399,401,402,404,405,406,407,408,413,414,418,419,420,:
404:372,375,379,380,388,389,399,400,401,402,403,405,406,407,408,409,410,411,412,413,414,420,:
405:372,374,375,376,378,379,380,385,387,388,389,399,400,401,402,403,404,406,407,408,409,410,411,:
406:372,380,389,401,402,403,404,405,407,408,409,410,411,412,413,414,415,420,:
407:372,402,403,404,405,406,408,409,410,412,413,414,415,416,418,419,420,:
408:365,366,368,371,372,375,402,403,404,405,406,407,409,412,413,414,415,418,419,420,461,:
409:371,372,380,402,404,405,406,407,408,410,411,412,413,414,:
410:284,379,380,388,389,404,405,406,407,409,411,412,:
411:284,380,389,404,405,406,409,410,412,:
412:50,404,406,407,408,409,410,411,413,414,428,429,430,431,:
413:402,403,404,406,407,408,409,412,414,415,416,417,418,419,420,421,422,423,429,:
414:403,404,406,407,408,409,412,413,415,416,417,418,419,420,422,429,:
415:362,406,407,408,413,414,416,417,418,419,420,421,422,423,424,:
416:362,407,413,414,415,417,418,419,420,421,422,423,424,425,427,428,429,:
417:413,414,415,416,418,421,422,423,424,427,428,429,:
418:403,407,408,413,414,415,416,417,419,420,421,422,423,:
419:402,403,407,408,413,414,415,416,418,420,421,456,457,459,460,461,:
420:402,403,404,406,407,408,413,414,415,416,418,419,421,456,461,:
421:413,415,416,417,418,419,420,422,423,462,463,464,468,:
422:359,361,362,413,414,415,416,417,418,421,423,424,425,426,427,428,429,433,434,:
423:358,359,360,361,362,413,415,416,417,418,421,422,424,425,426,427,428,429,:
424:359,362,415,416,417,422,423,425,426,427,428,429,430,433,434,435,:
425:358,359,362,416,422,423,424,426,427,428,433,434,435,436,438,:
426:351,352,354,358,359,362,422,423,424,425,427,433,434,435,438,:
427:67,359,362,416,417,422,423,424,425,426,428,429,430,431,432,433,434,:
428:412,416,417,422,423,424,425,427,429,430,431,432,:
429:412,413,414,416,417,422,423,424,427,428,430,431,432,:
430:37,38,39,412,424,427,428,429,431,432,:
431:35,37,38,39,44,50,412,427,428,429,430,432,:
432:37,38,39,44,46,49,50,60,66,427,428,429,430,431,:
433:359,422,424,425,426,427,434,435,436,437,438,439,:
434:422,424,425,426,427,433,435,436,437,438,:
435:340,424,425,426,433,434,436,437,438,439,440,441,:
436:340,425,433,434,435,437,438,439,440,:
437:433,434,435,436,438,:
438:425,426,433,434,435,436,437,439,440,441,:
439:324,335,433,435,436,438,440,441,:
440:332,333,335,336,337,339,340,349,351,357,435,436,438,439,441,:
441:322,324,333,335,435,438,439,440,:
442:392,394,396,443,444,445,446,447,448,:
443:392,394,442,444,445,447,:
444:385,386,391,392,394,395,396,442,443,445,446,447,448,449,:
445:385,386,442,443,444,446,447,448,:
446:378,379,381,383,385,386,387,400,442,444,445,447,448,:
447:395,396,397,442,443,444,445,446,448,449,450,451,:
448:382,384,386,395,442,444,445,446,447,449,450,451,452,453,:
449:444,447,448,450,451,452,453,:
450:447,448,449,451,452,453,:
451:382,384,447,448,449,450,452,453,:
452:384,448,449,450,451,453,:
453:381,382,383,384,448,449,450,451,452,:
454:455,456,457,458,459,460,461,:
455:454,456,457,458,459,460,461,:
456:419,420,454,455,457,458,459,460,461,:
457:419,454,455,456,458,459,460,461,462,463,:
458:454,455,456,457,459,463,:
459:419,454,455,456,457,458,460,461,:
460:419,454,455,456,457,459,461,:
461:368,408,419,420,454,455,456,457,459,460,:
462:421,457,463,464,465,466,467,468,:
463:421,457,458,462,464,465,467,468,471,:
464:421,462,463,465,466,467,468,469,:
465:462,463,464,466,467,468,:
466:462,464,465,467,:
467:325,326,462,463,464,465,466,468,469,470,471,:
468:325,326,421,462,463,464,465,467,469,470,471,472,474,:
469:325,326,464,467,468,470,471,472,473,474,475,476,:
470:467,468,469,471,472,473,474,475,476,477,478,:
471:463,467,468,469,470,472,473,474,476,477,478,:
472:468,469,470,471,473,474,475,476,477,478,:
473:469,470,471,472,474,475,476,477,478,:
474:309,326,468,469,470,471,472,473,475,476,478,:
475:469,470,472,473,474,476,477,478,:
476:469,470,471,472,473,474,475,477,478,:
477:470,471,472,473,475,476,478,:
478:470,471,472,473,474,475,476,477,:
