1:2,3,4,5,6,23,24,25,38,39,40,50,51,224,225,275,276,458,459,:
2:1,3,4,5,23,24,39,40,50,51,225,236,275,276,277,419,457,458,459,460,:
3:1,2,4,5,23,24,39,221,222,224,225,226,227,228,229,230,271,274,275,276,277,:
4:1,2,3,5,6,7,8,9,23,24,38,39,40,41,225,271,276,457,458,459,460,:
5:1,2,3,4,6,7,8,9,10,12,13,24,38,39,40,41,42,304,306,457,458,459,460,:
6:1,4,5,7,8,9,10,11,12,13,14,38,39,40,41,42,43,44,45,46,457,458,459,460,:
7:4,5,6,8,9,10,11,12,13,14,21,22,38,39,40,41,42,43,44,45,46,306,456,457,458,459,460,668,:
8:4,5,6,7,9,10,11,12,13,14,38,39,40,41,42,43,44,45,46,285,:
9:4,5,6,7,8,10,11,12,38,40,41,42,43,44,271,:
10:5,6,7,8,9,11,12,13,14,22,38,40,41,42,43,44,45,46,633,668,:
11:6,7,8,9,10,12,13,40,41,42,43,44,45,633,662,663,665,666,667,668,:
12:5,6,7,8,9,10,11,13,14,15,16,21,22,38,39,40,41,42,43,44,45,46,458,668,:
13:5,6,7,8,10,11,12,14,15,16,17,20,21,22,38,41,43,45,46,304,306,309,634,:
14:6,7,8,10,12,13,15,16,17,21,22,38,41,43,45,46,285,294,304,308,309,:
15:12,13,14,16,17,18,19,21,22,46,48,294,295,300,304,306,308,309,310,313,:
16:12,13,14,15,17,18,19,20,21,22,45,46,47,48,49,300,304,305,306,307,309,634,:
17:13,14,15,16,18,19,20,21,22,47,48,49,303,305,307,309,572,573,574,634,:
18:15,16,17,19,20,22,47,48,301,303,305,309,312,313,571,572,573,574,575,:
19:15,16,17,18,20,21,22,47,48,49,305,307,571,572,573,574,:
20:13,16,17,18,19,21,22,47,49,452,572,674,:
21:7,12,13,14,15,16,17,19,20,22,45,49,455,634,:
22:7,10,12,13,14,15,16,17,18,19,20,21,38,45,46,49,304,306,307,634,:
23:1,2,3,4,24,25,26,27,50,51,52,53,55,225,478,481,482,485,:
24:1,2,3,4,5,23,25,26,38,39,50,51,52,53,221,222,224,225,459,:
25:1,23,24,26,27,28,50,51,52,53,54,55,56,57,221,479,481,:
26:23,24,25,27,28,29,50,51,52,53,54,55,56,57,58,63,64,206,221,479,480,:
27:23,25,26,28,29,30,36,37,52,53,54,55,56,57,58,63,64,479,480,481,541,552,:
28:25,26,27,29,30,31,32,34,36,37,52,53,54,55,56,57,58,63,64,206,298,299,300,:
29:26,27,28,30,31,32,33,34,36,37,53,54,55,56,57,58,59,60,61,63,64,173,540,542,545,551,:
30:27,28,29,31,32,33,34,36,37,56,57,58,59,60,61,62,63,64,172,173,174,299,301,302,363,551,553,:
31:28,29,30,32,33,34,36,37,58,59,60,61,62,64,97,98,171,172,173,362,363,366,378,542,543,545,546,:
32:28,29,30,31,33,34,35,36,37,57,58,59,60,61,62,63,64,97,98,101,111,171,173,366,377,378,539,543,:
33:29,30,31,32,34,35,36,37,57,59,60,61,62,63,64,89,90,92,97,98,100,101,105,111,170,171,172,173,378,:
34:28,29,30,31,32,33,35,36,37,57,60,61,62,63,64,89,90,101,105,171,172,173,202,203,206,:
35:32,33,34,36,37,57,62,63,88,89,90,101,171,172,173,199,200,202,203,204,206,:
36:27,28,29,30,31,32,33,34,35,37,53,54,56,57,58,61,62,63,64,173,203,205,206,:
37:27,28,29,30,31,32,33,34,35,36,53,54,56,57,58,59,60,61,62,63,64,173,206,539,540,:
38:1,4,5,6,7,8,9,10,12,13,14,22,24,39,40,41,46,285,300,304,306,457,458,459,:
39:1,2,3,4,5,6,7,8,12,24,38,40,41,51,304,306,455,456,457,458,459,460,:
40:1,2,4,5,6,7,8,9,10,11,12,38,39,41,42,43,44,45,457,458,459,460,:
41:4,5,6,7,8,9,10,11,12,13,14,38,39,40,42,43,44,45,46,284,285,:
42:5,6,7,8,9,10,11,12,40,41,43,44,271,668,:
43:6,7,8,9,10,11,12,13,14,40,41,42,44,45,46,633,668,:
44:6,7,8,9,10,11,12,40,41,42,43,45,663,665,666,668,:
45:6,7,8,10,11,12,13,14,16,21,22,40,41,43,44,46,458,631,633,666,667,668,:
46:6,7,8,10,12,13,14,15,16,22,38,41,43,45,284,285,292,294,308,309,:
47:16,17,18,19,20,48,305,312,361,571,572,573,574,575,594,595,596,:
48:15,16,17,18,19,47,300,301,302,303,305,308,309,310,311,312,313,573,574,:
49:16,17,19,20,21,22,450,451,452,453,454,455,572,671,674,676,:
50:1,2,23,24,25,26,51,52,53,225,230,231,481,482,484,485,:
51:1,2,23,24,25,26,39,50,52,53,55,404,419,459,478,479,481,482,:
52:23,24,25,26,27,28,50,51,53,54,55,56,57,304,306,478,479,480,481,482,483,:
53:23,24,25,26,27,28,29,36,37,50,51,52,54,55,56,57,63,64,205,206,219,221,222,501,:
54:25,26,27,28,29,36,37,52,53,55,56,57,58,63,64,479,480,481,483,484,493,494,540,541,552,:
55:23,25,26,27,28,29,51,52,53,54,56,57,58,476,477,478,479,480,481,483,551,552,553,:
56:25,26,27,28,29,30,36,37,52,53,54,55,57,58,63,64,297,298,299,300,301,302,303,304,:
57:25,26,27,28,29,30,32,33,34,35,36,37,52,53,54,55,56,58,63,64,205,206,221,297,298,:
58:26,27,28,29,30,31,32,36,37,54,55,56,57,59,60,61,63,64,480,539,540,541,542,543,544,545,546,551,552,553,:
59:29,30,31,32,33,37,58,60,61,62,64,97,98,349,362,363,364,365,366,539,540,542,543,544,545,546,551,:
60:29,30,31,32,33,34,37,58,59,61,62,97,98,170,171,172,173,348,349,351,362,363,364,365,366,378,546,:
61:29,30,31,32,33,34,36,37,58,59,60,62,64,97,98,101,105,109,110,111,365,366,377,378,539,540,542,543,:
62:30,31,32,33,34,35,36,37,59,60,61,86,89,90,91,92,93,94,96,97,98,100,101,105,111,170,171,172,173,377,378,:
63:26,27,28,29,30,32,33,34,35,36,37,53,54,56,57,58,64,173,202,203,204,205,206,219,:
64:26,27,28,29,30,31,32,33,34,36,37,53,54,56,57,58,59,61,63,111,539,540,541,542,:
65:66,67,68,69,70,71,72,74,75,161,:
66:65,67,68,69,70,72,74,161,162,165,176,:
67:65,66,68,69,70,71,72,73,74,75,76,:
68:65,66,67,69,70,71,72,74,75,76,77,78,79,83,84,176,181,:
69:65,66,67,68,70,72,74,75,76,77,78,83,84,165,166,168,175,176,181,182,185,:
70:65,66,67,68,69,71,72,73,74,75,84,161,:
71:65,67,68,70,72,73,74,75,84,:
72:65,66,67,68,69,70,71,73,74,75,83,84,86,160,161,:
73:67,70,71,72,75,84,87,126,:
74:65,66,67,68,69,70,71,72,75,76,77,78,79,80,81,83,84,176,181,182,:
75:65,67,68,69,70,71,72,73,74,76,77,79,80,81,82,83,84,:
76:67,68,69,74,75,77,78,79,80,81,82,83,84,85,176,181,182,185,:
77:68,69,74,75,76,78,79,80,81,83,84,85,86,88,176,182,184,185,189,:
78:68,69,74,76,77,79,83,84,85,88,168,175,176,178,182,184,185,186,187,188,189,197,198,:
79:68,74,75,76,77,78,80,81,82,83,84,182,:
80:74,75,76,77,79,81,82,83,84,119,:
81:74,75,76,77,79,80,82,83,84,85,87,119,:
82:75,76,79,80,81,119,:
83:68,69,72,74,75,76,77,78,79,80,81,84,85,86,87,88,89,91,92,:
84:68,69,70,71,72,73,74,75,76,77,78,79,80,81,83,85,86,87,88,91,:
85:76,77,78,81,83,84,86,87,88,89,90,91,92,93,101,113,170,171,:
86:62,72,77,83,84,85,87,88,89,90,91,92,93,94,95,96,100,101,113,122,171,:
87:73,81,83,84,85,86,88,89,91,92,93,94,95,100,101,112,113,114,115,117,121,122,123,126,:
88:35,77,78,83,84,85,86,87,89,90,91,92,101,113,118,119,171,188,:
89:33,34,35,62,83,85,86,87,88,90,91,92,100,101,102,105,112,113,171,:
90:33,34,35,62,85,86,88,89,100,101,102,105,112,113,118,203,:
91:62,83,84,85,86,87,88,89,92,93,94,95,96,97,98,99,100,101,122,170,171,:
92:33,62,83,85,86,87,88,89,91,93,94,96,97,98,99,100,101,169,170,171,172,:
93:62,85,86,87,91,92,94,95,96,97,98,99,100,101,102,122,171,377,378,:
94:62,86,87,91,92,93,95,96,97,98,99,100,101,102,103,105,111,112,113,121,122,127,128,376,377,378,:
95:86,87,91,93,94,96,97,98,100,101,102,103,104,112,121,122,123,124,126,127,128,129,132,376,377,378,:
96:62,86,91,92,93,94,95,97,98,99,100,101,150,153,171,371,372,376,377,378,:
97:31,32,33,59,60,61,62,91,92,93,94,95,96,98,99,100,101,111,171,362,364,365,366,371,372,376,377,378,:
98:31,32,33,59,60,61,62,91,92,93,94,95,96,97,99,100,101,102,105,111,171,365,366,371,372,373,376,377,378,:
99:91,92,93,94,96,97,98,150,153,155,156,160,171,349,350,378,:
100:33,62,86,87,89,90,91,92,93,94,95,96,97,98,101,102,103,104,105,106,111,112,113,122,128,377,378,:
101:32,33,34,35,61,62,85,86,87,88,89,90,91,92,93,94,95,96,97,98,100,102,103,105,111,112,113,171,377,378,:
102:89,90,93,94,95,98,100,101,103,104,105,106,107,109,111,112,113,114,122,128,377,378,:
103:94,95,100,101,102,104,105,106,112,113,114,115,116,117,121,122,127,128,134,:
104:95,100,102,103,105,106,112,113,114,115,116,121,122,127,128,129,130,133,134,135,138,139,140,:
105:33,34,61,62,89,90,94,98,100,101,102,103,104,106,107,108,109,110,111,112,113,377,:
106:100,102,103,104,105,107,108,109,110,111,143,519,:
107:102,105,106,108,109,110,111,377,519,528,537,538,:
108:105,106,107,109,110,111,517,518,519,525,528,537,538,:
109:61,102,105,106,107,108,110,111,376,377,378,528,533,537,538,539,:
110:61,105,106,107,108,109,111,373,376,377,378,380,524,525,528,530,532,533,534,537,538,539,:
111:32,33,61,62,64,94,97,98,100,101,102,105,106,107,108,109,110,373,376,377,378,539,:
112:87,89,90,94,95,100,101,102,103,104,105,113,114,115,116,117,118,120,121,122,128,134,:
113:85,86,87,88,89,90,94,100,101,102,103,104,105,112,114,115,117,118,119,120,121,122,:
114:87,102,103,104,112,113,115,116,117,118,119,120,121,122,123,128,134,:
115:87,103,104,112,113,114,116,117,118,121,122,123,124,125,126,127,128,133,134,:
116:103,104,112,114,115,117,121,122,123,124,125,127,128,130,133,134,135,136,138,:
117:87,103,112,113,114,115,116,118,119,120,121,122,:
118:88,90,112,113,114,115,117,119,120,:
119:80,81,82,88,113,114,117,118,120,:
120:112,113,114,117,118,119,:
121:87,94,95,103,104,112,113,114,115,116,117,122,123,124,125,126,127,128,134,:
122:86,87,91,93,94,95,100,102,103,104,112,113,114,115,116,117,121,123,124,126,127,128,:
123:87,95,114,115,116,121,122,124,125,126,127,128,129,:
124:95,115,116,121,122,123,125,126,127,128,129,130,131,132,133,134,154,:
125:115,116,121,123,124,126,127,128,129,130,131,133,134,:
126:73,87,95,115,121,122,123,124,125,127,128,154,:
127:94,95,103,104,115,116,121,122,123,124,125,126,128,129,130,131,132,133,134,154,:
128:94,95,100,102,103,104,112,114,115,116,121,122,123,124,125,126,127,129,130,132,133,134,154,:
129:95,104,123,124,125,127,128,130,131,132,133,134,135,154,:
130:104,116,124,125,127,128,129,131,132,133,134,135,136,137,138,:
131:124,125,127,129,130,132,133,134,135,136,137,:
132:95,124,127,128,129,130,131,133,134,376,:
133:104,115,116,124,125,127,128,129,130,131,132,134,135,136,137,138,139,:
134:103,104,112,114,115,116,121,124,125,127,128,129,130,131,132,133,135,136,138,139,140,:
135:104,116,129,130,131,133,134,136,137,138,139,140,:
136:116,130,131,133,134,135,137,138,139,:
137:130,131,133,135,136,138,:
138:104,116,130,133,134,135,136,137,139,140,141,:
139:104,133,134,135,136,138,140,141,142,:
140:104,134,135,138,139,141,142,143,144,145,:
141:138,139,140,142,143,144,145,519,:
142:139,140,141,143,144,145,518,519,520,:
143:106,140,141,142,144,145,519,:
144:140,141,142,143,145,519,:
145:140,141,142,143,144,517,518,519,520,:
146:147,148,149,150,151,152,153,372,375,:
147:146,148,149,150,151,152,371,372,373,374,375,:
148:146,147,149,150,151,152,153,154,372,375,:
149:146,147,148,150,151,152,153,372,:
150:96,99,146,147,148,149,151,153,350,364,365,367,368,371,372,375,:
151:146,147,148,149,150,152,153,154,372,:
152:146,147,148,149,151,153,154,:
153:96,99,146,148,149,150,151,152,154,:
154:124,126,127,128,129,148,151,152,153,:
155:99,156,157,158,159,160,161,162,350,:
156:99,155,157,158,159,160,347,349,350,:
157:155,156,158,159,160,161,162,:
158:155,156,157,159,160,161,162,:
159:155,156,157,158,160,161,162,347,350,351,352,353,:
160:72,99,155,156,157,158,159,161,162,:
161:65,66,70,72,155,157,158,159,160,162,:
162:66,155,157,158,159,160,161,:
163:164,165,166,167,168,169,175,176,320,321,:
164:163,165,166,167,168,169,175,318,319,320,321,322,:
165:66,69,163,164,166,167,168,169,170,175,176,177,185,:
166:69,163,164,165,167,168,169,175,176,177,178,180,183,184,185,198,:
167:163,164,165,166,168,175,176,177,178,184,185,198,321,:
168:69,78,163,164,165,166,167,169,170,171,172,174,175,176,185,198,321,322,:
169:92,163,164,165,166,168,170,171,172,173,174,321,322,:
170:33,60,62,85,91,92,165,168,169,171,172,173,174,322,351,:
171:31,32,33,34,35,60,62,85,86,88,89,91,92,93,96,97,98,99,101,168,169,170,172,173,174,:
172:30,31,33,34,35,60,62,92,168,169,170,171,173,174,199,321,322,323,351,:
173:29,30,31,32,33,34,35,36,37,60,62,63,169,170,171,172,174,199,322,323,:
174:30,168,169,170,171,172,173,199,299,321,322,323,351,352,:
175:69,78,163,164,165,166,167,168,176,177,178,179,180,181,182,183,184,185,198,:
176:66,68,69,74,76,77,78,163,165,166,167,168,175,177,178,180,181,182,183,184,185,:
177:165,166,167,175,176,178,179,180,181,182,183,184,185,186,198,:
178:78,166,167,175,176,177,179,180,181,182,183,184,185,186,187,189,197,198,:
179:175,177,178,180,181,182,184,185,186,189,198,:
180:166,175,176,177,178,179,181,182,183,184,185,:
181:68,69,74,76,175,176,177,178,179,180,182,183,184,185,:
182:69,74,76,77,78,79,175,176,177,178,179,180,181,183,184,185,186,189,:
183:166,175,176,177,178,180,181,182,:
184:77,78,166,167,175,176,177,178,179,180,181,182,185,186,187,188,189,190,197,198,:
185:69,76,77,78,165,166,167,168,175,176,177,178,179,180,181,182,184,186,187,188,189,197,198,:
186:78,177,178,179,182,184,185,187,188,189,190,191,197,198,199,213,214,215,:
187:78,178,184,185,186,188,189,190,197,198,199,200,201,202,213,214,215,:
188:78,88,184,185,186,187,189,190,197,198,199,200,201,202,203,208,213,214,:
189:77,78,178,179,182,184,185,186,187,188,190,191,192,197,198,:
190:184,186,187,188,189,191,192,193,212,213,215,216,217,218,:
191:186,189,190,192,193,194,195,196,:
192:189,190,191,193,194,195,196,216,217,:
193:190,191,192,194,195,196,:
194:191,192,193,195,196,:
195:191,192,193,194,196,:
196:191,192,193,194,195,:
197:78,178,184,185,186,187,188,189,198,199,200,201,202,203,213,214,215,:
198:78,166,167,168,175,177,178,179,184,185,186,187,188,189,197,199,200,201,214,215,296,323,:
199:35,172,173,174,186,187,188,197,198,200,201,202,203,204,214,293,296,323,:
200:35,187,188,197,198,199,201,202,203,204,205,207,208,209,213,214,292,293,296,297,:
201:187,188,197,198,199,200,202,203,204,207,208,209,212,213,214,215,283,284,292,293,294,296,297,:
202:34,35,63,187,188,197,199,200,201,203,204,205,206,207,208,209,214,219,220,293,297,:
203:34,35,36,63,90,188,197,199,200,201,202,204,205,206,207,208,219,:
204:35,63,199,200,201,202,203,205,206,207,208,209,214,219,220,221,268,293,:
205:36,53,57,63,200,202,203,204,206,207,208,219,220,221,222,223,268,297,:
206:26,28,34,35,36,37,53,57,63,202,203,204,205,207,219,220,221,222,223,:
207:200,201,202,203,204,205,206,208,209,210,219,220,263,268,:
208:188,200,201,202,203,204,205,207,209,210,211,212,213,214,261,262,263,:
209:200,201,202,204,207,208,210,211,212,213,214,215,216,257,261,262,263,268,:
210:207,208,209,211,212,213,214,215,216,217,218,261,262,263,:
211:208,209,210,212,213,214,216,217,218,259,260,261,262,263,:
212:190,201,208,209,210,211,213,214,215,216,217,218,:
213:186,187,188,190,197,200,201,208,209,210,211,212,214,215,216,217,218,293,:
214:186,187,188,197,198,199,200,201,202,204,208,209,210,211,212,213,215,216,218,283,293,:
215:186,187,190,197,198,201,209,210,212,213,214,216,217,218,288,:
216:190,192,209,210,211,212,213,214,215,217,218,:
217:190,192,210,211,212,213,215,216,218,:
218:190,210,211,212,213,214,215,216,217,:
219:53,63,202,203,204,205,206,207,220,221,222,223,224,225,267,268,297,:
220:202,204,205,206,207,219,221,222,223,224,225,264,265,266,267,268,269,281,283,284,285,292,293,297,:
221:3,24,25,26,53,57,204,205,206,219,220,222,223,224,225,226,268,:
222:3,24,53,205,206,219,220,221,223,224,225,226,227,228,229,230,265,501,:
223:205,206,219,220,221,222,224,225,226,227,228,254,265,501,:
224:1,3,24,219,220,221,222,223,225,226,227,228,229,230,241,242,265,276,:
225:1,2,3,4,23,24,50,219,220,221,222,223,224,226,227,228,229,230,265,276,:
226:3,221,222,223,224,225,227,228,229,230,231,241,242,243,254,265,:
227:3,222,223,224,225,226,228,229,230,241,242,243,244,245,246,247,249,253,254,264,265,:
228:3,222,223,224,225,226,227,229,241,242,243,244,245,246,247,249,253,254,255,256,264,265,266,269,270,271,276,:
229:3,222,224,225,226,227,228,230,231,232,233,241,242,249,251,275,276,277,726,:
230:3,50,222,224,225,226,227,229,231,232,233,234,236,500,726,:
231:50,226,229,230,232,233,234,235,236,237,238,405,406,408,410,:
232:229,230,231,233,234,235,236,237,238,239,240,406,408,409,410,725,726,727,:
233:229,230,231,232,234,235,236,238,239,240,408,409,725,726,727,:
234:230,231,232,233,235,236,237,238,239,240,408,409,410,726,727,:
235:231,232,233,234,236,237,238,239,240,277,408,409,410,697,:
236:2,230,231,232,233,234,235,237,238,240,277,405,406,408,410,:
237:231,232,234,235,236,238,239,240,408,410,692,694,697,702,:
238:231,232,233,234,235,236,237,239,240,251,408,409,410,725,726,727,:
239:232,233,234,235,237,238,240,251,252,409,410,725,726,727,:
240:232,233,234,235,236,237,238,239,410,692,693,694,697,727,:
241:224,226,227,228,229,242,243,244,245,246,247,248,249,253,254,265,:
242:224,226,227,228,229,241,243,244,246,247,248,249,253,254,:
243:226,227,228,241,242,244,245,246,247,248,249,253,254,255,265,:
244:227,228,241,242,243,245,246,247,253,254,255,256,258,264,265,:
245:227,228,241,243,244,246,253,254,255,256,257,258,264,265,:
246:227,228,241,242,243,244,245,247,248,249,250,251,253,:
247:227,228,241,242,243,244,246,248,249,250,251,252,:
248:241,242,243,246,247,249,250,251,252,:
249:227,228,229,241,242,243,246,247,248,250,251,252,274,275,277,278,280,:
250:246,247,248,249,251,252,724,725,:
251:229,238,239,246,247,248,249,250,252,277,280,698,699,700,726,:
252:239,247,248,249,250,251,724,725,726,727,:
253:227,228,241,242,243,244,245,246,254,255,256,257,258,259,263,264,265,:
254:223,226,227,228,241,242,243,244,245,253,255,256,258,263,264,265,:
255:228,243,244,245,253,254,256,257,258,259,260,261,262,263,264,265,266,:
256:228,244,245,253,254,255,257,258,259,260,261,263,264,265,266,267,268,269,:
257:209,245,253,255,256,258,259,260,261,262,263,264,265,266,267,268,281,:
258:244,245,253,254,255,256,257,259,260,261,262,263,264,265,:
259:211,253,255,256,257,258,260,261,262,263,:
260:211,255,256,257,258,259,261,262,263,:
261:208,209,210,211,255,256,257,258,259,260,262,263,:
262:208,209,210,211,255,257,258,259,260,261,263,:
263:207,208,209,210,211,253,254,255,256,257,258,259,260,261,262,:
264:220,227,228,244,245,253,254,255,256,257,258,265,266,267,268,269,270,281,282,:
265:220,222,223,224,225,226,227,228,241,243,244,245,253,254,255,256,257,258,264,266,267,268,269,270,:
266:220,228,255,256,257,264,265,267,268,269,270,271,281,282,283,:
267:219,220,256,257,264,265,266,268,269,270,281,282,283,284,285,286,:
268:204,205,207,209,219,220,221,256,257,264,265,266,267,269,281,282,283,284,285,292,293,:
269:220,228,256,264,265,266,267,268,270,271,272,281,282,:
270:228,264,265,266,267,269,271,272,273,274,276,:
271:3,4,9,42,228,266,269,270,272,273,274,275,276,278,279,:
272:269,270,271,273,274,275,276,277,278,279,280,:
273:270,271,272,274,275,276,278,279,280,:
274:3,249,270,271,272,273,275,276,277,278,279,280,700,:
275:1,2,3,229,249,271,272,273,274,276,277,278,279,280,700,:
276:1,2,3,4,224,225,228,229,270,271,272,273,274,275,277,278,280,:
277:2,3,229,235,236,249,251,272,274,275,276,278,279,280,697,698,700,:
278:249,271,272,273,274,275,276,277,279,280,698,700,:
279:271,272,273,274,275,277,278,280,700,:
280:249,251,272,273,274,275,276,277,278,279,697,698,699,700,:
281:220,257,264,266,267,268,269,282,283,284,285,286,287,292,293,:
282:264,266,267,268,269,281,283,284,285,286,287,:
283:201,214,220,266,267,268,281,282,284,285,286,287,288,289,292,293,294,:
284:41,46,201,220,267,268,281,282,283,285,286,287,288,289,292,293,294,295,297,:
285:8,14,38,41,46,220,267,268,281,282,283,284,286,287,289,292,293,294,295,297,309,:
286:267,281,282,283,284,285,287,288,289,290,291,292,293,:
287:281,282,283,284,285,286,288,289,290,291,292,293,:
288:215,283,284,286,287,289,290,291,292,293,:
289:283,284,285,286,287,288,290,291,292,:
290:286,287,288,289,291,:
291:286,287,288,289,290,308,310,:
292:46,200,201,220,268,281,283,284,285,286,287,288,289,293,294,295,296,297,298,308,309,:
293:199,200,201,202,204,213,214,220,268,281,283,284,285,286,287,288,292,294,295,296,297,308,:
294:14,15,46,201,283,284,285,292,293,295,296,297,298,299,300,304,308,309,310,:
295:15,284,285,292,293,294,296,297,298,299,300,308,309,310,311,312,313,316,317,323,:
296:198,199,200,201,292,293,294,295,297,298,299,308,309,310,311,312,316,317,321,322,323,:
297:56,57,200,201,202,205,219,220,284,285,292,293,294,295,296,298,299,300,301,303,304,308,309,:
298:28,56,57,292,294,295,296,297,299,300,301,302,303,304,305,306,308,309,:
299:28,30,56,174,294,295,296,297,298,300,301,302,303,304,305,308,309,311,312,322,323,:
300:15,16,28,38,48,56,294,295,297,298,299,301,302,303,304,305,306,307,308,309,:
301:18,30,48,56,297,298,299,300,302,303,304,305,307,312,358,360,:
302:30,48,56,298,299,300,301,303,305,312,354,358,360,361,553,:
303:17,18,48,56,297,298,299,300,301,302,304,305,306,307,:
304:5,13,14,15,16,22,38,39,52,56,294,297,298,299,300,301,303,305,306,307,309,:
305:16,17,18,19,47,48,298,299,300,301,302,303,304,306,307,476,477,555,574,:
306:5,7,13,15,16,22,38,39,52,298,300,303,304,305,307,458,:
307:16,17,19,22,300,301,303,304,305,306,476,477,478,:
308:14,15,46,48,291,292,293,294,295,296,297,298,299,300,309,310,311,312,313,314,316,317,323,:
309:13,14,15,16,17,18,46,48,285,292,294,295,296,297,298,299,300,304,308,310,311,312,313,314,:
310:15,48,291,294,295,296,308,309,311,312,313,314,315,316,317,318,323,:
311:48,295,296,299,308,309,310,312,313,314,315,316,317,318,319,321,322,323,324,325,:
312:18,47,48,295,296,299,301,302,308,309,310,311,313,314,316,317,318,319,321,322,323,325,361,:
313:15,18,48,295,308,309,310,311,312,314,315,316,317,:
314:308,309,310,311,312,313,315,316,317,:
315:310,311,313,314,610,:
316:295,296,308,310,311,312,313,314,317,318,319,320,321,322,323,324,325,:
317:295,296,308,310,311,312,313,314,316,318,319,320,321,322,323,324,325,:
318:164,310,311,312,316,317,319,320,321,322,323,324,325,326,355,357,359,:
319:164,311,312,316,317,318,320,321,322,324,325,326,327,328,329,355,356,357,359,:
320:163,164,316,317,318,319,321,324,325,326,327,328,355,356,:
321:163,164,167,168,169,172,174,296,311,312,316,317,318,319,320,322,323,324,355,357,:
322:164,168,169,170,172,173,174,296,299,311,312,316,317,318,319,321,323,:
323:172,173,174,198,199,295,296,299,308,310,311,312,316,317,318,321,322,:
324:311,316,317,318,319,320,321,325,326,327,328,329,330,331,356,359,:
325:311,312,316,317,318,319,320,324,326,327,328,329,330,331,359,596,:
326:318,319,320,324,325,327,328,329,330,331,356,:
327:319,320,324,325,326,328,329,330,356,:
328:319,320,324,325,326,327,329,333,355,356,357,359,:
329:319,324,325,326,327,328,330,331,:
330:324,325,326,327,329,331,:
331:324,325,326,329,330,:
332:333,334,335,336,337,338,356,357,359,577,:
333:328,332,334,335,336,337,355,356,357,359,:
334:332,333,335,336,337,338,339,357,359,361,560,576,577,581,582,:
335:332,333,334,336,337,338,339,340,341,342,346,347,354,357,359,560,582,583,:
336:332,333,334,335,337,338,339,340,346,347,353,355,356,357,:
337:332,333,334,335,336,338,339,340,341,342,343,346,347,557,559,560,582,583,:
338:332,334,335,336,337,339,340,341,342,343,556,557,558,559,560,561,582,583,584,:
339:334,335,336,337,338,340,341,342,343,344,345,346,347,348,557,560,:
340:335,336,337,338,339,341,342,343,345,346,347,348,349,351,352,354,358,362,363,556,557,:
341:335,337,338,339,340,342,343,345,346,347,348,349,354,358,360,363,546,553,554,556,557,558,560,:
342:335,337,338,339,340,341,343,344,345,346,347,557,:
343:337,338,339,340,341,342,344,345,346,347,:
344:339,342,343,345,:
345:339,340,341,342,343,344,367,370,546,:
346:335,336,337,339,340,341,342,343,347,348,349,350,351,352,353,354,358,362,363,:
347:156,159,335,336,337,339,340,341,342,343,346,348,349,350,351,352,353,354,362,:
348:60,339,340,341,346,347,349,350,351,352,353,354,358,362,363,364,546,:
349:59,60,99,156,340,341,346,347,348,350,351,352,362,363,364,365,367,546,:
350:99,150,155,156,159,346,347,348,349,351,362,363,364,367,:
351:60,159,170,172,174,340,346,347,348,349,350,352,353,354,355,357,358,362,363,:
352:159,174,340,346,347,348,349,351,353,354,355,356,357,358,359,360,:
353:159,336,346,347,348,351,352,354,355,356,357,358,359,:
354:302,335,340,341,346,347,348,351,352,353,355,356,357,358,359,360,361,:
355:318,319,320,321,328,333,336,351,352,353,354,356,357,358,359,361,:
356:319,320,324,326,327,328,332,333,336,352,353,354,355,357,359,:
357:318,319,321,328,332,333,334,335,336,351,352,353,354,355,356,358,359,360,361,:
358:301,302,340,341,346,348,351,352,353,354,355,357,359,360,361,553,556,557,:
359:318,319,324,325,328,332,333,334,335,352,353,354,355,356,357,358,360,361,575,595,:
360:301,302,341,352,354,357,358,359,361,556,557,559,560,573,574,575,:
361:47,302,312,334,354,355,357,358,359,360,560,573,574,575,595,:
362:31,59,60,97,340,346,347,348,349,350,351,363,364,365,366,367,368,371,372,543,546,:
363:30,31,59,60,340,341,346,348,349,350,351,362,364,365,366,367,371,542,543,545,546,:
364:59,60,97,150,348,349,350,362,363,365,366,367,368,371,372,373,378,543,546,:
365:59,60,61,97,98,150,349,362,363,364,366,367,368,371,372,373,374,376,377,378,542,543,546,:
366:31,32,59,60,61,97,98,362,363,364,365,367,368,371,372,373,374,376,377,378,534,539,540,542,543,544,545,546,:
367:150,345,349,350,362,363,364,365,366,368,369,370,371,372,546,:
368:150,362,364,365,366,367,369,370,371,372,:
369:367,368,370,:
370:345,367,368,369,:
371:96,97,98,147,150,362,363,364,365,366,367,368,372,373,374,375,376,377,378,379,380,543,:
372:96,97,98,146,147,148,149,150,151,362,364,365,366,367,368,371,373,374,375,376,377,378,:
373:98,110,111,147,364,365,366,371,372,374,375,376,377,378,379,380,381,534,543,:
374:147,365,366,371,372,373,375,376,377,379,380,381,382,383,384,386,534,:
375:146,147,148,150,371,372,373,374,376,379,380,381,382,384,386,:
376:94,95,96,97,98,109,110,111,132,365,366,371,372,373,374,375,377,378,379,380,:
377:32,61,62,93,94,95,96,97,98,100,101,102,105,107,109,110,111,365,366,371,372,373,374,376,378,:
378:31,32,33,60,61,62,93,94,95,96,97,98,99,100,101,102,109,110,111,364,365,366,371,372,373,376,377,:
379:371,373,374,375,376,380,381,382,383,384,385,386,531,533,534,:
380:110,371,373,374,375,376,379,381,382,383,384,386,530,531,532,533,534,535,537,:
381:373,374,375,379,380,382,383,384,385,386,531,534,:
382:374,375,379,380,381,383,384,385,386,530,531,:
383:374,379,380,381,382,384,385,523,524,530,531,532,534,:
384:374,375,379,380,381,382,383,385,386,531,534,:
385:379,381,382,383,384,386,:
386:374,375,379,380,381,382,384,385,:
387:388,389,390,391,392,393,414,415,:
388:387,389,390,391,392,412,413,414,415,420,422,430,:
389:387,388,390,391,392,393,394,412,415,:
390:387,388,389,391,392,393,401,412,415,:
391:387,388,389,390,392,393,400,401,411,412,415,418,:
392:387,388,389,390,391,393,394,395,415,436,438,:
393:387,389,390,391,392,394,395,396,397,398,:
394:389,392,393,395,396,397,398,399,438,440,441,442,:
395:392,393,394,396,397,398,399,418,442,704,705,:
396:393,394,395,397,398,399,441,442,704,705,:
397:393,394,395,396,398,399,441,442,704,705,710,712,713,:
398:393,394,395,396,397,399,438,440,441,442,705,:
399:394,395,396,397,398,441,442,704,705,710,712,:
400:391,401,402,403,404,405,406,407,408,410,411,412,:
401:390,391,400,402,403,405,406,408,410,411,412,418,:
402:400,401,403,404,405,406,407,408,410,411,412,413,418,482,485,492,:
403:400,401,402,404,405,406,411,412,413,414,415,416,417,418,419,482,488,490,:
404:51,400,402,403,405,411,412,413,416,417,418,419,478,479,481,482,485,488,490,:
405:231,236,400,401,402,403,404,406,407,408,409,410,411,412,418,485,:
406:231,232,236,400,401,402,403,405,407,408,409,410,485,:
407:400,402,405,406,408,409,410,484,485,495,503,:
408:231,232,233,234,235,236,237,238,400,401,402,405,406,407,409,410,:
409:232,233,234,235,238,239,405,406,407,408,410,:
410:231,232,234,235,236,237,238,239,240,400,401,402,405,406,407,408,409,:
411:391,400,401,402,403,404,405,412,413,414,415,416,417,418,419,420,421,490,:
412:388,389,390,391,400,401,402,403,404,405,411,413,414,415,416,417,418,:
413:388,402,403,404,411,412,414,415,416,417,418,419,420,421,422,473,:
414:387,388,403,411,412,413,415,416,417,420,421,422,423,424,425,426,428,473,:
415:387,388,389,390,391,392,403,411,412,413,414,416,420,421,422,423,425,426,428,:
416:403,404,411,412,413,414,415,417,418,419,420,421,438,473,:
417:403,404,411,412,413,414,416,418,419,456,457,459,460,:
418:391,395,401,402,403,404,405,411,412,413,416,417,419,459,:
419:2,51,403,404,411,413,416,417,418,455,456,457,458,459,460,478,:
420:388,411,413,414,415,416,421,422,423,424,425,426,427,428,429,430,470,473,:
421:411,413,414,415,416,420,422,423,424,425,426,429,469,470,471,472,473,474,:
422:388,413,414,415,420,421,423,424,425,426,427,428,429,430,431,470,473,:
423:414,415,420,421,422,424,425,426,427,429,430,431,432,433,434,435,436,461,462,467,470,:
424:414,420,421,422,423,425,427,429,430,431,432,434,436,450,451,454,461,462,463,464,467,469,470,473,:
425:414,415,420,421,422,423,424,426,427,428,429,430,470,474,:
426:414,415,420,421,422,423,425,427,428,474,475,:
427:420,422,423,424,425,426,428,429,430,467,:
428:414,415,420,422,425,426,427,490,:
429:420,421,422,423,424,425,427,430,431,432,433,434,435,436,462,:
430:388,420,422,423,424,425,427,429,431,432,433,434,435,436,:
431:422,423,424,429,430,432,433,434,435,436,437,447,462,:
432:423,424,429,430,431,433,434,435,447,:
433:423,429,430,431,432,434,:
434:423,424,429,430,431,432,433,435,436,437,438,439,447,:
435:423,429,430,431,432,434,436,437,438,439,440,447,:
436:392,423,424,429,430,431,434,435,437,438,439,440,441,442,:
437:431,434,435,436,438,439,440,441,446,447,448,449,450,:
438:392,394,398,416,434,435,436,437,439,440,441,442,:
439:434,435,436,437,438,440,441,442,446,448,449,450,453,:
440:394,398,435,436,437,438,439,441,442,453,:
441:394,396,397,398,399,436,437,438,439,440,442,456,:
442:394,395,396,397,398,399,436,438,439,440,441,456,:
443:444,445,446,447,448,449,:
444:443,445,446,447,:
445:443,444,446,447,448,449,450,655,656,672,675,683,:
446:437,439,443,444,445,447,448,449,450,451,452,453,461,462,656,676,683,:
447:431,432,434,435,437,443,444,445,446,448,449,450,451,452,461,462,683,:
448:437,439,443,445,446,447,449,450,451,452,453,454,461,462,655,656,671,676,:
449:437,439,443,445,446,447,448,450,451,452,453,654,655,656,669,671,676,:
450:49,424,437,439,445,446,447,448,449,451,452,453,454,455,461,462,463,470,656,676,:
451:49,424,446,447,448,449,450,452,453,454,461,462,463,464,466,469,470,676,:
452:20,49,446,447,448,449,450,451,453,454,461,462,463,464,466,470,572,671,672,675,676,679,:
453:49,439,440,446,448,449,450,451,452,454,455,456,461,462,656,:
454:49,424,448,450,451,452,453,455,456,457,461,462,470,473,:
455:21,39,49,419,450,453,454,456,457,458,459,460,473,:
456:7,39,417,419,441,442,453,454,455,457,458,459,460,:
457:2,4,5,6,7,38,39,40,417,419,454,455,456,458,459,460,:
458:1,2,4,5,6,7,12,38,39,40,45,306,419,455,456,457,459,460,:
459:1,2,4,5,6,7,24,38,39,40,51,417,418,419,455,456,457,458,460,:
460:2,4,5,6,7,39,40,417,419,455,456,457,458,459,:
461:423,424,446,447,448,450,451,452,453,454,462,463,464,465,466,467,468,469,470,676,:
462:423,424,429,431,446,447,448,450,451,452,453,454,461,463,464,466,467,469,470,:
463:424,450,451,452,461,462,464,465,466,467,468,469,470,471,566,676,679,:
464:424,451,452,461,462,463,465,466,467,468,469,470,471,472,474,566,572,:
465:461,463,464,466,467,468,469,470,471,474,558,559,563,565,566,567,570,571,572,:
466:451,452,461,462,463,464,465,467,468,469,470,679,:
467:423,424,427,461,462,463,464,465,466,468,469,470,:
468:461,463,464,465,466,467,566,569,679,686,687,:
469:421,424,451,461,462,463,464,465,466,467,470,471,472,473,474,476,477,566,:
470:420,421,422,423,424,425,450,451,452,454,461,462,463,464,465,466,467,469,471,472,473,474,476,:
471:421,463,464,465,469,470,472,473,474,475,476,477,478,555,:
472:421,464,469,470,471,473,474,475,476,477,478,479,480,555,:
473:413,414,416,420,421,422,424,454,455,469,470,471,472,474,475,476,477,478,479,:
474:421,425,426,464,465,469,470,471,472,473,475,476,477,555,562,:
475:426,471,472,473,474,476,477,478,479,480,552,555,562,:
476:55,305,307,469,470,471,472,473,474,475,477,478,479,480,481,482,552,555,:
477:55,305,307,469,471,472,473,474,475,476,478,479,480,481,551,552,553,554,555,:
478:23,51,52,55,307,404,419,471,472,473,475,476,477,479,480,481,482,483,:
479:25,26,27,51,52,54,55,404,472,473,475,476,477,478,480,481,482,483,484,485,486,487,488,552,:
480:26,27,52,54,55,58,472,475,476,477,478,479,481,482,483,486,541,544,545,551,552,553,554,555,:
481:23,25,27,50,51,52,54,55,404,476,477,478,479,480,482,483,484,485,486,487,488,493,494,:
482:23,50,51,52,402,403,404,476,478,479,480,481,483,484,485,486,487,488,489,490,493,:
483:52,54,55,478,479,480,481,482,484,485,486,487,488,489,493,494,495,541,:
484:50,54,407,479,481,482,483,485,486,487,488,489,493,494,495,496,498,541,:
485:23,50,402,404,405,406,407,479,481,482,483,484,486,487,489,493,494,495,498,:
486:479,480,481,482,483,484,485,487,488,489,490,491,493,494,541,:
487:479,481,482,483,484,485,486,488,489,490,491,492,493,494,:
488:403,404,479,481,482,483,484,486,487,489,490,491,492,:
489:482,483,484,485,486,487,488,490,491,492,493,494,509,:
490:403,404,411,428,482,486,487,488,489,491,492,:
491:486,487,488,489,490,492,:
492:402,487,488,489,490,491,:
493:54,481,482,483,484,485,486,487,489,494,495,496,497,498,499,502,503,538,541,:
494:54,481,483,484,485,486,487,489,493,495,496,497,498,502,536,537,538,539,540,541,:
495:407,483,484,485,493,494,496,497,498,499,500,501,502,503,504,509,538,:
496:484,493,494,495,497,498,499,500,502,503,504,505,506,507,508,509,538,:
497:493,494,495,496,498,499,502,503,504,505,507,508,509,512,525,532,533,536,537,538,539,541,:
498:484,485,493,494,495,496,497,499,500,501,502,503,:
499:493,495,496,497,498,500,501,502,503,:
500:230,495,496,498,499,501,502,503,:
501:53,222,223,495,498,499,500,:
502:493,494,495,496,497,498,499,500,503,504,505,506,507,508,509,510,511,512,:
503:407,493,495,496,497,498,499,500,502,504,505,506,507,508,509,:
504:495,496,497,502,503,505,506,507,508,509,510,511,512,513,525,:
505:496,497,502,503,504,506,507,508,509,510,511,512,513,514,515,516,517,525,:
506:496,502,503,504,505,507,510,511,512,513,514,516,517,:
507:496,497,502,503,504,505,506,508,509,510,511,512,:
508:496,497,502,503,504,505,507,509,510,536,:
509:489,495,496,497,502,503,504,505,507,508,510,536,:
510:502,504,505,506,507,508,509,511,512,:
511:502,504,505,506,507,510,512,513,514,515,516,517,522,524,525,:
512:497,502,504,505,506,507,510,511,513,514,515,516,517,521,522,523,524,525,530,:
513:504,505,506,511,512,514,515,516,517,518,522,525,:
514:505,506,511,512,513,515,516,517,521,522,525,:
515:505,511,512,513,514,516,521,522,523,524,525,:
516:505,506,511,512,513,514,515,517,518,519,520,525,:
517:108,145,505,506,511,512,513,514,516,518,519,520,525,:
518:108,142,145,513,516,517,519,520,:
519:106,107,108,141,142,143,144,145,516,517,518,520,:
520:142,145,516,517,518,519,:
521:512,514,515,522,523,524,525,526,527,528,529,530,531,:
522:511,512,513,514,515,521,523,524,525,526,527,529,530,:
523:383,512,515,521,522,524,525,526,527,528,529,530,531,532,:
524:110,383,511,512,515,521,522,523,525,526,527,528,530,531,532,533,535,537,538,:
525:108,110,497,504,505,511,512,513,514,515,516,517,521,522,523,524,526,528,530,531,532,533,537,538,:
526:521,522,523,524,525,527,528,529,530,531,:
527:521,522,523,524,526,528,529,:
528:107,108,109,110,521,523,524,525,526,527,529,530,531,:
529:521,522,523,526,527,528,:
530:110,380,382,383,512,521,522,523,524,525,526,528,531,532,533,534,535,537,538,:
531:379,380,381,382,383,384,521,523,524,525,526,528,530,532,533,534,535,:
532:110,380,383,497,523,524,525,530,531,533,534,535,536,537,538,539,:
533:109,110,379,380,497,524,525,530,531,532,534,535,536,537,538,539,540,541,542,543,:
534:110,366,373,374,379,380,381,383,384,530,531,532,533,535,536,537,538,539,540,542,543,548,:
535:380,524,530,531,532,533,534,536,537,538,:
536:494,497,508,509,532,533,534,535,537,538,548,:
537:107,108,109,110,380,494,497,524,525,530,532,533,534,535,536,538,539,540,541,542,543,:
538:107,108,109,110,493,494,495,496,497,524,525,530,532,533,534,535,536,537,539,540,541,:
539:32,37,58,59,61,64,109,110,111,366,494,497,532,533,534,537,538,540,541,542,543,544,:
540:29,37,54,58,59,61,64,366,494,533,534,537,538,539,541,542,543,544,545,547,548,:
541:27,54,58,64,480,483,484,486,493,494,497,533,537,538,539,540,542,543,544,545,547,548,552,:
542:29,31,58,59,61,64,363,365,366,533,534,537,539,540,541,543,544,545,546,547,548,549,551,552,:
543:31,32,58,59,61,362,363,364,365,366,371,373,533,534,537,539,540,541,542,544,545,546,547,548,551,:
544:58,59,366,480,539,540,541,542,543,545,546,547,548,549,550,551,552,553,:
545:29,31,58,59,363,366,480,540,541,542,543,544,546,547,548,549,551,552,553,554,:
546:31,58,59,60,341,345,348,349,362,363,364,365,366,367,542,543,544,545,547,549,551,552,553,554,557,:
547:540,541,542,543,544,545,546,548,549,550,551,552,:
548:534,536,540,541,542,543,544,545,547,549,550,:
549:542,544,545,546,547,548,550,551,552,562,564,:
550:544,547,548,549,:
551:29,30,55,58,59,477,480,542,543,544,545,546,547,549,552,553,554,555,556,557,:
552:27,54,55,58,475,476,477,479,480,541,542,544,545,546,547,549,551,553,554,555,556,:
553:30,55,58,302,341,358,477,480,544,545,546,551,552,554,555,556,557,558,:
554:341,477,480,545,546,551,552,553,555,556,557,558,559,561,562,:
555:305,471,472,474,475,476,477,480,551,552,553,554,556,557,558,559,561,562,566,:
556:338,340,341,358,360,551,552,553,554,555,557,558,559,560,561,562,563,565,566,:
557:337,338,339,340,341,342,358,360,546,551,553,554,555,556,558,559,560,561,562,565,:
558:338,341,465,553,554,555,556,557,559,560,561,562,563,564,565,566,567,:
559:337,338,360,465,554,555,556,557,558,560,561,562,563,565,566,567,568,569,570,575,576,577,:
560:334,335,337,338,339,341,360,361,556,557,558,559,561,563,565,566,567,568,569,575,576,577,582,:
561:338,554,555,556,557,558,559,560,562,563,564,565,566,:
562:474,475,549,554,555,556,557,558,559,561,563,564,:
563:465,556,558,559,560,561,562,564,565,566,569,584,:
564:549,558,561,562,563,:
565:465,556,557,558,559,560,561,563,566,567,568,569,570,571,572,573,575,576,577,:
566:463,464,465,468,469,555,556,558,559,560,561,563,565,567,568,569,570,571,572,573,575,:
567:465,558,559,560,565,566,568,569,570,571,572,573,574,575,576,577,578,593,595,:
568:559,560,565,566,567,569,570,571,575,576,577,578,579,581,593,686,689,:
569:468,559,560,563,565,566,567,568,570,576,577,578,579,580,686,687,689,:
570:465,559,565,566,567,568,569,571,572,573,574,575,576,577,592,593,594,595,679,686,689,:
571:18,19,47,465,565,566,567,568,570,572,573,574,575,593,594,595,606,608,679,:
572:17,18,19,20,47,49,452,464,465,565,566,567,570,571,573,574,575,606,608,676,679,:
573:17,18,19,47,48,360,361,565,566,567,570,571,572,574,575,592,593,594,595,596,:
574:17,18,19,47,48,305,360,361,567,570,571,572,573,575,594,595,596,:
575:18,47,359,360,361,559,560,565,566,567,568,570,571,572,573,574,577,592,593,594,595,596,:
576:334,559,560,565,567,568,569,570,577,578,579,580,581,582,584,586,593,:
577:332,334,559,560,565,567,568,569,570,575,576,578,579,581,582,586,592,593,595,:
578:567,568,569,576,577,579,580,581,582,583,584,:
579:568,569,576,577,578,580,581,582,585,586,689,:
580:569,576,578,579,581,689,690,691,:
581:334,568,576,577,578,579,580,582,583,584,:
582:334,335,337,338,560,576,577,578,579,581,583,584,:
583:335,337,338,578,581,582,584,:
584:338,563,576,578,581,582,583,:
585:579,586,587,588,589,590,591,592,593,689,690,691,:
586:576,577,579,585,587,588,589,590,591,592,593,594,689,690,691,:
587:585,586,588,589,590,591,592,593,691,:
588:585,586,587,589,590,591,690,691,:
589:585,586,587,588,590,689,690,691,:
590:585,586,587,588,589,591,592,593,594,596,607,608,691,:
591:585,586,587,588,590,592,593,594,595,596,606,608,:
592:570,573,575,577,585,586,587,590,591,593,594,595,596,606,608,:
593:567,568,570,571,573,575,576,577,585,586,587,590,591,592,594,595,596,689,:
594:47,570,571,573,574,575,586,590,591,592,593,595,596,606,:
595:47,359,361,567,570,571,573,574,575,577,591,592,593,594,596,606,:
596:47,325,573,574,575,590,591,592,593,594,595,604,606,:
597:598,599,600,601,602,603,604,605,609,610,644,:
598:597,599,600,601,602,603,605,644,:
599:597,598,600,601,602,603,604,605,609,610,611,644,:
600:597,598,599,601,602,603,609,610,611,612,613,614,644,650,:
601:597,598,599,600,602,609,610,611,612,613,643,644,645,649,650,651,:
602:597,598,599,600,601,603,604,605,606,607,609,610,644,:
603:597,598,599,600,602,604,605,606,607,608,:
604:596,597,599,602,603,605,606,607,608,:
605:597,598,599,602,603,604,606,607,608,:
606:571,572,591,592,594,595,596,602,603,604,605,607,608,:
607:590,602,603,604,605,606,608,672,673,675,677,:
608:571,572,590,591,592,603,604,605,606,607,674,675,678,679,:
609:597,599,600,601,602,610,611,612,613,614,615,650,:
610:315,597,599,600,601,602,609,611,612,613,614,632,:
611:599,600,601,609,610,612,613,614,615,616,617,619,625,627,650,:
612:600,601,609,610,611,613,614,615,617,618,619,625,626,627,636,650,:
613:600,601,609,610,611,612,614,615,617,618,619,620,621,625,626,627,628,629,632,635,636,637,640,:
614:600,609,610,611,612,613,615,616,617,619,624,625,627,:
615:609,611,612,613,614,616,617,619,624,625,:
616:611,614,615,617,:
617:611,612,613,614,615,616,618,619,620,623,624,625,:
618:612,613,617,619,620,621,622,623,624,625,626,627,636,:
619:611,612,613,614,615,617,618,620,621,623,624,625,626,627,:
620:613,617,618,619,621,622,623,624,625,626,627,628,636,:
621:613,618,619,620,622,623,624,625,626,627,628,629,631,633,635,636,:
622:618,620,621,623,624,626,627,628,629,631,633,636,663,664,665,:
623:617,618,619,620,621,622,624,625,626,627,:
624:614,615,617,618,619,620,621,622,623,625,626,627,633,:
625:611,612,613,614,615,617,618,619,620,621,623,624,626,627,633,:
626:612,613,618,619,620,621,622,623,624,625,627,628,629,630,631,632,633,635,636,:
627:611,612,613,614,618,619,620,621,622,623,624,625,626,628,629,631,632,633,635,636,:
628:613,620,621,622,626,627,629,630,631,632,633,634,635,636,637,653,:
629:613,621,622,626,627,628,630,631,632,633,635,636,637,638,639,640,652,653,:
630:626,628,629,631,632,635,636,637,638,639,652,653,654,655,658,669,670,671,674,:
631:45,621,622,626,627,628,629,630,632,633,634,635,636,:
632:610,613,626,627,628,629,630,631,633,634,635,:
633:10,11,43,45,621,622,624,625,626,627,628,629,631,632,634,665,668,:
634:13,16,17,21,22,628,631,632,633,:
635:613,621,626,627,628,629,630,631,632,636,637,638,639,640,641,653,:
636:612,613,618,620,621,622,626,627,628,629,630,631,635,637,638,640,:
637:613,628,629,630,635,636,638,639,640,641,642,653,:
638:629,630,635,636,637,639,640,641,652,653,670,:
639:629,630,635,637,638,640,641,652,653,669,670,673,:
640:613,629,635,636,637,638,639,641,642,643,644,645,:
641:635,637,638,639,640,642,643,644,645,647,:
642:637,640,641,643,644,645,646,647,648,649,650,:
643:601,640,641,642,644,645,646,647,648,649,650,651,:
644:597,598,599,600,601,602,640,641,642,643,645,646,647,649,650,651,:
645:601,640,641,642,643,644,646,647,648,649,650,651,:
646:642,643,644,645,647,648,649,650,651,:
647:641,642,643,644,645,646,648,649,651,:
648:642,643,645,646,647,649,650,651,:
649:601,642,643,644,645,646,647,648,650,651,:
650:600,601,609,611,612,642,643,644,645,646,648,649,651,:
651:601,643,644,645,646,647,648,649,650,:
652:629,630,638,639,653,654,655,656,657,658,669,670,:
653:628,629,630,635,637,638,639,652,654,655,656,657,658,669,670,:
654:449,630,652,653,655,656,657,658,659,669,670,671,:
655:445,448,449,630,652,653,654,656,657,658,669,670,671,672,674,:
656:445,446,448,449,450,453,652,653,654,655,657,658,669,670,671,674,:
657:652,653,654,655,656,658,659,660,667,669,:
658:630,652,653,654,655,656,657,659,660,661,662,666,667,:
659:654,657,658,660,661,662,663,666,667,668,:
660:657,658,659,661,662,663,664,665,666,667,668,:
661:658,659,660,662,663,664,665,666,667,:
662:11,658,659,660,661,663,664,665,666,667,668,:
663:11,44,622,659,660,661,662,664,665,666,667,668,:
664:622,660,661,662,663,665,666,668,:
665:11,44,622,633,660,661,662,663,664,666,667,668,:
666:11,44,45,658,659,660,661,662,663,664,665,667,668,:
667:11,45,657,658,659,660,661,662,663,665,666,668,:
668:7,10,11,12,42,43,44,45,633,659,660,662,663,664,665,666,667,:
669:449,630,639,652,653,654,655,656,657,670,671,672,673,674,675,676,:
670:630,638,639,652,653,654,655,656,669,671,672,673,674,:
671:49,448,449,452,630,654,655,656,669,670,672,673,674,675,676,677,:
672:445,452,607,655,669,670,671,673,674,675,676,677,678,679,680,:
673:607,639,669,670,671,672,674,675,676,677,680,:
674:20,49,608,630,655,656,669,670,671,672,673,675,676,:
675:445,452,607,608,669,671,672,673,674,676,677,678,679,680,681,683,684,685,:
676:49,446,448,449,450,451,452,461,463,572,669,671,672,673,674,675,677,678,679,680,683,684,:
677:607,671,672,673,675,676,678,679,680,681,682,683,684,685,686,:
678:608,672,675,676,677,679,680,681,682,683,684,685,686,687,688,689,:
679:452,463,466,468,570,571,572,608,672,675,676,677,678,680,683,684,685,686,687,689,:
680:672,673,675,676,677,678,679,681,682,683,684,685,:
681:675,677,678,680,682,683,684,685,688,:
682:677,678,680,681,683,684,685,688,:
683:445,446,447,675,676,677,678,679,680,681,682,684,685,:
684:675,676,677,678,679,680,681,682,683,685,686,687,688,689,690,691,:
685:675,677,678,679,680,681,682,683,684,686,687,688,689,690,691,:
686:468,568,569,570,677,678,679,684,685,687,688,689,690,691,:
687:468,569,678,679,684,685,686,688,689,690,691,:
688:678,681,682,684,685,686,687,689,690,:
689:568,569,570,579,580,585,586,589,593,678,679,684,685,686,687,688,690,691,:
690:580,585,586,588,589,684,685,686,687,688,689,691,:
691:580,585,586,587,588,589,590,684,685,686,687,689,690,:
692:237,240,693,694,695,696,697,698,699,701,702,:
693:240,692,694,695,696,697,698,699,:
694:237,240,692,693,695,696,697,698,699,700,701,702,703,:
695:692,693,694,696,697,698,699,701,702,703,704,705,706,707,:
696:692,693,694,695,697,698,699,700,701,702,703,704,711,:
697:235,237,240,277,280,692,693,694,695,696,698,699,700,701,702,:
698:251,277,278,280,692,693,694,695,696,697,699,700,:
699:251,280,692,693,694,695,696,697,698,700,:
700:251,274,275,277,278,279,280,694,696,697,698,699,:
701:692,694,695,696,697,702,703,704,705,706,707,708,710,711,:
702:237,692,694,695,696,697,701,703,704,705,706,707,709,:
703:694,695,696,701,702,704,705,706,707,708,709,710,711,712,:
704:395,396,397,399,695,696,701,702,703,705,706,707,708,710,711,712,713,714,715,716,717,:
705:395,396,397,398,399,695,701,702,703,704,706,708,710,711,712,713,717,:
706:695,701,702,703,704,705,707,708,709,710,711,:
707:695,701,702,703,704,706,708,709,:
708:701,703,704,705,706,707,709,710,711,714,:
709:702,703,706,707,708,:
710:397,399,701,703,704,705,706,708,711,712,713,714,715,716,717,:
711:696,701,703,704,705,706,708,710,712,713,714,715,716,717,:
712:397,399,703,704,705,710,711,713,714,715,716,717,718,:
713:397,704,705,710,711,712,714,715,716,:
714:704,708,710,711,712,713,715,:
715:704,710,711,712,713,714,716,717,718,:
716:704,710,711,712,713,715,717,718,:
717:704,705,710,711,712,715,716,718,:
718:712,715,716,717,:
719:720,721,722,723,724,725,726,727,:
720:719,721,722,724,725,726,727,:
721:719,720,722,723,724,725,726,727,:
722:719,720,721,723,724,725,:
723:719,721,722,724,:
724:250,252,719,720,721,722,723,725,726,727,:
725:232,233,238,239,250,252,719,720,721,722,724,726,727,:
726:229,230,232,233,234,238,239,251,252,719,720,721,724,725,727,:
727:232,233,234,238,239,240,252,719,720,721,724,725,726,:
