1:2,3,4,5,6,7,19,20,30,31,32,33,34,35,38,49,50,51,501,573,574,575,576,615,616,617,:
2:1,3,4,5,6,7,8,19,20,21,30,31,32,33,34,35,36,38,49,50,51,271,501,575,576,:
3:1,2,4,5,6,7,19,20,21,30,31,32,34,35,51,53,270,271,274,499,501,509,510,511,576,:
4:1,2,3,5,30,31,32,35,51,271,282,499,501,509,510,511,537,539,:
5:1,2,3,4,6,7,8,19,20,21,23,30,32,33,34,35,36,38,49,50,51,251,252,268,271,575,576,:
6:1,2,3,5,7,8,9,19,20,30,32,33,34,35,36,37,38,49,50,71,251,575,576,:
7:1,2,3,5,6,8,9,10,19,30,32,33,34,35,36,37,38,39,40,41,42,233,251,252,279,576,:
8:2,5,6,7,9,10,11,33,34,35,36,37,38,39,40,41,42,43,575,576,:
9:6,7,8,10,11,12,13,17,34,35,36,37,38,39,40,41,42,43,44,45,48,233,234,279,:
10:7,8,9,11,12,13,17,35,37,38,39,40,41,42,43,44,45,48,:
11:8,9,10,12,13,14,16,17,38,39,40,41,42,43,44,45,48,:
12:9,10,11,13,14,15,16,17,39,40,41,42,43,44,45,46,47,48,:
13:9,10,11,12,14,15,16,17,18,39,42,43,44,45,46,47,48,279,285,:
14:11,12,13,15,16,17,18,45,46,47,48,278,279,285,:
15:12,13,14,16,17,18,45,46,47,48,278,279,280,:
16:11,12,13,14,15,17,18,43,45,46,47,48,150,186,188,189,190,:
17:9,10,11,12,13,14,15,16,18,39,40,42,43,44,45,46,47,48,189,190,234,:
18:13,14,15,16,17,46,47,148,150,185,186,278,280,302,:
19:1,2,3,5,6,7,20,21,22,23,24,28,30,32,33,34,49,50,51,55,58,573,574,575,576,:
20:1,2,3,5,6,19,21,22,23,24,25,27,28,30,32,49,50,51,52,53,54,55,58,268,:
21:2,3,5,19,20,22,23,24,28,30,32,49,50,51,52,53,54,55,58,255,259,267,268,271,510,:
22:19,20,21,23,24,28,50,51,52,53,54,55,58,259,260,267,268,269,416,510,:
23:5,19,20,21,22,24,25,26,27,28,49,50,51,52,53,54,55,56,57,58,:
24:19,20,21,22,23,25,26,27,28,29,49,51,53,54,55,56,57,58,497,498,499,500,501,571,573,:
25:20,23,24,26,27,28,29,51,54,55,56,57,58,415,417,571,631,632,633,:
26:23,24,25,27,28,29,55,56,57,58,400,415,416,417,:
27:20,23,24,25,26,28,29,54,55,56,57,58,388,391,392,400,415,416,:
28:19,20,21,22,23,24,25,26,27,29,49,50,51,54,55,56,57,58,416,:
29:24,25,26,27,28,56,57,399,400,401,402,403,404,409,410,415,417,:
30:1,2,3,4,5,6,7,19,20,21,31,32,35,51,53,253,268,269,270,271,272,274,509,510,511,:
31:1,2,3,4,30,271,272,274,275,281,282,499,501,508,509,510,511,537,539,:
32:1,2,3,4,5,6,7,19,20,21,30,33,34,35,36,49,50,51,251,252,253,255,267,268,270,271,576,:
33:1,2,5,6,7,8,19,32,34,35,36,37,38,49,50,70,71,72,251,252,575,576,:
34:1,2,3,5,6,7,8,9,19,32,33,35,36,37,38,49,50,72,73,572,574,575,576,:
35:1,2,3,4,5,6,7,8,9,10,30,32,33,34,36,37,38,39,40,41,42,252,271,279,576,:
36:2,5,6,7,8,9,32,33,34,35,37,38,39,40,71,233,251,252,253,279,:
37:6,7,8,9,10,33,34,35,36,38,39,40,41,42,70,71,72,73,74,75,233,:
38:1,2,5,6,7,8,9,10,11,33,34,35,36,37,39,40,41,42,575,576,617,:
39:7,8,9,10,11,12,13,17,35,36,37,38,40,41,42,43,44,45,48,233,234,279,:
40:7,8,9,10,11,12,17,35,36,37,38,39,41,42,43,44,48,232,233,234,:
41:7,8,9,10,11,12,35,37,38,39,40,42,43,44,45,617,:
42:7,8,9,10,11,12,13,17,35,37,38,39,40,41,43,44,45,617,:
43:8,9,10,11,12,13,16,17,39,40,41,42,44,45,48,:
44:9,10,11,12,13,17,39,40,41,42,43,45,48,:
45:9,10,11,12,13,14,15,16,17,39,41,42,43,44,46,285,:
46:12,13,14,15,16,17,18,45,278,279,282,284,285,295,297,302,:
47:12,13,14,15,16,17,18,48,149,150,185,186,188,189,190,209,228,234,:
48:9,10,11,12,13,14,15,16,17,39,40,43,44,47,189,190,209,232,234,:
49:1,2,5,6,19,20,21,23,24,28,32,33,34,50,51,55,58,571,572,573,574,575,576,:
50:1,2,5,6,19,20,21,22,23,28,32,33,34,49,51,58,251,255,268,576,:
51:1,2,3,4,5,19,20,21,22,23,24,25,28,30,32,49,50,52,53,54,55,58,497,499,500,501,510,576,:
52:20,21,22,23,51,53,54,256,257,258,259,260,267,268,269,510,:
53:3,20,21,22,23,24,30,51,52,54,55,267,268,269,469,497,499,509,510,:
54:20,21,22,23,24,25,27,28,51,52,53,55,58,259,260,268,416,467,:
55:19,20,21,22,23,24,25,26,27,28,49,51,53,54,56,496,497,498,499,500,501,571,573,633,:
56:23,24,25,26,27,28,29,55,417,498,500,571,631,632,633,642,643,648,649,:
57:23,24,25,26,27,28,29,58,388,389,391,392,393,399,400,410,415,:
58:19,20,21,22,23,24,25,26,27,28,49,50,51,54,57,255,388,392,:
59:60,61,62,63,64,65,66,67,68,:
60:59,61,62,63,64,65,66,:
61:59,60,62,63,64,65,66,67,68,69,77,:
62:59,60,61,63,64,65,66,67,68,69,70,72,76,77,:
63:59,60,61,62,64,65,66,67,68,69,70,72,77,:
64:59,60,61,62,63,65,66,67,68,77,86,95,:
65:59,60,61,62,63,64,66,67,77,89,94,95,:
66:59,60,61,62,63,64,65,95,:
67:59,61,62,63,64,65,68,69,70,71,72,73,74,75,76,77,84,89,:
68:59,61,62,63,64,67,69,70,72,73,74,75,76,77,82,84,86,:
69:61,62,63,67,68,70,71,72,73,74,75,76,77,78,:
70:33,37,62,63,67,68,69,71,72,73,74,76,77,78,79,81,88,89,:
71:6,33,36,37,67,69,70,72,73,74,76,77,78,79,81,89,239,:
72:33,34,37,62,63,67,68,69,70,71,73,74,75,76,77,572,:
73:34,37,67,68,69,70,71,72,74,75,76,:
74:37,67,68,69,70,71,72,73,75,76,77,81,84,:
75:37,67,68,69,72,73,74,572,575,:
76:62,67,68,69,70,71,72,73,74,77,78,79,80,81,82,83,84,88,89,:
77:61,62,63,64,65,67,68,69,70,71,72,74,76,78,79,81,82,83,84,86,88,89,:
78:69,70,71,76,77,79,80,81,82,83,84,88,89,90,233,236,239,:
79:70,71,76,77,78,80,81,82,83,88,89,90,91,92,93,94,236,239,:
80:76,78,79,81,82,83,88,89,90,91,235,236,237,239,240,242,:
81:70,71,74,76,77,78,79,80,82,83,84,85,86,88,89,234,:
82:68,76,77,78,79,80,81,83,84,85,86,87,88,89,:
83:76,77,78,79,80,81,82,84,85,86,87,88,94,96,116,:
84:67,68,74,76,77,78,81,82,83,85,86,87,:
85:81,82,83,84,86,87,94,96,110,112,116,:
86:64,68,77,81,82,83,84,85,87,:
87:82,83,84,85,86,116,:
88:70,76,77,78,79,80,81,82,83,89,90,91,92,93,94,96,:
89:65,67,70,71,76,77,78,79,80,81,82,88,90,91,92,93,94,:
90:78,79,80,88,89,91,92,93,94,95,96,:
91:79,80,88,89,90,92,93,94,240,:
92:79,88,89,90,91,93,:
93:79,88,89,90,91,92,94,95,96,:
94:65,79,83,85,88,89,90,91,93,95,96,:
95:64,65,66,90,93,94,96,:
96:83,85,88,90,93,94,95,:
97:98,99,100,101,102,103,:
98:97,99,100,102,103,:
99:97,98,100,101,102,103,104,:
100:97,98,99,101,102,103,111,:
101:97,99,100,102,110,111,112,115,116,117,:
102:97,98,99,100,101,103,104,105,:
103:97,98,99,100,102,104,105,106,107,:
104:99,102,103,105,106,107,108,109,:
105:102,103,104,106,107,108,109,121,:
106:103,104,105,107,108,109,121,:
107:103,104,105,106,108,109,:
108:104,105,106,107,109,:
109:104,105,106,107,108,121,:
110:85,101,111,112,113,114,115,116,:
111:100,101,110,112,113,115,116,:
112:85,101,110,111,113,114,115,116,117,:
113:110,111,112,114,115,116,196,:
114:110,112,113,115,193,196,:
115:101,110,111,112,113,114,116,117,118,195,:
116:83,85,87,101,110,111,112,113,115,117,118,119,121,195,:
117:101,112,115,116,118,119,120,121,122,195,:
118:115,116,117,119,120,121,122,195,214,:
119:116,117,118,120,121,122,212,213,214,:
120:117,118,119,121,122,212,213,214,:
121:105,106,109,116,117,118,119,120,122,214,:
122:117,118,119,120,121,212,213,214,:
123:124,125,126,127,128,129,131,:
124:123,125,126,128,129,131,247,:
125:123,124,126,127,128,129,130,131,152,153,:
126:123,124,125,127,128,129,151,152,153,:
127:123,125,126,128,147,151,152,153,:
128:123,124,125,126,127,129,130,131,151,152,153,231,247,:
129:123,124,125,126,128,130,131,247,250,:
130:125,128,129,131,247,250,252,253,:
131:123,124,125,128,129,130,359,:
132:133,134,135,136,137,138,139,140,142,143,155,:
133:132,134,135,137,138,139,140,141,142,143,:
134:132,133,135,136,137,138,139,140,142,143,144,326,327,:
135:132,133,134,136,137,138,142,143,144,145,146,147,154,155,326,327,:
136:132,134,135,137,142,143,144,145,146,176,300,301,302,325,326,327,:
137:132,133,134,135,136,138,139,140,141,142,143,326,327,333,334,344,:
138:132,133,134,135,137,139,140,141,327,333,334,:
139:132,133,134,137,138,140,141,:
140:132,133,134,137,138,139,141,:
141:133,137,138,139,140,:
142:132,133,134,135,136,137,143,144,145,146,147,148,154,155,:
143:132,133,134,135,136,137,142,144,145,147,154,155,343,:
144:134,135,136,142,143,145,146,147,148,149,153,154,155,156,169,:
145:135,136,142,143,144,146,147,148,154,155,156,157,159,168,169,180,:
146:135,136,142,144,145,147,148,154,155,156,157,158,168,169,170,171,173,179,180,181,184,185,:
147:127,135,142,143,144,145,146,148,149,150,151,152,153,154,155,343,:
148:18,142,144,145,146,147,149,150,151,152,153,154,155,185,:
149:47,144,147,148,150,151,152,153,227,228,231,280,:
150:16,18,47,147,148,149,151,152,153,217,218,220,227,228,229,231,232,280,:
151:126,127,128,147,148,149,150,152,153,227,228,231,280,:
152:125,126,127,128,147,148,149,150,151,153,227,228,229,230,231,280,:
153:125,126,127,128,144,147,148,149,150,151,152,228,231,280,:
154:135,142,143,144,145,146,147,148,155,156,157,158,159,160,162,169,180,:
155:132,135,142,143,144,145,146,147,148,154,156,157,159,160,161,162,:
156:144,145,146,154,155,157,158,159,160,161,162,169,180,226,:
157:145,146,154,155,156,158,159,160,161,168,169,179,180,:
158:146,154,156,157,159,160,161,168,169,179,180,182,183,226,:
159:145,154,155,156,157,158,160,161,162,163,164,224,225,226,:
160:154,155,156,157,158,159,161,162,163,164,165,:
161:155,156,157,158,159,160,162,163,164,165,166,167,:
162:154,155,156,159,160,161,163,164,165,166,:
163:159,160,161,162,164,165,166,167,:
164:159,160,161,162,163,165,166,167,:
165:160,161,162,163,164,166,167,:
166:161,162,163,164,165,167,:
167:161,163,164,165,166,:
168:145,146,157,158,169,170,171,172,173,174,175,176,179,180,:
169:144,145,146,154,156,157,158,168,170,171,173,174,176,179,180,:
170:146,168,169,171,172,173,174,175,176,179,180,181,:
171:146,168,169,170,172,173,174,179,180,181,182,184,185,187,:
172:168,170,171,173,179,180,181,182,184,187,:
173:146,168,169,170,171,172,174,175,176,177,178,179,180,315,:
174:168,169,170,171,173,175,176,177,178,315,:
175:168,170,173,174,176,177,178,315,:
176:136,168,169,170,173,174,175,177,178,315,325,:
177:173,174,175,176,178,314,315,:
178:173,174,175,176,177,313,314,325,:
179:146,157,158,168,169,170,171,172,173,180,181,182,183,184,185,186,187,:
180:145,146,154,156,157,158,168,169,170,171,172,173,179,181,182,183,184,185,:
181:146,170,171,172,179,180,182,183,184,185,186,187,:
182:158,171,172,179,180,181,183,184,185,226,:
183:158,179,180,181,182,184,221,222,224,225,226,:
184:146,171,172,179,180,181,182,183,185,186,187,188,190,221,:
185:18,47,146,148,171,179,180,181,182,184,186,187,188,189,190,:
186:16,18,47,179,181,184,185,187,188,189,190,:
187:171,172,179,181,184,185,186,188,189,190,:
188:16,47,184,185,186,187,189,190,208,209,210,:
189:16,17,47,48,185,186,187,188,190,209,210,:
190:16,17,47,48,184,185,186,187,188,189,207,208,209,210,215,:
191:192,193,194,195,196,197,199,205,206,216,:
192:191,193,194,196,197,199,205,206,:
193:114,191,192,194,195,196,197,198,199,205,206,207,216,:
194:191,192,193,195,196,197,198,205,206,207,208,210,211,215,216,:
195:115,116,117,118,191,193,194,196,197,198,205,206,207,208,215,216,:
196:113,114,191,192,193,194,195,197,198,199,200,201,205,206,:
197:191,192,193,194,195,196,198,199,200,201,202,205,206,:
198:193,194,195,196,197,199,200,201,202,203,204,205,206,211,212,213,:
199:191,192,193,196,197,198,200,201,202,203,:
200:196,197,198,199,201,202,203,204,211,212,213,:
201:196,197,198,199,200,202,203,204,:
202:197,198,199,200,201,203,204,:
203:198,199,200,201,202,204,:
204:198,200,201,202,203,213,:
205:191,192,193,194,195,196,197,198,206,207,208,209,210,211,212,215,216,:
206:191,192,193,194,195,196,197,198,205,207,208,210,211,215,216,:
207:190,193,194,195,205,206,208,209,210,211,212,214,215,216,217,:
208:188,190,194,195,205,206,207,209,210,211,215,216,217,218,219,220,:
209:47,48,188,189,190,205,207,208,210,215,216,217,218,219,227,228,234,:
210:188,189,190,194,205,206,207,208,209,211,212,213,214,215,216,:
211:194,198,200,205,206,207,208,210,212,213,214,:
212:119,120,122,198,200,205,207,210,211,213,214,:
213:119,120,122,198,200,204,210,211,212,214,:
214:118,119,120,121,122,207,210,211,212,213,:
215:190,194,195,205,206,207,208,209,210,216,217,218,219,220,221,227,228,:
216:191,193,194,195,205,206,207,208,209,210,215,217,218,219,220,221,:
217:150,207,208,209,215,216,218,219,220,221,222,227,228,229,:
218:150,208,209,215,216,217,219,220,221,227,228,229,230,232,234,:
219:208,209,215,216,217,218,220,227,228,229,230,232,234,236,:
220:150,208,215,216,217,218,219,221,222,223,224,227,228,:
221:183,184,215,216,217,218,220,222,223,224,225,226,:
222:183,217,220,221,223,224,225,226,:
223:220,221,222,224,225,226,:
224:159,183,220,221,222,223,225,226,:
225:159,183,221,222,223,224,226,:
226:156,158,159,182,183,221,222,223,224,225,:
227:149,150,151,152,209,215,217,218,219,220,228,229,230,231,232,233,234,235,236,:
228:47,149,150,151,152,153,209,215,217,218,219,220,227,229,230,231,232,234,:
229:150,152,217,218,219,227,228,230,231,232,233,234,235,236,237,:
230:152,218,219,227,228,229,231,232,233,234,235,236,237,238,239,240,:
231:128,149,150,151,152,153,227,228,229,230,232,233,235,236,237,238,247,:
232:40,48,150,218,219,227,228,229,230,231,233,234,235,236,:
233:7,9,36,37,39,40,78,227,229,230,231,232,234,235,236,238,239,251,252,:
234:9,17,39,40,47,48,81,209,218,219,227,228,229,230,232,233,:
235:80,227,229,230,231,232,233,236,237,238,239,240,241,242,246,247,:
236:78,79,80,219,227,229,230,231,232,233,235,237,238,239,240,241,242,:
237:80,229,230,231,235,236,238,239,240,241,242,243,246,247,248,:
238:230,231,233,235,236,237,239,240,241,246,247,248,249,251,252,:
239:71,78,79,80,230,233,235,236,237,238,240,246,247,248,251,252,:
240:80,91,230,235,236,237,238,239,241,242,243,244,245,246,247,:
241:235,236,237,238,240,242,243,244,245,:
242:80,235,236,237,240,241,243,244,245,:
243:237,240,241,242,244,245,:
244:240,241,242,243,245,:
245:240,241,242,243,244,:
246:235,237,238,239,240,247,248,249,250,251,252,253,254,255,:
247:124,128,129,130,231,235,237,238,239,240,246,248,249,250,251,252,253,254,:
248:237,238,239,246,247,249,250,251,252,253,254,255,256,268,:
249:238,246,247,248,250,251,252,253,254,255,256,257,258,259,267,268,372,:
250:129,130,246,247,248,249,251,252,253,254,255,256,257,258,267,268,359,372,:
251:5,6,7,32,33,36,50,233,238,239,246,247,248,249,250,252,253,254,255,268,271,:
252:5,7,32,33,35,36,130,233,238,239,246,247,248,249,250,251,253,254,255,267,268,270,271,279,:
253:30,32,36,130,246,247,248,249,250,251,252,254,255,257,267,268,269,270,271,272,:
254:246,247,248,249,250,251,252,253,255,256,257,258,259,260,267,268,372,:
255:21,32,50,58,246,248,249,250,251,252,253,254,256,257,259,267,268,:
256:52,248,249,250,254,255,257,258,259,260,261,267,268,269,355,371,372,:
257:52,249,250,253,254,255,256,258,259,260,261,267,268,269,270,354,355,:
258:52,249,250,254,256,257,259,260,261,267,268,269,347,348,352,354,355,356,358,359,:
259:21,22,52,54,249,254,255,256,257,258,260,261,262,267,268,387,:
260:22,52,54,254,256,257,258,259,261,262,263,267,386,387,:
261:256,257,258,259,260,262,263,264,265,266,358,368,369,371,387,:
262:259,260,261,263,264,265,266,358,369,452,453,:
263:260,261,262,264,265,266,357,358,368,369,452,453,454,:
264:261,262,263,265,266,357,358,365,366,368,369,453,:
265:261,262,263,264,266,358,365,366,368,369,373,452,453,:
266:261,262,263,264,265,358,369,451,452,453,454,:
267:21,22,32,52,53,249,250,252,253,254,255,256,257,258,259,260,268,269,270,271,272,273,355,510,:
268:5,20,21,22,30,32,50,52,53,54,248,249,250,251,252,253,254,255,256,257,258,259,267,269,270,271,272,510,:
269:22,30,52,53,253,256,257,258,267,268,270,271,272,273,274,340,355,509,510,:
270:3,30,32,252,253,257,267,268,269,271,272,273,274,275,277,340,509,510,511,:
271:2,3,4,5,21,30,31,32,35,251,252,253,267,268,269,270,272,273,274,277,279,509,510,:
272:30,31,253,267,268,269,270,271,273,274,275,276,277,278,281,282,337,339,340,508,509,510,511,:
273:267,269,270,271,272,274,275,276,277,281,336,337,338,339,340,341,508,509,510,511,:
274:3,30,31,269,270,271,272,273,275,276,277,278,279,280,281,282,283,337,509,510,511,:
275:31,270,272,273,274,276,277,278,281,282,283,284,286,336,337,509,511,:
276:272,273,274,275,277,281,282,283,284,286,332,336,337,338,340,507,508,509,511,:
277:270,271,272,273,274,275,276,278,279,280,281,282,:
278:14,15,18,46,272,274,275,277,279,280,281,282,:
279:7,9,13,14,15,35,36,39,46,252,271,274,277,278,280,282,:
280:15,18,149,150,151,152,153,274,277,278,279,:
281:31,272,273,274,275,276,277,278,282,283,284,285,286,287,295,296,511,:
282:4,31,46,272,274,275,276,277,278,279,281,283,284,285,286,295,511,:
283:274,275,276,281,282,284,285,286,287,288,289,295,296,297,332,:
284:46,275,276,281,282,283,285,286,287,288,289,295,296,297,298,300,302,303,309,332,:
285:13,14,45,46,281,282,283,284,286,287,289,295,296,297,298,303,309,:
286:275,276,281,282,283,284,285,287,288,289,290,291,295,296,506,534,:
287:281,283,284,285,286,288,289,290,291,292,295,296,534,:
288:283,284,286,287,289,290,291,292,293,295,296,331,332,:
289:283,284,285,286,287,288,290,291,292,293,294,295,303,534,:
290:286,287,288,289,291,292,293,294,328,329,332,545,:
291:286,287,288,289,290,292,293,294,303,304,308,533,:
292:287,288,289,290,291,293,294,542,:
293:288,289,290,291,292,294,:
294:289,290,291,292,293,542,:
295:46,281,282,283,284,285,286,287,288,289,296,297,298,299,300,301,302,303,309,329,332,:
296:281,283,284,285,286,287,288,295,297,298,299,300,302,303,328,329,330,331,332,:
297:46,283,284,285,295,296,298,299,300,301,302,303,304,309,311,321,329,332,:
298:284,285,295,296,297,299,300,301,302,303,304,305,306,307,308,309,310,311,320,321,329,:
299:295,296,297,298,300,301,303,304,305,306,309,310,311,320,321,322,323,326,328,329,:
300:136,284,295,296,297,298,299,301,302,303,321,326,327,329,:
301:136,295,297,298,299,300,302,303,310,311,319,320,321,326,327,:
302:18,46,136,284,295,296,297,298,300,301,:
303:284,285,289,291,295,296,297,298,299,300,301,304,305,306,307,308,309,310,311,319,321,:
304:291,297,298,299,303,305,306,307,308,309,310,311,312,321,:
305:298,299,303,304,306,307,308,309,310,311,312,313,315,319,320,321,:
306:298,299,303,304,305,307,310,311,312,313,314,320,321,:
307:298,303,304,305,306,308,309,310,311,:
308:291,298,303,304,305,307,309,311,:
309:284,285,295,297,298,299,303,304,305,307,308,310,311,319,:
310:298,299,301,303,304,305,306,307,309,311,312,313,314,315,316,317,319,320,321,:
311:297,298,299,301,303,304,305,306,307,308,309,310,312,313,315,316,317,318,319,320,321,:
312:304,305,306,310,311,313,314,315,316,317,319,320,321,322,:
313:178,305,306,310,311,312,314,315,316,320,321,322,323,325,:
314:177,178,306,310,312,313,315,320,321,322,323,325,:
315:173,174,175,176,177,305,310,311,312,313,314,316,317,318,319,320,321,:
316:310,311,312,313,315,317,318,319,:
317:310,311,312,315,316,318,319,:
318:311,315,316,317,319,:
319:301,303,305,309,310,311,312,315,316,317,318,:
320:298,299,301,305,306,310,311,312,313,314,315,321,322,323,324,325,326,327,:
321:297,298,299,300,301,303,304,305,306,310,311,312,313,314,315,320,322,323,324,325,326,327,329,:
322:299,312,313,314,320,321,323,324,325,326,327,329,335,:
323:299,313,314,320,321,322,324,325,326,327,328,329,334,335,:
324:320,321,322,323,325,326,328,329,330,333,334,335,:
325:136,176,178,313,314,320,321,322,323,324,326,327,334,335,:
326:134,135,136,137,299,300,301,320,321,322,323,324,325,327,328,329,333,334,335,:
327:134,135,136,137,138,300,301,320,321,322,323,325,326,329,333,334,335,:
328:290,296,299,323,324,326,329,330,331,332,333,334,335,:
329:290,295,296,297,298,299,300,321,322,323,324,326,327,328,330,331,332,333,334,335,:
330:296,324,328,329,331,332,333,334,335,:
331:288,296,328,329,330,332,333,334,:
332:276,283,284,288,290,295,296,297,328,329,330,331,333,337,:
333:137,138,324,326,327,328,329,330,331,332,334,335,:
334:137,138,323,324,325,326,327,328,329,330,331,333,335,:
335:322,323,324,325,326,327,328,329,330,333,334,:
336:273,275,276,337,338,339,340,341,342,344,345,346,:
337:272,273,274,275,276,332,336,338,339,340,341,342,344,:
338:273,276,336,337,339,340,341,342,343,344,345,346,347,:
339:272,273,336,337,338,340,341,342,345,346,347,348,350,:
340:269,270,272,273,276,336,337,338,339,341,345,346,347,350,355,:
341:273,336,337,338,339,340,342,343,344,345,346,:
342:336,337,338,339,341,343,344,:
343:143,147,338,341,342,344,:
344:137,336,337,338,341,342,343,:
345:336,338,339,340,341,346,347,348,349,350,351,354,355,:
346:336,338,339,340,341,345,347,348,349,350,354,:
347:258,338,339,340,345,346,348,349,350,351,352,353,354,355,356,:
348:258,339,345,346,347,349,350,351,354,355,356,357,358,359,:
349:345,346,347,348,350,351,354,355,356,357,:
350:339,340,345,346,347,348,349,351,352,353,354,355,:
351:345,347,348,349,350,352,353,354,355,:
352:258,347,350,351,353,355,470,471,:
353:347,350,351,352,450,:
354:257,258,345,346,347,348,349,350,351,355,356,357,358,359,360,:
355:256,257,258,267,269,340,345,347,348,349,350,351,352,354,356,357,358,359,:
356:258,347,348,349,354,355,357,358,359,360,361,362,:
357:263,264,348,349,354,355,356,358,359,360,361,362,366,:
358:258,261,262,263,264,265,266,348,354,355,356,357,359,360,361,365,366,371,:
359:131,250,258,348,354,355,356,357,358,360,361,362,363,364,372,:
360:354,356,357,358,359,361,362,363,364,366,371,372,:
361:356,357,358,359,360,362,363,364,365,366,370,371,372,:
362:356,357,359,360,361,363,364,:
363:359,360,361,362,364,365,366,370,371,372,:
364:359,360,361,362,363,:
365:264,265,358,361,363,366,367,368,369,370,371,372,373,374,:
366:264,265,357,358,360,361,363,365,367,368,369,370,371,372,:
367:365,366,368,369,370,371,372,373,374,375,:
368:261,263,264,265,365,366,367,369,370,371,372,373,374,375,376,378,:
369:261,262,263,264,265,266,365,366,367,368,370,371,373,374,375,376,378,:
370:361,363,365,366,367,368,369,371,372,373,374,:
371:256,261,358,360,361,363,365,366,367,368,369,370,372,373,374,:
372:249,250,254,256,359,360,361,363,365,366,367,368,370,371,:
373:265,365,367,368,369,370,371,374,375,376,377,378,379,386,387,:
374:365,367,368,369,370,371,373,375,376,377,378,386,:
375:367,368,369,373,374,376,377,378,379,380,386,387,388,:
376:368,369,373,374,375,377,378,379,386,387,388,389,390,391,:
377:373,374,375,376,378,379,386,387,388,389,390,391,392,:
378:368,369,373,374,375,376,377,379,380,381,386,387,:
379:373,375,376,377,378,380,381,382,383,384,385,386,387,390,:
380:375,378,379,381,382,383,384,385,:
381:378,379,380,382,383,384,385,390,413,:
382:379,380,381,383,384,385,389,390,394,395,410,412,413,:
383:379,380,381,382,384,385,389,390,393,394,395,410,413,:
384:379,380,381,382,383,385,386,389,390,391,393,394,395,409,410,411,412,413,:
385:379,380,381,382,383,384,390,394,395,409,410,412,413,:
386:260,373,374,375,376,377,378,379,384,387,388,389,390,391,392,:
387:259,260,261,373,375,376,377,378,379,386,388,389,390,:
388:27,57,58,375,376,377,386,387,389,390,391,392,393,410,:
389:57,376,377,382,383,384,386,387,388,390,391,392,393,394,395,396,399,400,409,410,:
390:376,377,379,381,382,383,384,385,386,387,388,389,391,392,393,394,395,399,400,409,410,411,412,413,414,:
391:27,57,376,377,384,386,388,389,390,392,393,394,395,396,397,398,399,400,410,:
392:27,57,58,377,386,388,389,390,391,393,394,396,398,399,400,:
393:57,383,384,388,389,390,391,392,394,395,396,397,398,399,400,401,410,:
394:382,383,384,385,389,390,391,392,393,395,396,397,398,399,400,401,402,404,405,409,410,:
395:382,383,384,385,389,390,391,393,394,396,397,399,400,401,402,409,410,:
396:389,391,392,393,394,395,397,398,399,400,:
397:391,393,394,395,396,398,399,:
398:391,392,393,394,396,397,:
399:29,57,389,390,391,392,393,394,395,396,397,400,401,402,403,404,405,409,410,:
400:26,27,29,57,389,390,391,392,393,394,395,396,399,401,402,404,405,409,410,:
401:29,393,394,395,399,400,402,403,404,405,406,409,410,411,:
402:29,394,395,399,400,401,403,404,405,409,410,411,412,413,414,415,:
403:29,399,401,402,404,409,410,411,412,414,645,647,648,650,:
404:29,394,399,400,401,402,403,405,406,407,408,409,410,:
405:394,399,400,401,402,404,406,407,408,:
406:401,404,405,407,408,551,555,556,564,:
407:404,405,406,408,551,555,556,557,558,560,563,564,565,568,:
408:404,405,406,407,548,551,554,555,556,560,564,:
409:29,384,385,389,390,394,395,399,400,401,402,403,404,410,411,412,413,414,415,417,418,419,:
410:29,57,382,383,384,385,388,389,390,391,393,394,395,399,400,401,402,403,404,409,411,412,413,414,415,:
411:384,390,401,402,403,409,410,412,413,414,415,416,417,418,419,420,436,463,:
412:382,384,385,390,402,403,409,410,411,413,414,415,418,419,420,421,423,435,436,463,:
413:381,382,383,384,385,390,402,409,410,411,412,414,418,419,420,421,422,435,436,:
414:390,402,403,409,410,411,412,413,415,416,417,418,419,436,:
415:25,26,27,29,57,402,409,410,411,412,414,416,417,:
416:22,26,27,28,54,411,414,415,417,465,466,467,:
417:25,26,29,56,409,411,414,415,416,460,641,642,644,645,646,:
418:409,411,412,413,414,419,420,421,422,423,424,435,436,462,463,:
419:409,411,412,413,414,418,420,421,423,424,427,435,436,462,463,464,:
420:411,412,413,418,419,421,422,423,424,425,435,436,437,463,:
421:412,413,418,419,420,422,423,424,435,436,437,438,440,441,445,:
422:413,418,420,421,423,435,436,437,440,:
423:412,418,419,420,421,422,424,425,426,427,435,436,443,445,463,464,:
424:418,419,420,421,423,425,426,427,428,430,463,:
425:420,423,424,426,427,428,429,430,431,432,433,:
426:423,424,425,427,428,429,430,431,432,433,434,462,463,464,:
427:419,423,424,425,426,428,429,430,432,433,434,462,463,464,:
428:424,425,426,427,429,430,431,432,433,434,464,:
429:425,426,427,428,430,431,432,433,434,:
430:424,425,426,427,428,429,431,432,434,:
431:425,426,428,429,430,432,433,434,:
432:425,426,427,428,429,430,431,433,434,464,:
433:425,426,427,428,429,431,432,434,462,464,:
434:426,427,428,429,430,431,432,433,464,:
435:412,413,418,419,420,421,422,423,436,437,438,439,440,441,442,443,445,446,447,:
436:411,412,413,414,418,419,420,421,422,423,435,437,438,439,440,441,442,443,446,456,460,461,462,463,:
437:420,421,422,435,436,438,439,440,441,442,443,445,446,447,448,456,:
438:421,435,436,437,439,440,441,442,446,447,448,449,450,451,453,456,466,:
439:435,436,437,438,440,441,442,446,447,448,449,450,455,456,457,460,465,466,:
440:421,422,435,436,437,438,439,441,442,443,444,445,446,447,:
441:421,435,436,437,438,439,440,442,443,444,445,446,447,456,:
442:435,436,437,438,439,440,441,443,444,445,446,447,449,455,456,457,460,461,:
443:423,435,436,437,440,441,442,444,445,:
444:440,441,442,443,445,461,462,464,:
445:421,423,435,437,440,441,442,443,444,:
446:435,436,437,438,439,440,441,442,447,448,449,450,451,452,453,456,:
447:435,437,438,439,440,441,442,446,448,449,451,452,453,454,:
448:437,438,439,446,447,449,450,451,452,453,454,456,466,:
449:438,439,442,446,447,448,450,451,452,455,456,465,466,471,:
450:353,438,439,446,448,449,451,455,456,465,466,467,468,470,471,472,475,:
451:266,438,446,447,448,449,450,452,453,454,:
452:262,263,265,266,446,447,448,449,451,453,454,:
453:262,263,264,265,266,438,446,447,448,451,452,454,:
454:263,266,447,448,451,452,453,:
455:439,442,449,450,456,457,458,459,460,461,465,466,471,483,:
456:436,437,438,439,441,442,446,448,449,450,455,457,458,460,461,465,466,:
457:439,442,455,456,458,459,460,461,462,465,466,467,471,483,:
458:455,456,457,459,460,461,465,466,467,468,469,470,471,482,483,492,:
459:455,457,458,460,465,466,467,468,469,470,471,482,483,484,485,487,491,492,493,496,640,641,:
460:417,436,439,442,455,456,457,458,459,461,462,463,464,465,466,646,:
461:436,442,444,455,456,457,458,460,462,463,464,646,:
462:418,419,426,427,433,436,444,457,460,461,463,464,646,:
463:411,412,418,419,420,423,424,426,427,436,460,461,462,464,645,646,647,:
464:419,423,426,427,428,432,433,434,444,460,461,462,463,:
465:416,439,449,450,455,456,457,458,459,460,466,467,468,469,470,471,483,492,:
466:416,438,439,448,449,450,455,456,457,458,459,460,465,467,468,470,471,:
467:54,416,450,457,458,459,465,466,468,469,470,471,472,483,492,:
468:450,458,459,465,466,467,469,470,471,472,473,474,475,482,483,491,492,503,:
469:53,458,459,465,467,468,470,471,472,473,474,482,483,491,492,493,494,496,502,503,507,508,509,510,:
470:352,450,458,459,465,466,467,468,469,471,472,473,474,475,476,482,483,492,503,:
471:352,449,450,455,457,458,459,465,466,467,468,469,470,472,473,475,482,483,:
472:450,467,468,469,470,471,473,474,475,476,477,478,482,483,484,492,503,:
473:468,469,470,471,472,474,475,476,478,482,483,484,485,486,487,491,492,502,503,513,:
474:468,469,470,472,473,475,476,478,482,483,484,485,486,491,492,494,502,503,504,505,507,512,513,514,517,:
475:450,468,470,471,472,473,474,476,477,478,479,480,482,483,:
476:470,472,473,474,475,477,478,479,480,481,482,:
477:472,475,476,478,479,480,481,:
478:472,473,474,475,476,477,479,480,481,482,:
479:475,476,477,478,480,481,:
480:475,476,477,478,479,481,:
481:476,477,478,479,480,:
482:458,459,468,469,470,471,472,473,474,475,476,478,483,484,485,486,487,488,489,491,492,503,513,:
483:455,457,458,459,465,467,468,469,470,471,472,473,474,475,482,484,485,487,488,491,492,:
484:459,472,473,474,482,483,485,486,487,488,489,490,491,492,493,503,513,:
485:459,473,474,482,483,484,486,487,488,489,491,492,493,494,495,496,502,503,512,513,525,:
486:473,474,482,484,485,487,489,491,492,493,494,495,502,503,512,513,514,515,517,524,525,526,:
487:459,473,482,483,484,485,486,488,489,490,491,492,:
488:482,483,484,485,487,489,490,:
489:482,484,485,486,487,488,490,491,492,636,:
490:484,487,488,489,:
491:459,468,469,473,474,482,483,484,485,486,487,489,492,493,494,495,496,497,502,503,513,525,:
492:458,459,465,467,468,469,470,472,473,474,482,483,484,485,486,487,489,491,493,494,496,502,503,:
493:459,469,484,485,486,491,492,494,495,496,497,498,499,502,503,504,513,525,:
494:469,474,485,486,491,492,493,495,496,497,499,502,503,504,505,506,507,512,513,524,525,530,:
495:485,486,491,493,494,496,497,499,502,503,504,505,506,512,513,515,524,525,526,527,529,530,537,623,:
496:55,459,469,485,491,492,493,494,495,497,498,499,500,501,502,503,:
497:24,51,53,55,491,493,494,495,496,498,499,500,501,502,503,633,:
498:24,55,56,493,496,497,499,500,501,621,622,623,624,630,631,633,643,:
499:3,4,24,31,51,53,55,493,494,495,496,497,498,500,501,502,503,509,510,511,539,:
500:24,51,55,56,496,497,498,499,501,573,616,623,630,631,633,:
501:1,2,3,4,24,31,51,55,496,497,498,499,500,539,616,623,:
502:469,473,474,485,486,491,492,493,494,495,496,497,499,503,504,505,506,507,508,509,510,511,512,513,525,530,:
503:468,469,470,472,473,474,482,484,485,486,491,492,493,494,495,496,497,499,502,504,505,507,508,509,510,511,512,513,:
504:474,493,494,495,502,503,505,506,507,508,509,511,512,513,514,525,530,:
505:474,494,495,502,503,504,506,507,508,512,513,514,515,516,517,524,525,529,530,541,:
506:286,494,495,502,504,505,507,512,513,514,515,516,524,525,527,529,530,531,532,534,540,541,:
507:276,469,474,494,502,503,504,505,506,508,509,510,511,512,513,:
508:31,272,273,276,469,502,503,504,505,507,509,510,511,:
509:3,4,30,31,53,269,270,271,272,273,274,275,276,469,499,502,503,504,507,508,510,511,:
510:3,4,21,22,30,31,51,52,53,267,268,269,270,271,272,273,274,469,499,502,503,507,508,509,511,:
511:3,4,30,31,270,272,273,274,275,276,281,282,499,502,503,504,507,508,509,510,537,:
512:474,485,486,494,495,502,503,504,505,506,507,513,514,515,516,517,518,524,525,530,541,:
513:473,474,482,484,485,486,491,493,494,495,502,503,504,505,506,507,512,514,515,517,524,525,:
514:474,486,504,505,506,512,513,515,516,517,518,519,520,524,525,526,530,541,:
515:486,495,505,506,512,513,514,516,517,518,519,520,524,525,526,527,528,529,530,540,541,:
516:505,506,512,514,515,517,518,519,520,524,525,526,527,528,529,530,532,540,541,542,543,545,:
517:474,486,505,512,513,514,515,516,518,519,520,521,522,524,525,:
518:512,514,515,516,517,519,520,521,522,523,:
519:514,515,516,517,518,520,521,522,523,:
520:514,515,516,517,518,519,521,522,523,:
521:517,518,519,520,522,523,:
522:517,518,519,520,521,523,:
523:518,519,520,521,522,:
524:486,494,495,505,506,512,513,514,515,516,517,525,526,527,528,529,530,541,:
525:485,486,491,493,494,495,502,504,505,506,512,513,514,515,516,517,524,526,527,529,530,:
526:486,495,514,515,516,524,525,527,528,529,530,531,541,:
527:495,506,515,516,524,525,526,528,529,530,531,532,533,534,540,541,:
528:515,516,524,526,527,529,530,531,532,533,540,541,:
529:495,505,506,515,516,524,525,526,527,528,530,531,532,533,534,535,536,537,540,541,:
530:494,495,502,504,505,506,512,514,515,516,524,525,526,527,528,529,531,532,534,535,536,537,540,541,:
531:506,526,527,528,529,530,532,533,534,535,536,537,540,541,542,:
532:506,516,527,528,529,530,531,533,534,535,540,541,542,543,544,545,:
533:291,527,528,529,531,532,534,540,541,542,543,544,:
534:286,287,289,506,527,529,530,531,532,533,535,536,537,538,539,540,541,:
535:529,530,531,532,534,536,537,538,539,:
536:529,530,531,534,535,537,538,539,606,623,:
537:4,31,495,511,529,530,531,534,535,536,538,539,:
538:534,535,536,537,539,605,606,615,616,617,623,:
539:4,31,499,501,534,535,536,537,538,615,616,617,623,:
540:506,515,516,527,528,529,530,531,532,533,534,541,542,543,544,545,:
541:505,506,512,514,515,516,524,526,527,528,529,530,531,532,533,534,540,542,543,545,:
542:292,294,516,531,532,533,540,541,543,544,545,:
543:516,532,533,540,541,542,544,545,:
544:532,533,540,542,543,545,:
545:290,516,532,540,541,542,543,544,:
546:547,548,549,550,551,552,553,554,555,556,:
547:546,548,549,550,551,552,553,554,578,:
548:408,546,547,549,550,551,552,553,554,555,556,557,564,578,:
549:546,547,548,550,551,552,553,554,555,556,557,558,559,560,563,564,577,578,:
550:546,547,548,549,551,552,555,556,557,558,559,563,564,577,578,579,:
551:406,407,408,546,547,548,549,550,552,553,554,555,556,563,564,578,632,649,:
552:546,547,548,549,550,551,553,554,555,563,564,577,578,579,629,630,631,632,649,:
553:546,547,548,549,551,552,554,564,577,578,579,629,630,631,632,633,648,649,:
554:408,546,547,548,549,551,552,553,632,648,649,650,:
555:406,407,408,546,548,549,550,551,552,556,557,558,559,560,561,562,563,564,578,:
556:406,407,408,546,548,549,550,551,555,557,558,560,561,563,564,:
557:407,548,549,550,555,556,558,559,560,561,562,563,564,565,578,:
558:407,549,550,555,556,557,559,560,561,562,563,564,565,566,567,568,577,578,:
559:549,550,555,557,558,560,561,562,563,564,565,566,567,577,578,583,589,:
560:407,408,549,555,556,557,558,559,561,562,563,564,:
561:555,556,557,558,559,560,562,563,564,:
562:555,557,558,559,560,561,563,564,565,:
563:407,549,550,551,552,555,556,557,558,559,560,561,562,564,565,566,567,568,569,577,578,:
564:406,407,408,548,549,550,551,552,553,555,556,557,558,559,560,561,562,563,565,566,568,577,578,:
565:407,557,558,559,562,563,564,566,567,568,569,570,571,577,578,579,589,:
566:558,559,563,564,565,567,568,569,570,571,577,578,579,580,582,583,588,589,:
567:558,559,563,565,566,568,569,570,571,572,577,578,579,580,581,582,583,584,587,588,589,:
568:407,558,563,564,565,566,567,569,570,571,572,573,577,578,:
569:563,565,566,567,568,570,571,572,573,574,577,589,:
570:565,566,567,568,569,571,572,573,574,575,588,589,:
571:24,25,49,55,56,565,566,567,568,569,570,572,573,574,575,576,:
572:34,49,72,75,567,568,569,570,571,573,574,575,576,588,589,:
573:1,19,24,49,55,500,568,569,570,571,572,574,575,576,615,616,:
574:1,19,34,49,569,570,571,572,573,575,576,614,615,616,:
575:1,2,5,6,8,19,33,34,38,49,75,570,571,572,573,574,576,614,615,616,617,:
576:1,2,3,5,6,7,8,19,32,33,34,35,38,49,50,51,571,572,573,574,575,615,616,617,:
577:549,550,552,553,558,559,563,564,565,566,567,568,569,578,579,580,581,583,630,:
578:547,548,549,550,551,552,553,555,557,558,559,563,564,565,566,567,568,577,579,580,630,:
579:550,552,553,565,566,567,577,578,580,581,583,630,:
580:566,567,577,578,579,581,582,583,:
581:567,577,579,580,582,583,592,595,:
582:566,567,580,581,583,584,585,586,587,588,589,590,591,592,:
583:559,566,567,577,579,580,581,582,584,585,587,588,589,591,592,:
584:567,582,583,585,586,587,588,589,590,591,592,593,:
585:582,583,584,586,587,588,590,591,592,593,594,595,596,597,:
586:582,584,585,587,590,591,592,593,596,597,601,:
587:567,582,583,584,585,586,588,589,590,591,592,:
588:566,567,570,572,582,583,584,585,587,589,590,:
589:559,565,566,567,569,570,572,582,583,584,587,588,590,:
590:582,584,585,586,587,588,589,591,592,599,600,601,:
591:582,583,584,585,586,587,590,592,593,594,595,596,597,598,599,:
592:581,582,583,584,585,586,587,590,591,593,594,595,596,597,598,609,613,:
593:584,585,586,591,592,594,595,596,597,598,599,601,603,609,:
594:585,591,592,593,595,596,597,598,602,603,609,:
595:581,585,591,592,593,594,596,597,598,602,603,608,609,610,611,613,:
596:585,586,591,592,593,594,595,597,598,599,600,601,603,:
597:585,586,591,592,593,594,595,596,598,599,600,601,603,609,:
598:591,592,593,594,595,596,597,599,600,601,602,603,604,605,607,608,609,610,613,614,:
599:590,591,593,596,597,598,600,601,:
600:590,596,597,598,599,601,614,:
601:586,590,593,596,597,598,599,600,:
602:594,595,598,603,604,605,606,607,608,609,:
603:593,594,595,596,597,598,602,604,605,607,608,609,:
604:598,602,603,605,606,607,608,609,610,:
605:538,598,602,603,604,606,607,608,609,610,611,612,613,619,:
606:536,538,602,604,605,607,608,609,610,611,612,618,619,620,623,:
607:598,602,603,604,605,606,608,609,:
608:595,598,602,603,604,605,606,607,609,610,611,612,613,614,615,616,619,:
609:592,593,594,595,597,598,602,603,604,605,606,607,608,610,611,613,614,615,:
610:595,598,604,605,606,608,609,611,612,613,614,615,616,619,:
611:595,605,606,608,609,610,612,613,614,618,619,624,625,:
612:605,606,608,610,611,613,618,619,620,621,623,624,625,626,629,630,:
613:592,595,598,605,608,609,610,611,612,614,615,616,617,:
614:574,575,598,600,608,609,610,611,613,615,616,617,:
615:1,538,539,573,574,575,576,608,609,610,613,614,616,617,:
616:1,500,501,538,539,573,574,575,576,608,610,613,614,615,617,:
617:1,38,41,42,538,539,575,576,613,614,615,616,:
618:606,611,612,619,620,621,622,623,624,625,:
619:605,606,608,610,611,612,618,620,621,623,624,625,:
620:606,612,618,619,621,622,623,624,625,626,:
621:498,612,618,619,620,622,623,624,625,626,627,628,629,634,635,:
622:498,618,620,621,623,624,625,626,627,628,634,635,636,639,:
623:495,498,500,501,536,538,539,606,612,618,619,620,621,622,624,625,:
624:498,611,612,618,619,620,621,622,623,625,626,627,628,629,630,633,635,:
625:611,612,618,619,620,621,622,623,624,626,627,629,630,:
626:612,620,621,622,624,625,627,628,629,630,631,633,635,643,:
627:621,622,624,625,626,628,629,630,634,635,:
628:621,622,624,626,627,629,634,635,636,637,639,:
629:552,553,612,621,624,625,626,627,628,630,631,632,633,:
630:498,500,552,553,577,578,579,612,624,625,626,627,629,631,632,633,643,649,:
631:25,56,498,500,552,553,626,629,630,632,633,642,643,644,648,649,:
632:25,56,551,552,553,554,629,630,631,633,642,643,644,648,649,650,:
633:25,55,56,497,498,500,553,624,626,629,630,631,632,641,642,643,644,648,649,:
634:621,622,627,628,635,636,637,638,639,640,:
635:621,622,624,626,627,628,634,636,637,639,:
636:489,622,628,634,635,637,638,639,640,641,:
637:628,634,635,636,638,639,640,:
638:634,636,637,639,640,:
639:622,628,634,635,636,637,638,640,641,642,643,:
640:459,634,636,637,638,639,641,642,643,644,645,646,:
641:417,459,633,636,639,640,642,643,644,645,646,647,648,649,:
642:56,417,631,632,633,639,640,641,643,644,645,646,647,648,649,650,:
643:56,498,626,630,631,632,633,639,640,641,642,644,645,646,648,649,650,:
644:417,631,632,633,640,641,642,643,645,646,647,648,649,650,:
645:403,417,463,640,641,642,643,644,646,647,648,649,650,:
646:417,460,461,462,463,640,641,642,643,644,645,647,648,650,:
647:403,463,641,642,644,645,646,648,649,650,:
648:56,403,553,554,631,632,633,641,642,643,644,645,646,647,649,650,:
649:56,551,552,553,554,630,631,632,633,641,642,643,644,645,647,648,650,:
650:403,554,632,642,643,644,645,646,647,648,649,:
