1:2,3,4,16,18,20,38,39,40,41,88,89,561,562,563,565,566,568,593,594,:
2:1,3,4,5,16,17,18,19,20,38,39,40,41,49,50,52,89,103,566,568,570,:
3:1,2,4,5,6,15,16,17,18,20,38,39,40,41,42,49,50,568,570,:
4:1,2,3,5,6,7,13,15,16,17,20,38,39,40,41,42,49,50,419,563,569,570,:
5:2,3,4,6,7,8,10,13,15,16,21,40,41,42,49,50,569,:
6:3,4,5,7,8,9,10,11,13,15,16,40,41,42,43,44,45,49,50,181,183,:
7:4,5,6,8,9,10,11,12,13,15,21,42,43,44,45,47,48,49,181,182,457,:
8:5,6,7,9,10,11,12,13,42,43,44,45,48,176,181,:
9:6,7,8,10,42,43,44,45,166,167,175,176,181,183,:
10:5,6,7,8,9,11,12,13,15,21,22,42,44,46,47,48,49,50,53,182,457,:
11:6,7,8,10,12,13,15,21,46,47,48,53,457,:
12:7,8,10,11,13,21,46,47,48,53,182,:
13:4,5,6,7,8,10,11,12,15,21,22,23,42,47,48,49,50,53,54,266,:
14:21,22,23,24,25,27,28,53,54,55,59,61,65,475,476,478,479,480,481,497,:
15:3,4,5,6,7,10,11,13,16,21,22,40,41,42,49,50,53,54,569,570,:
16:1,2,3,4,5,6,15,17,18,19,20,40,41,49,50,51,266,:
17:2,3,4,16,18,19,20,49,50,51,52,107,255,256,257,266,300,:
18:1,2,3,16,17,19,20,50,51,52,97,102,103,107,255,256,257,300,:
19:2,16,17,18,20,51,52,92,97,98,102,103,104,107,255,256,257,300,624,625,:
20:1,2,3,4,16,17,18,19,38,39,41,50,51,52,88,89,91,92,94,96,97,102,103,:
21:5,7,10,11,12,13,14,15,22,23,24,46,47,48,49,53,54,55,265,266,:
22:10,13,14,15,21,23,24,25,26,27,47,49,53,54,55,56,57,266,496,:
23:13,14,21,22,24,25,26,27,28,31,32,53,54,55,56,57,59,60,61,481,496,497,:
24:14,21,22,23,25,26,27,28,29,31,32,36,53,54,55,56,57,58,59,60,61,496,497,:
25:14,22,23,24,26,27,28,31,32,33,54,55,56,57,58,59,60,61,299,496,:
26:22,23,24,25,27,28,31,32,33,34,36,54,55,56,57,58,59,60,66,496,:
27:14,22,23,24,25,26,28,29,30,31,32,33,35,36,55,56,57,58,59,60,61,62,64,65,69,481,:
28:14,23,24,25,26,27,29,30,31,32,36,37,55,56,59,60,61,62,63,64,65,69,70,71,72,261,262,263,:
29:24,27,28,30,31,36,37,59,60,61,62,63,64,65,69,70,71,72,:
30:27,28,29,36,37,59,60,61,62,63,64,65,69,70,71,72,:
31:23,24,25,26,27,28,29,32,33,34,35,36,55,56,57,58,59,60,61,62,65,66,67,68,69,497,:
32:23,24,25,26,27,28,31,33,34,35,36,55,56,57,58,59,60,62,66,67,68,69,494,496,497,:
33:25,26,27,31,32,34,35,36,57,58,66,67,68,69,307,494,517,518,522,:
34:26,31,32,33,35,36,66,67,68,69,307,308,309,501,517,518,520,521,522,523,:
35:27,31,32,33,34,36,62,66,67,68,69,307,308,309,311,501,504,:
36:24,26,27,28,29,30,31,32,33,34,35,59,60,62,65,66,67,68,69,308,311,:
37:28,29,30,60,61,62,63,64,65,69,70,71,72,267,269,273,306,308,:
38:1,2,3,4,20,39,40,41,87,88,89,90,91,94,96,561,562,563,566,568,593,594,:
39:1,2,3,4,20,38,40,41,89,419,561,562,563,564,565,566,567,568,571,593,594,:
40:1,2,3,4,5,6,15,16,38,39,41,42,49,50,418,419,563,:
41:1,2,3,4,5,6,15,16,20,38,39,40,42,49,50,418,419,563,565,566,567,568,569,570,:
42:3,4,5,6,7,8,9,10,13,15,40,41,43,44,45,183,417,419,:
43:6,7,8,9,42,44,45,156,157,164,165,166,167,168,174,175,176,450,:
44:6,7,8,9,10,42,43,45,166,167,168,175,176,177,180,181,182,183,:
45:6,7,8,9,42,43,44,417,450,:
46:10,11,12,21,47,48,53,478,:
47:7,10,11,12,13,21,22,46,48,53,182,265,:
48:7,8,10,11,12,13,21,46,47,53,176,180,181,182,:
49:2,3,4,5,6,7,10,13,15,16,17,21,22,40,41,50,53,54,55,266,568,569,570,:
50:2,3,4,5,6,10,13,15,16,17,18,20,40,41,49,182,266,:
51:16,17,18,19,20,52,107,254,255,256,257,300,623,624,625,:
52:2,17,18,19,20,51,91,92,94,95,96,97,98,102,107,255,257,300,619,624,625,:
53:10,11,12,13,14,15,21,22,23,24,46,47,48,49,54,264,265,266,:
54:13,14,15,21,22,23,24,25,26,49,53,55,56,57,496,569,570,:
55:14,21,22,23,24,25,26,27,28,31,32,49,54,56,57,58,59,60,61,299,496,570,:
56:22,23,24,25,26,27,28,31,32,54,55,57,58,59,60,61,261,262,263,298,299,301,302,:
57:22,23,24,25,26,27,31,32,33,54,55,56,58,66,377,494,495,496,497,:
58:24,25,26,27,31,32,33,55,56,57,60,66,296,299,301,303,343,496,:
59:14,23,24,25,26,27,28,29,30,31,32,36,55,56,60,61,62,63,64,65,69,479,480,481,497,:
60:23,24,25,26,27,28,29,30,31,32,36,37,55,56,58,59,61,62,64,65,69,70,71,72,261,262,263,267,302,306,:
61:14,23,24,25,27,28,29,30,31,37,55,56,59,60,62,63,64,65,70,71,260,261,262,263,264,265,:
62:27,28,29,30,31,32,35,36,37,59,60,61,63,64,65,68,69,70,71,72,308,311,:
63:28,29,30,37,59,61,62,64,65,69,70,71,72,:
64:27,28,29,30,37,59,60,61,62,63,65,70,71,72,:
65:14,27,28,29,30,31,36,37,59,60,61,62,63,64,69,71,72,479,480,481,:
66:26,31,32,33,34,35,36,57,58,67,494,517,518,519,520,521,522,:
67:31,32,33,34,35,36,66,68,307,309,498,500,501,517,518,520,521,522,523,524,526,:
68:31,32,33,34,35,36,62,67,69,308,309,310,311,313,501,503,504,523,:
69:27,28,29,30,31,32,33,34,35,36,37,59,60,62,63,65,68,72,308,311,480,:
70:28,29,30,37,60,61,62,63,64,71,72,261,262,267,269,272,273,302,306,307,308,:
71:28,29,30,37,60,61,62,63,64,65,70,72,261,262,267,268,269,272,273,278,:
72:28,29,30,37,60,62,63,64,65,69,70,71,273,308,311,312,:
73:74,75,76,77,78,79,80,85,86,551,596,:
74:73,75,76,77,78,79,80,596,:
75:73,74,76,77,78,79,80,81,85,86,87,551,554,596,:
76:73,74,75,77,78,79,85,86,87,88,89,90,554,595,596,:
77:73,74,75,76,78,85,86,87,88,90,95,595,596,597,598,599,600,602,:
78:73,74,75,76,77,79,80,81,82,83,85,86,:
79:73,74,75,76,78,80,81,82,83,84,588,:
80:73,74,75,78,79,81,82,83,84,555,556,:
81:75,78,79,80,82,83,84,588,:
82:78,79,80,81,83,84,555,556,:
83:78,79,80,81,82,84,585,:
84:79,80,81,82,83,585,:
85:73,75,76,77,78,86,87,88,89,90,91,94,95,554,594,596,:
86:73,75,76,77,78,85,87,88,89,90,94,550,551,552,553,554,590,594,:
87:38,75,76,77,85,86,88,89,90,91,92,94,95,96,554,594,599,:
88:1,20,38,76,77,85,86,87,89,90,91,92,94,95,96,97,99,100,554,593,594,599,:
89:1,2,20,38,39,76,85,86,87,88,90,91,94,95,96,99,554,590,592,593,594,:
90:38,76,77,85,86,87,88,89,91,92,93,94,95,554,:
91:20,38,52,85,87,88,89,90,92,93,94,95,566,568,:
92:19,20,52,87,88,90,91,93,94,95,300,:
93:90,91,92,332,335,344,600,:
94:20,38,52,85,86,87,88,89,90,91,92,95,96,97,98,99,100,101,102,103,594,599,:
95:52,77,85,87,88,89,90,91,92,94,96,97,98,99,100,102,598,599,609,611,619,:
96:20,38,52,87,88,89,94,95,97,98,99,100,101,102,103,104,593,594,599,619,:
97:18,19,20,52,88,94,95,96,98,99,100,101,102,103,104,105,107,618,619,:
98:19,52,94,95,96,97,99,100,101,102,103,104,105,107,599,611,612,618,619,620,622,623,624,:
99:88,89,94,95,96,97,98,100,101,102,103,593,594,:
100:88,94,95,96,97,98,99,101,599,611,614,615,616,619,:
101:94,96,97,98,99,100,102,103,124,593,:
102:18,19,20,52,94,95,96,97,98,99,101,103,104,105,106,107,108,109,619,:
103:2,18,19,20,94,96,97,98,99,101,102,104,105,106,107,108,:
104:19,96,97,98,102,103,105,106,107,108,109,110,619,622,623,:
105:97,98,102,103,104,106,107,108,109,110,111,112,113,204,622,:
106:102,103,104,105,107,108,109,110,113,119,122,124,204,206,:
107:17,18,19,51,52,97,98,102,103,104,105,106,108,109,201,204,255,256,257,623,:
108:102,103,104,105,106,107,109,110,111,112,113,114,622,:
109:102,104,105,106,107,108,110,111,112,113,114,619,621,622,627,629,641,:
110:104,105,106,108,109,111,112,113,114,206,622,:
111:105,108,109,110,112,113,114,640,641,:
112:105,108,109,110,111,113,114,622,629,630,640,641,642,645,646,:
113:105,106,108,109,110,111,112,114,115,124,:
114:108,109,110,111,112,113,115,116,622,:
115:113,114,116,:
116:114,115,616,:
117:118,119,120,121,122,123,124,126,127,653,:
118:117,119,120,122,123,124,126,127,128,652,653,:
119:106,117,118,120,121,122,123,124,125,126,127,128,653,:
120:117,118,119,121,122,123,124,126,127,128,129,:
121:117,119,120,122,123,126,127,128,183,:
122:106,117,118,119,120,121,123,124,125,126,127,:
123:117,118,119,120,121,122,124,125,126,127,652,653,657,:
124:101,106,113,117,118,119,120,122,123,125,:
125:119,122,123,124,:
126:117,118,119,120,121,122,123,127,128,129,130,131,132,653,657,:
127:117,118,119,120,121,122,123,126,128,129,130,131,650,652,653,657,:
128:118,119,120,121,126,127,129,130,131,132,133,168,657,:
129:120,126,127,128,130,131,132,133,134,136,165,168,650,657,:
130:126,127,128,129,131,132,133,136,649,650,653,657,:
131:126,127,128,129,130,132,133,134,135,136,137,144,145,154,165,167,168,:
132:126,128,129,130,131,133,134,135,136,144,154,164,165,166,167,168,:
133:128,129,130,131,132,134,135,136,137,138,144,145,146,154,165,168,:
134:129,131,132,133,135,136,137,138,144,145,146,147,148,149,150,153,154,164,165,:
135:131,132,133,134,136,137,144,145,146,147,148,149,153,154,156,164,165,166,167,168,169,:
136:129,130,131,132,133,134,135,137,138,139,144,145,189,:
137:131,133,134,135,136,138,139,140,144,145,152,:
138:133,134,136,137,139,140,141,142,143,144,145,152,:
139:136,137,138,140,141,142,143,152,:
140:137,138,139,141,142,143,:
141:138,139,140,142,143,151,:
142:138,139,140,141,143,:
143:138,139,140,141,142,:
144:131,132,133,134,135,136,137,138,145,146,147,148,149,150,151,152,153,154,165,:
145:131,133,134,135,136,137,138,144,146,147,149,150,151,153,154,:
146:133,134,135,144,145,147,148,149,150,151,152,153,154,155,165,:
147:134,135,144,145,146,148,149,150,153,154,155,156,157,158,159,161,163,164,165,:
148:134,135,144,146,147,149,153,154,155,156,157,158,159,161,163,164,165,171,:
149:134,135,144,145,146,147,148,150,151,152,153,:
150:134,144,145,146,147,149,151,152,:
151:141,144,145,146,149,150,152,:
152:137,138,139,144,146,149,150,151,:
153:134,135,144,145,146,147,148,149,154,155,156,157,158,159,160,161,163,164,165,:
154:131,132,133,134,135,144,145,146,147,148,153,155,156,158,159,160,164,165,:
155:146,147,148,153,154,156,157,158,159,160,161,163,164,165,166,:
156:43,135,147,148,153,154,155,157,158,159,164,165,166,167,168,169,170,171,172,450,:
157:43,147,148,153,155,156,158,164,165,166,169,170,171,172,173,174,447,450,:
158:147,148,153,154,155,156,157,159,160,161,162,163,164,:
159:147,148,153,154,155,156,158,160,161,162,163,:
160:153,154,155,158,159,161,162,163,:
161:147,148,153,155,158,159,160,162,163,:
162:158,159,160,161,163,:
163:147,148,153,155,158,159,160,161,162,:
164:43,132,134,135,147,148,153,154,155,156,157,158,165,166,167,168,169,170,171,172,174,175,176,:
165:43,129,131,132,133,134,135,144,146,147,148,153,154,155,156,157,164,166,167,168,169,175,:
166:9,43,44,132,135,155,156,157,164,165,167,168,169,170,171,172,173,174,175,176,177,:
167:9,43,44,131,132,135,156,164,165,166,168,169,170,174,175,176,177,178,179,180,184,:
168:43,44,128,129,131,132,133,135,156,164,165,166,167,169,175,176,177,178,179,184,190,:
169:135,156,157,164,165,166,167,168,170,171,172,173,174,175,176,:
170:156,157,164,166,167,169,171,172,173,174,176,:
171:148,156,157,164,166,169,170,172,173,174,:
172:156,157,164,166,169,170,171,173,174,176,:
173:157,166,169,170,171,172,174,449,:
174:43,157,164,166,167,169,170,171,172,173,175,176,:
175:9,43,44,164,165,166,167,168,169,174,176,177,178,179,180,181,183,184,:
176:8,9,43,44,48,164,166,167,168,169,170,172,174,175,177,178,179,180,181,:
177:44,166,167,168,175,176,178,179,180,181,182,183,184,185,190,192,:
178:167,168,175,176,177,179,180,181,184,185,186,188,189,190,191,192,:
179:167,168,175,176,177,178,180,184,185,186,190,191,192,:
180:44,48,167,175,176,177,178,179,181,182,183,184,190,192,195,:
181:6,7,8,9,44,48,175,176,177,178,180,182,183,:
182:7,10,12,44,47,48,50,177,180,181,183,200,201,:
183:6,9,42,44,121,175,177,180,181,182,204,:
184:167,168,175,177,178,179,180,185,186,187,188,189,190,191,192,:
185:177,178,179,184,186,187,188,189,190,191,192,193,:
186:178,179,184,185,187,188,189,190,191,192,193,194,195,196,:
187:184,185,186,188,191,192,193,194,196,:
188:178,184,185,186,187,189,190,191,192,203,:
189:136,178,184,185,186,188,190,192,205,:
190:168,177,178,179,180,184,185,186,188,189,191,192,203,205,:
191:178,179,184,185,186,187,188,190,192,193,194,195,196,197,198,199,203,207,208,:
192:177,178,179,180,184,185,186,187,188,189,190,191,193,194,195,196,197,198,199,200,202,203,:
193:185,186,187,191,192,194,195,196,197,198,199,207,208,209,:
194:186,187,191,192,193,195,196,197,198,207,208,209,210,212,224,225,:
195:180,186,191,192,193,194,196,197,198,207,208,209,210,212,225,:
196:186,187,191,192,193,194,195,197,198,199,200,202,203,207,208,:
197:191,192,193,194,195,196,198,199,200,201,202,203,204,205,207,648,:
198:191,192,193,194,195,196,197,199,200,201,202,203,204,225,230,231,648,:
199:191,192,193,196,197,198,200,201,202,203,204,205,206,648,:
200:182,192,196,197,198,199,201,202,203,204,206,648,:
201:107,182,197,198,199,200,202,204,256,648,:
202:192,196,197,198,199,200,201,203,204,205,206,648,:
203:188,190,191,192,196,197,198,199,200,202,204,205,206,648,:
204:105,106,107,183,197,198,199,200,201,202,203,205,206,648,:
205:189,190,197,199,202,203,204,206,:
206:106,110,199,200,202,203,204,205,648,:
207:191,193,194,195,196,197,208,209,210,211,212,213,224,225,:
208:191,193,194,195,196,207,209,210,211,212,224,:
209:193,194,195,207,208,210,211,212,213,214,224,225,226,:
210:194,195,207,208,209,211,212,213,224,225,226,227,229,230,232,233,239,:
211:207,208,209,210,212,213,224,225,226,227,229,230,232,239,:
212:194,195,207,208,209,210,211,213,214,215,216,224,225,:
213:207,209,210,211,212,214,215,216,217,219,224,225,:
214:209,212,213,215,216,217,218,219,220,221,222,:
215:212,213,214,216,217,218,219,220,221,222,223,:
216:212,213,214,215,217,218,219,221,222,223,:
217:213,214,215,216,218,219,220,221,222,223,:
218:214,215,216,217,219,220,221,222,223,:
219:213,214,215,216,217,218,220,221,223,:
220:214,215,217,218,219,221,222,223,:
221:214,215,216,217,218,219,220,222,223,:
222:214,215,216,217,218,220,221,223,:
223:215,216,217,218,219,220,221,222,:
224:194,207,208,209,210,211,212,213,225,226,227,228,229,230,232,233,239,:
225:194,195,198,207,209,210,211,212,213,224,226,227,228,229,230,233,:
226:209,210,211,224,225,227,228,229,230,231,232,233,234,239,241,249,:
227:210,211,224,225,226,228,229,230,233,234,235,236,237,238,239,240,241,248,249,259,:
228:224,225,226,227,229,233,234,235,236,239,240,241,243,248,249,250,251,253,258,259,264,:
229:210,211,224,225,226,227,228,230,231,232,233,249,253,:
230:198,210,211,224,225,226,227,229,231,232,:
231:198,226,229,230,232,648,:
232:210,211,224,226,229,230,231,:
233:210,224,225,226,227,228,229,234,235,236,237,238,239,240,241,249,:
234:226,227,228,233,235,236,237,238,239,240,241,242,249,259,:
235:227,228,233,234,236,237,238,239,240,241,242,243,244,245,248,249,258,259,268,:
236:227,228,233,234,235,237,240,241,242,243,244,248,249,251,258,259,260,261,263,267,268,269,272,273,274,276,278,:
237:227,233,234,235,236,238,239,240,241,:
238:227,233,234,235,237,239,240,241,:
239:210,211,224,226,227,228,233,234,235,237,238,240,241,:
240:227,228,233,234,235,236,237,238,239,241,242,243,244,245,246,247,248,249,259,268,:
241:226,227,228,233,234,235,236,237,238,239,240,242,243,245,246,248,249,:
242:234,235,236,240,241,243,244,245,246,247,248,249,250,259,268,274,275,:
243:228,235,236,240,241,242,244,245,246,247,248,249,250,251,252,253,258,259,267,268,280,670,671,:
244:235,236,240,242,243,245,246,247,248,249,250,251,252,258,259,261,267,268,269,270,272,279,280,281,284,670,671,:
245:235,240,241,242,243,244,246,247,248,249,:
246:240,241,242,243,244,245,247,248,249,671,:
247:240,242,243,244,245,246,275,671,:
248:227,228,235,236,240,241,242,243,244,245,246,249,250,251,252,253,254,258,259,268,280,670,671,:
249:226,227,228,229,233,234,235,236,240,241,242,243,244,245,246,248,250,251,253,254,258,259,:
250:228,242,243,244,248,249,251,252,253,254,255,256,258,259,260,268,280,670,671,:
251:228,236,243,244,248,249,250,252,253,254,255,256,258,259,260,261,262,263,267,268,279,280,284,294,:
252:243,244,248,250,251,253,254,255,256,257,258,259,260,261,262,267,268,270,279,280,281,282,284,293,294,298,300,:
253:228,229,243,248,249,250,251,252,254,255,256,257,258,259,:
254:51,248,249,250,251,252,253,255,256,257,625,626,668,:
255:17,18,19,51,52,107,250,251,252,253,254,256,257,623,624,625,626,:
256:17,18,19,51,107,201,250,251,252,253,254,255,257,258,266,300,625,:
257:17,18,19,51,52,107,252,253,254,255,256,300,623,624,625,626,:
258:228,235,236,243,244,248,249,250,251,252,253,256,259,260,261,262,263,264,266,267,268,280,294,:
259:227,228,234,235,236,240,242,243,244,248,249,250,251,252,253,258,260,261,263,264,265,266,267,268,:
260:61,236,250,251,252,258,259,261,262,263,264,265,266,267,268,269,280,294,:
261:28,56,60,61,70,71,236,244,251,252,258,259,260,262,263,264,267,268,269,270,271,272,279,280,293,294,301,302,:
262:28,56,60,61,70,71,251,252,258,260,261,263,267,268,269,270,271,279,280,282,293,294,295,296,298,301,302,303,306,:
263:28,56,60,61,236,251,258,259,260,261,262,264,265,266,267,268,:
264:53,61,228,258,259,260,261,263,265,266,:
265:21,47,53,61,259,260,263,264,266,:
266:13,16,17,21,22,49,50,53,256,258,259,260,263,264,265,:
267:37,60,70,71,236,243,244,251,252,258,259,260,261,262,263,268,269,270,271,272,273,279,280,294,302,:
268:71,235,236,240,242,243,244,248,250,251,252,258,259,260,261,262,263,267,269,270,272,273,274,279,280,:
269:37,70,71,236,244,260,261,262,267,268,270,271,272,273,274,279,280,281,302,:
270:244,252,261,262,267,268,269,271,272,273,279,280,281,282,283,284,293,294,301,302,315,:
271:261,262,267,269,270,272,279,280,281,282,283,293,294,301,302,303,304,306,314,315,316,319,:
272:70,71,236,244,261,267,268,269,270,271,273,274,275,276,279,280,:
273:37,70,71,72,236,267,268,269,270,272,274,275,276,277,278,:
274:236,242,268,269,272,273,275,276,277,278,:
275:242,247,272,273,274,276,277,278,:
276:236,272,273,274,275,277,278,:
277:273,274,275,276,278,:
278:71,236,273,274,275,276,277,:
279:244,251,252,261,262,267,268,269,270,271,272,280,281,282,283,284,285,293,294,302,315,:
280:243,244,248,250,251,252,258,260,261,262,267,268,269,270,271,272,279,281,282,284,293,294,:
281:244,252,269,270,271,279,280,282,283,284,285,286,287,293,294,295,302,315,:
282:252,262,270,271,279,280,281,283,284,285,286,287,293,294,295,296,297,298,301,302,314,315,327,328,333,:
283:270,271,279,281,282,284,285,286,287,293,294,295,296,297,301,302,304,314,315,316,317,319,327,328,329,332,333,334,:
284:244,251,252,270,279,280,281,282,283,285,286,287,288,289,293,294,668,669,670,:
285:279,281,282,283,284,286,287,288,289,290,293,294,333,666,668,669,:
286:281,282,283,284,285,287,288,289,290,291,292,324,333,334,664,666,668,669,:
287:281,282,283,284,285,286,288,289,290,291,293,294,333,666,668,:
288:284,285,286,287,289,290,291,292,333,334,664,666,:
289:284,285,286,287,288,290,291,292,333,666,668,:
290:285,286,287,288,289,291,292,333,334,663,664,666,:
291:286,287,288,289,290,292,333,334,603,:
292:286,288,289,290,291,334,:
293:252,261,262,270,271,279,280,281,282,283,284,285,287,294,295,296,297,298,299,300,301,302,315,328,:
294:251,252,258,260,261,262,267,270,271,279,280,281,282,283,284,285,287,293,295,296,298,300,301,302,:
295:262,281,282,283,293,294,296,297,298,299,300,301,302,303,328,:
296:58,262,282,283,293,294,295,297,298,299,300,301,302,303,304,305,306,314,315,327,328,337,342,343,:
297:282,283,293,295,296,298,299,301,302,303,304,305,314,315,327,328,329,330,332,336,337,338,341,342,343,344,:
298:56,252,262,282,293,294,295,296,297,299,300,301,302,:
299:25,55,56,58,293,295,296,297,298,300,301,302,343,568,570,:
300:17,18,19,51,52,92,252,256,257,293,294,295,296,298,299,:
301:56,58,261,262,270,271,282,283,293,294,295,296,297,298,299,302,303,304,305,306,307,314,315,328,337,343,:
302:56,60,70,261,262,267,269,270,271,279,281,282,283,293,294,295,296,297,298,299,301,303,304,306,314,315,:
303:58,262,271,295,296,297,301,302,304,305,306,307,308,314,315,316,328,337,343,:
304:271,283,296,297,301,302,303,305,306,307,314,315,316,317,318,319,327,328,337,343,346,525,:
305:296,297,301,303,304,306,307,314,315,316,317,318,327,328,336,337,339,342,343,345,346,347,350,518,519,520,524,525,526,:
306:37,60,70,262,271,296,301,302,303,304,305,307,308,309,314,315,:
307:33,34,35,67,70,301,303,304,305,306,308,309,310,314,315,524,525,526,:
308:34,35,36,37,62,68,69,70,72,303,306,307,309,310,311,312,313,:
309:34,35,67,68,306,307,308,310,311,312,313,526,:
310:68,307,308,309,311,312,313,:
311:35,36,62,68,69,72,308,309,310,312,313,:
312:72,308,309,310,311,313,:
313:68,308,309,310,311,312,:
314:271,282,283,296,297,301,302,303,304,305,306,307,315,316,317,318,319,320,327,328,337,:
315:270,271,279,281,282,283,293,296,297,301,302,303,304,305,306,307,314,316,317,319,327,328,:
316:271,283,303,304,305,314,315,317,318,319,320,321,327,328,329,337,346,:
317:283,304,305,314,315,316,318,319,320,325,327,328,329,330,331,332,336,337,346,:
318:304,305,314,316,317,319,320,327,328,329,330,331,336,337,345,346,350,:
319:271,283,304,314,315,316,317,318,320,321,322,323,324,325,327,328,:
320:314,316,317,318,319,321,322,323,324,325,327,:
321:316,319,320,322,323,324,325,326,:
322:319,320,321,323,324,325,326,:
323:319,320,321,322,324,325,326,334,:
324:286,319,320,321,322,323,325,326,:
325:317,319,320,321,322,323,324,326,327,333,334,:
326:321,322,323,324,325,:
327:282,283,296,297,304,305,314,315,316,317,318,319,320,325,328,329,330,331,332,333,334,335,336,337,346,:
328:282,283,293,295,296,297,301,303,304,305,314,315,316,317,318,319,327,329,330,332,333,334,336,337,:
329:283,297,316,317,318,327,328,330,331,332,333,334,335,336,337,338,346,:
330:297,317,318,327,328,329,331,332,333,335,336,337,338,339,341,343,344,345,346,:
331:317,318,327,329,330,332,335,336,337,338,339,345,346,549,:
332:93,283,297,317,327,328,329,330,331,333,334,335,336,337,:
333:282,283,285,286,287,288,289,290,291,325,327,328,329,330,332,334,335,:
334:283,286,288,290,291,292,323,325,327,328,329,332,333,335,:
335:93,327,329,330,331,332,333,334,336,603,605,:
336:297,305,317,318,327,328,329,330,331,332,335,337,338,339,340,341,342,343,344,345,346,:
337:296,297,301,303,304,305,314,316,317,318,327,328,329,330,331,332,336,338,339,341,342,343,344,345,346,519,:
338:297,329,330,331,336,337,339,340,341,342,343,344,345,346,347,519,548,:
339:305,330,331,336,337,338,340,341,342,343,344,345,346,347,348,349,350,354,355,360,518,519,:
340:336,338,339,341,342,345,346,347,348,349,354,355,357,359,360,361,362,363,364,365,367,516,518,519,:
341:297,330,336,337,338,339,340,342,343,344,345,346,378,519,:
342:296,297,305,336,337,338,339,340,341,343,344,345,346,378,517,518,519,:
343:58,296,297,299,301,303,304,305,330,336,337,338,339,341,342,344,345,346,518,519,:
344:93,297,330,336,337,338,339,341,342,343,378,544,545,546,:
345:305,318,330,331,336,337,338,339,340,341,342,343,346,347,348,349,350,351,354,355,360,518,519,524,525,:
346:304,305,316,317,318,327,329,330,331,336,337,338,339,340,341,342,343,345,347,348,349,350,519,525,:
347:305,338,339,340,345,346,348,349,350,351,354,355,356,360,518,519,520,524,525,526,:
348:339,340,345,346,347,349,350,351,354,355,356,357,359,360,519,:
349:339,340,345,346,347,348,350,351,353,354,355,356,357,359,360,365,367,369,:
350:305,318,339,345,346,347,348,349,351,352,353,354,355,519,524,525,526,:
351:345,347,348,349,350,352,353,354,355,524,525,526,:
352:350,351,353,:
353:349,350,351,352,:
354:339,340,345,347,348,349,350,351,355,356,357,358,359,360,509,:
355:339,340,345,347,348,349,350,351,354,356,357,359,360,509,516,518,519,520,524,525,:
356:347,348,349,354,355,357,358,359,360,361,:
357:340,348,349,354,355,356,358,359,360,361,362,364,365,366,:
358:354,356,357,359,360,361,364,365,366,368,:
359:340,348,349,354,355,356,357,358,360,361,362,363,364,365,366,367,:
360:339,340,345,347,348,349,354,355,356,357,358,359,361,362,363,364,365,516,:
361:340,356,357,358,359,360,362,363,364,365,366,367,:
362:340,357,359,360,361,363,364,365,370,:
363:340,359,360,361,362,364,370,371,515,516,:
364:340,357,358,359,360,361,362,363,365,366,367,368,369,546,548,:
365:340,349,357,358,359,360,361,362,364,366,367,368,369,548,:
366:357,358,359,361,364,365,367,368,369,:
367:340,349,359,361,364,365,366,368,369,548,:
368:358,364,365,366,367,369,:
369:349,364,365,366,367,368,:
370:362,363,371,372,373,374,375,376,378,379,380,539,:
371:363,370,372,373,374,375,376,527,:
372:370,371,373,374,375,376,377,378,379,380,381,539,542,:
373:370,371,372,374,375,376,379,380,381,382,383,384,385,387,542,:
374:370,371,372,373,375,379,380,381,382,384,387,389,529,530,:
375:370,371,372,373,374,376,377,378,379,380,396,:
376:370,371,372,373,375,377,378,:
377:57,372,375,376,378,496,:
378:341,342,344,370,372,375,376,377,543,:
379:370,372,373,374,375,380,381,382,383,384,385,386,387,388,389,541,542,560,:
380:370,372,373,374,375,379,381,382,383,384,385,387,538,539,540,541,542,550,552,559,560,564,:
381:372,373,374,379,380,382,383,384,385,386,387,388,389,390,542,560,:
382:373,374,379,380,381,383,384,385,386,388,389,390,391,393,542,559,560,564,:
383:373,379,380,381,382,384,386,388,389,390,393,542,552,553,559,560,561,562,564,571,572,:
384:373,374,379,380,381,382,383,385,386,387,388,389,542,558,560,:
385:373,379,380,381,382,384,386,387,542,558,:
386:379,381,382,383,384,385,387,388,389,:
387:373,374,379,380,381,384,385,386,:
388:379,381,382,383,384,386,389,390,391,392,393,394,560,:
389:374,379,381,382,383,384,386,388,390,391,392,393,394,:
390:381,382,383,388,389,391,392,393,394,560,575,:
391:382,388,389,390,392,393,394,575,:
392:388,389,390,391,393,394,:
393:382,383,388,389,390,391,392,394,395,396,420,564,575,:
394:388,389,390,391,392,393,395,396,420,422,426,:
395:393,394,396,421,422,423,426,428,:
396:375,393,394,395,567,:
397:398,399,400,401,402,403,410,411,422,436,:
398:397,399,400,402,403,408,410,411,:
399:397,398,400,401,402,403,404,410,411,412,436,:
400:397,398,399,401,402,403,410,411,412,413,414,415,421,422,435,436,446,:
401:397,399,400,402,410,411,412,413,414,421,422,435,436,437,438,440,445,446,447,450,:
402:397,398,399,400,401,403,404,405,410,411,:
403:397,398,399,400,402,404,405,406,407,408,:
404:399,402,403,405,406,407,408,409,:
405:402,403,404,406,407,408,409,:
406:403,404,405,407,408,409,:
407:403,404,405,406,408,409,:
408:398,403,404,405,406,407,409,:
409:404,405,406,407,408,:
410:397,398,399,400,401,402,411,412,413,414,415,416,421,422,436,446,:
411:397,398,399,400,401,402,410,412,413,415,416,421,422,:
412:399,400,401,410,411,413,414,415,416,417,418,420,421,422,423,446,:
413:400,401,410,411,412,414,415,416,417,421,422,423,424,425,426,435,436,445,446,452,:
414:400,401,410,412,413,415,416,421,422,423,424,425,435,436,445,446,447,448,450,451,452,456,457,459,:
415:400,410,411,412,413,414,416,417,418,419,420,421,422,575,:
416:410,411,412,413,414,415,417,418,419,420,574,575,576,577,:
417:42,45,412,413,415,416,418,419,420,576,577,:
418:40,41,412,415,416,417,419,420,562,563,571,573,574,575,576,577,:
419:4,39,40,41,42,415,416,417,418,420,562,563,567,571,573,574,577,:
420:393,394,412,415,416,417,418,419,562,563,564,567,571,573,574,575,:
421:395,400,401,410,411,412,413,414,415,422,423,424,425,426,427,435,436,446,452,:
422:394,395,397,400,401,410,411,412,413,414,415,421,423,424,426,435,436,:
423:395,412,413,414,421,422,424,425,426,427,428,429,435,436,437,446,452,:
424:413,414,421,422,423,425,426,427,428,429,435,436,437,438,440,445,446,451,452,460,461,:
425:413,414,421,423,424,426,427,428,429,435,436,437,438,439,445,446,448,451,452,453,454,456,460,461,462,466,:
426:394,395,413,421,422,423,424,425,427,428,429,430,431,435,436,:
427:421,423,424,425,426,428,429,430,431,432,435,436,:
428:395,423,424,425,426,427,429,430,431,432,433,434,:
429:423,424,425,426,427,428,430,431,432,433,435,436,:
430:426,427,428,429,431,432,433,434,468,469,482,483,:
431:426,427,428,429,430,432,433,434,:
432:427,428,429,430,431,433,434,468,:
433:428,429,430,431,432,434,467,468,482,487,488,:
434:428,430,431,432,433,467,468,469,482,483,486,487,488,:
435:400,401,413,414,421,422,423,424,425,426,427,429,436,437,438,439,440,441,445,446,452,461,:
436:397,399,400,401,410,413,414,421,422,423,424,425,426,427,429,435,437,438,440,441,445,446,:
437:401,423,424,425,435,436,438,439,440,441,442,445,446,447,452,461,:
438:401,424,425,435,436,437,439,440,441,445,446,447,448,449,450,451,452,460,461,:
439:425,435,437,438,440,445,446,447,448,449,451,452,460,461,462,:
440:401,424,435,436,437,438,439,441,442,443,444,445,446,:
441:435,436,437,438,440,442,443,444,:
442:437,440,441,443,444,:
443:440,441,442,444,:
444:440,441,442,443,:
445:401,413,414,424,425,435,436,437,438,439,440,446,447,448,449,450,451,452,461,:
446:400,401,410,412,413,414,421,423,424,425,435,436,437,438,439,440,445,447,448,450,451,452,461,:
447:157,401,414,437,438,439,445,446,448,449,450,451,452,453,461,:
448:414,425,438,439,445,446,447,449,450,451,452,453,454,456,457,460,461,:
449:173,438,439,445,447,448,450,451,452,453,454,455,460,461,:
450:43,45,156,157,401,414,438,445,446,447,448,449,451,452,:
451:414,424,425,438,439,445,446,447,448,449,450,452,453,454,455,456,457,458,460,461,:
452:413,414,421,423,424,425,435,437,438,439,445,446,447,448,449,450,451,453,454,456,457,459,460,461,:
453:425,447,448,449,451,452,454,455,456,457,458,459,460,461,462,466,477,:
454:425,448,449,451,452,453,455,456,457,458,460,461,462,463,465,466,477,:
455:449,451,453,454,456,458,460,461,462,463,465,466,472,476,477,478,:
456:414,425,448,451,452,453,454,455,457,458,459,460,461,466,477,:
457:7,10,11,414,448,451,452,453,454,456,458,459,:
458:451,453,454,455,456,457,459,460,466,469,475,476,477,478,497,:
459:414,452,453,456,457,458,569,:
460:424,425,438,439,448,449,451,452,453,454,455,456,458,461,462,463,464,465,466,:
461:424,425,435,437,438,439,445,446,447,448,449,451,452,453,454,455,456,460,462,463,465,466,:
462:425,439,453,454,455,460,461,463,464,465,466,467,:
463:454,455,460,461,462,464,465,466,467,468,470,:
464:460,462,463,465,466,467,470,:
465:454,455,460,461,462,463,464,466,467,468,469,470,471,472,482,:
466:425,453,454,455,456,458,460,461,462,463,464,465,467,468,469,470,471,472,477,482,:
467:433,434,462,463,464,465,466,468,469,470,471,472,482,483,488,:
468:430,432,433,434,463,465,466,467,469,470,471,472,482,483,484,485,486,487,488,489,:
469:430,434,458,465,466,467,468,470,471,472,482,483,484,485,488,489,490,:
470:463,464,465,466,467,468,469,471,472,473,482,488,:
471:465,466,467,468,469,470,472,473,474,475,477,482,485,:
472:455,465,466,467,468,469,470,471,473,474,475,476,477,478,479,480,:
473:470,471,472,474,475,476,477,478,479,480,481,497,:
474:471,472,473,475,476,477,479,480,481,497,:
475:14,458,471,472,473,474,476,477,478,479,480,481,497,:
476:14,455,458,472,473,474,475,477,478,479,480,481,:
477:453,454,455,456,458,466,471,472,473,474,475,476,478,479,481,:
478:14,46,455,458,472,473,475,476,477,479,480,481,:
479:14,59,65,472,473,474,475,476,477,478,480,481,497,:
480:14,59,65,69,472,473,474,475,476,478,479,481,497,:
481:14,23,27,59,65,473,474,475,476,477,478,479,480,:
482:430,433,434,465,466,467,468,469,470,471,483,484,485,486,487,488,489,490,:
483:430,434,467,468,469,482,484,485,486,487,488,489,490,491,534,:
484:468,469,482,483,485,486,487,488,489,490,491,492,493,494,495,498,504,534,536,:
485:468,469,471,482,483,484,486,487,488,489,490,491,492,498,504,:
486:434,468,482,483,484,485,487,488,489,490,:
487:433,434,468,482,483,484,485,486,488,:
488:433,434,467,468,469,470,482,483,484,485,486,487,:
489:468,469,482,483,484,485,486,490,491,492,493,494,495,497,498,504,533,534,535,536,:
490:469,482,483,484,485,486,489,491,492,493,494,495,497,533,534,535,536,:
491:483,484,485,489,490,492,493,494,495,496,497,498,499,504,534,536,:
492:484,485,489,490,491,493,494,495,498,499,500,501,502,503,504,511,535,536,:
493:484,489,490,491,492,494,498,499,500,501,504,505,510,511,514,515,522,533,534,535,536,537,:
494:32,33,57,66,484,489,490,491,492,493,495,496,497,498,504,534,536,:
495:57,484,489,490,491,492,494,496,497,:
496:22,23,24,25,26,32,54,55,57,58,377,491,494,495,497,569,:
497:14,23,24,31,32,57,59,458,473,474,475,479,480,489,490,491,494,495,496,:
498:67,484,485,489,491,492,493,494,499,500,501,502,503,504,505,506,536,:
499:491,492,493,498,500,501,502,503,504,505,506,507,511,:
500:67,492,493,498,499,501,502,503,504,505,506,507,508,510,511,521,522,523,:
501:34,35,67,68,492,493,498,499,500,502,503,504,505,506,507,508,510,511,517,520,521,522,523,:
502:492,498,499,500,501,503,504,505,506,:
503:68,492,498,499,500,501,502,504,:
504:35,68,484,485,489,491,492,493,494,498,499,500,501,502,503,:
505:493,498,499,500,501,502,506,507,508,509,510,511,521,522,523,:
506:498,499,500,501,502,505,507,508,510,511,:
507:499,500,501,505,506,508,509,510,511,512,521,522,523,:
508:500,501,505,506,507,509,510,511,512,513,515,516,520,521,522,523,:
509:354,355,505,507,508,510,511,512,515,516,520,521,522,523,:
510:493,500,501,505,506,507,508,509,511,512,513,514,515,516,517,521,522,:
511:492,493,499,500,501,505,506,507,508,509,510,512,513,514,515,516,522,536,537,:
512:507,508,509,510,511,513,514,515,516,517,522,:
513:508,510,511,512,514,515,516,527,528,535,536,537,:
514:493,510,511,512,513,515,527,528,535,536,537,:
515:363,493,508,509,510,511,512,513,514,516,517,518,522,536,:
516:340,355,360,363,508,509,510,511,512,513,515,517,518,519,520,521,522,:
517:33,34,66,67,342,501,510,512,515,516,518,519,520,521,522,523,524,:
518:33,34,66,67,305,339,340,342,343,345,347,355,515,516,517,519,520,521,522,523,524,525,526,:
519:66,305,337,338,339,340,341,342,343,345,346,347,348,350,355,516,517,518,520,521,522,524,525,526,:
520:34,66,67,305,347,355,501,508,509,516,517,518,519,521,522,523,524,525,526,:
521:34,66,67,500,501,505,507,508,509,510,516,517,518,519,520,522,523,524,525,526,:
522:33,34,66,67,493,500,501,505,507,508,509,510,511,512,515,516,517,518,519,520,521,523,524,526,:
523:34,67,68,500,501,505,507,508,509,517,518,520,521,522,524,525,526,:
524:67,305,307,345,347,350,351,355,517,518,519,520,521,522,523,525,526,:
525:304,305,307,345,346,347,350,351,355,518,519,520,521,523,524,526,:
526:67,305,307,309,347,350,351,518,519,520,521,522,523,524,525,:
527:371,513,514,528,529,530,531,532,533,535,536,537,:
528:513,514,527,529,530,531,532,533,535,536,537,:
529:374,527,528,530,531,532,533,534,535,537,:
530:374,527,528,529,531,532,533,:
531:527,528,529,530,532,:
532:527,528,529,530,531,533,534,535,536,537,:
533:489,490,493,527,528,529,530,532,534,535,536,537,:
534:483,484,489,490,491,493,494,529,532,533,535,536,537,:
535:489,490,492,493,513,514,527,528,529,532,533,534,536,537,:
536:484,489,490,491,492,493,494,498,511,513,514,515,527,528,532,533,534,535,537,:
537:493,511,513,514,527,528,529,532,533,534,535,536,:
538:380,539,540,541,542,543,544,546,550,551,:
539:370,372,380,538,540,541,542,543,544,546,:
540:380,538,539,541,542,543,544,545,546,550,551,552,:
541:379,380,538,539,540,542,543,544,550,551,552,553,554,555,556,558,559,560,:
542:372,373,379,380,381,382,383,384,385,538,539,540,541,543,550,551,552,553,559,560,:
543:378,538,539,540,541,542,544,545,546,547,548,550,551,:
544:344,538,539,540,541,543,545,546,547,548,549,:
545:344,540,543,544,546,547,548,549,:
546:344,364,538,539,540,543,544,545,547,548,549,:
547:543,544,545,546,548,549,602,604,606,:
548:338,364,365,367,543,544,545,546,547,549,:
549:331,544,545,546,547,548,:
550:86,380,538,540,541,542,543,551,552,553,554,555,556,557,558,559,560,:
551:73,75,86,538,540,541,542,543,550,552,553,554,555,556,558,:
552:86,380,383,540,541,542,550,551,553,554,555,556,557,558,559,560,561,572,:
553:86,383,541,542,550,551,552,554,555,556,557,559,560,561,562,564,571,572,590,594,:
554:75,76,85,86,87,88,89,90,541,550,551,552,553,555,557,559,560,561,562,571,572,590,593,594,:
555:80,82,541,550,551,552,553,554,556,557,558,559,560,:
556:80,82,541,550,551,552,553,555,557,558,:
557:550,552,553,554,555,556,558,559,560,572,588,:
558:384,385,541,550,551,552,555,556,557,:
559:380,382,383,541,542,550,552,553,554,555,557,560,561,562,563,564,565,571,572,:
560:379,380,381,382,383,384,388,390,541,542,550,552,553,554,555,557,559,561,562,564,571,572,:
561:1,38,39,383,552,553,554,559,560,562,563,564,565,566,567,571,572,573,594,:
562:1,38,39,383,418,419,420,553,554,559,560,561,563,564,565,566,571,572,573,574,575,592,593,594,:
563:1,4,38,39,40,41,418,419,420,559,561,562,564,565,566,567,571,572,573,574,593,594,:
564:39,380,382,383,393,420,553,559,560,561,562,563,565,566,567,568,569,571,572,:
565:1,39,41,559,561,562,563,564,566,567,568,569,570,:
566:1,2,38,39,41,91,561,562,563,564,565,567,568,569,570,:
567:39,41,396,419,420,561,563,564,565,566,568,569,570,:
568:1,2,3,38,39,41,49,91,299,564,565,566,567,569,570,:
569:4,5,15,41,49,54,459,496,564,565,566,567,568,570,:
570:2,3,4,15,41,49,54,55,299,565,566,567,568,569,:
571:39,383,418,419,420,553,554,559,560,561,562,563,564,572,573,574,575,576,577,590,592,593,594,:
572:383,552,553,554,557,559,560,561,562,563,564,571,573,574,575,590,592,594,:
573:418,419,420,561,562,563,571,572,574,575,576,577,578,579,580,590,591,592,593,594,:
574:416,418,419,420,562,563,571,572,573,575,576,577,578,579,580,:
575:390,391,393,415,416,418,420,562,571,572,573,574,576,577,578,579,580,:
576:416,417,418,571,573,574,575,577,578,579,580,:
577:416,417,418,419,571,573,574,575,576,578,579,580,:
578:573,574,575,576,577,579,580,:
579:573,574,575,576,577,578,580,582,:
580:573,574,575,576,577,578,579,581,582,583,586,587,589,:
581:580,582,583,584,585,586,587,588,589,:
582:579,580,581,583,584,586,587,588,589,:
583:580,581,582,584,585,586,587,588,589,:
584:581,582,583,585,586,587,:
585:83,84,581,583,584,586,:
586:580,581,582,583,584,585,587,588,589,590,591,:
587:580,581,582,583,584,586,588,589,590,591,592,:
588:79,81,557,581,582,583,586,587,589,590,591,592,593,594,:
589:580,581,582,583,586,587,588,590,591,592,593,:
590:86,89,553,554,571,572,573,586,587,588,589,591,592,593,594,:
591:573,586,587,588,589,590,592,593,594,:
592:89,562,571,572,573,587,588,589,590,591,593,594,:
593:1,38,39,88,89,96,99,101,554,562,563,571,573,588,589,590,591,592,594,:
594:1,38,39,85,86,87,88,89,94,96,99,553,554,561,562,563,571,572,573,588,590,591,592,593,:
595:76,77,596,597,598,599,600,601,602,609,610,:
596:73,74,75,76,77,85,595,597,598,599,600,601,602,609,:
597:77,595,596,598,599,600,601,602,603,609,610,611,676,:
598:77,95,595,596,597,599,600,601,609,610,611,612,614,615,619,676,:
599:77,87,88,94,95,96,98,100,595,596,597,598,600,609,610,611,612,614,619,:
600:77,93,595,596,597,598,599,601,602,603,604,605,609,610,:
601:595,596,597,598,600,602,603,604,605,606,:
602:77,547,595,596,597,600,601,603,604,605,606,607,608,:
603:291,335,597,600,601,602,604,605,606,607,:
604:547,600,601,602,603,605,606,607,608,:
605:335,600,601,602,603,604,606,607,608,:
606:547,601,602,603,604,605,607,608,:
607:602,603,604,605,606,608,:
608:602,604,605,606,607,:
609:95,595,596,597,598,599,600,610,611,612,613,614,615,616,618,619,673,675,676,:
610:595,597,598,599,600,609,611,612,613,614,615,618,672,673,674,675,676,677,:
611:95,98,100,597,598,599,609,610,612,613,614,615,616,617,618,619,620,673,676,:
612:98,598,599,609,610,611,613,614,615,616,618,619,620,621,622,623,624,627,628,672,673,676,:
613:609,610,611,612,614,616,618,619,620,621,627,628,660,661,672,673,674,675,676,677,680,:
614:100,598,599,609,610,611,612,613,615,616,617,618,619,:
615:100,598,609,610,611,612,614,616,617,:
616:100,116,609,611,612,613,614,615,617,618,619,622,633,:
617:611,614,615,616,:
618:97,98,609,610,611,612,613,614,616,619,620,621,622,623,624,625,626,627,628,673,:
619:52,95,96,97,98,100,102,104,109,598,599,609,611,612,613,614,616,618,620,621,622,623,624,625,:
620:98,611,612,613,618,619,621,622,623,624,625,626,627,628,629,673,:
621:109,612,613,618,619,620,622,623,624,626,627,628,629,630,632,633,641,:
622:98,104,105,108,109,110,112,114,612,616,618,619,620,621,623,626,627,628,629,630,632,640,641,:
623:51,98,104,107,255,257,612,618,619,620,621,622,624,625,626,627,628,:
624:19,51,52,98,255,257,612,618,619,620,621,623,625,626,666,668,:
625:19,51,52,254,255,256,257,618,619,620,623,624,626,666,668,:
626:254,255,257,618,620,621,622,623,624,625,627,628,:
627:109,612,613,618,620,621,622,623,626,628,629,630,631,632,633,640,641,:
628:612,613,618,620,621,622,623,626,627,629,630,631,632,633,658,680,:
629:109,112,620,621,622,627,628,630,631,632,633,634,640,641,642,:
630:112,621,622,627,628,629,631,632,633,640,641,642,643,644,645,646,:
631:627,628,629,630,632,640,641,642,643,:
632:621,622,627,628,629,630,631,633,634,635,640,641,:
633:616,621,627,628,629,630,632,634,635,636,680,:
634:629,632,633,635,636,637,638,639,680,682,:
635:632,633,634,636,637,638,639,680,:
636:633,634,635,637,638,639,:
637:634,635,636,638,639,:
638:634,635,636,637,639,:
639:634,635,636,637,638,:
640:111,112,622,627,629,630,631,632,641,642,643,644,645,646,647,:
641:109,111,112,621,622,627,629,630,631,632,640,642,643,644,645,646,648,:
642:112,629,630,631,640,641,643,644,645,646,647,648,:
643:630,631,640,641,642,644,645,646,647,:
644:630,640,641,642,643,645,647,:
645:112,630,640,641,642,643,644,646,647,648,:
646:112,630,640,641,642,643,645,647,648,:
647:640,642,643,644,645,646,648,:
648:197,198,199,200,201,202,203,204,206,231,641,642,645,646,647,:
649:130,650,651,652,653,654,655,657,:
650:127,129,130,649,651,652,653,654,657,:
651:649,650,652,653,654,655,656,657,:
652:118,123,127,649,650,651,653,654,655,656,657,:
653:117,118,119,123,126,127,130,649,650,651,652,654,655,657,:
654:649,650,651,652,653,655,656,657,:
655:649,651,652,653,654,656,657,:
656:651,652,654,655,657,:
657:123,126,127,128,129,130,649,650,651,652,653,654,655,656,:
658:628,659,660,661,662,663,664,665,666,672,673,:
659:658,660,661,662,663,664,665,666,:
660:613,658,659,661,662,663,664,665,666,672,673,674,:
661:613,658,659,660,662,663,664,672,673,674,675,677,678,680,:
662:658,659,660,661,663,672,673,674,677,678,:
663:290,658,659,660,661,662,664,665,666,667,668,672,673,:
664:286,288,290,658,659,660,661,663,665,666,667,668,669,:
665:658,659,660,663,664,666,667,668,669,670,671,:
666:285,286,287,288,289,290,624,625,658,659,660,663,664,665,667,668,669,670,:
667:663,664,665,666,668,669,670,671,:
668:254,284,285,286,287,289,624,625,663,664,665,666,667,669,670,671,:
669:284,285,286,664,665,666,667,668,670,671,:
670:243,244,248,250,284,665,666,667,668,669,671,:
671:243,244,246,247,248,250,665,667,668,669,670,:
672:610,612,613,658,660,661,662,663,673,674,675,676,677,678,680,:
673:609,610,611,612,613,618,620,658,660,661,662,663,672,674,675,676,677,678,680,:
674:610,613,660,661,662,672,673,675,676,677,678,679,680,:
675:609,610,613,661,672,673,674,676,677,678,:
676:597,598,609,610,611,612,613,672,673,674,675,677,:
677:610,613,661,662,672,673,674,675,676,678,679,680,681,682,:
678:661,662,672,673,674,675,677,679,680,681,682,:
679:674,677,678,680,681,682,:
680:613,628,633,634,635,661,672,673,674,677,678,679,681,682,:
681:677,678,679,680,682,:
682:634,677,678,679,680,681,:
