1:2,3,4,5,6,7,8,9,14,15,19,23,34,35,37,39,42,214,217,223,224,:
2:1,3,4,5,6,7,9,14,22,23,24,25,39,42,43,44,217,224,:
3:1,2,4,5,6,7,14,34,35,214,215,217,223,224,225,228,229,231,238,:
4:1,2,3,5,6,7,8,9,10,12,14,15,17,19,23,35,37,39,40,42,224,231,:
5:1,2,3,4,14,15,16,17,19,21,22,23,33,34,35,36,37,39,42,211,212,214,215,217,223,224,:
6:1,2,3,4,7,8,9,10,11,12,13,35,37,39,:
7:1,2,3,4,6,8,9,10,:
8:1,4,6,7,9,10,12,13,35,37,39,231,233,415,416,:
9:1,2,4,6,7,8,10,11,12,13,39,40,42,:
10:4,6,7,8,9,11,12,13,20,39,40,458,:
11:6,9,10,12,13,458,462,463,464,:
12:4,6,8,9,10,11,13,19,20,37,39,40,42,370,453,:
13:6,8,9,10,11,12,416,425,426,441,442,446,457,458,462,:
14:1,2,3,4,5,15,16,17,18,19,21,22,34,35,36,37,39,211,214,215,223,224,229,230,231,232,233,234,:
15:1,4,5,14,16,17,18,19,20,21,22,33,34,35,36,37,38,39,41,49,211,327,:
16:5,14,15,17,18,19,20,21,22,23,26,30,32,33,34,35,36,37,39,41,42,49,211,:
17:4,5,14,15,16,18,19,20,21,22,34,35,36,37,38,39,40,41,233,234,236,355,368,370,373,:
18:14,15,16,17,19,20,21,35,36,37,38,39,40,41,235,236,327,354,355,367,368,369,370,371,373,:
19:1,4,5,12,14,15,16,17,18,20,21,22,23,33,35,36,37,38,39,40,41,42,94,370,373,:
20:10,12,15,16,17,18,19,21,22,23,37,38,39,40,41,42,92,94,367,368,370,371,372,373,:
21:5,14,15,16,17,18,19,20,22,23,24,26,32,33,34,35,36,37,38,39,40,41,42,49,92,94,373,:
22:2,5,14,15,16,17,19,20,21,23,24,25,26,27,30,32,33,39,41,42,43,49,90,91,92,93,94,95,:
23:1,2,4,5,16,19,20,21,22,24,25,26,27,32,33,39,41,42,43,44,45,92,93,94,95,96,97,:
24:2,21,22,23,25,26,27,28,29,32,33,39,42,43,44,45,91,93,94,95,96,97,:
25:2,22,23,24,26,27,28,33,42,43,44,45,93,95,96,97,:
26:16,21,22,23,24,25,27,28,29,30,32,33,42,43,44,45,46,49,90,91,93,95,:
27:22,23,24,25,26,28,29,30,31,32,33,44,45,46,48,49,91,93,165,:
28:24,25,26,27,29,30,33,44,45,46,165,:
29:24,26,27,28,30,31,32,33,46,47,48,49,91,163,164,165,208,:
30:16,22,26,27,28,29,31,32,33,46,47,48,49,89,90,91,102,163,164,165,209,:
31:27,29,30,32,33,46,47,48,49,101,102,115,141,143,163,164,165,209,:
32:16,21,22,23,24,26,27,29,30,31,33,41,46,47,48,49,89,90,91,92,211,:
33:5,15,16,19,21,22,23,24,25,26,27,28,29,30,31,32,39,41,42,46,47,49,90,91,92,93,94,95,:
34:1,3,5,14,15,16,17,21,35,36,37,210,211,212,214,215,223,224,225,228,229,230,231,232,:
35:1,3,4,5,6,8,14,15,16,17,18,19,21,34,36,37,39,223,224,225,228,229,230,231,232,233,234,236,:
36:5,14,15,16,17,18,19,21,34,35,37,38,39,41,49,211,232,234,235,236,327,328,:
37:1,4,5,6,8,12,14,15,16,17,18,19,20,21,34,35,36,38,39,40,41,231,233,234,235,236,355,370,:
38:15,17,18,19,20,21,36,37,39,40,41,236,354,355,356,367,368,369,370,371,373,:
39:1,2,4,5,6,8,9,10,12,14,15,16,17,18,19,20,21,22,23,24,33,35,36,37,38,40,41,42,:
40:4,9,10,12,17,18,19,20,21,37,38,39,41,42,367,368,369,370,371,372,373,:
41:15,16,17,18,19,20,21,22,23,32,33,36,37,38,39,40,42,49,86,89,90,92,94,370,371,373,:
42:1,2,4,5,9,12,16,19,20,21,22,23,24,25,26,33,39,40,41,43,44,45,94,95,96,97,:
43:2,22,23,24,25,26,42,44,45,95,96,97,:
44:2,23,24,25,26,27,28,42,43,45,:
45:23,24,25,26,27,28,42,43,44,93,95,96,97,:
46:26,27,28,29,30,31,32,33,47,48,162,163,164,165,208,:
47:29,30,31,32,33,46,48,49,89,98,99,100,101,102,115,141,143,164,209,:
48:27,29,30,31,32,46,47,49,101,102,115,138,139,141,143,163,164,165,208,209,:
49:15,16,21,22,26,27,29,30,31,32,33,36,41,47,48,86,89,90,92,98,99,102,211,:
50:51,52,53,54,55,117,120,:
51:50,52,53,54,55,116,117,119,120,:
52:50,51,53,54,55,117,120,:
53:50,51,52,54,55,108,117,:
54:50,51,52,53,55,57,100,101,107,108,109,112,116,117,120,:
55:50,51,52,53,54,117,120,:
56:57,58,59,60,61,62,88,:
57:54,56,58,59,60,61,84,85,86,87,88,108,113,:
58:56,57,59,60,61,62,63,64,88,:
59:56,57,58,60,61,62,63,66,72,76,77,85,:
60:56,57,58,59,61,62,63,65,66,68,72,76,77,78,79,84,85,:
61:56,57,58,59,60,62,63,64,66,72,74,85,88,:
62:56,58,59,60,61,63,64,66,71,72,73,74,:
63:58,59,60,61,62,64,65,66,72,74,:
64:58,61,62,63,72,73,74,:
65:60,63,66,67,68,69,70,71,72,73,76,77,85,:
66:59,60,61,62,63,65,67,68,69,70,71,72,73,76,77,78,85,:
67:65,66,68,69,70,71,72,73,75,76,77,78,85,494,:
68:60,65,66,67,69,70,71,72,76,77,78,79,81,83,84,85,92,371,372,:
69:65,66,67,68,70,71,72,76,77,78,79,80,81,83,84,85,92,94,365,366,367,371,372,373,455,456,:
70:65,66,67,68,69,71,72,73,74,75,76,77,85,92,94,95,494,:
71:62,65,66,67,68,69,70,72,73,74,75,76,77,84,85,89,90,91,92,93,94,95,:
72:59,60,61,62,63,64,65,66,67,68,69,70,71,73,74,75,76,77,79,84,85,86,89,90,91,92,:
73:62,64,65,66,67,70,71,72,74,75,90,91,93,95,:
74:61,62,63,64,70,71,72,73,75,90,91,93,:
75:67,70,71,72,73,74,91,93,95,:
76:59,60,65,66,67,68,69,70,71,72,77,78,79,80,81,82,83,84,85,372,:
77:59,60,65,66,67,68,69,70,71,72,76,78,79,81,83,84,85,:
78:60,66,67,68,69,76,77,79,80,81,82,83,84,85,86,372,:
79:60,68,69,72,76,77,78,80,81,82,83,84,85,86,87,88,89,92,98,99,371,372,:
80:69,76,78,79,81,82,84,85,86,87,88,98,99,106,346,371,372,373,:
81:68,69,76,77,78,79,80,82,83,84,365,366,371,372,:
82:76,78,79,80,81,83,343,346,:
83:68,69,76,77,78,79,81,82,365,366,372,:
84:57,60,68,69,71,72,76,77,78,79,80,81,85,86,87,88,89,90,92,98,99,372,:
85:57,59,60,61,65,66,67,68,69,70,71,72,76,77,78,79,80,84,86,87,88,89,90,92,:
86:41,49,57,72,78,79,80,84,85,87,88,89,90,91,92,98,99,100,:
87:57,79,80,84,85,86,88,89,90,98,99,100,101,102,103,107,:
88:56,57,58,61,79,80,84,85,86,87,89,98,99,100,101,102,107,108,115,:
89:30,32,41,47,49,71,72,79,84,85,86,87,88,90,91,92,93,94,98,99,115,:
90:22,26,30,32,33,41,49,71,72,73,74,84,85,86,87,89,91,92,93,94,95,:
91:22,24,26,27,29,30,32,33,71,72,73,74,75,86,89,90,92,93,94,95,96,97,:
92:20,21,22,23,32,33,41,49,68,69,70,71,72,79,84,85,86,89,90,91,93,94,95,96,371,372,373,:
93:22,23,24,25,26,27,33,45,71,73,74,75,89,90,91,92,94,95,96,97,:
94:19,20,21,22,23,24,33,41,42,69,70,71,89,90,91,92,93,95,96,97,371,372,373,:
95:22,23,24,25,26,33,42,43,45,70,71,73,75,90,91,92,93,94,96,97,:
96:23,24,25,42,43,45,91,92,93,94,95,97,:
97:23,24,25,42,43,45,91,93,94,95,96,:
98:47,49,79,80,84,86,87,88,89,99,100,101,102,103,104,105,106,107,108,:
99:47,49,79,80,84,86,87,88,89,98,100,101,102,103,104,106,:
100:47,54,86,87,88,98,99,101,102,103,104,105,106,107,108,109,:
101:31,47,48,54,87,88,98,99,100,102,103,104,105,107,108,109,110,112,113,115,116,117,:
102:30,31,47,48,49,87,88,98,99,100,101,103,105,107,108,109,110,115,141,143,:
103:87,98,99,100,101,102,104,105,106,107,108,:
104:98,99,100,101,103,105,106,:
105:98,100,101,102,103,104,106,107,108,116,117,:
106:80,98,99,100,103,104,105,:
107:54,87,88,98,100,101,102,103,105,108,109,110,111,112,113,115,116,117,:
108:53,54,57,88,98,100,101,102,103,105,107,109,110,112,113,116,117,:
109:54,100,101,102,107,108,110,111,112,113,114,115,116,117,118,:
110:101,102,107,108,109,111,112,113,116,117,118,119,120,134,:
111:107,109,110,112,116,117,118,123,124,128,133,134,141,184,:
112:54,101,107,108,109,110,111,113,114,115,116,117,:
113:57,101,107,108,109,110,112,114,115,:
114:109,112,113,115,176,177,179,181,:
115:31,47,48,88,89,101,102,107,109,112,113,114,164,:
116:51,54,101,105,107,108,109,110,111,112,117,118,119,120,:
117:50,51,52,53,54,55,101,105,107,108,109,110,111,112,116,118,119,120,:
118:109,110,111,116,117,119,120,134,:
119:51,110,116,117,118,120,:
120:50,51,52,54,55,110,116,117,118,119,:
121:122,123,124,125,126,127,129,133,134,:
122:121,123,124,125,126,127,129,:
123:111,121,122,124,125,126,127,128,129,133,134,135,:
124:111,121,122,123,125,126,127,133,134,135,136,137,138,:
125:121,122,123,124,126,133,134,135,136,137,145,:
126:121,122,123,124,125,127,128,129,130,131,133,134,137,:
127:121,122,123,124,126,128,129,130,131,132,:
128:111,123,126,127,129,130,131,132,183,:
129:121,122,123,126,127,128,130,131,132,:
130:126,127,128,129,131,132,:
131:126,127,128,129,130,132,:
132:127,128,129,130,131,:
133:111,121,123,124,125,126,134,135,136,137,138,139,140,141,145,146,184,:
134:110,111,118,121,123,124,125,126,133,135,136,137,138,139,140,141,184,:
135:123,124,125,133,134,136,137,138,139,140,141,145,146,147,189,:
136:124,125,133,134,135,137,138,139,145,146,147,148,150,156,157,184,189,:
137:124,125,126,133,134,135,136,138,145,146,147,148,156,157,160,184,:
138:48,124,133,134,135,136,137,139,140,141,142,143,145,146,163,164,165,207,208,:
139:48,133,134,135,136,138,140,141,142,143,144,146,207,208,209,:
140:133,134,135,138,139,141,142,143,144,146,189,202,203,207,209,:
141:31,47,48,102,111,133,134,135,138,139,140,142,143,144,209,:
142:138,139,140,141,143,144,192,203,209,272,309,:
143:31,47,48,102,138,139,140,141,142,144,209,:
144:139,140,141,142,143,209,309,:
145:125,133,135,136,137,138,146,147,148,149,150,151,155,156,157,188,189,:
146:133,135,136,137,138,139,140,145,147,148,149,150,156,157,185,186,188,189,199,201,:
147:135,136,137,145,146,148,149,150,151,152,153,154,155,156,157,158,189,:
148:136,137,145,146,147,149,150,151,153,155,156,157,158,159,161,:
149:145,146,147,148,150,151,152,153,155,156,157,158,161,201,204,:
150:136,145,146,147,148,149,151,152,153,154,155,156,157,186,188,189,:
151:145,147,148,149,150,152,153,154,155,:
152:147,149,150,151,153,154,155,:
153:147,148,149,150,151,152,154,155,156,157,:
154:147,150,151,152,153,155,:
155:145,147,148,149,150,151,152,153,154,156,157,:
156:136,137,145,146,147,148,149,150,153,155,157,158,159,160,161,162,166,:
157:136,137,145,146,147,148,149,150,153,155,156,158,159,160,161,162,166,:
158:147,148,149,156,157,159,160,161,162,163,166,167,172,180,:
159:148,156,157,158,160,161,162,166,167,168,169,170,171,172,173,174,179,180,:
160:137,156,157,158,159,161,162,166,167,168,169,172,173,174,176,179,180,181,182,184,:
161:148,149,156,157,158,159,160,162,163,164,165,166,172,174,180,:
162:46,156,157,158,159,160,161,163,164,165,166,174,179,180,184,:
163:29,30,31,46,48,138,158,161,162,164,165,180,207,208,:
164:29,30,31,46,47,48,115,138,161,162,163,165,180,184,208,:
165:27,28,29,30,31,46,48,138,161,162,163,164,201,202,204,207,208,209,:
166:156,157,158,159,160,161,162,167,168,169,170,171,172,173,174,180,:
167:158,159,160,166,168,169,170,171,172,173,174,175,180,:
168:159,160,166,167,169,170,171,172,173,174,175,176,177,178,179,180,:
169:159,160,166,167,168,170,173,174,175,176,177,179,180,182,:
170:159,166,167,168,169,171,172,173,174,:
171:159,166,167,168,170,172,174,:
172:158,159,160,161,166,167,168,170,171,173,174,:
173:159,160,166,167,168,169,170,172,174,175,176,177,178,179,180,:
174:159,160,161,162,166,167,168,169,170,171,172,173,175,176,178,179,180,:
175:167,168,169,173,174,176,177,178,179,180,181,:
176:114,160,168,169,173,174,175,177,178,179,180,181,182,183,184,:
177:114,168,169,173,175,176,178,179,180,181,182,183,:
178:168,173,174,175,176,177,179,180,:
179:114,159,160,162,168,169,173,174,175,176,177,178,180,181,182,183,184,:
180:158,159,160,161,162,163,164,166,167,168,169,173,174,175,176,177,178,179,181,182,184,:
181:114,160,175,176,177,179,180,182,183,184,:
182:160,169,176,177,179,180,181,183,184,:
183:128,176,177,179,181,182,184,:
184:111,133,134,136,137,160,162,164,176,179,180,181,182,183,:
185:146,186,187,188,189,190,191,192,193,199,200,:
186:146,150,185,187,188,189,190,191,192,193,199,:
187:185,186,188,189,190,191,192,193,199,200,201,:
188:145,146,150,185,186,187,189,190,191,192,199,200,201,202,203,204,205,206,:
189:135,136,140,145,146,147,150,185,186,187,188,190,191,192,199,200,201,202,203,:
190:185,186,187,188,189,191,192,193,194,195,199,200,203,:
191:185,186,187,188,189,190,192,193,194,195,196,:
192:142,185,186,187,188,189,190,191,193,194,195,196,197,203,272,:
193:185,186,187,190,191,192,194,195,196,197,198,:
194:190,191,192,193,195,196,197,198,272,309,:
195:190,191,192,193,194,196,197,198,:
196:191,192,193,194,195,197,198,:
197:192,193,194,195,196,198,:
198:193,194,195,196,197,:
199:146,185,186,187,188,189,190,200,201,202,203,204,205,206,207,208,:
200:185,187,188,189,190,199,201,202,203,204,205,206,252,:
201:146,149,165,187,188,189,199,200,202,203,204,205,206,207,208,209,213,:
202:140,165,188,189,199,200,201,203,204,205,206,207,208,209,210,212,213,:
203:140,142,188,189,190,192,199,200,201,202,204,205,206,207,208,209,210,212,213,270,:
204:149,165,188,199,200,201,202,203,205,206,207,208,213,220,221,222,:
205:188,199,200,201,202,203,204,206,207,208,212,213,218,220,221,222,252,253,:
206:188,199,200,201,202,203,204,205,213,220,221,222,252,253,254,:
207:138,139,140,163,165,199,201,202,203,204,205,208,209,210,211,212,213,:
208:29,46,48,138,139,163,164,165,199,201,202,203,204,205,207,209,210,212,213,:
209:30,31,47,48,139,140,141,142,143,144,165,201,202,203,207,208,210,211,212,213,214,:
210:34,202,203,207,208,209,211,212,213,214,215,216,217,:
211:5,14,15,16,32,34,36,49,207,209,210,212,213,214,215,216,223,271,:
212:5,34,202,203,205,207,208,209,210,211,213,214,215,216,217,218,220,222,223,224,:
213:201,202,203,204,205,206,207,208,209,210,211,212,214,215,216,217,218,219,220,221,222,:
214:1,3,5,14,34,209,210,211,212,213,215,216,217,218,219,220,222,223,224,225,:
215:3,5,14,34,210,211,212,213,214,216,217,218,219,220,223,224,225,226,227,228,237,238,248,265,:
216:210,211,212,213,214,215,217,218,219,223,224,225,226,227,237,238,247,248,249,250,252,264,265,266,269,270,271,:
217:1,2,3,5,210,212,213,214,215,216,218,219,220,221,222,223,224,238,:
218:205,212,213,214,215,216,217,219,220,221,222,223,224,238,248,253,:
219:213,214,215,216,217,218,220,221,222,223,224,237,238,239,240,242,247,248,252,253,:
220:204,205,206,212,213,214,215,217,218,219,221,222,248,253,:
221:204,205,206,213,217,218,219,220,222,248,252,253,:
222:204,205,206,212,213,214,217,218,219,220,221,:
223:1,3,5,14,34,35,211,212,214,215,216,217,218,219,224,225,226,227,228,229,230,237,238,265,:
224:1,2,3,4,5,14,34,35,212,214,215,216,217,218,219,223,225,226,228,229,230,231,237,238,:
225:3,34,35,214,215,216,223,224,226,227,228,229,230,231,237,238,239,265,297,:
226:215,216,223,224,225,227,228,229,237,238,239,240,241,242,247,248,264,265,274,284,:
227:215,216,223,225,226,228,237,238,239,240,241,247,248,250,264,265,266,267,269,273,274,275,278,279,280,282,284,:
228:3,34,35,215,223,224,225,226,227,229,230,231,232,233,237,238,296,297,298,:
229:3,14,34,35,223,224,225,226,228,230,231,232,233,234,292,295,296,297,298,:
230:14,34,35,223,224,225,228,229,231,232,233,234,235,292,297,319,:
231:3,4,8,14,34,35,37,224,225,228,229,230,232,233,234,235,236,293,295,296,297,298,:
232:14,34,35,36,228,229,230,231,233,234,235,236,292,319,327,:
233:8,14,17,35,37,228,229,230,231,232,234,235,236,293,295,355,420,:
234:14,17,35,36,37,229,230,231,232,233,235,236,327,355,:
235:18,36,37,230,231,232,233,234,236,327,335,353,354,355,419,420,:
236:17,18,35,36,37,38,231,232,233,234,235,327,353,354,355,356,370,:
237:215,216,219,223,224,225,226,227,228,238,239,240,241,242,243,247,248,265,274,:
238:3,215,216,217,218,219,223,224,225,226,227,228,237,239,240,242,243,247,248,:
239:219,225,226,227,237,238,240,241,242,243,244,247,248,249,274,284,:
240:219,226,227,237,238,239,241,242,243,247,248,249,250,251,252,264,265,273,274,284,:
241:226,227,237,239,240,242,247,248,249,250,251,264,265,273,274,275,276,278,284,:
242:219,226,237,238,239,240,241,243,244,245,246,247,248,:
243:237,238,239,240,242,244,245,246,:
244:239,242,243,245,246,:
245:242,243,244,246,:
246:242,243,244,245,:
247:216,219,226,227,237,238,239,240,241,242,248,249,250,251,252,253,254,256,264,265,274,:
248:215,216,218,219,220,221,226,227,237,238,239,240,241,242,247,249,250,252,253,256,264,265,:
249:216,239,240,241,247,248,250,251,252,253,254,255,256,264,265,266,:
250:216,227,240,241,247,248,249,251,252,253,264,265,266,267,268,269,273,274,:
251:240,241,247,249,250,252,264,265,266,267,268,273,274,276,:
252:200,205,206,216,219,221,240,247,248,249,250,251,253,254,255,256,264,265,:
253:205,206,218,219,220,221,247,248,249,250,252,254,255,256,257,262,:
254:206,247,249,252,253,255,256,257,258,259,261,262,263,:
255:249,252,253,254,256,257,258,259,260,261,262,263,:
256:247,248,249,252,253,254,255,257,258,259,260,261,262,:
257:253,254,255,256,258,259,260,261,262,263,:
258:254,255,256,257,259,260,261,262,263,:
259:254,255,256,257,258,260,261,263,:
260:255,256,257,258,259,261,262,263,:
261:254,255,256,257,258,259,260,262,263,:
262:253,254,255,256,257,258,260,261,263,:
263:254,255,257,258,259,260,261,262,:
264:216,226,227,240,241,247,248,249,250,251,252,265,266,267,268,269,270,273,274,:
265:215,216,223,225,226,227,237,240,241,247,248,249,250,251,252,264,266,267,269,270,273,274,:
266:216,227,249,250,251,264,265,267,268,269,270,271,272,273,274,275,:
267:227,250,251,264,265,266,268,269,270,273,274,275,276,277,278,:
268:250,251,264,266,267,269,273,274,275,276,277,318,:
269:216,227,250,264,265,266,267,268,270,271,272,273,274,319,:
270:203,216,264,265,266,267,269,271,272,:
271:211,216,266,269,270,272,328,:
272:142,192,194,266,269,270,271,309,:
273:227,240,241,250,251,264,265,266,267,268,269,274,275,276,277,278,279,318,:
274:226,227,237,239,240,241,247,250,251,264,265,266,267,268,269,273,275,276,278,279,280,284,:
275:227,241,266,267,268,273,274,276,277,278,279,280,284,:
276:241,251,267,268,273,274,275,277,278,279,:
277:267,268,273,275,276,278,:
278:227,241,267,273,274,275,276,277,279,280,281,282,283,284,:
279:227,273,274,275,276,278,280,281,282,283,284,285,286,:
280:227,274,275,278,279,281,282,283,284,285,286,296,297,:
281:278,279,280,282,283,284,285,286,287,290,291,292,293,295,296,297,298,:
282:227,278,279,280,281,283,284,286,297,:
283:278,279,280,281,282,284,297,298,:
284:226,227,239,240,241,274,275,278,279,280,281,282,283,:
285:279,280,281,286,287,288,289,290,291,:
286:279,280,281,282,285,287,288,290,291,292,:
287:281,285,286,288,289,290,291,292,:
288:285,286,287,289,290,291,:
289:285,287,288,290,:
290:281,285,286,287,288,289,291,292,293,294,295,:
291:281,285,286,287,288,290,292,293,294,295,297,319,336,337,339,:
292:229,230,232,281,286,287,290,291,293,294,295,296,297,298,299,300,319,:
293:231,233,281,290,291,292,294,295,296,297,298,299,300,301,420,:
294:290,291,292,293,295,296,297,299,300,301,336,338,339,340,392,419,420,:
295:229,231,233,281,290,291,292,293,294,296,297,298,299,300,301,420,429,:
296:228,229,231,280,281,292,293,294,295,297,298,299,300,301,:
297:225,228,229,230,231,280,281,282,283,291,292,293,294,295,296,298,299,301,:
298:228,229,231,281,283,292,293,295,296,297,299,300,301,429,:
299:292,293,294,295,296,297,298,300,301,390,393,420,428,429,431,:
300:292,293,294,295,296,298,299,301,388,389,390,391,392,393,417,419,420,429,:
301:293,294,295,296,297,298,299,300,390,393,420,428,429,430,431,:
302:303,304,305,306,307,308,311,312,:
303:302,304,305,307,308,311,312,:
304:302,303,305,306,307,308,309,310,311,312,313,321,:
305:302,303,304,306,307,308,311,312,313,314,315,316,320,321,:
306:302,304,305,307,311,312,313,314,315,320,321,322,325,326,328,:
307:302,303,304,305,306,308,309,310,311,312,:
308:302,303,304,305,307,309,310,:
309:142,144,194,272,304,307,308,310,:
310:304,307,308,309,:
311:302,303,304,305,306,307,312,313,314,315,316,317,319,321,:
312:302,303,304,305,306,307,311,313,314,316,317,:
313:304,305,306,311,312,314,315,316,317,318,319,321,:
314:305,306,311,312,313,315,316,317,321,330,337,:
315:305,306,311,313,314,316,320,321,329,330,334,335,336,337,:
316:305,311,312,313,314,315,317,318,319,:
317:311,312,313,314,316,318,319,:
318:268,273,313,316,317,319,:
319:230,232,269,291,292,311,313,316,317,318,:
320:305,306,315,321,322,323,324,325,326,327,329,330,:
321:304,305,306,311,313,314,315,320,322,323,325,326,328,329,330,:
322:306,320,321,323,324,325,326,327,328,329,330,331,:
323:320,321,322,324,325,326,327,329,330,331,332,334,342,348,:
324:320,322,323,325,327,329,330,331,332,333,341,342,343,344,346,347,348,353,:
325:306,320,321,322,323,324,326,327,328,329,330,:
326:306,320,321,322,323,325,327,328,:
327:15,18,36,232,234,235,236,320,322,323,324,325,326,328,329,330,:
328:36,271,306,321,322,325,326,327,:
329:315,320,321,322,323,324,325,327,330,331,332,333,334,335,348,:
330:314,315,320,321,322,323,324,325,327,329,331,332,334,335,:
331:322,323,324,329,330,332,333,334,335,336,348,352,353,:
332:323,324,329,330,331,333,334,335,348,:
333:324,329,331,332,334,347,348,349,350,352,:
334:315,323,329,330,331,332,333,335,336,337,338,340,421,:
335:235,315,329,330,331,332,334,336,337,338,339,340,419,421,:
336:291,294,315,331,334,335,337,338,339,340,419,420,421,:
337:291,314,315,334,335,336,338,339,340,:
338:294,334,335,336,337,339,340,419,420,421,:
339:291,294,335,336,337,338,340,419,420,421,:
340:294,334,335,336,337,338,339,418,419,420,421,:
341:324,342,343,344,345,346,347,348,:
342:323,324,341,343,344,346,347,348,:
343:82,324,341,342,344,345,346,347,348,349,:
344:324,341,342,343,345,346,347,348,349,350,351,352,358,:
345:341,343,344,346,347,348,349,350,351,357,358,359,362,363,364,:
346:80,82,324,341,342,343,344,345,347,348,:
347:324,333,341,342,343,344,345,346,348,349,350,351,352,353,354,356,358,:
348:323,324,329,331,332,333,341,342,343,344,345,346,347,349,350,352,353,:
349:333,343,344,345,347,348,350,351,352,353,354,356,358,369,:
350:333,344,345,347,348,349,351,352,353,357,358,375,:
351:344,345,347,349,350,352,357,358,359,360,362,374,375,378,379,382,:
352:331,333,344,347,348,349,350,351,353,354,355,356,418,:
353:235,236,324,331,347,348,349,350,352,354,355,356,369,418,:
354:18,38,235,236,347,349,352,353,355,356,368,369,370,417,418,:
355:17,18,37,38,233,234,235,236,352,353,354,356,368,369,370,417,418,:
356:38,236,347,349,352,353,354,355,364,367,368,369,370,414,417,418,:
357:345,350,351,358,359,360,361,362,363,374,375,:
358:344,345,347,349,350,351,357,359,360,362,363,364,374,375,:
359:345,351,357,358,360,361,362,363,364,374,375,376,:
360:351,357,358,359,361,362,363,374,375,376,377,379,380,382,:
361:357,359,360,362,374,375,376,377,379,380,381,382,:
362:345,351,357,358,359,360,361,363,364,365,374,375,382,384,450,451,:
363:345,357,358,359,360,362,364,365,366,367,369,450,451,452,:
364:345,356,358,359,362,363,365,366,367,368,369,370,371,447,449,450,452,453,:
365:69,81,83,362,363,364,366,367,368,369,370,371,372,373,449,452,453,454,455,456,:
366:69,81,83,363,364,365,367,368,369,371,372,373,449,452,453,454,455,456,:
367:18,20,38,40,69,356,363,364,365,366,368,369,370,371,372,373,453,455,:
368:17,18,20,38,40,354,355,356,364,365,366,367,369,370,371,372,373,:
369:18,38,40,349,353,354,355,356,363,364,365,366,367,368,370,371,373,:
370:12,17,18,19,20,37,38,40,41,236,354,355,356,364,365,367,368,369,371,372,373,:
371:18,20,38,40,41,68,69,79,80,81,92,94,364,365,366,367,368,369,370,372,373,453,455,:
372:20,40,68,69,76,78,79,80,81,83,84,92,94,365,366,367,368,370,371,373,455,456,:
373:17,18,19,20,21,38,40,41,69,80,92,94,365,366,367,368,369,370,371,372,:
374:351,357,358,359,360,361,362,375,376,377,378,379,380,381,382,:
375:350,351,357,358,359,360,361,362,374,376,377,378,379,380,382,:
376:359,360,361,374,375,377,378,379,380,381,382,:
377:360,361,374,375,376,378,379,380,:
378:351,374,375,376,377,379,:
379:351,360,361,374,375,376,377,378,380,381,382,383,384,:
380:360,361,374,375,376,377,379,381,382,383,384,385,:
381:361,374,376,379,380,382,383,384,385,:
382:351,360,361,362,374,375,376,379,380,381,383,384,385,:
383:379,380,381,382,384,385,411,477,:
384:362,379,380,381,382,383,385,406,407,446,448,:
385:380,381,382,383,384,406,407,408,443,446,448,:
386:387,388,389,390,391,392,393,394,395,396,404,413,:
387:386,388,389,391,392,393,394,395,396,:
388:300,386,387,389,390,391,392,393,394,395,396,397,404,413,:
389:300,386,387,388,390,391,392,393,395,396,397,398,399,400,403,404,412,413,423,:
390:299,300,301,386,388,389,391,393,395,396,397,398,399,403,404,412,413,414,415,417,422,423,424,427,428,429,430,431,432,:
391:300,386,387,388,389,390,392,393,394,395,396,:
392:294,300,386,387,388,389,391,393,394,:
393:299,300,301,386,387,388,389,390,391,392,394,395,396,430,431,:
394:386,387,388,391,392,393,:
395:386,387,388,389,390,391,393,396,397,398,399,400,401,403,404,413,423,:
396:386,387,388,389,390,391,393,395,397,398,400,403,404,:
397:388,389,390,395,396,398,399,400,401,402,403,404,405,423,:
398:389,390,395,396,397,399,400,401,402,403,404,405,406,407,408,412,413,422,423,434,439,:
399:389,390,395,397,398,400,401,403,404,405,406,407,412,413,422,423,424,425,427,433,434,435,438,439,440,:
400:389,395,396,397,398,399,401,402,403,404,:
401:395,397,398,399,400,402,403,404,:
402:397,398,400,401,:
403:389,390,395,396,397,398,399,400,401,404,405,406,407,408,409,411,412,413,423,434,:
404:386,388,389,390,395,396,397,398,399,400,401,403,405,406,408,409,410,412,413,:
405:397,398,399,403,404,406,407,408,409,410,411,412,413,414,423,434,:
406:384,385,398,399,403,404,405,407,408,409,412,413,414,415,416,417,422,423,433,434,442,:
407:384,385,398,399,403,405,406,408,412,413,414,415,416,422,423,425,433,434,435,436,438,441,442,443,:
408:385,398,403,404,405,406,407,409,410,411,412,413,:
409:403,404,405,406,408,410,411,:
410:404,405,408,409,411,:
411:383,403,405,408,409,410,:
412:389,390,398,399,403,404,405,406,407,408,413,414,415,416,417,418,422,423,434,:
413:386,388,389,390,395,398,399,403,404,405,406,407,408,412,414,415,417,418,419,422,423,:
414:356,390,405,406,407,412,413,415,416,417,418,419,422,423,424,434,442,:
415:8,390,406,407,412,413,414,416,417,418,422,423,424,425,427,433,434,442,:
416:8,13,406,407,412,414,415,417,422,423,424,425,426,433,434,441,442,446,:
417:300,354,355,356,390,406,412,413,414,415,416,418,419,420,421,422,423,:
418:340,352,353,354,355,356,412,413,414,415,417,419,420,421,:
419:235,294,300,335,336,338,339,340,413,414,417,418,420,421,:
420:233,235,293,294,295,299,300,301,336,338,339,340,417,418,419,421,:
421:334,335,336,338,339,340,417,418,419,420,:
422:390,398,399,406,407,412,413,414,415,416,417,423,424,425,426,427,428,429,433,434,442,:
423:389,390,395,397,398,399,403,405,406,407,412,413,414,415,416,417,422,424,425,427,428,429,430,433,434,:
424:390,399,414,415,416,422,423,425,426,427,428,429,430,433,434,435,442,:
425:13,399,407,415,416,422,423,424,426,427,428,433,434,435,436,438,439,440,441,442,:
426:13,416,422,424,425,427,433,434,435,436,440,441,442,:
427:390,399,415,422,423,424,425,426,428,429,430,431,432,433,434,:
428:299,301,390,422,423,424,425,427,429,430,431,432,:
429:295,298,299,300,301,390,422,423,424,427,428,430,431,432,:
430:301,390,393,423,424,427,428,429,431,432,:
431:299,301,390,393,427,428,429,430,432,:
432:390,427,428,429,430,431,:
433:399,406,407,415,416,422,423,424,425,426,427,434,435,436,437,438,439,440,441,442,:
434:398,399,403,405,406,407,412,414,415,416,422,423,424,425,426,427,433,435,436,438,439,440,441,442,:
435:399,407,424,425,426,433,434,436,437,438,439,440,441,442,443,466,471,:
436:407,425,426,433,434,435,437,438,439,440,441,442,443,444,445,446,457,458,465,466,470,471,:
437:433,435,436,438,441,442,443,444,445,457,458,460,465,466,467,468,470,471,472,475,476,477,480,:
438:399,407,425,433,434,435,436,437,439,440,441,442,:
439:398,399,425,433,434,435,436,438,440,:
440:399,425,426,433,434,435,436,438,439,:
441:13,407,416,425,426,433,434,435,436,437,438,442,443,444,445,446,447,457,458,466,471,:
442:13,406,407,414,415,416,422,424,425,426,433,434,435,436,437,438,441,443,444,446,457,458,:
443:385,407,435,436,437,441,442,444,445,446,447,448,449,457,458,459,471,486,:
444:436,437,441,442,443,445,446,447,448,449,457,458,459,460,461,462,465,466,470,471,480,485,486,:
445:436,437,441,443,444,446,447,448,449,457,458,459,460,461,465,466,470,471,472,473,475,479,480,481,484,485,486,:
446:13,384,385,416,436,441,442,443,444,445,447,448,449,450,452,453,457,458,:
447:364,441,443,444,445,446,448,449,450,451,452,453,454,455,457,458,486,:
448:384,385,443,444,445,446,447,449,450,451,452,453,454,485,486,:
449:364,365,366,443,444,445,446,447,448,450,451,452,453,454,455,456,486,:
450:362,363,364,446,447,448,449,451,452,453,454,456,485,486,488,:
451:362,363,447,448,449,450,452,454,485,486,488,:
452:363,364,365,366,446,447,448,449,450,451,453,454,455,456,485,486,488,:
453:12,364,365,366,367,371,446,447,448,449,450,452,454,455,456,:
454:365,366,447,448,449,450,451,452,453,455,456,487,488,489,492,:
455:69,365,366,367,371,372,447,449,452,453,454,456,492,495,:
456:69,365,366,372,449,450,452,453,454,455,487,488,489,492,494,:
457:13,436,437,441,442,443,444,445,446,447,458,459,460,461,462,463,465,466,471,480,:
458:10,11,13,436,437,441,442,443,444,445,446,447,457,459,460,462,463,465,466,:
459:443,444,445,457,458,460,461,462,463,464,465,466,467,471,480,:
460:437,444,445,457,458,459,461,462,463,464,465,466,467,468,469,470,471,479,480,:
461:444,445,457,459,460,462,463,465,466,467,468,469,470,471,473,479,480,481,482,484,515,:
462:11,13,444,457,458,459,460,461,463,464,465,466,495,:
463:11,457,458,459,460,461,462,464,465,466,495,514,515,:
464:11,459,460,462,463,514,:
465:436,437,444,445,457,458,459,460,461,462,463,466,467,468,469,470,471,480,:
466:435,436,437,441,444,445,457,458,459,460,461,462,463,465,467,468,470,471,:
467:437,459,460,461,465,466,468,469,470,471,472,480,:
468:437,460,461,465,466,467,469,470,471,472,473,474,475,479,480,:
469:460,461,465,467,468,470,471,472,473,474,479,480,:
470:436,437,444,445,460,461,465,466,467,468,469,471,472,473,474,475,476,479,480,:
471:435,436,437,441,443,444,445,457,459,460,461,465,466,467,468,469,470,472,473,475,476,479,480,:
472:437,445,467,468,469,470,471,473,474,475,476,477,478,479,480,481,:
473:445,461,468,469,470,471,472,474,475,476,479,480,481,482,483,484,486,:
474:468,469,470,472,473,475,479,480,481,482,483,:
475:437,445,468,470,471,472,473,474,476,477,478,479,480,:
476:437,470,471,472,473,475,477,478,:
477:383,437,472,475,476,478,:
478:472,475,476,477,:
479:445,460,461,468,469,470,471,472,473,474,475,480,481,482,483,484,485,486,:
480:437,444,445,457,459,460,461,465,467,468,469,470,471,472,473,474,475,479,481,482,484,485,486,:
481:445,461,472,473,474,479,480,482,483,484,485,486,488,:
482:461,473,474,479,480,481,483,484,485,:
483:473,474,479,481,482,484,:
484:445,461,473,479,480,481,482,483,485,486,487,488,489,491,492,:
485:444,445,448,450,451,452,479,480,481,482,484,486,487,488,489,492,:
486:443,444,445,447,448,449,450,451,452,473,479,480,481,484,485,487,488,:
487:454,456,484,485,486,488,489,490,491,492,493,:
488:450,451,452,454,456,481,484,485,486,487,489,490,491,492,:
489:454,456,484,485,487,488,490,491,492,493,494,495,:
490:487,488,489,491,492,493,494,:
491:484,487,488,489,490,492,493,515,:
492:454,455,456,484,485,487,488,489,490,491,493,494,495,:
493:487,489,490,491,492,494,495,:
494:67,70,456,489,490,492,493,495,:
495:455,462,463,489,492,493,494,513,515,:
496:497,498,499,500,501,502,503,504,506,507,508,:
497:496,498,499,501,502,503,504,506,507,508,:
498:496,497,499,500,501,502,503,504,506,507,508,509,:
499:496,497,498,500,501,502,507,508,509,510,512,513,:
500:496,498,499,501,507,508,509,510,512,513,:
501:496,497,498,499,500,502,503,504,505,506,507,508,:
502:496,497,498,499,501,503,504,505,506,:
503:496,497,498,501,502,504,505,506,:
504:496,497,498,501,502,503,505,506,:
505:501,502,503,504,506,:
506:496,497,498,501,502,503,504,505,:
507:496,497,498,499,500,501,508,509,510,511,512,513,514,:
508:496,497,498,499,500,501,507,509,510,511,512,513,:
509:498,499,500,507,508,510,511,512,513,514,515,:
510:499,500,507,508,509,511,512,513,514,:
511:507,508,509,510,512,514,:
512:499,500,507,508,509,510,511,513,514,515,:
513:495,499,500,507,508,509,510,512,514,515,:
514:463,464,507,509,510,511,512,513,515,:
515:461,463,491,495,509,512,513,514,:
