1:2,3,4,5,6,17,18,19,20,21,22,185,289,308,309,:
2:1,3,4,5,6,17,18,19,20,21,22,174,177,180,184,185,309,:
3:1,2,4,5,6,17,18,21,289,307,308,309,413,:
4:1,2,3,5,6,7,17,18,19,20,21,22,185,188,259,260,261,262,289,290,308,309,:
5:1,2,3,4,6,7,8,17,18,19,20,21,22,23,24,135,137,185,188,260,262,264,:
6:1,2,3,4,5,7,8,9,16,17,18,19,20,21,22,23,24,25,180,263,265,329,:
7:4,5,6,8,9,10,11,15,16,19,20,21,22,23,24,25,30,31,133,134,135,136,177,178,180,:
8:5,6,7,9,10,11,12,13,15,16,21,22,23,24,25,26,27,28,30,31,180,182,329,:
9:6,7,8,10,11,12,13,15,16,21,22,23,24,25,26,27,28,29,30,31,327,328,329,330,361,363,:
10:7,8,9,11,12,13,15,16,25,26,27,28,29,31,329,330,361,387,389,390,392,393,394,:
11:7,8,9,10,12,13,14,15,16,25,26,27,28,29,30,31,390,392,394,489,:
12:8,9,10,11,13,14,15,16,26,27,28,29,30,31,54,73,74,75,358,487,488,489,:
13:8,9,10,11,12,14,15,16,23,27,28,29,30,31,53,54,73,94,95,134,154,489,:
14:11,12,13,15,16,29,30,51,52,53,54,55,73,93,94,95,117,134,154,489,:
15:7,8,9,10,11,12,13,14,16,23,24,25,27,28,29,30,31,94,95,133,134,154,:
16:6,7,8,9,10,11,12,13,14,15,21,23,24,25,26,27,28,29,30,31,178,179,180,181,182,183,:
17:1,2,3,4,5,6,18,19,20,21,22,259,260,261,262,263,308,309,413,:
18:1,2,3,4,5,6,17,19,20,21,22,185,187,188,195,196,259,260,262,289,290,308,309,:
19:1,2,4,5,6,7,17,18,20,21,22,23,24,132,133,135,137,188,260,261,262,263,264,265,:
20:1,2,4,5,6,7,17,18,19,21,22,23,24,133,135,136,137,175,177,184,185,187,188,:
21:1,2,3,4,5,6,7,8,9,16,17,18,19,20,22,23,24,25,31,177,178,180,182,413,414,:
22:1,2,4,5,6,7,8,9,17,18,19,20,21,23,24,25,261,263,264,265,328,329,413,:
23:5,6,7,8,9,13,15,16,19,20,21,22,24,25,30,31,116,132,133,134,135,264,265,:
24:5,6,7,8,9,15,16,19,20,21,22,23,25,30,31,133,134,135,136,137,177,178,179,180,:
25:6,7,8,9,10,11,15,16,21,22,23,24,26,27,28,30,31,178,180,182,183,329,414,:
26:8,9,10,11,12,16,25,27,28,29,31,329,330,387,389,390,392,393,394,395,396,:
27:8,9,10,11,12,13,15,16,25,26,28,29,329,330,357,358,359,361,363,386,387,388,389,390,392,393,489,:
28:8,9,10,11,12,13,15,16,25,26,27,29,31,74,76,77,181,183,389,390,391,392,394,396,:
29:9,10,11,12,13,14,15,16,26,27,28,31,53,54,55,73,74,75,357,358,361,388,390,391,487,488,489,:
30:7,8,9,11,12,13,14,15,16,23,24,25,31,94,95,132,133,134,135,136,150,154,:
31:7,8,9,10,11,12,13,15,16,21,23,24,25,26,28,29,30,154,177,178,179,180,181,182,183,:
32:33,34,35,36,37,38,45,46,:
33:32,34,35,36,37,38,45,:
34:32,33,35,36,37,38,39,40,45,46,47,92,:
35:32,33,34,36,37,38,45,46,47,48,49,50,92,:
36:32,33,34,35,37,45,46,47,48,49,50,501,502,:
37:32,33,34,35,36,38,39,40,41,45,46,92,:
38:32,33,34,35,37,39,40,41,:
39:34,37,38,40,41,42,43,44,:
40:34,37,38,39,41,42,43,44,:
41:37,38,39,40,42,43,44,:
42:39,40,41,43,44,:
43:39,40,41,42,44,:
44:39,40,41,42,43,:
45:32,33,34,35,36,37,46,47,48,49,50,51,52,56,57,84,89,92,507,:
46:32,34,35,36,37,45,47,48,49,50,51,52,53,84,86,88,89,90,91,92,:
47:34,35,36,45,46,48,49,50,51,52,53,56,57,58,67,84,494,:
48:35,36,45,46,47,49,50,51,52,56,57,58,59,61,66,67,83,84,494,:
49:35,36,45,46,47,48,50,51,52,56,57,58,59,60,66,67,83,84,85,89,:
50:35,36,45,46,47,48,49,51,52,53,54,55,56,57,67,494,505,507,509,:
51:14,45,46,47,48,49,50,52,53,54,55,56,57,66,67,84,88,89,93,488,:
52:14,45,46,47,48,49,50,51,53,54,55,56,57,59,66,67,68,69,71,72,83,84,88,89,90,92,93,:
53:13,14,29,46,47,50,51,52,54,55,67,89,93,95,487,488,489,509,510,:
54:12,13,14,29,50,51,52,53,55,89,93,94,95,487,488,489,:
55:14,29,50,51,52,53,54,358,486,487,488,489,507,508,509,510,:
56:45,47,48,49,50,51,52,57,58,59,60,61,62,66,67,84,494,:
57:45,47,48,49,50,51,52,56,58,59,61,62,66,67,490,491,493,494,:
58:47,48,49,56,57,59,60,61,62,63,66,67,68,84,:
59:48,49,52,56,57,58,60,61,62,66,67,68,69,71,72,83,84,:
60:49,56,58,59,61,66,67,68,69,83,84,:
61:48,56,57,58,59,60,62,63,64,65,66,67,:
62:56,57,58,59,61,63,64,65,494,:
63:58,61,62,64,65,:
64:61,62,63,65,498,:
65:61,62,63,64,:
66:48,49,51,52,56,57,58,59,60,61,67,68,69,70,71,72,83,84,89,:
67:47,48,49,50,51,52,53,56,57,58,59,60,61,66,68,69,71,72,83,84,89,:
68:52,58,59,60,66,67,69,70,71,72,73,83,84,85,89,:
69:52,59,60,66,67,68,70,71,72,83,84,85,86,88,89,:
70:66,68,69,71,83,84,85,86,88,89,141,142,151,156,:
71:52,59,66,67,68,69,70,72,73,74,83,84,89,154,:
72:52,59,66,67,68,69,71,73,74,75,76,77,78,488,:
73:12,13,14,29,68,71,72,74,75,76,77,78,79,80,81,154,488,:
74:12,28,29,71,72,73,75,76,77,78,79,80,81,82,391,480,487,488,:
75:12,29,72,73,74,76,77,78,80,81,82,390,391,480,486,487,488,489,:
76:28,72,73,74,75,77,78,79,80,81,82,391,480,488,:
77:28,72,73,74,75,76,78,79,80,81,82,181,:
78:72,73,74,75,76,77,79,80,82,181,:
79:73,74,76,77,78,80,81,82,181,183,:
80:73,74,75,76,77,78,79,81,82,390,391,392,394,477,479,480,488,:
81:73,74,75,76,77,79,80,82,390,391,392,394,476,477,478,479,480,481,487,488,:
82:74,75,76,77,78,79,80,81,390,391,394,476,477,480,:
83:48,49,52,59,60,66,67,68,69,70,71,84,85,86,87,88,89,:
84:45,46,47,48,49,51,52,56,58,59,60,66,67,68,69,70,71,83,85,86,88,89,:
85:49,68,69,70,83,84,86,87,88,89,90,:
86:46,69,70,83,84,85,87,88,89,90,91,92,93,143,:
87:83,85,86,88,89,90,91,92,96,143,144,146,:
88:46,51,52,69,70,83,84,85,86,87,89,90,91,92,93,94,95,96,139,:
89:45,46,49,51,52,53,54,66,67,68,69,70,71,83,84,85,86,87,88,90,91,92,93,94,95,:
90:46,52,85,86,87,88,89,91,92,93,94,95,96,97,98,122,138,139,:
91:46,86,87,88,89,90,92,93,94,96,97,98,99,100,101,102,122,:
92:34,35,37,45,46,52,86,87,88,89,90,91,93,96,97,98,99,:
93:14,51,52,53,54,86,88,89,90,91,92,94,95,96,97,115,117,122,138,139,:
94:13,14,15,30,54,88,89,90,91,93,95,117,122,129,130,134,138,139,140,149,150,154,:
95:13,14,15,30,53,54,88,89,90,93,94,116,117,129,130,133,134,138,139,149,150,154,:
96:87,88,90,91,92,93,97,98,99,100,101,102,119,122,:
97:90,91,92,93,96,98,99,100,101,102,118,119,120,121,122,:
98:90,91,92,96,97,99,100,101,102,103,119,:
99:91,92,96,97,98,100,101,102,119,:
100:91,96,97,98,99,101,108,109,112,113,118,119,122,:
101:91,96,97,98,99,100,102,103,104,105,119,:
102:91,96,97,98,99,101,103,104,105,146,148,:
103:98,101,102,104,105,146,148,:
104:101,102,103,105,124,125,146,147,148,:
105:101,102,103,104,:
106:107,108,109,110,111,112,118,119,224,226,227,:
107:106,108,109,110,111,223,224,225,226,227,:
108:100,106,107,109,110,111,112,113,114,118,119,120,224,227,:
109:100,106,107,108,110,111,112,113,114,118,119,120,121,123,126,223,224,:
110:106,107,108,109,111,112,114,118,119,120,123,126,218,223,224,225,227,:
111:106,107,108,109,110,112,113,114,115,116,118,119,244,:
112:100,106,108,109,110,111,113,114,115,116,117,118,119,244,:
113:100,108,109,111,112,114,115,116,117,119,:
114:108,109,110,111,112,113,115,116,117,118,119,120,121,127,128,264,265,:
115:93,111,112,113,114,116,117,361,363,:
116:23,95,111,112,113,114,115,117,121,127,128,129,132,264,265,:
117:14,93,94,95,112,113,114,115,116,361,363,:
118:97,100,106,108,109,110,111,112,114,119,120,121,122,123,124,126,127,128,224,:
119:96,97,98,99,100,101,106,108,109,110,111,112,113,114,118,120,121,122,123,126,127,:
120:97,108,109,110,114,118,119,121,122,123,124,125,126,127,128,129,218,:
121:97,109,114,116,118,119,120,122,123,124,125,126,127,128,129,130,131,132,138,:
122:90,91,93,94,96,97,100,118,119,120,121,123,124,127,128,129,130,131,138,139,146,:
123:109,110,118,119,120,121,122,124,125,126,127,128,217,218,:
124:104,118,120,121,122,123,125,126,127,128,131,146,147,148,210,211,212,:
125:104,120,121,123,124,126,147,148,210,211,212,213,214,:
126:109,110,118,119,120,121,123,124,125,:
127:114,116,118,119,120,121,122,123,124,128,129,130,131,132,133,138,139,210,:
128:114,116,118,120,121,122,123,124,127,129,130,131,132,194,210,215,218,:
129:94,95,116,120,121,122,127,128,130,131,132,133,134,135,137,138,139,140,150,210,:
130:94,95,121,122,127,128,129,131,132,133,134,135,138,139,140,141,143,144,145,146,149,150,210,:
131:121,122,124,127,128,129,130,132,133,138,139,140,143,144,145,146,147,150,199,200,205,209,210,211,:
132:19,23,30,116,121,127,128,129,130,131,133,134,135,136,137,138,139,150,194,:
133:7,15,19,20,23,24,30,95,127,129,130,131,132,134,135,136,137,138,139,149,150,188,:
134:7,13,14,15,23,24,30,94,95,129,130,132,133,135,136,137,138,139,141,149,150,151,154,:
135:5,7,19,20,23,24,30,129,130,132,133,134,136,137,149,150,153,175,177,187,188,:
136:7,20,24,30,132,133,134,135,137,149,150,151,152,153,154,173,174,175,176,177,178,184,188,204,206,207,208,:
137:5,19,20,24,129,132,133,134,135,136,150,175,176,177,184,186,187,188,190,193,194,197,198,199,203,:
138:90,93,94,95,121,122,127,129,130,131,132,133,134,139,140,141,142,143,144,145,146,149,150,:
139:88,90,93,94,95,122,127,129,130,131,132,133,134,138,140,141,142,143,144,149,150,151,:
140:94,129,130,131,138,139,141,142,143,144,145,146,149,150,151,205,:
141:70,130,134,138,139,140,142,143,144,149,150,151,152,153,154,155,156,205,207,:
142:70,138,139,140,141,143,149,150,151,152,153,155,156,205,207,:
143:86,87,130,131,138,139,140,141,142,144,145,146,147,148,149,150,:
144:87,130,131,138,139,140,141,143,145,146,147,148,:
145:130,131,138,140,143,144,146,147,148,210,:
146:87,102,103,104,122,124,130,131,138,140,143,144,145,147,148,:
147:104,124,125,131,143,144,145,146,148,210,211,:
148:102,103,104,124,125,143,144,145,146,147,:
149:94,95,130,133,134,135,136,138,139,140,141,142,143,150,151,152,153,154,155,156,205,207,:
150:30,94,95,129,130,131,132,133,134,135,136,137,138,139,140,141,142,143,149,151,152,153,154,:
151:70,134,136,139,140,141,142,149,150,152,153,154,155,156,157,207,:
152:136,141,142,149,150,151,153,154,155,156,157,158,159,160,167,168,173,206,207,:
153:135,136,141,142,149,150,151,152,154,155,156,157,158,159,167,168,172,173,174,176,177,179,204,206,207,208,:
154:13,14,15,30,31,71,73,94,95,134,136,141,149,150,151,152,153,155,156,179,:
155:141,142,149,151,152,153,154,156,157,158,159,160,161,167,168,173,207,:
156:70,141,142,149,151,152,153,154,155,157,158,159,160,161,:
157:151,152,153,155,156,158,159,160,161,162,167,168,169,173,207,:
158:152,153,155,156,157,159,160,161,167,168,169,170,172,173,:
159:152,153,155,156,157,158,160,167,168,169,170,172,173,179,181,:
160:152,155,156,157,158,159,161,162,163,164,166,167,168,:
161:155,156,157,158,160,162,163,164,165,166,167,168,:
162:157,160,161,163,164,165,166,:
163:160,161,162,164,165,166,:
164:160,161,162,163,165,166,:
165:161,162,163,164,166,:
166:160,161,162,163,164,165,:
167:152,153,155,157,158,159,160,161,168,169,170,171,172,173,:
168:152,153,155,157,158,159,160,161,167,169,170,172,173,207,208,:
169:157,158,159,167,168,170,171,172,173,174,:
170:158,159,167,168,169,171,172,173,174,175,176,177,178,179,:
171:167,169,170,172,173,174,177,178,179,180,:
172:153,158,159,167,168,169,170,171,173,174,175,176,177,178,179,184,185,208,:
173:136,152,153,155,157,158,159,167,168,169,170,171,172,174,175,176,177,178,179,206,207,208,:
174:2,136,153,169,170,171,172,173,175,176,177,178,179,180,184,185,186,:
175:20,135,136,137,170,172,173,174,176,177,178,184,185,186,187,188,189,208,:
176:136,137,153,170,172,173,174,175,177,184,185,186,187,188,203,204,206,207,208,:
177:2,7,20,21,24,31,135,136,137,153,170,171,172,173,174,175,176,178,179,180,181,182,184,185,:
178:7,16,21,24,25,31,136,170,171,172,173,174,175,177,179,180,181,182,183,:
179:16,24,31,153,154,159,170,171,172,173,174,177,178,180,181,182,183,:
180:2,6,7,8,16,21,24,25,31,171,174,177,178,179,181,182,183,:
181:16,28,31,77,78,79,159,177,178,179,180,182,183,:
182:8,16,21,25,31,177,178,179,180,181,183,414,:
183:16,25,28,31,79,178,179,180,181,182,396,:
184:2,20,136,137,172,174,175,176,177,185,186,187,188,189,190,191,:
185:1,2,4,5,18,20,172,174,175,176,177,184,186,187,188,189,:
186:137,174,175,176,184,185,187,188,189,190,191,192,198,:
187:18,20,135,137,175,176,184,185,186,188,189,190,191,192,193,194,195,197,198,290,:
188:4,5,18,19,20,133,135,136,137,175,176,184,185,186,187,189,190,191,192,193,194,195,197,198,:
189:175,184,185,186,187,188,190,191,290,:
190:137,184,186,187,188,189,191,192,193,194,195,196,197,198,290,:
191:184,186,187,188,189,190,192,193,195,196,197,198,290,:
192:186,187,188,190,191,193,194,195,196,197,198,199,290,:
193:137,187,188,190,191,192,194,195,197,198,199,200,201,202,209,210,215,:
194:128,132,137,187,188,190,192,193,195,197,198,199,200,201,209,210,214,215,219,220,:
195:18,187,188,190,191,192,193,194,196,197,198,290,:
196:18,190,191,192,195,235,273,284,285,286,289,290,:
197:137,187,188,190,191,192,193,194,195,198,199,200,201,202,203,209,210,215,:
198:137,186,187,188,190,191,192,193,194,195,197,199,200,201,202,203,204,:
199:131,137,192,193,194,197,198,200,201,202,203,204,205,209,210,211,215,:
200:131,193,194,197,198,199,201,202,203,209,210,211,212,214,215,:
201:193,194,197,198,199,200,202,209,210,211,212,214,215,220,:
202:193,197,198,199,200,201,203,204,205,206,209,210,:
203:137,176,197,198,199,200,202,204,205,206,207,208,:
204:136,153,176,198,199,202,203,205,206,207,208,:
205:131,140,141,142,149,199,202,203,204,206,207,208,:
206:136,152,153,173,176,202,203,204,205,207,208,:
207:136,141,142,149,151,152,153,155,157,168,173,176,203,204,205,206,208,:
208:136,153,168,172,173,175,176,203,204,205,206,207,:
209:131,193,194,197,199,200,201,202,210,211,212,213,214,215,:
210:124,125,127,128,129,130,131,145,147,193,194,197,199,200,201,202,209,211,212,214,215,:
211:124,125,131,147,199,200,201,209,210,212,213,214,215,216,:
212:124,125,200,201,209,210,211,213,214,215,216,217,218,219,220,:
213:125,209,211,212,214,215,216,217,:
214:125,194,200,201,209,210,211,212,213,215,216,217,218,219,220,221,:
215:128,193,194,197,199,200,201,209,210,211,212,213,214,216,217,218,219,220,:
216:211,212,213,214,215,217,218,219,220,221,222,:
217:123,212,213,214,215,216,218,219,220,221,223,224,:
218:110,120,123,128,212,214,215,216,217,219,221,223,224,230,232,:
219:194,212,214,215,216,217,218,220,221,222,232,:
220:194,201,212,214,215,216,217,219,221,222,:
221:214,216,217,218,219,220,222,232,233,234,235,236,:
222:216,219,220,221,235,236,:
223:107,109,110,217,218,224,225,226,227,228,229,230,231,:
224:106,107,108,109,110,118,217,218,223,225,226,227,228,229,230,:
225:107,110,223,224,226,227,228,229,230,231,:
226:106,107,223,224,225,227,228,229,:
227:106,107,108,110,223,224,225,226,228,:
228:223,224,225,226,227,229,230,231,232,233,243,249,:
229:223,224,225,226,228,230,231,232,233,234,249,:
230:218,223,224,225,228,229,231,232,233,234,235,262,:
231:223,225,228,229,230,232,233,234,235,236,249,267,:
232:218,219,221,228,229,230,231,233,234,235,236,256,262,267,273,:
233:221,228,229,230,231,232,234,235,236,266,267,273,280,:
234:221,229,230,231,232,233,235,236,256,266,267,273,280,:
235:196,221,222,230,231,232,233,234,236,266,267,272,273,274,277,278,279,280,:
236:221,222,231,232,233,234,235,272,273,277,278,279,280,:
237:238,239,240,241,242,243,244,245,246,323,326,:
238:237,239,240,241,242,244,245,322,323,324,325,326,362,:
239:237,238,240,241,242,243,244,245,246,247,323,:
240:237,238,239,241,242,243,244,245,246,247,248,249,250,251,254,255,323,:
241:237,238,239,240,242,243,245,246,247,248,254,255,261,263,312,313,315,322,323,324,326,:
242:237,238,239,240,241,243,244,245,246,265,362,:
243:228,237,239,240,241,242,244,245,246,264,265,:
244:111,112,237,238,239,240,242,243,362,:
245:237,238,239,240,241,242,243,246,247,248,249,250,251,252,253,254,255,:
246:237,239,240,241,242,243,245,247,248,249,250,251,252,:
247:239,240,241,245,246,248,249,250,251,252,253,254,255,256,306,315,:
248:240,241,245,246,247,249,250,251,253,254,255,256,257,259,260,266,267,306,:
249:228,229,231,240,245,246,247,248,250,253,254,255,256,257,266,267,:
250:240,245,246,247,248,249,251,252,253,254,255,:
251:240,245,246,247,248,250,252,253,:
252:245,246,247,250,251,253,:
253:245,247,248,249,250,251,252,254,255,:
254:240,241,245,247,248,249,250,253,255,256,257,258,259,260,261,262,266,267,305,306,:
255:240,241,245,247,248,249,250,253,254,256,257,258,259,260,261,266,303,305,306,310,312,315,:
256:232,234,247,248,249,254,255,257,258,259,260,261,262,266,267,268,273,285,306,:
257:248,249,254,255,256,258,259,260,266,267,268,269,270,271,272,273,284,285,292,303,306,:
258:254,255,256,257,259,266,267,268,269,270,272,273,275,284,285,286,287,289,291,292,302,303,306,:
259:4,17,18,248,254,255,256,257,258,260,261,262,263,264,266,267,285,306,308,:
260:4,5,17,18,19,248,254,255,256,257,259,261,262,263,264,265,:
261:4,17,19,22,241,254,255,256,259,260,262,263,264,265,308,323,:
262:4,5,17,18,19,230,232,254,256,259,260,261,263,264,265,:
263:6,17,19,22,241,259,260,261,262,264,265,323,327,328,329,:
264:5,19,22,23,114,116,243,259,260,261,262,263,265,:
265:6,19,22,23,114,116,242,243,260,261,262,263,264,:
266:233,234,235,248,249,254,255,256,257,258,259,267,268,269,270,271,272,273,285,:
267:231,232,233,234,235,248,249,254,256,257,258,259,266,268,269,271,272,273,:
268:256,257,258,266,267,269,270,271,272,273,274,285,292,:
269:257,258,266,267,268,270,271,272,273,274,275,277,284,285,291,292,:
270:257,258,266,268,269,271,272,273,274,275,276,284,285,291,292,293,:
271:257,266,267,268,269,270,272,273,282,:
272:235,236,257,258,266,267,268,269,270,271,273,274,275,276,277,278,279,280,281,284,285,292,:
273:196,232,233,234,235,236,256,257,258,266,267,268,269,270,271,272,274,275,277,278,279,280,281,284,285,:
274:235,268,269,270,272,273,275,276,277,278,279,280,281,283,284,285,286,292,:
275:258,269,270,272,273,274,276,277,278,284,285,286,287,289,290,291,292,:
276:270,272,274,275,277,284,285,286,287,292,:
277:235,236,269,272,273,274,275,276,278,279,280,281,283,284,285,:
278:235,236,272,273,274,275,277,279,280,281,282,283,:
279:235,236,272,273,274,277,278,280,281,282,283,:
280:233,234,235,236,272,273,274,277,278,279,281,282,283,:
281:272,273,274,277,278,279,280,282,283,:
282:271,278,279,280,281,283,:
283:274,277,278,279,280,281,282,:
284:196,257,258,269,270,272,273,274,275,276,277,285,286,287,288,289,290,291,292,:
285:196,256,257,258,259,266,268,269,270,272,273,274,275,276,277,284,286,287,289,290,291,292,303,:
286:196,258,274,275,276,284,285,287,288,289,290,291,292,293,303,:
287:258,275,276,284,285,286,288,289,291,292,293,294,295,296,302,303,:
288:284,286,287,289,291,292,293,294,295,296,302,303,307,308,:
289:1,3,4,18,196,258,275,284,285,286,287,288,290,291,292,308,309,:
290:4,18,187,189,190,191,192,195,196,275,284,285,286,289,:
291:258,269,270,275,284,285,286,287,288,289,292,293,294,295,296,297,301,302,303,:
292:257,258,268,269,270,272,274,275,276,284,285,286,287,288,289,291,293,294,296,301,302,303,:
293:270,286,287,288,291,292,294,295,296,297,298,299,300,301,302,303,304,:
294:287,288,291,292,293,295,296,297,299,301,302,303,304,305,306,307,442,:
295:287,288,291,293,294,296,297,299,301,302,303,304,307,429,430,441,442,:
296:287,288,291,292,293,294,295,297,298,299,300,301,302,442,445,:
297:291,293,294,295,296,298,299,300,301,446,:
298:293,296,297,299,300,301,445,446,447,:
299:293,294,295,296,297,298,300,301,:
300:293,296,297,298,299,301,446,448,:
301:291,292,293,294,295,296,297,298,299,300,302,303,:
302:258,287,288,291,292,293,294,295,296,301,303,304,305,306,307,308,309,310,311,:
303:255,257,258,285,286,287,288,291,292,293,294,295,301,302,304,305,306,307,308,309,310,:
304:293,294,295,302,303,305,306,307,308,309,310,311,312,419,:
305:254,255,294,302,303,304,306,307,308,309,310,311,312,313,314,315,419,:
306:247,248,254,255,256,257,258,259,294,302,303,304,305,307,308,310,311,312,315,:
307:3,288,294,295,302,303,304,305,306,308,309,310,311,413,419,429,432,:
308:1,3,4,17,18,259,261,288,289,302,303,304,305,306,307,309,310,311,413,:
309:1,2,3,4,17,18,289,302,303,304,305,307,308,413,:
310:255,302,303,304,305,306,307,308,311,312,313,314,315,316,318,322,323,416,419,:
311:302,304,305,306,307,308,310,312,313,314,315,316,318,322,415,416,417,418,419,420,:
312:241,255,304,305,306,310,311,313,314,315,316,317,318,322,323,324,416,:
313:241,305,310,311,312,314,315,316,317,322,323,324,325,326,327,328,415,416,:
314:305,310,311,312,313,315,316,317,322,323,324,325,327,328,401,408,409,413,415,416,417,418,419,420,422,:
315:241,247,255,305,306,310,311,312,313,314,316,317,318,319,320,322,323,:
316:310,311,312,313,314,315,317,318,319,320,321,322,:
317:312,313,314,315,316,318,319,320,321,322,422,:
318:310,311,312,315,316,317,319,320,321,419,420,:
319:315,316,317,318,320,321,421,422,424,:
320:315,316,317,318,319,321,420,421,:
321:316,317,318,319,320,420,421,422,:
322:238,241,310,311,312,313,314,315,316,317,323,324,325,326,327,328,329,330,331,332,416,:
323:237,238,239,240,241,261,263,310,312,313,314,315,322,324,325,326,327,328,:
324:238,241,312,313,314,322,323,325,326,327,328,329,330,331,332,333,401,416,:
325:238,313,314,322,323,324,326,327,328,330,331,332,333,334,336,349,401,:
326:237,238,241,313,322,323,324,325,327,330,331,332,333,334,336,349,360,362,:
327:9,263,313,314,322,323,324,325,326,328,329,330,331,332,362,363,401,:
328:9,22,263,313,314,322,323,324,325,327,329,330,408,411,412,413,:
329:6,8,9,10,22,25,26,27,263,322,324,327,328,330,411,412,413,:
330:9,10,26,27,322,324,325,326,327,328,329,331,332,356,359,360,361,362,363,386,401,:
331:322,324,325,326,327,330,332,333,334,335,336,337,348,349,398,401,:
332:322,324,325,326,327,330,331,333,334,335,336,397,398,399,400,401,405,424,:
333:324,325,326,331,332,334,335,336,337,338,348,349,350,398,:
334:325,326,331,332,333,335,336,337,348,349,350,351,352,353,398,:
335:331,332,333,334,336,337,348,349,350,351,377,383,384,386,397,398,401,:
336:325,326,331,332,333,334,335,337,338,339,343,348,349,:
337:331,333,334,335,336,338,339,340,341,342,343,348,349,:
338:333,336,337,339,340,341,342,343,344,345,346,:
339:336,337,338,340,341,342,343,344,345,346,347,:
340:337,338,339,341,342,343,345,346,347,:
341:337,338,339,340,342,343,344,345,346,347,:
342:337,338,339,340,341,343,344,345,346,347,:
343:336,337,338,339,340,341,342,344,345,347,:
344:338,339,341,342,343,345,346,347,:
345:338,339,340,341,342,343,344,346,347,:
346:338,339,340,341,342,344,345,347,:
347:339,340,341,342,343,344,345,346,:
348:331,333,334,335,336,337,349,350,351,352,353,354,356,360,:
349:325,326,331,333,334,335,336,337,348,350,351,352,353,354,356,360,:
350:333,334,335,348,349,351,352,353,354,355,356,360,377,:
351:334,335,348,349,350,352,353,354,377,:
352:334,348,349,350,351,353,:
353:334,348,349,350,351,352,354,355,356,357,359,360,:
354:348,349,350,351,353,355,356,357,358,359,360,361,362,386,:
355:350,353,354,356,357,358,359,360,361,369,370,371,386,388,489,508,:
356:330,348,349,350,353,354,355,357,358,359,360,361,362,363,:
357:27,29,353,354,355,356,358,359,360,361,363,386,387,388,486,487,489,508,510,:
358:12,27,29,55,354,355,356,357,359,361,387,388,486,487,488,489,508,510,:
359:27,330,353,354,355,356,357,358,360,361,362,363,489,:
360:326,330,348,349,350,353,354,355,356,357,359,361,362,363,:
361:9,10,27,29,115,117,330,354,355,356,357,358,359,360,362,363,:
362:238,242,244,326,327,330,354,356,359,360,361,363,:
363:9,27,115,117,327,330,356,357,359,360,361,362,:
364:365,366,367,368,369,370,371,372,373,374,482,484,485,:
365:364,366,367,368,369,370,371,372,481,482,484,485,490,492,:
366:364,365,367,368,369,370,371,372,373,374,375,482,485,:
367:364,365,366,368,369,370,371,372,373,374,375,376,377,378,379,380,481,482,485,:
368:364,365,366,367,369,370,371,373,374,375,376,378,379,380,478,479,481,482,484,485,:
369:355,364,365,366,367,368,370,371,372,373,374,485,:
370:355,364,365,366,367,368,369,371,372,373,374,481,482,483,484,485,486,508,:
371:355,364,365,366,367,368,369,370,372,481,482,483,484,485,486,490,500,506,508,:
372:364,365,366,367,369,370,371,:
373:364,366,367,368,369,370,374,375,376,377,378,379,380,381,382,482,:
374:364,366,367,368,369,370,373,375,376,377,378,379,380,:
375:366,367,368,373,374,376,377,378,379,380,381,382,383,475,:
376:367,368,373,374,375,377,378,379,380,381,382,383,384,385,386,475,:
377:335,350,351,367,373,374,375,376,378,381,382,383,386,:
378:367,368,373,374,375,376,377,379,380,381,382,475,:
379:367,368,373,374,375,376,378,380,:
380:367,368,373,374,375,376,378,379,382,475,:
381:373,375,376,377,378,382,383,384,385,386,387,388,389,397,398,472,474,475,:
382:373,375,376,377,378,380,381,383,384,385,386,387,388,389,397,471,472,473,474,475,476,:
383:335,375,376,377,381,382,384,385,386,387,388,389,393,397,398,399,472,475,:
384:335,376,381,382,383,385,386,387,389,393,397,398,399,400,402,472,475,:
385:376,381,382,383,384,386,387,389,393,397,398,399,402,460,461,463,464,471,472,475,:
386:27,330,335,354,355,357,376,377,381,382,383,384,385,387,388,389,390,392,393,397,398,:
387:10,26,27,357,358,381,382,383,384,385,386,388,389,390,391,392,393,394,395,397,472,475,:
388:27,29,355,357,358,381,382,383,386,387,389,390,391,392,393,394,474,475,476,478,479,480,481,487,489,:
389:10,26,27,28,381,382,383,384,385,386,387,388,390,391,392,393,394,395,396,471,472,475,:
390:10,11,26,27,28,29,75,80,81,82,386,387,388,389,391,392,393,394,396,473,474,475,476,477,478,479,480,487,489,:
391:28,29,74,75,76,80,81,82,387,388,389,390,392,394,474,476,477,478,479,480,481,486,487,488,489,:
392:10,11,26,27,28,80,81,386,387,388,389,390,391,393,394,395,396,471,472,473,474,475,:
393:10,26,27,383,384,385,386,387,388,389,390,392,394,395,396,397,399,400,406,407,453,471,472,:
394:10,11,26,28,80,81,82,387,388,389,390,391,392,393,395,396,471,472,473,:
395:26,387,389,392,393,394,396,406,407,411,452,453,458,460,461,471,472,:
396:26,28,183,389,390,392,393,394,395,461,471,472,:
397:332,335,381,382,383,384,385,386,387,393,398,399,400,401,402,403,405,406,407,:
398:331,332,333,334,335,381,383,384,385,386,397,399,400,401,402,405,406,:
399:332,383,384,385,393,397,398,400,401,402,403,404,405,406,407,408,453,:
400:332,384,393,397,398,399,401,402,403,404,405,406,407,408,409,410,411,415,416,453,:
401:314,324,325,327,330,331,332,335,397,398,399,400,402,403,405,406,407,408,409,415,416,422,424,:
402:384,385,397,398,399,400,401,403,404,405,406,407,424,453,464,468,:
403:397,399,400,401,402,404,405,406,407,422,424,425,426,453,468,:
404:399,400,402,403,405,424,425,426,468,469,:
405:332,397,398,399,400,401,402,403,404,424,426,468,:
406:393,395,397,398,399,400,401,402,403,407,408,409,410,411,412,415,416,450,452,453,:
407:393,395,397,399,400,401,402,403,406,408,409,410,411,415,449,450,451,452,453,458,:
408:314,328,399,400,401,406,407,409,410,411,412,413,415,416,417,450,453,:
409:314,400,401,406,407,408,410,411,412,413,415,416,417,418,419,420,421,422,427,449,450,:
410:400,406,407,408,409,411,412,415,416,417,418,427,428,449,450,451,453,:
411:328,329,395,400,406,407,408,409,410,412,413,414,415,416,450,453,:
412:328,329,406,408,409,410,411,413,414,415,:
413:3,17,21,22,307,308,309,314,328,329,408,409,411,412,414,416,:
414:21,25,182,411,412,413,456,:
415:311,313,314,400,401,406,407,408,409,410,411,412,416,417,418,419,420,421,422,427,428,:
416:310,311,312,313,314,322,324,400,401,406,408,409,410,411,413,415,417,418,419,420,421,422,:
417:311,314,408,409,410,415,416,418,419,420,421,422,423,427,428,429,:
418:311,314,409,410,415,416,417,419,420,421,427,428,429,430,431,432,:
419:304,305,307,310,311,314,318,409,415,416,417,418,420,427,428,429,430,432,:
420:311,314,318,320,321,409,415,416,417,418,419,421,422,423,424,425,427,428,:
421:319,320,321,409,415,416,417,418,420,422,423,424,425,426,:
422:314,317,319,321,401,403,409,415,416,417,420,421,423,424,425,426,:
423:417,420,421,422,424,425,426,:
424:319,332,401,402,403,404,405,420,421,422,423,425,426,:
425:403,404,420,421,422,423,424,426,:
426:403,404,405,421,422,423,424,425,:
427:409,410,415,417,418,419,420,428,429,430,431,432,433,434,441,442,:
428:410,415,417,418,419,420,427,429,430,431,432,433,434,436,:
429:295,307,417,418,419,427,428,430,431,432,433,434,435,441,442,443,:
430:295,418,419,427,428,429,431,432,433,435,441,442,443,444,445,446,448,:
431:418,427,428,429,430,432,433,435,441,442,443,444,:
432:307,418,419,427,428,429,430,431,433,434,435,436,437,441,442,:
433:427,428,429,430,431,432,434,435,436,437,438,:
434:427,428,429,432,433,435,436,437,438,439,440,:
435:429,430,431,432,433,434,436,437,438,439,:
436:428,432,433,434,435,437,438,439,440,455,:
437:432,433,434,435,436,438,439,440,:
438:433,434,435,436,437,439,440,:
439:434,435,436,437,438,440,:
440:434,436,437,438,439,455,457,:
441:295,427,429,430,431,432,442,443,444,445,446,447,448,:
442:294,295,296,427,429,430,431,432,441,443,444,445,446,448,:
443:429,430,431,441,442,444,445,446,447,448,:
444:430,431,441,442,443,445,446,447,448,:
445:296,298,430,441,442,443,444,446,447,:
446:297,298,300,430,441,442,443,444,445,447,448,:
447:298,441,443,444,445,446,448,:
448:300,430,441,442,443,444,446,447,:
449:407,409,410,450,451,452,453,454,455,457,458,459,:
450:406,407,408,409,410,411,449,451,452,453,454,455,458,:
451:407,410,449,450,452,453,454,455,456,457,458,459,460,:
452:395,406,407,449,450,451,453,454,455,458,459,460,461,462,463,464,:
453:393,395,399,400,402,403,406,407,408,410,411,449,450,451,452,454,458,459,460,463,464,:
454:449,450,451,452,453,455,456,457,458,459,:
455:436,440,449,450,451,452,454,456,457,:
456:414,451,454,455,457,:
457:440,449,451,454,455,456,:
458:395,407,449,450,451,452,453,454,459,460,461,462,463,464,471,472,:
459:449,451,452,453,454,458,460,461,462,463,464,471,:
460:385,395,451,452,453,458,459,461,462,463,464,465,471,472,473,:
461:385,395,396,452,458,459,460,462,463,464,471,472,473,474,475,:
462:452,458,459,460,461,463,471,472,473,:
463:385,452,453,458,459,460,461,462,464,465,466,468,471,472,:
464:385,402,452,453,458,459,460,461,463,465,466,467,468,469,470,:
465:460,463,464,466,467,468,469,470,:
466:463,464,465,467,468,469,470,:
467:464,465,466,468,469,470,:
468:402,403,404,405,463,464,465,466,467,469,470,:
469:404,464,465,466,467,468,470,:
470:464,465,466,467,468,469,:
471:382,385,389,392,393,394,395,396,458,459,460,461,462,463,472,473,474,475,476,477,:
472:381,382,383,384,385,387,389,392,393,394,395,396,458,460,461,462,463,471,473,474,475,476,:
473:382,390,392,394,460,461,462,471,472,474,475,476,477,478,:
474:381,382,388,390,391,392,461,471,472,473,475,476,477,478,479,480,:
475:375,376,378,380,381,382,383,384,385,387,388,389,390,392,461,471,472,473,474,476,477,478,479,:
476:81,82,382,388,390,391,471,472,473,474,475,477,478,479,480,481,482,:
477:80,81,82,390,391,471,473,474,475,476,478,479,480,:
478:81,368,388,390,391,473,474,475,476,477,479,480,481,482,483,:
479:80,81,368,388,390,391,474,475,476,477,478,480,481,482,483,484,486,487,488,:
480:74,75,76,80,81,82,388,390,391,474,476,477,478,479,481,482,483,486,487,488,489,:
481:81,365,367,368,370,371,388,391,476,478,479,480,482,483,484,485,486,487,488,490,491,:
482:364,365,366,367,368,370,371,373,476,478,479,480,481,483,484,485,486,490,:
483:370,371,478,479,480,481,482,484,485,486,487,488,489,490,491,492,:
484:364,365,368,370,371,479,481,482,483,485,486,487,490,491,492,493,495,496,500,:
485:364,365,366,367,368,369,370,371,481,482,483,484,486,490,491,492,493,495,496,500,:
486:55,75,357,358,370,371,391,479,480,481,482,483,484,485,487,488,489,490,491,508,:
487:12,29,53,54,55,74,75,81,357,358,388,390,391,479,480,481,483,484,486,488,489,:
488:12,29,51,53,54,55,72,73,74,75,76,80,81,358,391,479,480,481,483,486,487,489,491,:
489:11,12,13,14,27,29,53,54,55,75,355,357,358,359,388,390,391,480,483,486,487,488,:
490:57,365,371,481,482,483,484,485,486,491,492,493,494,495,496,497,499,500,:
491:57,481,483,484,485,486,488,490,492,493,494,495,496,499,:
492:365,483,484,485,490,491,493,494,495,496,497,498,499,500,501,:
493:57,484,485,490,491,492,494,495,496,497,499,500,501,502,503,504,:
494:47,48,50,56,57,62,490,491,492,493,495,497,499,500,501,502,:
495:484,485,490,491,492,493,494,496,497,498,499,500,:
496:484,485,490,491,492,493,495,497,498,:
497:490,492,493,494,495,496,498,499,500,:
498:64,492,495,496,497,:
499:490,491,492,493,494,495,497,500,501,502,503,504,505,506,:
500:371,484,485,490,492,493,494,495,497,499,501,502,503,504,505,506,:
501:36,492,493,494,499,500,502,503,504,505,506,507,:
502:36,493,494,499,500,501,503,504,505,:
503:493,499,500,501,502,504,:
504:493,499,500,501,502,503,505,506,507,508,509,:
505:50,499,500,501,502,504,506,507,508,509,510,:
506:371,499,500,501,504,505,507,508,509,510,:
507:45,50,55,501,504,505,506,508,509,510,:
508:55,355,357,358,370,371,486,504,505,506,507,509,510,:
509:50,53,55,504,505,506,507,508,510,:
510:53,55,357,358,505,506,507,508,509,:
