1:2,3,4,5,11,12,13,14,15,16,17,18,19,25,26,27,251,252,253,354,355,404,406,:
2:1,3,4,5,6,7,11,12,13,14,15,16,17,18,19,20,21,25,26,27,252,406,:
3:1,2,4,5,6,11,12,13,14,15,16,17,18,19,20,27,105,109,252,406,463,:
4:1,2,3,5,6,7,8,9,11,12,13,14,15,16,17,18,19,20,21,26,27,197,198,199,200,252,:
5:1,2,3,4,6,7,8,9,10,14,15,16,18,19,20,21,22,23,24,26,197,198,200,:
6:2,3,4,5,7,8,9,10,14,15,16,18,19,20,21,22,23,24,69,70,108,109,:
7:2,4,5,6,8,9,10,14,15,18,19,20,21,22,23,24,200,202,431,433,465,:
8:4,5,6,7,9,10,15,19,20,21,22,23,24,38,39,40,69,70,108,109,132,465,:
9:4,5,6,7,8,10,20,21,22,23,24,431,465,466,:
10:5,6,7,8,9,20,21,22,23,24,39,40,41,132,134,465,:
11:1,2,3,4,12,13,14,17,18,19,25,26,27,252,320,322,354,355,404,406,425,426,428,429,430,:
12:1,2,3,4,11,13,14,15,16,17,18,19,25,26,27,252,354,355,402,404,405,406,:
13:1,2,3,4,11,12,14,15,16,17,18,19,25,26,27,250,251,252,253,354,355,406,:
14:1,2,3,4,5,6,7,11,12,13,15,16,17,18,19,21,25,26,27,406,424,425,426,427,463,:
15:1,2,3,4,5,6,7,8,12,13,14,16,17,18,19,20,103,105,107,108,109,463,465,:
16:1,2,3,4,5,6,12,13,14,15,17,18,19,20,95,105,251,252,:
17:1,2,3,4,11,12,13,14,15,16,19,103,105,405,406,463,:
18:1,2,3,4,5,6,7,11,12,13,14,15,16,19,20,21,25,26,27,197,198,199,200,201,202,203,252,:
19:1,2,3,4,5,6,7,8,11,12,13,14,15,16,17,18,20,21,26,197,198,199,200,251,252,:
20:2,3,4,5,6,7,8,9,10,15,16,18,19,22,68,69,70,108,109,:
21:2,4,5,6,7,8,9,10,14,18,19,23,26,200,202,203,425,427,430,431,432,433,434,:
22:5,6,7,8,9,10,20,24,38,39,41,69,70,108,109,129,130,132,134,:
23:5,6,7,8,9,10,21,24,431,433,466,:
24:5,6,7,8,9,10,22,23,39,40,41,42,43,44,132,134,135,:
25:1,2,11,12,13,14,18,26,27,252,253,318,320,322,323,354,355,404,406,426,428,429,:
26:1,2,4,5,11,12,13,14,18,19,21,25,27,198,199,201,203,252,322,426,428,429,430,:
27:1,2,3,4,11,12,13,14,18,25,26,320,322,404,406,424,425,426,427,428,429,430,:
28:29,30,31,32,33,34,191,:
29:28,30,31,32,:
30:28,29,31,32,33,34,35,40,187,190,191,196,:
31:28,29,30,32,33,34,35,36,38,39,40,196,:
32:28,29,30,31,33,34,35,38,39,40,41,149,150,152,:
33:28,30,31,32,34,35,36,37,38,39,40,41,47,48,187,193,196,:
34:28,30,31,32,33,35,36,37,38,39,40,47,185,187,192,193,194,195,196,:
35:30,31,32,33,34,36,37,38,39,40,41,47,48,49,142,193,196,:
36:31,33,34,35,37,38,39,47,48,49,50,51,52,53,55,59,63,64,70,142,193,:
37:33,34,35,36,38,47,48,49,50,63,64,70,173,180,181,185,192,193,196,:
38:8,22,31,32,33,34,35,36,37,39,40,41,42,43,47,48,70,:
39:8,10,22,24,31,32,33,34,35,36,38,40,41,42,43,44,:
40:8,10,24,30,31,32,33,34,35,38,39,41,42,43,44,45,46,196,214,:
41:10,22,24,32,33,35,38,39,40,42,43,44,45,130,131,133,135,152,:
42:24,38,39,40,41,43,44,45,46,214,219,220,:
43:24,38,39,40,41,42,44,45,46,133,135,152,:
44:24,39,40,41,42,43,45,46,:
45:40,41,42,43,44,46,220,:
46:40,42,43,44,45,219,220,:
47:33,34,35,36,37,38,48,49,50,51,52,53,55,59,63,64,70,139,141,142,:
48:33,35,36,37,38,47,49,50,51,52,53,55,59,63,138,139,140,141,142,145,147,:
49:35,36,37,47,48,50,51,52,53,54,55,59,63,64,65,70,139,142,173,:
50:36,37,47,48,49,51,52,53,63,64,65,66,67,68,69,70,139,173,:
51:36,47,48,49,50,52,63,64,65,66,68,70,126,127,129,138,139,142,145,:
52:36,47,48,49,50,51,53,54,55,56,58,59,63,64,142,:
53:36,47,48,49,50,52,54,55,56,57,58,59,60,61,:
54:49,52,53,55,56,57,58,59,60,:
55:36,47,48,49,52,53,54,56,57,58,59,60,61,62,185,:
56:52,53,54,55,57,58,59,60,62,185,:
57:53,54,55,56,58,60,183,185,:
58:52,53,54,55,56,57,59,60,61,62,185,187,:
59:36,47,48,49,52,53,54,55,56,58,60,61,62,142,:
60:53,54,55,56,57,58,59,61,62,185,187,:
61:53,55,58,59,60,62,:
62:55,56,58,59,60,61,187,:
63:36,37,47,48,49,50,51,52,64,65,66,67,68,69,70,71,72,170,173,175,176,:
64:36,37,47,49,50,51,52,63,65,66,67,68,69,70,169,170,171,172,173,174,175,176,:
65:49,50,51,63,64,66,67,68,69,70,71,72,73,109,123,170,175,176,:
66:50,51,63,64,65,67,68,69,71,72,73,74,75,76,77,123,170,:
67:50,63,64,65,66,68,71,72,73,74,76,88,169,170,173,175,176,:
68:20,50,51,63,64,65,66,67,69,70,71,72,105,107,108,109,123,175,176,:
69:6,8,20,22,50,63,64,65,66,68,70,105,107,108,109,123,129,176,:
70:6,8,20,22,36,37,38,47,49,50,51,63,64,65,68,69,108,109,129,176,:
71:63,65,66,67,68,72,73,74,75,76,77,78,87,88,120,122,123,:
72:63,65,66,67,68,71,73,74,75,76,77,78,119,120,121,122,123,124,:
73:65,66,67,71,72,74,75,76,77,78,79,83,87,88,89,123,:
74:66,67,71,72,73,75,76,77,87,88,89,90,91,92,93,111,120,:
75:66,71,72,73,74,76,87,88,89,90,92,93,110,111,112,115,116,119,120,123,:
76:66,67,71,72,73,74,75,77,78,79,80,82,83,87,88,:
77:66,71,72,73,74,76,78,79,80,81,82,83,84,85,:
78:71,72,73,76,77,79,80,81,82,83,84,:
79:73,76,77,78,80,81,82,83,84,85,86,:
80:76,77,78,79,81,82,83,84,86,:
81:77,78,79,80,82,84,:
82:76,77,78,79,80,81,83,84,85,86,:
83:73,76,77,78,79,80,82,84,85,86,:
84:77,78,79,80,81,82,83,85,86,:
85:77,79,82,83,84,86,:
86:79,80,82,83,84,85,:
87:71,73,74,75,76,88,89,90,91,92,93,94,111,:
88:67,71,73,74,75,76,87,89,90,91,92,93,:
89:73,74,75,87,88,90,91,92,93,94,95,111,:
90:74,75,87,88,89,91,92,93,94,:
91:74,87,88,89,90,92,94,:
92:74,75,87,88,89,90,91,93,94,95,:
93:74,75,87,88,89,90,92,94,95,103,105,:
94:87,89,90,91,92,93,95,:
95:16,89,92,93,94,103,105,177,281,283,:
96:97,98,99,100,101,102,110,111,:
97:96,98,99,100,101,459,:
98:96,97,99,100,101,102,103,104,110,111,112,:
99:96,97,98,100,101,102,104,110,111,112,113,115,116,119,120,:
100:96,97,98,99,101,102,104,110,111,112,113,114,:
101:96,97,98,99,100,102,103,104,105,106,110,111,459,:
102:96,98,99,100,101,103,104,105,106,107,110,111,:
103:15,17,93,95,98,101,102,104,105,106,107,108,109,111,:
104:98,99,100,101,102,103,105,106,107,108,110,119,120,456,463,:
105:3,15,16,17,68,69,93,95,101,102,103,104,106,107,108,109,463,:
106:101,102,103,104,105,107,108,109,119,120,121,463,:
107:15,68,69,102,103,104,105,106,108,109,120,123,463,465,:
108:6,8,15,20,22,68,69,70,103,104,105,106,107,109,122,123,129,130,132,463,465,:
109:3,6,8,15,20,22,65,68,69,70,103,105,106,107,108,129,132,:
110:75,96,98,99,100,101,102,104,111,112,113,114,115,116,119,120,:
111:74,75,87,89,96,98,99,100,101,102,103,110,112,113,115,116,119,120,:
112:75,98,99,100,110,111,113,114,115,116,119,120,121,:
113:99,100,110,111,112,114,115,116,119,120,121,122,:
114:100,110,112,113,115,119,120,121,:
115:75,99,110,111,112,113,114,116,117,118,119,120,:
116:75,99,110,111,112,113,115,117,118,:
117:115,116,118,:
118:115,116,117,:
119:72,75,99,104,106,110,111,112,113,114,115,120,121,122,123,124,125,:
120:71,72,74,75,99,104,106,107,110,111,112,113,114,115,119,121,122,123,124,:
121:72,106,112,113,114,119,120,122,123,124,125,126,159,:
122:71,72,108,113,119,120,121,123,124,125,126,127,128,129,159,:
123:65,66,68,69,71,72,73,75,107,108,119,120,121,122,124,125,126,129,:
124:72,119,120,121,122,123,125,126,127,128,129,130,131,132,138,139,156,159,:
125:119,121,122,123,124,126,127,128,129,130,131,132,155,156,157,158,159,160,:
126:51,121,122,123,124,125,127,128,129,130,131,132,138,139,140,156,:
127:51,122,124,125,126,128,129,130,131,138,139,140,141,143,156,:
128:122,124,125,126,127,129,130,131,138,139,140,143,155,156,159,:
129:22,51,69,70,108,109,122,123,124,125,126,127,128,130,131,132,133,134,138,139,:
130:22,41,108,124,125,126,127,128,129,131,132,133,134,135,138,156,:
131:41,124,125,126,127,128,129,130,132,133,134,135,136,137,138,140,141,147,148,155,156,:
132:8,10,22,24,108,109,124,125,126,129,130,131,133,134,135,136,:
133:41,43,129,130,131,132,134,135,136,137,155,156,:
134:10,22,24,129,130,131,132,133,135,136,137,160,:
135:24,41,43,130,131,132,133,134,136,137,160,:
136:131,132,133,134,135,137,:
137:131,133,134,135,136,:
138:48,51,124,126,127,128,129,130,131,139,140,141,142,143,144,145,147,148,:
139:47,48,49,50,51,124,126,127,128,129,138,140,141,142,143,145,147,:
140:48,126,127,128,131,138,139,141,142,143,144,145,146,147,148,149,:
141:47,48,127,131,138,139,140,142,143,144,145,147,148,149,150,151,152,:
142:35,36,47,48,49,51,52,59,138,139,140,141,143,144,145,147,148,149,150,151,:
143:127,128,138,139,140,141,142,144,145,146,147,148,:
144:138,140,141,142,143,145,146,147,148,151,:
145:48,51,138,139,140,141,142,143,144,146,:
146:140,143,144,145,:
147:48,131,138,139,140,141,142,143,144,148,149,150,151,152,153,154,:
148:131,138,140,141,142,143,144,147,149,150,151,152,153,154,:
149:32,140,141,142,147,148,150,151,152,153,154,:
150:32,141,142,147,148,149,151,152,153,154,:
151:141,142,144,147,148,149,150,152,153,:
152:32,41,43,141,147,148,149,150,151,153,154,:
153:147,148,149,150,151,152,154,:
154:147,148,149,150,152,153,:
155:125,128,131,133,156,157,158,159,160,161,:
156:124,125,126,127,128,130,131,133,155,157,158,159,160,:
157:125,155,156,158,159,160,161,162,163,:
158:125,155,156,157,159,160,161,162,163,:
159:121,122,124,125,128,155,156,157,158,160,161,163,:
160:125,134,135,155,156,157,158,159,161,162,163,164,165,:
161:155,157,158,159,160,162,163,164,165,166,451,:
162:157,158,160,161,163,164,165,166,167,168,451,:
163:157,158,159,160,161,162,164,165,166,167,451,:
164:160,161,162,163,165,166,167,168,448,451,:
165:160,161,162,163,164,166,167,168,451,:
166:161,162,163,164,165,167,168,448,451,:
167:162,163,164,165,166,168,445,446,448,:
168:162,164,165,166,167,445,446,447,448,:
169:64,67,170,171,172,173,174,175,176,177,178,179,:
170:63,64,65,66,67,169,171,172,173,174,175,176,177,178,:
171:64,169,170,172,173,174,175,176,177,178,179,180,258,:
172:64,169,170,171,173,174,175,176,177,178,179,180,181,182,183,258,:
173:37,49,50,63,64,67,169,170,171,172,174,175,176,178,179,180,181,183,:
174:64,169,170,171,172,173,175,176,177,178,179,258,:
175:63,64,65,67,68,169,170,171,172,173,174,176,177,178,179,:
176:63,64,65,67,68,69,70,169,170,171,172,173,174,175,177,178,179,180,181,:
177:95,169,170,171,172,174,175,176,258,274,276,279,280,:
178:169,170,171,172,173,174,175,176,179,180,181,182,183,184,192,193,255,257,258,:
179:169,171,172,173,174,175,176,178,180,181,182,183,254,255,256,257,258,259,:
180:37,171,172,173,176,178,179,181,182,183,184,185,186,192,193,194,255,:
181:37,172,173,176,178,179,180,182,183,184,185,186,192,193,194,195,197,255,:
182:172,178,179,180,181,183,184,186,192,193,194,197,246,247,250,254,255,258,261,:
183:57,172,173,178,179,180,181,182,184,185,186,187,188,192,193,:
184:178,180,181,182,183,185,186,187,188,189,192,193,:
185:34,37,55,56,57,58,60,180,181,183,184,186,187,188,189,190,191,192,193,:
186:180,181,182,183,184,185,187,188,189,190,192,193,261,:
187:30,33,34,58,60,62,183,184,185,186,188,189,190,191,193,:
188:183,184,185,186,187,189,190,191,192,193,:
189:184,185,186,187,188,190,191,193,:
190:30,185,186,187,188,189,191,209,:
191:28,30,185,187,188,189,190,209,:
192:34,37,178,180,181,182,183,184,185,186,188,193,194,195,196,197,198,204,205,:
193:33,34,35,36,37,178,180,181,182,183,184,185,186,187,188,189,192,194,195,196,197,204,:
194:34,180,181,182,192,193,195,196,197,198,199,200,204,205,206,:
195:34,181,192,193,194,196,197,198,199,200,204,205,206,207,209,:
196:30,31,33,34,35,37,40,192,193,194,195,197,198,200,204,205,206,207,209,214,:
197:4,5,18,19,181,182,192,193,194,195,196,198,199,200,201,202,204,205,:
198:4,5,18,19,26,192,194,195,196,197,199,200,201,202,203,204,205,:
199:4,18,19,26,194,195,197,198,200,201,202,203,204,205,239,:
200:4,5,7,18,19,21,194,195,196,197,198,199,201,202,203,204,205,207,213,214,:
201:18,26,197,198,199,200,202,203,205,223,225,239,324,325,:
202:7,18,21,197,198,199,200,201,203,207,208,213,214,215,218,432,434,:
203:18,21,26,198,199,200,201,202,208,223,324,432,434,:
204:192,193,194,195,196,197,198,199,200,205,206,207,208,209,210,213,214,:
205:192,194,195,196,197,198,199,200,201,204,206,207,208,209,213,239,:
206:194,195,196,204,205,207,208,209,210,211,212,213,214,215,:
207:195,196,200,202,204,205,206,208,209,210,211,213,214,215,216,218,220,:
208:202,203,204,205,206,207,209,210,211,213,214,215,216,:
209:190,191,195,196,204,205,206,207,208,210,211,212,213,214,:
210:204,206,207,208,209,211,212,213,214,:
211:206,207,208,209,210,212,213,214,:
212:206,209,210,211,:
213:200,202,204,205,206,207,208,209,210,211,214,215,216,217,218,219,220,:
214:40,42,196,200,202,204,206,207,208,209,210,211,213,215,216,218,219,220,:
215:202,206,207,208,213,214,216,217,218,219,220,:
216:207,208,213,214,215,217,218,219,220,:
217:213,215,216,218,219,228,230,:
218:202,207,213,214,215,216,217,219,220,:
219:42,46,213,214,215,216,217,218,220,:
220:42,45,46,207,213,214,215,216,218,219,:
221:222,223,224,225,226,227,228,236,:
222:221,223,224,226,227,228,:
223:201,203,221,222,224,225,226,227,228,229,236,324,325,:
224:221,222,223,225,226,227,235,236,324,325,:
225:201,221,223,224,226,235,236,322,323,324,325,379,380,382,:
226:221,222,223,224,225,227,228,229,230,231,324,325,:
227:221,222,223,224,226,228,229,230,231,232,324,325,:
228:217,221,222,223,226,227,229,230,231,232,233,:
229:223,226,227,228,230,231,232,233,234,288,324,325,394,395,432,:
230:217,226,227,228,229,231,232,233,234,434,:
231:226,227,228,229,230,232,233,234,288,395,432,434,:
232:227,228,229,230,231,233,234,432,434,:
233:228,229,230,231,232,234,300,301,302,434,:
234:229,230,231,232,233,298,300,301,302,432,433,434,:
235:224,225,236,237,238,239,240,241,243,244,245,:
236:221,223,224,225,235,237,238,239,240,241,:
237:235,236,238,239,240,241,242,243,244,245,246,:
238:235,236,237,239,240,241,244,245,246,247,248,249,364,:
239:199,201,205,235,236,237,238,240,244,245,246,249,:
240:235,236,237,238,239,241,242,243,244,245,265,266,267,:
241:235,236,237,238,240,242,243,266,267,:
242:237,240,241,243,:
243:235,237,240,241,242,:
244:235,237,238,239,240,245,246,247,248,249,250,254,255,364,:
245:235,237,238,239,240,244,246,247,248,249,254,364,:
246:182,237,238,239,244,245,247,248,249,250,251,254,255,256,261,:
247:182,238,244,245,246,248,249,250,254,255,256,257,258,259,260,261,:
248:238,244,245,246,247,249,250,254,255,256,257,259,260,:
249:238,239,244,245,246,247,248,250,251,252,253,254,255,278,:
250:13,182,244,246,247,248,249,251,252,253,254,255,277,278,355,:
251:1,13,16,19,246,249,250,252,253,277,278,354,355,:
252:1,2,3,4,11,12,13,16,18,19,25,26,249,250,251,253,278,354,355,:
253:1,13,25,249,250,251,252,277,278,279,281,352,353,354,355,:
254:179,182,244,245,246,247,248,249,250,255,256,257,258,259,260,261,262,268,269,:
255:178,179,180,181,182,244,246,247,248,249,250,254,256,257,258,259,260,261,263,:
256:179,246,247,248,254,255,257,258,259,260,261,262,268,269,270,:
257:178,179,247,248,254,255,256,258,259,260,268,269,270,271,273,274,275,:
258:171,172,174,177,178,179,182,247,254,255,256,257,259,268,269,270,271,273,274,275,:
259:179,247,248,254,255,256,257,258,260,261,262,263,264,268,269,:
260:247,248,254,255,256,257,259,261,262,263,264,265,:
261:182,186,246,247,254,255,256,259,260,262,263,264,265,266,267,:
262:254,256,259,260,261,263,264,265,266,:
263:255,259,260,261,262,264,265,266,267,:
264:259,260,261,262,263,265,266,267,:
265:240,260,261,262,263,264,266,267,:
266:240,241,261,262,263,264,265,267,:
267:240,241,261,263,264,265,266,:
268:254,256,257,258,259,269,270,271,272,273,274,275,:
269:254,256,257,258,259,268,270,271,272,273,274,275,:
270:256,257,258,268,269,271,272,273,274,275,276,:
271:257,258,268,269,270,272,273,274,:
272:268,269,270,271,273,:
273:257,258,268,269,270,271,272,274,275,276,277,279,280,:
274:177,257,258,268,269,270,271,273,275,276,277,278,279,280,281,282,:
275:257,258,268,269,270,273,274,276,277,278,279,280,281,:
276:177,270,273,274,275,277,278,279,280,281,282,283,:
277:250,251,253,273,274,275,276,278,279,280,281,283,352,:
278:249,250,251,252,253,274,275,276,277,279,281,352,353,354,355,:
279:177,253,273,274,275,276,277,278,280,281,282,283,:
280:177,273,274,275,276,277,279,281,282,283,:
281:95,253,274,275,276,277,278,279,280,282,283,355,:
282:274,276,279,280,281,283,:
283:95,276,277,279,280,281,282,:
284:285,286,287,288,289,290,291,292,293,304,:
285:284,286,287,289,290,291,292,293,:
286:284,285,287,288,289,290,291,292,293,294,304,390,393,394,395,:
287:284,285,286,288,289,290,291,292,293,294,295,297,298,299,303,304,390,393,394,395,:
288:229,231,284,286,287,289,290,291,292,293,294,295,297,298,303,304,321,388,389,390,393,394,395,:
289:284,285,286,287,288,290,291,292,293,299,395,:
290:284,285,286,287,288,289,291,292,293,298,299,301,:
291:284,285,286,287,288,289,290,292,293,294,297,298,299,300,301,302,:
292:284,285,286,287,288,289,290,291,293,294,295,296,297,298,299,303,304,:
293:284,285,286,287,288,289,290,291,292,294,295,296,297,298,299,303,304,:
294:286,287,288,291,292,293,295,296,297,298,299,300,303,304,305,420,428,429,:
295:287,288,292,293,294,296,297,298,303,304,305,306,307,308,312,319,420,:
296:292,293,294,295,297,303,304,305,306,312,313,400,409,410,412,419,420,426,428,436,:
297:287,288,291,292,293,294,295,296,298,299,300,301,302,303,304,420,422,435,436,437,:
298:234,287,288,290,291,292,293,294,295,297,299,300,301,302,:
299:287,289,290,291,292,293,294,297,298,300,301,302,:
300:233,234,291,294,297,298,299,301,302,423,427,430,431,432,433,434,:
301:233,234,290,291,297,298,299,300,302,:
302:233,234,291,297,298,299,300,301,433,434,:
303:287,288,292,293,294,295,296,297,304,305,306,307,308,309,312,313,:
304:284,286,287,288,292,293,294,295,296,297,303,305,306,307,308,:
305:294,295,296,303,304,306,307,308,309,310,311,312,313,314,400,:
306:295,296,303,304,305,307,308,309,310,311,312,313,314,315,316,317,318,319,389,400,:
307:295,303,304,305,306,308,309,310,312,313,314,319,388,389,390,391,:
308:295,303,304,305,306,307,309,310,311,312,313,:
309:303,305,306,307,308,310,311,312,313,:
310:305,306,307,308,309,311,312,313,335,336,:
311:305,306,308,309,310,312,313,397,400,:
312:295,296,303,305,306,307,308,309,310,311,313,314,315,316,317,318,319,326,327,397,400,:
313:296,303,305,306,307,308,309,310,311,312,314,315,316,317,318,319,396,397,398,399,400,401,:
314:305,306,307,312,313,315,316,317,318,319,320,326,327,328,369,400,:
315:306,312,313,314,316,317,318,326,327,328,329,331,332,333,369,397,:
316:306,312,313,314,315,317,326,327,328,329,331,332,396,397,398,400,401,:
317:306,312,313,314,315,316,318,319,320,321,322,326,327,369,400,:
318:25,306,312,313,314,315,317,319,320,321,322,323,369,389,429,:
319:295,306,307,312,313,314,317,318,320,321,322,323,324,376,388,389,428,429,:
320:11,25,27,314,317,318,319,321,322,323,324,325,354,363,429,:
321:288,317,318,319,320,322,323,324,325,376,379,388,389,395,428,429,:
322:11,25,26,27,225,317,318,319,320,321,323,324,325,363,379,429,:
323:25,225,318,319,320,321,322,324,325,379,389,428,429,:
324:201,203,223,224,225,226,227,229,319,320,321,322,323,325,379,389,428,429,432,:
325:201,223,224,225,226,227,229,320,321,322,323,324,379,380,382,:
326:312,314,315,316,317,327,328,329,330,331,332,333,342,343,366,368,369,:
327:312,314,315,316,317,326,328,329,330,331,332,333,365,366,367,368,369,370,374,:
328:314,315,316,326,327,329,330,331,332,333,334,342,343,344,366,369,:
329:315,316,326,327,328,330,331,332,342,343,344,345,347,348,349,365,366,:
330:326,327,328,329,331,342,343,344,347,348,349,358,359,363,365,366,369,:
331:315,316,326,327,328,329,330,332,333,334,335,337,338,342,343,366,370,:
332:315,316,326,327,328,329,331,333,334,335,336,337,338,339,340,:
333:315,326,327,328,331,332,334,335,336,337,338,339,370,:
334:328,331,332,333,335,336,337,338,339,340,341,:
335:310,331,332,333,334,336,337,338,339,341,:
336:310,332,333,334,335,337,339,:
337:331,332,333,334,335,336,338,339,340,341,:
338:331,332,333,334,335,337,339,340,341,:
339:332,333,334,335,336,337,338,340,341,:
340:332,334,337,338,339,341,:
341:334,335,337,338,339,340,:
342:326,328,329,330,331,343,344,345,346,347,348,349,:
343:326,328,329,330,331,342,344,345,346,347,348,349,:
344:328,329,330,342,343,345,346,347,348,349,350,:
345:329,342,343,344,346,347,348,:
346:342,343,344,345,347,:
347:329,330,342,343,344,345,346,348,349,350,351,352,:
348:329,330,342,343,344,345,347,349,350,351,352,353,:
349:329,330,342,343,344,347,348,350,351,352,353,354,:
350:344,347,348,349,351,352,353,354,355,356,358,:
351:347,348,349,350,352,353,354,355,401,402,404,486,:
352:253,277,278,347,348,349,350,351,353,354,355,356,358,:
353:253,278,348,349,350,351,352,354,355,:
354:1,11,12,13,25,251,252,253,278,320,349,350,351,352,353,355,404,:
355:1,11,12,13,25,250,251,252,253,278,281,350,351,352,353,354,404,:
356:350,352,357,358,359,360,361,362,:
357:356,358,359,360,361,:
358:330,350,352,356,357,359,360,361,362,363,364,:
359:330,356,357,358,360,361,362,363,366,:
360:356,357,358,359,361,362,:
361:356,357,358,359,360,362,363,364,:
362:356,358,359,360,361,363,364,:
363:320,322,330,358,359,361,362,364,369,:
364:238,244,245,358,361,362,363,:
365:327,329,330,366,367,368,369,370,371,372,374,375,:
366:326,327,328,329,330,331,359,365,367,368,369,370,371,374,:
367:327,365,366,368,369,370,371,372,373,374,375,376,:
368:326,327,365,366,367,369,370,371,372,374,375,376,377,378,379,:
369:314,315,317,318,326,327,328,330,363,365,366,367,368,370,372,374,375,376,377,379,:
370:327,331,333,365,366,367,368,369,371,372,373,374,375,:
371:365,366,367,368,370,372,373,:
372:365,367,368,369,370,371,373,374,375,378,:
373:367,370,371,372,:
374:327,365,366,367,368,369,370,372,375,376,377,378,379,380,381,388,389,:
375:365,367,368,369,370,372,374,376,377,378,379,380,381,382,383,388,:
376:319,321,367,368,369,374,375,377,378,379,380,381,382,388,389,390,:
377:368,369,374,375,376,378,379,380,381,382,388,389,390,391,392,393,394,395,:
378:368,372,374,375,376,377,379,380,381,382,384,388,389,390,391,392,393,394,:
379:225,321,322,323,324,325,368,369,374,375,376,377,378,380,381,382,383,384,388,389,:
380:225,325,374,375,376,377,378,379,381,382,383,384,385,388,389,:
381:374,375,376,377,378,379,380,382,383,384,385,386,387,:
382:225,325,375,376,377,378,379,380,381,383,384,385,386,388,394,:
383:375,379,380,381,382,384,385,386,387,:
384:378,379,380,381,382,383,385,386,387,:
385:380,381,382,383,384,386,387,:
386:381,382,383,384,385,387,:
387:381,383,384,385,386,:
388:288,307,319,321,374,375,376,377,378,379,380,382,389,390,391,392,393,394,395,:
389:288,306,307,318,319,321,323,324,374,376,377,378,379,380,388,390,391,393,394,395,:
390:286,287,288,307,376,377,378,388,389,391,392,393,394,395,:
391:307,377,378,388,389,390,392,393,394,:
392:377,378,388,390,391,393,:
393:286,287,288,377,378,388,389,390,391,392,394,395,:
394:229,286,287,288,377,378,382,388,389,390,391,393,395,:
395:229,231,286,287,288,289,321,377,388,389,390,393,394,:
396:313,316,397,398,399,400,401,402,407,408,:
397:311,312,313,315,316,396,398,399,400,401,407,:
398:313,316,396,397,399,400,401,402,403,404,407,408,409,471,:
399:313,396,397,398,400,401,402,403,404,407,408,409,410,411,412,471,:
400:296,305,306,311,312,313,314,316,317,396,397,398,399,401,402,407,408,409,410,412,:
401:313,316,351,396,397,398,399,400,402,403,404,405,406,407,408,471,484,486,:
402:12,351,396,398,399,400,401,403,404,405,406,407,408,471,484,486,:
403:398,399,401,402,404,405,406,407,408,411,468,470,471,482,483,484,485,486,487,:
404:1,11,12,25,27,351,354,355,398,399,401,402,403,405,406,:
405:12,17,401,402,403,404,406,408,411,460,471,485,486,487,:
406:1,2,3,11,12,13,14,17,25,27,401,402,403,404,405,426,:
407:396,397,398,399,400,401,402,403,408,409,410,411,412,413,419,420,468,471,:
408:396,398,399,400,401,402,403,405,407,409,410,411,412,413,414,419,467,468,469,470,471,473,:
409:296,398,399,400,407,408,410,411,412,413,414,415,419,420,421,436,468,:
410:296,399,400,407,408,409,411,412,413,414,415,416,419,420,421,422,424,435,436,468,:
411:399,403,405,407,408,409,410,412,413,414,415,416,417,418,419,420,421,424,436,457,458,460,467,468,471,:
412:296,399,400,407,408,409,410,411,413,414,415,416,419,420,436,:
413:407,408,409,410,411,412,414,415,416,417,418,419,436,468,473,474,:
414:408,409,410,411,412,413,415,416,417,418,419,436,468,473,474,:
415:409,410,411,412,413,414,416,417,418,419,420,421,422,435,436,437,438,440,:
416:410,411,412,413,414,415,417,418,457,458,467,468,473,474,:
417:411,413,414,415,416,418,457,467,468,473,474,:
418:411,413,414,415,416,417,457,458,467,468,469,472,473,474,475,:
419:296,407,408,409,410,411,412,413,414,415,420,421,422,423,424,425,426,435,436,:
420:294,295,296,297,407,409,410,411,412,415,419,421,422,423,424,425,426,435,436,437,:
421:409,410,411,415,419,420,422,423,424,425,426,427,435,436,437,460,461,462,464,:
422:297,410,415,419,420,421,423,424,425,427,431,435,436,437,438,440,462,464,:
423:300,419,420,421,422,424,425,427,431,435,436,437,438,462,464,:
424:14,27,410,411,419,420,421,422,423,425,426,427,428,430,431,435,436,460,461,462,463,464,:
425:11,14,21,27,419,420,421,422,423,424,426,427,428,429,430,431,432,433,:
426:11,14,25,26,27,296,406,419,420,421,424,425,427,428,429,430,431,432,:
427:14,21,27,300,421,422,423,424,425,426,428,429,430,431,432,433,434,:
428:11,25,26,27,294,296,319,321,323,324,424,425,426,427,429,430,431,432,434,:
429:11,25,26,27,294,318,319,320,321,322,323,324,425,426,427,428,430,432,:
430:11,21,26,27,300,424,425,426,427,428,429,431,432,433,434,:
431:7,9,21,23,300,422,423,424,425,426,427,428,430,432,433,434,:
432:21,202,203,229,231,232,234,300,324,425,426,427,428,429,430,431,433,434,:
433:7,21,23,234,300,302,425,427,430,431,432,434,:
434:21,202,203,230,231,232,233,234,300,302,427,428,430,431,432,433,:
435:297,410,415,419,420,421,422,423,424,436,437,438,439,440,441,442,:
436:296,297,409,410,411,412,413,414,415,419,420,421,422,423,424,435,437,438,440,441,:
437:297,415,420,421,422,423,435,436,438,439,440,441,442,:
438:415,422,423,435,436,437,439,440,441,442,:
439:435,437,438,440,441,442,:
440:415,422,435,436,437,438,439,441,442,:
441:435,436,437,438,439,440,442,:
442:435,437,438,439,440,441,:
443:444,445,446,447,448,449,450,:
444:443,445,446,447,448,449,450,:
445:167,168,443,444,446,447,448,449,450,451,455,456,:
446:167,168,443,444,445,447,448,449,:
447:168,443,444,445,446,448,:
448:164,166,167,168,443,444,445,446,447,449,450,451,452,453,:
449:443,444,445,446,448,450,451,452,453,454,464,:
450:443,444,445,448,449,451,452,453,454,464,:
451:161,162,163,164,165,166,445,448,449,450,452,453,454,464,466,:
452:448,449,450,451,453,454,464,:
453:448,449,450,451,452,454,464,466,:
454:449,450,451,452,453,464,466,:
455:445,456,457,458,459,460,461,462,463,467,468,:
456:104,445,455,457,458,459,460,461,462,463,464,:
457:411,416,417,418,455,456,458,459,460,461,462,463,467,468,469,:
458:411,416,418,455,456,457,459,460,461,467,468,469,470,471,472,473,475,:
459:97,101,455,456,457,458,460,467,468,469,470,472,475,:
460:405,411,421,424,455,456,457,458,459,461,462,463,464,465,467,468,:
461:421,424,455,456,457,458,460,462,463,464,465,466,:
462:421,422,423,424,455,456,457,460,461,463,464,465,466,:
463:3,14,15,17,104,105,106,107,108,424,455,456,457,460,461,462,464,465,466,:
464:421,422,423,424,449,450,451,452,453,454,456,460,461,462,463,465,466,:
465:7,8,9,10,15,107,108,460,461,462,463,464,466,:
466:9,23,451,453,454,461,462,463,464,465,:
467:408,411,416,417,418,455,457,458,459,460,468,469,470,471,472,473,474,475,476,477,:
468:403,407,408,409,410,411,413,414,416,417,418,455,457,458,459,460,467,469,470,471,472,473,474,475,:
469:408,418,457,458,459,467,468,470,471,472,473,474,475,476,477,478,:
470:403,408,458,459,467,468,469,471,472,473,474,475,476,477,478,479,480,481,482,483,:
471:398,399,401,402,403,405,407,408,411,458,467,468,469,470,472,473,476,477,478,479,481,482,483,:
472:418,458,459,467,468,469,470,471,473,474,475,476,477,:
473:408,413,414,416,417,418,458,467,468,469,470,471,472,474,475,476,:
474:413,414,416,417,418,467,468,469,470,472,473,475,:
475:418,458,459,467,468,469,470,472,473,474,:
476:467,469,470,471,472,473,477,478,479,480,481,482,483,:
477:467,469,470,471,472,476,478,479,480,481,482,483,:
478:469,470,471,476,477,479,480,481,482,483,484,:
479:470,471,476,477,478,480,481,482,:
480:470,476,477,478,479,481,:
481:470,471,476,477,478,479,480,482,483,484,485,486,:
482:403,470,471,476,477,478,479,481,483,484,485,486,487,:
483:403,470,471,476,477,478,481,482,484,485,486,487,:
484:401,402,403,478,481,482,483,485,486,487,:
485:403,405,481,482,483,484,486,487,:
486:351,401,402,403,405,481,482,483,484,485,487,:
487:403,405,482,483,484,485,486,:
