1:2,3,7,8,9,10,11,15,16,17,18,19,20,21,23,28,29,30,31,32,118,119,120,121,159,160,161,441,:
2:1,3,6,7,9,10,15,16,17,18,19,20,21,23,24,25,26,59,117,119,120,121,:
3:1,2,6,7,8,9,10,11,12,13,14,15,16,19,20,21,22,23,24,25,26,28,29,440,441,:
4:5,8,9,11,12,22,23,24,27,28,29,113,114,116,159,165,166,170,172,173,174,177,178,179,209,210,211,212,213,215,309,314,:
5:4,8,9,11,12,14,22,23,24,27,29,113,114,173,209,210,212,213,214,215,305,306,308,309,310,313,314,:
6:2,3,8,9,10,13,14,21,22,23,24,25,26,28,309,315,316,317,321,322,323,440,442,:
7:1,2,3,10,15,16,17,18,19,20,21,23,25,26,30,31,32,59,120,121,:
8:1,3,4,5,6,9,10,11,12,14,21,22,23,24,27,28,29,173,178,179,212,309,314,315,440,441,442,:
9:1,2,3,4,5,6,8,10,11,12,13,14,19,21,22,23,24,25,26,27,28,29,114,115,116,117,118,119,309,:
10:1,2,3,6,7,8,9,13,14,15,16,19,20,21,23,24,25,26,284,:
11:1,3,4,5,8,9,12,18,21,22,23,24,27,28,29,158,159,172,173,178,179,314,440,441,442,507,511,:
12:3,4,5,8,9,11,22,23,24,27,28,29,113,114,116,173,178,179,209,210,212,213,215,308,309,313,314,:
13:3,6,9,10,14,21,22,25,26,317,321,322,323,434,439,440,441,442,:
14:3,5,6,8,9,10,13,21,22,23,24,25,26,305,306,308,309,310,311,314,315,316,317,318,321,322,323,326,:
15:1,2,3,7,10,16,17,19,20,21,26,30,31,32,392,393,465,468,:
16:1,2,3,7,10,15,17,18,19,20,21,23,28,30,31,32,59,120,121,441,:
17:1,2,7,15,16,18,19,21,30,31,32,86,160,441,468,510,511,:
18:1,2,7,11,16,17,19,21,23,28,29,30,31,32,118,119,120,121,157,158,159,160,161,162,441,511,:
19:1,2,3,7,9,10,15,16,17,18,20,21,23,24,25,26,58,59,115,117,118,119,120,121,:
20:1,2,3,7,10,15,16,19,21,23,25,26,58,59,60,120,121,284,392,393,:
21:1,2,3,6,7,8,9,10,11,13,14,15,16,17,18,19,20,22,23,24,25,26,27,28,29,32,439,440,441,442,:
22:3,4,5,6,8,9,11,12,13,14,21,23,24,27,28,29,178,179,308,309,310,313,314,315,317,323,440,441,442,:
23:1,2,3,4,5,6,7,8,9,10,11,12,14,16,18,19,20,21,22,24,25,26,27,28,29,114,115,116,117,118,119,120,121,159,:
24:2,3,4,5,6,8,9,10,11,12,14,19,21,22,23,25,26,28,29,114,115,117,305,308,309,:
25:2,3,6,7,9,10,13,14,19,20,21,23,24,26,117,284,:
26:2,3,6,7,9,10,13,14,15,19,20,21,23,24,25,284,393,:
27:4,5,8,9,11,12,21,22,23,28,29,158,159,172,173,174,177,178,179,212,314,440,441,442,505,507,511,:
28:1,3,4,6,8,9,11,12,16,18,21,22,23,24,27,29,32,159,178,179,439,440,441,442,507,509,510,511,:
29:1,3,4,5,8,9,11,12,18,21,22,23,24,27,28,116,118,158,159,163,165,172,173,178,179,441,507,:
30:1,7,15,16,17,18,31,32,86,465,466,468,510,:
31:1,7,15,16,17,18,30,32,84,86,87,88,160,161,510,511,:
32:1,7,15,16,17,18,21,28,30,31,160,440,441,457,458,509,510,511,:
33:34,35,36,37,38,39,40,42,43,:
34:33,35,36,37,38,40,42,:
35:33,34,36,37,38,39,40,41,42,43,44,:
36:33,34,35,37,38,39,40,42,43,44,45,46,47,51,52,:
37:33,34,35,36,38,40,42,43,44,45,51,52,:
38:33,34,35,36,37,39,40,41,42,43,:
39:33,35,36,38,40,41,42,43,:
40:33,34,35,36,37,38,39,41,42,119,120,121,141,:
41:35,38,39,40,93,94,117,:
42:33,34,35,36,37,38,39,40,43,44,45,46,47,48,50,51,52,:
43:33,35,36,37,38,39,42,44,45,46,47,48,:
44:35,36,37,42,43,45,46,47,48,49,50,51,52,53,:
45:36,37,42,43,44,46,47,48,51,52,53,54,56,:
46:36,42,43,44,45,47,51,52,53,56,:
47:36,42,43,44,45,46,48,49,50,51,52,:
48:42,43,44,45,47,49,50,:
49:44,47,48,50,:
50:42,44,47,48,49,:
51:36,37,42,44,45,46,47,52,53,54,55,56,57,61,62,:
52:36,37,42,44,45,46,47,51,53,54,55,56,61,62,:
53:44,45,46,51,52,54,55,56,57,58,60,61,62,63,:
54:45,51,52,53,55,56,57,61,62,63,64,65,66,68,69,76,77,:
55:51,52,53,54,56,57,61,62,63,64,65,69,71,76,77,78,79,81,84,:
56:45,46,51,52,53,54,55,57,58,59,60,61,62,121,:
57:51,53,54,55,56,58,59,60,61,120,121,468,:
58:19,20,53,56,57,59,60,120,121,:
59:2,7,16,19,20,56,57,58,60,117,119,120,121,:
60:20,53,56,57,58,59,121,391,392,:
61:51,52,53,54,55,56,57,62,63,64,65,66,67,68,69,77,:
62:51,52,53,54,55,56,61,63,64,65,66,67,68,:
63:53,54,55,61,62,64,65,66,67,68,69,70,71,75,76,77,:
64:54,55,61,62,63,65,66,67,68,69,70,71,73,74,75,76,77,:
65:54,55,61,62,63,64,66,69,70,75,77,467,468,:
66:54,61,62,63,64,65,67,68,69,70,:
67:61,62,63,64,66,68,:
68:54,61,62,63,64,66,67,:
69:54,55,61,63,64,65,66,70,71,72,73,74,75,76,77,:
70:63,64,65,66,69,71,72,73,74,75,76,77,78,:
71:55,63,64,69,70,72,73,74,75,76,77,78,79,80,81,:
72:69,70,71,73,74,76,77,78,79,80,:
73:64,69,70,71,72,74,75,76,77,:
74:64,69,70,71,72,73,75,76,77,531,532,:
75:63,64,65,69,70,71,73,74,76,77,84,:
76:54,55,63,64,69,70,71,72,73,74,75,77,78,79,80,81,82,83,84,:
77:54,55,61,63,64,65,69,70,71,72,73,74,75,76,78,79,81,82,84,86,:
78:55,70,71,72,76,77,79,80,81,82,83,84,:
79:55,71,72,76,77,78,80,81,82,:
80:71,72,76,78,79,81,:
81:55,71,76,77,78,79,80,82,83,84,85,86,:
82:76,77,78,79,81,83,84,85,86,87,161,162,:
83:76,78,81,82,84,85,86,87,88,89,:
84:31,55,75,76,77,78,81,82,83,85,86,87,88,161,:
85:81,82,83,84,86,87,88,89,160,532,:
86:17,30,31,77,81,82,83,84,85,87,88,89,160,161,:
87:31,82,83,84,85,86,88,89,160,530,532,:
88:31,83,84,85,86,87,89,235,456,457,458,459,508,510,530,532,:
89:83,85,86,87,88,235,236,456,457,458,459,506,508,530,532,:
90:91,92,93,94,95,96,:
91:90,92,93,95,96,:
92:90,91,93,94,95,96,97,:
93:41,90,91,92,94,95,96,97,98,99,100,101,:
94:41,90,92,93,95,96,97,98,100,101,:
95:90,91,92,93,94,96,97,98,99,100,101,108,109,:
96:90,91,92,93,94,95,97,98,99,100,101,:
97:92,93,94,95,96,98,99,100,101,102,108,109,110,:
98:93,94,95,96,97,99,100,101,108,109,110,111,112,113,115,122,123,134,:
99:93,95,96,97,98,100,108,109,110,111,112,133,134,139,:
100:93,94,95,96,97,98,99,101,102,103,106,108,109,:
101:93,94,95,96,97,98,100,102,103,104,105,106,107,109,:
102:97,100,101,103,104,105,106,107,:
103:100,101,102,104,105,106,107,:
104:101,102,103,105,106,107,300,301,:
105:101,102,103,104,106,107,300,301,302,:
106:100,101,102,103,104,105,107,300,301,:
107:101,102,103,104,105,106,:
108:95,97,98,99,100,109,110,111,112,113,114,115,122,123,134,:
109:95,97,98,99,100,101,108,110,111,113,114,115,122,123,302,:
110:97,98,99,108,109,111,112,113,114,115,116,122,123,124,134,:
111:98,99,108,109,110,112,113,114,122,123,124,125,133,134,143,214,:
112:98,99,108,110,111,113,122,123,124,133,134,135,136,138,142,143,147,149,170,:
113:4,5,12,98,108,109,110,111,112,114,115,116,117,118,122,123,213,214,215,:
114:4,5,9,12,23,24,108,109,110,111,113,115,116,117,118,119,:
115:9,19,23,24,98,108,109,110,113,114,116,117,118,119,120,121,:
116:4,9,12,23,29,110,113,114,115,117,118,119,120,141,159,:
117:2,9,19,23,24,25,41,59,113,114,115,116,118,119,120,121,:
118:1,9,18,19,23,29,113,114,115,116,117,119,120,121,141,159,:
119:1,2,9,18,19,23,40,59,114,115,116,117,118,120,121,:
120:1,2,7,16,18,19,20,23,40,57,58,59,115,116,117,118,119,121,161,:
121:1,2,7,16,18,19,20,23,40,56,57,58,59,60,115,117,118,119,120,:
122:98,108,109,110,111,112,113,123,124,125,126,127,128,143,208,213,214,215,:
123:98,108,109,110,111,112,113,122,124,125,126,127,128,213,214,215,:
124:110,111,112,122,123,125,126,127,128,129,143,147,149,208,214,:
125:111,122,123,124,126,127,128,129,130,131,132,207,208,213,214,:
126:122,123,124,125,127,128,129,132,207,208,209,213,214,:
127:122,123,124,125,126,128,129,130,131,132,:
128:122,123,124,125,126,127,129,130,131,132,:
129:124,125,126,127,128,130,131,132,:
130:125,127,128,129,131,132,:
131:125,127,128,129,130,132,:
132:125,126,127,128,129,130,131,:
133:99,111,112,134,135,136,137,138,139,142,143,:
134:98,99,108,110,111,112,133,135,136,138,139,142,143,:
135:112,133,134,136,137,138,139,142,143,144,:
136:112,133,134,135,137,138,139,142,143,144,145,146,147,:
137:133,135,136,138,142,143,144,145,146,:
138:112,133,134,135,136,137,139,140,141,142,143,:
139:99,133,134,135,136,138,140,141,:
140:138,139,141,155,:
141:40,116,118,138,139,140,155,:
142:112,133,134,135,136,137,138,143,144,145,146,147,148,149,:
143:111,112,122,124,133,134,135,136,137,138,142,144,145,147,149,:
144:135,136,137,142,143,145,146,147,148,149,:
145:136,137,142,143,144,146,147,148,149,:
146:136,137,142,144,145,147,148,:
147:112,124,136,142,143,144,145,146,148,149,:
148:142,144,145,146,147,149,:
149:112,124,142,143,144,145,147,148,206,208,:
150:151,152,153,154,155,156,:
151:150,152,153,154,155,156,164,:
152:150,151,153,154,155,156,157,162,164,:
153:150,151,152,154,155,156,157,158,160,161,162,163,164,:
154:150,151,152,153,155,156,157,158,162,163,164,165,168,:
155:140,141,150,151,152,153,154,156,162,:
156:150,151,152,153,154,155,157,158,159,160,161,162,163,164,:
157:18,152,153,154,156,158,159,160,161,162,163,164,165,504,505,506,508,:
158:11,18,27,29,153,154,156,157,159,160,161,162,163,164,165,166,168,172,173,504,505,507,:
159:1,4,11,18,23,27,28,29,116,118,156,157,158,160,161,162,163,164,165,166,172,173,505,507,:
160:1,17,18,31,32,85,86,87,153,156,157,158,159,161,162,163,506,508,509,:
161:1,18,31,82,84,86,120,153,156,157,158,159,160,162,:
162:18,82,152,153,154,155,156,157,158,159,160,161,:
163:29,153,154,156,157,158,159,160,164,165,166,167,168,169,172,173,504,505,:
164:151,152,153,154,156,157,158,159,163,165,166,167,168,503,504,505,513,:
165:4,29,154,157,158,159,163,164,166,167,168,169,170,171,172,173,174,:
166:4,158,159,163,164,165,167,168,169,170,172,173,174,175,176,177,178,181,182,505,513,:
167:163,164,165,166,168,169,172,173,174,175,176,181,182,500,501,503,505,512,513,516,:
168:154,158,163,164,165,166,167,169,170,171,172,173,:
169:163,165,166,167,168,170,171,172,173,211,:
170:4,112,165,166,168,169,171,173,209,210,211,212,:
171:165,168,169,170,225,:
172:4,11,27,29,158,159,163,165,166,167,168,169,173,174,175,176,177,178,179,180,181,182,210,211,212,505,:
173:4,5,8,11,12,27,29,158,159,163,165,166,167,168,169,170,172,174,175,176,177,178,179,210,211,212,:
174:4,27,165,166,167,172,173,175,176,177,178,179,180,181,182,183,210,211,212,497,505,:
175:166,167,172,173,174,176,177,178,180,181,182,183,184,185,186,190,191,210,211,212,497,:
176:166,167,172,173,174,175,177,180,181,182,183,184,190,191,198,206,210,211,212,227,:
177:4,27,166,172,173,174,175,176,178,179,180,181,182,210,211,212,314,:
178:4,8,11,12,22,27,28,29,166,172,173,174,175,177,179,180,212,314,315,440,441,442,505,507,:
179:4,8,11,12,22,27,28,29,172,173,174,177,178,180,313,314,315,440,441,442,507,:
180:172,174,175,176,177,178,179,181,182,185,198,314,486,487,488,497,:
181:166,167,172,174,175,176,177,180,182,183,184,185,186,187,188,190,191,497,:
182:166,167,172,174,175,176,177,180,181,183,184,185,186,187,189,494,496,497,498,500,513,:
183:174,175,176,181,182,184,185,186,187,188,189,190,191,192,227,497,:
184:175,176,181,182,183,185,186,187,188,190,191,192,193,194,195,198,:
185:175,180,181,182,183,184,186,188,190,191,192,193,195,198,:
186:175,181,182,183,184,185,187,188,189,190,191,497,:
187:181,182,183,184,186,188,189,222,223,497,512,513,514,:
188:181,183,184,185,186,187,189,190,191,:
189:182,183,186,187,188,497,501,512,514,:
190:175,176,181,183,184,185,186,188,191,192,193,194,195,196,197,198,:
191:175,176,181,183,184,185,186,188,190,192,193,194,195,196,197,198,200,204,226,227,:
192:183,184,185,190,191,193,194,195,196,197,198,200,:
193:184,185,190,191,192,194,195,196,197,198,199,200,:
194:184,190,191,192,193,195,196,197,199,200,201,202,204,:
195:184,185,190,191,192,193,194,196,197,198,200,:
196:190,191,192,193,194,195,197,198,199,200,201,204,205,206,:
197:190,191,192,193,194,195,196,198,199,200,204,205,206,207,208,:
198:176,180,184,185,190,191,192,193,195,196,197,211,:
199:193,194,196,197,200,201,202,203,204,205,:
200:191,192,193,194,195,196,197,199,201,202,204,205,:
201:194,196,199,200,202,203,204,205,206,:
202:194,199,200,201,203,204,205,:
203:199,201,202,204,:
204:191,194,196,197,199,200,201,202,203,205,206,207,226,227,:
205:196,197,199,200,201,202,204,206,207,208,209,211,:
206:149,176,196,197,201,204,205,207,208,209,210,211,212,213,214,:
207:125,126,197,204,205,206,208,209,210,211,212,213,214,215,:
208:122,124,125,126,149,197,205,206,207,209,210,211,213,214,215,:
209:4,5,12,126,170,205,206,207,208,210,211,212,213,214,215,:
210:4,5,12,170,172,173,174,175,176,177,206,207,208,209,211,212,213,214,215,:
211:4,169,170,172,173,174,175,176,177,198,205,206,207,208,209,210,212,213,215,:
212:4,5,8,12,27,170,172,173,174,175,176,177,178,206,207,209,210,211,213,214,215,313,314,:
213:4,5,12,113,122,123,125,126,206,207,208,209,210,211,212,214,215,309,:
214:5,111,113,122,123,124,125,126,206,207,208,209,210,212,213,215,:
215:4,5,12,113,122,123,207,208,209,210,211,212,213,214,308,309,:
216:217,218,219,220,221,222,224,:
217:216,218,219,220,221,222,224,:
218:216,217,219,220,221,222,223,224,:
219:216,217,218,220,221,222,:
220:216,217,218,219,221,:
221:216,217,218,219,220,222,223,224,225,226,:
222:187,216,217,218,219,221,223,224,225,226,227,:
223:187,218,221,222,224,225,226,227,515,516,:
224:216,217,218,221,222,223,225,226,227,:
225:171,221,222,223,224,226,227,:
226:191,204,221,222,223,224,225,227,:
227:176,183,191,204,222,223,224,225,226,:
228:229,230,231,232,233,234,499,502,:
229:228,230,231,232,233,498,499,501,502,:
230:228,229,231,232,233,234,499,:
231:228,229,230,232,233,234,499,:
232:228,229,230,231,233,234,495,496,498,499,:
233:228,229,230,231,232,234,235,236,506,:
234:228,230,231,232,233,235,236,459,:
235:88,89,233,234,236,459,508,:
236:89,233,234,235,532,:
237:238,239,240,241,242,243,244,246,247,481,484,:
238:237,239,240,241,242,243,244,246,480,481,482,483,484,493,495,:
239:237,238,240,241,242,243,244,245,246,247,248,449,450,:
240:237,238,239,241,242,243,244,245,246,247,248,249,250,449,450,481,484,:
241:237,238,239,240,242,243,244,245,246,247,248,480,481,482,483,484,486,:
242:237,238,239,240,241,243,244,245,246,247,444,449,450,452,459,:
243:237,238,239,240,241,242,244,245,246,247,507,509,510,511,:
244:237,238,239,240,241,242,243,245,483,484,493,495,496,498,499,505,507,509,:
245:239,240,241,242,243,244,246,247,248,249,438,439,440,442,486,488,:
246:237,238,239,240,241,242,243,245,247,248,249,250,251,252,444,448,449,450,481,:
247:237,239,240,241,242,243,245,246,248,249,250,251,443,444,445,448,449,450,452,:
248:239,240,241,245,246,247,249,250,251,252,253,444,450,:
249:240,245,246,247,248,250,251,252,253,254,255,256,260,443,444,450,:
250:240,246,247,248,249,251,252,253,254,255,260,261,267,435,436,443,444,445,448,449,450,:
251:246,247,248,249,250,252,253,254,255,256,257,258,260,261,444,:
252:246,248,249,250,251,253,254,255,256,257,259,491,:
253:248,249,250,251,252,254,255,256,257,258,259,260,261,262,428,:
254:249,250,251,252,253,255,256,257,258,260,261,262,263,264,265,266,267,428,:
255:249,250,251,252,253,254,256,258,260,261,262,265,:
256:249,251,252,253,254,255,257,258,259,260,261,:
257:251,252,253,254,256,258,259,322,489,491,492,:
258:251,253,254,255,256,257,259,260,261,:
259:252,253,256,257,258,353,354,356,489,491,492,:
260:249,250,251,253,254,255,256,258,261,262,263,264,265,266,267,425,427,428,:
261:250,251,253,254,255,256,258,260,262,263,264,265,266,267,424,425,426,427,428,433,:
262:253,254,255,260,261,263,264,265,266,267,425,428,479,:
263:254,260,261,262,264,265,266,267,425,428,479,:
264:254,260,261,262,263,265,266,267,405,417,418,423,424,425,428,432,479,:
265:254,255,260,261,262,263,264,266,267,428,445,477,479,:
266:254,260,261,262,263,264,265,267,425,427,428,432,436,437,443,444,445,448,474,475,477,478,479,:
267:250,254,260,261,262,263,264,265,266,425,427,428,432,433,435,436,437,443,444,445,448,474,477,479,:
268:269,270,271,272,273,274,275,276,277,278,416,:
269:268,270,271,272,273,274,275,276,277,:
270:268,269,271,272,273,274,275,276,277,278,279,281,:
271:268,269,270,272,273,274,275,276,277,278,279,280,281,282,:
272:268,269,270,271,273,274,275,277,278,279,280,281,286,:
273:268,269,270,271,272,274,275,276,277,278,281,:
274:268,269,270,271,272,273,275,276,277,278,280,281,330,:
275:268,269,270,271,272,273,274,276,277,278,279,280,281,286,330,331,:
276:268,269,270,271,273,274,275,420,:
277:268,269,270,271,272,273,274,275,278,279,280,281,282,283,285,286,287,:
278:268,270,271,272,273,274,275,277,279,280,281,282,283,284,410,419,:
279:270,271,272,275,277,278,280,281,282,283,284,285,286,287,288,296,:
280:271,272,274,275,277,278,279,281,282,283,286,287,288,289,291,295,296,:
281:270,271,272,273,274,275,277,278,279,280,282,286,287,288,289,295,296,330,331,332,:
282:271,277,278,279,280,281,283,284,285,286,287,295,296,299,:
283:277,278,279,280,282,284,285,413,414,:
284:10,20,25,26,278,279,282,283,285,393,413,414,:
285:277,279,282,283,284,287,363,364,377,378,379,380,381,386,413,:
286:272,275,277,279,280,281,282,287,288,289,290,291,292,293,295,296,:
287:277,279,280,281,282,285,286,288,289,291,292,293,294,295,296,362,:
288:279,280,281,286,287,289,290,291,292,293,294,295,296,297,332,335,:
289:280,281,286,287,288,290,291,292,293,295,296,297,298,300,332,334,335,336,:
290:286,288,289,291,292,293,295,296,297,300,332,333,334,335,336,337,:
291:280,286,287,288,289,290,292,293,294,295,296,335,:
292:286,287,288,289,290,291,293,294,295,:
293:286,287,288,289,290,291,292,294,295,296,300,:
294:287,288,291,292,293,362,366,:
295:280,281,282,286,287,288,289,290,291,292,293,296,297,298,299,300,301,302,303,304,332,:
296:279,280,281,282,286,287,288,289,290,291,293,295,297,298,299,300,303,:
297:288,289,290,295,296,298,299,300,301,302,303,304,305,:
298:289,295,296,297,299,300,301,302,303,304,305,306,307,:
299:282,295,296,297,298,300,301,302,303,304,305,306,:
300:104,105,106,289,290,293,295,296,297,298,299,301,302,303,304,:
301:104,105,106,295,297,298,299,300,302,303,304,:
302:105,109,295,297,298,299,300,301,303,304,305,:
303:295,296,297,298,299,300,301,302,304,305,306,307,308,309,:
304:295,297,298,299,300,301,302,303,305,306,307,:
305:5,14,24,297,298,299,302,303,304,306,307,308,309,310,317,:
306:5,14,298,299,303,304,305,307,308,309,310,311,313,316,317,326,339,:
307:298,303,304,305,306,308,309,310,311,312,316,317,325,326,327,328,330,338,339,340,343,344,:
308:5,12,14,22,24,215,303,305,306,307,309,310,311,312,313,314,315,316,317,326,339,:
309:4,5,6,8,9,12,14,22,24,213,215,303,305,306,307,308,310,311,313,314,315,316,317,:
310:5,14,22,305,306,307,308,309,311,312,313,314,315,316,317,318,339,:
311:14,306,307,308,309,310,312,313,314,315,316,317,318,319,320,321,323,325,326,338,339,348,349,:
312:307,308,310,311,313,314,315,316,317,318,319,320,325,326,338,339,340,341,343,348,349,350,353,:
313:5,12,22,179,212,306,308,309,310,311,312,314,315,316,317,:
314:4,5,8,11,12,14,22,27,177,178,179,180,212,308,309,310,311,312,313,315,316,317,323,442,490,:
315:6,8,14,22,178,179,308,309,310,311,312,313,314,316,317,318,322,323,440,442,489,490,492,:
316:6,14,306,307,308,309,310,311,312,313,314,315,317,318,319,320,321,322,323,324,325,326,339,349,:
317:6,13,14,22,305,306,307,308,309,310,311,312,313,314,315,316,318,319,321,322,323,325,326,339,:
318:14,310,311,312,315,316,317,319,320,321,322,323,324,325,326,327,339,349,:
319:311,312,316,317,318,320,321,322,324,325,326,327,328,329,330,338,339,348,349,:
320:311,312,316,318,319,321,324,325,326,327,328,329,338,339,348,349,350,351,353,:
321:6,13,14,311,316,317,318,319,320,322,323,324,325,326,:
322:6,13,14,257,315,316,317,318,319,321,323,324,439,:
323:6,13,14,22,311,314,315,316,317,318,321,322,324,439,440,442,:
324:316,318,319,320,321,322,323,325,326,419,:
325:307,311,312,316,317,318,319,320,321,324,326,327,328,329,330,331,338,339,349,:
326:14,306,307,308,311,312,316,317,318,319,320,321,324,325,327,328,330,338,339,:
327:307,318,319,320,325,326,328,329,330,331,332,338,339,340,349,:
328:307,319,320,325,326,327,329,330,331,338,339,340,341,342,343,348,349,:
329:319,320,325,327,328,330,331,338,339,340,341,342,348,349,351,:
330:274,275,281,307,319,325,326,327,328,329,331,332,333,338,339,:
331:275,281,325,327,328,329,330,332,333,334,338,339,:
332:281,288,289,290,295,327,330,331,333,334,335,336,337,:
333:290,330,331,332,334,335,336,337,:
334:289,290,331,332,333,335,336,337,:
335:288,289,290,291,332,333,334,336,337,:
336:289,290,332,333,334,335,337,:
337:290,332,333,334,335,336,:
338:307,311,312,319,320,325,326,327,328,329,330,331,339,340,341,342,343,344,345,348,349,:
339:306,307,308,310,311,312,316,317,318,319,320,325,326,327,328,329,330,331,338,340,341,343,344,345,348,349,:
340:307,312,327,328,329,338,339,341,342,343,344,345,346,347,348,349,350,:
341:312,328,329,338,339,340,342,343,344,348,349,350,351,352,353,:
342:328,329,338,340,341,343,348,349,350,351,352,:
343:307,312,328,338,339,340,341,342,344,345,346,347,348,349,:
344:307,338,339,340,341,343,345,346,347,:
345:338,339,340,343,344,346,347,:
346:340,343,344,345,347,:
347:340,343,344,345,346,:
348:311,312,319,320,328,329,338,339,340,341,342,343,349,350,351,352,353,354,:
349:311,312,316,318,319,320,325,327,328,329,338,339,340,341,342,343,348,350,351,353,:
350:312,320,340,341,342,348,349,351,352,353,354,355,356,:
351:320,329,341,342,348,349,350,352,353,354,355,356,:
352:341,342,348,350,351,353,354,355,356,:
353:259,312,320,341,348,349,350,351,352,354,355,356,357,358,:
354:259,348,350,351,352,353,355,356,357,358,359,:
355:350,351,352,353,354,356,357,358,359,491,:
356:259,350,351,352,353,354,355,357,358,359,:
357:353,354,355,356,358,359,:
358:353,354,355,356,357,359,:
359:354,355,356,357,358,:
360:361,362,363,364,365,366,377,378,:
361:360,362,363,365,366,377,378,:
362:287,294,360,361,363,364,365,366,367,377,378,379,:
363:285,360,361,362,364,365,366,377,378,379,380,381,382,385,:
364:285,360,362,363,365,377,378,379,382,385,:
365:360,361,362,363,364,366,367,368,377,378,:
366:294,360,361,362,363,365,367,368,369,370,371,372,:
367:362,365,366,368,369,370,371,372,373,374,375,:
368:365,366,367,369,370,371,372,373,374,375,376,:
369:366,367,368,370,371,372,374,375,376,:
370:366,367,368,369,371,372,373,374,375,376,:
371:366,367,368,369,370,372,373,374,375,376,:
372:366,367,368,369,370,371,373,374,376,:
373:367,368,370,371,372,374,375,376,:
374:367,368,369,370,371,372,373,375,376,:
375:367,368,369,370,371,373,374,376,:
376:368,369,370,371,372,373,374,375,:
377:285,360,361,362,363,364,365,378,379,380,381,382,383,384,385,386,387,:
378:285,360,361,362,363,364,365,377,379,380,381,382,383,384,385,386,:
379:285,362,363,364,377,378,380,381,382,383,384,385,386,387,388,396,:
380:285,363,377,378,379,381,382,383,384,385,386,387,388,389,390,391,395,396,:
381:285,363,377,378,379,380,382,383,384,386,387,388,389,390,395,396,398,:
382:363,364,377,378,379,380,381,383,384,385,386,387,395,396,:
383:377,378,379,380,381,382,384,385,386,387,395,396,397,398,400,:
384:377,378,379,380,381,382,383,385,395,396,397,398,400,:
385:363,364,377,378,379,380,382,383,384,:
386:285,377,378,379,380,381,382,383,387,388,389,390,391,392,393,394,395,396,:
387:377,379,380,381,382,383,386,388,389,391,392,393,395,396,:
388:379,380,381,386,387,389,390,391,392,393,394,395,396,397,413,414,:
389:380,381,386,387,388,390,391,392,393,394,395,396,397,398,399,400,:
390:380,381,386,388,389,391,394,395,396,397,398,399,:
391:60,380,386,387,388,389,390,392,393,394,395,396,:
392:15,20,60,386,387,388,389,391,393,394,414,:
393:15,20,26,284,386,387,388,389,391,392,394,413,414,:
394:386,388,389,390,391,392,393,395,396,466,467,:
395:380,381,382,383,384,386,387,388,389,390,391,394,396,397,398,399,400,:
396:379,380,381,382,383,384,386,387,388,389,390,391,394,395,397,398,400,:
397:383,384,388,389,390,395,396,398,399,400,:
398:381,383,384,389,390,395,396,397,399,400,:
399:389,390,395,397,398,400,:
400:383,384,389,395,396,397,398,399,:
401:402,403,404,405,406,407,415,416,:
402:401,403,404,405,406,:
403:401,402,404,405,406,407,408,409,415,416,417,:
404:401,402,403,405,406,407,408,415,416,417,418,419,420,421,424,425,:
405:264,401,402,403,404,406,407,415,416,417,418,424,425,432,:
406:401,402,403,404,405,407,408,409,410,411,415,416,:
407:401,403,404,405,406,408,409,410,411,412,415,416,:
408:403,404,406,407,409,410,411,412,413,415,416,419,:
409:403,406,407,408,410,411,412,413,414,431,:
410:278,406,407,408,409,411,412,413,414,419,:
411:406,407,408,409,410,412,413,414,429,431,:
412:407,408,409,410,411,413,414,429,:
413:283,284,285,388,393,408,409,410,411,412,414,:
414:283,284,388,392,393,409,410,411,412,413,429,:
415:401,403,404,405,406,407,408,416,417,418,419,420,421,423,424,425,:
416:268,401,403,404,405,406,407,408,415,417,418,419,420,421,422,:
417:264,403,404,405,415,416,418,419,420,421,422,423,424,425,426,:
418:264,404,405,415,416,417,419,420,421,424,425,426,427,428,429,:
419:278,324,404,408,410,415,416,417,418,420,424,425,426,429,:
420:276,404,415,416,417,418,419,421,422,423,424,425,:
421:404,415,416,417,418,420,422,423,:
422:416,417,420,421,423,:
423:264,415,417,420,421,422,:
424:261,264,404,405,415,417,418,419,420,425,426,427,428,429,430,432,433,434,:
425:260,261,262,263,264,266,267,404,405,415,417,418,419,420,424,426,427,428,429,430,432,433,:
426:261,417,418,419,424,425,427,428,429,430,431,432,433,434,435,:
427:260,261,266,267,418,424,425,426,428,429,430,432,433,434,435,436,437,438,443,:
428:253,254,260,261,262,263,264,265,266,267,418,424,425,426,427,429,430,432,433,434,435,436,437,443,444,:
429:411,412,414,418,419,424,425,426,427,428,430,431,432,433,434,:
430:424,425,426,427,428,429,431,432,433,434,437,470,:
431:409,411,426,429,430,432,465,466,469,470,:
432:264,266,267,405,424,425,426,427,428,429,430,431,474,475,477,479,:
433:261,267,424,425,426,427,428,429,430,434,435,436,437,438,439,443,444,:
434:13,424,426,427,428,429,430,433,435,436,437,438,439,:
435:250,267,426,427,428,433,434,436,437,438,439,440,443,444,445,452,461,:
436:250,266,267,427,428,433,434,435,437,438,439,443,444,445,446,447,448,450,451,452,457,460,461,470,:
437:266,267,427,428,430,433,434,435,436,438,443,444,445,446,447,451,452,454,460,461,462,463,465,469,470,474,:
438:245,427,433,434,435,436,437,439,440,441,442,443,444,452,457,458,461,510,511,:
439:13,21,28,245,322,323,433,434,435,436,438,440,441,442,511,:
440:3,6,8,11,13,21,22,27,28,32,178,179,245,315,323,435,438,439,441,442,507,510,511,:
441:1,3,8,11,13,16,17,18,21,22,27,28,29,32,178,179,438,439,440,442,507,509,510,511,:
442:6,8,11,13,21,22,27,28,178,179,245,314,315,323,438,439,440,441,511,:
443:247,249,250,266,267,427,428,433,435,436,437,438,444,445,446,447,448,449,450,451,452,461,470,:
444:242,246,247,248,249,250,251,266,267,428,433,435,436,437,438,443,445,446,448,449,450,451,452,:
445:247,250,265,266,267,435,436,437,443,444,446,447,448,449,450,451,452,453,470,:
446:436,437,443,444,445,447,448,449,450,451,452,453,454,455,456,457,460,461,469,470,:
447:436,437,443,445,446,448,449,451,452,453,454,455,460,461,469,470,471,472,474,:
448:246,247,250,266,267,436,443,444,445,446,447,449,450,451,452,:
449:239,240,242,246,247,250,443,444,445,446,447,448,450,451,452,:
450:239,240,242,246,247,248,249,250,436,443,444,445,446,448,449,451,452,:
451:436,437,443,444,445,446,447,448,449,450,452,453,454,455,456,457,458,459,460,461,470,:
452:242,247,435,436,437,438,443,444,445,446,447,448,449,450,451,453,454,456,457,458,459,460,461,:
453:445,446,447,451,452,454,455,456,457,458,459,460,461,462,470,527,:
454:437,446,447,451,452,453,455,456,457,458,459,460,461,462,463,464,465,469,470,526,527,:
455:446,447,451,453,454,456,460,461,462,463,464,469,470,524,526,527,528,530,:
456:88,89,446,451,452,453,454,455,457,458,459,460,461,510,:
457:32,88,89,436,438,446,451,452,453,454,456,458,459,460,461,508,509,510,511,:
458:32,88,89,438,451,452,453,454,456,457,459,460,461,508,509,510,511,:
459:88,89,234,235,242,451,452,453,454,456,457,458,:
460:436,437,446,447,451,452,453,454,455,456,457,458,461,462,463,464,465,466,469,470,527,:
461:435,436,437,438,443,446,447,451,452,453,454,455,456,457,458,460,462,463,465,469,470,:
462:437,453,454,455,460,461,463,464,465,466,467,469,470,471,:
463:437,454,455,460,461,462,464,465,466,467,469,470,471,472,473,474,:
464:454,455,460,462,463,465,466,467,469,470,471,472,473,:
465:15,30,431,437,454,460,461,462,463,464,466,467,468,469,470,:
466:30,394,431,460,462,463,464,465,467,468,469,:
467:65,394,462,463,464,465,466,468,:
468:15,17,30,57,65,465,466,467,:
469:431,437,446,447,454,455,460,461,462,463,464,465,466,470,471,472,473,474,475,:
470:430,431,436,437,443,445,446,447,451,453,454,455,460,461,462,463,464,465,469,471,472,474,475,:
471:447,462,463,464,469,470,472,473,474,475,476,477,:
472:447,463,464,469,470,471,473,474,475,476,:
473:463,464,469,471,472,474,475,476,:
474:266,267,432,437,447,463,469,470,471,472,473,475,476,477,478,479,:
475:266,432,469,470,471,472,473,474,476,477,478,479,:
476:471,472,473,474,475,477,478,479,:
477:265,266,267,432,471,474,475,476,478,479,:
478:266,474,475,476,477,479,:
479:262,263,264,265,266,267,432,474,475,476,477,478,:
480:238,241,481,482,483,484,485,486,493,494,:
481:237,238,240,241,246,480,482,483,484,485,486,493,:
482:238,241,480,481,483,484,485,486,487,493,494,495,:
483:238,241,244,480,481,482,484,485,486,493,494,495,496,:
484:237,238,240,241,244,480,481,482,483,485,486,493,494,495,:
485:480,481,482,483,484,486,487,488,493,494,:
486:180,241,245,480,481,482,483,484,485,487,488,489,493,494,:
487:180,482,485,486,488,489,490,491,492,:
488:180,245,485,486,487,489,490,491,492,:
489:257,259,315,486,487,488,490,491,492,:
490:314,315,487,488,489,491,492,:
491:252,257,259,355,487,488,489,490,492,:
492:257,259,315,487,488,489,490,491,:
493:238,244,480,481,482,483,484,485,486,494,495,496,497,498,499,:
494:182,480,482,483,484,485,486,493,495,496,497,498,:
495:232,238,244,482,483,484,493,494,496,497,498,499,500,:
496:182,232,244,483,493,494,495,497,498,499,500,501,502,503,:
497:174,175,180,181,182,183,186,187,189,493,494,495,496,498,499,500,501,513,:
498:182,229,232,244,493,494,495,496,497,499,500,501,502,503,504,505,512,513,:
499:228,229,230,231,232,244,493,495,496,497,498,500,501,502,503,504,505,506,:
500:167,182,495,496,497,498,499,501,502,503,504,505,506,512,513,514,:
501:167,189,229,496,497,498,499,500,502,503,504,512,513,514,515,516,:
502:228,229,496,498,499,500,501,503,512,513,514,515,:
503:164,167,496,498,499,500,501,502,504,505,506,507,508,512,513,:
504:157,158,163,164,498,499,500,501,503,505,506,507,508,509,:
505:27,157,158,159,163,164,166,167,172,174,178,244,498,499,500,503,504,506,507,508,509,510,511,:
506:89,157,160,233,499,500,503,504,505,507,508,509,510,:
507:11,27,28,29,158,159,178,179,243,244,440,441,503,504,505,506,508,509,510,511,:
508:88,89,157,160,235,457,458,503,504,505,506,507,509,510,511,:
509:28,32,160,243,244,441,457,458,504,505,506,507,508,510,511,:
510:17,28,30,31,32,88,243,438,440,441,456,457,458,505,506,507,508,509,511,:
511:11,17,18,27,28,31,32,243,438,439,440,441,442,457,458,505,507,508,509,510,:
512:167,187,189,498,500,501,502,503,513,514,515,516,:
513:164,166,167,182,187,497,498,500,501,502,503,512,514,515,516,:
514:187,189,500,501,502,512,513,515,516,:
515:223,501,502,512,513,514,516,:
516:167,223,501,512,513,514,515,:
517:518,519,520,521,522,523,525,529,:
518:517,519,520,522,523,525,529,:
519:517,518,520,521,522,523,524,525,529,:
520:517,518,519,521,522,523,:
521:517,519,520,522,:
522:517,518,519,520,521,523,524,525,526,528,529,:
523:517,518,519,520,522,524,525,526,527,528,529,530,531,:
524:455,519,522,523,525,526,527,528,529,530,:
525:517,518,519,522,523,524,526,527,528,529,530,531,532,:
526:454,455,522,523,524,525,527,528,529,530,532,:
527:453,454,455,460,523,524,525,526,528,530,:
528:455,522,523,524,525,526,527,529,530,531,532,:
529:517,518,519,522,523,524,525,526,528,530,531,532,:
530:87,88,89,455,523,524,525,526,527,528,529,531,532,:
531:74,523,525,528,529,530,532,:
532:74,85,87,88,89,236,525,526,528,529,530,531,:
