1:2,3,4,5,6,8,9,10,12,13,14,15,16,18,20,21,22,176,257,317,318,319,320,344,345,348,454,:
2:1,3,4,5,6,7,8,9,12,13,14,15,16,17,18,19,20,21,22,173,174,176,177,179,257,345,346,429,430,452,453,454,:
3:1,2,4,5,6,9,12,13,14,15,16,17,173,174,175,176,177,179,220,222,255,256,257,317,344,345,346,454,:
4:1,2,3,5,6,7,8,9,10,12,13,14,15,16,17,18,19,20,21,22,176,177,179,208,209,222,344,345,346,429,:
5:1,2,3,4,6,7,8,14,15,16,17,18,19,173,174,176,177,178,179,206,207,208,209,210,211,220,221,222,429,430,:
6:1,2,3,4,5,7,8,9,10,11,12,13,14,15,16,17,18,19,20,21,22,23,24,25,83,179,208,209,210,345,429,:
7:2,4,5,6,8,9,10,11,16,17,18,19,20,22,23,24,82,83,143,145,208,209,210,211,291,:
8:1,2,4,5,6,7,9,10,11,12,13,14,16,18,19,20,21,22,23,24,25,345,348,:
9:1,2,3,4,6,7,8,10,11,12,13,14,16,18,20,21,22,23,24,25,345,:
10:1,4,6,7,8,9,11,18,19,20,21,22,23,24,25,49,83,84,353,355,358,:
11:6,7,8,9,10,18,20,21,22,23,24,25,49,82,83,84,111,112,113,428,:
12:1,2,3,4,6,8,9,13,14,15,16,18,20,21,22,317,318,319,320,344,345,346,347,348,:
13:1,2,3,4,6,8,9,12,14,15,16,18,20,21,22,176,257,258,260,317,318,319,320,452,453,454,:
14:1,2,3,4,5,6,8,9,12,13,15,16,17,18,21,22,173,174,176,177,178,179,209,257,428,429,430,452,453,454,:
15:1,2,3,4,5,6,12,13,14,16,17,173,174,175,176,177,178,179,220,221,222,255,256,257,346,:
16:1,2,3,4,5,6,7,8,9,12,13,14,15,17,18,19,20,22,176,179,209,220,222,290,291,344,345,346,348,:
17:2,3,4,5,6,7,14,15,16,18,19,173,174,176,177,178,179,206,207,208,209,210,211,219,220,221,222,:
18:1,2,4,5,6,7,8,9,10,11,12,13,14,16,17,19,20,21,22,23,24,25,82,83,84,179,208,209,210,428,429,430,:
19:2,4,5,6,7,8,10,16,17,18,20,23,82,83,143,206,207,208,209,210,211,291,:
20:1,2,4,6,7,8,9,10,11,12,13,16,18,19,21,22,23,24,344,345,347,348,352,353,355,359,361,:
21:1,2,4,6,8,9,10,11,12,13,14,18,20,22,23,24,25,319,320,345,348,352,353,:
22:1,2,4,6,7,8,9,10,11,12,13,14,16,18,20,21,23,24,25,113,428,429,454,:
23:6,7,8,9,10,11,18,19,20,21,22,24,25,49,82,83,84,145,355,356,358,359,360,361,362,:
24:6,7,8,9,10,11,18,20,21,22,23,25,49,352,353,354,355,356,357,358,359,:
25:6,8,9,10,11,18,21,22,23,24,47,49,82,83,84,111,112,113,:
26:27,28,29,30,31,32,:
27:26,28,29,30,31,:
28:26,27,29,30,31,32,33,34,38,:
29:26,27,28,30,31,32,33,34,:
30:26,27,28,29,31,32,33,:
31:26,27,28,29,30,32,33,34,35,37,38,392,395,396,397,:
32:26,28,29,30,31,33,34,35,36,37,38,39,40,395,396,397,398,:
33:28,29,30,31,32,34,35,36,37,38,39,395,396,398,:
34:28,29,31,32,33,35,36,37,38,39,40,41,398,:
35:31,32,33,34,36,37,38,39,41,398,:
36:32,33,34,35,37,39,:
37:31,32,33,34,35,36,38,39,40,41,398,:
38:28,31,32,33,34,35,37,39,40,41,354,357,:
39:32,33,34,35,36,37,38,40,41,:
40:32,34,37,38,39,41,46,354,356,357,:
41:34,35,37,38,39,40,417,:
42:43,44,45,46,47,48,49,50,51,59,71,72,74,:
43:42,44,45,47,48,49,50,51,58,59,66,70,71,72,73,74,:
44:42,43,45,46,47,48,49,50,51,52,59,357,417,:
45:42,43,44,46,47,48,49,50,51,52,53,54,59,356,357,360,:
46:40,42,44,45,47,49,50,51,52,354,356,357,358,360,:
47:25,42,43,44,45,46,48,49,50,51,77,357,:
48:42,43,44,45,47,49,71,72,73,74,75,77,:
49:10,11,23,24,25,42,43,44,45,46,47,48,50,51,77,84,145,356,357,358,360,:
50:42,43,44,45,46,47,49,51,52,53,54,56,59,357,360,:
51:42,43,44,45,46,47,49,50,52,53,54,55,56,57,58,59,60,360,:
52:44,45,46,50,51,53,54,56,59,357,360,381,:
53:45,50,51,52,54,55,56,59,381,:
54:45,50,51,52,53,55,56,57,58,59,60,62,:
55:51,53,54,56,57,58,59,60,61,62,64,65,:
56:50,51,52,53,54,55,57,58,59,60,61,62,64,:
57:51,54,55,56,58,59,60,61,62,63,64,65,66,:
58:43,51,54,55,56,57,59,60,61,64,65,66,67,69,:
59:42,43,44,45,50,51,52,53,54,55,56,57,58,60,64,65,66,67,69,72,:
60:51,54,55,56,57,58,59,61,62,63,64,65,146,:
61:55,56,57,58,60,62,63,:
62:54,55,56,57,60,61,63,:
63:57,60,61,62,328,329,380,:
64:55,56,57,58,59,60,65,66,67,68,69,70,72,76,77,139,:
65:55,57,58,59,60,64,66,67,68,69,128,139,:
66:43,57,58,59,64,65,67,68,69,70,71,72,76,77,78,80,:
67:58,59,64,65,66,68,69,70,76,77,78,79,80,81,138,139,144,145,:
68:64,65,66,67,69,70,76,77,78,79,80,128,129,138,139,140,143,144,:
69:58,59,64,65,66,67,68,70,71,72,73,76,77,80,:
70:43,64,66,67,68,69,71,72,73,74,75,76,77,80,101,104,:
71:42,43,48,66,69,70,72,73,74,75,77,104,:
72:42,43,48,59,64,66,69,70,71,73,74,75,77,:
73:43,48,69,70,71,72,74,75,103,104,:
74:42,43,48,70,71,72,73,75,104,122,:
75:48,70,71,72,73,74,100,101,102,103,104,105,117,119,122,:
76:64,66,67,68,69,70,77,78,79,80,81,82,83,84,85,139,145,:
77:47,48,49,64,66,67,68,69,70,71,72,76,78,79,80,81,82,83,84,:
78:66,67,68,76,77,79,80,81,82,83,84,85,86,87,90,139,:
79:67,68,76,77,78,80,81,82,85,86,87,88,89,90,92,100,101,105,:
80:66,67,68,69,70,76,77,78,79,81,85,86,87,100,101,102,105,:
81:67,76,77,78,79,80,82,83,84,85,87,90,105,107,112,427,:
82:7,11,18,19,23,25,76,77,78,79,81,83,84,112,427,:
83:6,7,10,11,18,19,23,25,76,77,78,81,82,84,143,145,208,209,210,211,:
84:10,11,18,23,25,49,76,77,78,81,82,83,107,110,111,112,113,427,428,:
85:76,78,79,80,81,86,87,88,89,90,91,92,93,100,101,:
86:78,79,80,85,87,88,89,90,91,92,93,100,101,:
87:78,79,80,81,85,86,88,89,90,91,92,93,94,99,:
88:79,85,86,87,89,90,91,92,93,94,95,97,98,99,137,142,:
89:79,85,86,87,88,90,91,92,93,94,95,96,99,132,133,135,136,137,:
90:78,79,81,85,86,87,88,89,91,92,93,99,427,433,434,436,437,440,:
91:85,86,87,88,89,90,92,93,99,434,435,436,437,439,440,:
92:79,85,86,87,88,89,90,91,93,439,440,:
93:85,86,87,88,89,90,91,92,94,95,96,97,98,99,137,142,:
94:87,88,89,93,95,96,97,98,99,135,137,:
95:88,89,93,94,96,97,98,99,135,136,137,:
96:89,93,94,95,97,135,136,137,:
97:88,93,94,95,96,98,99,:
98:88,93,94,95,97,99,142,149,189,207,211,:
99:87,88,89,90,91,93,94,95,97,98,142,189,211,433,:
100:75,79,80,85,86,101,102,103,104,105,106,117,118,440,:
101:70,75,79,80,85,86,100,102,103,104,105,:
102:75,80,100,101,103,104,105,106,107,117,118,119,440,:
103:73,75,100,101,102,104,105,106,117,118,119,120,121,122,123,:
104:70,71,73,74,75,100,101,102,103,105,117,118,119,120,121,122,:
105:75,79,80,81,100,101,102,103,104,106,107,108,117,118,440,:
106:100,102,103,105,107,108,109,110,112,117,118,440,443,:
107:81,84,102,105,106,108,109,110,111,112,113,114,125,427,:
108:105,106,107,109,110,111,112,113,114,115,116,125,443,:
109:106,107,108,110,111,112,114,115,116,124,125,422,442,443,:
110:84,106,107,108,109,111,112,113,114,115,116,425,:
111:11,25,84,107,108,109,110,112,113,114,115,116,425,428,:
112:11,25,81,82,84,106,107,108,109,110,111,113,114,116,427,428,:
113:11,22,25,84,107,108,110,111,112,114,115,116,425,428,:
114:107,108,109,110,111,112,113,115,116,425,472,473,:
115:108,109,110,111,113,114,116,422,472,473,:
116:108,109,110,111,112,113,114,115,471,472,473,:
117:75,100,102,103,104,105,106,118,119,120,121,122,123,124,:
118:100,102,103,104,105,106,117,119,120,122,123,124,:
119:75,102,103,104,117,118,120,121,122,123,124,125,:
120:103,104,117,118,119,121,122,123,:
121:103,104,117,119,120,122,:
122:74,75,103,104,117,118,119,120,121,123,124,125,:
123:103,117,118,119,120,122,124,125,:
124:109,117,118,119,122,123,125,:
125:107,108,109,119,122,123,124,:
126:127,128,129,130,131,132,138,139,197,:
127:126,128,129,130,131,197,:
128:65,68,126,127,129,130,131,132,133,138,139,140,148,:
129:68,126,127,128,130,131,132,138,139,140,141,143,147,148,151,191,196,197,:
130:126,127,128,129,131,132,138,139,140,141,147,148,151,190,191,192,195,196,197,:
131:126,127,128,129,130,132,133,134,135,138,139,:
132:89,126,128,129,130,131,133,134,135,136,137,138,139,147,148,:
133:89,128,131,132,134,135,136,137,:
134:131,132,133,135,136,137,:
135:89,94,95,96,131,132,133,134,136,137,:
136:89,95,96,132,133,134,135,137,:
137:88,89,93,94,95,96,132,133,134,135,136,:
138:67,68,126,128,129,130,131,132,139,140,141,142,143,144,146,147,148,197,:
139:64,65,67,68,76,78,126,128,129,130,131,132,138,140,141,142,143,144,146,147,148,:
140:68,128,129,130,138,139,141,142,143,144,145,146,147,148,149,210,:
141:129,130,138,139,140,142,143,144,147,148,149,150,151,207,208,210,:
142:88,93,98,99,138,139,140,141,143,147,148,149,206,207,208,209,210,211,:
143:7,19,68,83,129,138,139,140,141,142,144,145,146,147,210,:
144:67,68,138,139,140,141,143,145,146,:
145:7,23,49,67,76,83,140,143,144,146,360,362,:
146:60,138,139,140,143,144,145,196,291,328,329,:
147:129,130,132,138,139,140,141,142,143,148,149,150,151,191,194,195,:
148:128,129,130,132,138,139,140,141,142,147,149,150,151,190,191,192,193,194,195,196,197,:
149:98,140,141,142,147,148,150,151,191,194,:
150:141,147,148,149,151,190,191,193,194,:
151:129,130,141,147,148,149,150,190,191,192,193,194,:
152:153,154,155,156,157,200,:
153:152,154,155,156,157,184,:
154:152,153,155,156,157,159,200,203,:
155:152,153,154,156,157,158,159,203,:
156:152,153,154,155,157,159,:
157:152,153,154,155,156,159,184,203,:
158:155,159,160,161,162,203,212,213,:
159:154,155,156,157,158,160,161,162,202,203,212,213,:
160:158,159,161,162,203,212,213,216,:
161:158,159,160,162,212,213,219,:
162:158,159,160,161,202,203,212,213,214,216,217,218,219,221,:
163:164,165,166,167,168,169,:
164:163,165,166,168,169,:
165:163,164,166,167,168,169,170,181,:
166:163,164,165,167,168,169,180,181,:
167:163,165,166,168,180,181,182,185,186,:
168:163,164,165,166,167,169,170,171,172,:
169:163,164,165,166,168,170,171,172,173,175,241,243,447,:
170:165,168,169,171,172,173,174,175,176,177,178,241,242,243,:
171:168,169,170,172,173,174,175,176,177,178,179,187,188,:
172:168,169,170,171,173,174,175,177,178,179,186,187,188,189,:
173:2,3,5,14,15,17,169,170,171,172,174,175,176,177,178,179,188,221,222,257,430,451,452,453,:
174:2,3,5,14,15,17,170,171,172,173,175,176,177,178,179,221,222,232,255,256,257,451,452,454,:
175:3,15,169,170,171,172,173,174,176,177,179,231,232,241,242,243,255,256,257,451,:
176:1,2,3,4,5,13,14,15,16,17,170,171,173,174,175,177,178,179,220,221,222,232,255,256,257,346,452,454,:
177:2,3,4,5,14,15,17,170,171,172,173,174,175,176,178,179,187,188,209,221,222,429,430,453,:
178:5,14,15,17,170,171,172,173,174,176,177,179,187,188,189,209,221,429,430,432,453,:
179:2,3,4,5,6,14,15,16,17,18,171,172,173,174,175,176,177,178,188,208,209,211,221,222,429,430,453,:
180:166,167,181,182,183,184,185,186,:
181:165,166,167,180,182,183,185,186,:
182:167,180,181,183,184,185,186,187,:
183:180,181,182,184,185,186,:
184:153,157,180,182,183,185,:
185:167,180,181,182,183,184,186,187,188,189,:
186:167,172,180,181,182,183,185,187,188,189,:
187:171,172,177,178,182,185,186,188,189,432,433,:
188:171,172,173,177,178,179,185,186,187,189,430,431,432,433,:
189:98,99,172,178,185,186,187,188,211,431,432,433,:
190:130,148,150,151,191,192,193,194,195,196,197,198,:
191:129,130,147,148,149,150,151,190,192,193,194,195,196,197,:
192:130,148,151,190,191,193,194,195,196,197,198,:
193:148,150,151,190,191,192,194,195,196,197,198,199,200,:
194:147,148,149,150,151,190,191,192,193,195,198,199,200,:
195:130,147,148,190,191,192,193,194,196,197,198,:
196:129,130,146,148,190,191,192,193,195,197,198,329,:
197:126,127,129,130,138,148,190,191,192,193,195,196,198,:
198:190,192,193,194,195,196,197,283,284,288,329,:
199:193,194,200,201,202,203,204,205,212,284,:
200:152,154,193,194,199,201,202,203,204,205,:
201:199,200,202,203,204,205,206,212,213,214,215,284,287,:
202:159,162,199,200,201,203,204,205,212,213,214,215,216,217,218,219,:
203:154,155,157,158,159,160,162,199,200,201,202,204,205,212,213,214,:
204:199,200,201,202,203,205,206,207,212,214,284,288,:
205:199,200,201,202,203,204,206,207,208,212,221,222,:
206:5,17,19,142,201,204,205,207,208,209,210,211,220,221,222,290,291,:
207:5,17,19,98,141,142,204,205,206,208,209,210,211,222,:
208:4,5,6,7,17,18,19,83,141,142,179,205,206,207,209,210,211,:
209:4,5,6,7,14,16,17,18,19,83,142,177,178,179,206,207,208,210,211,222,:
210:5,6,7,17,18,19,83,140,141,142,143,206,207,208,209,211,291,:
211:5,7,17,19,83,98,99,142,179,189,206,207,208,209,210,:
212:158,159,160,161,162,199,201,202,203,204,205,213,214,215,216,217,218,219,220,:
213:158,159,160,161,162,201,202,203,212,214,215,216,217,218,219,221,:
214:162,201,202,203,204,212,213,215,216,217,218,219,220,287,:
215:201,202,212,213,214,216,217,218,287,:
216:160,162,202,212,213,214,215,217,224,:
217:162,202,212,213,214,215,216,218,219,220,221,222,233,:
218:162,202,212,213,214,215,217,219,220,221,222,231,233,:
219:17,161,162,202,212,213,214,217,218,220,221,222,233,:
220:3,5,15,16,17,176,206,212,214,217,218,219,221,222,233,290,346,:
221:5,15,17,162,173,174,176,177,178,179,205,206,213,217,218,219,220,222,233,:
222:3,4,5,15,16,17,173,174,176,177,179,205,206,207,209,217,218,219,220,221,346,:
223:224,225,226,227,228,229,:
224:216,223,225,226,227,228,306,:
225:223,224,226,227,228,229,230,231,:
226:223,224,225,227,228,229,230,:
227:223,224,225,226,228,229,230,:
228:223,224,225,226,227,229,230,231,232,233,:
229:223,225,226,227,228,230,231,232,233,:
230:225,226,227,228,229,231,232,233,:
231:175,218,225,228,229,230,232,233,308,:
232:174,175,176,228,229,230,231,233,255,256,308,315,:
233:217,218,219,220,221,228,229,230,231,232,308,:
234:235,236,237,238,239,240,241,243,:
235:234,236,237,239,240,:
236:234,235,237,238,239,240,241,242,243,:
237:234,235,236,238,239,240,245,:
238:234,236,237,239,244,245,246,249,250,251,:
239:234,235,236,237,238,240,241,242,243,455,456,457,:
240:234,235,236,237,239,241,242,243,455,456,:
241:169,170,175,234,236,239,240,242,243,251,256,455,456,:
242:170,175,236,239,240,241,243,251,252,253,254,255,256,257,447,448,451,455,456,457,:
243:169,170,175,234,236,239,240,241,242,256,456,:
244:238,245,246,247,248,249,250,261,262,:
245:237,238,244,246,247,249,250,261,262,:
246:238,244,245,247,248,249,250,251,261,262,263,:
247:244,245,246,248,249,250,261,262,263,264,266,267,:
248:244,246,247,249,250,261,262,263,266,267,269,310,311,312,313,:
249:238,244,245,246,247,248,250,251,252,261,262,:
250:238,244,245,246,247,248,249,251,252,253,254,256,261,262,282,:
251:238,241,242,246,249,250,252,253,254,255,256,257,258,259,282,:
252:242,249,250,251,253,254,255,256,257,258,259,260,280,281,282,456,:
253:242,250,251,252,254,255,256,258,259,260,279,280,281,282,456,:
254:242,250,251,252,253,255,256,257,258,259,260,281,282,315,317,451,452,454,456,:
255:3,15,174,175,176,232,242,251,252,253,254,256,257,258,259,260,315,317,451,452,454,456,:
256:3,15,174,175,176,232,241,242,243,250,251,252,253,254,255,257,258,260,315,317,:
257:1,2,3,13,14,15,173,174,175,176,242,251,252,254,255,256,258,259,260,315,317,451,452,453,454,:
258:13,251,252,253,254,255,256,257,259,260,280,281,282,451,452,454,456,461,:
259:251,252,253,254,255,257,258,260,280,281,282,451,454,460,461,465,468,:
260:13,252,253,254,255,256,257,258,259,281,451,452,453,454,461,468,:
261:244,245,246,247,248,249,250,262,263,264,265,266,267,:
262:244,245,246,247,248,249,250,261,263,264,265,266,:
263:246,247,248,261,262,264,265,266,267,268,269,274,:
264:247,261,262,263,265,266,267,273,274,:
265:261,262,263,264,266,273,274,275,276,278,:
266:247,248,261,262,263,264,265,267,268,269,270,272,274,278,:
267:247,248,261,263,264,266,268,269,270,271,272,313,314,316,:
268:263,266,267,269,270,271,272,314,316,:
269:248,263,266,267,268,270,271,272,314,367,:
270:266,267,268,269,271,272,314,316,367,:
271:267,268,269,270,272,316,351,365,366,367,:
272:266,267,268,269,270,271,316,318,320,351,:
273:264,265,274,275,276,277,278,279,:
274:263,264,265,266,273,275,276,278,279,:
275:265,273,274,276,277,278,279,280,:
276:265,273,274,275,277,278,279,:
277:273,275,276,278,279,:
278:265,266,273,274,275,276,277,279,280,281,282,:
279:253,273,274,275,276,277,278,280,281,282,:
280:252,253,258,259,275,278,279,281,282,458,459,460,461,462,465,:
281:252,253,254,258,259,260,278,279,280,282,460,461,462,465,:
282:250,251,252,253,254,258,259,278,279,280,281,457,458,459,460,461,:
283:198,284,285,286,287,288,289,292,293,322,:
284:198,199,201,204,283,285,286,287,288,292,:
285:283,284,286,287,288,289,292,293,294,322,325,327,:
286:283,284,285,287,288,289,292,293,294,295,296,297,325,:
287:201,214,215,283,284,285,286,288,289,292,293,294,295,296,:
288:198,204,283,284,285,286,287,289,290,291,292,293,327,:
289:283,285,286,287,288,290,291,292,293,296,325,327,333,334,338,339,340,:
290:16,206,220,288,289,291,340,343,344,345,346,:
291:7,16,19,146,206,210,288,289,290,361,:
292:283,284,285,286,287,288,289,293,294,295,296,297,298,299,300,325,:
293:283,285,286,287,288,289,292,294,295,296,297,298,322,324,325,332,339,:
294:285,286,287,292,293,295,296,297,298,299,300,301,:
295:286,287,292,293,294,296,297,298,299,300,301,302,303,304,339,:
296:286,287,289,292,293,294,295,297,298,299,300,301,302,338,339,340,343,:
297:286,292,293,294,295,296,298,299,300,:
298:292,293,294,295,296,297,325,332,339,:
299:292,294,295,296,297,300,301,302,303,304,305,306,307,308,:
300:292,294,295,296,297,299,301,302,303,304,305,306,:
301:294,295,296,299,300,302,303,304,305,306,307,308,309,:
302:295,296,299,300,301,303,304,305,306,307,308,309,310,312,:
303:295,299,300,301,302,304,305,307,308,309,310,311,:
304:295,299,300,301,302,303,305,306,307,308,:
305:299,300,301,302,303,304,306,307,:
306:224,299,300,301,302,304,305,:
307:299,301,302,303,304,305,308,309,310,311,312,313,314,315,:
308:231,232,233,299,301,302,303,304,307,309,310,312,313,314,315,346,:
309:301,302,303,307,308,310,311,312,313,314,315,:
310:248,302,303,307,308,309,311,312,313,:
311:248,303,307,309,310,312,:
312:248,302,307,308,309,310,311,313,314,315,316,317,:
313:248,267,307,308,309,310,312,314,315,316,317,318,:
314:267,268,269,270,307,308,309,312,313,315,316,317,318,319,320,373,:
315:232,254,255,256,257,307,308,309,312,313,314,316,317,318,319,346,:
316:267,268,270,271,272,312,313,314,315,317,318,319,320,343,350,351,368,369,:
317:1,3,12,13,254,255,256,257,312,313,314,315,316,318,319,320,344,345,346,:
318:1,12,13,272,313,314,315,316,317,319,320,344,345,346,348,351,:
319:1,12,13,21,314,315,316,317,318,320,344,345,347,348,349,350,351,352,:
320:1,12,13,21,272,314,316,317,318,319,345,347,348,349,350,351,352,363,:
321:322,323,324,325,326,327,330,331,:
322:283,285,293,321,323,324,325,326,327,:
323:321,322,324,325,326,327,330,331,332,:
324:293,321,322,323,325,326,327,330,331,332,333,334,335,:
325:285,286,289,292,293,298,321,322,323,324,326,327,330,331,332,333,334,338,339,:
326:321,322,323,324,325,327,328,329,330,331,:
327:285,288,289,321,322,323,324,325,326,328,329,330,331,334,:
328:63,146,326,327,329,361,:
329:63,146,196,198,326,327,328,:
330:321,323,324,325,326,327,331,332,333,334,335,336,337,338,339,375,:
331:321,323,324,325,326,327,330,332,333,334,335,336,337,374,375,:
332:293,298,323,324,325,330,331,333,334,335,336,337,338,339,340,342,375,:
333:289,324,325,330,331,332,334,335,336,337,338,339,340,341,342,343,375,:
334:289,324,325,327,330,331,332,333,335,336,337,338,339,340,341,342,347,359,361,375,379,:
335:324,330,331,332,333,334,336,337,338,339,342,375,:
336:330,331,332,333,334,335,337,338,341,342,374,375,376,377,378,:
337:330,331,332,333,334,335,336,338,339,340,341,342,347,364,369,374,375,376,377,378,379,:
338:289,296,325,330,332,333,334,335,336,337,339,340,341,342,343,344,347,348,373,:
339:289,293,295,296,298,325,330,332,333,334,335,337,338,340,341,342,343,373,:
340:289,290,296,332,333,334,337,338,339,341,342,343,344,345,346,347,348,349,359,369,373,:
341:333,334,336,337,338,339,340,342,343,344,345,347,348,349,350,351,352,359,363,364,368,369,373,378,:
342:332,333,334,335,336,337,338,339,340,341,343,347,348,349,350,363,364,366,368,369,370,373,378,:
343:290,296,316,333,338,339,340,341,342,344,345,346,347,348,373,:
344:1,3,4,12,16,20,290,317,318,319,338,340,341,343,345,346,347,348,:
345:1,2,3,4,6,8,9,12,16,20,21,290,317,318,319,320,340,341,343,344,346,347,348,359,:
346:2,3,4,12,15,16,176,220,222,290,308,315,317,318,340,343,344,345,348,:
347:12,20,319,320,334,337,338,340,341,342,343,344,345,348,349,350,351,352,353,355,359,363,364,369,378,:
348:1,8,12,16,20,21,318,319,320,338,340,341,342,343,344,345,346,347,349,350,351,352,353,355,359,:
349:319,320,340,341,342,347,348,350,351,352,353,354,355,359,363,364,365,369,378,389,:
350:316,319,320,341,342,347,348,349,351,352,353,363,364,365,366,368,369,378,:
351:271,272,316,318,319,320,341,347,348,349,350,352,363,364,365,366,368,369,:
352:20,21,24,319,320,341,347,348,349,350,351,353,354,355,356,358,359,363,364,:
353:10,20,21,24,347,348,349,350,352,354,355,356,357,358,359,360,361,389,:
354:24,38,40,46,349,352,353,355,356,357,358,359,360,387,388,389,:
355:10,20,23,24,347,348,349,352,353,354,356,357,358,359,360,361,362,379,:
356:23,24,40,45,46,49,352,353,354,355,357,358,359,360,362,387,:
357:24,38,40,44,45,46,47,49,50,52,353,354,355,356,358,360,387,:
358:10,23,24,46,49,352,353,354,355,356,357,359,360,361,362,379,:
359:20,23,24,334,340,341,345,347,348,349,352,353,354,355,356,358,360,361,362,379,:
360:23,45,46,49,50,51,52,145,353,354,355,356,357,358,359,361,362,379,380,381,:
361:20,23,291,328,334,353,355,358,359,360,362,379,380,:
362:23,145,355,356,358,359,360,361,379,380,:
363:320,341,342,347,349,350,351,352,364,365,366,367,368,369,378,:
364:337,341,342,347,349,350,351,352,363,365,366,367,368,369,377,378,389,:
365:271,349,350,351,363,364,366,367,368,369,370,:
366:271,342,350,351,363,364,365,367,368,369,370,371,373,:
367:269,270,271,363,364,365,366,368,369,370,371,:
368:316,341,342,350,351,363,364,365,366,367,369,370,371,372,373,:
369:316,337,340,341,342,347,349,350,351,363,364,365,366,367,368,370,371,373,:
370:342,365,366,367,368,369,371,372,373,:
371:366,367,368,369,370,372,373,:
372:368,370,371,373,:
373:314,338,339,340,341,342,343,366,368,369,370,371,372,:
374:331,336,337,375,376,377,378,379,380,383,:
375:330,331,332,333,334,335,336,337,374,376,377,378,379,380,:
376:336,337,374,375,377,378,379,380,381,383,384,385,389,:
377:336,337,364,374,375,376,378,379,380,383,384,385,387,388,389,:
378:336,337,341,342,347,349,350,363,364,374,375,376,377,379,383,384,389,:
379:334,337,355,358,359,360,361,362,374,375,376,377,378,380,381,383,384,:
380:63,360,361,362,374,375,376,377,379,381,382,:
381:52,53,360,376,379,380,382,:
382:380,381,:
383:374,376,377,378,379,384,385,386,387,388,389,:
384:376,377,378,379,383,385,386,387,388,389,:
385:376,377,383,384,386,387,388,389,:
386:383,384,385,387,:
387:354,356,357,377,383,384,385,386,388,389,:
388:354,377,383,384,385,387,389,397,399,:
389:349,353,354,364,376,377,378,383,384,385,387,388,399,:
390:391,392,393,394,395,396,397,:
391:390,392,393,394,395,396,397,398,399,:
392:31,390,391,393,394,395,396,397,398,:
393:390,391,392,394,395,396,:
394:390,391,392,393,395,:
395:31,32,33,390,391,392,393,394,396,397,398,399,400,:
396:31,32,33,390,391,392,393,395,397,398,399,400,401,:
397:31,32,388,390,391,392,395,396,398,399,400,401,:
398:32,33,34,35,37,391,392,395,396,397,399,400,401,:
399:388,389,391,395,396,397,398,400,401,:
400:395,396,397,398,399,401,:
401:396,397,398,399,400,:
402:403,404,405,406,407,408,409,410,414,:
403:402,404,405,407,408,409,410,:
404:402,403,405,406,407,408,409,410,414,:
405:402,403,404,406,407,408,:
406:402,404,405,407,:
407:402,403,404,405,406,408,409,410,411,413,414,:
408:402,403,404,405,407,409,410,411,412,413,414,415,416,:
409:402,403,404,407,408,410,411,412,413,414,415,:
410:402,403,404,407,408,409,411,412,413,414,415,416,417,:
411:407,408,409,410,412,413,414,415,417,:
412:408,409,410,411,413,415,:
413:407,408,409,410,411,412,414,415,416,417,:
414:402,404,407,408,409,410,411,413,415,416,417,:
415:408,409,410,411,412,413,414,416,417,:
416:408,410,413,414,415,417,:
417:41,44,410,411,413,414,415,416,:
418:419,420,421,422,423,424,444,446,:
419:418,420,421,422,444,:
420:418,419,421,422,423,424,425,432,446,450,470,472,:
421:418,419,420,422,423,424,425,426,428,430,431,432,453,472,473,:
422:109,115,418,419,420,421,423,424,425,426,431,432,437,441,442,443,444,472,473,:
423:418,420,421,422,424,425,426,427,428,429,430,431,432,453,472,:
424:418,420,421,422,423,425,426,428,429,430,431,432,450,451,452,453,470,:
425:110,111,113,114,420,421,422,423,424,426,427,428,429,430,431,432,433,437,453,:
426:421,422,423,424,425,427,428,429,430,431,432,433,434,436,437,:
427:81,82,84,90,107,112,423,425,426,428,429,430,431,432,433,434,436,437,:
428:11,14,18,22,84,111,112,113,421,423,424,425,426,427,429,430,431,432,453,:
429:2,4,5,6,14,18,22,177,178,179,423,424,425,426,427,428,430,431,432,452,453,:
430:2,5,14,18,173,177,178,179,188,421,423,424,425,426,427,428,429,431,432,452,453,454,:
431:188,189,421,422,423,424,425,426,427,428,429,430,432,433,434,435,436,437,:
432:178,187,188,189,420,421,422,423,424,425,426,427,428,429,430,431,433,434,435,436,437,453,:
433:90,99,187,188,189,425,426,427,431,432,434,435,436,437,438,:
434:90,91,426,427,431,432,433,435,436,437,438,439,440,441,442,444,:
435:91,431,432,433,434,436,437,438,439,441,444,:
436:90,91,426,427,431,432,433,434,435,437,438,439,440,441,442,443,444,:
437:90,91,422,425,426,427,431,432,433,434,435,436,438,439,440,441,442,443,444,:
438:433,434,435,436,437,439,440,441,442,443,444,:
439:91,92,434,435,436,437,438,440,441,442,443,444,:
440:90,91,92,100,102,105,106,434,436,437,438,439,441,442,443,:
441:422,434,435,436,437,438,439,440,442,443,444,:
442:109,422,434,436,437,438,439,440,441,443,444,:
443:106,108,109,422,436,437,438,439,440,441,442,444,:
444:418,419,422,434,435,436,437,438,439,441,442,443,:
445:446,447,448,449,450,451,455,456,:
446:418,420,445,447,448,449,450,:
447:169,242,445,446,448,449,450,451,452,455,456,457,461,:
448:242,445,446,447,449,450,451,455,456,457,458,460,461,:
449:445,446,447,448,450,455,456,457,458,459,460,461,:
450:420,424,445,446,447,448,449,451,452,453,454,455,456,461,470,:
451:173,174,175,242,254,255,257,258,259,260,424,445,447,448,450,452,453,454,455,456,461,468,470,:
452:2,13,14,173,174,176,254,255,257,258,260,424,429,430,447,450,451,453,454,468,470,:
453:2,13,14,173,177,178,179,257,260,421,423,424,425,428,429,430,432,450,451,452,454,470,:
454:1,2,3,13,14,22,174,176,254,255,257,258,259,260,430,450,451,452,453,468,470,:
455:239,240,241,242,445,447,448,449,450,451,456,457,458,459,460,461,:
456:239,240,241,242,243,252,253,254,255,258,445,447,448,449,450,451,455,457,458,460,461,:
457:239,242,282,447,448,449,455,456,458,459,460,461,462,:
458:280,282,448,449,455,456,457,459,460,461,462,463,465,:
459:280,282,449,455,457,458,460,461,462,463,:
460:259,280,281,282,448,449,455,456,457,458,459,461,462,463,464,465,466,468,:
461:258,259,260,280,281,282,447,448,449,450,451,455,456,457,458,459,460,462,463,465,466,468,470,:
462:280,281,457,458,459,460,461,463,464,465,466,467,468,:
463:458,459,460,461,462,464,465,466,467,468,:
464:460,462,463,465,466,467,:
465:259,280,281,458,460,461,462,463,464,466,467,468,469,470,:
466:460,461,462,463,464,465,467,468,469,470,471,:
467:462,463,464,465,466,468,469,470,471,472,473,:
468:259,260,451,452,454,460,461,462,463,465,466,467,469,470,471,472,:
469:465,466,467,468,470,471,472,473,:
470:420,424,450,451,452,453,454,461,465,466,467,468,469,471,472,473,:
471:116,466,467,468,469,470,472,473,:
472:114,115,116,420,421,422,423,467,468,469,470,471,473,:
473:114,115,116,421,422,467,469,470,471,472,:
