1:2,3,4,5,6,9,10,11,12,13,14,15,17,111,112,126,127,131,132,133,371,372,373,445,:
2:1,3,4,5,6,7,9,10,11,12,13,14,15,16,17,112,127,132,133,267,373,:
3:1,2,4,5,6,9,10,11,12,13,14,15,63,64,66,126,127,131,132,133,163,165,166,168,266,267,:
4:1,2,3,5,9,10,11,12,13,14,15,63,64,66,112,119,120,126,127,128,131,132,133,162,163,164,165,166,168,267,:
5:1,2,3,4,6,7,9,10,11,12,13,14,15,16,17,64,65,67,239,267,373,:
6:1,2,3,5,7,8,10,11,13,14,15,16,17,18,19,20,237,239,242,325,366,371,372,373,:
7:2,5,6,8,13,14,15,16,17,18,19,20,242,262,263,267,272,273,:
8:6,7,13,16,17,18,19,20,206,207,240,241,242,273,358,359,365,366,372,:
9:1,2,3,4,5,11,12,13,14,15,63,64,127,162,163,165,166,167,168,259,260,262,266,267,268,271,:
10:1,2,3,4,5,6,11,12,13,14,15,16,17,112,127,132,133,190,371,372,373,445,:
11:1,2,3,4,5,6,9,10,12,13,14,15,17,66,68,111,112,117,119,126,127,132,133,373,445,:
12:1,2,3,4,5,9,10,11,13,15,17,111,112,120,126,127,128,131,132,133,371,372,373,445,:
13:1,2,3,4,5,6,7,8,9,10,11,12,14,15,16,17,20,132,133,266,267,271,372,373,:
14:1,2,3,4,5,6,7,9,10,11,13,15,16,17,64,65,67,259,262,265,267,:
15:1,2,3,4,5,6,7,9,10,11,12,13,14,16,17,64,65,66,67,68,69,70,71,112,239,324,325,326,373,:
16:2,5,6,7,8,10,13,14,15,17,19,20,236,237,238,239,240,242,324,325,326,366,373,:
17:1,2,5,6,7,8,10,11,12,13,14,15,16,18,19,20,239,242,325,365,366,370,371,372,373,:
18:6,7,8,17,19,20,206,207,272,273,274,347,348,349,:
19:6,7,8,16,17,18,20,236,239,240,241,242,347,348,356,358,359,365,366,:
20:6,7,8,13,16,17,18,19,206,207,242,358,359,360,365,366,367,370,371,372,373,:
21:22,23,24,25,26,27,28,:
22:21,23,24,25,26,28,:
23:21,22,24,25,26,27,28,29,:
24:21,22,23,25,26,27,28,30,31,:
25:21,22,23,24,26,27,28,30,31,35,:
26:21,22,23,24,25,27,28,29,:
27:21,23,24,25,26,28,29,:
28:21,22,23,24,25,26,27,29,68,94,:
29:23,26,27,28,54,:
30:24,25,31,32,33,34,35,36,:
31:24,25,30,32,33,34,35,:
32:30,31,33,34,35,36,37,321,322,323,:
33:30,31,32,34,35,36,37,38,39,:
34:30,31,32,33,35,36,37,38,39,40,41,43,:
35:25,30,31,32,33,34,36,37,70,71,114,115,116,320,321,322,323,:
36:30,32,33,34,35,37,70,71,114,115,116,318,320,321,322,323,324,326,391,:
37:32,33,34,35,36,70,71,113,114,115,116,320,321,323,324,325,326,391,:
38:33,34,39,40,41,42,43,44,46,:
39:33,34,38,40,41,43,44,46,:
40:34,38,39,41,42,43,44,45,46,:
41:34,38,39,40,42,43,44,:
42:38,40,41,43,:
43:34,38,39,40,41,42,44,45,46,47,48,:
44:38,39,40,41,43,45,46,47,48,49,:
45:40,43,44,46,47,48,49,:
46:38,39,40,43,44,45,47,48,49,113,114,116,391,:
47:43,44,45,46,48,49,:
48:43,44,45,46,47,49,113,391,:
49:44,45,46,47,48,113,446,:
50:51,52,53,54,55,56,57,58,59,82,:
51:50,52,53,54,55,56,57,82,83,:
52:50,51,53,54,55,56,57,58,59,60,73,82,:
53:50,51,52,54,55,56,57,58,59,60,61,62,63,72,73,81,82,87,:
54:29,50,51,52,53,55,56,58,59,60,61,62,72,73,81,82,83,84,86,87,88,91,:
55:50,51,52,53,54,56,57,58,59,73,82,247,256,:
56:50,51,52,53,54,55,57,58,59,72,73,74,75,77,81,82,83,254,256,:
57:50,51,52,53,55,56,72,73,77,81,82,254,256,:
58:50,52,53,54,55,56,59,60,61,62,63,64,65,72,73,82,87,256,:
59:50,52,53,54,55,56,58,60,61,63,64,65,72,73,82,255,256,265,:
60:52,53,54,58,59,61,62,63,64,65,66,72,73,74,82,87,256,:
61:53,54,58,59,60,62,63,64,72,73,74,75,76,77,81,82,86,87,96,166,167,256,:
62:53,54,58,60,61,63,72,73,74,75,76,81,82,86,87,88,89,91,95,96,100,102,:
63:3,4,9,53,58,59,60,61,62,64,65,66,67,68,72,73,165,166,167,168,256,:
64:3,4,5,9,14,15,58,59,60,61,63,65,66,67,68,69,168,:
65:5,14,15,58,59,60,63,64,66,67,68,69,70,:
66:3,4,11,15,60,63,64,65,67,68,69,70,71,112,:
67:5,14,15,63,64,65,66,68,69,70,71,321,323,324,326,:
68:11,15,28,63,64,65,66,67,69,70,71,111,112,114,115,326,:
69:15,64,65,66,67,68,70,71,114,115,321,323,324,326,:
70:15,35,36,37,65,66,67,68,69,71,114,115,116,320,321,322,323,324,325,326,:
71:15,35,36,37,66,67,68,69,70,109,112,113,114,115,116,320,321,323,324,325,326,:
72:53,54,56,57,58,59,60,61,62,63,73,74,75,76,77,78,79,80,81,82,87,96,166,167,168,255,256,:
73:52,53,54,55,56,57,58,59,60,61,62,63,72,74,75,77,78,79,81,82,166,167,168,254,255,256,:
74:56,60,61,62,72,73,75,76,77,78,79,80,81,82,83,87,96,167,256,:
75:56,61,62,72,73,74,76,77,78,79,80,81,82,83,84,85,86,87,95,96,:
76:61,62,72,74,75,77,80,81,82,83,84,85,86,87,95,96,97,98,100,:
77:56,57,61,72,73,74,75,76,78,79,80,81,82,167,254,256,:
78:72,73,74,75,77,79,80,161,166,167,254,255,256,:
79:72,73,74,75,77,78,80,160,161,162,166,167,:
80:72,74,75,76,77,78,79,81,82,:
81:53,54,56,57,61,62,72,73,74,75,76,77,80,82,83,84,85,86,87,96,:
82:50,51,52,53,54,55,56,57,58,59,60,61,62,72,73,74,75,76,77,80,81,83,84,86,87,:
83:51,54,56,74,75,76,81,82,84,85,86,87,88,:
84:54,75,76,81,82,83,85,86,87,88,89,90,91,95,96,:
85:75,76,81,83,84,86,87,88,89,90,95,96,:
86:54,61,62,75,76,81,82,83,84,85,87,88,89,90,91,92,95,96,:
87:53,54,58,60,61,62,72,74,75,76,81,82,83,84,85,86,88,89,91,95,96,:
88:54,62,83,84,85,86,87,89,90,91,92,93,94,95,96,97,:
89:62,84,85,86,87,88,90,91,92,93,95,96,97,98,99,100,:
90:84,85,86,88,89,91,92,93,95,96,97,98,99,:
91:54,62,84,86,87,88,89,90,92,93,94,95,96,:
92:86,88,89,90,91,93,94,95,96,:
93:88,89,90,91,92,94,:
94:28,88,91,92,93,125,:
95:62,75,76,84,85,86,87,88,89,90,91,92,96,97,98,99,100,101,102,:
96:61,62,72,74,75,76,81,84,85,86,87,88,89,90,91,92,95,97,98,100,102,:
97:76,88,89,90,95,96,98,99,100,101,102,:
98:76,89,90,95,96,97,99,100,101,102,:
99:89,90,95,97,98,100,101,:
100:62,76,89,95,96,97,98,99,101,102,:
101:95,97,98,99,100,102,:
102:62,95,96,97,98,100,101,:
103:104,105,106,107,108,109,123,125,:
104:103,105,106,107,108,118,123,125,:
105:103,104,106,107,108,109,110,118,:
106:103,104,105,107,108,109,110,111,113,115,117,118,123,:
107:103,104,105,106,108,109,110,111,117,118,:
108:103,104,105,106,107,109,110,111,112,113,114,115,117,118,:
109:71,103,105,106,107,108,110,111,112,113,114,115,116,117,118,:
110:105,106,107,108,109,111,112,113,114,115,116,117,118,119,442,444,446,447,:
111:1,11,12,68,106,107,108,109,110,112,113,114,115,117,118,119,120,122,123,126,127,443,445,:
112:1,2,4,10,11,12,15,66,68,71,108,109,110,111,113,114,115,116,117,118,119,120,126,127,445,:
113:37,46,48,49,71,106,108,109,110,111,112,114,115,116,117,118,446,447,:
114:35,36,37,46,68,69,70,71,108,109,110,111,112,113,115,116,326,:
115:35,36,37,68,69,70,71,106,108,109,110,111,112,113,114,116,326,:
116:35,36,37,46,70,71,109,110,112,113,114,115,320,324,325,326,:
117:11,106,107,108,109,110,111,112,113,118,119,120,121,122,123,124,126,127,442,443,:
118:104,105,106,107,108,109,110,111,112,113,117,119,120,121,122,123,126,441,442,443,449,:
119:4,11,110,111,112,117,118,120,121,122,123,124,125,126,127,128,:
120:4,12,111,112,117,118,119,121,122,123,124,126,127,128,129,130,131,132,135,165,443,449,:
121:117,118,119,120,122,124,126,127,128,129,130,135,136,431,438,439,441,443,448,449,452,:
122:111,117,118,119,120,121,123,124,125,126,127,:
123:103,104,106,111,117,118,119,120,122,124,125,:
124:117,119,120,121,122,123,125,126,127,163,164,165,:
125:94,103,104,119,122,123,124,:
126:1,3,4,11,12,111,112,117,118,119,120,121,122,124,127,128,129,130,131,132,133,134,135,136,163,164,165,443,:
127:1,2,3,4,9,10,11,12,111,112,117,119,120,121,122,124,126,128,129,130,131,132,133,134,163,164,165,:
128:4,12,119,120,121,126,127,129,130,131,132,133,134,135,136,137,164,165,431,:
129:120,121,126,127,128,130,131,132,134,135,136,137,138,139,140,143,144,163,164,165,431,:
130:120,121,126,127,128,129,131,134,135,136,137,138,143,144,151,159,162,163,164,165,179,180,:
131:1,3,4,12,120,126,127,128,129,130,132,133,134,135,136,164,165,:
132:1,2,3,4,10,11,12,13,120,126,127,128,129,131,133,134,189,190,191,426,443,445,:
133:1,2,3,4,10,11,12,13,126,127,128,131,132,134,189,190,191,271,372,426,:
134:126,127,128,129,130,131,132,133,135,136,139,151,191,424,425,426,431,:
135:120,121,126,128,129,130,131,134,136,137,138,139,140,141,142,143,144,431,434,:
136:121,126,128,129,130,131,134,135,137,138,139,140,142,428,430,431,433,434,436,438,:
137:128,129,130,135,136,138,139,140,141,142,143,144,145,180,431,:
138:129,130,135,136,137,139,140,141,142,143,144,145,146,147,148,151,:
139:129,134,135,136,137,138,140,141,143,144,145,146,148,151,:
140:129,135,136,137,138,139,141,142,143,144,431,433,434,:
141:135,137,138,139,140,142,143,144,175,176,:
142:135,136,137,138,140,141,175,177,431,433,434,448,449,:
143:129,130,135,137,138,139,140,141,144,145,146,147,148,149,150,151,:
144:129,130,135,137,138,139,140,141,143,145,146,147,148,149,150,151,153,157,159,178,180,:
145:137,138,139,143,144,146,147,148,149,150,151,153,:
146:138,139,143,144,145,147,148,149,150,151,152,153,:
147:138,143,144,145,146,148,149,150,152,153,154,155,157,:
148:138,139,143,144,145,146,147,149,150,151,153,:
149:143,144,145,146,147,148,150,151,152,153,154,157,158,159,160,:
150:143,144,145,146,147,148,149,151,152,153,157,158,159,160,161,294,:
151:130,134,138,139,143,144,145,146,148,149,150,:
152:146,147,149,150,153,154,155,156,157,158,:
153:144,145,146,147,148,149,150,152,154,155,157,158,159,:
154:147,149,152,153,155,156,157,158,159,:
155:147,152,153,154,156,157,158,:
156:152,154,155,157,:
157:144,147,149,150,152,153,154,155,156,158,159,160,178,180,:
158:149,150,152,153,154,155,157,159,160,161,162,:
159:130,144,149,150,153,154,157,158,160,161,162,163,164,165,166,:
160:79,149,150,157,158,159,161,162,163,164,165,166,167,168,:
161:78,79,150,158,159,160,162,163,164,166,167,168,:
162:4,9,79,130,158,159,160,161,163,164,165,166,167,168,:
163:3,4,9,124,126,127,129,130,159,160,161,162,164,165,166,167,168,:
164:4,124,126,127,128,129,130,131,159,160,161,162,163,165,166,168,:
165:3,4,9,63,120,124,126,127,128,129,130,131,159,160,162,163,164,166,167,168,:
166:3,4,9,61,63,72,73,78,79,159,160,161,162,163,164,165,167,168,256,266,267,:
167:9,61,63,72,73,74,77,78,79,160,161,162,163,165,166,168,255,256,259,260,267,:
168:3,4,9,63,64,72,73,160,161,162,163,164,165,166,167,256,259,260,266,267,:
169:170,171,172,173,174,175,176,:
170:169,171,172,173,174,175,176,:
171:169,170,172,173,174,175,176,177,:
172:169,170,171,173,174,175,:
173:169,170,171,172,174,:
174:169,170,171,172,173,175,176,177,178,179,:
175:141,142,169,170,171,172,174,176,177,178,179,180,:
176:141,169,170,171,174,175,177,178,179,180,:
177:142,171,174,175,176,178,179,180,452,:
178:144,157,174,175,176,177,179,180,:
179:130,174,175,176,177,178,180,:
180:130,137,144,157,175,176,177,178,179,:
181:182,183,184,185,186,187,192,193,420,422,423,:
182:181,183,184,185,186,192,419,420,422,423,:
183:181,182,184,185,186,187,188,189,191,192,193,194,420,423,:
184:181,182,183,185,186,187,188,189,191,192,193,194,195,196,197,198,419,420,423,425,:
185:181,182,183,184,186,192,193,194,197,419,420,421,422,423,425,:
186:181,182,183,184,185,187,188,189,190,191,192,193,423,425,426,445,447,:
187:181,183,184,186,188,189,190,191,192,193,196,372,425,426,445,447,:
188:183,184,186,187,189,190,191,192,193,196,367,370,371,372,374,375,445,447,:
189:132,133,183,184,186,187,188,190,191,192,193,196,371,372,425,426,445,447,:
190:10,132,133,186,187,188,189,191,192,193,195,196,367,370,371,372,373,425,426,445,:
191:132,133,134,183,184,186,187,188,189,190,192,372,424,425,426,445,:
192:181,182,183,184,185,186,187,188,189,190,191,193,194,195,196,197,198,199,200,201,375,381,420,:
193:181,183,184,185,186,187,188,189,190,192,194,195,196,197,198,200,374,375,379,381,:
194:183,184,185,192,193,195,196,197,198,199,200,201,202,402,414,:
195:184,190,192,193,194,196,197,198,199,200,201,202,203,204,205,206,375,402,:
196:184,187,188,189,190,192,193,194,195,197,198,200,201,202,203,205,206,367,368,374,375,376,379,381,:
197:184,185,192,193,194,195,196,198,199,200,201,402,:
198:184,192,193,194,195,196,197,199,200,201,379,381,382,:
199:192,194,195,197,198,382,:
200:192,193,194,195,196,197,198,201,202,203,204,205,206,209,210,375,399,401,402,:
201:192,194,195,196,197,198,200,202,203,204,205,206,398,399,400,401,402,410,413,414,:
202:194,195,196,200,201,203,204,205,206,209,210,211,360,399,402,:
203:195,196,200,201,202,204,205,206,209,210,211,212,213,214,215,360,399,405,407,:
204:195,200,201,202,203,205,209,210,211,214,215,216,398,399,402,404,405,407,:
205:195,196,200,201,202,203,204,206,207,208,209,210,360,402,407,408,409,:
206:8,18,20,195,196,200,201,202,203,205,207,208,360,372,:
207:8,18,20,205,206,208,274,:
208:205,206,207,270,301,408,415,416,418,:
209:200,202,203,204,205,210,211,212,213,214,215,216,357,359,360,407,:
210:200,202,203,204,205,209,211,212,213,214,215,356,357,358,359,360,365,:
211:202,203,204,209,210,212,213,214,215,216,217,218,357,360,407,:
212:203,209,210,211,213,214,215,357,407,:
213:203,209,210,211,212,214,346,347,356,357,358,360,:
214:203,204,209,210,211,212,213,215,216,217,218,219,:
215:203,204,209,210,211,212,214,216,217,218,219,220,221,:
216:204,209,211,214,215,217,218,219,220,221,222,223,224,:
217:211,214,215,216,218,219,220,221,222,223,224,225,:
218:211,214,215,216,217,219,220,221,223,224,225,:
219:214,215,216,217,218,220,221,222,223,224,225,:
220:215,216,217,218,219,221,222,223,224,225,:
221:215,216,217,218,219,220,222,223,225,:
222:216,217,219,220,221,223,224,225,:
223:216,217,218,219,220,221,222,224,225,:
224:216,217,218,219,220,222,223,225,:
225:217,218,219,220,221,222,223,224,:
226:227,228,229,230,231,232,243,244,:
227:226,228,229,230,231,232,234,235,343,:
228:226,227,229,230,231,232,233,243,244,245,264,:
229:226,227,228,230,231,232,243,244,245,246,247,248,252,263,264,:
230:226,227,228,229,231,243,244,245,246,247,252,253,257,258,262,263,264,265,278,282,:
231:226,227,228,229,230,232,233,234,235,243,244,264,265,:
232:226,227,228,229,231,233,234,235,236,238,:
233:228,231,232,234,235,236,237,238,239,240,241,310,:
234:227,231,232,233,235,236,237,238,239,240,241,242,334,:
235:227,231,232,233,234,236,237,238,240,241,242,334,348,:
236:16,19,232,233,234,235,237,238,239,240,241,242,316,319,348,:
237:6,16,233,234,235,236,238,239,240,241,242,316,317,318,319,320,324,325,:
238:16,232,233,234,235,236,237,239,240,242,316,317,318,319,320,321,322,324,325,:
239:5,6,15,16,17,19,233,234,236,237,238,240,241,242,316,317,318,319,320,321,324,325,326,:
240:8,16,19,233,234,235,236,237,238,239,241,242,319,347,348,358,362,:
241:8,19,233,234,235,236,237,239,240,242,334,345,347,348,356,358,362,:
242:6,7,8,16,17,19,20,234,235,236,237,238,239,240,241,319,325,348,358,361,362,365,366,:
243:226,228,229,230,231,244,245,246,247,248,249,250,252,253,:
244:226,228,229,230,231,243,245,246,247,248,249,250,:
245:228,229,230,243,244,246,247,248,249,250,251,252,253,254,258,285,:
246:229,230,243,244,245,247,248,249,250,252,253,254,255,256,257,258,264,285,:
247:55,229,230,243,244,245,246,248,249,252,253,254,255,256,257,258,265,:
248:229,243,244,245,246,247,249,250,251,252,253,:
249:243,244,245,246,247,248,250,251,252,:
250:243,244,245,246,248,249,251,:
251:245,248,249,250,:
252:229,230,243,245,246,247,248,249,253,254,255,256,257,258,264,284,285,:
253:230,243,245,246,247,248,252,254,255,257,258,282,283,284,285,286,:
254:56,57,73,77,78,245,246,247,252,253,255,256,257,258,259,285,:
255:59,72,73,78,167,246,247,252,253,254,256,257,258,259,260,261,262,264,265,:
256:55,56,57,58,59,60,61,63,72,73,74,77,78,166,167,168,246,247,252,254,255,257,258,259,262,265,:
257:230,246,247,252,253,254,255,256,258,259,260,261,262,263,264,265,266,267,278,:
258:230,245,246,247,252,253,254,255,256,257,259,260,261,262,263,264,265,278,282,285,:
259:9,14,167,168,254,255,256,257,258,260,261,262,263,264,265,266,267,268,273,278,:
260:9,167,168,255,257,258,259,261,262,263,264,265,266,267,268,269,271,272,273,277,278,288,:
261:255,257,258,259,260,262,263,264,266,267,268,269,270,272,273,275,277,278,279,280,282,287,288,293,294,295,:
262:7,9,14,230,255,256,257,258,259,260,261,263,264,265,266,267,272,273,278,:
263:7,229,230,257,258,259,260,261,262,264,265,266,267,272,273,274,275,277,278,:
264:228,229,230,231,246,252,255,257,258,259,260,261,262,263,265,272,273,277,278,282,:
265:14,59,230,231,247,255,256,257,258,259,260,262,263,264,:
266:3,9,13,166,168,257,259,260,261,262,263,267,268,269,270,271,272,273,278,288,:
267:2,3,4,5,7,9,13,14,166,167,168,257,259,260,261,262,263,266,268,269,271,272,273,:
268:9,259,260,261,266,267,269,270,271,272,273,274,278,288,294,:
269:260,261,266,267,268,270,271,272,273,274,275,276,277,278,287,288,297,:
270:208,261,266,268,269,271,272,273,274,275,276,277,278,287,288,289,290,292,296,297,298,301,:
271:9,13,133,260,266,267,268,269,270,272,273,:
272:7,18,260,261,262,263,264,266,267,268,269,270,271,273,274,275,276,277,278,288,297,:
273:7,8,18,259,260,261,262,263,264,266,267,268,269,270,271,272,274,275,277,278,:
274:18,207,263,268,269,270,272,273,275,276,277,278,279,288,297,:
275:261,263,269,270,272,273,274,276,277,278,279,280,281,282,287,288,296,297,:
276:269,270,272,274,275,277,278,279,280,281,287,288,296,297,298,299,301,352,:
277:260,261,263,264,269,270,272,273,274,275,276,278,279,280,281,282,283,287,288,297,:
278:230,257,258,259,260,261,262,263,264,266,268,269,270,272,273,274,275,276,277,279,280,282,287,288,:
279:261,274,275,276,277,278,280,281,282,283,284,287,288,289,297,:
280:261,275,276,277,278,279,281,282,283,287,288,289,290,291,292,296,297,:
281:275,276,277,279,280,282,283,287,288,289,290,291,296,297,299,:
282:230,253,258,261,264,275,277,278,279,280,281,283,284,285,286,287,288,:
283:253,277,279,280,281,282,284,285,286,287,:
284:252,253,279,282,283,285,286,:
285:245,246,252,253,254,258,282,283,284,286,:
286:253,282,283,284,285,:
287:261,269,270,275,276,277,278,279,280,281,282,283,288,289,290,291,292,293,295,296,297,:
288:260,261,266,268,269,270,272,274,275,276,277,278,279,280,281,282,287,289,290,292,293,294,295,296,297,:
289:270,279,280,281,287,288,290,291,292,293,294,295,296,297,298,:
290:270,280,281,287,288,289,291,292,293,296,297,298,299,300,301,:
291:280,281,287,289,290,292,296,297,298,299,300,:
292:270,280,287,288,289,290,291,293,294,295,296,297,:
293:261,287,288,289,290,292,294,295,:
294:150,261,268,288,289,292,293,295,:
295:261,287,288,289,292,293,294,:
296:270,275,276,280,281,287,288,289,290,291,292,297,298,299,300,301,302,:
297:269,270,272,274,275,276,277,279,280,281,287,288,289,290,291,292,296,298,299,301,:
298:270,276,289,290,291,296,297,299,300,301,302,303,304,:
299:276,281,290,291,296,297,298,300,301,302,303,304,:
300:290,291,296,298,299,301,302,303,:
301:208,270,276,290,296,297,298,299,300,302,303,304,305,306,:
302:296,298,299,300,301,303,304,305,306,307,:
303:298,299,300,301,302,304,305,306,307,308,354,408,:
304:298,299,301,302,303,305,306,307,308,309,:
305:301,302,303,304,306,307,308,309,406,408,:
306:301,302,303,304,305,307,308,309,406,:
307:302,303,304,305,306,308,309,406,:
308:303,304,305,306,307,309,406,:
309:304,305,306,307,308,403,404,406,:
310:233,311,312,313,314,315,316,328,:
311:310,312,313,315,316,:
312:310,311,313,314,315,316,317,328,:
313:310,311,312,314,315,316,327,328,332,:
314:310,312,313,315,327,328,329,330,332,:
315:310,311,312,313,314,316,317,318,322,:
316:236,237,238,239,310,311,312,313,315,317,318,319,320,321,322,:
317:237,238,239,312,315,316,318,319,320,321,322,323,324,325,:
318:36,237,238,239,315,316,317,319,320,321,322,323,324,325,326,:
319:236,237,238,239,240,242,316,317,318,320,321,322,324,325,326,364,389,:
320:35,36,37,70,71,116,237,238,239,316,317,318,319,321,322,323,324,325,326,:
321:32,35,36,37,67,69,70,71,238,239,316,317,318,319,320,322,323,324,325,326,:
322:32,35,36,70,238,315,316,317,318,319,320,321,323,324,326,:
323:32,35,36,37,67,69,70,71,317,318,320,321,322,324,325,326,:
324:15,16,36,37,67,69,70,71,116,237,238,239,317,318,319,320,321,322,323,325,326,:
325:6,15,16,17,37,70,71,116,237,238,239,242,317,318,319,320,321,323,324,326,373,389,:
326:15,16,36,37,67,68,69,70,71,114,115,116,239,318,319,320,321,322,323,324,325,:
327:313,314,328,329,330,331,332,333,:
328:310,312,313,314,327,329,330,332,:
329:314,327,328,330,331,332,333,:
330:314,327,328,329,331,332,333,:
331:327,329,330,332,333,:
332:313,314,327,328,329,330,331,333,334,335,:
333:327,329,330,331,332,334,335,341,342,:
334:234,235,241,332,333,335,341,342,348,:
335:332,333,334,362,363,:
336:337,338,339,340,341,342,343,344,345,:
337:336,338,339,340,341,344,:
338:336,337,339,340,341,342,343,344,345,346,:
339:336,337,338,340,341,342,343,344,345,346,347,348,349,350,351,:
340:336,337,338,339,341,344,345,346,347,349,350,351,:
341:333,334,336,337,338,339,340,342,343,344,345,:
342:333,334,336,338,339,341,343,344,345,348,:
343:227,336,338,339,341,342,344,345,:
344:336,337,338,339,340,341,342,343,345,346,347,348,349,350,351,356,357,:
345:241,336,338,339,340,341,342,343,344,346,347,348,349,350,351,:
346:213,338,339,340,344,345,347,348,349,350,351,352,356,357,358,:
347:18,19,213,240,241,339,340,344,345,346,348,349,350,356,357,358,359,360,361,362,:
348:18,19,235,236,240,241,242,334,339,342,344,345,346,347,349,356,357,358,361,362,:
349:18,339,340,344,345,346,347,348,350,351,352,353,354,356,357,:
350:339,340,344,345,346,347,349,351,352,353,354,355,409,:
351:339,340,344,345,346,349,350,352,353,354,355,409,:
352:276,346,349,350,351,353,354,355,:
353:349,350,351,352,354,355,:
354:303,349,350,351,352,353,355,:
355:350,351,352,353,354,:
356:19,210,213,241,344,346,347,348,349,357,358,359,360,361,362,365,366,:
357:209,210,211,212,213,344,346,347,348,349,356,358,359,360,361,362,365,:
358:8,19,20,210,213,240,241,242,346,347,348,356,357,359,360,361,362,365,366,367,:
359:8,19,20,209,210,347,356,357,358,360,361,362,365,366,367,368,369,370,:
360:20,202,203,205,206,209,210,211,213,347,356,357,358,359,361,365,366,367,368,369,374,:
361:242,347,348,356,357,358,359,360,362,363,364,365,366,369,397,:
362:240,241,242,335,347,348,356,357,358,359,361,363,364,:
363:335,361,362,364,394,:
364:319,361,362,363,386,387,388,389,392,394,:
365:8,17,19,20,210,242,356,357,358,359,360,361,366,367,368,369,370,371,372,373,374,375,:
366:6,8,16,17,19,20,242,356,358,359,360,361,365,367,368,369,370,371,372,373,389,390,:
367:20,188,190,196,358,359,360,365,366,368,369,370,371,372,373,374,375,376,390,:
368:196,359,360,365,366,367,369,370,371,374,375,376,377,378,379,384,390,393,:
369:359,360,361,365,366,367,368,370,374,375,376,377,378,383,384,386,389,390,392,393,394,397,:
370:17,20,188,190,359,365,366,367,368,369,371,372,373,374,375,384,389,390,:
371:1,6,10,12,17,20,188,189,190,365,366,367,368,370,372,373,447,:
372:1,6,8,10,12,13,17,20,133,187,188,189,190,191,206,365,366,367,370,371,373,:
373:1,2,5,6,10,11,12,13,15,16,17,20,190,325,365,366,367,370,371,372,445,447,:
374:188,193,196,360,365,367,368,369,370,375,376,377,378,379,380,381,393,:
375:188,192,193,195,196,200,365,367,368,369,370,374,376,377,379,381,:
376:196,367,368,369,374,375,377,378,379,380,381,382,393,:
377:368,369,374,375,376,378,379,380,381,383,384,392,393,:
378:368,369,374,376,377,379,380,383,384,392,393,394,395,397,:
379:193,196,198,368,374,375,376,377,378,380,381,382,:
380:374,376,377,378,379,381,382,:
381:192,193,196,198,374,375,376,377,379,380,382,:
382:198,199,376,379,380,381,:
383:369,377,378,384,385,386,387,388,389,390,391,392,393,:
384:368,369,370,377,378,383,385,386,388,389,390,391,392,393,:
385:383,384,386,387,388,389,390,391,392,393,394,:
386:364,369,383,384,385,387,388,389,390,391,392,393,394,395,396,397,:
387:364,383,385,386,388,389,392,393,394,395,396,:
388:364,383,384,385,386,387,389,390,391,392,393,:
389:319,325,364,366,369,370,383,384,385,386,387,388,390,391,392,393,:
390:366,367,368,369,370,383,384,385,386,388,389,391,392,393,:
391:36,37,46,48,383,384,385,386,388,389,390,:
392:364,369,377,378,383,384,385,386,387,388,389,390,393,394,395,396,397,:
393:368,369,374,376,377,378,383,384,385,386,387,388,389,390,392,394,395,397,:
394:363,364,369,378,385,386,387,392,393,395,396,397,:
395:378,386,387,392,393,394,396,397,:
396:386,387,392,394,395,397,:
397:361,369,378,386,392,393,394,395,396,:
398:201,204,399,400,401,402,403,404,405,410,411,:
399:200,201,202,203,204,398,400,401,402,403,404,405,406,407,:
400:201,398,399,401,402,403,404,405,406,410,411,412,:
401:200,201,398,399,400,402,403,404,406,410,411,412,413,414,415,:
402:194,195,197,200,201,202,204,205,398,399,400,401,403,404,406,410,411,412,413,414,415,:
403:309,398,399,400,401,402,404,405,406,407,408,410,411,:
404:204,309,398,399,400,401,402,403,405,406,407,408,409,410,411,:
405:203,204,398,399,400,403,404,406,407,408,409,:
406:305,306,307,308,309,399,400,401,402,403,404,405,407,408,409,410,:
407:203,204,205,209,211,212,399,403,404,405,406,408,409,:
408:205,208,303,305,403,404,405,406,407,409,:
409:205,350,351,404,405,406,407,408,:
410:201,398,400,401,402,403,404,406,411,412,413,414,415,416,:
411:398,400,401,402,403,404,410,412,413,415,:
412:400,401,402,410,411,413,414,415,416,417,418,:
413:201,401,402,410,411,412,414,415,416,417,418,419,:
414:194,201,401,402,410,412,413,415,416,417,418,419,420,421,424,425,426,:
415:208,401,402,410,411,412,413,414,416,417,418,:
416:208,410,412,413,414,415,417,418,:
417:412,413,414,415,416,418,:
418:208,412,413,414,415,416,417,:
419:182,184,185,413,414,420,421,422,423,424,425,426,427,428,:
420:181,182,183,184,185,192,414,419,421,422,423,424,425,426,427,:
421:185,414,419,420,422,423,424,425,426,427,428,429,:
422:181,182,185,419,420,421,423,424,425,426,427,428,429,430,431,432,433,435,:
423:181,182,183,184,185,186,419,420,421,422,424,425,427,428,429,432,435,:
424:134,191,414,419,420,421,422,423,425,426,427,428,:
425:134,184,185,186,187,189,190,191,414,419,420,421,422,423,424,426,427,428,:
426:132,133,134,186,187,189,190,191,414,419,420,421,422,424,425,428,:
427:419,420,421,422,423,424,425,428,429,430,431,432,433,434,435,436,437,:
428:136,419,421,422,423,424,425,426,427,429,430,431,432,433,434,435,436,:
429:421,422,423,427,428,430,431,432,433,434,435,436,437,438,:
430:136,422,427,428,429,431,432,433,434,435,436,437,438,439,440,441,443,:
431:121,128,129,134,135,136,137,140,142,422,427,428,429,430,432,433,434,436,437,438,439,443,:
432:422,423,427,428,429,430,431,433,434,435,436,437,:
433:136,140,142,422,427,428,429,430,431,432,434,435,436,:
434:135,136,140,142,427,428,429,430,431,432,433,435,436,437,439,:
435:422,423,427,428,429,430,432,433,434,:
436:136,427,428,429,430,431,432,433,434,437,438,439,440,441,442,443,448,449,:
437:427,429,430,431,432,434,436,438,439,440,441,442,443,:
438:121,136,429,430,431,436,437,439,440,441,442,443,444,448,449,450,:
439:121,430,431,434,436,437,438,440,441,442,448,449,450,451,452,:
440:430,436,437,438,439,441,448,449,450,:
441:118,121,430,436,437,438,439,440,442,443,444,445,446,448,449,:
442:110,117,118,436,437,438,439,441,443,444,445,446,447,:
443:111,117,118,120,121,126,132,430,431,436,437,438,441,442,444,445,446,447,:
444:110,438,441,442,443,445,446,447,:
445:1,10,11,12,111,112,132,186,187,188,189,190,191,373,441,442,443,444,446,447,:
446:49,110,113,441,442,443,444,445,447,:
447:110,113,186,187,188,189,371,373,442,443,444,445,446,:
448:121,142,436,438,439,440,441,449,450,451,452,:
449:118,120,121,142,436,438,439,440,441,448,450,451,452,:
450:438,439,440,448,449,451,452,:
451:439,448,449,450,452,:
452:121,177,439,448,449,450,451,:
