1:2,3,4,5,28,29,30,34,35,36,37,38,53,54,59,60,212,214,215,485,:
2:1,3,4,5,26,28,29,34,35,36,37,38,50,53,60,139,140,141,142,143,144,212,485,487,488,:
3:1,2,4,5,6,25,26,27,28,35,36,37,38,50,51,52,53,85,86,88,90,140,142,212,488,:
4:1,2,3,5,6,7,24,25,26,27,28,36,37,38,50,51,52,53,88,89,90,91,92,487,488,:
5:1,2,3,4,6,7,8,24,25,26,27,28,36,37,38,39,50,53,88,90,91,92,485,486,487,488,:
6:3,4,5,7,8,9,23,24,25,26,27,39,48,49,53,90,91,92,487,488,:
7:4,5,6,8,9,10,11,13,23,24,25,26,39,40,48,49,92,366,487,488,:
8:5,6,7,9,10,11,12,13,17,18,23,24,25,39,40,45,48,49,92,:
9:6,7,8,10,11,12,13,17,18,19,23,24,39,40,44,45,46,47,48,:
10:7,8,9,11,12,13,18,19,23,39,40,44,45,46,47,48,363,:
11:7,8,9,10,12,13,14,16,17,18,19,20,23,39,40,44,45,46,47,48,:
12:8,9,10,11,13,14,15,16,17,18,19,23,40,41,42,43,44,45,46,47,48,:
13:7,8,9,10,11,12,14,15,16,17,18,19,23,40,41,42,43,44,46,47,48,359,361,364,365,:
14:11,12,13,15,16,17,40,41,42,43,47,359,361,365,367,:
15:12,13,14,16,17,40,41,42,43,396,397,:
16:11,12,13,14,15,17,40,41,42,43,44,48,390,397,:
17:8,9,11,12,13,14,15,16,18,19,23,40,41,42,43,44,45,47,48,:
18:8,9,10,11,12,13,17,19,20,21,22,40,44,45,46,47,48,392,:
19:9,10,11,12,13,17,18,20,21,22,40,44,45,46,47,360,390,391,392,:
20:11,18,19,21,22,44,45,46,47,390,391,392,:
21:18,19,20,22,44,45,46,47,391,392,:
22:18,19,20,21,44,45,46,47,391,392,:
23:6,7,8,9,10,11,12,13,17,24,25,26,39,40,48,49,92,:
24:4,5,6,7,8,9,23,25,26,27,39,48,49,51,52,91,92,246,:
25:3,4,5,6,7,8,23,24,26,27,37,39,48,49,50,51,52,53,90,91,92,246,488,:
26:2,3,4,5,6,7,23,24,25,27,28,37,38,49,50,51,52,53,89,90,91,92,246,488,:
27:3,4,5,6,24,25,26,37,38,49,50,51,52,53,89,90,91,219,220,244,246,:
28:1,2,3,4,5,26,29,30,31,34,35,36,37,50,53,54,56,59,60,212,214,215,368,:
29:1,2,28,30,31,32,33,34,35,53,54,55,56,57,59,60,212,214,215,257,258,367,368,:
30:1,28,29,31,32,33,34,35,53,54,55,56,57,58,59,60,214,215,258,367,368,:
31:28,29,30,32,33,34,35,54,55,56,57,58,59,215,258,297,298,367,:
32:29,30,31,33,34,54,55,56,57,58,256,258,296,297,298,341,343,513,:
33:29,30,31,32,34,54,55,56,57,58,59,280,296,297,493,500,:
34:1,2,28,29,30,31,32,33,35,36,53,54,56,57,58,59,60,159,160,214,215,368,493,:
35:1,2,3,28,29,30,31,34,36,53,54,57,59,60,141,143,159,160,214,215,483,485,:
36:1,2,3,4,5,28,34,35,37,38,53,60,139,140,141,142,143,144,145,146,485,486,487,488,:
37:1,2,3,4,5,25,26,27,28,36,38,50,51,52,53,140,211,212,216,218,219,220,:
38:1,2,3,4,5,26,27,36,37,50,53,84,85,86,87,88,89,90,140,142,144,488,:
39:5,6,7,8,9,10,11,23,24,25,40,363,364,366,368,486,487,488,:
40:7,8,9,10,11,12,13,14,15,16,17,18,19,23,39,41,46,47,48,359,360,361,362,363,364,365,366,367,368,:
41:12,13,14,15,16,17,40,42,247,342,358,359,361,365,367,:
42:12,13,14,15,16,17,41,43,342,393,395,396,397,402,403,404,:
43:12,13,14,15,16,17,42,396,397,:
44:9,10,11,12,13,16,17,18,19,20,21,22,45,46,47,390,391,392,:
45:8,9,10,11,12,17,18,19,20,21,22,44,46,47,392,:
46:9,10,11,12,13,18,19,20,21,22,40,44,45,47,360,362,363,392,:
47:9,10,11,12,13,14,17,18,19,20,21,22,40,44,45,46,358,359,360,362,390,391,392,:
48:6,7,8,9,10,11,12,13,16,17,18,23,24,25,40,49,:
49:6,7,8,23,24,25,26,27,48,50,51,52,91,244,246,:
50:2,3,4,5,25,26,27,28,37,38,49,51,52,53,87,89,212,218,219,220,225,:
51:3,4,24,25,26,27,37,49,50,52,89,90,91,220,244,:
52:3,4,24,25,26,27,37,49,50,51,53,220,242,244,246,247,:
53:1,2,3,4,5,6,25,26,27,28,29,30,34,35,36,37,38,50,52,54,212,246,257,:
54:1,28,29,30,31,32,33,34,35,53,55,56,245,246,247,256,257,258,367,:
55:29,30,31,32,33,54,56,57,58,256,258,295,296,297,298,325,341,343,513,514,:
56:28,29,30,31,32,33,34,54,55,58,254,256,257,258,298,343,:
57:29,30,31,32,33,34,35,55,58,59,280,297,492,493,498,500,:
58:30,31,32,33,34,55,56,57,59,280,296,297,298,343,493,500,504,:
59:1,28,29,30,31,33,34,35,57,58,60,159,160,214,215,492,493,498,500,:
60:1,2,28,29,30,34,35,36,59,139,141,143,144,159,160,214,215,483,485,:
61:62,63,64,65,66,67,69,70,71,:
62:61,63,64,66,67,70,71,:
63:61,62,64,65,66,67,68,69,70,71,72,222,223,224,:
64:61,62,63,65,66,67,70,71,72,73,74,75,79,80,132,221,222,223,224,:
65:61,63,64,66,70,71,72,73,79,80,115,126,129,130,132,133,134,221,222,223,224,:
66:61,62,63,64,65,67,68,69,70,71,132,223,:
67:61,62,63,64,66,68,69,:
68:63,66,67,69,201,:
69:61,63,66,67,68,201,202,204,:
70:61,62,63,64,65,66,71,72,73,74,75,76,79,80,223,:
71:61,62,63,64,65,66,70,72,73,74,75,:
72:63,64,65,70,71,73,74,75,76,77,78,79,80,81,115,130,:
73:64,65,70,71,72,74,75,76,77,79,80,81,82,83,84,115,:
74:64,70,71,72,73,75,76,79,80,81,82,83,:
75:64,70,71,72,73,74,76,77,78,79,80,:
76:70,72,73,74,75,77,78,79,80,83,:
77:72,73,75,76,78,80,130,131,:
78:72,75,76,77,:
79:64,65,70,72,73,74,75,76,80,81,82,83,84,85,93,94,115,224,:
80:64,65,70,72,73,74,75,76,77,79,81,82,83,84,111,112,114,115,124,126,223,:
81:72,73,74,79,80,82,83,84,85,86,87,93,94,95,103,115,224,:
82:73,74,79,80,81,83,84,85,86,87,93,94,95,96,98,102,103,:
83:73,74,76,79,80,81,82,84,93,94,95,96,102,103,112,:
84:38,73,79,80,81,82,83,85,86,87,88,89,93,94,103,110,115,140,142,224,:
85:3,38,79,81,82,84,86,87,88,89,90,93,94,103,110,:
86:3,38,81,82,84,85,87,88,89,90,91,92,93,94,99,100,102,103,108,109,110,142,146,:
87:38,50,81,82,84,85,86,88,89,90,91,93,94,220,:
88:3,4,5,38,84,85,86,87,89,90,91,92,94,99,100,103,487,488,:
89:4,26,27,38,50,51,84,85,86,87,88,90,91,92,94,99,220,:
90:3,4,5,6,25,26,27,38,51,85,86,87,88,89,91,92,94,99,100,:
91:4,5,6,24,25,26,27,49,51,86,87,88,89,90,92,:
92:4,5,6,7,8,23,24,25,26,86,88,89,90,91,488,:
93:79,81,82,83,84,85,86,87,94,95,96,97,98,99,100,101,102,103,:
94:79,81,82,83,84,85,86,87,88,89,90,93,95,96,98,99,100,101,102,103,:
95:81,82,83,93,94,96,97,98,99,100,101,102,103,104,:
96:82,83,93,94,95,97,98,99,100,101,102,103,104,105,107,:
97:93,95,96,98,99,100,102,103,104,105,:
98:82,93,94,95,96,97,99,100,101,102,103,:
99:86,88,89,90,93,94,95,96,97,98,100,101,102,103,:
100:86,88,90,93,94,95,96,97,98,99,101,102,103,:
101:93,94,95,96,98,99,100,:
102:82,83,86,93,94,95,96,97,98,99,100,103,104,105,106,107,108,110,112,:
103:81,82,83,84,85,86,88,93,94,95,96,97,98,99,100,102,104,105,107,108,109,110,112,:
104:95,96,97,102,103,105,106,107,108,109,110,112,:
105:96,97,102,103,104,106,107,108,110,111,112,:
106:102,104,105,107,108,110,111,112,:
107:96,102,103,104,105,106,108,109,110,112,:
108:86,102,103,104,105,106,107,109,110,111,112,116,118,145,146,:
109:86,103,104,107,108,110,118,142,144,145,146,487,:
110:84,85,86,102,103,104,105,106,107,108,109,111,112,113,115,116,117,142,145,146,:
111:80,105,106,108,110,112,113,114,115,116,117,124,125,:
112:80,83,102,103,104,105,106,107,108,110,111,113,114,115,116,117,:
113:110,111,112,114,115,116,117,118,124,125,126,:
114:80,111,112,113,115,116,117,124,125,126,127,129,130,133,134,:
115:65,72,73,79,80,81,84,110,111,112,113,114,116,124,125,126,127,129,130,134,:
116:108,110,111,112,113,114,115,117,118,119,124,125,142,144,145,146,:
117:110,111,112,113,114,116,118,119,120,:
118:108,109,113,116,117,119,120,121,122,123,145,146,:
119:116,117,118,120,121,122,123,144,145,146,185,186,:
120:117,118,119,121,122,123,145,476,479,:
121:118,119,120,122,123,:
122:118,119,120,121,123,145,146,475,476,479,:
123:118,119,120,121,122,185,476,479,:
124:80,111,113,114,115,116,125,126,127,128,129,130,131,132,133,134,:
125:111,113,114,115,116,124,126,127,128,129,130,133,186,:
126:65,80,113,114,115,124,125,127,128,129,130,131,132,133,134,135,223,:
127:114,115,124,125,126,128,129,130,132,133,134,135,136,138,139,:
128:124,125,126,127,129,132,133,134,135,136,180,181,186,:
129:65,114,115,124,125,126,127,128,130,131,132,133,134,:
130:65,72,77,114,115,124,125,126,127,129,131,132,:
131:77,124,126,129,130,132,:
132:64,65,66,124,126,127,128,129,130,131,133,134,:
133:65,114,124,125,126,127,128,129,132,134,135,136,137,138,139,140,141,222,223,:
134:65,114,115,124,126,127,128,129,132,133,135,136,137,138,139,140,221,222,223,:
135:126,127,128,133,134,136,137,138,139,140,141,209,222,:
136:127,128,133,134,135,137,138,139,157,209,:
137:133,134,135,136,138,155,157,191,198,199,201,208,209,217,:
138:127,133,134,135,136,137,139,140,141,142,143,160,209,211,214,216,217,222,:
139:2,36,60,127,133,134,135,136,138,140,141,142,143,144,160,214,:
140:2,3,36,37,38,84,133,134,135,138,139,141,142,143,144,145,146,222,:
141:2,35,36,60,133,135,138,139,140,142,143,144,145,159,160,:
142:2,3,36,38,84,86,109,110,116,138,139,140,141,143,144,145,146,:
143:2,35,36,60,138,139,140,141,142,144,145,146,:
144:2,36,38,60,109,116,119,139,140,141,142,143,145,146,:
145:36,108,109,110,116,118,119,120,122,140,141,142,143,144,146,485,486,487,:
146:36,86,108,109,110,116,118,119,122,140,142,143,144,145,486,487,:
147:148,149,150,151,152,153,155,188,191,:
148:147,149,150,151,152,153,155,187,188,189,190,191,:
149:147,148,150,151,152,153,154,155,188,191,:
150:147,148,149,151,152,153,188,:
151:147,148,149,150,152,187,188,191,:
152:147,148,149,150,151,153,154,155,156,157,:
153:147,148,149,150,152,154,155,156,157,158,:
154:149,152,153,155,156,157,158,159,175,176,502,:
155:137,147,148,149,152,153,154,156,157,158,159,160,191,193,195,:
156:152,153,154,155,157,158,159,160,175,176,177,497,499,502,:
157:136,137,152,153,154,155,156,158,159,160,209,213,214,215,:
158:153,154,155,156,157,159,160,214,215,502,511,:
159:34,35,59,60,141,154,155,156,157,158,160,213,214,215,498,499,500,:
160:34,35,59,60,138,139,141,155,156,157,158,159,213,214,215,:
161:162,163,164,165,166,167,:
162:161,163,164,165,166,:
163:161,162,164,165,166,167,168,:
164:161,162,163,165,166,167,:
165:161,162,163,164,166,167,:
166:161,162,163,164,165,167,168,169,170,507,:
167:161,163,164,165,166,168,169,170,171,176,:
168:163,166,167,169,170,171,172,173,175,176,177,507,:
169:166,167,168,170,171,172,173,174,175,176,177,517,:
170:166,167,168,169,171,172,173,174,175,176,:
171:167,168,169,170,172,173,174,175,176,177,496,497,502,517,520,:
172:168,169,170,171,173,174,175,176,177,495,496,497,520,:
173:168,169,170,171,172,174,175,177,496,520,:
174:169,170,171,172,173,175,176,177,495,496,497,520,:
175:154,156,168,169,170,171,172,173,174,176,177,495,496,497,499,501,502,515,517,520,:
176:154,156,167,168,169,170,171,172,174,175,177,497,499,501,502,506,507,515,:
177:156,168,169,171,172,173,174,175,176,494,495,496,497,498,499,501,502,:
178:179,180,181,182,183,184,186,:
179:178,180,181,183,184,186,:
180:128,178,179,181,182,183,184,185,186,:
181:128,178,179,180,182,183,184,:
182:178,180,181,183,:
183:178,179,180,181,182,184,185,186,:
184:178,179,180,181,183,185,186,:
185:119,123,180,183,184,186,:
186:119,125,128,178,179,180,183,184,185,:
187:148,151,188,189,190,191,192,193,196,197,:
188:147,148,149,150,151,187,189,190,191,192,196,:
189:148,187,188,190,191,192,193,194,195,196,197,198,:
190:148,187,188,189,191,192,193,194,196,197,198,199,200,201,:
191:137,147,148,149,151,155,187,188,189,190,192,193,196,197,198,199,201,:
192:187,188,189,190,191,193,194,195,196,197,:
193:155,187,189,190,191,192,194,195,196,197,200,:
194:189,190,192,193,195,196,197,200,:
195:155,189,192,193,194,509,510,511,512,513,514,:
196:187,188,189,190,191,192,193,194,197,198,199,200,201,202,208,209,:
197:187,189,190,191,192,193,194,196,198,199,200,201,202,:
198:137,189,190,191,196,197,199,200,201,202,203,204,208,209,210,217,:
199:137,190,191,196,197,198,200,201,202,203,204,205,208,209,210,211,213,216,217,:
200:190,193,194,196,197,198,199,201,202,203,204,205,206,207,208,209,210,213,217,250,251,253,:
201:68,69,137,190,191,196,197,198,199,200,202,203,204,205,208,209,217,:
202:69,196,197,198,199,200,201,203,204,205,206,207,:
203:198,199,200,201,202,204,205,206,207,208,217,225,226,229,:
204:69,198,199,200,201,202,203,205,206,207,208,209,210,211,216,217,218,219,221,225,226,227,229,230,233,:
205:199,200,201,202,203,204,206,207,226,229,250,251,:
206:200,202,203,204,205,207,225,226,227,228,229,230,248,250,251,:
207:200,202,203,204,205,206,250,251,:
208:137,196,198,199,200,201,203,204,209,210,211,212,213,214,216,217,226,:
209:135,136,137,138,157,196,198,199,200,201,204,208,210,211,212,213,214,216,217,:
210:198,199,200,204,208,209,211,212,213,214,215,216,217,218,226,254,255,257,:
211:37,138,199,204,208,209,210,212,213,214,215,216,217,218,219,221,225,226,255,257,:
212:1,2,3,28,29,37,50,53,208,209,210,211,213,214,215,216,217,218,219,220,225,226,255,257,:
213:157,159,160,199,200,208,209,210,211,212,214,215,216,217,254,255,256,257,258,:
214:1,28,29,30,34,35,59,60,138,139,157,158,159,160,208,209,210,211,212,213,215,216,:
215:1,28,29,30,31,34,35,59,60,157,158,159,160,210,211,212,213,214,513,:
216:37,138,199,204,208,209,210,211,212,213,214,217,218,219,220,221,222,223,224,225,226,:
217:137,138,198,199,200,201,203,204,208,209,210,211,212,213,216,218,219,221,222,223,225,226,:
218:37,50,204,210,211,212,216,217,219,220,221,222,223,224,225,226,227,:
219:27,37,50,204,211,212,216,217,218,220,221,222,224,225,226,227,228,229,230,231,233,:
220:27,37,50,51,52,87,89,212,216,218,219,221,224,225,226,227,228,230,231,:
221:64,65,134,204,211,216,217,218,219,220,222,223,224,225,226,233,:
222:63,64,65,133,134,135,138,140,216,217,218,219,221,223,224,:
223:63,64,65,66,70,80,126,133,134,216,217,218,221,222,224,:
224:63,64,65,79,81,84,216,218,219,220,221,222,223,225,233,235,:
225:50,203,204,206,211,212,216,217,218,219,220,221,224,226,227,228,229,230,231,232,233,236,237,:
226:203,204,205,206,208,210,211,212,216,217,218,219,220,221,225,227,228,229,230,231,233,:
227:204,206,218,219,220,225,226,228,229,230,231,232,233,236,237,238,:
228:206,219,220,225,226,227,229,230,231,236,237,238,239,240,241,255,:
229:203,204,205,206,219,225,226,227,228,230,236,237,238,239,248,250,255,257,:
230:204,206,219,220,225,226,227,228,229,231,232,233,234,235,236,237,:
231:219,220,225,226,227,228,230,232,233,234,235,:
232:225,227,230,231,233,234,235,:
233:204,219,221,224,225,226,227,230,231,232,234,235,:
234:230,231,232,233,235,:
235:224,230,231,232,233,234,:
236:225,227,228,229,230,237,238,239,240,241,242,244,:
237:225,227,228,229,230,236,238,239,240,241,242,244,:
238:227,228,229,236,237,239,240,241,242,243,244,248,:
239:228,229,236,237,238,240,241,242,:
240:228,236,237,238,239,241,:
241:228,236,237,238,239,240,242,243,244,245,246,:
242:52,236,237,238,239,241,243,244,245,246,247,257,:
243:238,241,242,244,245,246,247,257,258,330,:
244:27,49,51,52,236,237,238,241,242,243,245,246,247,:
245:54,241,242,243,244,246,247,257,258,328,330,342,:
246:24,25,26,27,49,52,53,54,241,242,243,244,245,247,257,:
247:41,52,54,242,243,244,245,246,257,258,342,:
248:206,229,238,249,250,251,252,253,254,255,323,327,329,:
249:248,250,251,252,253,254,255,256,257,321,323,326,327,328,329,330,:
250:200,205,206,207,229,248,249,251,252,253,254,255,256,:
251:200,205,206,207,248,249,250,252,253,254,:
252:248,249,250,251,253,316,320,327,:
253:200,248,249,250,251,252,254,255,256,257,258,321,323,:
254:56,210,213,248,249,250,251,253,255,256,257,258,326,:
255:210,211,212,213,228,229,248,249,250,253,254,256,257,258,:
256:32,54,55,56,213,249,250,253,254,255,257,258,298,322,323,324,325,326,328,514,:
257:29,53,54,56,210,211,212,213,229,242,243,245,246,247,249,253,254,255,256,258,:
258:29,30,31,32,54,55,56,213,243,245,247,253,254,255,256,257,:
259:260,261,262,263,264,265,266,273,274,448,:
260:259,261,262,263,264,265,266,:
261:259,260,262,263,264,265,266,267,273,274,275,439,448,:
262:259,260,261,263,264,265,273,274,275,276,277,278,279,439,:
263:259,260,261,262,264,273,274,275,276,369,371,:
264:259,260,261,262,263,265,266,267,268,269,273,274,439,:
265:259,260,261,262,264,266,267,268,269,270,:
266:259,260,261,264,265,267,268,269,270,271,272,:
267:261,264,265,266,268,269,270,271,434,439,:
268:264,265,266,267,269,270,271,272,:
269:264,265,266,267,268,270,271,272,:
270:265,266,267,268,269,271,272,:
271:266,267,268,269,270,272,:
272:266,268,269,270,271,:
273:259,261,262,263,264,274,275,276,277,278,279,280,282,283,436,439,:
274:259,261,262,263,264,273,275,276,277,278,279,282,435,436,437,438,439,:
275:261,262,263,273,274,276,277,278,279,280,281,282,283,284,348,436,:
276:262,263,273,274,275,277,278,279,280,282,283,284,285,287,289,348,436,:
277:262,273,274,275,276,278,280,282,283,284,285,287,289,425,429,430,432,435,436,439,:
278:262,273,274,275,276,277,279,280,281,282,283,:
279:262,273,274,275,276,278,280,281,369,370,:
280:33,57,58,273,275,276,277,278,279,281,282,283,297,343,348,365,:
281:275,278,279,280,361,364,365,366,367,368,455,480,490,493,:
282:273,274,275,276,277,278,280,283,284,285,286,287,288,289,290,291,345,348,:
283:273,275,276,277,278,280,282,284,285,286,287,289,344,345,346,347,348,351,:
284:275,276,277,282,283,285,286,287,288,289,290,291,292,345,425,:
285:276,277,282,283,284,286,287,288,289,290,291,292,293,294,295,296,297,345,425,:
286:282,283,284,285,287,288,290,291,292,293,295,338,339,341,343,344,345,346,348,351,:
287:276,277,282,283,284,285,286,288,289,290,291,351,:
288:282,284,285,286,287,289,290,291,309,425,:
289:276,277,282,283,284,285,287,288,:
290:282,284,285,286,287,288,291,292,293,294,295,296,297,299,300,422,425,:
291:282,284,285,286,287,288,290,292,293,294,295,296,297,421,422,423,424,425,427,:
292:284,285,286,290,291,293,294,295,296,297,298,299,300,301,325,335,422,425,:
293:285,286,290,291,292,294,295,296,299,300,301,302,303,304,305,306,335,422,425,:
294:285,290,291,292,293,295,299,300,301,302,304,305,421,422,423,424,425,:
295:55,285,286,290,291,292,293,294,296,297,298,299,300,325,335,512,514,:
296:32,33,55,58,285,290,291,292,293,295,297,298,324,325,343,512,513,514,:
297:31,32,33,55,57,58,280,285,290,291,292,295,296,298,343,504,513,514,:
298:31,32,55,56,58,256,292,295,296,297,322,324,325,326,335,338,341,343,512,513,514,:
299:290,292,293,294,295,300,301,302,303,304,305,306,332,335,:
300:290,292,293,294,295,299,301,302,303,304,305,306,325,331,332,333,334,335,:
301:292,293,294,299,300,302,303,304,305,306,307,311,332,335,:
302:293,294,299,300,301,303,304,305,332,:
303:293,299,300,301,302,304,317,318,322,331,332,335,:
304:293,294,299,300,301,302,303,305,306,307,308,310,311,332,:
305:293,294,299,300,301,302,304,306,307,308,309,310,311,312,313,:
306:293,299,300,301,304,305,307,308,309,310,311,312,:
307:301,304,305,306,308,309,310,311,312,313,314,:
308:304,305,306,307,309,310,311,312,314,:
309:288,305,306,307,308,310,312,:
310:304,305,306,307,308,309,311,312,313,314,:
311:301,304,305,306,307,308,310,312,313,314,:
312:305,306,307,308,309,310,311,313,314,:
313:305,307,310,311,312,314,:
314:307,308,310,311,312,313,:
315:316,317,318,319,320,321,:
316:252,315,317,318,319,320,:
317:303,315,316,318,319,320,321,322,323,:
318:303,315,316,317,319,320,321,322,323,327,331,332,:
319:315,316,317,318,320,321,323,327,:
320:252,315,316,317,318,319,321,322,323,324,326,327,:
321:249,253,315,317,318,319,320,322,323,324,325,326,327,328,329,332,:
322:256,298,303,317,318,320,321,323,324,325,326,327,328,332,512,514,:
323:248,249,253,256,317,318,319,320,321,322,324,325,326,327,328,329,330,331,332,:
324:256,296,298,320,321,322,323,325,326,327,328,330,331,332,333,334,335,:
325:55,256,292,295,296,298,300,321,322,323,324,326,328,332,334,335,336,341,514,:
326:249,254,256,298,320,321,322,323,324,325,327,328,329,330,331,332,333,334,335,:
327:248,249,252,318,319,320,321,322,323,324,326,328,329,330,:
328:245,249,256,321,322,323,324,325,326,327,329,330,331,333,334,336,337,341,342,406,:
329:248,249,321,323,326,327,328,330,410,:
330:243,245,249,323,324,326,327,328,329,333,405,406,410,:
331:300,303,318,323,324,326,328,332,333,334,335,336,337,:
332:299,300,301,302,303,304,318,321,322,323,324,325,326,331,333,334,335,336,:
333:300,324,326,328,330,331,332,334,335,336,337,338,406,:
334:300,324,325,326,328,331,332,333,335,336,337,338,339,341,406,:
335:292,293,295,298,299,300,301,303,324,325,326,331,332,333,334,336,337,338,341,:
336:325,328,331,332,333,334,335,337,338,339,340,341,342,343,344,345,403,406,:
337:328,331,333,334,335,336,338,339,340,341,342,344,402,403,404,405,406,:
338:286,298,333,334,335,336,337,339,340,341,342,343,344,345,346,403,406,:
339:286,334,336,337,338,340,341,342,343,344,345,346,347,349,403,:
340:336,337,338,339,341,342,344,345,346,347,349,395,396,398,401,402,403,406,:
341:32,55,286,298,325,328,334,335,336,337,338,339,340,342,343,344,345,:
342:41,42,245,247,328,336,337,338,339,340,341,343,344,402,403,406,:
343:32,55,56,58,280,286,296,297,298,336,338,339,341,342,344,345,:
344:283,286,336,337,338,339,340,341,342,343,345,346,347,348,349,350,351,353,354,:
345:282,283,284,285,286,336,338,339,340,341,343,344,346,347,348,349,351,353,:
346:283,286,338,339,340,344,345,347,348,349,350,351,352,353,354,355,389,:
347:283,339,340,344,345,346,348,349,350,351,353,354,355,356,357,358,389,:
348:275,276,280,282,283,286,344,345,346,347,349,350,351,353,354,355,356,357,:
349:339,340,344,345,346,347,348,350,351,352,353,354,:
350:344,346,347,348,349,351,352,353,354,357,384,401,:
351:283,286,287,344,345,346,347,348,349,350,352,:
352:346,349,350,351,:
353:344,345,346,347,348,349,350,354,355,356,357,358,359,369,370,388,389,:
354:344,346,347,348,349,350,353,355,356,357,358,359,383,385,386,387,388,389,393,:
355:346,347,348,353,354,356,357,358,359,360,361,365,369,370,371,381,389,:
356:347,348,353,354,355,357,358,359,360,369,370,371,372,373,374,375,376,380,381,:
357:347,348,350,353,354,355,356,358,369,370,371,372,373,375,376,380,381,382,386,:
358:41,47,347,353,354,355,356,357,359,360,361,362,364,365,369,370,373,386,389,:
359:13,14,40,41,47,353,354,355,356,358,360,361,362,363,364,365,366,367,369,370,:
360:19,40,46,47,355,356,358,359,361,362,363,364,365,366,369,370,373,:
361:13,14,40,41,281,355,358,359,360,362,363,364,365,366,367,368,370,:
362:40,46,47,358,359,360,361,363,364,365,366,368,370,457,:
363:10,39,40,46,359,360,361,362,364,366,455,457,458,459,460,:
364:13,39,40,281,358,359,360,361,362,363,365,366,367,368,:
365:13,14,40,41,280,281,355,358,359,360,361,362,364,366,367,368,:
366:7,39,40,281,359,360,361,362,363,364,365,367,368,481,483,485,486,:
367:14,29,30,31,40,41,54,281,359,361,364,365,366,368,:
368:28,29,30,34,39,40,281,361,362,364,365,366,367,483,485,:
369:263,279,353,355,356,357,358,359,360,370,371,372,373,374,375,376,381,:
370:279,353,355,356,357,358,359,360,361,362,369,371,372,373,374,:
371:263,355,356,357,369,370,372,373,374,375,376,377,381,:
372:356,357,369,370,371,373,374,375,376,377,378,380,381,:
373:356,357,358,360,369,370,371,372,374,375,376,377,378,380,381,:
374:356,369,370,371,372,373,375,376,452,453,454,455,:
375:356,357,369,371,372,373,374,376,377,378,379,380,381,:
376:356,357,369,371,372,373,374,375,377,378,380,381,:
377:371,372,373,375,376,378,379,380,381,382,386,:
378:372,373,375,376,377,379,380,381,382,383,385,386,:
379:375,377,378,380,381,382,383,385,386,:
380:356,357,372,373,375,376,377,378,379,381,382,383,384,385,386,:
381:355,356,357,369,371,372,373,375,376,377,378,379,380,382,383,385,386,:
382:357,377,378,379,380,381,383,384,385,386,387,:
383:354,378,379,380,381,382,384,385,386,387,388,389,390,393,:
384:350,380,382,383,385,386,387,388,389,393,394,401,:
385:354,378,379,380,381,382,383,384,386,387,388,389,390,391,392,393,394,:
386:354,357,358,377,378,379,380,381,382,383,384,385,387,388,389,390,391,392,:
387:354,382,383,384,385,386,388,389,390,391,392,393,394,395,:
388:353,354,383,384,385,386,387,389,390,391,393,394,395,396,397,398,401,:
389:346,347,353,354,355,358,383,384,385,386,387,388,390,393,394,395,396,398,401,:
390:16,19,20,44,47,383,385,386,387,388,389,391,392,393,394,:
391:19,20,21,22,44,47,385,386,387,388,390,392,:
392:18,19,20,21,22,44,45,46,47,385,386,387,390,391,:
393:42,354,383,384,385,387,388,389,390,394,395,396,397,398,399,400,401,402,403,:
394:384,385,387,388,389,390,393,395,396,397,398,399,400,401,:
395:42,340,387,388,389,393,394,396,397,398,399,400,401,402,403,404,:
396:15,42,43,340,388,389,393,394,395,397,398,399,400,401,402,403,404,405,:
397:15,16,42,43,388,393,394,395,396,398,399,400,402,403,404,:
398:340,388,389,393,394,395,396,397,399,400,401,402,403,418,419,:
399:393,394,395,396,397,398,400,401,402,403,417,418,419,:
400:393,394,395,396,397,398,399,401,402,403,417,418,:
401:340,350,384,388,389,393,394,395,396,398,399,400,419,:
402:42,337,340,342,393,395,396,397,398,399,400,403,404,405,406,407,408,:
403:42,336,337,338,339,340,342,393,395,396,397,398,399,400,402,404,405,406,407,:
404:42,337,395,396,397,402,403,405,406,407,408,409,:
405:330,337,396,402,403,404,406,407,408,409,410,411,412,413,414,:
406:328,330,333,334,336,337,338,340,342,402,403,404,405,407,408,409,410,412,413,414,:
407:402,403,404,405,406,408,409,410,411,412,413,414,415,:
408:402,404,405,406,407,409,410,411,412,413,415,:
409:404,405,406,407,408,410,411,412,413,414,415,:
410:329,330,405,406,407,408,409,411,412,413,:
411:405,407,408,409,410,412,:
412:405,406,407,408,409,410,411,413,414,415,416,417,:
413:405,406,407,408,409,410,412,414,415,416,417,418,:
414:405,406,407,409,412,413,415,416,417,418,419,:
415:407,408,409,412,413,414,416,417,418,419,420,:
416:412,413,414,415,417,418,419,420,:
417:399,400,412,413,414,415,416,418,419,420,:
418:398,399,400,413,414,415,416,417,419,420,:
419:398,399,401,414,415,416,417,418,420,:
420:415,416,417,418,419,:
421:291,294,422,423,424,425,426,427,428,:
422:290,291,292,293,294,421,423,424,425,426,427,:
423:291,294,421,422,424,425,426,427,428,429,:
424:291,294,421,422,423,425,426,427,428,429,430,431,432,:
425:277,284,285,288,290,291,292,293,294,421,422,423,424,426,427,428,429,430,432,:
426:421,422,423,424,425,427,428,505,:
427:291,421,422,423,424,425,426,428,429,430,431,432,433,434,435,436,:
428:421,423,424,425,426,427,429,430,431,432,433,434,:
429:277,423,424,425,427,428,430,431,432,433,434,435,436,437,:
430:277,424,425,427,428,429,431,432,433,434,435,436,437,438,440,504,516,:
431:424,427,428,429,430,432,433,435,436,437,440,504,506,515,516,517,518,520,:
432:277,424,425,427,428,429,430,431,433,434,435,436,:
433:427,428,429,430,431,432,434,435,436,:
434:267,427,428,429,430,432,433,:
435:274,277,427,429,430,431,432,433,436,437,438,439,440,441,442,516,:
436:273,274,275,276,277,427,429,430,431,432,433,435,437,438,439,440,441,:
437:274,429,430,431,435,436,438,439,440,441,442,443,516,:
438:274,430,435,436,437,439,440,441,442,443,444,445,446,:
439:261,262,264,267,273,274,277,435,436,437,438,440,441,442,443,444,445,447,448,:
440:430,431,435,436,437,438,439,441,442,492,493,494,498,499,500,501,504,516,:
441:435,436,437,438,439,440,442,443,444,445,446,447,448,:
442:435,437,438,439,440,441,443,444,445,446,:
443:437,438,439,441,442,444,445,446,447,448,449,:
444:438,439,441,442,443,445,446,447,448,449,450,452,490,:
445:438,439,441,442,443,444,446,447,448,449,450,452,477,478,489,490,491,494,:
446:438,441,442,443,444,445,447,448,:
447:439,441,443,444,445,446,448,449,450,451,452,453,:
448:259,261,439,441,443,444,445,446,447,449,450,451,452,:
449:443,444,445,447,448,450,451,452,453,454,455,:
450:444,445,447,448,449,451,452,453,454,:
451:447,448,449,450,452,453,454,:
452:374,444,445,447,448,449,450,451,453,454,455,456,457,:
453:374,447,449,450,451,452,454,455,456,457,458,:
454:374,449,450,451,452,453,455,456,457,458,459,:
455:281,363,374,449,452,453,454,456,457,458,459,460,480,:
456:452,453,454,455,457,458,459,460,:
457:362,363,452,453,454,455,456,458,459,460,:
458:363,453,454,455,456,457,459,460,461,:
459:363,454,455,456,457,458,460,461,462,463,466,:
460:363,455,456,457,458,459,463,:
461:458,459,462,463,464,465,466,467,469,:
462:459,461,463,464,466,467,469,471,:
463:459,460,461,462,464,465,466,467,468,469,:
464:461,462,463,465,466,467,468,469,:
465:461,463,464,466,467,468,482,484,:
466:459,461,462,463,464,465,467,468,469,470,471,:
467:461,462,463,464,465,466,468,469,470,471,472,:
468:463,464,465,466,467,469,470,471,472,473,474,:
469:461,462,463,464,466,467,468,470,471,472,473,:
470:466,467,468,469,471,472,473,474,:
471:462,466,467,468,469,470,472,473,474,:
472:467,468,469,470,471,473,474,:
473:468,469,470,471,472,474,:
474:468,470,471,472,473,:
475:122,476,477,478,479,480,481,482,483,489,490,:
476:120,122,123,475,477,478,479,480,481,482,483,484,489,:
477:445,475,476,478,479,480,481,482,483,489,490,491,:
478:445,475,476,477,479,480,481,483,489,490,491,492,493,494,:
479:120,122,123,475,476,477,478,480,481,483,489,490,491,494,:
480:281,455,475,476,477,478,479,481,482,483,484,485,489,490,:
481:366,475,476,477,478,479,480,482,483,484,485,486,489,490,:
482:465,475,476,477,480,481,483,484,485,486,487,:
483:35,60,366,368,475,476,477,478,479,480,481,482,484,485,486,487,488,489,:
484:465,476,480,481,482,483,485,486,487,488,:
485:1,2,5,35,36,60,145,366,368,480,481,482,483,484,486,487,488,:
486:5,36,39,145,146,366,481,482,483,484,485,487,488,:
487:2,4,5,6,7,36,39,88,109,145,146,482,483,484,485,486,488,:
488:2,3,4,5,6,7,25,26,36,38,39,88,92,483,484,485,486,487,:
489:445,475,476,477,478,479,480,481,483,490,491,492,493,494,495,498,499,:
490:281,444,445,475,477,478,479,480,481,489,491,492,493,494,498,:
491:445,477,478,479,489,490,492,493,494,495,496,497,498,499,500,:
492:57,59,440,478,489,490,491,493,494,495,497,498,499,500,501,:
493:33,34,57,58,59,281,440,478,489,490,491,492,494,498,499,500,:
494:177,440,445,478,479,489,490,491,492,493,495,496,497,498,499,:
495:172,174,175,177,489,491,492,494,496,497,498,499,:
496:171,172,173,174,175,177,491,494,495,497,499,:
497:156,171,172,174,175,176,177,491,492,494,495,496,498,499,502,:
498:57,59,159,177,440,489,490,491,492,493,494,495,497,499,500,501,502,503,504,:
499:156,159,175,176,177,440,489,491,492,493,494,495,496,497,498,500,501,502,503,:
500:33,57,58,59,159,440,491,492,493,498,499,501,502,503,504,505,511,516,:
501:175,176,177,440,492,498,499,500,502,503,504,505,506,508,509,511,515,516,:
502:154,156,158,171,175,176,177,497,498,499,500,501,503,504,505,506,507,508,509,511,515,516,:
503:498,499,500,501,502,504,505,506,507,508,509,510,511,515,516,:
504:58,297,430,431,440,498,500,501,502,503,505,506,508,509,511,515,516,:
505:426,500,501,502,503,504,506,507,508,509,510,511,515,516,517,:
506:176,431,501,502,503,504,505,507,508,509,515,516,517,518,520,:
507:166,168,176,502,503,505,506,508,515,516,517,518,519,:
508:501,502,503,504,505,506,507,509,510,511,512,513,515,:
509:195,501,502,503,504,505,506,508,510,511,512,513,514,:
510:195,503,505,508,509,511,512,513,514,:
511:158,195,500,501,502,503,504,505,508,509,510,512,513,514,:
512:195,295,296,298,322,508,509,510,511,513,514,:
513:32,55,195,215,296,297,298,508,509,510,511,512,514,:
514:55,195,256,295,296,297,298,322,325,509,510,511,512,513,:
515:175,176,431,501,502,503,504,505,506,507,508,516,517,518,519,520,:
516:430,431,435,437,440,500,501,502,503,504,505,506,507,515,517,518,520,:
517:169,171,175,431,505,506,507,515,516,518,519,520,:
518:431,506,507,515,516,517,519,520,:
519:507,515,517,518,520,:
520:171,172,173,174,175,431,506,515,516,517,518,519,:
