1:2,3,4,5,6,7,8,74,75,76,80,87,88,92,93,101,103,104,106,112,:
2:1,3,4,5,6,8,74,75,76,88,103,104,:
3:1,2,4,5,6,7,8,88,92,93,94,95,97,103,105,106,107,110,111,112,115,215,:
4:1,2,3,5,74,75,76,77,79,80,87,88,89,90,92,93,94,97,98,100,101,102,103,104,106,:
5:1,2,3,4,6,7,8,9,10,29,30,75,76,77,78,79,87,88,89,90,92,93,106,115,:
6:1,2,3,5,7,8,9,10,11,29,30,32,34,37,88,89,106,115,120,121,203,206,:
7:1,3,5,6,8,9,10,34,37,89,90,105,106,107,108,110,114,115,116,119,120,121,201,202,203,204,206,:
8:1,2,3,5,6,7,9,10,29,30,32,121,200,201,203,204,205,206,:
9:5,6,7,8,10,11,12,13,15,17,18,19,29,30,31,32,34,37,88,89,120,121,203,323,:
10:5,6,7,8,9,11,12,13,14,15,17,29,30,31,32,34,37,78,323,:
11:6,9,10,12,13,14,15,16,17,18,29,30,31,32,33,34,35,36,37,320,322,323,:
12:9,10,11,13,14,15,16,17,18,19,27,28,29,30,31,32,33,34,35,36,37,41,319,320,321,322,323,:
13:9,10,11,12,14,15,16,17,18,29,30,31,32,33,34,35,36,:
14:10,11,12,13,15,16,17,30,31,32,33,34,35,36,:
15:9,10,11,12,13,14,16,17,18,19,28,30,31,32,33,34,35,36,37,120,:
16:11,12,13,14,15,17,18,19,32,33,34,35,36,:
17:9,10,11,12,13,14,15,16,18,19,20,21,27,28,31,32,33,34,35,36,37,41,322,:
18:9,11,12,13,15,16,17,19,20,21,22,25,27,28,34,35,36,37,41,319,322,:
19:9,12,15,16,17,18,20,21,22,27,28,34,36,37,89,119,120,121,122,:
20:17,18,19,21,22,23,24,27,28,34,37,122,391,392,:
21:17,18,19,20,22,23,24,25,27,28,36,37,38,41,317,386,390,391,392,:
22:18,19,20,21,23,24,25,26,27,28,38,40,41,312,313,316,317,337,384,385,386,390,391,392,:
23:20,21,22,24,25,28,38,311,312,313,317,337,379,380,383,384,385,386,387,390,391,392,394,:
24:20,21,22,23,25,26,27,28,38,39,40,41,313,316,317,336,337,338,384,386,391,392,:
25:18,21,22,23,24,26,27,28,36,38,39,40,41,336,337,338,:
26:22,24,25,27,28,38,39,40,41,336,337,338,345,347,403,:
27:12,17,18,19,20,21,22,24,25,26,28,36,38,39,40,41,318,392,:
28:12,15,17,18,19,20,21,22,23,24,25,26,27,34,36,37,38,39,41,317,318,319,392,:
29:5,6,8,9,10,11,12,13,30,31,32,76,77,78,88,320,322,323,:
30:5,6,8,9,10,11,12,13,14,15,29,31,32,34,:
31:9,10,11,12,13,14,15,17,29,30,32,33,34,36,320,322,323,:
32:6,8,9,10,11,12,13,14,15,16,17,29,30,31,33,34,35,36,:
33:11,12,13,14,15,16,17,31,32,34,35,36,:
34:6,7,9,10,11,12,13,14,15,16,17,18,19,20,28,30,31,32,33,35,36,37,119,120,121,203,:
35:11,12,13,14,15,16,17,18,32,33,34,36,41,:
36:11,12,13,14,15,16,17,18,19,21,25,27,28,31,32,33,34,35,37,41,322,:
37:6,7,9,10,11,12,15,17,18,19,20,21,28,34,36,89,119,120,121,122,:
38:21,22,23,24,25,26,27,28,39,40,313,314,316,331,335,336,337,338,383,384,386,391,:
39:24,25,26,27,28,38,40,41,338,345,347,403,405,:
40:22,24,25,26,27,38,39,41,336,337,338,345,346,347,402,403,405,:
41:12,17,18,21,22,24,25,26,27,28,35,36,39,40,322,:
42:43,44,45,46,47,48,51,52,:
43:42,44,45,46,47,48,253,:
44:42,43,45,46,47,48,51,52,53,:
45:42,43,44,46,47,48,51,52,53,54,55,56,57,253,:
46:42,43,44,45,47,51,52,53,56,252,253,:
47:42,43,44,45,46,48,49,50,51,52,:
48:42,43,44,45,47,49,50,222,225,227,:
49:47,48,50,227,:
50:47,48,49,:
51:42,44,45,46,47,52,53,54,55,56,57,58,59,60,102,253,:
52:42,44,45,46,47,51,53,54,55,56,57,58,59,102,242,245,:
53:44,45,46,51,52,54,55,56,57,58,59,60,61,63,102,253,256,:
54:45,51,52,53,55,56,57,58,59,60,61,62,63,64,66,102,241,242,:
55:45,51,52,53,54,56,57,58,59,60,61,62,63,67,102,238,239,241,242,243,244,245,:
56:45,46,51,52,53,54,55,57,58,59,60,63,84,85,102,253,256,257,:
57:45,51,52,53,54,55,56,58,59,60,62,63,80,84,85,98,99,100,101,102,103,104,:
58:51,52,53,54,55,56,57,59,60,61,62,63,67,79,80,84,85,100,101,102,103,104,:
59:51,52,53,54,55,56,57,58,60,61,62,63,64,65,66,67,85,242,:
60:51,53,54,55,56,57,58,59,61,62,63,64,65,66,85,86,256,292,293,:
61:53,54,55,58,59,60,62,63,64,65,66,67,68,73,85,242,:
62:54,55,57,58,59,60,61,63,64,65,66,67,68,69,70,71,72,73,74,75,80,85,102,242,:
63:53,54,55,56,57,58,59,60,61,62,64,67,68,69,70,73,74,75,79,80,84,85,101,102,103,104,:
64:54,59,60,61,62,63,65,66,67,73,85,86,291,292,:
65:59,60,61,62,64,66,291,292,:
66:54,59,60,61,62,64,65,85,291,292,293,:
67:55,58,59,61,62,63,64,68,69,70,71,72,73,74,75,238,239,:
68:61,62,63,67,69,70,71,72,73,74,75,76,80,:
69:62,63,67,68,70,71,72,73,74,75,76,77,79,80,:
70:62,63,67,68,69,71,73,74,75,76,77,79,80,:
71:62,67,68,69,70,72,73,74,75,:
72:62,67,68,69,71,73,238,239,240,:
73:61,62,63,64,67,68,69,70,71,72,238,239,240,241,:
74:1,2,4,62,63,67,68,69,70,71,75,76,77,78,79,80,88,:
75:1,2,4,5,62,63,67,68,69,70,71,74,76,77,79,80,88,101,103,104,:
76:1,2,4,5,29,68,69,70,74,75,77,78,79,80,81,88,323,:
77:4,5,29,69,70,74,75,76,78,79,80,81,82,84,87,88,320,321,323,:
78:5,10,29,74,76,77,79,80,81,82,83,87,88,268,319,320,321,322,323,:
79:4,5,58,63,69,70,74,75,76,77,78,80,81,82,83,84,85,86,87,88,:
80:1,4,57,58,62,63,68,69,70,74,75,76,77,78,79,81,82,84,85,86,87,88,93,101,102,103,:
81:76,77,78,79,80,82,83,84,85,86,87,88,89,266,268,293,310,:
82:77,78,79,80,81,83,84,85,86,87,88,89,90,92,93,309,310,319,:
83:78,79,81,82,84,87,88,89,90,266,308,309,310,319,:
84:56,57,58,63,77,79,80,81,82,83,85,86,87,88,262,293,310,:
85:56,57,58,59,60,61,62,63,64,66,79,80,81,82,84,86,262,291,292,293,:
86:60,64,79,80,81,82,84,85,261,262,266,267,268,290,291,292,293,:
87:1,4,5,77,78,79,80,81,82,83,84,88,89,90,91,92,93,310,:
88:1,2,3,4,5,6,9,29,74,75,76,77,78,79,80,81,82,83,84,87,89,90,92,93,103,:
89:4,5,6,7,9,19,37,81,82,83,87,88,90,91,92,93,94,:
90:4,5,7,82,83,87,88,89,91,92,93,94,95,96,97,105,106,115,124,260,:
91:87,89,90,92,93,94,95,96,105,106,114,115,117,119,123,124,125,128,:
92:1,3,4,5,82,87,88,89,90,91,93,94,95,96,97,98,103,105,106,115,124,260,:
93:1,3,4,5,80,82,87,88,89,90,91,92,94,95,97,98,101,103,105,106,:
94:3,4,89,90,91,92,93,95,96,97,98,99,103,105,106,107,115,124,:
95:3,90,91,92,93,94,96,97,98,105,106,107,108,109,110,112,114,115,123,124,133,216,:
96:90,91,92,94,95,97,105,106,107,108,109,114,115,123,124,125,126,128,132,133,137,138,:
97:3,4,90,92,93,94,95,96,98,99,100,101,103,105,106,213,214,215,216,:
98:4,57,92,93,94,95,97,99,100,101,102,103,104,:
99:57,94,97,98,100,101,102,103,104,213,:
100:4,57,58,97,98,99,101,102,103,104,213,214,215,221,:
101:1,4,57,58,63,75,80,93,97,98,99,100,102,103,104,:
102:4,51,52,53,54,55,56,57,58,62,63,80,98,99,100,101,103,104,:
103:1,2,3,4,57,58,63,75,80,88,92,93,94,97,98,99,100,101,102,104,:
104:1,2,4,57,58,63,75,98,99,100,101,102,103,238,:
105:3,7,90,91,92,93,94,95,96,97,106,107,108,109,110,111,112,113,114,115,124,133,214,215,216,:
106:1,3,4,5,6,7,90,91,92,93,94,95,96,97,105,107,108,110,111,112,114,115,214,215,216,:
107:3,7,94,95,96,105,106,108,109,110,111,112,113,114,115,116,124,133,216,:
108:7,95,96,105,106,107,109,110,111,113,114,115,116,117,118,119,121,123,124,132,133,142,:
109:95,96,105,107,108,110,113,114,115,116,117,118,123,124,132,133,134,135,137,141,142,143,146,147,148,149,:
110:3,7,95,105,106,107,108,109,111,112,113,114,115,200,201,203,204,206,216,:
111:3,105,106,107,108,110,112,113,170,186,187,188,189,214,215,216,:
112:1,3,95,105,106,107,110,111,113,187,188,189,214,215,216,:
113:105,107,108,109,110,111,112,114,198,199,200,201,202,204,:
114:7,91,95,96,105,106,107,108,109,110,113,115,116,117,118,119,120,121,122,123,124,133,142,149,201,202,203,:
115:3,5,6,7,90,91,92,94,95,96,105,106,107,108,109,110,114,116,117,119,120,121,123,124,201,202,203,:
116:7,107,108,109,114,115,117,118,119,120,121,122,123,124,125,133,142,149,201,202,203,:
117:91,108,109,114,115,116,118,119,120,122,123,124,125,126,127,128,132,133,141,142,152,161,:
118:108,109,114,116,117,119,122,123,124,125,126,127,132,133,141,142,143,144,146,151,152,153,156,157,159,160,161,:
119:7,19,34,37,91,108,114,115,116,117,118,120,121,122,123,124,202,203,:
120:6,7,9,15,19,34,37,114,115,116,117,119,121,122,201,202,203,:
121:6,7,8,9,19,34,37,108,114,115,116,119,120,122,200,201,202,203,206,:
122:19,20,37,114,116,117,118,119,120,121,123,124,159,160,161,390,:
123:91,95,96,108,109,114,115,116,117,118,119,122,124,125,126,127,128,129,132,133,142,152,:
124:90,91,92,94,95,96,105,107,108,109,114,115,116,117,118,119,122,123,125,126,128,132,133,:
125:91,96,116,117,118,123,124,126,127,128,129,132,133,134,142,152,161,:
126:96,117,118,123,124,125,127,128,129,132,133,134,135,136,137,141,142,151,152,:
127:117,118,123,125,126,128,129,132,133,134,135,136,141,142,151,152,153,154,156,:
128:91,96,117,123,124,125,126,127,129,130,131,132,133,:
129:123,125,126,127,128,130,131,132,133,375,:
130:128,129,131,375,:
131:128,129,130,:
132:96,108,109,117,118,123,124,125,126,127,128,129,133,134,135,136,137,138,140,141,142,152,:
133:95,96,105,107,108,109,114,116,117,118,123,124,125,126,127,128,129,132,134,135,137,138,140,141,142,:
134:109,125,126,127,132,133,135,136,137,138,139,140,141,142,143,152,:
135:109,126,127,132,133,134,136,137,138,141,142,143,144,145,146,151,152,:
136:126,127,132,134,135,137,141,142,143,144,145,151,152,:
137:96,109,126,132,133,134,135,136,138,139,140,141,142,:
138:96,132,133,134,135,137,139,140,:
139:134,137,138,140,216,:
140:132,133,134,137,138,139,:
141:109,117,118,126,127,132,133,134,135,136,137,142,143,144,145,146,147,151,152,:
142:108,109,114,116,117,118,123,125,126,127,132,133,134,135,136,137,141,143,144,146,147,151,152,:
143:109,118,134,135,136,141,142,144,145,146,147,148,151,152,153,:
144:118,135,136,141,142,143,145,146,147,151,152,153,154,156,:
145:135,136,141,143,144,146,151,152,153,154,155,:
146:109,118,135,141,142,143,144,145,147,148,149,150,151,152,:
147:109,141,142,143,144,146,148,149,150,:
148:109,143,146,147,149,150,198,199,201,202,:
149:109,114,116,146,147,148,150,198,199,200,201,202,203,:
150:146,147,148,149,193,194,195,196,198,199,202,:
151:118,126,127,135,136,141,142,143,144,145,146,152,153,154,155,156,157,158,:
152:117,118,123,125,126,127,132,134,135,136,141,142,143,144,145,146,151,153,154,156,157,158,159,161,:
153:118,127,143,144,145,151,152,154,155,156,157,158,159,161,:
154:127,144,145,151,152,153,155,156,157,:
155:145,151,153,154,156,:
156:118,127,144,151,152,153,154,155,157,158,159,160,161,429,430,:
157:118,151,152,153,154,156,158,159,160,161,:
158:151,152,153,156,157,159,160,161,:
159:118,122,152,153,156,157,158,160,161,387,390,:
160:118,122,156,157,158,159,161,387,388,389,390,:
161:117,118,122,125,152,153,156,157,158,159,160,387,390,431,:
162:163,164,165,166,167,168,208,:
163:162,164,165,166,167,168,:
164:162,163,165,166,167,168,169,171,208,211,:
165:162,163,164,166,167,168,171,173,211,:
166:162,163,164,165,167,172,173,:
167:162,163,164,165,166,168,169,170,171,:
168:162,163,164,165,167,169,170,171,:
169:164,167,168,170,171,186,212,214,216,:
170:111,167,168,169,171,186,212,214,215,216,:
171:164,165,167,168,169,170,180,186,189,212,213,214,215,216,:
172:166,173,174,175,176,177,178,179,180,:
173:165,166,172,174,175,176,177,178,:
174:172,173,175,176,177,178,179,180,:
175:172,173,174,176,177,178,:
176:172,173,174,175,177,:
177:172,173,174,175,176,178,179,180,:
178:172,173,174,175,177,179,180,189,:
179:172,174,177,178,180,189,:
180:171,172,174,177,178,179,182,186,187,189,:
181:182,183,184,185,186,187,188,189,191,:
182:180,181,183,184,186,187,188,189,:
183:181,182,184,185,186,187,188,189,191,:
184:181,182,183,185,186,187,190,191,:
185:181,183,184,186,190,191,192,193,195,:
186:111,169,170,171,180,181,182,183,184,185,187,188,189,:
187:111,112,180,181,182,183,184,186,188,189,:
188:111,112,181,182,183,186,187,189,204,205,206,:
189:111,112,171,178,179,180,181,182,183,186,187,188,215,:
190:184,185,191,192,193,194,195,196,:
191:181,183,184,185,190,192,193,195,196,:
192:185,190,191,193,194,195,196,197,:
193:150,185,190,191,192,194,195,196,:
194:150,190,192,193,195,:
195:150,185,190,191,192,193,194,196,197,198,199,:
196:150,190,191,192,193,195,197,198,199,200,205,:
197:192,195,196,198,199,200,201,202,204,205,206,:
198:113,148,149,150,195,196,197,199,200,201,202,203,204,205,206,:
199:113,148,149,150,195,196,197,198,200,201,202,203,204,205,:
200:8,110,113,121,149,196,197,198,199,201,202,203,204,205,206,:
201:7,8,110,113,114,115,116,120,121,148,149,197,198,199,200,202,203,204,205,206,:
202:7,113,114,115,116,119,120,121,148,149,150,197,198,199,200,201,203,204,206,:
203:6,7,8,9,34,110,114,115,116,119,120,121,149,198,199,200,201,202,204,205,206,:
204:7,8,110,113,188,197,198,199,200,201,202,203,205,206,:
205:8,188,196,197,198,199,200,201,203,204,206,:
206:6,7,8,110,121,188,197,198,200,201,202,203,204,205,:
207:208,209,210,211,212,213,217,218,:
208:162,164,207,209,210,211,212,:
209:207,208,210,211,212,213,214,217,218,219,:
210:207,208,209,211,212,213,217,218,219,220,221,222,:
211:164,165,207,208,209,210,212,213,217,218,219,220,221,:
212:169,170,171,207,208,209,210,211,213,214,215,216,217,218,:
213:97,99,100,171,207,209,210,211,212,214,215,216,217,218,:
214:97,100,105,106,111,112,169,170,171,209,212,213,215,216,:
215:3,97,100,105,106,111,112,170,171,189,212,213,214,216,:
216:95,97,105,106,107,110,111,112,139,169,170,171,212,213,214,215,:
217:207,209,210,211,212,213,218,219,220,221,222,223,228,229,:
218:207,209,210,211,212,213,217,219,220,221,222,223,:
219:209,210,211,217,218,220,221,222,223,224,225,227,228,229,230,:
220:210,211,217,218,219,221,222,223,224,228,229,230,231,232,233,236,:
221:100,210,211,217,218,219,220,222,228,229,230,231,232,236,237,:
222:48,210,217,218,219,220,221,223,224,225,226,227,228,229,:
223:217,218,219,220,222,224,225,226,227,228,229,:
224:219,220,222,223,225,226,227,228,229,230,:
225:48,219,222,223,224,226,227,:
226:222,223,224,225,227,:
227:48,49,219,222,223,224,225,226,:
228:217,219,220,221,222,223,224,229,230,231,232,233,234,235,236,237,:
229:217,219,220,221,222,223,224,228,230,231,232,233,235,:
230:219,220,221,224,228,229,231,232,233,234,235,236,237,238,:
231:220,221,228,229,230,232,233,234,235,236,237,238,239,240,241,242,:
232:220,221,228,229,230,231,233,234,236,237,238,239,240,241,242,243,246,:
233:220,228,229,230,231,232,234,235,236,237,:
234:228,230,231,232,233,235,236,237,240,:
235:228,229,230,231,233,234,:
236:220,221,228,230,231,232,233,234,237,238,239,240,241,242,:
237:221,228,230,231,232,233,234,236,238,239,240,:
238:55,67,72,73,104,230,231,232,236,237,239,240,241,242,243,:
239:55,67,72,73,231,232,236,237,238,240,241,242,243,244,246,:
240:72,73,231,232,234,236,237,238,239,241,242,243,246,:
241:54,55,73,231,232,236,238,239,240,242,243,244,245,246,247,:
242:52,54,55,59,61,62,231,232,236,238,239,240,241,243,244,245,246,:
243:55,232,238,239,240,241,242,244,245,246,247,248,249,:
244:55,239,241,242,243,245,246,247,248,:
245:52,55,241,242,243,244,246,247,248,:
246:232,239,240,241,242,243,244,245,247,248,249,250,251,:
247:241,243,244,245,246,248,249,250,251,:
248:243,244,245,246,247,249,250,251,:
249:243,246,247,248,250,251,:
250:246,247,248,249,251,:
251:246,247,248,249,250,:
252:46,253,254,255,256,257,258,259,:
253:43,45,46,51,53,56,252,254,255,256,257,258,259,:
254:252,253,255,256,257,258,259,260,:
255:252,253,254,256,257,258,:
256:53,56,60,252,253,254,255,257,262,:
257:56,252,253,254,255,256,258,259,260,310,:
258:252,253,254,255,257,259,260,310,:
259:252,253,254,257,258,260,:
260:90,92,254,257,258,259,310,:
261:86,262,263,264,265,266,267,268,269,270,291,293,304,309,310,:
262:84,85,86,256,261,263,264,265,266,267,268,290,291,292,293,:
263:261,262,264,265,266,267,268,269,270,271,285,293,304,307,309,310,:
264:261,262,263,265,266,267,268,269,270,271,272,273,274,277,283,284,285,307,:
265:261,262,263,264,266,267,268,269,270,271,272,273,277,283,284,285,286,289,290,:
266:81,83,86,261,262,263,264,265,267,268,269,270,283,285,293,309,310,318,:
267:86,261,262,263,264,265,266,268,269,270,277,283,284,285,289,290,291,293,321,:
268:78,81,86,261,262,263,264,265,266,267,283,285,290,291,293,318,319,320,321,:
269:261,263,264,265,266,267,270,271,272,273,274,275,276,277,283,285,307,:
270:261,263,264,265,266,267,269,271,272,274,276,277,283,304,306,307,315,316,:
271:263,264,265,269,270,272,273,274,275,276,277,278,283,285,:
272:264,265,269,270,271,273,274,275,276,277,278,279,281,282,283,284,285,:
273:264,265,269,271,272,274,275,277,278,279,280,283,284,285,:
274:264,269,270,271,272,273,275,276,277,283,307,315,:
275:269,271,272,273,274,276,277,283,342,343,344,348,350,361,364,:
276:269,270,271,272,274,275,301,307,315,355,:
277:264,265,267,269,270,271,272,273,274,275,278,279,280,281,282,283,284,285,:
278:271,272,273,277,279,280,281,282,283,284,285,286,363,365,367,:
279:272,273,277,278,280,281,282,283,284,285,286,287,289,:
280:273,277,278,279,281,284,285,286,287,288,:
281:272,277,278,279,280,282,283,284,285,365,366,367,:
282:272,277,278,279,281,283,366,367,:
283:264,265,266,267,268,269,270,271,272,273,274,275,277,278,279,281,282,284,285,:
284:264,265,267,272,273,277,278,279,280,281,283,285,286,287,288,289,290,:
285:263,264,265,266,267,268,269,271,272,273,277,278,279,280,281,283,284,286,287,289,290,:
286:265,278,279,280,284,285,287,288,289,290,291,:
287:279,280,284,285,286,288,289,290,:
288:280,284,286,287,289,:
289:265,267,279,284,285,286,287,288,290,291,292,293,:
290:86,262,265,267,268,284,285,286,287,289,291,292,293,:
291:64,65,66,85,86,261,262,267,268,286,289,290,292,293,:
292:60,64,65,66,85,86,262,289,290,291,293,:
293:60,66,81,84,85,86,261,262,263,266,267,268,289,290,291,292,:
294:295,296,297,298,299,300,301,303,304,:
295:294,296,297,298,299,300,:
296:294,295,297,298,299,300,301,302,303,304,305,:
297:294,295,296,298,299,300,301,303,304,305,306,307,308,369,:
298:294,295,296,297,299,301,303,304,305,306,307,325,368,369,370,371,372,:
299:294,295,296,297,298,300,301,302,303,304,:
300:294,295,296,297,299,301,302,:
301:276,294,296,297,298,299,300,302,303,304,:
302:296,299,300,301,:
303:294,296,297,298,299,301,304,305,306,307,308,309,310,311,312,369,:
304:261,263,270,294,296,297,298,299,301,303,305,306,307,308,309,310,:
305:296,297,298,303,304,306,307,308,309,310,311,312,313,325,369,372,:
306:270,297,298,303,304,305,307,308,309,310,311,312,313,314,315,316,317,324,325,372,:
307:263,264,269,270,274,276,297,298,303,304,305,306,308,309,311,312,313,314,315,316,317,324,325,:
308:83,297,303,304,305,306,307,309,310,311,312,:
309:82,83,261,263,266,303,304,305,306,307,308,310,311,312,:
310:81,82,83,84,87,257,258,260,261,263,266,303,304,305,306,308,309,:
311:23,303,305,306,307,308,309,312,313,314,315,316,317,324,325,372,:
312:22,23,303,305,306,307,308,309,311,313,314,316,317,324,325,371,372,:
313:22,23,24,38,305,306,307,311,312,314,315,316,317,318,324,325,326,331,337,372,:
314:38,306,307,311,312,313,315,316,317,324,325,326,327,329,330,331,337,339,340,372,:
315:270,274,276,306,307,311,313,314,316,324,325,326,327,328,330,331,333,337,339,340,341,344,345,:
316:22,24,38,270,306,307,311,312,313,314,315,317,318,319,324,:
317:21,22,23,24,28,306,307,311,312,313,314,316,318,319,320,:
318:27,28,266,268,313,316,317,319,320,321,322,323,:
319:12,18,28,78,82,83,268,316,317,318,320,321,322,323,:
320:11,12,29,31,77,78,268,317,318,319,321,322,323,:
321:12,77,78,267,268,318,319,320,322,323,:
322:11,12,17,18,29,31,36,41,78,318,319,320,321,323,:
323:9,10,11,12,29,31,76,77,78,318,319,320,321,322,:
324:306,307,311,312,313,314,315,316,325,326,327,328,329,330,331,337,340,371,372,:
325:298,305,306,307,311,312,313,314,315,324,326,327,329,330,331,337,369,371,372,377,379,382,384,:
326:313,314,315,324,325,327,328,329,330,331,332,340,372,:
327:314,315,324,325,326,328,329,330,331,332,333,335,337,339,340,349,:
328:315,324,326,327,329,330,331,332,333,334,339,340,348,349,353,355,:
329:314,324,325,326,327,328,330,331,368,369,371,372,:
330:314,315,324,325,326,327,328,329,331,332,333,334,335,336,337,338,339,340,349,382,383,384,:
331:38,313,314,315,324,325,326,327,328,329,330,332,333,335,336,337,338,339,340,379,382,383,384,:
332:326,327,328,330,331,333,334,335,336,337,338,339,340,341,349,:
333:315,327,328,330,331,332,334,335,336,337,338,339,340,341,342,344,345,348,349,:
334:328,330,332,333,335,336,339,340,341,342,348,349,:
335:38,327,330,331,332,333,334,336,337,338,339,340,383,384,:
336:24,25,26,38,40,330,331,332,333,334,335,337,338,339,340,383,384,403,:
337:22,23,24,25,26,38,40,313,314,315,324,325,327,330,331,332,333,335,336,338,339,340,382,383,384,:
338:24,25,26,38,39,40,330,331,332,333,335,336,337,339,340,345,347,384,400,401,402,403,404,405,:
339:314,315,327,328,330,331,332,333,334,335,336,337,338,340,341,342,343,344,345,348,349,:
340:314,315,324,326,327,328,330,331,332,333,334,335,336,337,338,339,341,342,344,345,348,349,:
341:315,332,333,334,339,340,342,343,344,345,346,348,349,350,:
342:275,333,334,339,340,341,343,344,345,348,349,350,351,352,353,357,:
343:275,339,341,342,344,348,349,350,351,352,356,357,361,362,364,:
344:275,315,333,339,340,341,342,343,345,346,348,349,364,:
345:26,39,40,315,333,338,339,340,341,342,344,346,347,:
346:40,341,344,345,347,:
347:26,39,40,338,345,346,403,:
348:275,328,333,334,339,340,341,342,343,344,349,350,351,352,353,354,355,:
349:327,328,330,332,333,334,339,340,341,342,343,344,348,350,351,353,355,:
350:275,341,342,343,348,349,351,352,353,354,355,357,:
351:342,343,348,349,350,352,353,354,355,357,:
352:342,343,348,350,351,353,354,356,357,359,:
353:328,342,348,349,350,351,352,354,355,:
354:348,350,351,352,353,355,:
355:276,328,348,349,350,351,353,354,:
356:343,352,357,358,359,360,361,362,364,:
357:342,343,350,351,352,356,358,359,361,362,364,:
358:356,357,359,360,361,362,363,364,:
359:352,356,357,358,360,361,362,:
360:356,358,359,361,:
361:275,343,356,357,358,359,360,362,363,364,365,366,:
362:343,356,357,358,359,361,363,364,365,366,367,:
363:278,358,361,362,364,365,366,367,:
364:275,343,344,356,357,358,361,362,363,365,366,367,:
365:278,281,361,362,363,364,366,367,:
366:281,282,361,362,363,364,365,367,:
367:278,281,282,362,363,364,365,366,:
368:298,329,369,370,371,372,373,374,377,378,:
369:297,298,303,305,325,329,368,370,371,372,373,377,:
370:298,368,369,371,372,373,374,377,378,379,420,421,:
371:298,312,324,325,329,368,369,370,372,373,374,377,378,379,380,382,421,:
372:298,305,306,311,312,313,314,324,325,326,329,368,369,370,371,373,374,377,378,379,382,:
373:368,369,370,371,372,374,375,376,377,378,:
374:368,370,371,372,373,375,376,377,378,:
375:129,130,373,374,376,:
376:373,374,375,:
377:325,368,369,370,371,372,373,374,378,379,380,381,382,383,384,385,386,421,422,:
378:368,370,371,372,373,374,377,379,380,381,382,385,407,410,411,420,421,422,:
379:23,325,331,370,371,372,377,378,380,381,382,383,384,385,386,387,394,407,:
380:23,371,377,378,379,381,382,383,384,385,386,387,388,390,393,394,406,407,:
381:377,378,379,380,382,383,385,386,387,388,389,393,394,406,407,408,409,410,411,421,422,431,:
382:325,330,331,337,371,372,377,378,379,380,381,383,384,385,386,393,394,407,411,:
383:23,38,330,331,335,336,337,377,379,380,381,382,384,385,386,393,394,395,398,406,407,:
384:22,23,24,38,325,330,331,335,336,337,338,377,379,380,382,383,385,386,393,394,:
385:22,23,377,378,379,380,381,382,383,384,386,387,388,389,390,391,392,393,394,407,:
386:21,22,23,24,38,377,379,380,381,382,383,384,385,387,388,390,391,392,393,394,:
387:23,159,160,161,379,380,381,385,386,388,389,390,391,392,393,394,395,407,:
388:160,380,381,385,386,387,389,390,391,392,393,394,395,396,398,399,406,407,:
389:160,381,385,387,388,390,391,393,394,395,396,406,407,:
390:21,22,23,122,159,160,161,380,385,386,387,388,389,391,392,393,394,:
391:20,21,22,23,24,38,385,386,387,388,389,390,392,393,394,:
392:20,21,22,23,24,27,28,385,386,387,388,390,391,:
393:380,381,382,383,384,385,386,387,388,389,390,391,394,395,396,397,398,399,406,407,:
394:23,379,380,381,382,383,384,385,386,387,388,389,390,391,393,395,396,398,399,406,407,:
395:383,387,388,389,393,394,396,397,398,399,400,406,407,408,:
396:388,389,393,394,395,397,398,399,406,407,408,409,411,:
397:393,395,396,398,406,407,408,409,411,:
398:383,388,393,394,395,396,397,399,400,401,406,407,:
399:388,393,394,395,396,398,400,401,402,403,:
400:338,395,398,399,401,402,403,404,405,:
401:338,398,399,400,402,403,404,405,:
402:40,338,399,400,401,403,404,405,:
403:26,39,40,336,338,347,399,400,401,402,404,405,:
404:338,400,401,402,403,405,:
405:39,40,338,400,401,402,403,404,:
406:380,381,383,388,389,393,394,395,396,397,398,407,408,409,410,411,412,:
407:378,379,380,381,382,383,385,387,388,389,393,394,395,396,397,398,406,408,409,410,411,422,:
408:381,395,396,397,406,407,409,410,411,412,413,414,416,422,:
409:381,396,397,406,407,408,410,411,412,413,415,416,421,422,424,:
410:378,381,406,407,408,409,411,412,413,414,415,416,417,420,421,422,423,424,431,:
411:378,381,382,396,397,406,407,408,409,410,412,413,414,416,421,422,:
412:406,408,409,410,411,413,414,415,416,420,421,422,:
413:408,409,410,411,412,414,415,416,420,422,:
414:408,410,411,412,413,415,416,417,420,421,422,:
415:409,410,412,413,414,416,417,418,419,420,421,422,423,424,:
416:408,409,410,411,412,413,414,415,417,418,420,421,422,423,424,:
417:410,414,415,416,418,419,420,421,422,423,424,425,:
418:415,416,417,419,420,421,422,423,424,425,426,427,428,:
419:415,417,418,420,421,423,424,425,426,427,:
420:370,378,410,412,413,414,415,416,417,418,419,421,422,423,424,:
421:370,371,377,378,381,409,410,411,412,414,415,416,417,418,419,420,422,423,424,431,:
422:377,378,381,407,408,409,410,411,412,413,414,415,416,417,418,420,421,423,424,431,:
423:410,415,416,417,418,419,420,421,422,424,425,426,427,428,429,431,:
424:409,410,415,416,417,418,419,420,421,422,423,425,426,428,429,431,:
425:417,418,419,423,424,426,427,428,429,430,431,:
426:418,419,423,424,425,427,428,429,:
427:418,419,423,425,426,428,:
428:418,423,424,425,426,427,429,430,431,:
429:156,423,424,425,426,428,430,431,:
430:156,425,428,429,431,:
431:161,381,410,421,422,423,424,425,428,429,430,:
