1:2,3,4,5,6,7,8,10,12,13,14,15,16,17,18,19,20,42,44,113,229,230,231,:
2:1,3,4,5,6,7,12,13,14,15,16,17,18,19,44,112,113,114,:
3:1,2,4,5,6,10,12,13,14,15,16,17,18,19,23,112,113,114,230,:
4:1,2,3,5,6,7,9,10,11,12,13,14,15,16,17,18,19,23,24,112,113,114,:
5:1,2,3,4,6,7,8,9,10,11,12,13,14,15,16,17,18,19,20,21,22,23,24,39,:
6:1,2,3,4,5,7,8,9,10,11,12,13,14,15,16,17,18,19,20,21,22,23,39,40,42,44,113,228,229,230,231,:
7:1,2,4,5,6,8,9,10,12,13,20,21,22,39,40,41,42,228,229,232,:
8:1,5,6,7,9,10,11,20,21,22,39,40,41,203,211,226,227,:
9:4,5,6,7,8,10,11,19,20,21,22,23,24,39,45,46,49,203,210,211,218,219,220,223,:
10:1,3,4,5,6,7,8,9,11,17,18,19,20,21,22,23,24,39,49,225,:
11:4,5,6,8,9,10,18,19,22,23,24,45,48,49,53,61,:
12:1,2,3,4,5,6,7,13,14,15,16,17,20,228,229,230,231,232,234,:
13:1,2,3,4,5,6,7,12,14,15,17,20,42,43,44,113,:
14:1,2,3,4,5,6,12,13,15,16,17,18,19,42,44,111,112,113,114,:
15:1,2,3,4,5,6,12,13,14,16,17,18,112,113,114,:
16:1,2,3,4,5,6,12,14,15,17,18,19,112,113,114,:
17:1,2,3,4,5,6,10,12,13,14,15,16,18,19,229,230,231,:
18:1,2,3,4,5,6,10,11,14,15,16,17,19,23,24,111,112,113,114,:
19:1,2,3,4,5,6,9,10,11,14,16,17,18,23,24,:
20:1,5,6,7,8,9,10,12,13,21,40,41,42,43,228,232,233,234,:
21:5,6,7,8,9,10,20,22,41,202,203,204,205,210,211,220,227,:
22:5,6,7,8,9,10,11,21,23,24,45,46,48,49,202,203,207,209,210,211,218,219,220,223,:
23:3,4,5,6,9,10,11,18,19,22,24,48,49,53,61,:
24:4,5,9,10,11,18,19,22,23,45,46,47,48,49,53,54,55,61,219,223,:
25:26,27,28,29,30,31,33,34,35,116,200,:
26:25,27,28,29,30,31,34,190,192,199,200,206,:
27:25,26,28,29,30,31,32,33,34,35,36,109,200,:
28:25,26,27,29,30,31,34,35,36,37,38,39,41,45,46,109,199,200,:
29:25,26,27,28,30,34,35,36,37,45,46,51,192,193,199,200,201,203,204,:
30:25,26,27,28,29,31,32,33,34,35,198,:
31:25,26,27,28,30,32,33,:
32:27,30,31,33,198,:
33:25,27,30,31,32,:
34:25,26,27,28,29,30,35,36,37,38,39,40,41,45,46,106,108,109,200,:
35:25,27,28,29,30,34,36,37,38,39,40,41,42,44,105,106,107,108,109,110,116,127,:
36:27,28,29,34,35,37,38,39,40,41,42,44,45,46,47,106,109,200,203,:
37:28,29,34,35,36,38,39,40,45,46,47,48,49,50,51,106,203,:
38:28,34,35,36,37,39,45,46,47,48,50,51,90,99,100,103,105,106,109,:
39:5,6,7,8,9,10,28,34,35,36,37,38,40,41,42,43,44,45,46,106,109,113,:
40:6,7,8,20,34,35,36,37,39,41,42,43,44,113,127,:
41:7,8,20,21,28,34,35,36,39,40,42,43,44,204,205,206,:
42:1,6,7,13,14,20,35,36,39,40,41,43,44,110,113,126,127,128,:
43:13,20,39,40,41,42,44,113,118,126,127,128,:
44:1,2,6,13,14,35,36,39,40,41,42,43,110,111,112,113,126,127,128,:
45:9,11,22,24,28,29,34,36,37,38,39,46,47,48,49,50,51,52,53,54,203,:
46:9,22,24,28,29,34,36,37,38,39,45,47,48,49,50,51,52,200,202,203,207,209,:
47:24,36,37,38,45,46,48,49,50,51,52,53,54,55,90,:
48:11,22,23,24,37,38,45,46,47,49,50,51,52,53,54,55,56,57,58,61,90,:
49:9,10,11,22,23,24,37,45,46,47,48,50,52,53,54,55,56,57,203,218,219,:
50:37,38,45,46,47,48,49,51,52,53,54,:
51:29,37,38,45,46,47,48,50,52,:
52:45,46,47,48,49,50,51,53,197,203,214,:
53:11,23,24,45,47,48,49,50,52,54,55,56,57,58,59,60,61,62,63,87,90,:
54:24,45,47,48,49,50,53,55,56,57,58,59,60,61,86,87,89,90,:
55:24,47,48,49,53,54,56,57,58,59,60,61,62,63,64,66,87,:
56:48,49,53,54,55,57,58,59,60,61,62,63,64,65,66,67,83,84,85,:
57:48,49,53,54,55,56,58,59,60,62,63,64,65,66,69,76,79,83,84,85,:
58:48,53,54,55,56,57,59,60,61,62,63,66,87,:
59:53,54,55,56,57,58,60,61,62,63,65,66,86,87,88,90,91,:
60:53,54,55,56,57,58,59,61,62,63,64,65,66,69,86,87,:
61:11,23,24,48,53,54,55,56,58,59,60,87,90,91,93,:
62:53,55,56,57,58,59,60,63,64,65,66,67,68,69,70,84,:
63:53,55,56,57,58,59,60,62,64,65,66,67,68,:
64:55,56,57,60,62,63,65,66,67,68,69,70,71,83,84,85,:
65:56,57,59,60,62,63,64,66,67,69,70,71,72,73,74,76,83,84,:
66:55,56,57,58,59,60,62,63,64,65,67,69,70,71,72,84,87,:
67:56,62,63,64,65,66,68,69,70,:
68:62,63,64,67,:
69:57,60,62,64,65,66,67,70,71,72,73,74,75,76,77,79,83,84,:
70:62,64,65,66,67,69,71,72,73,74,75,76,77,78,79,80,83,84,85,:
71:64,65,66,69,70,72,73,74,75,76,77,:
72:65,66,69,70,71,73,74,75,:
73:65,69,70,71,72,74,:
74:65,69,70,71,72,73,75,76,77,78,79,:
75:69,70,71,72,74,76,77,78,79,84,:
76:57,65,69,70,71,74,75,77,78,79,80,81,83,84,85,:
77:69,70,71,74,75,76,78,79,80,81,82,83,84,85,:
78:70,74,75,76,77,79,80,81,82,83,84,:
79:57,69,70,74,75,76,77,78,80,81,82,83,84,85,:
80:70,76,77,78,79,81,82,83,84,85,:
81:76,77,78,79,80,82,83,85,:
82:77,78,79,80,81,83,84,85,:
83:56,57,64,65,69,70,76,77,78,79,80,81,82,84,85,:
84:56,57,62,64,65,66,69,70,75,76,77,78,79,80,82,83,85,:
85:56,57,64,70,76,77,79,80,81,82,83,84,:
86:54,59,60,87,88,89,90,91,92,97,98,:
87:53,54,55,58,59,60,61,66,86,88,89,90,91,:
88:59,86,87,89,90,91,92,93,94,97,98,99,:
89:54,86,87,88,90,91,92,93,94,97,98,99,100,102,104,:
90:38,47,48,53,54,59,61,86,87,88,89,91,92,97,98,99,100,102,104,:
91:59,61,86,87,88,89,90,92,93,94,95,96,97,98,156,:
92:86,88,89,90,91,93,94,95,96,97,98,:
93:61,88,89,91,92,94,95,96,:
94:88,89,91,92,93,95,96,97,98,186,189,:
95:91,92,93,94,96,111,112,114,169,170,173,189,:
96:91,92,93,94,95,111,169,173,186,187,189,:
97:86,88,89,90,91,92,94,98,99,100,101,102,103,104,105,106,:
98:86,88,89,90,91,92,94,97,99,100,101,102,104,105,:
99:38,88,89,90,97,98,100,101,102,103,104,105,106,107,:
100:38,89,90,97,98,99,101,102,103,104,105,106,107,108,109,110,111,:
101:97,98,99,100,102,103,105,106,107,108,183,184,186,:
102:89,90,97,98,99,100,101,103,104,105,106,:
103:38,97,99,100,101,102,104,105,106,:
104:89,90,97,98,99,100,102,103,:
105:35,38,97,98,99,100,101,102,103,106,107,108,109,110,111,:
106:34,35,36,37,38,39,97,99,100,101,102,103,105,107,108,109,110,111,:
107:35,99,100,101,105,106,108,109,110,111,112,127,:
108:34,35,100,101,105,106,107,109,110,111,115,116,127,:
109:27,28,34,35,36,38,39,100,105,106,107,108,110,115,116,127,:
110:35,42,44,100,105,106,107,108,109,111,112,113,114,127,128,:
111:14,18,44,95,96,100,105,106,107,108,110,112,113,114,173,176,187,188,189,:
112:2,3,4,14,15,16,18,44,95,107,110,111,113,114,173,:
113:1,2,3,4,6,13,14,15,16,18,39,40,42,43,44,110,111,112,114,128,:
114:2,3,4,14,15,16,18,95,110,111,112,113,170,171,172,173,189,:
115:108,109,116,117,118,119,120,121,122,123,126,127,132,:
116:25,35,108,109,115,117,118,120,121,122,126,127,:
117:115,116,118,119,120,121,122,123,125,126,127,128,132,:
118:43,115,116,117,119,120,121,126,127,128,129,131,132,:
119:115,117,118,120,126,127,128,129,130,131,132,136,137,146,:
120:115,116,117,118,119,121,122,123,124,125,126,127,141,145,146,147,:
121:115,116,117,118,120,122,123,124,125,:
122:115,116,117,120,121,123,124,125,:
123:115,117,120,121,122,124,125,142,143,144,:
124:120,121,122,123,125,144,:
125:117,120,121,122,123,124,141,142,143,144,:
126:42,43,44,115,116,117,118,119,120,127,128,129,130,131,132,:
127:35,40,42,43,44,107,108,109,110,115,116,117,118,119,120,126,128,129,131,132,:
128:42,43,44,110,113,117,118,119,126,127,129,130,131,132,133,:
129:118,119,126,127,128,130,131,132,133,134,136,137,177,:
130:119,126,128,129,131,132,133,136,177,:
131:118,119,126,127,128,129,130,132,133,134,135,136,137,175,176,177,:
132:115,117,118,119,126,127,128,129,130,131,133,134,135,136,137,177,:
133:128,129,130,131,132,134,135,136,137,138,175,176,177,:
134:129,131,132,133,135,136,137,175,176,177,:
135:131,132,133,134,136,137,176,177,:
136:119,129,130,131,132,133,134,135,137,138,139,:
137:119,129,131,132,133,134,135,136,138,139,140,141,145,146,:
138:133,136,137,139,140,141,142,143,145,146,147,:
139:136,137,138,140,141,142,143,144,145,146,147,:
140:137,138,139,141,142,143,144,145,146,:
141:120,125,137,138,139,140,142,143,144,145,146,147,:
142:123,125,138,139,140,141,143,144,145,146,147,:
143:123,125,138,139,140,141,142,144,145,147,:
144:123,124,125,139,140,141,142,143,145,146,147,:
145:120,137,138,139,140,141,142,143,144,146,147,:
146:119,120,137,138,139,140,141,142,144,145,147,:
147:120,138,139,141,142,143,144,145,146,:
148:149,150,151,152,153,154,155,156,157,158,:
149:148,150,151,152,153,154,155,156,157,:
150:148,149,151,152,153,154,155,156,157,158,159,165,:
151:148,149,150,152,153,154,155,156,157,158,159,160,162,164,165,:
152:148,149,150,151,153,154,157,158,159,160,162,164,165,:
153:148,149,150,151,152,154,155,156,157,158,164,165,:
154:148,149,150,151,152,153,155,156,157,158,159,164,165,166,167,168,:
155:148,149,150,151,153,154,156,157,158,164,165,166,167,168,169,:
156:91,148,149,150,151,153,154,155,:
157:148,149,150,151,152,153,154,155,158,159,160,161,162,164,165,:
158:148,150,151,152,153,154,155,157,159,160,161,162,164,165,170,:
159:150,151,152,154,157,158,160,161,162,163,164,165,166,:
160:151,152,157,158,159,161,162,163,164,165,166,167,169,170,:
161:157,158,159,160,162,163,164,165,166,169,170,171,:
162:151,152,157,158,159,160,161,163,164,165,:
163:159,160,161,162,:
164:151,152,153,154,155,157,158,159,160,161,162,165,166,167,168,169,170,171,:
165:150,151,152,153,154,155,157,158,159,160,161,162,164,166,167,168,169,170,:
166:154,155,159,160,161,164,165,167,168,169,170,171,:
167:154,155,160,164,165,166,168,169,170,:
168:154,155,164,165,166,167,169,:
169:95,96,155,160,161,164,165,166,167,168,170,171,172,173,189,:
170:95,114,158,160,161,164,165,166,167,169,171,172,173,174,189,:
171:114,161,164,166,169,170,172,173,174,175,178,179,180,189,:
172:114,169,170,171,173,174,175,176,177,178,179,180,187,188,189,:
173:95,96,111,112,114,169,170,171,172,174,175,176,177,178,179,187,188,189,:
174:170,171,172,173,175,176,177,178,179,180,188,189,:
175:131,133,134,171,172,173,174,176,177,178,179,180,187,188,189,:
176:111,131,133,134,135,172,173,174,175,177,178,180,187,188,189,:
177:129,130,131,132,133,134,135,172,173,174,175,176,178,179,180,188,:
178:171,172,173,174,175,176,177,179,180,:
179:171,172,173,174,175,177,178,180,:
180:171,172,174,175,176,177,178,179,:
181:182,183,184,185,186,187,188,:
182:181,183,184,185,186,187,188,189,:
183:101,181,182,184,185,186,187,188,189,:
184:101,181,182,183,185,186,187,:
185:181,182,183,184,186,:
186:94,96,101,181,182,183,184,185,187,188,189,:
187:96,111,172,173,175,176,181,182,183,184,186,188,189,:
188:111,172,173,174,175,176,177,181,182,183,186,187,189,:
189:94,95,96,111,114,169,170,171,172,173,174,175,176,182,183,186,187,188,:
190:26,191,192,193,194,195,196,197,198,199,200,:
191:190,192,193,194,195,196,198,:
192:26,29,190,191,193,194,195,196,197,198,199,200,201,:
193:29,190,191,192,194,195,196,197,199,200,201,202,204,206,208,:
194:190,191,192,193,195,197,199,200,201,202,204,206,208,253,260,261,263,264,:
195:190,191,192,193,194,196,197,198,199,200,:
196:190,191,192,193,195,197,198,:
197:52,190,192,193,194,195,196,198,199,200,216,:
198:30,32,190,191,192,195,196,197,:
199:26,28,29,190,192,193,194,195,197,200,201,202,203,204,205,206,207,208,:
200:25,26,27,28,29,34,36,46,190,192,193,194,195,197,199,201,202,203,204,206,207,:
201:29,192,193,194,199,200,202,203,204,205,206,207,208,209,253,:
202:21,22,46,193,194,199,200,201,203,204,205,206,207,208,209,210,211,212,213,217,253,:
203:8,9,21,22,29,36,37,45,46,49,52,199,200,201,202,204,205,207,208,209,210,211,:
204:21,29,41,193,194,199,200,201,202,203,205,206,207,208,:
205:21,41,199,201,202,203,204,206,207,208,211,266,267,273,:
206:26,41,193,194,199,200,201,202,204,205,264,266,268,269,:
207:22,46,199,200,201,202,203,204,205,208,209,210,211,212,213,214,215,216,217,218,219,253,:
208:193,194,199,201,202,203,204,205,207,209,210,211,212,213,215,216,217,249,251,252,253,:
209:22,46,201,202,203,207,208,210,211,212,213,214,215,217,218,219,220,236,245,253,:
210:9,21,22,202,203,207,208,209,211,212,213,218,219,220,221,222,223,235,236,244,245,:
211:8,9,21,22,202,203,205,207,208,209,210,212,218,219,220,221,222,227,235,236,244,245,246,250,:
212:202,207,208,209,210,211,213,214,215,216,217,218,219,236,242,245,250,253,:
213:202,207,208,209,210,212,214,215,216,217,253,:
214:52,207,209,212,213,215,216,217,:
215:207,208,209,212,213,214,216,217,252,253,254,:
216:197,207,208,212,213,214,215,217,253,:
217:202,207,208,209,212,213,214,215,216,251,252,253,254,257,258,260,:
218:9,22,49,207,209,210,211,212,219,220,221,222,223,224,227,235,236,245,:
219:9,22,24,49,207,209,210,211,212,218,220,221,223,235,236,:
220:9,21,22,209,210,211,218,219,221,222,223,224,225,226,227,235,236,237,245,:
221:210,211,218,219,220,222,223,224,225,226,227,235,236,237,238,240,244,245,:
222:210,211,218,220,221,223,224,225,226,227,228,232,233,235,236,237,238,244,245,:
223:9,22,24,210,218,219,220,221,222,224,225,226,227,235,236,:
224:218,220,221,222,223,225,226,227,228,230,:
225:10,220,221,222,223,224,226,227,228,229,230,231,232,:
226:8,220,221,222,223,224,225,227,228,229,230,231,232,233,234,:
227:8,21,211,218,220,221,222,223,224,225,226,228,229,230,232,233,234,235,:
228:6,7,12,20,222,224,225,226,227,229,230,231,232,233,234,:
229:1,6,7,12,17,225,226,227,228,230,231,232,233,234,:
230:1,3,6,12,17,224,225,226,227,228,229,231,232,234,:
231:1,6,12,17,225,226,228,229,230,232,233,234,:
232:7,12,20,222,225,226,227,228,229,230,231,233,234,:
233:20,222,226,227,228,229,231,232,234,:
234:12,20,226,227,228,229,230,231,232,233,:
235:210,211,218,219,220,221,222,223,227,236,237,238,239,240,241,242,244,245,250,:
236:209,210,211,212,218,219,220,221,222,223,235,237,238,240,241,242,243,244,245,250,:
237:220,221,222,235,236,238,239,240,241,242,243,244,245,246,250,:
238:221,222,235,236,237,239,240,241,242,244,245,246,247,249,250,256,:
239:235,237,238,240,241,242,244,245,246,247,249,250,256,:
240:221,235,236,237,238,239,241,242,243,244,245,250,256,:
241:235,236,237,238,239,240,242,243,244,245,250,255,256,:
242:212,235,236,237,238,239,240,241,243,244,245,247,249,250,251,254,255,256,:
243:236,237,240,241,242,250,255,256,:
244:210,211,221,222,235,236,237,238,239,240,241,242,245,246,247,248,249,250,256,:
245:209,210,211,212,218,220,221,222,235,236,237,238,239,240,241,242,244,246,247,249,250,:
246:211,237,238,239,244,245,247,248,249,250,251,:
247:238,239,242,244,245,246,248,249,250,251,252,253,254,256,258,:
248:244,246,247,249,250,251,252,253,258,259,264,267,:
249:208,238,239,242,244,245,246,247,248,250,251,252,253,254,255,256,257,258,259,:
250:211,212,235,236,237,238,239,240,241,242,243,244,245,246,247,248,249,251,252,253,254,255,256,:
251:208,217,242,246,247,248,249,250,252,253,254,255,256,257,258,259,260,:
252:208,215,217,247,248,249,250,251,253,254,255,257,258,259,260,261,263,264,:
253:194,201,202,207,208,209,212,213,215,216,217,247,248,249,250,251,252,254,257,258,259,260,261,263,264,:
254:215,217,242,247,249,250,251,252,253,255,256,257,258,259,:
255:241,242,243,249,250,251,252,254,256,257,:
256:238,239,240,241,242,243,244,247,249,250,251,254,255,257,:
257:217,249,251,252,253,254,255,256,258,259,:
258:217,247,248,249,251,252,253,254,257,259,260,261,262,263,264,:
259:248,249,251,252,253,254,257,258,260,261,262,263,264,:
260:194,217,251,252,253,258,259,261,262,263,264,265,:
261:194,252,253,258,259,260,262,263,264,:
262:258,259,260,261,263,:
263:194,252,253,258,259,260,261,262,264,265,266,:
264:194,206,248,252,253,258,259,260,261,263,265,266,267,268,270,:
265:260,263,264,266,267,268,269,270,271,272,273,:
266:205,206,263,264,265,267,268,269,270,271,272,273,274,:
267:205,248,264,265,266,268,269,270,272,273,274,:
268:206,264,265,266,267,269,270,271,272,273,274,:
269:206,265,266,267,268,270,271,272,273,274,:
270:264,265,266,267,268,269,271,272,274,:
271:265,266,268,269,270,272,273,274,:
272:265,266,267,268,269,270,271,273,274,:
273:205,265,266,267,268,269,271,272,274,:
274:266,267,268,269,270,271,272,273,:
