1:2,3,4,5,7,8,291,292,293,294,304,305,307,313,314,315,318,393,396,397,398,399,:
2:1,3,4,5,6,7,8,9,23,24,25,26,290,291,292,304,305,309,313,314,393,397,398,404,410,:
3:1,2,4,5,6,7,8,23,25,26,305,309,313,314,388,389,398,403,404,405,408,409,410,411,:
4:1,2,3,5,6,7,8,9,10,11,12,23,24,25,26,27,28,289,290,291,292,294,295,304,305,306,309,310,314,410,:
5:1,2,3,4,6,7,8,9,10,11,12,13,17,23,24,25,26,27,28,29,31,289,290,305,310,312,409,410,:
6:2,3,4,5,7,8,9,10,11,12,13,23,24,25,26,27,28,29,31,289,290,410,:
7:1,2,3,4,5,6,8,9,11,12,23,24,25,26,404,410,412,413,416,417,:
8:1,2,3,4,5,6,7,12,23,24,25,26,42,43,290,291,393,397,398,404,410,:
9:2,4,5,6,7,10,11,12,13,14,17,18,23,24,27,28,29,31,289,290,295,302,305,310,312,478,:
10:4,5,6,9,11,12,13,23,24,27,28,29,279,280,282,289,290,291,294,295,301,302,303,305,477,478,479,:
11:4,5,6,7,9,10,12,13,14,15,16,17,18,23,24,26,27,28,29,31,290,:
12:4,5,6,7,8,9,10,11,13,14,17,23,24,25,26,27,28,29,31,170,290,410,417,:
13:5,6,9,10,11,12,14,15,16,17,18,19,21,23,24,27,29,30,31,170,:
14:9,11,12,13,15,16,17,18,19,20,21,22,27,29,30,31,32,170,473,:
15:11,13,14,16,17,18,19,20,21,22,29,30,31,32,33,34,470,471,472,:
16:11,13,14,15,17,18,20,21,22,30,31,34,469,470,471,526,:
17:5,9,11,12,13,14,15,16,18,21,23,27,29,30,31,409,526,:
18:9,11,13,14,15,16,17,19,20,21,27,29,32,171,473,474,475,476,:
19:13,14,15,18,20,21,22,29,32,33,473,474,475,476,:
20:14,15,16,18,19,21,22,32,33,34,231,232,472,475,514,:
21:13,14,15,16,17,18,19,20,22,30,32,33,34,231,470,471,472,:
22:14,15,16,19,20,21,30,33,34,231,468,469,470,471,512,513,514,:
23:2,3,4,5,6,7,8,9,10,11,12,13,17,24,25,26,27,28,29,31,305,309,310,312,404,408,409,410,:
24:2,4,5,6,7,8,9,10,11,12,13,23,25,26,27,28,29,43,282,289,290,291,433,:
25:2,3,4,5,6,7,8,12,23,24,26,40,42,43,412,413,415,416,417,433,:
26:2,3,4,5,6,7,8,11,12,23,24,25,31,389,403,404,405,406,409,410,412,413,414,415,416,417,:
27:4,5,6,9,10,11,12,13,14,17,18,23,24,28,29,31,290,302,303,310,312,473,478,:
28:4,5,6,9,10,11,12,23,24,27,29,279,280,282,289,290,291,292,294,295,301,302,303,304,305,310,477,478,479,:
29:5,6,9,10,11,12,13,14,15,17,18,19,23,24,27,28,31,171,282,290,:
30:13,14,15,16,17,21,22,31,34,469,470,523,524,525,526,:
31:5,6,9,11,12,13,14,15,16,17,23,26,27,29,30,312,407,408,409,410,417,526,:
32:14,15,18,19,20,21,252,253,254,474,475,476,480,481,:
33:15,19,20,21,22,34,231,470,506,512,513,514,:
34:15,16,20,21,22,30,33,468,469,470,506,513,518,519,525,:
35:36,37,38,39,40,41,42,44,45,427,430,:
36:35,37,38,39,40,41,44,426,427,428,429,430,431,:
37:35,36,38,39,40,41,42,43,44,45,46,427,:
38:35,36,37,39,40,41,42,44,45,46,47,48,49,50,426,427,:
39:35,36,37,38,40,42,44,45,46,47,49,62,420,421,423,424,426,427,428,430,:
40:25,35,36,37,38,39,41,42,43,44,45,426,427,:
41:35,36,37,38,40,42,43,394,395,396,400,401,:
42:8,25,35,37,38,39,40,41,43,44,45,47,48,391,392,393,394,395,416,427,:
43:8,24,25,37,40,41,42,285,287,291,394,396,397,400,:
44:35,36,37,38,39,40,42,45,46,47,48,49,50,61,62,83,427,:
45:35,37,38,39,40,42,44,46,47,48,49,50,82,83,:
46:37,38,39,44,45,47,48,49,50,51,61,62,63,83,424,:
47:38,39,42,44,45,46,48,49,50,61,62,63,64,65,66,71,77,82,83,391,416,424,:
48:38,42,44,45,46,47,49,61,62,63,64,65,71,72,76,77,78,81,82,83,84,391,392,:
49:38,39,44,45,46,47,48,50,51,52,61,62,83,84,:
50:38,44,45,46,47,49,51,52,53,54,55,56,:
51:46,49,50,52,53,54,55,56,57,58,59,:
52:49,50,51,53,54,55,56,57,58,59,60,:
53:50,51,52,54,55,56,58,59,60,:
54:50,51,52,53,55,56,57,58,59,60,:
55:50,51,52,53,54,56,57,58,59,60,:
56:50,51,52,53,54,55,57,58,60,:
57:51,52,54,55,56,58,59,60,:
58:51,52,53,54,55,56,57,59,60,:
59:51,52,53,54,55,57,58,60,:
60:52,53,54,55,56,57,58,59,:
61:44,46,47,48,49,62,63,64,65,66,67,71,72,77,83,415,416,418,420,423,424,425,:
62:39,44,46,47,48,49,61,63,64,65,66,415,416,418,419,420,423,424,425,:
63:46,47,48,61,62,64,65,66,67,68,71,72,73,77,390,391,413,415,416,424,:
64:47,48,61,62,63,65,66,67,71,72,73,74,76,77,83,390,:
65:47,48,61,62,63,64,66,67,71,72,73,74,76,77,83,:
66:47,61,62,63,64,65,67,68,69,70,71,72,412,413,414,415,416,418,419,424,:
67:61,63,64,65,66,68,69,70,71,72,390,412,413,:
68:63,66,67,69,70,544,:
69:66,67,68,70,541,542,543,544,:
70:66,67,68,69,176,183,414,419,:
71:47,48,61,63,64,65,66,67,72,73,74,75,76,77,83,386,387,388,389,390,391,:
72:48,61,63,64,65,66,67,71,73,74,76,77,386,387,388,389,390,391,403,413,:
73:63,64,65,71,72,74,75,76,77,78,387,390,:
74:64,65,71,72,73,75,76,77,78,79,80,81,83,84,374,381,387,:
75:71,73,74,76,77,78,79,80,374,375,376,379,380,381,382,:
76:48,64,65,71,72,73,74,75,77,78,79,80,81,82,83,84,85,86,381,387,:
77:47,48,61,63,64,65,71,72,73,74,75,76,78,79,80,81,82,83,84,387,391,392,:
78:48,73,74,75,76,77,79,80,81,82,83,84,85,86,87,381,387,:
79:74,75,76,77,78,80,81,82,83,84,85,86,87,88,89,90,376,381,387,:
80:74,75,76,77,78,79,81,82,83,85,86,87,88,94,95,371,372,374,376,381,386,387,388,391,392,:
81:48,74,76,77,78,79,80,82,83,84,85,86,:
82:45,47,48,76,77,78,79,80,81,83,84,85,86,392,395,:
83:44,45,46,47,48,49,61,64,65,71,74,76,77,78,79,80,81,82,84,387,391,392,:
84:48,49,74,76,77,78,79,81,82,83,:
85:76,78,79,80,81,82,86,87,88,89,90,91,92,94,95,381,:
86:76,78,79,80,81,82,85,87,88,89,90,91,381,:
87:78,79,80,85,86,88,89,90,91,92,93,94,95,96,:
88:79,80,85,86,87,89,90,91,92,94,95,96,97,98,:
89:79,85,86,87,88,90,92,94,95,96,97,:
90:79,85,86,87,88,89,91,92,93,94,95,:
91:85,86,87,88,90,92,93,376,377,378,:
92:85,87,88,89,90,91,93,94,95,:
93:87,90,91,92,:
94:80,85,87,88,89,90,92,95,96,97,98,99,100,319,:
95:80,85,87,88,89,90,92,94,96,97,98,319,368,:
96:87,88,89,94,95,97,98,99,100,101,113,319,394,395,396,400,401,:
97:88,89,94,95,96,98,99,100,101,102,104,105,112,113,:
98:88,94,95,96,97,99,100,101,102,104,105,113,327,:
99:94,96,97,98,100,101,102,103,104,105,106,112,113,:
100:94,96,97,98,99,101,102,103,104,105,112,113,400,401,402,:
101:96,97,98,99,100,102,103,104,105,106,112,113,114,:
102:97,98,99,100,101,103,104,105,112,113,114,115,117,118,:
103:99,100,101,102,104,112,113,114,117,118,:
104:97,98,99,100,101,102,103,105,106,107,112,113,:
105:97,98,99,100,101,102,104,106,107,108,110,:
106:99,101,104,105,107,108,109,110,111,:
107:104,105,106,108,109,110,111,:
108:105,106,107,109,110,111,:
109:106,107,108,110,111,:
110:105,106,107,108,109,111,:
111:106,107,108,109,110,:
112:97,99,100,101,102,103,104,113,114,115,116,117,118,125,126,402,:
113:96,97,98,99,100,101,102,103,104,112,114,115,116,117,118,125,399,400,401,402,:
114:101,102,103,112,113,115,116,117,118,119,125,126,127,402,:
115:102,112,113,114,116,117,118,125,126,127,128,129,130,399,402,:
116:112,113,114,115,117,118,125,126,127,128,130,143,293,396,397,399,400,401,402,:
117:102,103,112,113,114,115,116,118,119,120,125,126,129,:
118:102,103,112,113,114,115,116,117,119,120,121,146,147,:
119:114,117,118,120,121,122,123,124,145,146,147,:
120:117,118,119,121,122,123,124,:
121:118,119,120,122,123,124,:
122:119,120,121,123,124,146,:
123:119,120,121,122,124,:
124:119,120,121,122,123,:
125:112,113,114,115,116,117,126,127,128,129,130,131,134,135,328,:
126:112,114,115,116,117,125,127,128,129,130,131,328,:
127:114,115,116,125,126,128,129,130,131,134,135,136,141,281,293,:
128:115,116,125,126,127,129,130,131,134,135,136,137,139,140,141,281,:
129:115,117,125,126,127,128,130,131,134,135,136,139,140,141,142,:
130:115,116,125,126,127,128,129,131,132,133,134,135,281,292,293,328,:
131:125,126,127,128,129,130,132,133,134,135,328,:
132:130,131,133,:
133:130,131,132,135,268,269,270,:
134:125,127,128,129,130,131,135,136,137,138,139,140,141,278,281,:
135:125,127,128,129,130,131,133,134,136,137,138,139,140,141,277,278,280,281,:
136:127,128,129,134,135,137,138,139,140,141,142,278,281,:
137:128,134,135,136,138,139,140,278,:
138:134,135,136,137,139,265,266,268,277,278,281,:
139:128,129,134,135,136,137,138,140,141,142,143,144,278,281,286,287,288,:
140:128,129,134,135,136,137,139,141,142,143,144,145,287,:
141:127,128,129,134,135,136,139,140,142,143,144,145,146,147,287,:
142:129,136,139,140,141,143,144,145,146,:
143:116,139,140,141,142,144,145,146,147,402,:
144:139,140,141,142,143,145,146,147,:
145:119,140,141,142,143,144,146,147,:
146:118,119,122,141,142,143,144,145,147,:
147:118,119,141,143,144,145,146,400,401,402,:
148:149,150,151,152,153,154,155,156,157,247,249,250,:
149:148,150,151,152,153,154,246,247,248,249,250,:
150:148,149,151,152,153,154,155,156,157,158,163,247,250,:
151:148,149,150,152,153,154,155,156,157,158,159,161,162,163,247,250,:
152:148,149,150,151,153,154,156,157,158,159,161,162,163,165,235,236,238,239,246,247,250,:
153:148,149,150,151,152,154,155,156,157,250,:
154:148,149,150,151,152,153,155,156,157,247,432,:
155:148,150,151,153,154,156,157,432,:
156:148,150,151,152,153,154,155,157,158,159,160,161,162,163,164,165,:
157:148,150,151,152,153,154,155,156,158,159,160,161,162,163,:
158:150,151,152,156,157,159,160,161,162,163,164,165,166,228,:
159:151,152,156,157,158,160,161,162,164,165,166,167,169,171,228,:
160:156,157,158,159,161,164,165,166,167,172,173,178,422,428,429,432,:
161:151,152,156,157,158,159,160,162,163,164,165,222,:
162:151,152,156,157,158,159,161,163,222,241,:
163:150,151,152,156,157,158,161,162,222,241,:
164:156,158,159,160,161,165,166,167,168,169,170,171,172,173,225,227,228,:
165:152,156,158,159,160,161,164,166,167,168,169,171,224,225,226,227,228,233,:
166:158,159,160,164,165,167,168,169,170,171,172,173,174,225,228,422,:
167:159,160,164,165,166,168,169,170,171,172,173,174,175,177,178,180,182,225,422,:
168:164,165,166,167,169,170,172,173,174,175,182,216,217,220,224,225,228,:
169:159,164,165,166,167,168,170,171,172,173,225,228,:
170:12,13,14,164,166,167,168,169,171,172,173,417,:
171:18,29,159,164,165,166,167,169,170,228,253,:
172:160,164,166,167,168,169,170,173,174,175,176,177,178,180,181,182,419,422,:
173:160,164,166,167,168,169,170,172,174,175,176,177,178,181,417,418,419,420,421,422,:
174:166,167,168,172,173,175,176,177,178,179,180,181,182,183,419,422,:
175:167,168,172,173,174,176,177,178,181,182,183,184,185,186,187,189,419,:
176:70,172,173,174,175,177,181,182,183,184,186,414,415,417,418,419,420,422,423,:
177:167,172,173,174,175,176,178,179,180,181,182,419,422,:
178:160,167,172,173,174,175,177,179,180,:
179:174,177,178,180,:
180:167,172,174,177,178,179,220,:
181:172,173,174,175,176,177,182,183,184,185,186,187,188,189,:
182:167,168,172,174,175,176,177,181,183,184,185,186,187,188,189,205,:
183:70,174,175,176,181,182,184,185,186,187,188,189,:
184:175,176,181,182,183,185,186,187,189,191,:
185:175,181,182,183,184,186,187,190,191,194,:
186:175,176,181,182,183,184,185,187,188,189,544,:
187:175,181,182,183,184,185,186,188,189,195,523,525,:
188:181,182,183,186,187,189,195,196,197,523,525,:
189:175,181,182,183,184,186,187,188,407,526,541,542,544,:
190:185,191,192,193,194,195,196,201,202,:
191:184,185,190,192,193,194,195,201,:
192:190,191,193,194,195,196,197,198,200,201,202,203,205,:
193:190,191,192,194,195,196,198,200,201,202,203,204,205,206,:
194:185,190,191,192,193,195,201,202,203,204,205,:
195:187,188,190,191,192,193,194,196,197,198,199,200,201,202,205,:
196:188,190,192,193,195,197,198,199,200,201,202,520,:
197:188,192,195,196,198,199,200,520,521,522,523,:
198:192,193,195,196,197,199,200,201,202,505,:
199:195,196,197,198,200,202,505,:
200:192,193,195,196,197,198,199,201,202,203,205,:
201:190,191,192,193,194,195,196,198,200,202,203,204,205,206,207,214,215,:
202:190,192,193,194,195,196,198,199,200,201,203,204,205,206,:
203:192,193,194,200,201,202,204,205,206,207,208,214,215,216,:
204:193,194,201,202,203,205,206,207,214,215,216,217,219,:
205:182,192,193,194,195,200,201,202,203,204,206,214,215,216,217,219,225,:
206:193,201,202,203,204,205,207,208,209,214,215,:
207:201,203,204,206,208,209,210,214,215,218,:
208:203,206,207,209,210,211,212,213,215,:
209:206,207,208,210,211,212,213,:
210:207,208,209,211,212,213,:
211:208,209,210,212,213,:
212:208,209,210,211,213,:
213:208,209,210,211,212,:
214:201,203,204,205,206,207,215,216,217,218,219,220,224,225,:
215:201,203,204,205,206,207,208,214,216,217,218,219,220,:
216:168,203,204,205,214,215,217,218,219,220,221,224,225,226,:
217:168,204,205,214,215,216,218,219,220,224,225,226,227,228,229,230,:
218:207,214,215,216,217,219,220,224,225,226,227,234,:
219:204,205,214,215,216,217,218,220,221,222,223,224,225,:
220:168,180,214,215,216,217,218,219,221,222,223,224,225,243,:
221:216,219,220,222,223,242,243,245,:
222:161,162,163,219,220,221,223,239,241,242,243,244,245,:
223:219,220,221,222,243,245,:
224:165,168,214,216,217,218,219,220,225,226,227,228,229,230,231,232,233,234,:
225:164,165,166,167,168,169,205,214,216,217,218,219,220,224,226,227,228,229,230,231,:
226:165,216,217,218,224,225,227,228,229,230,231,232,233,234,235,:
227:164,165,217,218,224,225,226,228,229,230,232,233,234,235,236,237,238,239,:
228:158,159,164,165,166,168,169,171,217,224,225,226,227,229,232,233,234,235,236,238,239,:
229:217,224,225,226,227,228,230,231,232,233,234,:
230:217,224,225,226,227,229,231,232,:
231:20,21,22,33,224,225,226,229,230,232,:
232:20,224,226,227,228,229,230,231,233,234,237,:
233:165,224,226,227,228,229,232,234,235,236,237,238,239,246,247,:
234:218,224,226,227,228,229,232,233,235,236,237,238,239,:
235:152,226,227,228,233,234,236,237,238,239,240,246,247,248,:
236:152,227,228,233,234,235,237,238,239,246,247,248,249,250,251,252,254,:
237:227,232,233,234,235,236,238,246,247,248,251,252,254,:
238:152,227,228,233,234,235,236,237,239,240,241,246,247,:
239:152,222,227,228,233,234,235,236,238,240,241,242,243,244,:
240:235,238,239,241,242,243,244,245,:
241:162,163,222,238,239,240,242,243,244,245,:
242:221,222,239,240,241,243,244,245,:
243:220,221,222,223,239,240,241,242,244,245,:
244:222,239,240,241,242,243,245,:
245:221,222,223,240,241,242,243,244,:
246:149,152,233,235,236,237,238,247,248,249,250,251,252,254,:
247:148,149,150,151,152,154,233,235,236,237,238,246,248,249,250,251,252,:
248:149,235,236,237,246,247,249,250,251,252,253,254,:
249:148,149,236,246,247,248,250,251,252,:
250:148,149,150,151,152,153,236,246,247,248,249,251,:
251:236,237,246,247,248,249,250,252,253,254,:
252:32,236,237,246,247,248,249,251,253,254,:
253:32,171,248,251,252,254,267,482,:
254:32,236,237,246,248,251,252,253,481,:
255:256,257,258,259,260,261,262,263,264,:
256:255,257,258,259,260,261,262,:
257:255,256,258,259,260,261,262,263,264,265,:
258:255,256,257,259,260,261,262,263,264,265,266,267,268,:
259:255,256,257,258,260,263,264,265,268,:
260:255,256,257,258,259,261,262,263,264,482,:
261:255,256,257,258,260,262,:
262:255,256,257,258,260,261,:
263:255,257,258,259,260,264,265,266,267,268,269,270,271,277,278,482,:
264:255,257,258,259,260,263,265,266,267,268,269,270,271,277,479,480,482,:
265:138,257,258,259,263,264,266,267,268,269,270,271,277,278,279,482,:
266:138,258,263,264,265,267,268,269,270,277,278,279,280,281,282,283,284,477,479,482,:
267:253,258,263,264,265,266,268,269,270,277,278,279,282,476,477,478,479,480,481,482,:
268:133,138,258,259,263,264,265,266,267,269,270,271,272,273,277,278,:
269:133,263,264,265,266,267,268,270,271,272,273,274,277,278,479,:
270:133,263,264,265,266,267,268,269,271,272,273,274,275,276,277,301,302,477,479,:
271:263,264,265,268,269,270,272,273,274,275,:
272:268,269,270,271,273,274,275,276,300,301,302,303,477,479,:
273:268,269,270,271,272,274,275,276,:
274:269,270,271,272,273,275,276,:
275:270,271,272,273,274,276,439,440,441,:
276:270,272,273,274,275,303,439,440,441,:
277:135,138,263,264,265,266,267,268,269,270,278,279,280,281,282,283,284,289,290,479,:
278:134,135,136,137,138,139,263,265,266,267,268,269,277,279,280,281,282,283,284,285,289,:
279:10,28,265,266,267,277,278,280,281,282,283,284,285,289,290,291,295,302,477,479,:
280:10,28,135,266,277,278,279,281,282,283,285,289,290,291,292,294,295,302,:
281:127,128,130,134,135,136,138,139,266,277,278,279,280,282,283,285,289,290,291,292,294,295,:
282:10,24,28,29,266,267,277,278,279,280,281,283,284,285,286,287,289,290,479,:
283:266,277,278,279,280,281,282,284,285,286,287,288,289,290,:
284:266,277,278,279,282,283,285,286,287,288,:
285:43,278,279,280,281,282,283,284,286,287,288,289,290,432,433,:
286:139,282,283,284,285,287,288,:
287:43,139,140,141,282,283,284,285,286,288,432,:
288:139,283,284,285,286,287,432,:
289:4,5,6,9,10,24,28,277,278,279,280,281,282,283,285,290,291,292,293,294,295,302,305,:
290:2,4,5,6,8,9,10,11,12,24,27,28,29,277,279,280,281,282,283,285,289,291,292,294,295,302,305,:
291:1,2,4,8,10,24,28,43,279,280,281,289,290,292,293,294,295,296,305,397,398,399,:
292:1,2,4,28,130,280,281,289,290,291,293,294,295,296,297,299,302,304,305,397,398,399,:
293:1,116,127,130,289,291,292,294,295,296,297,304,305,321,327,328,397,398,399,:
294:1,4,10,28,280,281,289,290,291,292,293,295,296,297,298,299,300,301,302,304,305,:
295:4,9,10,28,279,280,281,289,290,291,292,293,294,296,297,299,300,301,302,303,304,305,:
296:291,292,293,294,295,297,298,299,300,301,302,304,305,306,321,:
297:292,293,294,295,296,298,299,300,301,302,304,305,306,307,308,309,313,314,320,321,330,:
298:294,296,297,299,300,304,305,306,307,308,313,314,320,321,322,323,325,329,330,334,335,336,:
299:292,294,295,296,297,298,300,301,302,303,304,305,:
300:272,294,295,296,297,298,299,301,302,303,304,305,:
301:10,28,270,272,294,295,296,297,299,300,302,303,304,305,310,477,478,479,:
302:9,10,27,28,270,272,279,280,289,290,292,294,295,296,297,299,300,301,303,304,305,477,478,479,:
303:10,27,28,272,276,295,299,300,301,302,310,473,476,477,478,479,:
304:1,2,4,28,292,293,294,295,296,297,298,299,300,301,302,305,306,307,308,309,310,311,313,314,321,330,:
305:1,2,3,4,5,9,10,23,28,289,290,291,292,293,294,295,296,297,298,299,300,301,302,304,306,307,309,310,313,314,321,:
306:4,296,297,298,304,305,307,308,309,310,311,312,313,314,315,321,330,:
307:1,297,298,304,305,306,308,309,310,311,313,314,315,316,318,320,321,329,330,339,344,345,:
308:297,298,304,306,307,309,311,313,314,315,316,317,320,321,323,329,330,331,332,334,338,339,340,343,344,345,346,348,:
309:2,3,4,23,297,304,305,306,307,308,310,311,312,313,314,:
310:4,5,9,23,27,28,301,303,304,305,306,307,309,311,312,:
311:304,306,307,308,309,310,312,313,314,:
312:5,9,23,27,31,306,309,310,311,409,446,491,:
313:1,2,3,297,298,304,305,306,307,308,309,311,314,315,316,317,318,319,320,321,330,339,345,:
314:1,2,3,4,297,298,304,305,306,307,308,309,311,313,315,316,318,320,321,398,:
315:1,306,307,308,313,314,316,317,318,319,320,321,322,330,339,344,345,348,:
316:307,308,313,314,315,317,318,319,320,321,322,323,324,325,327,329,330,338,339,344,345,347,348,:
317:308,313,315,316,318,319,320,321,322,323,324,329,330,338,339,341,344,345,347,348,349,365,:
318:1,307,313,314,315,316,317,319,320,321,397,398,:
319:94,95,96,313,315,316,317,318,367,368,369,371,372,373,386,:
320:297,298,307,308,313,314,315,316,317,318,321,322,323,324,325,326,327,329,330,339,348,:
321:293,296,297,298,304,305,306,307,308,313,314,315,316,317,318,320,322,323,325,326,327,329,330,339,:
322:298,315,316,317,320,321,323,324,325,326,327,328,329,330,331,348,:
323:298,308,316,317,320,321,322,324,325,326,329,330,331,332,333,334,338,339,348,359,:
324:316,317,320,322,323,325,329,330,331,332,333,338,339,348,358,359,360,:
325:298,316,320,321,322,323,324,326,327,328,329,330,:
326:320,321,322,323,325,327,328,:
327:98,293,316,320,321,322,325,326,328,:
328:125,126,130,131,293,322,325,326,327,:
329:298,307,308,316,317,320,321,322,323,324,325,330,331,332,333,334,335,337,338,339,348,:
330:297,298,304,306,307,308,313,315,316,317,320,321,322,323,324,325,329,331,332,334,335,336,337,338,339,:
331:308,322,323,324,329,330,332,333,334,335,336,337,338,339,340,348,:
332:308,323,324,329,330,331,333,334,335,338,339,340,341,343,345,347,348,:
333:323,324,329,331,332,334,338,339,340,341,347,348,359,:
334:298,308,323,329,330,331,332,333,335,336,337,338,339,:
335:298,329,330,331,332,334,336,337,:
336:298,330,331,334,335,337,447,:
337:329,330,331,334,335,336,:
338:308,316,317,323,324,329,330,331,332,333,334,339,340,341,342,343,344,345,346,347,348,:
339:307,308,313,315,316,317,320,321,323,324,329,330,331,332,333,334,338,340,341,343,344,345,346,347,348,:
340:308,331,332,333,338,339,341,342,343,344,345,346,347,348,349,365,:
341:317,332,333,338,339,340,342,343,344,345,346,347,348,349,350,352,353,364,365,:
342:338,340,341,343,344,347,348,349,350,352,353,364,365,:
343:308,332,338,339,340,341,342,344,345,346,347,348,364,365,:
344:307,308,315,316,317,338,339,340,341,342,343,345,346,347,348,364,365,366,:
345:307,308,313,315,316,317,332,338,339,340,341,343,344,346,347,348,364,365,:
346:308,338,339,340,341,343,344,345,:
347:316,317,332,333,338,339,340,341,342,343,344,345,348,349,350,351,352,353,364,365,:
348:308,315,316,317,320,322,323,324,329,331,332,333,338,339,340,341,342,343,344,345,347,349,350,352,353,364,365,:
349:317,340,341,342,347,348,350,351,352,353,354,364,365,366,:
350:341,342,347,348,349,351,352,353,364,365,366,367,368,:
351:347,349,350,352,364,365,366,367,368,:
352:341,342,347,348,349,350,351,353,354,355,359,364,365,:
353:341,342,347,348,349,350,352,354,355,356,357,358,359,:
354:349,352,353,355,356,357,358,359,360,361,362,:
355:352,353,354,356,357,358,359,360,361,362,363,:
356:353,354,355,357,358,359,361,362,363,:
357:353,354,355,356,358,359,360,361,362,363,:
358:324,353,354,355,356,357,359,360,361,362,363,:
359:323,324,333,352,353,354,355,356,357,358,360,361,363,:
360:324,354,355,357,358,359,361,362,363,:
361:354,355,356,357,358,359,360,362,363,:
362:354,355,356,357,358,360,361,363,:
363:355,356,357,358,359,360,361,362,:
364:341,342,343,344,345,347,348,349,350,351,352,365,366,367,368,369,370,:
365:317,340,341,342,343,344,345,347,348,349,350,351,352,364,366,367,368,369,:
366:344,349,350,351,364,365,367,368,369,370,371,:
367:319,350,351,364,365,366,368,369,370,371,372,373,374,375,:
368:95,319,350,351,364,365,366,367,369,370,371,372,:
369:319,364,365,366,367,368,370,371,372,373,374,375,376,386,387,:
370:364,366,367,368,369,371,372,373,374,375,:
371:80,319,366,367,368,369,370,372,373,374,375,376,386,387,388,:
372:80,319,367,368,369,370,371,373,374,375,386,387,388,389,390,391,403,:
373:319,367,369,370,371,372,374,386,387,388,389,390,403,404,411,:
374:74,75,80,367,369,370,371,372,373,375,376,377,381,386,387,:
375:75,367,369,370,371,372,374,376,377,378,379,380,381,:
376:75,79,80,91,369,371,374,375,377,378,379,380,381,382,383,:
377:91,374,375,376,378,379,380,381,382,383,384,385,:
378:91,375,376,377,379,380,381,383,384,385,:
379:75,375,376,377,378,380,381,382,383,384,385,:
380:75,375,376,377,378,379,381,382,383,384,385,:
381:74,75,76,78,79,80,85,86,374,375,376,377,378,379,380,382,383,385,:
382:75,376,377,379,380,381,383,384,385,:
383:376,377,378,379,380,381,382,384,385,:
384:377,378,379,380,382,383,385,:
385:377,378,379,380,381,382,383,384,:
386:71,72,80,319,369,371,372,373,374,387,388,389,390,391,392,393,403,404,:
387:71,72,73,74,76,77,78,79,80,83,369,371,372,373,374,386,388,389,390,391,392,393,:
388:3,71,72,80,371,372,373,386,387,389,390,391,392,393,403,404,405,413,:
389:3,26,71,72,372,373,386,387,388,390,391,392,403,404,405,406,408,410,411,412,413,:
390:63,64,67,71,72,73,372,373,386,387,388,389,391,403,404,405,406,412,413,:
391:42,47,48,63,71,72,77,80,83,372,386,387,388,389,390,392,393,394,395,403,404,413,416,:
392:42,48,77,80,82,83,386,387,388,389,391,393,394,395,396,:
393:1,2,8,42,386,387,388,391,392,394,395,396,397,398,399,400,401,:
394:41,42,43,96,391,392,393,395,396,397,398,399,400,401,402,:
395:41,42,82,96,391,392,393,394,396,397,398,400,401,402,:
396:1,41,43,96,116,392,393,394,395,397,398,399,400,401,402,:
397:1,2,8,43,116,291,292,293,318,393,394,395,396,398,399,400,401,402,:
398:1,2,3,8,291,292,293,314,318,393,394,395,396,397,399,400,402,:
399:1,113,115,116,291,292,293,393,394,396,397,398,400,401,402,:
400:41,43,96,100,113,116,147,393,394,395,396,397,398,399,401,402,:
401:41,96,100,113,116,147,393,394,395,396,397,399,400,402,:
402:100,112,113,114,115,116,143,147,394,395,396,397,398,399,400,401,:
403:3,26,72,372,373,386,388,389,390,391,404,405,406,407,408,409,410,411,412,413,:
404:2,3,7,8,23,26,373,386,388,389,390,391,403,405,406,408,409,410,411,412,413,:
405:3,26,388,389,390,403,404,406,407,408,409,410,411,412,413,414,542,:
406:26,389,390,403,404,405,407,408,409,410,411,412,413,414,415,416,417,542,:
407:31,189,403,405,406,408,409,410,412,413,414,417,526,541,542,543,544,:
408:3,23,31,389,403,404,405,406,407,409,410,411,412,413,542,:
409:3,5,17,23,26,31,312,403,404,405,406,407,408,410,411,412,413,:
410:2,3,4,5,6,7,8,12,23,26,31,389,403,404,405,406,407,408,409,411,412,413,:
411:3,373,389,403,404,405,406,408,409,410,:
412:7,25,26,66,67,389,390,403,404,405,406,407,408,409,410,413,414,415,416,417,418,419,:
413:7,25,26,63,66,67,72,388,389,390,391,403,404,405,406,407,408,409,410,412,414,415,416,417,418,:
414:26,66,70,176,405,406,407,412,413,415,416,417,418,419,420,:
415:25,26,61,62,63,66,176,406,412,413,414,416,417,418,419,420,421,422,423,424,:
416:7,25,26,42,47,61,62,63,66,391,406,412,413,414,415,417,418,419,420,421,422,:
417:7,12,25,26,31,170,173,176,406,407,412,413,414,415,416,418,419,422,:
418:61,62,66,173,176,412,413,414,415,416,417,419,420,421,422,423,424,425,426,427,:
419:62,66,70,172,173,174,175,176,177,412,414,415,416,417,418,420,421,422,423,424,425,:
420:39,61,62,173,176,414,415,416,418,419,421,422,423,424,425,426,427,428,:
421:39,173,415,416,418,419,420,422,423,424,426,427,428,429,431,433,:
422:160,166,167,172,173,174,176,177,415,416,417,418,419,420,421,423,426,427,428,429,431,433,:
423:39,61,62,176,415,418,419,420,421,422,424,425,426,427,:
424:39,46,47,61,62,63,66,415,418,419,420,421,423,425,:
425:61,62,418,419,420,423,424,:
426:36,38,39,40,418,420,421,422,423,427,428,429,430,431,432,433,:
427:35,36,37,38,39,40,42,44,418,420,421,422,423,426,428,429,430,431,433,:
428:36,39,160,420,421,422,426,427,429,430,431,432,433,:
429:36,160,421,422,426,427,428,430,431,432,433,:
430:35,36,39,426,427,428,429,431,432,:
431:36,421,422,426,427,428,429,430,432,433,:
432:154,155,160,285,287,288,426,428,429,430,431,433,:
433:24,25,285,421,422,426,427,428,429,431,432,:
434:435,436,437,438,439,440,441,442,443,449,458,:
435:434,436,437,439,441,442,443,:
436:434,435,437,438,439,440,441,442,443,444,449,458,:
437:434,435,436,438,439,440,441,442,443,444,445,446,447,448,449,457,458,467,:
438:434,436,437,439,440,442,443,444,445,446,448,449,451,457,458,459,460,462,466,467,468,471,472,473,:
439:275,276,434,435,436,437,438,440,441,442,443,:
440:275,276,434,436,437,438,439,441,442,443,473,474,:
441:275,276,434,435,436,437,439,440,:
442:434,435,436,437,438,439,440,443,444,445,446,447,448,449,458,467,:
443:434,435,436,437,438,439,440,442,444,445,447,448,449,:
444:436,437,438,442,443,445,446,447,448,449,450,458,467,:
445:437,438,442,443,444,446,447,448,449,450,451,452,453,457,458,466,467,484,:
446:312,437,438,442,444,445,447,448,449,450,451,452,457,458,466,467,468,469,471,483,484,488,489,490,:
447:336,437,442,443,444,445,446,448,449,:
448:437,438,442,443,444,445,446,447,449,450,451,452,453,454,456,457,458,467,484,:
449:434,436,437,438,442,443,444,445,446,447,448,450,451,453,454,456,457,458,:
450:444,445,446,448,449,451,452,453,454,455,456,457,458,459,467,484,:
451:438,445,446,448,449,450,452,453,454,457,458,459,460,461,462,466,467,483,484,493,:
452:445,446,448,450,451,453,457,458,459,460,461,466,467,483,484,485,486,488,492,493,494,497,:
453:445,448,449,450,451,452,454,455,456,457,458,:
454:448,449,450,451,453,455,456,:
455:450,453,454,456,:
456:448,449,450,453,454,455,:
457:437,438,445,446,448,449,450,451,452,453,458,459,460,461,462,463,466,467,484,:
458:434,436,437,438,442,444,445,446,448,449,450,451,452,453,457,459,460,462,466,467,:
459:438,450,451,452,457,458,460,461,462,463,464,465,466,467,468,484,:
460:438,451,452,457,458,459,461,462,463,464,466,467,468,469,471,483,484,493,502,:
461:451,452,457,459,460,462,463,464,466,467,468,469,470,483,484,492,493,494,497,501,502,506,507,:
462:438,451,457,458,459,460,461,463,464,465,466,467,:
463:457,459,460,461,462,464,465,466,509,510,511,515,516,:
464:459,460,461,462,463,465,507,508,509,510,511,515,516,:
465:459,462,463,464,509,510,511,515,516,517,:
466:438,445,446,451,452,457,458,459,460,461,462,463,467,468,469,470,471,472,483,484,493,:
467:437,438,442,444,445,446,448,450,451,452,457,458,459,460,461,462,466,468,469,471,472,483,484,:
468:22,34,438,446,459,460,461,466,467,469,470,471,472,473,483,484,485,502,:
469:16,22,30,34,446,460,461,466,467,468,470,471,472,483,484,485,486,487,488,492,493,502,519,:
470:15,16,21,22,30,33,34,461,466,468,469,471,483,484,485,486,487,492,501,502,518,519,524,526,:
471:15,16,21,22,438,446,460,466,467,468,469,470,472,473,474,475,483,484,:
472:15,20,21,438,466,467,468,469,471,473,474,475,476,:
473:14,18,19,27,303,438,440,468,471,472,474,475,476,477,478,479,480,481,:
474:18,19,32,440,471,472,473,475,476,477,478,479,480,481,482,:
475:18,19,20,32,471,472,473,474,476,477,478,480,481,482,:
476:18,19,32,267,303,472,473,474,475,477,478,479,480,481,482,:
477:10,28,266,267,270,272,279,301,302,303,473,474,475,476,478,479,480,481,482,:
478:9,10,27,28,267,301,302,303,473,474,475,476,477,479,480,482,:
479:10,28,264,266,267,269,270,272,277,279,282,301,302,303,473,474,476,477,478,480,481,482,:
480:32,264,267,473,474,475,476,477,478,479,481,482,:
481:32,254,267,473,474,475,476,477,479,480,482,:
482:253,260,263,264,265,266,267,474,475,476,477,478,479,480,481,:
483:446,451,452,460,461,466,467,468,469,470,471,484,485,486,487,488,489,491,492,493,502,:
484:445,446,448,450,451,452,457,459,460,461,466,467,468,469,470,471,483,485,486,488,489,492,493,502,:
485:452,468,469,470,483,484,486,487,488,489,490,491,492,493,494,502,519,533,:
486:452,469,470,483,484,485,487,488,489,492,493,494,495,496,497,501,502,518,519,528,532,533,536,:
487:469,470,483,485,486,488,492,493,494,495,496,501,502,503,504,518,519,520,521,524,527,528,529,530,532,533,534,536,537,:
488:446,452,469,483,484,485,486,487,489,490,491,492,493,:
489:446,483,484,485,486,488,490,491,:
490:446,485,488,489,491,:
491:312,483,485,488,489,490,:
492:452,461,469,470,483,484,485,486,487,488,493,494,495,496,497,498,501,502,519,533,536,:
493:451,452,460,461,466,469,483,484,485,486,487,488,492,494,495,497,498,501,502,:
494:452,461,485,486,487,492,493,495,496,497,498,499,500,501,502,503,528,533,:
495:486,487,492,493,494,496,497,498,499,501,502,503,504,506,518,519,527,528,533,:
496:486,487,492,494,495,497,498,499,501,502,503,504,505,518,519,527,528,529,533,:
497:452,461,486,492,493,494,495,496,498,499,500,501,502,:
498:492,493,494,495,496,497,499,500,:
499:494,495,496,497,498,500,:
500:494,497,498,499,:
501:461,470,486,487,492,493,494,495,496,497,502,503,504,505,506,507,518,519,527,528,:
502:460,461,468,469,470,483,484,485,486,487,492,493,494,495,496,497,501,503,504,506,507,518,519,528,:
503:487,494,495,496,501,502,504,505,506,507,508,518,519,520,528,:
504:487,495,496,501,502,503,505,506,507,518,519,520,521,523,525,527,528,:
505:198,199,496,501,503,504,506,518,519,520,521,527,528,:
506:33,34,461,495,501,502,503,504,505,507,508,509,512,513,518,519,:
507:461,464,501,502,503,504,506,508,509,510,511,512,513,:
508:464,503,506,507,509,510,511,512,513,514,515,516,:
509:463,464,465,506,507,508,510,511,512,513,514,515,516,517,:
510:463,464,465,507,508,509,511,512,513,515,516,517,:
511:463,464,465,507,508,509,510,512,513,514,515,516,517,:
512:22,33,506,507,508,509,510,511,513,514,515,516,517,:
513:22,33,34,506,507,508,509,510,511,512,514,515,517,:
514:20,22,33,508,509,511,512,513,515,516,517,:
515:463,464,465,508,509,510,511,512,513,514,516,517,:
516:463,464,465,508,509,510,511,512,514,515,517,:
517:465,509,510,511,512,513,514,515,516,:
518:34,470,486,487,495,496,501,502,503,504,505,506,519,520,521,522,523,524,525,527,528,:
519:34,469,470,485,486,487,492,495,496,501,502,503,504,505,506,518,520,521,523,524,525,526,527,528,:
520:196,197,487,503,504,505,518,519,521,522,523,524,525,526,527,528,529,:
521:197,487,504,505,518,519,520,522,523,524,525,527,528,529,530,531,532,533,:
522:197,518,520,521,523,524,527,528,529,530,531,532,533,538,:
523:30,187,188,197,504,518,519,520,521,522,524,525,526,527,528,:
524:30,470,487,518,519,520,521,522,523,525,526,527,539,:
525:30,34,187,188,504,518,519,520,521,523,524,526,:
526:16,17,30,31,189,407,470,519,520,523,524,525,539,540,542,:
527:487,495,496,501,504,505,518,519,520,521,522,523,524,528,529,530,531,532,533,:
528:486,487,494,495,496,501,502,503,504,505,518,519,520,521,522,523,527,529,530,532,533,:
529:487,496,520,521,522,527,528,530,531,532,533,534,:
530:487,521,522,527,528,529,531,532,533,534,535,536,537,538,:
531:521,522,527,529,530,532,533,534,537,538,:
532:486,487,521,522,527,528,529,530,531,533,534,535,536,537,538,:
533:485,486,487,492,494,495,496,521,522,527,528,529,530,531,532,534,535,536,537,538,:
534:487,529,530,531,532,533,535,536,537,538,539,:
535:530,532,533,534,536,537,538,:
536:486,487,492,530,532,533,534,535,537,:
537:487,530,531,532,533,534,535,536,538,539,540,:
538:522,530,531,532,533,534,535,537,539,540,541,:
539:524,526,534,537,538,540,541,542,543,544,:
540:526,537,538,539,541,542,543,544,:
541:69,189,407,538,539,540,542,543,544,:
542:69,189,405,406,407,408,526,539,540,541,543,544,:
543:69,407,539,540,541,542,544,:
544:68,69,186,189,407,539,540,541,542,543,:
