1:2,3,4,5,6,7,30,31,32,33,34,35,43,322,:
2:1,3,4,5,6,7,8,30,31,32,33,34,35,36,37,322,:
3:1,2,4,5,30,31,32,33,35,101,102,103,104,110,111,322,:
4:1,2,3,5,6,7,8,9,22,30,31,32,33,34,35,36,37,322,:
5:1,2,3,4,6,7,8,9,10,11,14,21,22,23,26,30,33,34,35,36,37,38,39,43,322,:
6:1,2,4,5,7,8,9,10,14,21,22,23,24,25,26,27,33,34,35,36,37,38,39,43,50,422,:
7:1,2,4,5,6,8,9,21,22,23,24,25,26,27,28,33,34,35,36,38,417,418,420,422,551,:
8:2,4,5,6,7,9,10,11,21,22,33,34,35,36,37,38,39,40,340,422,:
9:4,5,6,7,8,10,11,12,14,21,22,34,36,37,38,39,40,340,379,380,381,389,390,391,422,:
10:5,6,8,9,11,12,13,14,15,19,21,22,23,34,36,37,38,39,40,50,340,391,396,:
11:5,8,9,10,12,13,14,17,19,20,21,22,34,37,38,39,40,47,48,49,340,394,396,:
12:9,10,11,13,14,15,17,18,19,20,21,40,45,46,47,48,49,323,396,:
13:10,11,12,14,15,16,17,18,19,20,21,22,40,42,43,44,45,46,50,323,396,:
14:5,6,9,10,11,12,13,15,16,17,18,19,21,22,23,34,41,42,43,45,46,50,396,:
15:10,12,13,14,16,17,18,21,22,23,41,42,43,45,50,471,:
16:13,14,15,17,21,22,23,41,42,43,45,50,471,473,549,:
17:11,12,13,14,15,16,18,19,21,42,44,45,46,484,:
18:12,13,14,15,17,19,44,45,46,236,484,486,610,:
19:10,11,12,13,14,17,18,20,40,46,47,48,49,263,:
20:11,12,13,19,40,47,48,49,273,338,339,345,:
21:5,6,7,8,9,10,11,12,13,14,15,16,17,22,23,24,34,37,38,39,40,42,43,50,396,:
22:4,5,6,7,8,9,10,11,13,14,15,16,21,23,24,25,26,34,35,36,38,43,50,51,:
23:5,6,7,10,14,15,16,21,22,24,25,26,28,34,38,43,50,51,396,:
24:6,7,21,22,23,25,26,27,28,29,50,51,52,53,54,430,550,551,:
25:6,7,22,23,24,26,27,28,29,35,50,51,52,53,54,417,550,551,:
26:5,6,7,22,23,24,25,27,28,29,35,51,123,417,418,551,:
27:6,7,24,25,26,28,35,118,119,121,122,123,128,129,417,418,419,420,551,:
28:7,23,24,25,26,27,29,51,52,53,54,128,416,551,:
29:24,25,26,28,51,52,53,54,416,430,454,458,459,462,530,546,:
30:1,2,3,4,5,31,32,33,35,102,103,110,111,:
31:1,2,3,4,30,32,33,35,101,102,103,104,107,108,109,110,111,:
32:1,2,3,4,30,31,33,101,102,103,104,105,106,322,:
33:1,2,3,4,5,6,7,8,30,31,32,34,35,36,37,322,:
34:1,2,4,5,6,7,8,9,10,11,14,21,22,23,33,35,36,37,38,39,43,321,322,323,:
35:1,2,3,4,5,6,7,8,22,25,26,27,30,31,33,34,36,38,111,118,121,420,422,:
36:2,4,5,6,7,8,9,10,22,33,34,35,37,38,39,80,381,420,421,422,:
37:2,4,5,6,8,9,10,11,21,33,34,36,38,39,40,322,340,:
38:5,6,7,8,9,10,11,21,22,23,34,35,36,37,39,40,50,379,380,381,389,390,391,420,422,:
39:5,6,8,9,10,11,21,34,36,37,38,40,340,345,378,379,380,381,389,390,391,422,:
40:8,9,10,11,12,13,19,20,21,37,38,39,47,48,49,337,338,340,341,345,390,:
41:14,15,16,42,43,50,468,469,471,472,473,476,548,549,558,568,:
42:13,14,15,16,17,21,41,43,45,323,476,567,568,572,:
43:1,5,6,13,14,15,16,21,22,23,34,41,42,50,549,550,:
44:13,17,18,45,46,236,484,486,610,:
45:12,13,14,15,16,17,18,42,44,46,396,471,486,610,:
46:12,13,14,17,18,19,44,45,236,396,397,610,:
47:11,12,19,20,40,48,49,261,262,263,265,266,267,271,273,339,:
48:11,12,19,20,40,47,49,273,344,345,394,:
49:11,12,19,20,40,47,48,337,338,339,340,341,343,344,345,:
50:6,10,13,14,15,16,21,22,23,24,25,38,41,43,51,396,429,430,471,:
51:22,23,24,25,26,28,29,50,52,53,54,429,430,462,471,:
52:24,25,28,29,51,53,54,128,416,451,454,457,458,459,462,528,529,530,:
53:24,25,28,29,51,52,54,415,416,425,429,430,454,455,456,457,459,:
54:24,25,28,29,51,52,53,430,458,459,460,461,462,466,529,530,545,546,:
55:56,57,58,59,60,61,:
56:55,57,58,60,:
57:55,56,58,59,60,61,62,:
58:55,56,57,59,60,61,:
59:55,57,58,60,61,:
60:55,56,57,58,59,61,62,63,64,66,:
61:55,57,58,59,60,62,63,64,65,66,:
62:57,60,61,63,64,65,66,334,:
63:60,61,62,64,65,66,329,330,332,333,334,:
64:60,61,62,63,65,66,158,:
65:61,62,63,64,66,158,:
66:60,61,62,63,64,65,156,158,159,:
67:68,69,70,71,72,73,74,:
68:67,69,70,72,73,74,:
69:67,68,70,71,72,73,74,75,382,384,:
70:67,68,69,71,72,73,74,75,76,78,79,83,382,:
71:67,69,70,72,73,74,75,76,77,78,409,410,411,:
72:67,68,69,70,71,73,365,366,:
73:67,68,69,70,71,72,74,75,76,77,78,79,80,81,82,83,:
74:67,68,69,70,71,73,75,76,78,79,81,82,83,384,:
75:69,70,71,73,74,76,77,78,79,80,81,82,83,:
76:70,71,73,74,75,77,78,79,83,:
77:71,73,75,76,78,137,:
78:70,71,73,74,75,76,77,79,80,81,82,83,421,:
79:70,73,74,75,76,78,80,81,82,83,384,421,:
80:36,73,75,78,79,81,82,83,121,382,383,420,421,422,:
81:73,74,75,78,79,80,82,83,384,385,387,:
82:73,74,75,78,79,80,81,83,383,384,385,387,388,:
83:70,73,74,75,76,78,79,80,81,82,384,:
84:85,86,87,88,89,90,92,113,114,:
85:84,86,87,88,89,90,92,113,114,:
86:84,85,87,88,89,90,91,92,:
87:84,85,86,88,91,92,100,108,:
88:84,85,86,87,89,90,114,521,523,524,525,:
89:84,85,86,88,90,523,524,:
90:84,85,86,88,89,114,:
91:86,87,92,93,94,95,96,97,98,99,100,:
92:84,85,86,87,91,93,94,95,96,98,99,100,:
93:91,92,94,95,96,97,98,99,100,101,:
94:91,92,93,95,96,97,98,99,100,101,102,103,104,105,107,108,:
95:91,92,93,94,96,97,99,100,101,102,103,104,107,108,115,161,:
96:91,92,93,94,95,97,98,99,100,:
97:91,93,94,95,96,98,157,161,:
98:91,92,93,94,96,97,:
99:91,92,93,94,95,96,100,101,102,103,104,105,106,107,108,:
100:87,91,92,93,94,95,96,99,101,102,104,105,106,107,108,:
101:3,31,32,93,94,95,99,100,102,103,104,105,106,107,108,109,:
102:3,30,31,32,94,95,99,100,101,103,104,105,106,107,108,109,110,111,112,115,:
103:3,30,31,32,94,95,99,101,102,104,107,108,109,110,161,:
104:3,31,32,94,95,99,100,101,102,103,105,106,107,160,161,:
105:32,94,99,100,101,102,104,106,312,313,314,:
106:32,99,100,101,102,104,105,312,313,314,:
107:31,94,95,99,100,101,102,103,104,108,109,110,111,112,113,114,115,116,117,555,:
108:31,87,94,95,99,100,101,102,103,107,109,110,111,112,113,114,115,554,555,557,:
109:31,101,102,103,107,108,110,111,112,113,114,115,116,117,118,145,146,147,555,:
110:3,30,31,102,103,107,108,109,111,112,113,114,115,116,117,118,119,120,121,146,554,555,557,:
111:3,30,31,35,102,107,108,109,110,112,113,116,117,118,119,552,553,554,555,557,:
112:102,107,108,109,110,111,113,114,115,116,117,120,145,147,555,557,:
113:84,85,107,108,109,110,111,112,114,115,116,554,555,556,557,:
114:84,85,88,90,107,108,109,110,112,113,115,554,555,557,:
115:95,102,107,108,109,110,112,113,114,117,145,147,:
116:107,109,110,111,112,113,117,118,119,120,121,122,123,144,145,146,:
117:107,109,110,111,112,115,116,118,119,120,121,139,143,144,145,146,147,:
118:27,35,109,110,111,116,117,119,120,121,122,123,124,131,139,144,146,419,:
119:27,110,111,116,117,118,120,121,122,123,124,125,127,130,131,138,139,144,419,:
120:110,112,116,117,118,119,121,122,123,124,125,126,130,131,138,139,140,143,144,:
121:27,35,80,110,116,117,118,119,120,122,123,131,139,144,146,418,419,420,421,:
122:27,116,118,119,120,121,123,124,125,126,127,128,129,130,131,139,419,:
123:26,27,116,118,119,120,121,122,124,125,127,128,129,130,131,417,418,419,:
124:118,119,120,122,123,125,126,127,128,129,130,131,132,139,:
125:119,120,122,123,124,126,127,128,129,130,131,132,133,135,136,138,139,:
126:120,122,124,125,127,129,130,131,132,133,138,139,:
127:119,122,123,124,125,126,128,129,130,131,:
128:27,28,52,122,123,124,125,127,129,519,528,:
129:27,122,123,124,125,126,127,128,130,131,171,173,414,416,417,419,:
130:119,120,122,123,124,125,126,127,129,131,132,133,134,135,136,137,138,139,419,:
131:118,119,120,121,122,123,124,125,126,127,129,130,132,133,135,136,137,138,139,418,419,:
132:124,125,126,130,131,133,134,135,136,137,138,139,140,:
133:125,126,130,131,132,134,135,136,137,138,139,140,141,143,:
134:130,132,133,135,137,138,139,140,141,142,:
135:125,130,131,132,133,134,136,137,138,139,:
136:125,130,131,132,133,135,137,167,168,169,419,:
137:77,130,131,132,133,134,135,136,138,139,419,:
138:119,120,125,126,130,131,132,133,134,135,137,139,140,141,142,143,144,:
139:117,118,119,120,121,122,124,125,126,130,131,132,133,134,135,137,138,140,141,143,144,:
140:120,132,133,134,138,139,141,142,143,144,145,:
141:133,134,138,139,140,142,143,144,:
142:134,138,140,141,143,:
143:117,120,133,138,139,140,141,142,144,145,146,147,:
144:116,117,118,119,120,121,138,139,140,141,143,145,146,147,:
145:109,112,115,116,117,140,143,144,146,147,:
146:109,110,116,117,118,121,143,144,145,147,:
147:109,112,115,117,143,144,145,146,:
148:149,150,151,152,153,154,155,:
149:148,150,151,153,154,155,156,:
150:148,149,151,152,153,154,155,156,:
151:148,149,150,152,153,154,:
152:148,150,151,153,:
153:148,149,150,151,152,154,155,156,157,158,:
154:148,149,150,151,153,155,156,157,158,159,:
155:148,149,150,153,154,156,157,158,159,160,161,:
156:66,149,150,153,154,155,157,158,159,160,:
157:97,153,154,155,156,158,159,160,161,:
158:64,65,66,153,154,155,156,157,159,160,161,:
159:66,154,155,156,157,158,160,161,:
160:104,155,156,157,158,159,161,:
161:95,97,103,104,155,157,158,159,160,:
162:163,164,165,166,167,168,169,170,:
163:162,164,165,167,168,170,:
164:162,163,165,166,167,168,169,170,:
165:162,163,164,166,167,168,:
166:162,164,165,167,:
167:136,162,163,164,165,166,168,169,170,171,172,:
168:136,162,163,164,165,167,169,170,171,172,173,:
169:136,162,164,167,168,170,171,172,173,408,435,436,:
170:162,163,164,167,168,169,171,172,173,:
171:129,167,168,169,170,172,173,408,415,416,435,436,:
172:167,168,169,170,171,173,506,507,:
173:129,168,169,170,171,172,416,:
174:175,176,177,178,179,180,:
175:174,176,177,178,179,180,278,:
176:174,175,177,178,179,180,181,183,:
177:174,175,176,178,179,180,:
178:174,175,176,177,179,:
179:174,175,176,177,178,180,181,182,183,269,277,278,:
180:174,175,176,177,179,181,182,183,184,186,:
181:176,179,180,182,183,184,185,186,187,188,189,269,294,295,:
182:179,180,181,183,184,185,186,187,188,189,190,269,:
183:176,179,180,181,182,184,185,186,188,189,190,:
184:180,181,182,183,185,186,187,188,189,190,:
185:181,182,183,184,186,187,188,189,190,262,295,:
186:180,181,182,183,184,185,187,188,190,262,294,295,:
187:181,182,184,185,186,188,189,190,262,319,336,:
188:181,182,183,184,185,186,187,189,190,:
189:181,182,183,184,185,187,188,190,:
190:182,183,184,185,186,187,188,189,336,339,:
191:192,193,194,195,196,197,:
192:191,193,194,196,202,:
193:191,192,194,195,196,197,198,202,:
194:191,192,193,195,196,197,:
195:191,193,194,196,197,:
196:191,192,193,194,195,197,198,199,200,201,202,:
197:191,193,194,195,196,198,199,200,201,202,351,:
198:193,196,197,199,200,201,202,346,350,351,356,:
199:196,197,198,200,201,202,273,343,344,346,350,351,352,355,356,357,:
200:196,197,198,199,201,202,351,:
201:196,197,198,199,200,202,273,:
202:192,193,196,197,198,199,200,201,:
203:204,205,206,207,208,209,:
204:203,205,206,207,208,209,:
205:203,204,206,207,208,209,210,:
206:203,204,205,207,208,209,:
207:203,204,205,206,208,214,:
208:203,204,205,206,207,209,210,211,212,:
209:203,204,205,206,208,210,211,212,:
210:205,208,209,211,212,354,399,403,:
211:208,209,210,212,354,358,:
212:208,209,210,211,354,392,394,395,397,398,399,400,403,:
213:214,215,216,217,218,219,221,:
214:207,213,215,216,217,218,219,221,:
215:213,214,216,217,218,219,220,221,:
216:213,214,215,217,218,219,:
217:213,214,215,216,218,:
218:213,214,215,216,217,219,220,221,222,223,:
219:213,214,215,216,218,220,221,222,223,224,:
220:215,218,219,221,222,223,224,225,226,:
221:213,214,215,218,219,220,222,223,224,225,:
222:218,219,220,221,223,224,225,226,238,239,609,:
223:218,219,220,221,222,224,225,226,238,:
224:219,220,221,222,223,225,226,238,:
225:220,221,222,223,224,226,238,397,610,:
226:220,222,223,224,225,238,397,608,609,610,:
227:228,229,230,231,232,233,241,255,256,289,588,:
228:227,229,230,232,233,588,:
229:227,228,230,231,232,233,234,241,250,255,256,587,588,:
230:227,228,229,231,232,233,234,235,236,237,240,241,249,250,255,256,587,588,589,:
231:227,229,230,232,233,234,235,236,240,241,249,250,251,254,255,256,588,:
232:227,228,229,230,231,233,234,235,236,237,238,239,240,241,250,256,588,589,:
233:227,228,229,230,231,232,234,235,237,238,239,240,241,588,589,:
234:229,230,231,232,233,235,236,237,238,239,240,241,242,250,:
235:230,231,232,233,234,236,237,238,239,240,241,242,243,245,247,248,249,250,:
236:18,44,46,230,231,232,234,235,237,238,240,241,242,243,249,250,259,:
237:230,232,233,234,235,236,238,239,240,241,:
238:222,223,224,225,226,232,233,234,235,236,237,239,240,241,:
239:222,232,233,234,235,237,238,589,608,610,:
240:230,231,232,233,234,235,236,237,238,241,242,243,244,245,246,247,248,249,250,256,:
241:227,229,230,231,232,233,234,235,236,237,238,240,242,243,245,246,247,248,249,250,256,283,289,:
242:234,235,236,240,241,243,244,245,246,247,248,249,250,251,266,272,283,:
243:235,236,240,241,242,244,245,246,247,248,249,250,251,252,253,254,256,258,259,265,266,275,282,283,289,:
244:240,242,243,245,246,247,249,250,251,252,253,258,259,265,266,267,268,270,274,275,276,279,280,281,282,283,:
245:235,240,241,242,243,244,246,247,248,249,250,272,282,283,:
246:240,241,242,243,244,245,247,248,249,281,282,283,284,288,289,:
247:235,240,241,242,243,244,245,246,248,249,250,282,283,288,289,:
248:235,240,241,242,243,245,246,247,:
249:230,231,235,236,240,241,242,243,244,245,246,247,250,251,252,253,254,255,256,257,258,259,266,275,283,289,:
250:229,230,231,232,234,235,236,240,241,242,243,244,245,247,249,251,252,254,255,256,258,259,266,:
251:231,242,243,244,249,250,252,253,254,255,256,257,258,259,260,266,275,289,:
252:243,244,249,250,251,253,254,255,257,258,259,260,261,263,265,266,274,275,292,:
253:243,244,249,251,252,254,257,258,259,260,261,262,265,266,268,274,275,276,277,291,292,293,296,299,:
254:231,243,249,250,251,252,253,255,256,257,258,259,:
255:227,229,230,231,249,250,251,252,254,256,257,289,:
256:227,229,230,231,232,240,241,243,249,250,251,254,255,257,289,:
257:249,251,252,253,254,255,256,258,259,:
258:243,244,249,250,251,252,253,254,257,259,260,261,262,263,264,265,266,275,292,:
259:236,243,244,249,250,251,252,253,254,257,258,260,261,263,264,265,266,:
260:251,252,253,258,259,261,262,263,264,265,266,267,275,292,:
261:47,252,253,258,259,260,262,263,265,266,267,268,270,274,275,292,:
262:47,185,186,187,253,258,260,261,263,265,266,267,268,269,274,275,292,295,:
263:19,47,252,258,259,260,261,262,264,265,266,:
264:258,259,260,263,323,572,:
265:47,243,244,252,253,258,259,260,261,262,263,266,267,268,269,270,271,273,274,275,292,:
266:47,242,243,244,249,250,251,252,253,258,259,260,261,262,263,265,267,268,270,271,274,275,292,:
267:47,244,260,261,262,265,266,268,269,270,271,272,273,274,275,276,292,:
268:244,253,261,262,265,266,267,269,270,271,274,275,276,277,279,280,291,292,:
269:179,181,182,262,265,267,268,270,274,275,276,277,291,292,:
270:244,261,265,266,267,268,269,271,272,273,274,275,:
271:47,265,266,267,268,270,272,273,:
272:242,245,267,270,271,273,358,:
273:20,47,48,199,201,265,267,270,271,272,:
274:244,252,253,261,262,265,266,267,268,269,270,275,276,277,278,279,280,291,292,:
275:243,244,249,251,252,253,258,260,261,262,265,266,267,268,269,270,274,276,277,279,280,291,292,:
276:244,253,267,268,269,274,275,277,278,279,280,281,291,292,293,:
277:179,253,268,269,274,275,276,278,279,280,291,292,293,294,296,297,299,:
278:175,179,274,276,277,279,291,292,293,294,296,297,298,:
279:244,268,274,275,276,277,278,280,281,282,283,284,285,286,291,292,:
280:244,268,274,275,276,277,279,281,282,283,284,285,286,:
281:244,246,276,279,280,282,283,284,285,286,287,288,289,:
282:243,244,245,246,247,279,280,281,283,284,285,286,287,288,289,290,:
283:241,242,243,244,245,246,247,249,279,280,281,282,284,285,286,288,289,290,:
284:246,279,280,281,282,283,285,286,287,288,289,290,301,:
285:279,280,281,282,283,284,286,287,288,289,290,301,302,:
286:279,280,281,282,283,284,285,287,288,290,301,302,:
287:281,282,284,285,286,288,289,290,299,301,302,:
288:246,247,281,282,283,284,285,286,287,289,290,:
289:227,241,243,246,247,249,251,255,256,281,282,283,284,285,287,288,290,:
290:282,283,284,285,286,287,288,289,301,:
291:253,268,269,274,275,276,277,278,279,292,293,294,295,296,297,298,299,:
292:252,253,258,260,261,262,265,266,267,268,269,274,275,276,277,278,279,291,293,294,295,296,297,299,:
293:253,276,277,278,291,292,294,295,296,297,298,299,:
294:181,186,277,278,291,292,293,295,296,297,:
295:181,185,186,262,291,292,293,294,296,:
296:253,277,278,291,292,293,294,295,297,298,299,300,301,:
297:277,278,291,292,293,294,296,298,299,300,301,302,:
298:278,291,293,296,297,299,300,301,302,:
299:253,277,287,291,292,293,296,297,298,300,301,302,:
300:296,297,298,299,301,302,:
301:284,285,286,287,290,296,297,298,299,300,302,:
302:285,286,287,297,298,299,300,301,:
303:304,305,306,307,308,309,315,316,:
304:303,305,306,308,309,310,315,316,:
305:303,304,306,307,308,309,310,312,314,315,316,317,:
306:303,304,305,307,308,309,310,312,314,315,316,317,318,320,324,325,:
307:303,305,306,308,314,315,316,317,318,324,325,:
308:303,304,305,306,307,309,310,311,312,313,314,315,316,:
309:303,304,305,306,308,310,311,312,313,314,315,316,574,:
310:304,305,306,308,309,311,312,313,314,316,574,:
311:308,309,310,312,313,314,569,573,574,:
312:105,106,305,306,308,309,310,311,313,314,315,:
313:105,106,308,309,310,311,312,314,:
314:105,106,305,306,307,308,309,310,311,312,313,315,316,317,:
315:303,304,305,306,307,308,309,312,314,316,317,318,319,320,321,324,325,:
316:303,304,305,306,307,308,309,310,314,315,317,318,319,320,:
317:305,306,307,314,315,316,318,319,320,321,322,323,324,325,326,:
318:306,307,315,316,317,319,320,321,322,324,325,326,327,329,335,336,:
319:187,315,316,317,318,320,321,324,325,326,327,335,336,:
320:306,315,316,317,318,319,321,322,323,324,325,:
321:34,315,317,318,319,320,322,323,324,325,:
322:1,2,3,4,5,32,33,34,37,317,318,320,321,323,324,325,:
323:12,13,34,42,264,317,320,321,322,572,:
324:306,307,315,317,318,319,320,321,322,325,326,327,328,329,330,335,336,:
325:306,307,315,317,318,319,320,321,322,324,326,327,328,329,335,:
326:317,318,319,324,325,327,328,329,330,331,332,335,336,337,:
327:318,319,324,325,326,328,329,330,331,335,336,337,338,340,386,:
328:324,325,326,327,329,330,331,335,336,337,340,383,384,385,386,387,388,:
329:63,318,324,325,326,327,328,330,331,332,333,334,335,336,:
330:63,324,326,327,328,329,331,332,333,334,:
331:326,327,328,329,330,332,333,334,335,336,:
332:63,326,329,330,331,333,334,:
333:63,329,330,331,332,334,:
334:62,63,329,330,331,332,333,:
335:318,319,324,325,326,327,328,329,331,336,337,338,339,340,341,342,386,:
336:187,190,318,319,324,326,327,328,329,331,335,337,338,339,340,341,:
337:40,49,326,327,328,335,336,338,339,340,341,342,343,383,386,:
338:20,40,49,327,335,336,337,339,340,341,342,343,344,345,346,:
339:20,47,49,190,335,336,337,338,340,341,342,343,344,346,:
340:8,9,10,11,37,39,40,49,327,328,335,336,337,338,339,341,342,381,383,:
341:40,49,335,336,337,338,339,340,342,343,344,345,346,347,348,349,350,351,377,:
342:335,337,338,339,340,341,343,344,345,346,347,348,349,350,377,381,382,383,:
343:49,199,337,338,339,341,342,344,345,346,347,348,349,350,351,352,360,377,:
344:48,49,199,338,339,341,342,343,345,346,347,348,350,351,352,353,355,359,360,377,390,:
345:20,39,40,48,49,338,341,342,343,344,346,347,348,350,351,352,353,354,359,360,376,377,378,381,389,390,394,:
346:198,199,338,339,341,342,343,344,345,347,348,349,350,351,360,:
347:341,342,343,344,345,346,348,349,350,351,359,360,377,:
348:341,342,343,344,345,346,347,349,350,351,359,360,361,362,364,376,377,378,381,382,:
349:341,342,343,346,347,348,360,:
350:198,199,341,342,343,344,345,346,347,348,351,352,353,354,355,356,358,359,360,377,390,:
351:197,198,199,200,341,343,344,345,346,347,348,350,352,353,355,356,359,360,:
352:199,343,344,345,350,351,353,354,355,356,357,358,359,360,361,390,:
353:344,345,350,351,352,354,355,356,359,360,361,362,363,364,376,377,389,390,399,:
354:210,211,212,345,350,352,353,355,359,360,361,362,363,376,377,389,390,391,392,394,398,399,400,403,:
355:199,344,350,351,352,353,354,356,357,358,359,360,:
356:198,199,350,351,352,353,355,357,358,:
357:199,352,355,356,358,:
358:211,272,350,352,355,356,357,:
359:344,345,347,348,350,351,352,353,354,355,360,361,362,363,364,365,376,377,390,399,:
360:343,344,345,346,347,348,349,350,351,352,353,354,355,359,361,362,364,376,377,390,:
361:348,352,353,354,359,360,362,363,364,365,366,376,377,378,390,399,:
362:348,353,354,359,360,361,363,364,365,376,377,378,379,380,381,389,390,398,399,405,:
363:353,354,359,361,362,364,365,376,377,378,379,380,389,390,392,398,399,400,401,403,404,405,406,409,411,:
364:348,353,359,360,361,362,363,365,366,367,368,369,370,371,376,377,:
365:72,359,361,362,363,364,366,367,368,369,370,371,376,:
366:72,361,364,365,367,368,369,370,371,372,373,374,:
367:364,365,366,368,369,370,371,372,373,374,375,:
368:364,365,366,367,369,370,371,373,374,375,:
369:364,365,366,367,368,370,371,372,373,374,375,:
370:364,365,366,367,368,369,371,372,373,374,375,:
371:364,365,366,367,368,369,370,372,373,375,:
372:366,367,369,370,371,373,374,375,:
373:366,367,368,369,370,371,372,374,375,:
374:366,367,368,369,370,372,373,375,:
375:367,368,369,370,371,372,373,374,:
376:345,348,353,354,359,360,361,362,363,364,365,377,378,379,380,381,382,389,390,399,405,:
377:341,342,343,344,345,347,348,350,353,354,359,360,361,362,363,364,376,378,379,381,382,389,390,:
378:39,345,348,361,362,363,376,377,379,380,381,382,383,389,390,391,405,422,:
379:9,38,39,362,363,376,377,378,380,381,382,389,390,391,392,393,394,398,399,404,405,413,420,422,:
380:9,38,39,362,363,376,378,379,381,389,390,391,392,393,398,399,404,405,409,412,413,417,418,420,421,422,:
381:9,36,38,39,340,342,345,348,362,376,377,378,379,380,382,383,384,389,390,:
382:69,70,80,342,348,376,377,378,379,381,383,384,385,:
383:80,82,328,337,340,342,378,381,382,384,385,386,387,388,:
384:69,74,79,81,82,83,328,381,382,383,385,386,387,388,:
385:81,82,328,382,383,384,386,387,388,:
386:327,328,335,337,383,384,385,387,388,:
387:81,82,328,383,384,385,386,388,:
388:82,328,383,384,385,386,387,:
389:9,38,39,345,353,354,362,363,376,377,378,379,380,381,390,391,392,393,394,395,398,399,405,413,:
390:9,38,39,40,344,345,350,352,353,354,359,360,361,362,363,376,377,378,379,380,381,389,391,392,394,398,399,:
391:9,10,38,39,354,378,379,380,389,390,392,393,394,395,396,397,398,399,400,405,413,:
392:212,354,363,379,380,389,390,391,393,394,395,396,398,399,400,401,402,403,404,405,412,413,424,:
393:379,380,389,391,392,394,395,396,398,399,400,401,402,404,405,412,413,414,415,423,424,425,428,429,:
394:11,48,212,345,354,379,389,390,391,392,393,395,396,397,398,399,:
395:212,389,391,392,393,394,396,397,398,399,:
396:10,11,12,13,14,21,23,45,46,50,391,392,393,394,395,397,429,:
397:46,212,225,226,391,394,395,396,:
398:212,354,362,363,379,380,389,390,391,392,393,394,395,399,400,401,402,403,404,405,413,424,:
399:210,212,353,354,359,361,362,363,376,379,380,389,390,391,392,393,394,395,398,400,401,403,404,405,:
400:212,354,363,391,392,393,398,399,401,402,403,404,405,406,413,424,:
401:363,392,393,398,399,400,402,403,404,405,406,407,408,409,412,413,423,424,433,:
402:392,393,398,400,401,403,404,405,406,407,408,412,413,423,424,426,432,433,434,436,437,439,:
403:210,212,354,363,392,398,399,400,401,402,404,405,:
404:363,379,380,392,393,398,399,400,401,402,403,405,406,407,408,409,410,411,412,413,424,:
405:362,363,376,378,379,380,389,391,392,393,398,399,400,401,402,403,404,406,407,409,411,412,413,:
406:363,400,401,402,404,405,407,408,409,410,411,412,413,414,424,:
407:401,402,404,405,406,408,409,410,411,412,413,414,415,417,418,423,424,433,:
408:169,171,401,402,404,406,407,409,410,412,413,414,415,423,424,433,436,:
409:71,363,380,401,404,405,406,407,408,410,411,412,413,:
410:71,404,406,407,408,409,411,412,413,:
411:71,363,404,405,406,407,409,410,:
412:380,392,393,401,402,404,405,406,407,408,409,410,413,414,415,416,417,418,419,420,422,423,424,433,:
413:379,380,389,391,392,393,398,400,401,402,404,405,406,407,408,409,410,412,414,415,417,418,420,422,423,424,:
414:129,393,406,407,408,412,413,415,416,417,418,419,420,422,423,424,425,433,:
415:53,171,393,407,408,412,413,414,416,417,418,423,424,425,426,428,432,433,:
416:28,29,52,53,129,171,173,412,414,415,417,423,424,425,426,432,433,456,457,:
417:7,25,26,27,123,129,380,407,412,413,414,415,416,418,419,420,421,422,423,424,:
418:7,26,27,121,123,131,380,407,412,413,414,415,417,419,420,421,422,:
419:27,118,119,121,122,123,129,130,131,136,137,412,414,417,418,420,421,422,:
420:7,27,35,36,38,80,121,379,380,412,413,414,417,418,419,421,422,:
421:36,78,79,80,121,380,417,418,419,420,422,:
422:6,7,8,9,35,36,38,39,80,378,379,380,412,413,414,417,418,419,420,421,:
423:393,401,402,407,408,412,413,414,415,416,417,424,425,426,427,428,429,432,433,456,:
424:392,393,398,400,401,402,404,406,407,408,412,413,414,415,416,417,423,425,426,428,429,432,433,:
425:53,393,414,415,416,423,424,426,427,428,429,430,432,433,434,455,456,:
426:402,415,416,423,424,425,427,428,429,432,433,434,435,437,439,455,456,621,:
427:423,425,426,428,432,433,434,435,437,439,454,455,456,457,616,617,619,620,621,:
428:393,415,423,424,425,426,427,429,430,431,432,433,456,:
429:50,51,53,393,396,423,424,425,426,428,430,431,456,:
430:24,29,50,51,53,54,425,428,429,431,454,455,456,471,:
431:428,429,430,455,456,467,606,609,612,:
432:402,415,416,423,424,425,426,427,428,433,434,435,436,437,438,439,456,621,:
433:401,402,407,408,412,414,415,416,423,424,425,426,427,428,432,434,435,436,437,439,:
434:402,425,426,427,432,433,435,436,437,438,439,621,:
435:169,171,426,427,432,433,434,436,437,438,439,:
436:169,171,402,408,432,433,434,435,437,438,:
437:402,426,427,432,433,434,435,436,438,439,:
438:432,434,435,436,437,439,:
439:402,426,427,432,433,434,435,437,438,:
440:441,442,443,444,445,446,448,449,450,614,615,:
441:440,442,443,445,446,448,449,450,614,615,:
442:440,441,443,444,445,446,447,448,449,450,451,536,615,:
443:440,441,442,444,445,446,449,450,451,452,453,454,455,457,534,536,:
444:440,442,443,445,449,450,451,454,457,507,531,532,534,535,536,:
445:440,441,442,443,444,446,447,448,449,450,615,:
446:440,441,442,443,445,447,448,615,:
447:442,445,446,448,618,:
448:440,441,442,445,446,447,:
449:440,441,442,443,444,445,450,451,452,453,454,455,456,457,458,459,615,:
450:440,441,442,443,444,445,449,451,452,453,454,455,456,457,458,611,612,613,614,615,616,:
451:52,442,443,444,449,450,452,453,454,455,456,457,458,459,460,530,:
452:443,449,450,451,453,454,455,456,457,458,459,460,461,463,465,530,612,:
453:443,449,450,451,452,454,455,458,459,460,463,465,611,612,613,614,615,616,:
454:29,52,53,427,430,443,444,449,450,451,452,453,455,456,457,458,459,:
455:53,425,426,427,430,431,443,449,450,451,452,453,454,456,457,458,612,616,619,621,:
456:53,416,423,425,426,427,428,429,430,431,432,449,450,451,452,454,455,457,616,619,621,:
457:52,53,416,427,443,444,449,450,451,452,454,455,456,:
458:29,52,54,449,450,451,452,453,454,455,459,460,461,462,463,464,465,466,467,530,612,:
459:29,52,53,54,449,451,452,453,454,458,460,461,462,463,465,466,529,530,537,539,546,:
460:54,451,452,453,458,459,461,462,463,464,465,466,467,468,530,606,:
461:54,452,458,459,460,462,463,464,465,466,467,468,469,470,471,546,606,:
462:29,51,52,54,458,459,460,461,463,464,466,467,468,469,471,530,539,540,545,546,549,:
463:452,453,458,459,460,461,462,464,465,466,467,544,:
464:458,460,461,462,463,465,466,467,599,:
465:452,453,458,459,460,461,463,464,:
466:54,458,459,460,461,462,463,464,467,468,469,470,471,472,473,546,603,605,606,:
467:431,458,460,461,462,463,464,466,468,469,470,471,602,603,604,605,606,607,:
468:41,460,461,462,466,467,469,470,471,472,473,474,546,549,603,606,:
469:41,461,462,466,467,468,470,471,472,473,474,475,477,549,603,606,:
470:461,466,467,468,469,471,472,473,474,477,585,592,593,602,603,604,605,606,607,:
471:15,16,41,45,50,51,430,461,462,466,467,468,469,470,472,473,606,:
472:41,466,468,469,470,471,473,474,475,476,477,478,479,549,603,:
473:16,41,466,468,469,470,471,472,474,475,476,477,478,548,549,558,560,568,:
474:468,469,470,472,473,475,476,477,478,479,480,549,585,:
475:469,472,473,474,476,477,478,479,480,481,483,484,486,568,585,:
476:41,42,472,473,474,475,477,478,479,480,481,483,484,488,549,560,561,566,567,568,569,571,:
477:469,470,472,473,474,475,476,478,479,:
478:472,473,474,475,476,477,479,480,481,482,483,484,485,486,487,488,568,582,585,:
479:472,474,475,476,477,478,480,481,482,483,484,486,487,581,582,583,584,585,586,:
480:474,475,476,478,479,481,482,483,484,485,486,487,488,489,568,571,582,:
481:475,476,478,479,480,482,483,484,485,487,488,489,490,491,492,493,494,571,581,582,:
482:478,479,480,481,483,485,487,488,489,490,581,582,583,585,:
483:475,476,478,479,480,481,482,484,485,486,487,488,582,:
484:17,18,44,475,476,478,479,480,481,483,485,486,:
485:478,480,481,482,483,484,486,487,488,571,:
486:18,44,45,475,478,479,480,483,484,485,585,610,:
487:478,479,480,481,482,483,485,488,489,490,491,492,493,494,571,582,:
488:476,478,480,481,482,483,485,487,489,490,491,492,493,494,568,570,571,573,575,:
489:480,481,482,487,488,490,491,492,493,494,495,571,:
490:481,482,487,488,489,491,492,493,:
491:481,487,488,489,490,492,571,575,576,579,:
492:481,487,488,489,490,491,493,494,495,496,497,:
493:481,487,488,489,490,492,494,495,496,497,498,:
494:481,487,488,489,492,493,495,496,497,498,566,:
495:489,492,493,494,496,497,498,:
496:492,493,494,495,497,498,566,:
497:492,493,494,495,496,498,:
498:493,494,495,496,497,:
499:500,501,502,503,504,505,506,508,514,:
500:499,501,502,503,504,505,508,:
501:499,500,502,503,504,505,506,507,508,509,514,:
502:499,500,501,503,504,505,506,508,509,510,511,512,513,514,515,:
503:499,500,501,502,504,506,508,509,510,511,514,515,516,526,527,528,531,532,533,534,536,:
504:499,500,501,502,503,505,506,507,508,536,:
505:499,500,501,502,504,506,507,:
506:172,499,501,502,503,504,505,507,508,531,:
507:172,444,501,504,505,506,:
508:499,500,501,502,503,504,506,509,510,511,512,513,514,515,516,:
509:501,502,503,508,510,511,512,513,514,515,516,517,:
510:502,503,508,509,511,512,513,514,515,516,517,518,519,520,521,522,526,527,:
511:502,503,508,509,510,512,514,515,516,517,518,519,520,521,522,526,527,:
512:502,508,509,510,511,513,514,515,516,522,:
513:502,508,509,510,512,514,:
514:499,501,502,503,508,509,510,511,512,513,:
515:502,503,508,509,510,511,512,516,517,518,519,520,521,522,523,525,526,527,:
516:503,508,509,510,511,512,515,517,518,520,521,522,523,524,525,526,527,:
517:509,510,511,515,516,518,519,520,521,522,523,525,526,527,528,538,:
518:510,511,515,516,517,519,520,521,526,527,528,529,531,533,537,538,:
519:128,510,511,515,517,518,520,526,527,528,529,537,538,553,554,556,557,:
520:510,511,515,516,517,518,519,521,522,523,524,525,526,554,556,557,:
521:88,510,511,515,516,517,518,520,522,523,524,525,:
522:510,511,512,515,516,517,520,521,523,524,525,:
523:88,89,515,516,517,520,521,522,524,525,:
524:88,89,516,520,521,522,523,525,:
525:88,515,516,517,520,521,522,523,524,:
526:503,510,511,515,516,517,518,519,520,527,528,529,530,531,532,533,537,538,:
527:503,510,511,515,516,517,518,519,526,528,529,531,532,533,534,537,538,:
528:52,128,503,517,518,519,526,527,529,530,531,532,533,534,537,538,539,:
529:52,54,459,518,519,526,527,528,530,531,532,533,537,538,539,540,542,544,546,:
530:29,52,54,451,452,458,459,460,462,526,528,529,531,532,533,537,538,539,540,542,544,546,:
531:444,503,506,518,526,527,528,529,530,532,533,534,535,536,537,538,:
532:444,503,526,527,528,529,530,531,533,534,535,536,537,:
533:503,518,526,527,528,529,530,531,532,534,535,536,537,538,544,:
534:443,444,503,527,528,531,532,533,535,536,:
535:444,531,532,533,534,536,:
536:442,443,444,503,504,531,532,533,534,535,:
537:459,518,519,526,527,528,529,530,531,532,533,538,539,540,541,542,543,544,545,546,:
538:517,518,519,526,527,528,529,530,531,533,537,539,540,541,542,544,545,:
539:459,462,528,529,530,537,538,540,541,542,543,544,545,546,547,:
540:462,529,530,537,538,539,541,542,543,544,545,546,547,548,549,550,551,552,:
541:537,538,539,540,542,543,545,546,547,548,550,551,552,:
542:529,530,537,538,539,540,541,543,544,545,546,:
543:537,539,540,541,542,544,545,546,:
544:463,529,530,533,537,538,539,540,542,543,:
545:54,462,537,538,539,540,541,542,543,546,547,548,549,550,551,552,558,559,:
546:29,54,459,461,462,466,468,529,530,537,539,540,541,542,543,545,547,548,549,550,551,:
547:539,540,541,545,546,548,549,550,551,552,558,559,560,:
548:41,473,540,541,545,546,547,549,550,551,558,559,560,561,563,564,:
549:16,41,43,462,468,469,472,473,474,476,540,545,546,547,548,550,558,559,560,561,563,564,:
550:24,25,43,540,541,545,546,547,548,549,551,552,553,558,559,:
551:7,24,25,26,27,28,540,541,545,546,547,548,550,552,553,554,:
552:111,540,541,545,547,550,551,553,554,555,556,557,:
553:111,519,550,551,552,554,555,556,557,:
554:108,110,111,113,114,519,520,551,552,553,555,556,557,:
555:107,108,109,110,111,112,113,114,552,553,554,556,557,:
556:113,519,520,552,553,554,555,557,:
557:108,110,111,112,113,114,519,520,552,553,554,555,556,:
558:41,473,545,547,548,549,550,559,560,561,562,563,564,565,566,567,568,:
559:545,547,548,549,550,558,560,561,562,563,564,:
560:473,476,547,548,549,558,559,561,562,563,564,565,566,567,568,569,:
561:476,548,549,558,559,560,562,563,564,566,567,568,569,570,571,572,:
562:558,559,560,561,563,566,567,568,569,570,572,:
563:548,549,558,559,560,561,562,564,565,566,567,568,:
564:548,549,558,559,560,561,563,565,566,:
565:558,560,563,564,566,:
566:476,494,496,558,560,561,562,563,564,565,567,568,571,:
567:42,476,558,560,561,562,563,566,568,569,570,571,572,573,574,:
568:41,42,473,475,476,478,480,488,558,560,561,562,563,566,567,569,570,571,572,:
569:311,476,560,561,562,567,568,570,571,572,573,574,575,:
570:488,561,562,567,568,569,571,572,573,574,575,576,578,580,:
571:476,480,481,485,487,488,489,491,561,566,567,568,569,570,572,573,574,575,576,578,580,:
572:42,264,323,561,562,567,568,569,570,571,573,574,:
573:311,488,567,569,570,571,572,574,575,576,577,578,579,580,:
574:309,310,311,567,569,570,571,572,573,575,576,577,578,580,:
575:488,491,569,570,571,573,574,576,577,578,579,580,:
576:491,570,571,573,574,575,577,578,579,580,:
577:573,574,575,576,578,579,:
578:570,571,573,574,575,576,577,579,580,:
579:491,573,575,576,577,578,580,:
580:570,571,573,574,575,576,578,579,:
581:479,481,482,582,583,584,585,586,587,588,589,590,591,:
582:478,479,480,481,482,483,487,581,583,584,585,586,587,:
583:479,482,581,582,584,585,586,587,588,589,590,591,592,:
584:479,581,582,583,585,586,587,589,590,591,592,593,594,595,:
585:470,474,475,478,479,482,486,581,582,583,584,586,589,590,591,592,593,603,:
586:479,581,582,583,584,585,587,588,589,590,591,:
587:229,230,581,582,583,584,586,588,589,:
588:227,228,229,230,231,232,233,581,583,586,587,589,:
589:230,232,233,239,581,583,584,585,586,587,588,590,591,:
590:581,583,584,585,586,589,591,592,593,594,595,596,602,603,:
591:581,583,584,585,586,589,590,592,593,594,595,:
592:470,583,584,585,590,591,593,594,595,596,597,598,602,603,604,:
593:470,584,585,590,591,592,594,595,596,597,598,602,603,604,605,607,608,:
594:584,590,591,592,593,595,596,598,602,603,604,607,608,:
595:584,590,591,592,593,594,596,597,598,599,600,602,603,:
596:590,592,593,594,595,597,598,599,600,601,602,603,:
597:592,593,595,596,598,599,600,601,603,:
598:592,593,594,595,596,597,599,600,601,602,603,:
599:464,595,596,597,598,600,601,:
600:595,596,597,598,599,601,:
601:596,597,598,599,600,:
602:467,470,590,592,593,594,595,596,598,603,604,605,606,607,608,609,:
603:466,467,468,469,470,472,585,590,592,593,594,595,596,597,598,602,604,605,606,607,608,:
604:467,470,592,593,594,602,603,605,606,607,608,609,610,:
605:466,467,470,593,602,603,604,606,607,608,609,:
606:431,460,461,466,467,468,469,470,471,602,603,604,605,607,609,612,:
607:467,470,593,594,602,603,604,605,606,608,609,610,:
608:226,239,593,594,602,603,604,605,607,609,610,:
609:222,226,431,602,604,605,606,607,608,610,:
610:18,44,45,46,225,226,239,486,604,607,608,609,:
611:450,453,612,613,614,615,616,617,:
612:431,450,452,453,455,458,606,611,613,614,615,616,:
613:450,453,611,612,614,615,616,617,618,619,:
614:440,441,450,453,611,612,613,615,616,617,618,:
615:440,441,442,445,446,449,450,453,611,612,613,614,616,617,618,:
616:427,450,453,455,456,611,612,613,614,615,617,618,619,620,621,:
617:427,611,613,614,615,616,618,619,620,621,:
618:447,613,614,615,616,617,619,620,621,:
619:427,455,456,613,616,617,618,620,621,:
620:427,616,617,618,619,621,:
621:426,427,432,434,455,456,616,617,618,619,620,:
