1:2,3,4,5,6,7,11,26,27,28,33,44,362,382,383,466,467,:
2:1,3,4,5,6,7,11,15,16,22,23,26,27,28,29,32,33,44,46,466,467,:
3:1,2,4,5,6,7,22,23,26,27,28,29,44,46,462,465,466,467,468,:
4:1,2,3,5,6,7,8,10,11,14,15,16,17,18,20,22,23,24,25,26,27,28,29,32,33,37,39,44,46,227,467,:
5:1,2,3,4,6,7,11,14,15,16,17,18,19,20,21,22,23,24,25,26,27,28,29,32,37,39,40,41,42,43,44,45,46,:
6:1,2,3,4,5,7,8,9,10,11,12,13,14,15,16,17,18,22,24,26,27,28,29,32,33,34,35,36,37,38,39,:
7:1,2,3,4,5,6,8,9,10,11,12,13,14,15,16,26,27,28,29,30,31,32,33,34,36,39,467,:
8:4,6,7,9,10,11,12,13,14,15,28,29,30,31,32,33,34,35,36,37,39,:
9:6,7,8,10,11,12,13,15,28,29,30,31,33,34,35,36,39,486,:
10:4,6,7,8,9,11,12,13,14,15,28,29,30,31,32,33,34,35,36,37,38,39,:
11:1,2,4,5,6,7,8,9,10,12,13,14,15,16,17,26,28,29,32,33,34,35,36,37,38,39,227,:
12:6,7,8,9,10,11,13,14,31,32,33,34,35,36,37,:
13:6,7,8,9,10,11,12,14,15,16,29,31,32,33,34,35,36,37,38,39,:
14:4,5,6,7,8,10,11,12,13,15,16,17,18,26,29,32,33,35,36,37,38,39,40,:
15:2,4,5,6,7,8,9,10,11,13,14,16,17,18,19,22,24,26,27,28,29,32,33,35,36,37,38,39,40,:
16:2,4,5,6,7,11,13,14,15,17,18,19,20,21,22,23,24,25,26,27,29,32,37,38,39,40,41,42,:
17:4,5,6,11,14,15,16,18,19,20,22,23,24,25,26,27,32,37,38,39,40,41,42,44,188,189,226,227,228,:
18:4,5,6,14,15,16,17,19,20,21,22,24,27,37,38,39,40,41,42,43,108,188,500,:
19:5,15,16,17,18,20,21,22,23,24,25,27,39,40,41,42,43,108,497,498,499,500,:
20:4,5,16,17,18,19,21,22,23,24,25,27,40,41,42,43,44,45,46,287,500,:
21:5,16,18,19,20,22,23,24,27,41,42,43,44,45,46,287,404,405,497,499,500,:
22:2,3,4,5,6,15,16,17,18,19,20,21,23,24,25,26,27,40,41,42,43,44,45,46,:
23:2,3,4,5,16,17,19,20,21,22,24,25,26,27,42,43,44,45,46,254,287,381,382,:
24:4,5,6,15,16,17,18,19,20,21,22,23,25,26,27,37,40,41,42,44,45,46,189,226,227,228,:
25:4,5,16,17,19,20,22,23,24,26,42,44,45,46,187,189,226,227,228,252,253,254,255,:
26:1,2,3,4,5,6,7,11,14,15,16,17,22,23,24,25,27,28,32,33,37,39,44,45,46,226,227,228,:
27:1,2,3,4,5,6,7,15,16,17,18,19,20,21,22,23,24,26,28,29,39,40,41,42,43,44,46,495,497,:
28:1,2,3,4,5,6,7,8,9,10,11,15,26,27,29,30,32,33,34,39,455,456,457,460,462,466,467,:
29:2,3,4,5,6,7,8,9,10,11,13,14,15,16,27,28,30,31,33,36,39,456,492,493,495,:
30:7,8,9,10,28,29,31,36,39,455,456,457,486,488,:
31:7,8,9,10,12,13,29,30,34,35,36,152,486,:
32:2,4,5,6,7,8,10,11,12,13,14,15,16,17,26,28,33,34,35,36,37,38,39,224,225,226,227,:
33:1,2,4,6,7,8,9,10,11,12,13,14,15,26,28,29,32,34,35,37,227,335,:
34:6,7,8,9,10,11,12,13,28,31,32,33,35,36,335,336,:
35:6,8,9,10,11,12,13,14,15,31,32,33,34,36,37,38,39,151,160,197,199,201,:
36:6,7,8,9,10,11,12,13,14,15,29,30,31,32,34,35,37,38,39,131,151,160,:
37:4,5,6,8,10,11,12,13,14,15,16,17,18,24,26,32,33,35,36,38,39,40,199,201,226,227,:
38:6,10,11,13,14,15,16,17,18,32,35,36,37,39,40,107,131,160,:
39:4,5,6,7,8,9,10,11,13,14,15,16,17,18,19,26,27,28,29,30,32,35,36,37,38,40,131,:
40:5,14,15,16,17,18,19,20,22,24,27,37,38,39,41,106,107,108,188,498,500,:
41:5,16,17,18,19,20,21,22,24,27,40,42,43,79,108,497,498,499,500,:
42:5,16,17,18,19,20,21,22,23,24,25,27,41,43,44,45,46,287,500,:
43:5,18,19,20,21,22,23,27,41,42,46,287,404,497,498,499,500,:
44:1,2,3,4,5,17,20,21,22,23,24,25,26,27,42,45,46,227,254,381,382,383,:
45:5,20,21,22,23,24,25,26,42,44,46,253,254,285,286,287,:
46:2,3,4,5,20,21,22,23,24,25,26,27,42,43,44,45,287,381,382,384,404,405,:
47:48,49,50,51,52,53,54,55,56,65,:
48:47,49,50,52,53,54,55,56,:
49:47,48,50,51,52,53,54,55,56,57,65,:
50:47,48,49,51,52,53,54,55,56,57,58,59,60,64,65,73,:
51:47,49,50,52,54,55,56,57,58,59,64,65,72,73,74,77,78,80,:
52:47,48,49,50,51,53,54,55,56,:
53:47,48,49,50,52,54,:
54:47,48,49,50,51,52,53,55,56,533,535,:
55:47,48,49,50,51,52,54,56,57,58,59,60,61,63,64,65,:
56:47,48,49,50,51,52,54,55,57,58,60,61,64,65,:
57:49,50,51,55,56,58,59,60,61,62,63,64,65,66,:
58:50,51,55,56,57,59,60,61,64,65,66,67,69,80,:
59:50,51,55,57,58,60,64,65,66,67,80,82,:
60:50,55,56,57,58,59,61,62,63,64,65,:
61:55,56,57,58,60,62,63,:
62:57,60,61,63,:
63:55,57,60,61,62,499,535,:
64:50,51,55,56,57,58,59,60,65,66,67,68,69,70,71,:
65:47,49,50,51,55,56,57,58,59,60,64,66,67,69,70,71,:
66:57,58,59,64,65,67,68,69,70,71,274,:
67:58,59,64,65,66,68,69,70,71,80,82,:
68:64,66,67,69,70,71,82,274,:
69:58,64,65,66,67,68,70,71,:
70:64,65,66,67,68,69,71,:
71:64,65,66,67,68,69,70,:
72:51,73,74,75,76,77,78,80,84,85,94,:
73:50,51,72,74,75,77,78,79,80,82,84,85,:
74:51,72,73,75,76,77,78,79,80,84,85,86,94,102,:
75:72,73,74,76,77,78,79,84,85,86,87,88,89,93,94,101,102,108,:
76:72,74,75,77,78,79,84,85,86,87,88,93,94,96,101,102,103,106,108,:
77:51,72,73,74,75,76,78,79,80,81,82,84,85,108,500,:
78:51,72,73,74,75,76,77,79,80,81,82,83,84,85,:
79:41,73,74,75,76,77,78,80,81,82,83,84,85,92,:
80:51,58,59,67,72,73,74,77,78,79,81,82,83,85,:
81:77,78,79,80,82,83,92,177,:
82:59,67,68,73,77,78,79,80,81,83,:
83:78,79,80,81,82,92,177,:
84:72,73,74,75,76,77,78,79,85,86,87,88,89,90,91,92,94,102,:
85:72,73,74,75,76,77,78,79,80,84,86,87,89,90,92,94,:
86:74,75,76,84,85,87,88,89,90,91,92,94,:
87:75,76,84,85,86,88,89,90,91,93,94,102,:
88:75,76,84,86,87,89,91,94,102,115,162,166,168,:
89:75,84,85,86,87,88,90,91,92,:
90:84,85,86,87,89,91,92,:
91:84,86,87,88,89,90,92,165,:
92:79,81,83,84,85,86,89,90,91,177,:
93:75,76,87,94,95,96,97,98,99,100,101,102,:
94:72,74,75,76,84,85,86,87,88,93,95,96,98,100,101,102,:
95:93,94,96,97,98,99,100,101,102,103,:
96:76,93,94,95,97,98,99,100,101,102,103,104,105,106,109,115,117,:
97:93,95,96,98,99,101,102,103,104,105,109,111,116,117,118,121,122,123,125,:
98:93,94,95,96,97,99,100,101,102,:
99:93,95,96,97,98,100,101,122,534,:
100:93,94,95,96,98,99,:
101:75,76,93,94,95,96,97,98,99,102,103,104,105,106,107,108,109,115,117,:
102:74,75,76,84,87,88,93,94,95,96,97,98,101,103,104,106,108,109,115,:
103:76,95,96,97,101,102,104,105,106,107,108,109,110,115,117,:
104:96,97,101,102,103,105,106,107,108,109,110,111,113,114,115,116,117,125,:
105:96,97,101,103,104,106,107,109,110,111,112,115,116,117,118,119,123,124,125,126,127,129,:
106:40,76,96,101,102,103,104,105,107,108,109,115,:
107:38,40,101,103,104,105,106,108,109,158,159,160,:
108:18,19,40,41,75,76,77,101,102,103,104,106,107,499,500,:
109:96,97,101,102,103,104,105,106,107,110,111,112,113,114,115,117,125,:
110:103,104,105,109,111,112,113,114,115,117,125,157,:
111:97,104,105,109,110,112,113,114,115,116,117,125,:
112:105,109,110,111,113,116,117,124,125,127,:
113:104,109,110,111,112,114,115,157,:
114:104,109,110,111,113,115,:
115:88,96,101,102,103,104,105,106,109,110,111,113,114,:
116:97,104,105,111,112,117,118,119,120,121,122,123,124,125,:
117:96,97,101,103,104,105,109,110,111,112,116,118,119,121,122,123,124,125,:
118:97,105,116,117,119,120,121,122,123,124,125,126,:
119:105,116,117,118,120,121,122,123,124,125,126,127,129,130,132,522,:
120:116,118,119,121,123,124,125,126,127,129,130,132,515,517,518,520,521,522,523,:
121:97,116,117,118,119,120,122,123,124,125,:
122:97,99,116,117,118,119,121,123,534,:
123:97,105,116,117,118,119,120,121,122,124,125,494,496,:
124:105,112,116,117,118,119,120,121,123,125,126,127,128,129,130,132,:
125:97,104,105,109,110,111,112,116,117,118,119,120,121,123,124,126,127,128,129,130,:
126:105,118,119,120,124,125,127,128,129,130,131,132,134,140,:
127:105,112,119,120,124,125,126,128,129,130,133,134,140,144,145,154,:
128:124,125,126,127,129,133,134,144,145,146,147,149,153,154,155,157,158,:
129:105,119,120,124,125,126,127,128,130,131,132,154,:
130:119,120,124,125,126,127,129,131,132,:
131:36,38,39,126,129,130,132,494,:
132:119,120,124,126,129,130,131,142,517,:
133:127,128,134,135,136,137,138,139,140,144,145,154,:
134:126,127,128,133,135,136,138,139,140,141,142,144,145,:
135:133,134,136,137,138,139,140,141,144,145,146,:
136:133,134,135,137,138,139,140,141,144,145,146,147,149,150,154,:
137:133,135,136,138,139,144,145,146,149,150,:
138:133,134,135,136,137,139,140,141,142,143,144,145,:
139:133,134,135,136,137,138,140,141,142,143,144,145,:
140:126,127,133,134,135,136,138,139,141,142,143,144,145,521,523,:
141:134,135,136,138,139,140,142,143,150,:
142:132,134,138,139,140,141,143,152,518,520,521,522,523,524,525,526,:
143:138,139,140,141,142,150,152,520,524,525,:
144:127,128,133,134,135,136,137,138,139,140,145,146,147,148,149,150,151,153,154,:
145:127,128,133,134,135,136,137,138,139,140,144,146,147,148,149,150,153,154,155,:
146:128,135,136,137,144,145,147,148,149,150,151,152,153,154,155,:
147:128,136,144,145,146,148,149,150,151,153,154,155,156,158,160,:
148:144,145,146,147,149,151,153,154,155,156,192,193,195,196,197,209,:
149:128,136,137,144,145,146,147,148,150,151,152,153,154,:
150:136,137,141,143,144,145,146,147,149,151,152,:
151:35,36,144,146,147,148,149,150,152,153,154,:
152:31,142,143,146,149,150,151,:
153:128,144,145,146,147,148,149,151,154,155,156,157,158,159,160,:
154:127,128,129,133,136,144,145,146,147,148,149,151,153,155,156,157,158,160,:
155:128,145,146,147,148,153,154,156,157,158,159,160,:
156:147,148,153,154,155,157,158,159,160,:
157:110,113,128,153,154,155,156,158,159,:
158:107,128,147,153,154,155,156,157,159,160,:
159:107,153,155,156,157,158,160,168,:
160:35,36,38,107,147,153,154,155,156,158,159,197,199,:
161:162,163,164,165,166,167,168,:
162:88,161,163,164,165,166,168,:
163:161,162,164,165,166,167,168,:
164:161,162,163,165,166,167,168,:
165:91,161,162,163,164,166,167,:
166:88,161,162,163,164,165,167,168,:
167:161,163,164,165,166,168,177,188,189,:
168:88,159,161,162,163,164,166,167,186,188,:
169:170,171,172,173,174,175,176,247,250,:
170:169,171,172,173,174,175,176,246,247,248,249,250,256,:
171:169,170,172,173,174,175,176,177,247,250,:
172:169,170,171,173,174,175,246,247,:
173:169,170,171,172,174,179,221,231,232,235,246,247,248,250,251,:
174:169,170,171,172,173,175,176,177,:
175:169,170,171,172,174,176,177,:
176:169,170,171,174,175,177,250,:
177:81,83,92,167,171,174,175,176,:
178:179,180,181,182,183,184,185,218,221,:
179:173,178,180,181,182,183,184,185,217,218,219,220,221,:
180:178,179,181,182,183,184,185,186,218,221,:
181:178,179,180,182,183,184,190,191,218,:
182:178,179,180,181,183,190,191,217,218,221,:
183:178,179,180,181,182,184,185,186,187,188,199,218,221,:
184:178,179,180,181,183,185,186,187,188,189,:
185:178,179,180,183,184,186,187,188,189,221,:
186:168,180,183,184,185,187,188,189,:
187:25,183,184,185,186,188,189,251,:
188:17,18,40,167,168,183,184,185,186,187,189,:
189:17,24,25,167,184,185,186,187,188,:
190:181,182,191,192,193,194,195,196,197,198,:
191:181,182,190,192,193,194,195,196,197,198,:
192:148,190,191,193,194,195,196,197,198,:
193:148,190,191,192,194,195,196,:
194:190,191,192,193,195,:
195:148,190,191,192,193,194,196,197,198,199,200,207,208,:
196:148,190,191,192,193,195,197,198,199,200,201,208,:
197:35,148,160,190,191,192,195,196,198,199,200,201,:
198:190,191,192,195,196,197,199,200,201,208,213,:
199:35,37,160,183,195,196,197,198,200,201,:
200:195,196,197,198,199,201,213,217,218,225,:
201:35,37,196,197,198,199,200,218,223,224,225,:
202:203,204,205,206,207,208,209,:
203:202,204,205,206,207,208,209,:
204:202,203,205,206,207,208,209,:
205:202,203,204,206,207,208,209,212,213,:
206:202,203,204,205,207,208,212,213,:
207:195,202,203,204,205,206,208,209,:
208:195,196,198,202,203,204,205,206,207,209,213,:
209:148,202,203,204,205,207,208,:
210:211,212,213,214,215,216,:
211:210,212,213,214,215,216,:
212:205,206,210,211,213,214,215,216,:
213:198,200,205,206,208,210,211,212,214,215,216,:
214:210,211,212,213,215,216,319,:
215:210,211,212,213,214,216,318,319,320,322,:
216:210,211,212,213,214,215,:
217:179,182,200,218,219,220,221,222,223,229,230,319,:
218:178,179,180,181,182,183,200,201,217,219,220,221,222,223,229,:
219:179,217,218,220,221,222,223,224,229,230,231,318,319,:
220:179,217,218,219,221,222,223,229,230,231,232,233,234,:
221:173,178,179,180,182,183,185,217,218,219,220,222,223,229,230,231,232,247,:
222:217,218,219,220,221,223,224,225,226,228,229,230,318,319,320,:
223:201,217,218,219,220,221,222,224,225,226,227,228,229,:
224:32,201,219,222,223,225,226,227,228,255,:
225:32,200,201,222,223,224,226,227,228,320,:
226:17,24,25,26,32,37,222,223,224,225,227,228,253,255,308,:
227:4,11,17,24,25,26,32,33,37,44,223,224,225,226,228,255,308,:
228:17,24,25,26,222,223,224,225,226,227,252,253,254,255,308,:
229:217,218,219,220,221,222,223,230,231,232,233,234,235,246,247,:
230:217,219,220,221,222,229,231,232,233,234,:
231:173,219,220,221,229,230,232,233,234,235,236,246,247,248,:
232:173,220,221,229,230,231,233,234,235,246,247,248,249,250,251,310,315,:
233:220,229,230,231,232,234,235,246,247,248,249,251,293,303,304,309,310,311,315,:
234:220,229,230,231,232,233,235,236,237,238,239,246,247,:
235:173,229,231,232,233,234,236,237,238,239,240,241,246,247,315,317,:
236:231,234,235,237,238,239,240,241,242,243,244,315,317,:
237:234,235,236,238,239,240,241,242,243,244,245,:
238:234,235,236,237,239,240,241,243,244,245,:
239:234,235,236,237,238,240,241,242,243,244,245,:
240:235,236,237,238,239,241,242,243,244,245,:
241:235,236,237,238,239,240,242,243,245,:
242:236,237,239,240,241,243,244,245,:
243:236,237,238,239,240,241,242,244,245,:
244:236,237,238,239,240,242,243,245,:
245:237,238,239,240,241,242,243,244,:
246:170,172,173,229,231,232,233,234,235,247,248,249,250,251,252,256,257,310,:
247:169,170,171,172,173,221,229,231,232,233,234,235,246,248,249,250,251,256,:
248:170,173,231,232,233,246,247,249,250,251,252,253,255,256,257,258,293,310,:
249:170,232,233,246,247,248,250,251,252,256,257,258,259,261,293,:
250:169,170,171,173,176,232,246,247,248,249,251,256,257,258,259,261,:
251:173,187,232,233,246,247,248,249,250,252,253,254,255,256,257,293,:
252:25,228,246,248,249,251,253,254,255,256,257,285,293,:
253:25,45,226,228,248,251,252,254,255,257,283,289,292,293,301,:
254:23,25,44,45,228,251,252,253,255,282,283,284,285,289,290,291,292,293,301,302,:
255:25,224,226,227,228,248,251,252,253,254,292,293,301,303,306,308,:
256:170,246,247,248,249,250,251,252,257,258,259,260,261,262,290,293,:
257:246,248,249,250,251,252,253,256,258,259,260,261,289,290,291,292,293,294,:
258:248,249,250,256,257,259,260,261,262,263,290,293,:
259:249,250,256,257,258,260,261,262,289,290,:
260:256,257,258,259,261,262,279,282,283,289,290,291,293,:
261:249,250,256,257,258,259,260,262,263,264,265,:
262:256,258,259,260,261,263,264,265,:
263:258,261,262,264,265,:
264:261,262,263,265,:
265:261,262,263,264,:
266:267,268,269,270,271,272,273,275,276,395,398,:
267:266,268,269,270,271,273,275,394,395,396,397,398,:
268:266,267,269,270,271,272,273,274,275,276,277,395,:
269:266,267,268,270,271,272,273,275,276,277,278,279,395,:
270:266,267,268,269,271,272,273,275,276,277,278,380,387,388,390,393,394,395,396,398,:
271:266,267,268,269,270,272,273,274,275,276,:
272:266,268,269,270,271,273,274,275,276,:
273:266,267,268,269,270,271,272,274,395,:
274:66,68,268,271,272,273,:
275:266,267,268,269,270,271,272,276,277,278,279,280,281,:
276:266,268,269,270,271,272,275,277,278,279,:
277:268,269,270,275,276,278,279,280,281,282,380,391,:
278:269,270,275,276,277,279,280,281,282,283,285,286,380,:
279:260,269,275,276,277,278,280,281,282,283,285,286,288,:
280:275,277,278,279,281,282,283,284,285,286,288,289,290,377,380,:
281:275,277,278,279,280,282,283,284,285,286,289,369,376,377,378,379,380,385,:
282:254,260,277,278,279,280,281,283,284,285,286,287,288,289,290,291,377,380,:
283:253,254,260,278,279,280,281,282,284,285,286,289,290,291,292,293,294,369,377,380,:
284:254,280,281,282,283,285,289,290,291,292,302,365,366,368,369,376,377,378,380,381,:
285:45,252,254,278,279,280,281,282,283,284,286,287,288,289,290,380,:
286:45,278,279,280,281,282,283,285,287,288,:
287:20,21,23,42,43,45,46,282,285,286,288,404,:
288:279,280,282,285,286,287,:
289:253,254,257,259,260,280,281,282,283,284,285,290,291,292,293,294,295,301,302,377,:
290:254,256,257,258,259,260,280,282,283,284,285,289,291,292,293,294,:
291:254,257,260,282,283,284,289,290,292,293,294,295,296,301,302,303,353,:
292:253,254,255,257,283,284,289,290,291,293,294,295,301,302,303,304,305,306,308,309,310,353,:
293:233,248,249,251,252,253,254,255,256,257,258,260,283,289,290,291,292,294,295,301,302,303,304,309,310,:
294:257,283,289,290,291,292,293,295,296,297,298,301,302,:
295:289,291,292,293,294,296,297,298,299,300,301,302,304,305,316,353,:
296:291,294,295,297,298,299,300,:
297:294,295,296,298,299,300,:
298:294,295,296,297,299,300,:
299:295,296,297,298,300,:
300:295,296,297,298,299,305,350,:
301:253,254,255,289,291,292,293,294,295,302,303,304,305,306,307,308,309,310,353,:
302:254,284,289,291,292,293,294,295,301,303,304,305,306,308,352,353,363,365,:
303:233,255,291,292,293,301,302,304,305,306,307,308,309,310,311,353,:
304:233,292,293,295,301,302,303,305,306,307,308,309,310,311,312,314,316,:
305:292,295,300,301,302,303,304,306,307,309,310,311,312,314,316,350,353,:
306:255,292,301,302,303,304,305,307,308,309,310,353,:
307:301,303,304,305,306,308,309,310,:
308:226,227,228,255,292,301,302,303,304,306,307,356,:
309:233,292,293,301,303,304,305,306,307,310,311,312,313,314,315,316,:
310:232,233,246,248,292,293,301,303,304,305,306,307,309,311,312,314,315,316,:
311:233,303,304,305,309,310,312,313,314,315,316,317,:
312:304,305,309,310,311,313,314,315,316,:
313:309,311,312,314,315,:
314:304,305,309,310,311,312,313,315,316,317,:
315:232,233,235,236,309,310,311,312,313,314,316,317,:
316:295,304,305,309,310,311,312,314,315,317,:
317:235,236,311,314,315,316,:
318:215,219,222,319,320,321,322,323,324,:
319:214,215,217,219,222,318,320,321,322,:
320:215,222,225,318,319,321,322,323,324,325,:
321:318,319,320,322,323,324,325,326,328,:
322:215,318,319,320,321,323,324,325,326,327,337,338,343,:
323:318,320,321,322,324,325,326,327,328,329,330,331,:
324:318,320,321,322,323,325,326,328,329,330,331,:
325:320,321,322,323,324,326,327,328,329,330,331,338,:
326:321,322,323,324,325,327,328,329,337,338,:
327:322,323,325,326,328,337,338,339,340,342,:
328:321,323,324,325,326,327,329,330,331,332,333,:
329:323,324,325,326,328,330,331,332,333,334,:
330:323,324,325,328,329,331,332,333,334,335,336,345,:
331:323,324,325,328,329,330,332,333,334,335,355,356,357,358,359,360,:
332:328,329,330,331,333,334,335,336,345,431,:
333:328,329,330,331,332,334,335,336,358,360,361,362,428,431,:
334:329,330,331,332,333,335,336,428,431,:
335:33,34,330,331,332,333,334,336,425,428,431,457,458,459,:
336:34,330,332,333,334,335,457,458,459,:
337:322,326,327,338,339,340,341,342,343,:
338:322,325,326,327,337,339,340,341,342,343,:
339:327,337,338,340,341,342,343,344,348,:
340:327,337,338,339,341,342,343,:
341:337,338,339,340,342,:
342:327,337,338,339,340,341,343,344,345,346,347,348,:
343:322,337,338,339,340,342,344,345,346,347,348,:
344:339,342,343,345,346,347,348,:
345:330,332,342,343,344,346,347,348,:
346:342,343,344,345,347,348,:
347:342,343,344,345,346,348,:
348:339,342,343,344,345,346,347,:
349:350,351,352,353,354,355,363,364,:
350:300,305,349,351,352,353,354,363,:
351:349,350,352,353,354,355,356,357,363,364,365,:
352:302,349,350,351,353,354,355,356,363,364,365,366,368,:
353:291,292,295,301,302,303,305,306,349,350,351,352,354,355,356,363,364,365,368,:
354:349,350,351,352,353,355,356,357,358,359,363,364,:
355:331,349,351,352,353,354,356,357,358,359,360,363,364,:
356:308,331,351,352,353,354,355,357,358,359,360,361,362,363,364,383,:
357:331,351,354,355,356,358,359,360,361,364,430,:
358:331,333,354,355,356,357,359,360,361,362,382,383,:
359:331,354,355,356,357,358,360,361,362,421,429,430,:
360:331,333,355,356,357,358,359,361,362,383,421,428,429,430,:
361:333,356,357,358,359,360,362,383,420,421,422,428,429,430,:
362:1,333,356,358,359,360,361,382,383,420,422,428,429,430,466,:
363:302,349,350,351,352,353,354,355,356,364,365,366,367,368,369,376,377,:
364:349,351,352,353,354,355,356,357,363,365,366,367,368,376,:
365:284,302,351,352,353,363,364,366,367,368,369,370,376,377,378,:
366:284,352,363,364,365,367,368,369,376,377,378,379,380,381,382,383,:
367:363,364,365,366,368,369,376,377,378,379,381,382,383,416,417,:
368:284,352,353,363,364,365,366,367,369,370,371,376,377,:
369:281,283,284,363,365,366,367,368,370,371,372,376,377,392,:
370:365,368,369,371,372,373,374,375,391,392,:
371:368,369,370,372,373,374,375,:
372:369,370,371,373,374,375,:
373:370,371,372,374,375,:
374:370,371,372,373,375,:
375:370,371,372,373,374,:
376:281,284,363,364,365,366,367,368,369,377,378,379,380,381,382,383,384,385,386,392,:
377:280,281,282,283,284,289,363,365,366,367,368,369,376,378,379,380,381,382,383,385,:
378:281,284,365,366,367,376,377,379,380,381,382,383,384,385,386,387,392,:
379:281,366,367,376,377,378,380,381,382,384,385,386,387,388,390,391,392,:
380:270,277,278,280,281,282,283,284,285,366,376,377,378,379,381,384,385,386,387,388,390,391,392,395,:
381:23,44,46,284,366,367,376,377,378,379,380,382,383,384,385,386,:
382:1,23,44,46,358,362,366,367,376,377,378,379,381,383,384,:
383:1,44,356,358,360,361,362,366,367,376,377,378,381,382,384,:
384:46,376,378,379,380,381,382,383,385,386,404,405,:
385:281,376,377,378,379,380,381,384,386,387,388,389,390,391,392,393,394,395,:
386:376,378,379,380,381,384,385,387,388,389,390,391,392,394,:
387:270,378,379,380,385,386,388,389,390,391,392,393,394,395,396,:
388:270,379,380,385,386,387,389,390,391,393,394,395,396,397,398,399,400,:
389:385,386,387,388,390,393,394,395,396,397,408,409,:
390:270,379,380,385,386,387,388,389,391,392,393,394,395,:
391:277,370,379,380,385,386,387,388,390,392,393,:
392:369,370,376,378,379,380,385,386,387,390,391,393,:
393:270,385,387,388,389,390,391,392,394,395,:
394:267,270,385,386,387,388,389,390,393,395,396,397,398,399,400,401,402,:
395:266,267,268,269,270,273,380,385,387,388,389,390,393,394,396,397,398,399,400,402,:
396:267,270,387,388,389,394,395,397,398,399,400,401,402,:
397:267,388,389,394,395,396,398,399,400,:
398:266,267,270,388,394,395,396,397,399,:
399:388,394,395,396,397,398,400,401,402,403,404,:
400:388,394,395,396,397,399,401,402,403,404,405,:
401:394,396,399,400,402,403,404,405,:
402:394,395,396,399,400,401,403,404,405,:
403:399,400,401,402,404,405,468,:
404:21,43,46,287,384,399,400,401,402,403,405,:
405:21,46,384,400,401,402,403,404,468,:
406:407,408,409,410,411,412,413,:
407:406,408,409,410,411,413,:
408:389,406,407,409,410,411,412,413,:
409:389,406,407,408,410,411,412,413,:
410:406,407,408,409,411,412,415,:
411:406,407,408,409,410,412,413,:
412:406,408,409,410,411,413,:
413:406,407,408,409,411,412,508,:
414:415,416,417,418,419,420,421,:
415:410,414,416,417,418,419,420,:
416:367,414,415,417,418,419,420,421,422,:
417:367,414,415,416,418,419,420,421,:
418:414,415,416,417,419,421,:
419:414,415,416,417,418,420,421,422,:
420:361,362,414,415,416,417,419,421,422,:
421:359,360,361,414,416,417,418,419,420,422,430,:
422:361,362,416,419,420,421,429,432,433,434,437,:
423:424,425,426,427,428,429,430,431,432,433,441,453,:
424:423,425,426,428,429,430,431,432,433,:
425:335,423,424,426,427,428,429,430,431,432,433,434,441,453,:
426:423,424,425,427,428,429,430,431,432,433,434,435,436,437,439,440,441,452,453,461,:
427:423,425,426,428,429,432,433,434,435,436,440,441,443,452,453,454,455,457,460,461,465,466,:
428:333,334,335,360,361,362,423,424,425,426,427,429,430,431,432,433,:
429:359,360,361,362,422,423,424,425,426,427,428,430,431,432,433,:
430:357,359,360,361,362,421,423,424,425,426,428,429,431,432,433,:
431:332,333,334,335,423,424,425,426,428,429,430,:
432:422,423,424,425,426,427,428,429,430,433,434,435,436,437,438,439,440,441,453,461,:
433:422,423,424,425,426,427,428,429,430,432,434,435,437,438,439,440,441,:
434:422,425,426,427,432,433,435,436,437,438,439,440,441,442,453,461,:
435:426,427,432,433,434,436,437,438,439,440,441,442,443,444,445,452,453,460,461,470,:
436:426,427,432,434,435,437,438,440,441,442,443,444,452,453,455,460,461,462,463,465,469,470,471,474,475,476,:
437:422,426,432,433,434,435,436,438,439,440,441,:
438:432,433,434,435,436,437,439,440,441,:
439:426,432,433,434,435,437,438,440,441,:
440:426,427,432,433,434,435,436,437,438,439,441,442,443,444,445,446,452,453,461,470,:
441:423,425,426,427,432,433,434,435,436,437,438,439,440,442,443,445,446,447,452,453,:
442:434,435,436,440,441,443,444,445,446,447,452,453,454,461,470,:
443:427,435,436,440,441,442,444,445,446,452,453,454,455,456,457,460,461,469,470,479,:
444:435,436,440,442,443,445,452,453,454,455,456,460,461,469,470,471,472,474,478,479,480,483,:
445:435,440,441,442,443,444,446,447,448,449,451,452,453,:
446:440,441,442,443,445,447,448,449,450,451,:
447:441,442,445,446,448,449,450,451,:
448:445,446,447,449,450,451,:
449:445,446,447,448,450,451,:
450:446,447,448,449,451,:
451:445,446,447,448,449,450,:
452:426,427,435,436,440,441,442,443,444,445,453,454,455,456,457,458,459,460,461,470,479,:
453:423,425,426,427,432,434,435,436,440,441,442,443,444,445,452,454,455,457,458,459,460,461,:
454:427,442,443,444,452,453,455,456,457,458,459,460,461,462,479,:
455:28,30,427,436,443,444,452,453,454,456,457,458,460,461,462,463,464,465,469,470,478,479,488,:
456:28,29,30,443,444,452,454,455,457,460,461,462,463,464,469,470,478,479,480,481,483,486,487,488,489,492,:
457:28,30,335,336,427,443,452,453,454,455,456,458,459,460,461,:
458:335,336,452,453,454,455,457,459,:
459:335,336,452,453,454,457,458,:
460:28,427,435,436,443,444,452,453,454,455,456,457,461,462,463,464,465,466,467,468,469,470,479,488,:
461:426,427,432,434,435,436,440,442,443,444,452,453,454,455,456,457,460,462,463,465,466,467,469,470,:
462:3,28,436,454,455,456,460,461,463,464,465,466,467,468,469,470,471,479,488,:
463:436,455,456,460,461,462,464,465,466,468,469,470,471,472,473,474,478,479,487,488,502,:
464:455,456,460,462,463,465,468,469,470,471,472,473,478,479,487,488,489,490,492,501,502,503,506,507,508,:
465:3,427,436,455,460,461,462,463,464,466,467,468,469,470,:
466:1,2,3,28,362,427,460,461,462,463,465,467,468,:
467:1,2,3,4,7,28,460,461,462,465,466,468,:
468:3,403,405,460,462,463,464,465,466,467,469,470,:
469:436,443,444,455,456,460,461,462,463,464,465,468,470,471,472,473,474,475,477,478,479,488,502,:
470:435,436,440,442,443,444,452,455,456,460,461,462,463,464,465,468,469,471,472,474,475,477,478,479,:
471:436,444,462,463,464,469,470,472,473,474,475,477,478,479,480,488,502,:
472:444,463,464,469,470,471,473,474,475,478,479,480,481,482,483,487,488,501,502,:
473:463,464,469,471,472,474,478,479,480,481,482,487,488,490,501,502,503,504,506,:
474:436,444,463,469,470,471,472,473,475,476,477,478,479,:
475:436,469,470,471,472,474,476,477,:
476:436,474,475,477,:
477:469,470,471,474,475,476,:
478:444,455,456,463,464,469,470,471,472,473,474,479,480,481,482,483,484,487,488,502,:
479:443,444,452,454,455,456,460,462,463,464,469,470,471,472,473,474,478,480,481,483,484,487,488,:
480:444,456,471,472,473,478,479,481,482,483,484,485,487,488,489,502,:
481:456,472,473,478,479,480,482,483,484,485,487,488,489,490,491,492,501,502,511,:
482:472,473,478,480,481,483,484,485,487,488,489,490,491,501,502,504,510,511,512,515,516,:
483:444,456,472,478,479,480,481,482,484,485,486,487,488,:
484:478,479,480,481,482,483,485,486,487,488,:
485:480,481,482,483,484,486,487,488,517,518,519,:
486:9,30,31,456,483,484,485,487,488,:
487:456,463,464,472,473,478,479,480,481,482,483,484,485,486,488,489,490,491,492,493,501,502,511,:
488:30,455,456,460,462,463,464,469,471,472,473,478,479,480,481,482,483,484,485,486,487,489,490,492,501,502,:
489:456,464,480,481,482,487,488,490,491,492,493,494,495,501,502,503,511,:
490:464,473,481,482,487,488,489,491,492,493,494,495,501,502,503,504,505,506,510,511,528,:
491:481,482,487,489,490,492,493,494,501,502,503,504,505,510,511,512,513,515,527,528,529,532,:
492:29,456,464,481,487,488,489,490,491,493,494,495,496,497,501,502,:
493:29,487,489,490,491,492,494,495,496,497,498,501,502,:
494:123,131,489,490,491,492,493,495,496,497,498,499,:
495:27,29,489,490,492,493,494,496,497,498,499,500,:
496:123,492,493,494,495,497,498,499,500,535,:
497:19,21,27,41,43,492,493,494,495,496,498,499,500,:
498:19,40,41,43,493,494,495,496,497,499,500,535,:
499:19,21,41,43,63,108,494,495,496,497,498,500,535,:
500:18,19,20,21,40,41,42,43,77,108,495,496,497,498,499,:
501:464,472,473,481,482,487,488,489,490,491,492,493,502,503,504,505,506,507,509,511,528,:
502:463,464,469,471,472,473,478,480,481,482,487,488,489,490,491,492,493,501,503,504,506,507,508,:
503:464,473,489,490,491,501,502,504,505,506,507,508,509,511,528,:
504:473,482,490,491,501,502,503,505,506,507,510,511,527,528,:
505:490,491,501,503,504,506,510,511,527,528,529,530,532,:
506:464,473,490,501,502,503,504,505,507,508,509,:
507:464,501,502,503,504,506,508,509,:
508:413,464,502,503,506,507,509,:
509:501,503,506,507,508,:
510:482,490,491,504,505,511,512,513,514,515,516,527,528,:
511:481,482,487,489,490,491,501,503,504,505,510,512,513,515,516,527,528,:
512:482,491,510,511,513,514,515,516,517,527,528,529,:
513:491,510,511,512,514,515,516,527,528,529,530,531,532,:
514:510,512,513,515,527,528,529,530,531,:
515:120,482,491,510,511,512,513,514,516,517,518,527,528,:
516:482,510,511,512,513,515,517,518,519,520,521,522,:
517:120,132,485,512,515,516,518,519,520,521,522,523,524,525,:
518:120,142,485,515,516,517,519,520,521,522,523,524,525,526,:
519:485,516,517,518,520,521,522,524,525,526,:
520:120,142,143,516,517,518,519,521,522,523,524,525,526,:
521:120,140,142,516,517,518,519,520,522,523,524,525,526,:
522:119,120,142,516,517,518,519,520,521,523,524,526,:
523:120,140,142,517,518,520,521,522,524,525,526,:
524:142,143,517,518,519,520,521,522,523,525,526,:
525:142,143,517,518,519,520,521,523,524,526,:
526:142,518,519,520,521,522,523,524,525,:
527:491,504,505,510,511,512,513,514,515,528,529,530,531,532,533,:
528:490,491,501,503,504,505,510,511,512,513,514,515,527,529,530,532,533,:
529:491,505,512,513,514,527,528,530,531,532,533,534,535,:
530:505,513,514,527,528,529,531,532,533,:
531:513,514,527,529,530,532,:
532:491,505,513,527,528,529,530,531,533,534,535,:
533:54,527,528,529,530,532,534,535,:
534:99,122,529,532,533,535,:
535:54,63,496,498,499,529,532,533,534,:
