1:2,3,4,5,6,13,14,15,16,17,18,19,20,21,182,318,319,320,:
2:1,3,4,5,6,7,13,14,15,16,17,18,19,20,21,23,320,:
3:1,2,4,5,6,13,14,15,16,17,18,19,20,21,182,226,227,:
4:1,2,3,5,6,13,14,15,16,17,20,21,181,182,212,213,226,227,320,:
5:1,2,3,4,6,7,8,13,14,15,16,17,18,19,20,21,22,23,149,:
6:1,2,3,4,5,7,8,9,10,13,14,15,17,18,19,20,21,22,23,24,25,266,:
7:2,5,6,8,9,10,11,18,19,20,21,22,23,24,25,147,148,165,262,263,402,:
8:5,6,7,9,10,11,12,19,20,21,22,23,24,25,26,27,28,165,257,259,260,261,262,263,:
9:6,7,8,10,11,12,20,21,22,23,24,25,26,27,28,163,164,165,257,259,260,262,357,:
10:6,7,8,9,11,12,21,22,23,24,25,26,27,28,133,134,146,147,148,150,163,164,165,357,374,:
11:7,8,9,10,12,22,24,25,26,27,28,68,72,164,165,256,257,258,259,260,262,357,425,426,428,:
12:8,9,10,11,22,25,27,28,132,133,134,142,146,147,148,163,164,165,355,357,374,375,:
13:1,2,3,4,5,6,15,16,17,19,20,21,226,227,243,:
14:1,2,3,4,5,6,15,16,17,18,19,21,182,313,318,319,320,335,:
15:1,2,3,4,5,6,13,14,16,17,18,19,20,21,181,182,318,320,334,335,336,:
16:1,2,3,4,5,13,14,15,17,18,181,182,184,317,318,319,320,:
17:1,2,3,4,5,6,13,14,15,16,18,19,20,21,320,:
18:1,2,3,5,6,7,14,15,16,17,19,20,21,22,23,25,146,147,149,151,:
19:1,2,3,5,6,7,8,13,14,15,17,18,20,21,22,23,:
20:1,2,3,4,5,6,7,8,9,13,15,17,18,19,21,22,23,24,261,263,264,266,:
21:1,2,3,4,5,6,7,8,9,10,13,14,15,17,18,19,20,22,23,24,25,146,158,165,266,:
22:5,6,7,8,9,10,11,12,18,19,20,21,23,24,25,28,146,147,148,149,150,151,165,402,:
23:2,5,6,7,8,9,10,18,19,20,21,22,24,25,262,263,401,402,404,:
24:6,7,8,9,10,11,20,21,22,23,25,26,27,256,257,258,259,260,261,262,263,264,:
25:6,7,8,9,10,11,12,18,21,22,23,24,27,28,133,146,147,148,149,150,151,163,165,:
26:8,9,10,11,24,27,28,68,72,255,256,257,258,259,260,261,262,263,426,428,:
27:8,9,10,11,12,24,25,26,28,68,72,73,74,163,164,165,257,260,357,425,426,428,:
28:8,9,10,11,12,22,25,26,27,74,111,132,133,134,146,163,164,165,355,357,:
29:30,31,32,33,34,35,64,65,66,:
30:29,31,32,34,35,64,65,66,85,:
31:29,30,32,33,34,35,36,64,65,66,84,85,245,253,254,:
32:29,30,31,33,34,35,36,37,39,40,66,245,253,254,258,:
33:29,31,32,34,35,36,39,235,236,238,244,245,246,247,253,254,255,258,259,261,:
34:29,30,31,32,33,35,36,37,38,39,40,41,46,66,:
35:29,30,31,32,33,34,36,37,38,39,40,41,45,46,66,:
36:31,32,33,34,35,37,38,39,40,41,42,46,47,52,:
37:32,34,35,36,38,39,40,41,42,43,46,47,48,50,51,52,:
38:34,35,36,37,39,40,41,42,43,44,45,46,47,48,52,:
39:32,33,34,35,36,37,38,40,41,42,43,45,46,52,259,260,261,262,263,:
40:32,34,35,36,37,38,39,41,42,43,44,45,63,260,262,:
41:34,35,36,37,38,39,40,42,43,44,45,46,:
42:36,37,38,39,40,41,43,44,45,46,52,:
43:37,38,39,40,41,42,44,45,:
44:38,40,41,42,43,45,:
45:35,38,39,40,41,42,43,44,63,66,:
46:34,35,36,37,38,39,41,42,47,48,49,50,51,52,:
47:36,37,38,46,48,49,50,51,52,:
48:37,38,46,47,49,50,51,52,:
49:46,47,48,50,:
50:37,46,47,48,49,51,52,:
51:37,46,47,48,50,52,240,242,:
52:36,37,38,39,42,46,47,48,50,51,239,240,241,242,:
53:54,55,56,57,58,59,:
54:53,55,56,57,58,:
55:53,54,56,57,58,59,60,:
56:53,54,55,57,58,59,60,61,62,63,419,420,:
57:53,54,55,56,58,59,60,61,62,67,415,416,418,419,420,421,:
58:53,54,55,56,57,59,60,61,62,63,64,65,66,67,68,420,:
59:53,55,56,57,58,60,61,62,63,64,65,66,:
60:55,56,57,58,59,61,62,63,64,65,66,67,68,69,79,420,426,427,428,:
61:56,57,58,59,60,62,63,64,65,67,68,69,70,72,78,79,85,87,420,428,:
62:56,57,58,59,60,61,63,64,65,67,68,69,70,78,79,85,86,87,91,92,:
63:40,45,56,58,59,60,61,62,64,65,66,67,68,79,426,427,428,:
64:29,30,31,58,59,60,61,62,63,65,66,67,68,79,84,85,:
65:29,30,31,58,59,60,61,62,63,64,66,67,68,70,78,79,80,83,84,85,87,258,:
66:29,30,31,32,34,35,45,58,59,60,63,64,65,85,:
67:57,58,60,61,62,63,64,65,68,69,70,71,72,73,78,79,87,258,425,426,428,:
68:11,26,27,58,60,61,62,63,64,65,67,69,70,72,73,78,79,258,260,425,426,427,428,:
69:60,61,62,67,68,70,71,72,73,74,75,78,79,80,87,96,418,428,:
70:61,62,65,67,68,69,71,72,73,75,78,79,80,81,83,85,86,87,95,96,:
71:67,69,70,72,73,75,78,79,80,81,82,86,87,95,96,97,100,282,283,:
72:11,26,27,61,67,68,69,70,71,73,74,75,76,77,78,79,164,418,428,:
73:27,67,68,69,70,71,72,74,75,76,77,114,164,418,:
74:27,28,69,72,73,75,76,77,114,134,164,354,355,357,418,:
75:69,70,71,72,73,74,76,77,100,114,116,418,:
76:72,73,74,75,77,110,111,112,114,134,164,349,350,354,:
77:72,73,74,75,76,112,114,116,418,:
78:61,62,65,67,68,69,70,71,72,79,80,81,82,83,84,85,86,87,96,255,258,:
79:60,61,62,63,64,65,67,68,69,70,71,72,78,80,81,83,84,85,86,87,255,258,:
80:65,69,70,71,78,79,81,82,83,84,85,86,87,88,96,:
81:70,71,78,79,80,82,83,84,85,86,87,88,89,91,95,96,:
82:71,78,80,81,83,84,86,87,88,89,90,95,96,:
83:65,70,78,79,80,81,82,84,85,86,87,247,253,255,:
84:31,64,65,78,79,80,81,82,83,85,86,87,:
85:30,31,61,62,64,65,66,70,78,79,80,81,83,84,86,87,:
86:62,70,71,78,79,80,81,82,83,84,85,87,88,89,90,91,92,95,96,:
87:61,62,65,67,69,70,71,78,79,80,81,82,83,84,85,86,88,89,91,92,95,96,:
88:80,81,82,86,87,89,90,91,92,95,96,97,:
89:81,82,86,87,88,90,91,92,95,96,97,98,100,:
90:82,86,88,89,91,92,95,96,97,98,99,:
91:62,81,86,87,88,89,90,92,93,95,96,:
92:62,86,87,88,89,90,91,93,94,95,96,:
93:91,92,94,:
94:92,93,418,:
95:70,71,81,82,86,87,88,89,90,91,92,96,97,98,99,100,:
96:69,70,71,78,80,81,82,86,87,88,89,90,91,92,95,97,98,100,:
97:71,88,89,90,95,96,98,99,100,:
98:89,90,95,96,97,99,100,:
99:90,95,97,98,100,:
100:71,75,89,95,96,97,98,99,115,116,:
101:102,103,104,105,106,107,117,118,:
102:101,103,104,105,106,117,:
103:101,102,104,105,106,107,108,109,117,118,119,:
104:101,102,103,105,106,107,108,117,118,119,120,122,123,125,126,127,:
105:101,102,103,104,106,107,108,117,118,119,120,125,126,127,:
106:101,102,103,104,105,107,108,109,110,112,113,117,118,:
107:101,103,104,105,106,108,109,110,111,112,113,114,115,117,118,:
108:103,104,105,106,107,109,110,111,112,113,114,131,134,145,:
109:103,106,107,108,110,111,112,113,114,115,116,:
110:76,106,107,108,109,111,112,113,114,116,131,132,134,145,162,163,164,:
111:28,76,107,108,109,110,112,114,131,132,133,134,145,162,163,164,165,:
112:76,77,106,107,108,109,110,111,113,114,115,116,134,162,164,:
113:106,107,108,109,110,112,114,115,116,:
114:73,74,75,76,77,107,108,109,110,111,112,113,115,116,162,163,164,283,:
115:100,107,109,112,113,114,116,:
116:75,77,100,109,110,112,113,114,115,283,:
117:101,102,103,104,105,106,107,118,119,120,121,122,123,124,125,126,127,:
118:101,103,104,105,106,107,117,119,120,121,122,123,125,126,337,339,350,:
119:103,104,105,117,118,120,121,122,123,124,125,126,127,128,350,:
120:104,105,117,118,119,121,122,123,124,126,127,128,129,131,349,350,381,:
121:117,118,119,120,122,124,126,127,128,131,339,340,349,350,351,353,354,381,:
122:104,117,118,119,120,121,123,124,125,126,127,345,350,:
123:104,117,118,119,120,122,124,125,345,:
124:117,119,120,121,122,123,125,126,127,347,381,:
125:104,105,117,118,119,122,123,124,:
126:104,105,117,118,119,120,121,122,124,127,128,129,130,131,132,135,136,350,381,:
127:104,105,117,119,120,121,122,124,126,128,129,130,131,135,381,:
128:119,120,121,126,127,129,130,131,132,133,134,135,136,137,141,142,381,:
129:120,126,127,128,130,131,132,133,135,136,137,138,140,141,142,381,:
130:126,127,128,129,131,135,136,137,138,139,141,142,285,286,287,293,:
131:108,110,111,120,121,126,127,128,129,130,132,133,134,135,136,141,142,145,354,:
132:12,28,110,111,126,128,129,131,133,134,135,136,141,142,145,164,354,355,357,375,:
133:10,12,25,28,111,128,129,131,132,134,135,136,137,138,141,142,143,145,146,147,148,354,355,357,373,375,:
134:10,12,28,74,76,108,110,111,112,128,131,132,133,142,145,163,164,165,354,355,357,:
135:126,127,128,129,130,131,132,133,136,137,138,139,140,141,142,375,378,:
136:126,128,129,130,131,132,133,135,137,138,140,141,142,370,371,373,375,376,377,378,381,:
137:128,129,130,133,135,136,138,139,140,141,142,143,:
138:129,130,133,135,136,137,139,140,141,142,143,144,145,146,147,148,295,:
139:130,135,137,138,140,141,142,143,144,146,147,287,288,293,294,295,296,299,:
140:129,135,136,137,138,139,141,142,148,150,371,375,:
141:128,129,130,131,132,133,135,136,137,138,139,140,142,143,144,145,146,147,148,149,152,153,293,:
142:12,128,129,130,131,132,133,134,135,136,137,138,139,140,141,143,144,145,146,147,148,375,:
143:133,137,138,139,141,142,144,145,146,147,148,149,152,153,154,158,:
144:138,139,141,142,143,145,146,147,152,153,154,155,157,158,293,:
145:108,110,111,131,132,133,134,138,141,142,143,144,146,152,153,154,155,156,157,158,293,:
146:10,12,18,21,22,25,28,133,138,139,141,142,143,144,145,147,148,149,150,151,152,153,158,165,:
147:7,10,12,18,22,25,133,138,139,141,142,143,144,146,148,149,150,151,:
148:7,10,12,22,25,133,138,140,141,142,143,146,147,149,150,151,373,374,375,402,403,:
149:5,18,22,25,141,143,146,147,148,150,151,298,299,:
150:10,22,25,140,146,147,148,149,151,373,374,375,400,401,402,403,:
151:18,22,25,146,147,148,149,150,302,400,402,403,412,:
152:141,143,144,145,146,153,154,155,156,157,158,293,311,336,:
153:141,143,144,145,146,152,154,155,157,158,311,334,335,336,:
154:143,144,145,152,153,155,156,157,158,159,167,311,336,:
155:144,145,152,153,154,156,157,158,159,160,161,162,163,165,166,167,336,:
156:145,152,154,155,157,158,159,160,161,162,166,167,168,171,173,:
157:144,145,152,153,154,155,156,158,159,160,161,162,163,165,166,167,336,:
158:21,143,144,145,146,152,153,154,155,156,157,159,160,162,163,165,166,167,334,336,:
159:154,155,156,157,158,160,161,162,163,164,165,166,167,168,176,267,268,336,:
160:155,156,157,158,159,161,162,163,166,167,168,169,171,175,176,267,268,284,336,:
161:155,156,157,159,160,162,166,167,168,169,171,176,268,271,272,278,283,284,:
162:110,111,112,114,155,156,157,158,159,160,161,163,164,165,166,257,283,284,:
163:9,10,12,25,27,28,110,111,114,134,155,157,158,159,160,162,164,165,257,:
164:9,10,11,12,27,28,72,73,74,76,110,111,112,114,132,134,159,162,163,165,257,:
165:7,8,9,10,11,12,21,22,25,27,28,111,134,146,155,157,158,159,162,163,164,257,:
166:155,156,157,158,159,160,161,162,167,168,169,170,171,172,173,175,176,268,336,:
167:154,155,156,157,158,159,160,161,166,168,169,170,171,173,175,176,268,333,334,336,:
168:156,159,160,161,166,167,169,170,171,172,173,174,175,176,177,336,:
169:160,161,166,167,168,170,171,172,173,175,176,177,178,179,180,186,187,336,:
170:166,167,168,169,171,172,173,175,176,177,178,179,186,187,:
171:156,160,161,166,167,168,169,170,172,173,174,175,176,:
172:166,168,169,170,171,173,174,:
173:156,166,167,168,169,170,171,172,174,175,332,333,336,:
174:168,171,172,173,:
175:160,166,167,168,169,170,171,173,176,177,178,179,180,181,182,183,185,186,187,268,333,336,:
176:159,160,161,166,167,168,169,170,171,175,177,178,179,180,181,182,183,267,268,271,333,334,336,:
177:168,169,170,175,176,178,179,180,181,182,183,184,185,186,187,188,268,:
178:169,170,175,176,177,179,180,181,185,186,187,188,189,190,191,194,:
179:169,170,175,176,177,178,180,186,187,188,189,190,271,274,275,:
180:169,175,176,177,178,179,181,182,183,184,185,186,187,268,:
181:4,15,16,175,176,177,178,180,182,183,184,185,268,320,333,334,336,:
182:1,3,4,14,15,16,175,176,177,180,181,183,184,185,268,318,320,334,335,336,:
183:175,176,177,180,181,182,184,185,320,333,334,:
184:16,177,180,181,182,183,185,317,318,320,328,333,334,335,:
185:175,177,178,180,181,182,183,184,186,187,200,333,:
186:169,170,175,177,178,179,180,185,187,188,189,190,191,192,193,194,:
187:169,170,175,177,178,179,180,185,186,188,189,190,191,192,193,194,200,205,:
188:177,178,179,186,187,189,190,191,192,193,194,196,:
189:178,179,186,187,188,190,191,192,193,194,195,196,207,:
190:178,179,186,187,188,189,191,192,193,195,196,197,198,200,206,207,:
191:178,186,187,188,189,190,192,193,194,205,:
192:186,187,188,189,190,191,193,194,196,200,201,203,204,205,:
193:186,187,188,189,190,191,192,194,195,196,200,201,203,204,205,:
194:178,186,187,188,189,191,192,193,:
195:189,190,193,196,197,198,199,200,201,202,203,206,207,:
196:188,189,190,192,193,195,197,198,200,201,202,203,205,206,207,:
197:190,195,196,198,199,200,201,202,203,205,206,207,208,:
198:190,195,196,197,199,200,201,206,207,208,209,210,211,214,215,:
199:195,197,198,200,206,207,208,209,210,214,215,:
200:185,187,190,192,193,195,196,197,198,199,201,202,203,204,205,206,207,:
201:192,193,195,196,197,198,200,202,203,204,205,:
202:195,196,197,200,201,203,204,205,:
203:192,193,195,196,197,200,201,202,204,205,:
204:192,193,200,201,202,203,205,:
205:187,191,192,193,196,197,200,201,202,203,204,:
206:190,195,196,197,198,199,200,207,208,209,210,211,212,213,214,215,:
207:189,190,195,196,197,198,199,200,206,208,209,210,211,212,:
208:197,198,199,206,207,209,210,211,212,213,214,215,216,221,229,:
209:198,199,206,207,208,210,211,212,213,214,215,216,217,219,220,221,229,:
210:198,199,206,207,208,209,211,212,213,214,215,216,217,218,220,221,229,:
211:198,206,207,208,209,210,212,213,214,215,221,228,229,277,:
212:4,206,207,208,209,210,211,213,214,215,220,221,223,226,228,229,230,234,277,:
213:4,206,208,209,210,211,212,214,215,220,221,226,227,228,229,234,:
214:198,199,206,208,209,210,211,212,213,215,216,217,218,219,220,221,229,:
215:198,199,206,208,209,210,211,212,213,214,216,217,219,220,221,:
216:208,209,210,214,215,217,218,219,220,221,222,:
217:209,210,214,215,216,218,219,220,221,222,223,225,228,229,:
218:210,214,216,217,219,220,221,222,223,:
219:209,214,215,216,217,218,220,221,:
220:209,210,212,213,214,215,216,217,218,219,221,222,223,224,225,226,227,228,229,234,:
221:208,209,210,211,212,213,214,215,216,217,218,219,220,222,223,225,226,227,228,229,234,:
222:216,217,218,220,221,223,224,225,226,227,228,229,230,234,:
223:212,217,218,220,221,222,224,225,226,227,228,229,230,231,233,234,:
224:220,222,223,225,226,228,229,230,231,233,234,240,:
225:217,220,221,222,223,224,226,227,228,229,233,234,239,241,242,243,:
226:3,4,13,212,213,220,221,222,223,224,225,227,228,229,233,234,235,238,239,241,242,243,:
227:3,4,13,213,220,221,222,223,225,226,229,233,234,235,238,239,241,242,243,:
228:211,212,213,217,220,221,222,223,224,225,226,229,230,231,232,233,234,:
229:208,209,210,211,212,213,214,217,220,221,222,223,224,225,226,227,228,230,231,233,234,:
230:212,222,223,224,228,229,231,232,233,234,235,277,:
231:223,224,228,229,230,232,233,234,235,236,237,238,240,244,245,277,:
232:228,230,231,233,234,235,236,237,244,245,277,:
233:223,224,225,226,227,228,229,230,231,232,234,235,236,237,238,239,240,244,245,277,:
234:212,213,220,221,222,223,224,225,226,227,228,229,230,231,232,233,235,236,237,238,239,240,241,243,:
235:33,226,227,230,231,232,233,234,236,237,238,239,240,241,243,244,245,246,254,:
236:33,231,232,233,234,235,237,238,239,244,245,246,247,249,253,254,264,265,277,:
237:231,232,233,234,235,236,238,244,245,246,247,248,253,254,264,265,266,270,275,277,:
238:33,226,227,231,233,234,235,236,237,239,240,241,242,243,244,245,254,261,265,:
239:52,225,226,227,233,234,235,236,238,240,241,242,243,:
240:51,52,224,231,233,234,235,238,239,241,242,243,:
241:52,225,226,227,234,235,238,239,240,242,243,:
242:51,52,225,226,227,238,239,240,241,243,:
243:13,225,226,227,234,235,238,239,240,241,242,263,:
244:33,231,232,233,235,236,237,238,245,246,247,248,249,250,251,253,254,265,:
245:31,32,33,231,232,233,235,236,237,238,244,246,247,249,250,251,253,254,:
246:33,235,236,237,244,245,247,248,249,250,251,252,253,254,255,265,270,:
247:33,83,236,237,244,245,246,248,249,250,253,254,255,256,258,264,265,269,270,:
248:237,244,246,247,249,253,254,255,256,257,264,265,267,269,270,271,272,274,278,284,:
249:236,244,245,246,247,248,250,251,252,253,254,:
250:244,245,246,247,249,251,252,:
251:244,245,246,249,250,252,277,:
252:246,249,250,251,:
253:31,32,33,83,236,237,244,245,246,247,248,249,254,255,256,257,258,259,261,264,265,270,:
254:31,32,33,235,236,237,238,244,245,246,247,248,249,253,255,256,258,259,261,264,265,:
255:26,33,78,79,83,246,247,248,253,254,256,257,258,259,260,261,264,265,266,270,:
256:11,24,26,247,248,253,254,255,257,258,259,261,264,265,266,267,269,270,284,:
257:8,9,11,24,26,27,162,163,164,165,248,253,255,256,258,259,261,264,265,266,267,269,270,283,284,:
258:11,24,26,32,33,65,67,68,78,79,247,253,254,255,256,257,259,260,261,262,263,264,265,428,:
259:8,9,11,24,26,33,39,253,254,255,256,257,258,260,261,262,263,264,265,428,:
260:8,9,11,24,26,27,39,40,68,255,258,259,261,262,263,426,427,428,:
261:8,20,24,26,33,39,238,253,254,255,256,257,258,259,260,262,263,264,265,:
262:7,8,9,11,23,24,26,39,40,258,259,260,261,263,428,:
263:7,8,20,23,24,26,39,243,258,259,260,261,262,:
264:20,24,236,237,247,248,253,254,255,256,257,258,259,261,265,266,267,268,269,270,:
265:236,237,238,244,246,247,248,253,254,255,256,257,258,259,261,264,266,267,269,270,:
266:6,20,21,237,255,256,257,264,265,267,268,269,270,271,:
267:159,160,176,248,256,257,264,265,266,268,269,270,271,272,274,275,278,284,:
268:159,160,161,166,167,175,176,177,180,181,182,264,266,267,269,270,271,272,274,275,:
269:247,248,256,257,264,265,266,267,268,270,271,272,273,274,275,278,284,:
270:237,246,247,248,253,255,256,257,264,265,266,267,268,269,271,272,274,275,278,284,:
271:161,176,179,248,266,267,268,269,270,272,273,274,275,278,279,284,:
272:161,248,267,268,269,270,271,273,274,275,278,279,280,281,282,283,284,:
273:269,271,272,274,278,279,280,281,284,:
274:179,248,267,268,269,270,271,272,273,275,276,278,:
275:179,237,267,268,269,270,271,272,274,276,277,:
276:274,275,277,:
277:211,212,230,231,232,233,236,237,251,275,276,:
278:161,248,267,269,270,271,272,273,274,279,280,281,282,283,284,:
279:271,272,273,278,280,281,282,283,284,:
280:272,273,278,279,281,282,283,284,:
281:272,273,278,279,280,282,:
282:71,272,278,279,280,281,283,284,:
283:71,114,116,161,162,257,272,278,279,280,282,284,:
284:160,161,162,248,256,257,267,269,270,271,272,273,278,279,280,282,283,:
285:130,286,287,288,289,290,291,293,:
286:130,285,287,288,289,290,291,293,:
287:130,139,285,286,288,289,290,291,292,293,295,:
288:139,285,286,287,289,290,291,294,295,:
289:285,286,287,288,290,:
290:285,286,287,288,289,291,292,293,:
291:285,286,287,288,290,292,293,:
292:287,290,291,293,310,311,:
293:130,139,141,144,145,152,285,286,287,290,291,292,:
294:139,288,295,296,297,298,299,300,303,304,:
295:138,139,287,288,294,296,297,298,299,303,304,:
296:139,294,295,297,298,299,300,301,302,303,304,305,:
297:294,295,296,298,299,300,301,303,304,305,306,307,308,:
298:149,294,295,296,297,299,300,301,302,303,304,305,306,307,312,313,:
299:139,149,294,295,296,297,298,300,301,302,303,:
300:294,296,297,298,299,301,302,:
301:296,297,298,299,300,302,:
302:151,296,298,299,300,301,412,:
303:294,295,296,297,298,299,304,305,306,307,308,309,312,313,:
304:294,295,296,297,298,303,305,306,307,308,309,:
305:296,297,298,303,304,306,307,308,309,310,311,312,313,314,335,:
306:297,298,303,304,305,307,308,309,312,313,314,315,316,317,319,335,:
307:297,298,303,304,305,306,308,312,313,314,315,316,321,:
308:297,303,304,305,306,307,309,310,311,312,313,316,:
309:303,304,305,306,308,310,311,:
310:292,305,308,309,311,:
311:152,153,154,292,305,308,309,310,:
312:298,303,305,306,307,308,313,314,315,316,317,318,319,320,321,322,334,335,:
313:14,298,303,305,306,307,308,312,314,315,316,317,318,319,320,332,333,334,335,:
314:305,306,307,312,313,315,316,317,318,319,320,321,322,323,328,335,:
315:306,307,312,313,314,316,317,318,321,322,323,324,325,326,327,328,:
316:306,307,308,312,313,314,315,317,321,322,323,324,325,327,328,329,330,332,:
317:16,184,306,312,313,314,315,316,318,319,320,321,322,328,335,:
318:1,14,15,16,182,184,312,313,314,315,317,319,320,335,:
319:1,14,16,306,312,313,314,317,318,320,:
320:1,2,4,14,15,16,17,181,182,183,184,312,313,314,317,318,319,335,:
321:307,312,314,315,316,317,322,323,324,325,326,328,:
322:312,314,315,316,317,321,323,324,326,:
323:314,315,316,321,322,324,325,326,328,:
324:315,316,321,322,323,325,326,327,328,:
325:315,316,321,323,324,326,327,328,:
326:315,321,322,323,324,325,:
327:315,316,324,325,328,329,330,331,332,333,:
328:184,314,315,316,317,321,323,324,325,327,329,330,332,333,:
329:316,327,328,330,331,332,333,334,:
330:316,327,328,329,331,332,333,:
331:327,329,330,332,:
332:173,313,316,327,328,329,330,331,333,334,335,336,:
333:167,173,175,176,181,183,184,185,313,327,328,329,330,332,334,335,336,:
334:15,153,158,167,176,181,182,183,184,312,313,329,332,333,335,336,:
335:14,15,153,182,184,305,306,312,313,314,317,318,320,332,333,334,336,:
336:15,152,153,154,155,157,158,159,160,166,167,168,169,173,175,176,181,182,332,333,334,335,:
337:118,338,339,340,341,342,343,349,350,:
338:337,339,340,341,342,:
339:118,121,337,338,340,341,342,343,344,345,349,350,351,:
340:121,337,338,339,341,342,343,344,349,350,351,352,353,354,358,359,413,414,:
341:337,338,339,340,342,343,344,349,350,351,352,358,359,413,414,415,:
342:337,338,339,340,341,343,344,345,346,347,349,350,:
343:337,339,340,341,342,344,345,346,347,348,349,:
344:339,340,341,342,343,345,346,347,348,349,350,352,353,:
345:122,123,339,342,343,344,346,347,348,:
346:342,343,344,345,347,348,353,:
347:124,342,343,344,345,346,348,:
348:343,344,345,346,347,:
349:76,120,121,337,339,340,341,342,343,344,350,351,352,353,354,355,358,359,414,:
350:76,118,119,120,121,122,126,337,339,340,341,342,344,349,351,352,353,354,:
351:121,339,340,341,349,350,352,353,354,355,356,357,358,359,360,368,377,414,417,:
352:340,341,344,349,350,351,353,354,355,356,358,359,360,361,362,363,367,368,376,377,417,:
353:121,340,344,346,349,350,351,352,354,355,356,358,359,360,361,362,367,368,370,376,377,378,381,:
354:74,76,121,131,132,133,134,340,349,350,351,352,353,355,356,357,358,359,368,375,377,:
355:12,28,74,132,133,134,349,351,352,353,354,356,357,358,359,367,368,373,374,375,377,425,:
356:351,352,353,354,355,357,358,359,360,361,367,368,369,372,373,374,375,377,417,424,425,:
357:9,10,11,12,27,28,74,132,133,134,351,354,355,356,368,373,374,375,425,:
358:340,341,349,351,352,353,354,355,356,359,360,361,362,363,364,365,367,368,377,414,417,:
359:340,341,349,351,352,353,354,355,356,358,360,361,363,365,367,368,413,414,415,416,417,:
360:351,352,353,356,358,359,361,362,363,364,365,366,367,368,369,377,417,:
361:352,353,356,358,359,360,362,363,364,365,367,368,369,370,372,376,377,:
362:352,353,358,360,361,363,364,365,366,367,368,369,370,376,377,:
363:352,358,359,360,361,362,364,365,366,367,368,417,:
364:358,360,361,362,363,365,366,:
365:358,359,360,361,362,363,364,366,367,368,387,388,389,417,422,423,:
366:360,362,363,364,365,:
367:352,353,355,356,358,359,360,361,362,363,365,368,369,370,371,372,373,375,376,377,:
368:351,352,353,354,355,356,357,358,359,360,361,362,363,365,367,369,370,372,373,374,375,376,377,:
369:356,360,361,362,367,368,370,371,372,373,374,375,376,377,378,:
370:136,353,361,362,367,368,369,371,372,373,375,376,377,378,379,380,381,:
371:136,140,367,369,370,372,373,375,376,377,378,379,380,406,:
372:356,361,367,368,369,370,371,373,374,375,376,377,388,390,400,403,:
373:133,136,148,150,355,356,357,367,368,369,370,371,372,374,375,376,377,400,403,:
374:10,12,148,150,355,356,357,368,369,372,373,375,400,402,403,:
375:12,132,133,135,136,140,142,148,150,354,355,356,357,367,368,369,370,371,372,373,374,376,377,:
376:136,352,353,361,362,367,368,369,370,371,372,373,375,377,378,379,380,381,:
377:136,351,352,353,354,355,356,358,360,361,362,367,368,369,370,371,372,373,375,376,378,379,381,:
378:135,136,353,369,370,371,376,377,379,380,381,:
379:370,371,376,377,378,380,381,:
380:370,371,376,378,379,381,:
381:120,121,124,126,127,128,129,136,353,370,376,377,378,379,380,:
382:383,384,385,386,387,388,389,390,391,392,:
383:382,384,385,386,387,390,391,:
384:382,383,385,386,387,388,389,390,391,392,393,423,:
385:382,383,384,386,387,388,389,390,391,392,393,394,396,397,:
386:382,383,384,385,387,390,391,392,393,394,395,396,397,:
387:365,382,383,384,385,386,388,389,390,391,392,423,:
388:365,372,382,384,385,387,389,390,391,392,397,422,423,424,:
389:365,382,384,385,387,388,390,391,392,421,422,423,424,:
390:372,382,383,384,385,386,387,388,389,391,392,397,:
391:382,383,384,385,386,387,388,389,390,392,393,394,395,396,397,:
392:382,384,385,386,387,388,389,390,391,393,394,396,397,423,427,:
393:384,385,386,391,392,394,395,396,397,398,:
394:385,386,391,392,393,395,396,397,398,399,401,404,:
395:386,391,393,394,396,397,398,399,401,404,:
396:385,386,391,392,393,394,395,397,398,399,400,401,402,403,404,:
397:385,386,388,390,391,392,393,394,395,396,398,399,400,401,402,403,404,:
398:393,394,395,396,397,399,400,401,402,403,404,:
399:394,395,396,397,398,400,401,402,403,404,:
400:150,151,372,373,374,396,397,398,399,401,402,403,405,406,412,:
401:23,150,394,395,396,397,398,399,400,402,403,404,:
402:7,22,23,148,150,151,374,396,397,398,399,400,401,403,404,:
403:148,150,151,372,373,374,396,397,398,399,400,401,402,404,:
404:23,394,395,396,397,398,399,401,402,403,:
405:400,406,407,408,409,410,411,412,:
406:371,400,405,407,408,409,410,412,:
407:405,406,408,409,410,411,412,:
408:405,406,407,409,410,411,412,:
409:405,406,407,408,410,411,:
410:405,406,407,408,409,411,412,:
411:405,407,408,409,410,412,:
412:151,302,400,405,406,407,408,410,411,:
413:340,341,359,414,415,416,417,418,419,420,:
414:340,341,349,351,358,359,413,415,416,417,418,:
415:57,341,359,413,414,416,417,418,419,420,421,:
416:57,359,413,414,415,417,418,419,420,421,422,424,425,:
417:351,352,356,358,359,360,363,365,413,414,415,416,418,419,420,421,422,424,425,:
418:57,69,72,73,74,75,77,94,413,414,415,416,417,419,420,425,:
419:56,57,413,415,416,417,418,420,421,422,423,424,425,426,:
420:56,57,58,60,61,413,415,416,417,418,419,421,422,424,425,:
421:57,389,415,416,417,419,420,422,423,424,425,426,427,:
422:365,388,389,416,417,419,420,421,423,424,425,:
423:365,384,387,388,389,392,419,421,422,424,:
424:356,388,389,416,417,419,420,421,422,423,425,426,427,428,:
425:11,27,67,68,355,356,357,416,417,418,419,420,421,422,424,426,427,428,:
426:11,26,27,60,63,67,68,260,419,421,424,425,427,428,:
427:60,63,68,260,392,421,424,425,426,428,:
428:11,26,27,60,61,63,67,68,69,72,258,259,260,262,424,425,426,427,:
