1:2,3,4,5,7,26,27,28,29,30,31,32,33,35,204,205,212,278,621,:
2:1,3,4,5,6,7,8,26,27,28,29,30,31,32,33,35,275,278,:
3:1,2,4,5,7,26,27,28,29,30,31,32,33,275,282,287,:
4:1,2,3,5,6,7,8,9,26,27,28,29,30,31,32,33,34,35,36,315,:
5:1,2,3,4,6,7,8,9,10,27,28,29,30,32,33,34,35,36,37,314,315,:
6:2,4,5,7,8,9,10,11,33,34,35,36,37,313,603,605,:
7:1,2,3,4,5,6,8,9,10,27,28,29,30,33,34,35,36,315,:
8:2,4,5,6,7,9,10,11,12,29,33,34,35,36,37,102,:
9:4,5,6,7,8,10,11,12,13,33,34,35,36,37,605,:
10:5,6,7,8,9,11,12,13,14,18,19,20,25,34,36,37,44,605,606,:
11:6,8,9,10,12,13,14,15,16,17,18,19,34,36,37,39,40,102,605,606,:
12:8,9,10,11,13,14,15,18,36,37,39,40,99,100,102,127,:
13:9,10,11,12,14,15,16,17,18,19,20,21,25,37,38,39,40,44,606,:
14:10,11,12,13,15,16,17,18,19,37,38,39,40,138,139,:
15:11,12,13,14,16,17,18,38,39,40,98,124,125,127,128,129,137,138,139,:
16:11,13,14,15,17,18,19,38,39,40,137,138,139,385,426,:
17:11,13,14,15,16,18,19,20,21,25,37,38,44,138,385,426,:
18:10,11,12,13,14,15,16,17,19,20,21,22,24,25,37,44,606,:
19:10,11,13,14,16,17,18,20,21,22,23,24,25,37,41,42,43,44,401,:
20:10,13,17,18,19,21,22,23,24,25,37,41,42,43,44,401,:
21:13,17,18,19,20,22,23,37,41,102,310,337,338,348,385,388,:
22:18,19,20,21,23,24,25,37,41,42,43,44,310,312,313,354,401,:
23:19,20,21,22,24,25,37,41,42,43,44,313,401,528,538,566,:
24:18,19,20,22,23,25,37,41,42,43,44,537,566,:
25:10,13,17,18,19,20,22,23,24,34,37,41,42,43,44,604,606,:
26:1,2,3,4,27,28,29,30,31,32,204,205,212,213,214,278,:
27:1,2,3,4,5,7,26,28,29,31,32,33,35,204,205,206,278,:
28:1,2,3,4,5,7,26,27,29,30,31,32,33,203,204,205,206,207,212,621,:
29:1,2,3,4,5,7,8,26,27,28,30,31,32,33,35,273,274,275,276,278,:
30:1,2,3,4,5,7,26,28,29,31,32,33,274,275,282,283,284,314,315,501,:
31:1,2,3,4,26,27,28,29,30,32,33,274,275,278,280,282,287,288,:
32:1,2,3,4,5,26,27,28,29,30,31,33,501,621,:
33:1,2,3,4,5,6,7,8,9,27,28,29,30,31,32,34,314,538,620,621,:
34:4,5,6,7,8,9,10,11,25,33,37,537,538,601,603,605,606,:
35:1,2,4,5,6,7,8,9,27,29,36,275,305,307,:
36:4,5,6,7,8,9,10,11,12,35,37,100,101,102,:
37:5,6,8,9,10,11,12,13,14,17,18,19,20,21,22,23,24,25,34,36,44,605,606,:
38:13,14,15,16,17,39,40,98,122,124,125,128,129,130,133,135,137,138,139,:
39:11,12,13,14,15,16,38,40,98,121,122,124,125,127,128,129,139,:
40:11,12,13,14,15,16,38,39,96,97,98,99,124,128,129,139,386,387,:
41:19,20,21,22,23,24,25,42,310,311,312,313,348,351,352,354,401,:
42:19,20,22,23,24,25,41,43,313,354,356,527,528,530,532,538,566,:
43:19,20,22,23,24,25,42,44,454,532,536,537,538,566,:
44:10,13,17,18,19,20,22,23,24,25,37,43,454,602,604,605,606,:
45:46,47,48,49,50,51,:
46:45,47,48,49,50,51,188,191,:
47:45,46,48,49,50,51,638,639,:
48:45,46,47,49,50,51,638,:
49:45,46,47,48,50,55,63,638,:
50:45,46,47,48,49,51,52,53,639,640,641,642,644,:
51:45,46,47,48,50,52,53,644,:
52:50,51,53,184,642,644,:
53:50,51,52,124,125,126,127,184,185,642,643,644,646,648,:
54:55,56,57,58,59,60,62,64,:
55:49,54,56,57,59,60,61,62,63,64,:
56:54,55,57,58,59,60,61,62,63,64,:
57:54,55,56,58,59,60,64,:
58:54,56,57,59,:
59:54,55,56,57,58,60,61,62,63,64,65,72,74,:
60:54,55,56,57,59,61,62,63,64,72,:
61:55,56,59,60,62,63,64,67,72,74,:
62:54,55,56,59,60,61,63,64,91,638,639,640,:
63:49,55,56,59,60,61,62,64,91,638,639,640,642,643,:
64:54,55,56,57,59,60,61,62,63,638,640,:
65:59,66,67,68,69,70,71,72,73,76,77,90,:
66:65,67,68,70,71,73,76,77,:
67:61,65,66,68,69,70,71,72,73,76,77,78,90,:
68:65,66,67,69,70,71,76,77,78,79,80,81,89,90,95,:
69:65,67,68,70,76,77,78,79,80,89,90,91,92,94,95,100,307,:
70:65,66,67,68,69,71,72,73,74,75,76,77,307,:
71:65,66,67,68,70,72,73,74,75,:
72:59,60,61,65,67,70,71,73,74,75,:
73:65,66,67,70,71,72,74,75,279,:
74:59,61,70,71,72,73,75,279,:
75:70,71,72,73,74,279,:
76:65,66,67,68,69,70,77,78,79,80,81,82,90,:
77:65,66,67,68,69,70,76,78,79,81,90,:
78:67,68,69,76,77,79,80,81,82,83,90,95,:
79:68,69,76,77,78,80,81,82,89,90,94,95,104,:
80:68,69,76,78,79,81,82,89,90,94,95,96,99,100,103,104,:
81:68,76,77,78,79,80,82,83,84,85,86,87,:
82:76,78,79,80,81,83,84,85,86,87,:
83:78,81,82,84,85,86,87,88,344,:
84:81,82,83,85,86,87,88,344,345,:
85:81,82,83,84,86,87,88,345,:
86:81,82,83,84,85,87,88,344,345,:
87:81,82,83,84,85,86,88,:
88:83,84,85,86,87,345,:
89:68,69,79,80,90,91,92,93,94,95,104,114,:
90:65,67,68,69,76,77,78,79,80,89,91,92,94,95,:
91:62,63,69,89,90,92,93,94,95,96,104,114,640,642,643,:
92:69,89,90,91,93,94,95,96,97,98,99,103,104,113,114,120,642,643,:
93:89,91,92,94,95,96,97,98,103,104,113,114,115,116,118,119,120,121,124,640,642,643,644,:
94:69,79,80,89,90,91,92,93,95,96,97,98,99,100,103,104,114,120,:
95:68,69,78,79,80,89,90,91,92,93,94,96,97,99,100,103,104,:
96:40,80,91,92,93,94,95,97,98,99,100,103,104,105,120,:
97:40,92,93,94,95,96,98,99,100,103,104,105,106,107,108,113,114,119,120,129,389,393,:
98:15,38,39,40,92,93,94,96,97,99,103,104,105,106,107,113,114,119,120,121,122,124,128,129,130,133,389,:
99:12,40,80,92,94,95,96,97,98,100,101,102,103,104,390,391,392,393,:
100:12,36,69,80,94,95,96,97,99,101,102,:
101:36,99,100,102,305,390,:
102:8,11,12,21,36,99,100,101,304,388,390,:
103:80,92,93,94,95,96,97,98,99,104,105,106,107,108,109,110,113,114,120,129,392,393,:
104:79,80,89,91,92,93,94,95,96,97,98,99,103,105,106,108,109,113,114,392,393,:
105:96,97,98,103,104,106,107,108,109,110,112,113,114,115,129,393,:
106:97,98,103,104,105,107,108,109,113,114,115,116,117,118,119,120,128,129,141,147,:
107:97,98,103,105,106,108,113,114,115,116,117,119,120,128,129,130,131,133,140,141,142,145,146,147,:
108:97,103,104,105,106,107,109,110,111,112,113,114,393,:
109:103,104,105,106,108,110,111,112,392,393,:
110:103,105,108,109,111,112,389,392,393,:
111:108,109,110,112,389,391,392,393,:
112:105,108,109,110,111,393,:
113:92,93,97,98,103,104,105,106,107,108,114,115,116,117,118,119,120,129,141,:
114:89,91,92,93,94,97,98,103,104,105,106,107,108,113,115,116,118,119,120,:
115:93,105,106,107,113,114,116,117,118,119,120,121,129,141,:
116:93,106,107,113,114,115,117,118,119,120,121,122,123,124,128,129,140,141,150,646,:
117:106,107,113,115,116,118,119,120,121,122,123,128,129,140,141,142,143,145,147,149,150,151,154,156,:
118:93,106,113,114,115,116,117,119,120,637,642,643,644,:
119:93,97,98,106,107,113,114,115,116,117,118,120,121,122,123,124,125,128,129,141,150,642,643,646,:
120:92,93,94,96,97,98,103,106,107,113,114,115,116,117,118,119,121,122,124,128,129,642,643,646,:
121:39,93,98,115,116,117,119,120,122,123,124,125,126,127,128,129,130,150,158,164,646,:
122:38,39,98,116,117,119,120,121,123,124,125,126,128,129,130,131,132,133,140,141,149,150,157,158,163,164,:
123:116,117,119,121,122,124,125,126,128,129,130,131,132,140,141,149,150,151,152,154,157,158,159,162,163,164,167,:
124:15,38,39,40,53,93,98,116,119,120,121,122,123,125,126,127,128,129,164,643,646,:
125:15,38,39,53,119,121,122,123,124,126,127,163,164,:
126:53,121,122,123,124,125,127,163,164,185,593,:
127:12,15,39,53,121,124,125,126,605,606,:
128:15,38,39,40,98,106,107,116,117,119,120,121,122,123,124,129,130,131,132,133,134,139,140,141,150,158,164,:
129:15,38,39,40,97,98,103,105,106,107,113,115,116,117,119,120,121,122,123,124,128,130,131,133,139,140,141,:
130:38,98,107,121,122,123,128,129,131,132,133,134,135,137,139,140,141,142,158,:
131:107,122,123,128,129,130,132,133,134,139,140,141,142,143,144,145,147,149,150,158,167,:
132:122,123,128,130,131,133,134,140,141,142,143,144,149,150,157,158,159,160,162,166,167,168,171,172,173,:
133:38,98,107,122,128,129,130,131,132,134,135,136,137,138,139,140,141,387,:
134:128,130,131,132,133,135,136,137,138,139,140,387,417,:
135:38,130,133,134,136,137,138,139,384,387,417,427,:
136:133,134,135,137,138,139,382,383,384,414,415,416,417,420,425,427,:
137:15,16,38,130,133,134,135,136,138,139,382,384,385,386,387,425,426,427,:
138:14,15,16,17,38,133,134,135,136,137,139,382,383,384,385,386,387,425,426,427,:
139:14,15,16,38,39,40,128,129,130,131,133,134,135,136,137,138,385,386,387,427,:
140:107,116,117,122,123,128,129,130,131,132,133,134,141,142,143,144,145,146,147,148,149,150,158,167,:
141:106,107,113,115,116,117,119,122,123,128,129,130,131,132,133,140,142,143,145,146,147,149,150,:
142:107,117,130,131,132,140,141,143,144,145,146,147,148,149,150,151,167,:
143:117,131,132,140,141,142,144,145,146,148,149,150,151,152,153,154,157,158,167,:
144:131,132,140,142,143,145,148,149,150,151,152,153,157,158,166,167,168,169,171,:
145:107,117,131,140,141,142,143,144,146,147,148,149,150,:
146:107,140,141,142,143,145,147,148,:
147:106,107,117,131,140,141,142,145,146,148,:
148:140,142,143,144,145,146,147,149,150,:
149:117,122,123,131,132,140,141,142,143,144,145,148,150,151,152,153,154,155,156,157,158,167,:
150:116,117,119,121,122,123,128,131,132,140,141,142,143,144,145,148,149,151,152,154,156,157,158,:
151:117,123,142,143,144,149,150,152,153,154,155,156,157,158,159,:
152:123,143,144,149,150,151,153,154,155,156,157,158,159,160,161,162,164,166,167,:
153:143,144,149,151,152,154,155,157,158,159,160,161,166,167,:
154:117,123,143,149,150,151,152,153,155,156,157,158,:
155:149,151,152,153,154,156,157,158,:
156:117,149,150,151,152,154,155,648,:
157:122,123,132,143,144,149,150,151,152,153,154,155,158,159,160,161,162,163,164,165,166,167,:
158:121,122,123,128,130,131,132,140,143,144,149,150,151,152,153,154,155,157,159,160,162,163,164,166,167,:
159:123,132,151,152,153,157,158,160,161,162,163,164,165,166,167,168,:
160:132,152,153,157,158,159,161,162,163,165,166,167,168,169,170,171,:
161:152,153,157,159,160,162,165,166,167,168,169,170,:
162:123,132,152,157,158,159,160,161,163,164,165,166,167,:
163:122,123,125,126,157,158,159,160,162,164,165,593,594,:
164:121,122,123,124,125,126,128,152,157,158,159,162,163,165,:
165:157,159,160,161,162,163,164,166,427,445,594,:
166:132,144,152,153,157,158,159,160,161,162,165,167,168,169,170,171,172,:
167:123,131,132,140,142,143,144,149,152,153,157,158,159,160,161,162,166,168,169,171,172,173,:
168:132,144,159,160,161,166,167,169,170,171,172,173,:
169:144,160,161,166,167,168,170,171,172,:
170:160,161,166,168,169,171,:
171:132,144,160,166,167,168,169,170,172,173,174,:
172:132,166,167,168,169,171,173,174,175,:
173:132,167,168,171,172,174,175,176,177,178,416,418,:
174:171,172,173,175,176,177,178,416,418,:
175:172,173,174,176,177,178,416,417,418,:
176:173,174,175,177,178,415,416,417,418,:
177:173,174,175,176,178,418,:
178:173,174,175,176,177,418,:
179:180,181,182,183,184,185,186,187,188,608,:
180:179,181,182,183,184,185,186,595,597,608,:
181:179,180,182,183,184,185,186,187,188,189,608,:
182:179,180,181,183,184,185,186,187,188,189,190,192,201,202,608,:
183:179,180,181,182,184,186,187,188,189,190,201,202,598,607,608,609,611,612,:
184:52,53,179,180,181,182,183,185,186,187,188,:
185:53,126,179,180,181,182,184,186,:
186:179,180,181,182,183,184,185,603,:
187:179,181,182,183,184,188,189,190,191,192,193,201,202,:
188:46,179,181,182,183,184,187,189,190,191,192,201,202,:
189:181,182,183,187,188,190,191,192,193,194,195,201,202,203,:
190:182,183,187,188,189,191,192,193,194,201,202,203,204,206,207,208,:
191:46,187,188,189,190,192,193,194,201,202,203,204,205,207,208,:
192:182,187,188,189,190,191,193,194,195,196,197,201,202,:
193:187,189,190,191,192,194,195,196,197,198,:
194:189,190,191,192,193,195,196,197,198,199,200,208,:
195:189,192,193,194,196,197,198,199,:
196:192,193,194,195,197,198,199,200,221,224,:
197:192,193,194,195,196,198,199,200,:
198:193,194,195,196,197,199,200,224,:
199:194,195,196,197,198,200,221,224,:
200:194,196,197,198,199,221,224,:
201:182,183,187,188,189,190,191,192,202,203,204,205,206,207,208,608,611,:
202:182,183,187,188,189,190,191,192,201,203,204,206,207,208,607,608,609,610,611,612,:
203:28,189,190,191,201,202,204,205,206,207,208,209,611,:
204:1,26,27,28,190,191,201,202,203,205,206,207,208,209,210,212,611,:
205:1,26,27,28,191,201,203,204,206,207,208,209,212,:
206:27,28,190,201,202,203,204,205,207,208,611,621,:
207:28,190,191,201,202,203,204,205,206,208,209,210,211,212,213,219,220,611,:
208:190,191,194,201,202,203,204,205,206,207,209,210,211,212,219,610,611,613,615,623,:
209:203,204,205,207,208,210,211,212,213,214,215,219,220,221,234,623,:
210:204,207,208,209,211,212,213,215,219,220,221,222,223,224,234,622,623,:
211:207,208,209,210,212,213,215,219,220,221,222,223,611,615,616,622,623,624,625,:
212:1,26,28,204,205,207,208,209,210,211,213,214,215,216,217,219,220,623,:
213:26,207,209,210,211,212,214,215,216,217,218,219,220,288,623,:
214:26,209,212,213,215,216,217,218,232,278,288,:
215:209,210,211,212,213,214,216,217,218,219,223,288,623,:
216:212,213,214,215,217,218,232,288,:
217:212,213,214,215,216,218,223,230,232,288,:
218:213,214,215,216,217,230,231,232,244,288,:
219:207,208,209,210,211,212,213,215,220,221,222,223,224,225,226,228,233,234,:
220:207,209,210,211,212,213,219,221,222,223,224,225,226,228,232,233,234,235,236,:
221:196,199,200,209,210,211,219,220,222,223,224,225,226,228,234,:
222:210,211,219,220,221,223,224,225,226,227,228,:
223:210,211,215,217,219,220,221,222,224,225,226,227,228,229,232,233,234,:
224:196,198,199,200,210,219,220,221,222,223,225,226,228,234,:
225:219,220,221,222,223,224,226,227,228,232,233,234,235,236,237,:
226:219,220,221,222,223,224,225,227,228,229,232,233,234,235,236,237,:
227:222,223,225,226,228,229,230,231,232,233,235,237,:
228:219,220,221,222,223,224,225,226,227,229,230,232,233,234,235,237,:
229:223,226,227,228,230,231,232,233,234,235,236,237,:
230:217,218,227,228,229,231,232,233,237,:
231:218,227,229,230,232,245,:
232:214,216,217,218,220,223,225,226,227,228,229,230,231,233,234,235,236,237,:
233:219,220,223,225,226,227,228,229,230,232,234,235,236,237,:
234:209,210,219,220,221,223,224,225,226,228,229,232,233,235,236,237,:
235:220,225,226,227,228,229,232,233,234,236,237,:
236:220,225,226,229,232,233,234,235,237,:
237:225,226,227,228,229,230,232,233,234,235,236,:
238:239,240,241,242,243,244,245,246,247,260,272,:
239:238,240,241,243,245,246,247,:
240:238,239,241,242,243,244,245,246,247,248,272,:
241:238,239,240,242,243,244,245,246,247,248,249,250,251,259,260,271,272,281,:
242:238,240,241,243,244,246,247,248,249,250,259,260,271,272,273,274,276,280,281,282,285,286,:
243:238,239,240,241,242,244,245,246,247,:
244:218,238,240,241,242,243,245,246,:
245:231,238,239,240,241,243,244,:
246:238,239,240,241,242,243,244,247,248,249,250,251,252,259,260,272,281,:
247:238,239,240,241,242,243,246,248,249,251,259,260,:
248:240,241,242,246,247,249,250,251,252,253,259,260,261,281,:
249:241,242,246,247,248,250,251,252,259,260,261,262,263,264,271,272,280,281,290,:
250:241,242,246,248,249,251,252,259,260,261,262,263,271,272,280,281,282,283,285,289,290,291,294,:
251:241,246,247,248,249,250,252,253,254,259,260,:
252:246,248,249,250,251,253,254,255,256,257,:
253:248,251,252,254,255,256,257,258,:
254:251,252,253,255,256,257,258,:
255:252,253,254,256,257,258,:
256:252,253,254,255,257,258,:
257:252,253,254,255,256,258,:
258:253,254,255,256,257,:
259:241,242,246,247,248,249,250,251,260,261,262,263,264,265,271,272,281,290,:
260:238,241,242,246,247,248,249,250,251,259,261,262,264,271,272,:
261:248,249,250,259,260,262,263,264,265,266,267,271,272,273,290,:
262:249,250,259,260,261,263,264,265,266,271,272,273,274,275,276,280,281,289,290,301,:
263:249,250,259,261,262,264,265,266,271,272,273,274,275,280,281,289,290,291,292,294,300,301,306,:
264:249,259,260,261,262,263,265,266,267,268,269,271,272,:
265:259,261,262,263,264,266,267,268,269,270,271,272,:
266:261,262,263,264,265,267,268,269,270,271,272,:
267:261,264,265,266,268,269,270,:
268:264,265,266,267,269,270,308,:
269:264,265,266,267,268,270,:
270:265,266,267,268,269,:
271:241,242,249,250,259,260,261,262,263,264,265,266,272,273,274,275,276,277,278,280,281,290,:
272:238,240,241,242,246,249,250,259,260,261,262,263,264,265,266,271,273,274,276,277,280,281,:
273:29,242,261,262,263,271,272,274,275,276,277,278,279,280,281,282,290,301,:
274:29,30,31,242,262,263,271,272,273,275,276,277,278,280,281,282,283,285,289,290,300,301,:
275:2,3,29,30,31,35,262,263,271,273,274,276,278,280,281,282,283,284,289,290,300,301,302,305,306,307,315,:
276:29,242,262,271,272,273,274,275,277,278,279,280,281,:
277:271,272,273,274,276,278,279,:
278:1,2,26,27,29,31,214,271,273,274,275,276,277,279,280,281,:
279:73,74,75,273,276,277,278,:
280:31,242,249,250,262,263,271,272,273,274,275,276,278,281,282,283,284,285,286,289,290,301,:
281:241,242,246,248,249,250,259,262,263,271,272,273,274,275,276,278,280,282,283,285,286,289,290,:
282:3,30,31,242,250,273,274,275,280,281,283,284,285,286,287,289,290,291,301,499,500,:
283:30,250,274,275,280,281,282,284,285,286,289,290,291,292,294,300,301,499,500,:
284:30,275,280,282,283,285,289,290,291,292,300,301,314,315,317,323,498,499,500,501,:
285:242,250,274,280,281,282,283,284,286,287,289,290,499,500,:
286:242,280,281,282,283,285,287,288,491,492,:
287:3,31,282,285,286,288,485,492,:
288:31,213,214,215,216,217,218,286,287,:
289:250,262,263,274,275,280,281,282,283,284,285,290,291,292,293,294,295,300,301,500,:
290:249,250,259,261,262,263,271,273,274,275,280,281,282,283,284,285,289,291,292,294,300,301,:
291:250,263,282,283,284,289,290,292,293,294,295,296,297,299,300,301,302,317,:
292:263,283,284,289,290,291,293,294,295,296,297,299,300,301,302,303,304,305,309,315,316,317,325,:
293:289,291,292,294,295,296,297,298,299,300,301,302,303,304,309,316,317,318,319,321,323,324,325,326,329,335,:
294:250,263,283,289,290,291,292,293,295,296,297,298,299,300,301,:
295:289,291,292,293,294,296,297,298,299,325,:
296:291,292,293,294,295,297,298,299,321,325,:
297:291,292,293,294,295,296,298,299,325,329,331,332,:
298:293,294,295,296,297,299,325,329,330,331,332,:
299:291,292,293,294,295,296,297,298,329,332,:
300:263,274,275,283,284,289,290,291,292,293,294,301,302,303,304,305,306,308,309,315,317,325,:
301:262,263,273,274,275,280,282,283,284,289,290,291,292,293,294,300,302,303,305,306,308,309,315,:
302:275,291,292,293,300,301,303,304,305,306,307,308,309,310,315,317,325,:
303:292,293,300,301,302,304,305,306,309,310,311,313,314,315,316,317,325,335,:
304:102,292,293,300,302,303,305,309,310,311,312,315,316,317,324,325,327,334,335,336,339,340,342,:
305:35,101,275,292,300,301,302,303,304,306,307,308,309,315,:
306:263,275,300,301,302,303,305,307,308,:
307:35,69,70,275,302,305,306,308,:
308:268,300,301,302,305,306,307,342,344,:
309:292,293,300,301,302,303,304,305,310,311,312,313,314,315,316,317,335,:
310:21,22,41,302,303,304,309,311,312,313,314,315,316,317,318,335,:
311:41,303,304,309,310,312,313,314,315,316,317,318,319,320,321,324,325,335,347,529,:
312:22,41,304,309,310,311,313,316,317,318,319,320,335,346,347,348,351,354,529,:
313:6,22,23,41,42,303,309,310,311,312,314,315,316,317,538,:
314:5,30,33,284,303,309,310,311,313,315,316,317,538,:
315:4,5,7,30,275,284,292,300,301,302,303,304,305,309,310,311,313,314,316,317,:
316:292,293,303,304,309,310,311,312,313,314,315,317,318,319,320,321,322,323,324,325,335,:
317:284,291,292,293,300,302,303,304,309,310,311,312,313,314,315,316,318,319,321,323,324,325,335,:
318:293,310,311,312,316,317,319,320,321,322,323,324,325,326,529,:
319:293,311,312,316,317,318,320,321,322,323,324,325,326,327,329,334,335,347,:
320:311,312,316,318,319,321,322,324,325,326,327,328,334,335,347,:
321:293,296,311,316,317,318,319,320,322,323,324,325,:
322:316,318,319,320,321,323,324,325,:
323:284,293,316,317,318,319,321,322,493,495,499,500,:
324:293,304,311,316,317,318,319,320,321,322,325,326,327,328,329,330,334,335,347,:
325:292,293,295,296,297,298,300,302,303,304,311,316,317,318,319,320,321,322,324,326,327,329,334,335,:
326:293,318,319,320,324,325,327,328,329,330,331,334,335,336,347,:
327:304,319,320,324,325,326,328,329,330,334,335,336,337,339,340,341,346,347,:
328:320,324,326,327,329,330,334,335,336,337,339,340,341,346,347,378,379,:
329:293,297,298,299,319,324,325,326,327,328,330,331,332,333,334,335,:
330:298,324,326,327,328,329,331,332,333,:
331:297,298,326,329,330,332,333,345,:
332:297,298,299,329,330,331,333,:
333:329,330,331,332,343,345,:
334:304,319,320,324,325,326,327,328,329,335,336,337,338,339,340,341,342,346,347,379,:
335:293,303,304,309,310,311,312,316,317,319,320,324,325,326,327,328,329,334,336,337,339,340,342,346,347,:
336:304,326,327,328,334,335,337,338,339,340,341,342,346,347,348,370,377,378,379,:
337:21,327,328,334,335,336,338,339,340,346,347,348,349,350,351,360,361,369,370,377,379,381,:
338:21,334,336,337,339,346,347,348,349,350,360,361,369,370,371,374,377,379,380,381,388,:
339:304,327,328,334,335,336,337,338,340,341,342,343,344,346,347,377,379,:
340:304,327,328,334,335,336,337,339,341,342,343,344,345,379,:
341:327,328,334,336,339,340,342,343,344,345,377,378,379,:
342:304,308,334,335,336,339,340,341,343,344,345,:
343:333,339,340,341,342,344,345,:
344:83,84,86,308,339,340,341,342,343,345,:
345:84,85,86,88,331,333,340,341,342,343,344,:
346:312,327,328,334,335,336,337,338,339,347,348,349,350,351,352,360,361,370,379,:
347:311,312,319,320,324,326,327,328,334,335,336,337,338,339,346,348,349,351,360,361,:
348:21,41,312,336,337,338,346,347,349,350,351,352,353,354,360,361,362,370,381,:
349:337,338,346,347,348,350,351,352,353,360,361,362,363,365,369,370,381,395,:
350:337,338,346,348,349,351,352,353,360,361,362,363,364,369,370,380,381,383,394,395,396,399,401,408,:
351:41,312,337,346,347,348,349,350,352,353,354,355,356,360,361,:
352:41,346,348,349,350,351,353,354,355,356,357,360,361,:
353:348,349,350,351,352,354,355,356,357,358,359,360,361,367,:
354:22,41,42,312,348,351,352,353,355,356,357,358,401,528,:
355:351,352,353,354,356,357,358,359,399,:
356:42,351,352,353,354,355,357,358,359,401,528,553,561,562,563,566,:
357:352,353,354,355,356,358,359,399,400,554,555,:
358:353,354,355,356,357,359,400,551,552,553,554,555,561,562,563,:
359:353,355,356,357,358,400,552,554,:
360:337,338,346,347,348,349,350,351,352,353,361,362,363,364,365,366,367,369,370,379,381,:
361:337,338,346,347,348,349,350,351,352,353,360,362,363,365,366,367,368,369,370,379,:
362:348,349,350,360,361,363,364,365,366,367,368,369,370,371,381,408,:
363:349,350,360,361,362,364,365,366,369,370,371,372,374,380,381,408,:
364:350,360,362,363,365,369,370,371,372,380,381,407,408,:
365:349,360,361,362,363,364,366,367,368,369,370,:
366:360,361,362,363,365,367,368,:
367:353,360,361,362,365,366,368,:
368:361,362,365,366,367,:
369:337,338,349,350,360,361,362,363,364,365,370,371,372,373,374,375,376,377,378,379,380,381,:
370:336,337,338,346,348,349,350,360,361,362,363,364,365,369,371,372,374,375,376,377,378,379,380,381,:
371:338,362,363,364,369,370,372,373,374,375,376,377,379,380,381,382,:
372:363,364,369,370,371,373,374,375,380,381,382,383,385,386,387,388,395,:
373:369,371,372,374,380,381,382,383,385,386,387,:
374:338,363,369,370,371,372,373,375,376,377,378,379,380,381,388,390,:
375:369,370,371,372,374,376,377,378,379,:
376:369,370,371,374,375,377,378,379,:
377:336,337,338,339,341,369,370,371,374,375,376,378,379,:
378:328,336,341,369,370,374,375,376,377,379,:
379:328,334,336,337,338,339,340,341,346,360,361,369,370,371,374,375,376,377,378,:
380:338,350,363,364,369,370,371,372,373,374,381,382,383,384,385,386,387,388,394,395,:
381:337,338,348,349,350,360,362,363,364,369,370,371,372,373,374,380,382,383,385,386,388,394,395,:
382:136,137,138,371,372,373,380,381,383,384,385,386,387,388,394,395,396,:
383:136,138,350,372,373,380,381,382,384,385,386,394,395,396,397,398,399,402,408,410,420,:
384:135,136,137,138,380,382,383,385,394,395,396,397,398,402,409,410,411,412,414,419,420,421,424,425,:
385:16,17,21,137,138,139,372,373,380,381,382,383,384,386,387,388,389,390,394,395,:
386:40,137,138,139,372,373,380,381,382,383,385,387,388,389,390,391,:
387:40,133,134,135,137,138,139,372,373,380,382,385,386,388,389,390,391,392,393,:
388:21,102,338,372,374,380,381,382,385,386,387,389,390,391,392,:
389:97,98,110,111,385,386,387,388,390,391,392,393,:
390:99,101,102,374,385,386,387,388,389,391,392,393,:
391:99,111,386,387,388,389,390,392,393,:
392:99,103,104,109,110,111,387,388,389,390,391,393,:
393:97,99,103,104,105,108,109,110,111,112,387,389,390,391,392,:
394:350,380,381,382,383,384,385,395,396,397,398,399,400,401,402,408,410,420,:
395:349,350,372,380,381,382,383,384,385,394,396,397,399,401,402,408,:
396:350,382,383,384,394,395,397,398,399,400,401,402,403,408,410,420,:
397:383,384,394,395,396,398,399,400,401,402,403,404,405,406,407,408,409,410,419,420,429,:
398:383,384,394,396,397,399,400,402,403,404,405,408,409,410,412,419,420,421,422,424,428,429,430,433,:
399:350,355,357,383,394,395,396,397,398,400,401,402,408,:
400:357,358,359,394,396,397,398,399,401,402,566,:
401:19,20,22,23,41,350,354,356,394,395,396,397,399,400,:
402:383,384,394,395,396,397,398,399,400,403,404,405,406,407,408,409,410,420,429,:
403:396,397,398,402,404,405,406,407,408,409,410,411,429,:
404:397,398,402,403,405,406,407,408,409,410,411,412,413,414,419,420,428,429,:
405:397,398,402,403,404,406,409,410,411,412,413,419,420,428,429,430,431,433,:
406:397,402,403,404,405,407,408,409,410,:
407:364,397,402,403,404,406,408,410,:
408:350,362,363,364,383,394,395,396,397,398,399,402,403,404,406,407,409,410,:
409:384,397,398,402,403,404,405,406,408,410,411,412,413,414,415,419,420,429,:
410:383,384,394,396,397,398,402,403,404,405,406,407,408,409,411,412,414,419,420,:
411:384,403,404,405,409,410,412,413,414,415,416,419,420,421,429,:
412:384,398,404,405,409,410,411,413,414,415,419,420,421,422,423,424,428,429,:
413:404,405,409,411,412,414,415,419,420,421,422,423,428,429,:
414:136,384,404,409,410,411,412,413,415,416,417,418,419,420,:
415:136,176,409,411,412,413,414,416,417,418,419,420,:
416:136,173,174,175,176,411,414,415,417,418,:
417:134,135,136,175,176,414,415,416,418,:
418:173,174,175,176,177,178,414,415,416,417,:
419:384,397,398,404,405,409,410,411,412,413,414,415,420,421,422,423,424,425,427,428,429,:
420:136,383,384,394,396,397,398,402,404,405,409,410,411,412,413,414,415,419,421,422,424,425,428,429,:
421:384,398,411,412,413,419,420,422,423,424,425,426,427,428,429,430,:
422:398,412,413,419,420,421,423,424,425,428,429,430,431,432,433,440,:
423:412,413,419,421,422,424,428,429,430,431,432,439,440,441,443,444,446,:
424:384,398,412,419,420,421,422,423,425,426,427,428,429,:
425:136,137,138,384,419,420,421,422,424,426,427,:
426:16,17,137,138,421,424,425,427,455,594,:
427:135,136,137,138,139,165,419,421,424,425,426,:
428:398,404,405,412,413,419,420,421,422,423,424,429,430,431,432,433,434,440,:
429:397,398,402,403,404,405,409,411,412,413,419,420,421,422,423,424,428,430,431,433,:
430:398,405,421,422,423,428,429,431,432,433,434,435,436,440,:
431:405,422,423,428,429,430,432,433,434,435,436,440,:
432:422,423,428,430,431,433,434,435,436,440,:
433:398,405,422,428,429,430,431,432,434,435,436,437,438,585,:
434:428,430,431,432,433,435,436,437,438,:
435:430,431,432,433,434,436,437,438,:
436:430,431,432,433,434,435,437,438,579,585,:
437:433,434,435,436,438,:
438:433,434,435,436,437,:
439:423,440,441,442,443,444,445,446,:
440:422,423,428,430,431,432,439,441,442,443,444,446,:
441:423,439,440,442,443,444,445,446,:
442:439,440,441,443,444,445,446,:
443:423,439,440,441,442,444,445,447,448,582,585,:
444:423,439,440,441,442,443,445,446,:
445:165,439,441,442,443,444,446,587,591,:
446:423,439,440,441,442,444,445,:
447:443,448,449,450,451,452,453,454,456,457,582,583,584,587,:
448:443,447,449,450,451,452,453,579,581,582,583,584,585,:
449:447,448,450,451,452,453,454,455,456,457,458,583,587,590,:
450:447,448,449,451,452,453,454,456,457,458,459,460,461,462,590,:
451:447,448,449,450,452,454,456,457,458,461,462,569,572,573,583,584,:
452:447,448,449,450,451,453,454,455,456,457,583,584,:
453:447,448,449,450,452,454,455,:
454:43,44,447,449,450,451,452,453,455,456,457,604,:
455:426,449,452,453,454,:
456:447,449,450,451,452,454,457,458,459,460,461,462,468,469,590,:
457:447,449,450,451,452,454,456,458,459,460,461,462,468,587,589,590,596,:
458:449,450,451,456,457,459,460,461,462,463,468,469,470,590,:
459:450,456,457,458,460,461,462,468,469,470,471,473,590,595,596,:
460:450,456,457,458,459,461,468,469,470,473,590,595,596,597,600,602,:
461:450,451,456,457,458,459,460,462,463,464,465,466,467,468,469,:
462:450,451,456,457,458,459,461,463,464,465,466,467,:
463:458,461,462,464,465,466,467,:
464:461,462,463,465,466,467,:
465:461,462,463,464,466,467,:
466:461,462,463,464,465,467,:
467:461,462,463,464,465,466,:
468:456,457,458,459,460,461,469,470,471,472,473,474,576,596,:
469:456,458,459,460,461,468,470,471,472,473,474,576,:
470:458,459,460,468,469,471,472,473,474,595,596,599,:
471:459,468,469,470,472,473,474,599,:
472:468,469,470,471,473,474,:
473:459,460,468,469,470,471,472,474,475,596,599,:
474:468,469,470,471,472,473,475,476,576,:
475:473,474,476,535,536,:
476:474,475,511,546,576,:
477:478,479,480,481,482,483,485,486,:
478:477,479,480,481,482,483,:
479:477,478,480,481,482,483,484,485,486,487,492,:
480:477,478,479,481,482,483,486,487,488,489,490,491,492,:
481:477,478,479,480,482,486,487,488,489,492,:
482:477,478,479,480,481,483,484,485,486,492,:
483:477,478,479,480,482,484,485,:
484:479,482,483,485,:
485:287,477,479,482,483,484,:
486:477,479,480,481,482,487,488,489,490,491,492,:
487:479,480,481,486,488,489,490,491,492,494,:
488:480,481,486,487,489,490,491,492,493,494,503,:
489:480,481,486,487,488,490,492,493,494,495,496,498,499,502,503,507,:
490:480,486,487,488,489,491,492,494,499,:
491:286,480,486,487,488,490,492,499,:
492:286,287,479,480,481,482,486,487,488,489,490,491,498,499,:
493:323,488,489,494,495,496,497,498,499,500,501,502,503,515,525,:
494:487,488,489,490,493,495,496,498,499,500,502,503,:
495:323,489,493,494,496,497,498,499,500,501,502,503,504,515,525,:
496:489,493,494,495,497,498,499,500,501,502,503,504,505,506,507,514,515,524,525,531,:
497:493,495,496,498,501,502,503,504,505,506,514,515,524,525,526,527,529,530,531,532,535,538,:
498:284,489,492,493,494,495,496,497,499,500,501,502,503,:
499:282,283,284,285,323,489,490,491,492,493,494,495,496,498,500,501,:
500:282,283,284,285,289,323,493,494,495,496,498,499,501,:
501:30,32,284,493,495,496,497,498,499,500,502,503,:
502:489,493,494,495,496,497,498,501,503,504,505,506,507,508,514,515,525,531,:
503:488,489,493,494,495,496,497,498,501,502,504,505,507,514,515,:
504:495,496,497,502,503,505,506,507,508,509,510,514,515,516,525,531,546,:
505:496,497,502,503,504,506,507,508,510,514,515,516,517,518,519,524,525,530,531,540,545,546,:
506:496,497,502,504,505,507,508,510,514,515,516,517,518,524,525,530,531,532,533,535,539,540,541,544,545,546,:
507:489,496,502,503,504,505,506,508,509,510,511,512,514,515,:
508:502,504,505,506,507,509,510,511,512,513,514,546,:
509:504,507,508,510,511,512,513,546,:
510:504,505,506,507,508,509,511,512,513,514,545,546,:
511:476,507,508,509,510,512,513,:
512:507,508,509,510,511,513,545,546,:
513:508,509,510,511,512,545,546,:
514:496,497,502,503,504,505,506,507,508,510,515,516,517,518,519,520,524,525,531,540,546,:
515:493,495,496,497,502,503,504,505,506,507,514,516,517,519,520,524,525,:
516:504,505,506,514,515,517,518,519,520,521,524,525,526,540,:
517:505,506,514,515,516,518,519,520,524,525,526,527,528,529,530,531,539,540,549,:
518:505,506,514,516,517,519,524,525,526,527,528,530,531,539,540,541,542,544,548,549,550,553,:
519:505,514,515,516,517,518,520,521,522,523,524,525,:
520:514,515,516,517,519,521,522,523,:
521:516,519,520,522,523,:
522:519,520,521,523,:
523:519,520,521,522,:
524:496,497,505,506,514,515,516,517,518,519,525,526,527,528,529,530,531,540,549,:
525:493,495,496,497,502,504,505,506,514,515,516,517,518,519,524,526,527,529,530,531,:
526:497,516,517,518,524,525,527,528,529,530,531,532,549,:
527:42,497,517,518,524,525,526,528,529,530,531,532,533,534,535,539,540,548,549,562,:
528:23,42,354,356,517,518,524,526,527,529,530,531,532,533,534,539,540,548,549,550,553,561,562,566,:
529:311,312,318,497,517,524,525,526,527,528,530,531,:
530:42,497,505,506,517,518,524,525,526,527,528,529,531,532,533,534,535,536,538,539,540,549,562,:
531:496,497,502,504,505,506,514,517,518,524,525,526,527,528,529,530,532,533,535,536,538,539,540,:
532:42,43,497,506,526,527,528,530,531,533,534,535,536,537,538,539,540,541,549,562,:
533:506,527,528,530,531,532,534,535,536,539,540,541,542,543,544,546,548,549,561,562,568,:
534:527,528,530,532,533,535,539,540,541,542,543,548,549,561,562,563,564,566,567,568,569,572,573,:
535:475,497,506,527,530,531,532,533,534,536,537,538,539,540,:
536:43,475,530,531,532,533,535,537,538,620,:
537:24,34,43,532,535,536,538,620,:
538:23,33,34,42,43,313,314,497,530,531,532,535,536,537,:
539:506,517,518,527,528,530,531,532,533,534,535,540,541,542,543,544,545,546,547,548,549,562,568,:
540:505,506,514,516,517,518,524,527,528,530,531,532,533,534,535,539,541,542,544,545,546,548,549,:
541:506,518,532,533,534,539,540,542,543,544,545,546,547,548,549,550,562,568,575,:
542:518,533,534,539,540,541,543,544,545,547,548,549,550,551,552,553,561,562,567,568,:
543:533,534,539,541,542,544,547,548,549,550,551,552,561,562,567,568,569,570,572,:
544:506,518,533,539,540,541,542,543,545,546,547,548,549,:
545:505,506,510,512,513,539,540,541,542,544,546,547,:
546:476,504,505,506,508,509,510,512,513,514,533,539,540,541,544,545,547,:
547:539,541,542,543,544,545,546,548,:
548:518,527,528,533,534,539,540,541,542,543,544,547,549,550,551,552,553,554,561,562,568,:
549:517,518,524,526,527,528,530,532,533,534,539,540,541,542,543,544,548,550,551,553,561,562,:
550:518,528,541,542,543,548,549,551,552,553,554,555,561,562,563,568,:
551:358,542,543,548,549,550,552,553,554,561,562,563,564,566,567,568,:
552:358,359,542,543,548,550,551,553,554,561,562,563,564,565,567,568,:
553:356,358,518,528,542,548,549,550,551,552,554,555,556,561,562,:
554:357,358,359,548,550,551,552,553,555,556,557,558,559,:
555:357,358,550,553,554,556,557,558,559,560,:
556:553,554,555,557,558,559,560,:
557:554,555,556,558,559,560,:
558:554,555,556,557,559,560,:
559:554,555,556,557,558,560,:
560:555,556,557,558,559,:
561:356,358,528,533,534,542,543,548,549,550,551,552,553,562,563,564,565,566,567,568,:
562:356,358,527,528,530,532,533,534,539,541,542,543,548,549,550,551,552,553,561,563,564,566,567,568,:
563:356,358,534,550,551,552,561,562,564,565,566,567,568,569,:
564:534,551,552,561,562,563,565,566,567,568,569,570,571,572,578,583,584,:
565:552,561,563,564,566,567,568,569,570,571,577,578,582,583,584,585,:
566:23,24,42,43,356,400,528,534,551,561,562,563,564,565,567,568,:
567:534,542,543,551,552,561,562,563,564,565,566,568,569,570,571,572,573,578,584,:
568:533,534,539,541,542,543,548,550,551,552,561,562,563,564,565,566,567,569,570,572,573,:
569:451,534,543,563,564,565,567,568,570,571,572,573,574,578,584,:
570:543,564,565,567,568,569,571,572,573,577,578,584,:
571:564,565,567,569,570,572,577,578,579,580,583,584,:
572:451,534,543,564,567,568,569,570,571,573,574,575,576,:
573:451,534,567,568,569,570,572,574,575,576,:
574:569,572,573,575,576,:
575:541,572,573,574,576,:
576:468,469,474,476,572,573,574,575,:
577:565,570,571,578,579,580,581,582,583,584,585,:
578:564,565,567,569,570,571,577,579,580,582,583,584,585,:
579:436,448,571,577,578,580,581,582,583,584,585,:
580:571,577,578,579,581,582,583,584,585,:
581:448,577,579,580,582,583,584,:
582:443,447,448,565,577,578,579,580,581,583,584,585,:
583:447,448,449,451,452,564,565,571,577,578,579,580,581,582,584,585,:
584:447,448,451,452,564,565,567,569,570,571,577,578,579,580,581,582,583,585,:
585:433,436,443,448,565,577,578,579,580,582,583,584,:
586:587,588,589,590,591,592,:
587:445,447,449,457,586,588,589,590,591,:
588:586,587,589,590,591,592,593,594,:
589:457,586,587,588,590,591,592,593,596,:
590:449,450,456,457,458,459,460,586,587,588,589,591,592,595,596,:
591:445,586,587,588,589,590,592,593,594,:
592:586,588,589,590,591,593,594,604,606,:
593:126,163,588,589,591,592,594,:
594:163,165,426,588,591,592,593,604,606,:
595:180,459,460,470,590,596,597,598,599,600,601,602,607,608,:
596:457,459,460,468,470,473,589,590,595,597,598,599,600,601,602,:
597:180,460,595,596,598,599,600,601,602,603,607,608,609,:
598:183,595,596,597,599,600,601,607,608,609,610,611,612,613,614,:
599:470,471,473,595,596,597,598,600,607,608,609,610,613,614,:
600:460,595,596,597,598,599,601,602,603,604,605,607,608,619,620,:
601:34,595,596,597,598,600,602,603,604,605,606,:
602:44,460,595,596,597,600,601,603,604,605,606,:
603:6,34,186,597,600,601,602,604,605,606,:
604:25,44,454,592,594,600,601,602,603,605,606,:
605:6,9,10,11,34,37,44,127,600,601,602,603,604,606,:
606:10,11,13,18,25,34,37,44,127,592,594,601,602,603,604,605,:
607:183,202,595,597,598,599,600,608,609,610,611,612,613,614,:
608:179,180,181,182,183,201,202,595,597,598,599,600,607,609,610,611,612,:
609:183,202,597,598,599,607,608,610,611,612,613,614,615,:
610:202,208,598,599,607,608,609,611,612,613,614,615,616,618,619,:
611:183,201,202,203,204,206,207,208,211,598,607,608,609,610,612,613,614,615,616,618,619,:
612:183,202,598,607,608,609,610,611,613,614,:
613:208,598,599,607,609,610,611,612,614,615,616,617,618,619,621,622,623,:
614:598,599,607,609,610,611,612,613,615,616,617,618,619,622,:
615:208,211,609,610,611,613,614,616,617,618,619,620,621,622,623,624,:
616:211,610,611,613,614,615,617,618,619,622,623,624,625,626,627,:
617:613,614,615,616,618,622,623,624,625,626,627,:
618:610,611,613,614,615,616,617,619,620,621,622,623,:
619:600,610,611,613,614,615,616,618,620,621,:
620:33,536,537,600,615,618,619,621,:
621:1,28,32,33,206,613,615,618,619,620,:
622:210,211,613,614,615,616,617,618,623,624,625,626,627,628,:
623:208,209,210,211,212,213,215,613,615,616,617,618,622,624,625,627,:
624:211,615,616,617,622,623,625,626,627,628,629,630,632,:
625:211,616,617,622,623,624,626,627,628,629,:
626:616,617,622,624,625,627,628,629,630,632,:
627:616,617,622,623,624,625,626,628,629,630,631,632,:
628:622,624,625,626,627,629,630,631,632,:
629:624,625,626,627,628,630,631,632,:
630:624,626,627,628,629,631,632,:
631:627,628,629,630,632,:
632:624,626,627,628,629,630,631,:
633:634,635,636,637,638,639,:
634:633,635,636,638,:
635:633,634,636,637,638,639,640,641,645,:
636:633,634,635,637,638,639,640,641,:
637:118,633,635,636,638,639,640,641,644,645,:
638:47,48,49,62,63,64,633,634,635,636,637,639,640,641,642,644,645,:
639:47,50,62,63,633,635,636,637,638,640,641,642,643,644,645,646,647,:
640:50,62,63,64,91,93,635,636,637,638,639,641,642,643,644,645,646,:
641:50,635,636,637,638,639,640,642,643,644,645,646,647,648,:
642:50,52,53,63,91,92,93,118,119,120,638,639,640,641,643,644,645,646,648,:
643:53,63,91,92,93,118,119,120,124,639,640,641,642,644,646,:
644:50,51,52,53,93,118,637,638,639,640,641,642,643,645,646,647,648,:
645:635,637,638,639,640,641,642,644,646,647,648,:
646:53,116,119,120,121,124,639,640,641,642,643,644,645,647,648,:
647:639,641,644,645,646,648,:
648:53,156,641,642,644,645,646,647,:
