1:2,3,4,5,10,11,12,13,14,15,16,18,26,27,28,29,36,37,38,42,192,194,:
2:1,3,4,5,6,7,10,11,12,13,14,15,16,26,27,28,29,30,31,32,36,37,38,182,194,:
3:1,2,4,5,6,7,8,10,11,12,26,27,28,29,30,31,32,36,:
4:1,2,3,5,6,7,11,26,27,28,29,30,31,36,182,:
5:1,2,3,4,6,7,8,9,10,11,27,28,29,30,31,32,33,34,35,36,:
6:2,3,4,5,7,8,10,27,28,29,30,31,32,33,34,:
7:2,3,4,5,6,8,9,10,11,12,14,27,28,30,31,32,33,34,35,36,:
8:3,5,6,7,9,10,11,30,31,32,33,34,35,36,:
9:5,7,8,10,11,30,32,33,34,35,:
10:1,2,3,5,6,7,8,9,11,12,13,14,15,26,27,28,30,31,32,33,34,35,36,:
11:1,2,3,4,5,7,8,9,10,12,13,14,15,16,18,26,27,28,29,30,31,32,33,35,36,37,38,41,:
12:1,2,3,7,10,11,13,14,15,16,17,18,19,20,26,27,36,37,38,41,42,45,:
13:1,2,10,11,12,14,15,16,17,18,26,27,36,37,38,40,41,45,352,383,405,:
14:1,2,7,10,11,12,13,15,16,18,19,26,35,36,38,41,42,43,45,444,:
15:1,2,10,11,12,13,14,16,17,18,19,20,26,27,36,37,38,39,40,41,42,43,44,45,:
16:1,2,11,12,13,14,15,17,18,19,20,21,26,37,38,39,40,41,42,43,44,45,194,307,:
17:12,13,15,16,18,19,20,21,22,24,26,37,38,39,40,41,42,43,44,45,307,308,:
18:1,11,12,13,14,15,16,17,19,20,21,26,37,38,39,40,41,42,43,44,45,462,:
19:12,14,15,16,17,18,20,21,22,37,38,39,40,41,42,43,44,45,47,461,462,:
20:12,15,16,17,18,19,21,22,23,24,25,37,38,39,40,41,42,43,44,45,47,445,:
21:16,17,18,19,20,22,23,24,25,39,40,43,44,45,46,47,442,446,447,456,:
22:17,19,20,21,23,24,25,39,40,43,44,45,46,47,217,446,447,452,:
23:20,21,22,24,25,40,45,46,47,439,440,446,447,452,453,454,521,523,:
24:17,20,21,22,23,25,39,40,45,46,47,216,217,288,:
25:20,21,22,23,24,44,46,47,216,217,239,240,288,446,447,451,452,453,456,:
26:1,2,3,4,10,11,12,13,14,15,16,17,18,27,28,29,36,37,38,39,40,41,42,192,194,:
27:1,2,3,4,5,6,7,10,11,12,13,15,26,28,29,30,31,36,37,38,182,352,:
28:1,2,3,4,5,6,7,10,11,26,27,29,30,31,32,36,:
29:1,2,3,4,5,6,11,26,27,28,30,31,142,180,182,194,:
30:2,3,4,5,6,7,8,9,10,11,27,28,29,31,32,33,34,:
31:2,3,4,5,6,7,8,10,11,27,28,29,30,32,33,34,36,351,:
32:2,3,5,6,7,8,9,10,11,28,30,31,33,34,35,36,:
33:5,6,7,8,9,10,11,30,31,32,34,35,36,348,351,353,355,:
34:5,6,7,8,9,10,30,31,32,33,35,:
35:5,7,8,9,10,11,14,32,33,34,36,:
36:1,2,3,4,5,7,8,10,11,12,13,14,15,26,27,28,31,32,33,35,38,352,:
37:1,2,11,12,13,15,16,17,18,19,20,26,27,38,39,40,41,42,44,45,190,192,193,194,307,308,:
38:1,2,11,12,13,14,15,16,17,18,19,20,26,27,36,37,39,40,41,42,45,307,405,:
39:15,16,17,18,19,20,21,22,24,26,37,38,40,42,43,44,45,192,193,214,216,217,307,308,:
40:13,15,16,17,18,19,20,21,22,23,24,26,37,38,39,43,44,45,306,307,308,405,445,:
41:11,12,13,14,15,16,17,18,19,20,26,37,38,42,43,44,45,444,:
42:1,12,14,15,16,17,18,19,20,26,37,38,39,41,43,44,45,462,:
43:14,15,16,17,18,19,20,21,22,39,40,41,42,44,45,47,442,444,456,461,462,:
44:15,16,17,18,19,20,21,22,25,37,39,40,41,42,43,45,47,461,462,:
45:12,13,14,15,16,17,18,19,20,21,22,23,24,37,38,39,40,41,42,43,44,442,443,444,445,:
46:21,22,23,24,25,47,217,238,239,240,249,288,290,447,451,452,453,:
47:19,20,21,22,23,24,25,43,44,46,217,239,240,446,447,452,453,455,456,461,462,463,:
48:49,50,51,52,53,54,55,:
49:48,50,51,52,53,54,55,56,57,:
50:48,49,51,52,53,54,55,56,60,:
51:48,49,50,52,53,54,55,56,60,:
52:48,49,50,51,53,54,55,56,60,:
53:48,49,50,51,52,54,55,56,57,59,60,:
54:48,49,50,51,52,53,55,56,57,58,59,60,61,62,469,:
55:48,49,50,51,52,53,54,56,57,58,59,60,61,468,469,:
56:49,50,51,52,53,54,55,57,58,59,60,61,62,63,469,470,:
57:49,53,54,55,56,58,59,60,61,63,468,469,:
58:54,55,56,57,59,61,468,:
59:53,54,55,56,57,58,60,61,62,63,468,469,470,:
60:50,51,52,53,54,55,56,57,59,61,62,63,469,470,:
61:54,55,56,57,58,59,60,62,63,121,470,:
62:54,56,59,60,61,63,74,76,470,:
63:56,57,59,60,61,62,118,119,121,460,463,470,:
64:65,66,67,68,69,70,72,:
65:64,66,67,68,69,70,72,:
66:64,65,67,68,69,70,71,72,:
67:64,65,66,68,69,70,:
68:64,65,66,67,69,:
69:64,65,66,67,68,70,71,72,73,74,:
70:64,65,66,67,69,71,72,73,74,75,526,:
71:66,69,70,72,73,74,75,76,77,526,527,:
72:64,65,66,69,70,71,73,74,75,76,526,529,:
73:69,70,71,72,74,75,76,77,526,527,528,:
74:62,69,70,71,72,73,75,76,77,526,529,:
75:70,71,72,73,74,76,77,526,527,528,:
76:62,71,72,73,74,75,77,463,527,528,:
77:71,73,74,75,76,250,450,463,527,528,536,:
78:79,80,81,82,83,84,85,86,430,434,435,436,547,548,:
79:78,80,81,82,83,84,85,429,430,431,434,435,436,441,546,547,548,:
80:78,79,81,82,83,84,85,86,87,88,89,92,430,435,:
81:78,79,80,82,83,84,86,87,88,89,90,91,92,454,546,547,:
82:78,79,80,81,83,86,87,92,435,436,448,454,542,543,545,546,547,548,:
83:78,79,80,81,82,84,85,86,87,429,430,433,435,436,454,517,518,:
84:78,79,80,81,83,85,429,430,433,515,517,518,:
85:78,79,80,83,84,429,430,515,517,518,:
86:78,80,81,82,83,87,88,89,90,91,92,454,:
87:80,81,82,83,86,88,89,90,91,92,259,261,:
88:80,81,86,87,89,90,91,92,:
89:80,81,86,87,88,90,91,92,:
90:81,86,87,88,89,91,92,244,245,246,251,252,253,257,258,259,260,261,:
91:81,86,87,88,89,90,92,243,244,245,246,539,:
92:80,81,82,86,87,88,89,90,91,454,539,540,542,:
93:94,95,96,97,98,99,133,136,:
94:93,95,96,97,98,132,133,134,135,136,:
95:93,94,96,97,98,99,100,101,133,136,:
96:93,94,95,97,98,99,100,102,103,132,133,:
97:93,94,95,96,98,99,102,103,132,133,134,136,:
98:93,94,95,96,97,99,100,101,:
99:93,95,96,97,98,100,101,:
100:95,96,98,99,101,:
101:95,98,99,100,138,139,:
102:96,97,103,104,105,106,107,108,109,110,114,125,128,:
103:96,97,102,104,105,107,108,109,110,112,114,125,127,128,:
104:102,103,105,106,107,108,109,110,112,114,:
105:102,103,104,106,107,108,109,113,114,125,:
106:102,104,105,107,108,109,113,114,121,123,:
107:102,103,104,105,106,108,109,110,111,112,114,:
108:102,103,104,105,106,107,109,110,111,112,114,119,120,121,122,123,124,125,128,:
109:102,103,104,105,106,107,108,110,111,112,113,114,115,116,118,119,120,121,122,123,124,125,126,127,128,:
110:102,103,104,107,108,109,111,112,120,122,123,125,139,140,:
111:107,108,109,110,112,120,122,123,125,129,140,:
112:103,104,107,108,109,110,111,122,137,138,139,140,:
113:105,106,109,114,115,116,117,118,119,120,121,124,125,:
114:102,103,104,105,106,107,108,109,113,115,116,118,119,120,121,123,124,125,126,128,:
115:109,113,114,116,117,118,119,120,121,124,125,126,:
116:109,113,114,115,117,118,119,120,124,125,126,127,128,129,532,534,:
117:113,115,116,118,119,124,125,126,129,529,530,532,533,534,:
118:63,109,113,114,115,116,117,119,120,121,122,123,124,125,:
119:63,108,109,113,114,115,116,117,118,120,121,122,123,124,125,:
120:108,109,110,111,113,114,115,116,118,119,121,122,123,124,125,:
121:61,63,106,108,109,113,114,115,118,119,120,122,123,:
122:108,109,110,111,112,118,119,120,121,123,462,:
123:106,108,109,110,111,114,118,119,120,121,122,:
124:108,109,113,114,115,116,117,118,119,120,125,126,127,128,129,130,534,:
125:102,103,105,108,109,110,111,113,114,115,116,117,118,119,120,124,126,127,128,129,:
126:109,114,115,116,117,124,125,127,128,129,130,131,532,533,534,:
127:103,109,116,124,125,126,128,129,130,131,:
128:102,103,108,109,114,116,124,125,126,127,129,:
129:111,116,117,124,125,126,127,128,130,131,219,222,532,533,534,:
130:124,126,127,129,131,212,218,219,221,222,533,534,:
131:126,127,129,130,218,219,220,221,222,532,533,534,:
132:94,96,97,133,134,135,136,137,138,:
133:93,94,95,96,97,132,134,135,136,137,138,:
134:94,97,132,133,135,136,137,138,139,199,:
135:94,132,133,134,136,137,138,199,:
136:93,94,95,97,132,133,134,135,137,138,145,:
137:112,132,133,134,135,136,138,139,140,141,143,199,212,:
138:101,112,132,133,134,135,136,137,139,140,141,142,143,:
139:101,110,112,134,137,138,140,141,142,143,192,193,194,:
140:110,111,112,137,138,139,141,142,143,192,193,194,:
141:137,138,139,140,142,143,150,151,188,189,190,192,194,:
142:29,138,139,140,141,143,150,151,188,189,190,192,194,:
143:137,138,139,140,141,142,146,149,150,151,152,188,189,:
144:145,146,147,148,149,150,151,152,153,154,:
145:136,144,146,147,148,149,150,151,:
146:143,144,145,147,148,149,150,151,152,153,154,155,178,:
147:144,145,146,148,149,150,152,153,154,155,156,157,158,159,160,178,:
148:144,145,146,147,149,152,153,154,155,156,158,159,160,:
149:143,144,145,146,147,148,150,151,152,153,154,:
150:141,142,143,144,145,146,147,149,151,152,:
151:141,142,143,144,145,146,149,150,152,:
152:143,144,146,147,148,149,150,151,153,154,157,178,:
153:144,146,147,148,149,152,154,155,156,157,158,159,160,177,178,:
154:144,146,147,148,149,152,153,155,156,157,158,159,160,176,177,178,183,185,:
155:146,147,148,153,154,156,157,158,159,160,161,178,:
156:147,148,153,154,155,157,158,159,165,166,:
157:147,152,153,154,155,156,158,165,166,178,:
158:147,148,153,154,155,156,157,159,160,161,162,163,178,:
159:147,148,153,154,155,156,158,160,161,162,163,164,:
160:147,148,153,154,155,158,159,161,162,163,164,178,:
161:155,158,159,160,162,163,164,:
162:158,159,160,161,163,164,196,203,205,:
163:158,159,160,161,162,164,:
164:159,160,161,162,163,203,205,:
165:156,157,166,167,168,169,170,171,172,:
166:156,157,165,167,168,169,170,171,172,173,:
167:165,166,168,169,170,171,172,173,:
168:165,166,167,169,170,171,172,:
169:165,166,167,168,170,171,172,173,333,:
170:165,166,167,168,169,171,172,173,329,330,:
171:165,166,167,168,169,170,172,173,181,329,330,:
172:165,166,167,168,169,170,171,173,330,:
173:166,167,169,170,171,172,181,327,329,330,331,333,:
174:175,176,177,178,179,180,183,184,305,:
175:174,176,177,179,183,184,304,305,309,311,:
176:154,174,175,177,178,179,180,181,182,183,184,185,305,:
177:153,154,174,175,176,178,179,180,181,183,184,185,186,188,189,:
178:146,147,152,153,154,155,157,158,160,174,176,177,179,180,181,183,184,185,188,:
179:174,175,176,177,178,180,181,182,183,184,305,327,330,:
180:29,174,176,177,178,179,181,182,183,184,:
181:171,173,176,177,178,179,180,182,330,:
182:2,4,27,29,176,179,180,181,352,:
183:154,174,175,176,177,178,179,180,184,185,186,187,188,189,195,196,302,305,:
184:174,175,176,177,178,179,180,183,185,186,187,188,189,195,301,302,303,304,305,306,:
185:154,176,177,178,183,184,186,187,188,189,190,191,195,196,197,:
186:177,183,184,185,187,188,189,190,191,195,196,197,198,199,200,302,:
187:183,184,185,186,188,189,190,191,195,196,197,200,294,295,301,302,303,305,306,308,:
188:141,142,143,177,178,183,184,185,186,187,189,190,191,192,194,195,196,:
189:141,142,143,177,183,184,185,186,187,188,190,191,192,193,194,195,:
190:37,141,142,185,186,187,188,189,191,192,193,194,195,214,308,:
191:185,186,187,188,189,190,192,193,194,195,196,197,198,199,207,208,212,213,214,216,308,:
192:1,26,37,39,139,140,141,142,188,189,190,191,193,194,214,:
193:37,39,139,140,189,190,191,192,194,213,214,216,:
194:1,2,16,26,29,37,139,140,141,142,188,189,190,191,192,193,:
195:183,184,185,186,187,188,189,190,191,196,197,198,199,200,201,203,207,208,302,:
196:162,183,185,186,187,188,191,195,197,198,199,200,201,202,203,:
197:185,186,187,191,195,196,198,199,200,201,202,203,207,208,209,285,302,:
198:186,191,195,196,197,199,200,201,202,207,208,209,210,211,212,213,214,285,:
199:134,135,137,186,191,195,196,197,198,200,201,202,207,208,209,212,:
200:186,187,195,196,197,198,199,201,202,203,204,205,207,208,279,285,294,298,300,:
201:195,196,197,198,199,200,202,203,204,205,206,207,:
202:196,197,198,199,200,201,203,204,205,206,207,208,227,279,:
203:162,164,195,196,197,200,201,202,204,205,206,:
204:200,201,202,203,205,206,227,:
205:162,164,200,201,202,203,204,206,:
206:201,202,203,204,205,:
207:191,195,197,198,199,200,201,202,208,209,210,211,212,213,214,215,218,219,282,285,:
208:191,195,197,198,199,200,202,207,209,210,211,212,213,214,215,216,218,279,281,282,283,284,285,:
209:197,198,199,207,208,210,211,212,213,214,215,218,219,220,:
210:198,207,208,209,211,212,213,214,215,218,219,220,221,222,223,224,225,282,:
211:198,207,208,209,210,212,213,215,218,219,220,221,223,224,225,274,275,279,281,282,283,285,:
212:130,137,191,198,199,207,208,209,210,211,213,214,215,216,217,218,219,:
213:191,193,198,207,208,209,210,211,212,214,215,216,217,218,219,:
214:39,190,191,192,193,198,207,208,209,210,212,213,215,216,217,285,308,:
215:207,208,209,210,211,212,213,214,216,217,218,219,238,240,:
216:24,25,39,191,193,208,212,213,214,215,217,286,308,:
217:22,24,25,39,46,47,212,213,214,215,216,238,240,286,287,288,:
218:130,131,207,208,209,210,211,212,213,215,219,220,221,222,223,224,225,230,231,:
219:129,130,131,207,209,210,211,212,213,215,218,220,221,222,223,224,225,:
220:131,209,210,211,218,219,221,222,223,224,225,226,230,231,232,266,:
221:130,131,210,211,218,219,220,222,223,224,230,231,232,233,234,235,236,238,266,533,:
222:129,130,131,210,218,219,220,221,223,230,231,232,233,235,236,238,532,533,534,:
223:210,211,218,219,220,221,222,224,225,226,227,228,230,231,266,:
224:210,211,218,219,220,221,223,225,226,227,228,229,:
225:210,211,218,219,220,223,224,226,227,228,229,:
226:220,223,224,225,227,228,229,274,277,:
227:202,204,223,224,225,226,228,229,:
228:223,224,225,226,227,229,277,279,:
229:224,225,226,227,228,279,:
230:218,220,221,222,223,231,232,233,234,235,236,237,238,263,266,:
231:218,220,221,222,223,230,232,233,234,235,236,238,262,263,264,265,266,:
232:220,221,222,230,231,233,234,235,236,237,238,263,266,531,533,:
233:221,222,230,231,232,234,235,236,262,263,531,:
234:221,230,231,232,233,235,262,263,264,266,:
235:221,222,230,231,232,233,234,236,237,238,239,240,247,263,528,:
236:221,222,230,231,232,233,235,237,238,239,240,247,248,249,250,528,:
237:230,232,235,236,238,239,240,248,249,250,527,528,:
238:46,215,217,221,222,230,231,232,235,236,237,239,240,248,249,288,290,:
239:25,46,47,235,236,237,238,240,248,249,250,452,453,528,:
240:25,46,47,215,217,235,236,237,238,239,248,249,288,290,452,453,:
241:242,243,244,245,246,247,251,252,255,269,270,:
242:241,243,244,246,247,251,252,255,267,268,269,270,271,:
243:91,241,242,244,245,246,247,248,251,252,253,270,539,:
244:90,91,241,242,243,245,246,247,251,252,253,254,255,256,270,:
245:90,91,241,243,244,246,251,252,253,254,255,539,:
246:90,91,241,242,243,244,245,247,248,249,250,251,252,270,539,:
247:235,236,241,242,243,244,246,248,249,250,453,536,:
248:236,237,238,239,240,243,246,247,249,250,451,452,453,535,536,:
249:46,236,237,238,239,240,246,247,248,250,288,290,291,451,452,453,454,536,:
250:77,236,237,239,246,247,248,249,451,452,453,535,536,537,540,:
251:90,241,242,243,244,245,246,252,253,254,255,256,257,258,269,270,271,:
252:90,241,242,243,244,245,246,251,253,254,255,256,257,258,260,269,270,271,:
253:90,243,244,245,251,252,254,255,256,257,258,259,270,:
254:244,245,251,252,253,255,256,257,:
255:241,242,244,245,251,252,253,254,256,270,:
256:244,251,252,253,254,255,257,258,259,260,261,270,:
257:90,251,252,253,254,256,258,259,260,261,271,:
258:90,251,252,253,256,257,259,260,261,269,270,271,:
259:87,90,253,256,257,258,260,261,:
260:90,252,256,257,258,259,261,271,516,520,522,:
261:87,90,256,257,258,259,260,:
262:231,233,234,263,264,265,266,267,268,272,273,:
263:230,231,232,233,234,235,262,264,265,266,267,272,:
264:231,234,262,263,265,266,267,268,269,272,273,274,:
265:231,262,263,264,266,267,268,272,273,274,275,276,277,:
266:220,221,223,230,231,232,234,262,263,264,265,267,268,272,273,274,275,282,:
267:242,262,263,264,265,266,268,269,270,271,272,273,:
268:242,262,264,265,266,267,269,270,271,272,273,289,291,:
269:241,242,251,252,258,264,267,268,270,271,291,:
270:241,242,243,244,246,251,252,253,255,256,258,267,268,269,271,:
271:242,251,252,257,258,260,267,268,269,270,289,290,291,:
272:262,263,264,265,266,267,268,273,274,275,276,277,278,281,282,:
273:262,264,265,266,267,268,272,274,275,276,277,:
274:211,226,264,265,266,272,273,275,276,277,278,279,280,281,282,283,:
275:211,265,266,272,273,274,276,277,278,279,281,282,283,284,286,287,289,293,:
276:265,272,273,274,275,277,278,281,282,283,284,286,287,289,293,424,:
277:226,228,265,272,273,274,275,276,278,279,280,281,282,:
278:272,274,275,276,277,279,280,281,282,:
279:200,202,208,211,228,229,274,275,277,278,280,281,282,:
280:274,277,278,279,299,:
281:208,211,272,274,275,276,277,278,279,282,283,284,285,286,287,289,292,293,:
282:207,208,210,211,266,272,274,275,276,277,278,279,281,283,284,285,286,287,292,:
283:208,211,274,275,276,281,282,284,285,286,287,288,289,292,293,294,424,:
284:208,275,276,281,282,283,285,286,287,292,293,294,295,296,297,298,301,302,424,:
285:197,198,200,207,208,211,214,281,282,283,284,286,292,293,294,295,301,302,:
286:216,217,275,276,281,282,283,284,285,287,288,289,290,291,292,293,418,:
287:217,275,276,281,282,283,284,286,288,289,290,291,418,523,:
288:24,25,46,217,238,240,249,283,286,287,289,290,291,523,:
289:268,271,275,276,281,283,286,287,288,290,291,522,523,:
290:46,238,240,249,271,286,287,288,289,291,453,523,:
291:249,268,269,271,286,287,288,289,290,522,523,:
292:281,282,283,284,285,286,293,294,295,296,297,298,299,301,302,421,423,424,:
293:275,276,281,283,284,285,286,292,294,295,296,297,298,299,418,420,421,422,423,424,425,:
294:187,200,283,284,285,292,293,295,296,297,298,299,300,301,302,303,421,424,:
295:187,284,285,292,293,294,296,297,298,301,302,303,304,305,306,308,309,310,316,318,421,:
296:284,292,293,294,295,297,301,302,303,304,309,310,316,318,410,414,415,418,420,421,422,424,425,:
297:284,292,293,294,295,296,298,299,300,301,302,318,421,424,:
298:200,284,292,293,294,295,297,299,300,:
299:280,292,293,294,297,298,300,:
300:200,294,297,298,299,:
301:184,187,284,285,292,294,295,296,297,302,303,304,305,306,307,308,309,310,:
302:183,184,186,187,195,197,284,285,292,294,295,296,297,301,303,304,305,306,308,:
303:184,187,294,295,296,301,302,304,305,306,307,308,309,310,311,:
304:175,184,295,296,301,302,303,305,306,307,308,309,310,311,312,313,314,315,316,410,:
305:174,175,176,179,183,184,187,295,301,302,303,304,306,307,309,310,311,312,314,315,:
306:40,184,187,295,301,302,303,304,305,307,308,309,310,:
307:16,17,37,38,39,40,301,303,304,305,306,308,309,310,:
308:17,37,39,40,187,190,191,214,216,295,301,302,303,304,306,307,:
309:175,295,296,301,303,304,305,306,307,310,311,312,313,314,315,316,317,320,321,407,410,:
310:295,296,301,303,304,305,306,307,309,311,312,313,314,315,316,406,407,409,410,412,414,:
311:175,303,304,305,309,310,312,313,314,315,316,317,320,321,322,407,410,:
312:304,305,309,310,311,313,314,315,320,321,322,323,324,325,406,407,410,:
313:304,309,310,311,312,314,320,321,322,323,325,399,400,402,403,406,407,408,409,410,:
314:304,305,309,310,311,312,313,315,316,317,318,319,320,321,407,410,:
315:304,305,309,310,311,312,314,316,317,318,319,410,:
316:295,296,304,309,310,311,314,315,317,318,319,410,421,:
317:309,311,314,315,316,318,319,:
318:295,296,297,314,315,316,317,319,421,:
319:314,315,316,317,318,:
320:309,311,312,313,314,321,322,323,324,325,326,327,407,:
321:309,311,312,313,314,320,322,323,324,325,326,327,328,329,:
322:311,312,313,320,321,323,324,325,326,327,328,:
323:312,313,320,321,322,324,325,326,328,332,:
324:312,320,321,322,323,325,326,328,332,:
325:312,313,320,321,322,323,324,326,327,328,329,331,332,376,:
326:320,321,322,323,324,325,327,328,329,330,331,332,333,334,350,:
327:173,179,320,321,322,325,326,328,329,330,331,332,333,350,:
328:321,322,323,324,325,326,327,329,330,331,332,333,334,335,:
329:170,171,173,321,325,326,327,328,330,331,332,333,335,:
330:170,171,172,173,179,181,326,327,328,329,331,333,:
331:173,325,326,327,328,329,330,332,333,334,335,:
332:323,324,325,326,327,328,329,331,333,334,335,:
333:169,173,326,327,328,329,330,331,332,334,335,:
334:326,328,331,332,333,335,336,338,:
335:328,329,331,332,333,334,:
336:334,337,338,339,340,341,342,343,344,345,346,:
337:336,338,339,340,341,342,343,344,345,359,363,372,:
338:334,336,337,339,340,341,342,343,344,345,346,347,354,359,:
339:336,337,338,340,341,342,343,345,346,347,348,349,350,353,354,358,359,372,:
340:336,337,338,339,341,342,343,345,346,347,348,349,353,354,358,359,360,361,363,371,372,373,376,:
341:336,337,338,339,340,342,343,344,345,346,354,359,:
342:336,337,338,339,340,341,343,344,345,346,354,358,359,:
343:336,337,338,339,340,341,342,344,345,346,348,353,354,355,356,358,359,360,363,364,:
344:336,337,338,341,342,343,359,364,:
345:336,337,338,339,340,341,342,343,346,347,348,349,350,351,352,353,354,359,372,:
346:336,338,339,340,341,342,343,345,347,348,350,351,353,354,:
347:338,339,340,345,346,348,349,350,351,352,353,354,355,359,372,376,:
348:33,339,340,343,345,346,347,349,350,351,352,353,354,355,356,357,358,359,371,372,378,:
349:339,340,345,347,348,350,351,352,353,354,355,356,357,358,359,361,371,372,373,374,376,377,378,379,382,383,384,:
350:326,327,339,345,346,347,348,349,351,352,353,354,:
351:31,33,345,346,347,348,349,350,352,353,354,:
352:13,27,36,182,345,347,348,349,350,351,:
353:33,339,340,343,345,346,347,348,349,350,351,354,355,356,357,358,359,372,378,:
354:338,339,340,341,342,343,345,346,347,348,349,350,351,353,355,356,358,359,372,:
355:33,343,347,348,349,353,354,356,357,358,359,360,372,378,:
356:343,348,349,353,354,355,357,358,359,360,361,363,371,372,378,384,394,396,:
357:348,349,353,355,356,358,359,360,361,362,371,372,377,378,384,386,391,392,394,395,396,:
358:339,340,342,343,348,349,353,354,355,356,357,359,360,361,362,363,364,365,371,372,378,396,:
359:337,338,339,340,341,342,343,344,345,347,348,349,353,354,355,356,357,358,360,361,363,364,371,372,:
360:340,343,355,356,357,358,359,361,362,363,364,365,371,372,373,378,386,396,:
361:340,349,356,357,358,359,360,362,363,364,371,372,373,374,375,376,377,378,385,386,:
362:357,358,360,361,363,371,372,373,374,375,377,378,385,386,387,388,390,391,:
363:337,340,343,356,358,359,360,361,362,364,365,366,368,371,372,:
364:343,344,358,359,360,361,363,365,366,367,368,369,370,:
365:358,360,363,364,366,367,368,369,370,395,:
366:363,364,365,367,368,369,370,:
367:364,365,366,368,369,370,:
368:363,364,365,366,367,369,370,:
369:364,365,366,367,368,370,:
370:364,365,366,367,368,369,:
371:340,348,349,356,357,358,359,360,361,362,363,372,373,374,375,376,377,378,386,:
372:337,339,340,345,347,348,349,353,354,355,356,357,358,359,360,361,362,363,371,373,374,376,377,378,:
373:340,349,360,361,362,371,372,374,375,376,377,378,379,386,:
374:349,361,362,371,372,373,375,376,377,378,379,380,382,385,386,404,:
375:361,362,371,373,374,376,377,378,379,380,381,385,386,388,:
376:325,340,347,349,361,371,372,373,374,375,377,378,404,:
377:349,357,361,362,371,372,373,374,375,376,378,379,380,381,382,383,384,385,386,404,:
378:348,349,353,355,356,357,358,360,361,362,371,372,373,374,375,376,377,379,380,382,383,384,385,386,:
379:349,373,374,375,377,378,380,381,382,383,384,385,386,387,498,499,:
380:374,375,377,378,379,381,382,383,384,385,386,387,388,390,391,498,:
381:375,377,379,380,382,384,385,386,387,388,492,498,499,:
382:349,374,377,378,379,380,381,383,384,385,386,:
383:13,349,377,378,379,380,382,384,404,405,:
384:349,356,357,377,378,379,380,381,382,383,385,386,:
385:361,362,374,375,377,378,379,380,381,382,384,386,387,388,389,390,391,:
386:357,360,361,362,371,373,374,375,377,378,379,380,381,382,384,385,387,388,390,391,:
387:362,379,380,381,385,386,388,389,390,391,392,:
388:362,375,380,381,385,386,387,389,390,391,:
389:385,387,388,390,:
390:362,380,385,386,387,388,389,391,392,393,394,396,:
391:357,362,380,385,386,387,388,390,392,393,394,395,396,:
392:357,387,390,391,393,394,395,396,:
393:390,391,392,394,395,396,:
394:356,357,390,391,392,393,395,396,:
395:357,365,391,392,393,394,396,:
396:356,357,358,360,390,391,392,393,394,395,:
397:398,399,400,401,402,403,404,406,407,497,:
398:397,399,400,401,402,403,404,496,497,500,502,:
399:313,397,398,400,401,402,403,404,405,406,407,408,497,:
400:313,397,398,399,401,402,403,406,407,408,409,411,497,:
401:397,398,399,400,402,406,407,408,409,411,497,502,503,:
402:313,397,398,399,400,401,403,404,405,406,407,497,:
403:313,397,398,399,400,402,404,405,407,:
404:374,376,377,383,397,398,399,402,403,405,:
405:13,38,40,383,399,402,403,404,445,:
406:310,312,313,397,399,400,401,402,407,408,409,410,411,412,413,:
407:309,310,311,312,313,314,320,397,399,400,401,402,403,406,408,409,410,411,412,:
408:313,399,400,401,406,407,409,410,411,412,413,414,:
409:310,313,400,401,406,407,408,410,411,412,413,414,415,416,417,419,421,:
410:296,304,309,310,311,312,313,314,315,316,406,407,408,409,411,412,413,414,415,417,419,421,:
411:400,401,406,407,408,409,410,412,413,:
412:310,406,407,408,409,410,411,413,414,415,416,417,418,419,420,421,506,:
413:406,408,409,410,411,412,414,415,416,417,419,506,510,:
414:296,310,408,409,410,412,413,415,416,417,418,419,420,421,422,:
415:296,409,410,412,413,414,416,417,418,419,420,421,422,423,424,425,:
416:409,412,413,414,415,417,418,420,421,422,423,510,511,520,:
417:409,410,412,413,414,415,416,418,419,420,421,506,520,522,523,:
418:286,287,293,296,412,414,415,416,417,419,420,421,522,523,:
419:409,410,412,413,414,415,417,418,506,:
420:293,296,412,414,415,416,417,418,421,422,423,424,425,426,:
421:292,293,294,295,296,297,316,318,409,410,412,414,415,416,417,418,420,422,423,424,425,:
422:293,296,414,415,416,420,421,423,424,425,426,427,428,:
423:292,293,415,416,420,421,422,424,425,426,427,:
424:276,283,284,292,293,294,296,297,415,420,421,422,423,425,426,:
425:293,296,415,420,421,422,423,424,426,427,428,:
426:420,422,423,424,425,427,428,:
427:422,423,425,426,428,:
428:422,425,426,427,:
429:79,83,84,85,430,431,432,433,434,435,436,437,438,501,517,518,:
430:78,79,80,83,84,85,429,431,432,433,434,435,436,515,517,518,:
431:79,429,430,432,433,434,435,436,437,438,439,441,491,494,501,518,:
432:429,430,431,433,434,435,436,437,438,439,440,441,442,446,491,507,517,518,:
433:83,84,429,430,431,432,434,435,436,437,438,439,440,441,446,447,505,507,517,518,519,521,:
434:78,79,429,430,431,432,433,435,436,437,438,441,482,490,491,:
435:78,79,80,82,83,429,430,431,432,433,434,436,437,438,440,441,547,548,:
436:78,79,82,83,429,430,431,432,433,434,435,437,438,439,440,441,446,448,547,548,:
437:429,431,432,433,434,435,436,438,439,440,441,442,443,445,446,447,491,494,507,:
438:429,431,432,433,434,435,436,437,439,440,441,442,443,445,481,487,488,489,490,491,494,507,:
439:23,431,432,433,436,437,438,440,441,442,443,444,445,446,447,448,456,:
440:23,432,433,435,436,437,438,439,441,442,443,446,447,448,449,451,454,455,456,:
441:79,431,432,433,434,435,436,437,438,439,440,442,446,447,448,449,455,456,480,486,547,:
442:21,43,45,432,437,438,439,440,441,443,444,445,446,447,456,459,479,480,487,488,:
443:45,437,438,439,440,442,444,445,487,488,491,:
444:14,41,43,45,439,442,443,445,476,477,479,487,488,:
445:20,40,45,405,437,438,439,442,443,444,499,507,:
446:21,22,23,25,47,432,433,436,437,439,440,441,442,447,448,449,450,451,452,453,454,455,456,:
447:21,22,23,25,46,47,433,437,439,440,441,442,446,448,449,451,452,453,454,455,456,:
448:82,436,439,440,441,446,447,449,450,451,452,453,454,455,456,457,547,:
449:440,441,446,447,448,450,451,452,453,454,455,456,457,458,459,460,463,486,:
450:77,446,448,449,451,452,453,455,456,457,458,460,463,486,540,542,:
451:25,46,248,249,250,440,446,447,448,449,450,452,453,454,455,456,:
452:22,23,25,46,47,239,240,248,249,250,446,447,448,449,450,451,453,454,455,456,:
453:23,25,46,47,239,240,247,248,249,250,290,446,447,448,449,450,451,452,454,:
454:23,81,82,83,86,92,249,440,446,447,448,449,451,452,453,521,:
455:47,440,441,446,447,448,449,450,451,452,456,457,458,459,460,461,462,463,464,486,:
456:21,25,43,47,439,440,441,442,446,447,448,449,450,451,452,455,457,458,459,460,461,462,463,:
457:448,449,450,455,456,458,459,460,461,462,463,464,465,470,486,:
458:449,450,455,456,457,459,460,461,462,463,464,465,466,467,468,469,470,471,478,479,484,486,:
459:442,449,455,456,457,458,460,461,464,465,466,467,470,471,473,478,479,480,484,486,:
460:63,449,450,455,456,457,458,459,461,462,463,464,470,:
461:19,43,44,47,455,456,457,458,459,460,462,463,464,467,:
462:18,19,42,43,44,47,122,455,456,457,458,460,461,463,:
463:47,63,76,77,449,450,455,456,457,458,460,461,462,:
464:455,457,458,459,460,461,465,466,467,468,469,470,471,478,479,484,486,:
465:457,458,459,464,466,467,468,469,470,471,472,473,477,478,479,484,:
466:458,459,464,465,467,468,469,470,471,472,473,475,476,477,478,479,:
467:458,459,461,464,465,466,468,470,471,472,477,479,:
468:55,57,58,59,458,464,465,466,467,469,470,471,472,:
469:54,55,56,57,59,60,458,464,465,466,468,470,:
470:56,59,60,61,62,63,457,458,459,460,464,465,466,467,468,469,:
471:458,459,464,465,466,467,468,472,473,474,475,476,477,478,479,:
472:465,466,467,468,471,473,474,475,476,477,478,479,480,488,:
473:459,465,466,471,472,474,475,476,477,478,479,480,481,483,484,487,488,:
474:471,472,473,475,476,478,479,480,481,482,483,484,487,488,:
475:466,471,472,473,474,476,477,478,479,488,:
476:444,466,471,472,473,474,475,477,478,479,488,:
477:444,465,466,467,471,472,473,475,476,478,479,:
478:458,459,464,465,466,471,472,473,474,475,476,477,479,480,481,482,483,484,486,487,488,:
479:442,444,458,459,464,465,466,467,471,472,473,474,475,476,477,478,480,481,483,484,486,487,488,:
480:441,442,459,472,473,474,478,479,481,482,483,484,485,486,487,488,489,:
481:438,473,474,478,479,480,482,483,484,487,488,489,490,491,492,:
482:434,474,478,480,481,483,487,488,489,490,491,:
483:473,474,478,479,480,481,482,484,485,486,487,488,:
484:458,459,464,465,473,474,478,479,480,481,483,485,486,:
485:480,483,484,486,:
486:441,449,450,455,457,458,459,464,478,479,480,483,484,485,545,546,547,548,:
487:438,442,443,444,473,474,478,479,480,481,482,483,488,489,490,491,492,:
488:438,442,443,444,472,473,474,475,476,478,479,480,481,482,483,487,489,490,491,492,:
489:438,480,481,482,487,488,490,491,492,:
490:434,438,481,482,487,488,489,491,492,493,494,:
491:431,432,434,437,438,443,481,482,487,488,489,490,492,493,494,499,:
492:381,481,487,488,489,490,491,:
493:490,491,494,495,496,497,498,499,500,501,:
494:431,437,438,490,491,493,495,496,497,498,499,500,501,502,507,:
495:493,494,496,497,498,499,500,501,502,:
496:398,493,494,495,497,498,499,500,501,502,503,505,507,:
497:397,398,399,400,401,402,493,494,495,496,498,499,500,501,502,503,505,:
498:379,380,381,493,494,495,496,497,499,500,501,:
499:379,381,445,491,493,494,495,496,497,498,500,507,:
500:398,493,494,495,496,497,498,499,501,502,503,504,505,506,507,:
501:429,431,493,494,495,496,497,498,500,502,503,504,505,507,:
502:398,401,494,495,496,497,500,501,503,504,505,506,507,:
503:401,496,497,500,501,502,504,505,506,507,508,509,:
504:500,501,502,503,505,506,508,509,:
505:433,496,497,500,501,502,503,504,506,507,515,517,518,:
506:412,413,417,419,500,502,503,504,505,507,508,514,515,516,517,518,519,:
507:432,433,437,438,445,494,496,499,500,501,502,503,505,506,518,:
508:503,504,506,509,510,511,512,513,514,515,:
509:503,504,508,510,511,512,513,514,515,:
510:413,416,508,509,511,512,513,514,515,516,520,:
511:416,508,509,510,512,513,514,:
512:508,509,510,511,513,:
513:508,509,510,511,512,514,515,516,517,519,520,:
514:506,508,509,510,511,513,515,516,517,518,519,520,521,522,:
515:84,85,430,505,506,508,509,510,513,514,516,517,518,519,520,521,:
516:260,506,510,513,514,515,517,518,519,520,521,522,523,:
517:83,84,85,429,430,432,433,505,506,513,514,515,516,518,519,520,521,523,:
518:83,84,85,429,430,431,432,433,505,506,507,514,515,516,517,519,521,:
519:433,506,513,514,515,516,517,518,520,521,522,523,:
520:260,416,417,510,513,514,515,516,517,519,521,522,523,:
521:23,433,454,514,515,516,517,518,519,520,522,523,:
522:260,289,291,417,418,514,516,519,520,521,523,:
523:23,287,288,289,290,291,417,418,516,517,519,520,521,522,:
524:525,526,527,528,529,530,531,:
525:524,526,527,528,529,530,531,532,:
526:70,71,72,73,74,75,524,525,527,528,529,530,531,532,:
527:71,73,75,76,77,237,524,525,526,528,529,530,531,:
528:73,75,76,77,235,236,237,239,524,525,526,527,529,530,531,532,:
529:72,74,117,524,525,526,527,528,530,531,532,533,534,:
530:117,524,525,526,527,528,529,531,532,533,534,:
531:232,233,524,525,526,527,528,529,530,532,533,534,:
532:116,117,126,129,131,222,525,526,528,529,530,531,533,534,:
533:117,126,129,130,131,221,222,232,529,530,531,532,534,:
534:116,117,124,126,129,130,131,222,529,530,531,532,533,:
535:248,250,536,537,538,539,540,541,:
536:77,247,248,249,250,535,537,538,539,540,:
537:250,535,536,538,539,540,541,542,:
538:535,536,537,539,540,541,:
539:91,92,243,245,246,535,536,537,538,540,541,:
540:92,250,450,535,536,537,538,539,541,542,543,:
541:535,537,538,539,540,542,543,544,545,547,:
542:82,92,450,537,540,541,543,544,545,546,547,548,549,550,:
543:82,540,541,542,544,545,546,547,548,549,550,551,:
544:541,542,543,545,546,547,549,550,551,:
545:82,486,541,542,543,544,546,547,548,549,550,551,:
546:79,81,82,486,542,543,544,545,547,548,549,550,551,:
547:78,79,81,82,435,436,441,448,486,541,542,543,544,545,546,548,549,551,:
548:78,79,82,435,436,486,542,543,545,546,547,549,550,551,:
549:542,543,544,545,546,547,548,550,551,:
550:542,543,544,545,546,548,549,551,:
551:543,544,545,546,547,548,549,550,:
