1:2,4,5,6,9,10,11,12,30,31,32,33,35,36,37,38,40,42,43,218,249,501,503,:
2:1,4,5,6,9,11,12,13,14,30,31,32,33,35,36,37,38,40,334,492,493,496,:
3:6,7,8,12,13,14,15,32,34,39,44,272,273,332,334,492,493,:
4:1,2,5,6,8,9,11,12,13,14,17,24,31,32,33,35,36,37,38,40,45,48,49,50,:
5:1,2,4,6,9,10,11,12,24,30,31,32,33,35,36,37,38,40,42,43,48,49,50,:
6:1,2,3,4,5,7,8,12,13,14,15,32,33,34,35,36,39,40,45,334,335,441,492,493,494,:
7:3,6,8,13,14,15,16,34,39,44,332,340,441,493,:
8:3,4,6,7,12,13,14,15,16,17,29,34,35,36,39,44,45,335,340,441,:
9:1,2,4,5,10,11,12,30,31,32,33,35,36,37,38,40,41,42,43,215,217,218,:
10:1,5,9,11,30,31,37,38,40,41,42,43,217,218,220,503,:
11:1,2,4,5,9,10,30,31,33,37,38,40,41,42,43,215,216,217,218,219,220,:
12:1,2,3,4,5,6,8,9,13,14,30,31,32,33,35,36,37,38,40,45,492,493,494,:
13:2,3,4,6,7,8,12,14,32,33,34,35,39,334,491,492,493,494,:
14:2,3,4,6,7,8,12,13,15,16,17,33,34,35,36,39,44,45,335,441,493,:
15:3,6,7,8,14,16,17,18,28,29,39,44,45,198,340,358,363,441,:
16:7,8,14,15,17,18,19,22,28,29,39,44,45,57,198,357,358,441,:
17:4,8,14,15,16,18,19,20,21,22,23,24,28,29,35,36,44,45,48,49,57,441,:
18:15,16,17,19,20,21,22,23,24,27,28,29,45,46,47,48,49,51,56,57,:
19:16,17,18,20,21,22,23,28,29,45,46,47,57,86,358,361,:
20:17,18,19,21,22,23,28,29,46,47,51,56,57,387,:
21:17,18,19,20,22,23,24,25,26,27,28,46,47,48,49,51,53,55,56,387,:
22:16,17,18,19,20,21,23,24,25,26,27,28,45,46,47,48,49,50,51,53,55,56,:
23:17,18,19,20,21,22,24,25,26,27,36,45,47,48,49,50,51,52,53,54,55,56,:
24:4,5,17,18,21,22,23,25,26,27,35,36,38,45,47,48,49,50,51,52,53,54,55,56,143,144,145,:
25:21,22,23,24,26,27,47,48,49,50,51,52,53,54,55,56,82,88,89,90,143,:
26:21,22,23,24,25,27,47,48,49,50,51,52,53,54,55,56,90,:
27:18,21,22,23,24,25,26,47,48,49,50,51,52,53,54,55,56,:
28:15,16,17,18,19,20,21,22,29,44,45,46,57,86,355,357,358,359,360,361,:
29:8,15,16,17,18,19,20,28,44,45,57,198,350,351,357,358,359,360,361,362,:
30:1,2,5,9,10,11,12,31,32,33,37,40,42,217,218,219,220,247,248,249,503,:
31:1,2,4,5,9,10,11,12,30,32,33,36,37,38,40,42,43,218,249,495,496,497,500,501,502,503,:
32:1,2,3,4,5,6,9,12,13,30,31,33,40,249,258,491,492,493,494,495,496,497,:
33:1,2,4,5,6,9,11,12,13,14,30,31,32,35,36,40,249,258,334,335,493,:
34:3,6,7,8,13,14,39,269,272,273,332,492,493,:
35:1,2,4,5,6,8,9,12,13,14,17,24,33,36,37,38,40,45,48,49,50,335,:
36:1,2,4,5,6,8,9,12,14,17,23,24,31,33,35,37,38,40,45,48,49,50,441,:
37:1,2,4,5,9,10,11,12,30,31,35,36,38,40,41,42,43,48,50,503,:
38:1,2,4,5,9,10,11,12,24,31,35,36,37,40,43,48,49,50,145,:
39:3,6,7,8,13,14,15,16,34,44,332,336,337,338,339,340,363,:
40:1,2,4,5,6,9,10,11,12,30,31,32,33,35,36,37,38,42,43,214,215,216,217,218,335,:
41:9,10,11,37,42,43,118,119,120,122,216,217,218,220,:
42:1,5,9,10,11,30,31,37,40,41,43,217,218,220,501,502,503,:
43:1,5,9,10,11,31,37,38,40,41,42,218,503,:
44:3,7,8,14,15,16,17,28,29,39,45,198,339,340,348,350,357,358,:
45:4,6,8,12,14,15,16,17,18,19,22,23,24,28,29,35,36,44,48,49,50,441,:
46:18,19,20,21,22,28,47,57,87,385,386,387,:
47:18,19,20,21,22,23,24,25,26,27,46,48,51,53,55,56,:
48:4,5,17,18,21,22,23,24,25,26,27,35,36,37,38,45,47,49,50,51,54,55,56,442,:
49:4,5,17,18,21,22,23,24,25,26,27,35,36,38,45,48,50,51,52,54,55,143,144,145,:
50:4,5,22,23,24,25,26,27,35,36,37,38,45,48,49,51,52,53,54,55,56,143,145,:
51:18,20,21,22,23,24,25,26,27,47,48,49,50,52,53,54,55,56,81,82,83,84,88,89,90,143,144,:
52:23,24,25,26,27,49,50,51,53,54,55,82,88,89,90,91,92,139,143,144,145,:
53:21,22,23,24,25,26,27,47,50,51,52,54,55,56,82,83,88,90,:
54:23,24,25,26,27,48,49,50,51,52,53,55,56,90,:
55:21,22,23,24,25,26,27,47,48,49,50,51,52,53,54,56,:
56:18,20,21,22,23,24,25,26,27,47,48,50,51,53,54,55,391,:
57:16,17,18,19,20,28,29,46,86,354,355,357,358,359,360,361,366,367,386,:
58:59,60,61,62,63,64,71,161,164,:
59:58,60,61,62,63,64,71,160,161,162,163,164,165,:
60:58,59,61,62,63,64,65,71,72,73,161,:
61:58,59,60,62,63,64,71,72,73,74,75,76,78,160,161,:
62:58,59,60,61,63,64,71,72,73,74,79,80,148,149,151,154,160,161,162,164,165,:
63:58,59,60,61,62,64,65,66,69,71,72,:
64:58,59,60,61,62,63,65,66,67,68,69,71,72,165,:
65:60,63,64,66,67,68,69,70,:
66:63,64,65,67,68,69,70,:
67:64,65,66,68,69,70,75,:
68:64,65,66,67,69,70,:
69:63,64,65,66,67,68,70,74,75,:
70:65,66,67,68,69,:
71:58,59,60,61,62,63,64,72,73,74,75,76,77,78,79,80,161,:
72:60,61,62,63,64,71,73,74,75,76,78,:
73:60,61,62,71,72,74,75,76,77,78,79,80,81,142,161,:
74:61,62,69,71,72,73,75,76,77,78,79,80,81,82,84,88,89,142,:
75:61,67,69,71,72,73,74,76,77,79,80,81,82,:
76:61,71,72,73,74,75,77,78,79,80,136,:
77:71,73,74,75,76,78,79,80,88,89,92,135,136,142,:
78:61,71,72,73,74,76,77,136,154,156,:
79:62,71,73,74,75,76,77,80,81,82,83,84,85,87,88,89,141,142,161,:
80:62,71,73,74,75,76,77,79,81,82,84,85,88,89,141,142,146,148,149,161,:
81:51,73,74,75,79,80,82,83,84,85,86,87,88,89,90,142,:
82:25,51,52,53,74,75,79,80,81,83,84,85,88,89,90,91,142,:
83:51,53,79,81,82,84,88,89,90,:
84:51,74,79,80,81,82,83,85,86,87,88,89,142,:
85:79,80,81,82,84,86,87,149,160,161,162,165,:
86:19,28,57,81,84,85,87,144,149,150,160,162,165,355,:
87:46,79,81,84,85,86,165,:
88:25,51,52,53,74,77,79,80,81,82,83,84,89,90,91,92,93,94,139,142,:
89:25,51,52,74,77,79,80,81,82,83,84,88,90,91,92,93,138,139,140,141,142,143,:
90:25,26,51,52,53,54,81,82,83,88,89,91,92,93,94,95,139,:
91:52,82,88,89,90,92,93,94,95,96,98,139,:
92:52,77,88,89,90,91,93,94,95,98,131,132,134,135,138,139,140,142,143,:
93:88,89,90,91,92,94,95,96,97,98,99,101,102,139,:
94:88,90,91,92,93,95,96,97,98,101,:
95:90,91,92,93,94,96,97,98,99,100,101,102,103,128,:
96:91,93,94,95,97,98,99,100,101,102,103,104,105,128,:
97:93,94,95,96,98,99,101,102,103,:
98:91,92,93,94,95,96,97,99,100,101,102,128,:
99:93,95,96,97,98,100,101,102,127,128,131,134,135,:
100:95,96,98,99,128,134,:
101:93,94,95,96,97,98,99,102,103,104,105,106,107,122,123,125,128,:
102:93,95,96,97,98,99,101,103,104,105,106,120,121,122,123,124,125,127,128,:
103:95,96,97,101,102,104,105,106,107,108,113,120,122,125,128,:
104:96,101,102,103,105,106,107,108,109,111,112,113,125,128,:
105:96,101,102,103,104,106,107,108,109,110,112,113,124,125,128,:
106:101,102,103,104,105,107,108,109,110,111,112,113,120,125,:
107:101,103,104,105,106,108,109,111,112,113,120,:
108:103,104,105,106,107,109,110,111,112,113,114,125,:
109:104,105,106,107,108,110,111,112,113,114,115,117,124,125,:
110:105,106,108,109,111,112,113,114,115,116,124,125,:
111:104,106,107,108,109,110,112,113,:
112:104,105,106,107,108,109,110,111,113,114,115,116,117,118,120,124,125,:
113:103,104,105,106,107,108,109,110,111,112,114,115,117,118,119,120,122,124,125,:
114:108,109,110,112,113,115,116,117,118,119,120,124,125,126,:
115:109,110,112,113,114,116,117,118,119,124,125,126,127,:
116:110,112,114,115,117,124,125,126,:
117:109,112,113,114,115,116,118,119,120,121,122,124,125,:
118:41,112,113,114,115,117,119,120,121,122,123,124,125,:
119:41,113,114,115,117,118,120,121,122,123,124,125,126,127,128,216,:
120:41,102,103,106,107,112,113,114,117,118,119,121,122,123,124,125,:
121:102,117,118,119,120,122,123,124,125,127,128,129,145,:
122:41,101,102,103,113,117,118,119,120,121,123,125,:
123:101,102,118,119,120,121,122,125,128,:
124:102,105,109,110,112,113,114,115,116,117,118,119,120,121,125,126,127,128,129,130,:
125:101,102,103,104,105,106,108,109,110,112,113,114,115,116,117,118,119,120,121,122,123,124,126,127,128,129,:
126:114,115,116,119,124,125,127,128,129,130,131,225,:
127:99,102,115,119,121,124,125,126,128,129,130,131,132,134,137,225,:
128:95,96,98,99,100,101,102,103,104,105,119,121,123,124,125,126,127,129,130,131,134,:
129:121,124,125,126,127,128,130,131,132,133,134,135,137,138,139,222,225,:
130:124,126,127,128,129,131,132,133,134,137,221,222,223,224,225,:
131:92,99,126,127,128,129,130,132,133,134,135,136,137,138,139,140,:
132:92,127,129,130,131,133,134,135,136,137,138,139,140,141,142,143,145,222,:
133:129,130,131,132,134,135,137,138,139,140,141,147,203,210,211,221,222,223,225,226,:
134:92,99,100,127,128,129,130,131,132,133,135,136,137,138,139,:
135:77,92,99,129,131,132,133,134,136,137,138,139,142,155,157,:
136:76,77,78,131,132,134,135,137,139,155,156,157,158,:
137:127,129,130,131,132,133,134,135,136,155,157,158,159,:
138:89,92,129,131,132,133,134,135,139,140,141,142,143,144,145,146,147,222,:
139:52,88,89,90,91,92,93,129,131,132,133,134,135,136,138,140,141,142,143,145,:
140:89,92,131,132,133,138,139,141,142,143,144,145,146,147,148,203,:
141:79,80,89,132,133,138,139,140,142,143,144,145,146,147,148,149,150,151,152,153,203,:
142:73,74,77,79,80,81,82,84,88,89,92,132,135,138,139,140,141,143,144,146,147,148,149,:
143:24,25,49,50,51,52,89,92,132,138,139,140,141,142,144,145,146,147,:
144:24,49,51,52,86,138,140,141,142,143,145,146,147,:
145:24,38,49,50,52,121,132,138,139,140,141,143,144,:
146:80,138,140,141,142,143,144,147,148,149,150,151,152,153,160,161,200,202,203,:
147:133,138,140,141,142,143,144,146,148,149,150,151,152,153,199,200,201,202,203,204,208,:
148:62,80,140,141,142,146,147,149,150,151,152,153,154,160,161,162,200,203,:
149:62,80,85,86,141,142,146,147,148,150,151,152,160,161,162,163,164,165,173,199,200,:
150:86,141,146,147,148,149,151,160,161,162,163,164,173,174,189,195,196,199,200,201,203,:
151:62,141,146,147,148,149,150,152,153,154,155,156,160,161,164,200,:
152:141,146,147,148,149,151,153,154,155,156,157,:
153:141,146,147,148,151,152,154,155,156,157,158,159,203,:
154:62,78,148,151,152,153,155,156,157,158,:
155:135,136,137,151,152,153,154,156,157,158,159,226,229,:
156:78,136,151,152,153,154,155,157,158,159,:
157:135,136,137,152,153,154,155,156,158,159,229,:
158:136,137,153,154,155,156,157,159,229,:
159:137,153,155,156,157,158,228,229,:
160:59,61,62,85,86,146,148,149,150,151,161,162,163,164,165,166,173,174,:
161:58,59,60,61,62,71,73,79,80,85,146,148,149,150,151,160,162,163,164,165,:
162:59,62,85,86,148,149,150,160,161,163,164,165,166,167,173,174,175,189,:
163:59,149,150,160,161,162,164,165,166,173,174,175,176,189,:
164:58,59,62,149,150,151,160,161,162,163,165,166,173,174,175,:
165:59,62,64,85,86,87,149,160,161,162,163,164,166,167,168,173,174,:
166:160,162,163,164,165,167,168,169,170,171,172,173,174,355,:
167:162,165,166,168,169,170,171,172,:
168:165,166,167,169,170,171,172,:
169:166,167,168,170,171,172,:
170:166,167,168,169,171,172,:
171:166,167,168,169,170,172,356,:
172:166,167,168,169,170,171,:
173:149,150,160,162,163,164,165,166,174,175,176,177,186,188,189,:
174:150,160,162,163,164,165,166,173,175,176,177,185,186,187,188,189,:
175:162,163,164,173,174,176,177,186,189,:
176:163,173,174,175,177,185,186,189,192,:
177:173,174,175,176,179,180,185,186,187,189,192,:
178:179,180,181,182,183,184,185,186,:
179:177,178,180,181,182,183,184,185,186,187,:
180:177,178,179,181,182,183,184,185,186,187,188,189,190,191,349,353,:
181:178,179,180,182,183,184,185,186,187,190,191,348,349,353,:
182:178,179,180,181,183,184,185,186,356,:
183:178,179,180,181,182,184,:
184:178,179,180,181,182,183,:
185:174,176,177,178,179,180,181,182,186,187,188,189,190,191,192,193,194,349,353,:
186:173,174,175,176,177,178,179,180,181,182,185,187,188,189,190,191,192,:
187:174,177,179,180,181,185,186,188,189,190,191,192,193,194,195,331,348,349,:
188:173,174,180,185,186,187,189,190,191,192,193,194,195,196,197,198,331,349,353,:
189:150,162,163,173,174,175,176,177,180,185,186,187,188,190,192,193,194,195,196,198,353,355,:
190:180,181,185,186,187,188,189,191,192,193,194,325,331,:
191:180,181,185,186,187,188,190,192,194,307,325,331,:
192:176,177,185,186,187,188,189,190,191,193,:
193:185,187,188,189,190,192,194,195,196,197,198,199,200,328,330,331,:
194:185,187,188,189,190,191,193,195,196,197,198,199,327,328,329,330,331,336,339,340,348,349,:
195:150,187,188,189,193,194,196,197,198,199,200,201,328,331,:
196:150,188,189,193,194,195,197,198,199,200,201,202,204,205,209,327,328,:
197:188,193,194,195,196,198,199,200,201,202,208,209,313,320,321,327,328,329,330,331,332,333,335,:
198:15,16,29,44,188,189,193,194,195,196,197,199,200,335,340,:
199:147,149,150,193,194,195,196,197,198,200,201,202,203,204,205,206,208,209,328,:
200:146,147,148,149,150,151,193,195,196,197,198,199,201,202,203,204,205,:
201:147,150,195,196,197,199,200,202,203,204,205,206,207,208,209,210,313,:
202:146,147,196,197,199,200,201,203,204,205,206,208,209,210,211,212,213,221,222,313,:
203:133,140,141,146,147,148,150,153,199,200,201,202,204,206,208,209,210,211,221,222,:
204:147,196,199,200,201,202,203,205,206,207,208,209,:
205:196,199,200,201,202,204,206,207,:
206:199,201,202,203,204,205,207,208,209,:
207:201,204,205,206,:
208:147,197,199,201,202,203,204,206,209,210,211,212,213,214,221,222,310,312,313,:
209:196,197,199,201,202,203,204,206,208,210,211,212,213,309,310,311,312,313,314,335,:
210:133,201,202,203,208,209,211,212,213,214,215,221,222,223,310,313,:
211:133,202,203,208,209,210,212,213,214,221,222,223,224,225,226,309,310,:
212:202,208,209,210,211,213,214,221,222,223,224,226,309,310,311,313,:
213:202,208,209,210,211,212,214,215,216,221,222,310,313,335,:
214:40,208,210,211,212,213,215,216,217,221,222,:
215:9,11,40,210,213,214,216,217,218,219,220,248,:
216:11,40,41,119,213,214,215,217,218,219,220,248,:
217:9,10,11,30,40,41,42,214,215,216,218,219,220,247,248,249,:
218:1,9,10,11,30,31,40,41,42,43,215,216,217,219,220,247,248,249,:
219:11,30,215,216,217,218,220,247,248,249,:
220:10,11,30,41,42,215,216,217,218,219,248,:
221:130,133,202,203,208,210,211,212,213,214,222,223,224,225,226,227,:
222:129,130,132,133,138,202,203,208,210,211,212,213,214,221,223,224,225,226,:
223:130,133,210,211,212,221,222,224,225,226,227,228,:
224:130,211,212,221,222,223,225,226,227,:
225:126,127,129,130,133,211,221,222,223,224,226,227,:
226:133,155,211,212,221,222,223,224,225,227,228,229,230,:
227:221,223,224,225,226,228,229,230,:
228:159,223,226,227,229,230,:
229:155,157,158,159,226,227,228,230,:
230:226,227,228,229,:
231:232,233,234,235,236,237,238,241,:
232:231,233,234,236,238,:
233:231,232,234,235,236,237,238,239,241,:
234:231,232,233,235,236,237,238,240,241,:
235:231,233,234,236,237,238,240,241,242,243,245,:
236:231,232,233,234,235,237,238,239,:
237:231,233,234,235,236,238,239,315,316,317,:
238:231,232,233,234,235,236,237,239,:
239:233,236,237,238,315,:
240:234,235,241,242,243,244,245,246,:
241:231,233,234,235,240,242,243,245,:
242:235,240,241,243,244,245,246,247,:
243:235,240,241,242,244,245,246,251,:
244:240,242,243,245,246,250,251,252,255,:
245:235,240,241,242,243,244,246,247,248,249,:
246:240,242,243,244,245,247,248,249,258,505,507,516,517,:
247:30,217,218,219,242,245,246,248,249,258,:
248:30,215,216,217,218,219,220,245,246,247,249,316,:
249:1,30,31,32,33,217,218,219,245,246,247,248,258,505,517,:
250:244,251,252,253,254,255,256,:
251:243,244,250,252,253,255,256,:
252:244,250,251,253,254,255,256,292,:
253:250,251,252,254,255,256,291,292,296,:
254:250,252,253,255,256,276,277,280,291,292,293,296,:
255:244,250,251,252,253,254,256,257,258,292,296,:
256:250,251,252,253,254,255,257,258,271,512,:
257:255,256,258,:
258:32,33,246,247,249,255,256,257,316,334,:
259:260,261,262,263,264,265,266,267,268,469,478,:
260:259,261,262,263,264,266,267,471,:
261:259,260,262,263,264,265,266,267,268,269,478,481,:
262:259,260,261,263,264,265,266,267,268,269,270,271,272,274,275,481,:
263:259,260,261,262,264,265,267,268,269,270,274,275,471,475,:
264:259,260,261,262,263,265,266,267,268,:
265:259,261,262,263,264,266,267,268,271,515,:
266:259,260,261,262,264,265,:
267:259,260,261,262,263,264,265,268,269,270,271,272,273,274,275,481,:
268:259,261,262,263,264,265,267,269,270,271,272,273,478,480,481,:
269:34,261,262,263,267,268,270,271,272,273,274,275,276,481,:
270:262,263,267,268,269,271,272,274,275,276,277,278,279,:
271:256,262,265,267,268,269,270,272,274,275,276,277,514,:
272:3,34,262,267,268,269,270,271,273,274,275,481,491,492,493,:
273:3,34,267,268,269,272,469,481,491,493,:
274:262,263,267,269,270,271,272,275,276,277,278,279,280,291,292,:
275:262,263,267,269,270,271,272,274,276,277,278,279,:
276:254,269,270,271,274,275,277,278,279,280,281,291,292,293,:
277:254,270,271,274,275,276,278,279,280,291,292,293,294,295,296,300,301,:
278:270,274,275,276,277,279,291,292,293,294,300,301,337,:
279:270,274,275,276,277,278,280,281,282,286,291,292,:
280:254,274,276,277,279,281,282,283,284,285,286,291,292,295,:
281:276,279,280,282,283,284,285,286,287,288,289,:
282:279,280,281,283,284,285,286,287,288,289,290,295,:
283:280,281,282,284,285,286,288,289,290,:
284:280,281,282,283,285,286,287,288,289,290,295,:
285:280,281,282,283,284,286,287,288,289,290,295,308,:
286:279,280,281,282,283,284,285,287,288,290,295,308,:
287:281,282,284,285,286,288,289,290,295,302,308,:
288:281,282,283,284,285,286,287,289,290,295,:
289:281,282,283,284,285,287,288,290,:
290:282,283,284,285,286,287,288,289,295,304,:
291:253,254,274,276,277,278,279,280,292,293,294,295,296,297,300,301,:
292:252,253,254,255,274,276,277,278,279,280,291,293,294,295,296,:
293:254,276,277,278,291,292,294,295,296,297,298,299,300,301,302,:
294:277,278,291,292,293,295,296,297,300,301,302,303,304,305,322,:
295:277,280,282,284,285,286,287,288,290,291,292,293,294,296,297,300,301,302,303,304,:
296:253,254,255,277,291,292,293,294,295,297,298,299,300,301,:
297:291,293,294,295,296,298,299,300,301,:
298:293,296,297,299,301,314,319,322,:
299:293,296,297,298,:
300:277,278,291,293,294,295,296,297,301,302,303,304,305,306,308,322,:
301:277,278,291,293,294,295,296,297,298,300,302,303,305,306,308,321,322,327,329,:
302:287,293,294,295,300,301,303,304,305,306,307,308,322,:
303:294,295,300,301,302,304,305,306,322,:
304:290,294,295,300,302,303,305,:
305:294,300,301,302,303,304,306,307,308,322,:
306:300,301,302,303,305,307,308,322,330,336,:
307:191,302,305,306,308,330,331,336,:
308:285,286,287,300,301,302,305,306,307,:
309:209,211,212,310,311,312,313,314,315,317,318,319,:
310:208,209,210,211,212,213,309,311,312,313,314,315,317,:
311:209,212,309,310,312,313,314,315,316,317,318,319,320,:
312:208,209,309,310,311,313,314,315,318,319,320,321,322,323,324,326,327,328,:
313:197,201,202,208,209,210,212,213,309,310,311,312,314,318,319,320,321,327,328,:
314:209,298,309,310,311,312,313,315,316,317,318,319,:
315:237,239,309,310,311,312,314,316,317,:
316:237,248,258,311,314,315,317,:
317:237,309,310,311,314,315,316,:
318:309,311,312,313,314,319,320,321,322,323,324,325,326,327,328,:
319:298,309,311,312,313,314,318,320,321,322,323,324,326,:
320:197,311,312,313,318,319,321,322,323,324,325,326,327,328,329,:
321:197,301,312,313,318,319,320,322,323,324,325,327,328,329,330,331,332,333,:
322:294,298,300,301,302,303,305,306,312,318,319,320,321,323,325,327,328,329,332,333,:
323:312,318,319,320,321,322,324,325,326,327,328,:
324:312,318,319,320,321,323,325,326,:
325:190,191,318,320,321,322,323,324,326,327,328,:
326:312,318,319,320,323,324,325,:
327:194,196,197,301,312,313,318,320,321,322,323,325,328,329,330,331,332,333,336,337,:
328:193,194,195,196,197,199,312,313,318,320,321,322,323,325,327,329,330,331,332,333,:
329:194,197,301,320,321,322,327,328,330,331,332,333,336,337,338,:
330:193,194,197,306,307,321,327,328,329,331,332,333,336,337,338,339,340,341,348,:
331:187,188,190,191,193,194,195,197,307,321,327,328,329,330,332,336,337,338,339,340,348,349,:
332:3,7,34,39,197,321,322,327,328,329,330,331,333,334,335,336,337,:
333:197,321,322,327,328,329,330,332,334,335,:
334:2,3,6,13,33,258,332,333,335,:
335:6,8,14,33,35,40,197,198,209,213,332,333,334,:
336:39,194,306,307,327,329,330,331,332,337,338,339,340,341,342,348,349,:
337:39,278,327,329,330,331,332,336,338,339,340,341,:
338:39,329,330,331,336,337,339,340,341,342,343,348,349,350,:
339:39,44,194,330,331,336,337,338,340,341,342,348,349,350,351,352,353,357,358,:
340:7,8,15,39,44,194,198,330,331,336,337,338,339,341,342,348,349,350,351,352,357,358,363,:
341:330,336,337,338,339,340,342,343,344,345,347,348,349,:
342:336,338,339,340,341,343,344,345,346,347,348,349,352,:
343:338,341,342,344,345,346,347,364,473,474,476,:
344:341,342,343,345,346,347,364,472,473,474,475,476,:
345:341,342,343,344,346,347,458,459,461,473,474,476,:
346:342,343,344,345,347,457,458,459,460,461,463,472,473,474,475,476,:
347:341,342,343,344,345,346,459,:
348:44,181,187,194,330,331,336,338,339,340,341,342,349,350,351,352,353,354,357,358,:
349:180,181,185,187,188,194,331,336,338,339,340,341,342,348,350,351,352,353,:
350:29,44,338,339,340,348,349,351,352,353,354,355,356,357,358,359,:
351:29,339,340,348,349,350,352,353,354,357,358,359,360,362,363,366,372,:
352:339,340,342,348,349,350,351,353,354,357,358,359,360,364,366,372,:
353:180,181,185,188,189,339,348,349,350,351,352,354,355,356,357,358,:
354:57,348,350,351,352,353,355,356,357,358,:
355:28,57,86,166,189,350,353,354,356,358,:
356:171,182,350,353,354,355,:
357:16,28,29,44,57,339,340,348,350,351,352,353,354,358,359,360,361,362,363,364,366,372,:
358:15,16,19,28,29,44,57,339,340,348,350,351,352,353,354,355,357,359,360,361,362,363,366,:
359:28,29,57,350,351,352,357,358,360,361,362,363,364,366,367,372,374,447,:
360:28,29,57,351,352,357,358,359,361,362,363,366,367,368,370,371,372,373,374,386,447,:
361:19,28,29,57,357,358,359,360,362,366,367,368,369,372,373,374,385,386,387,447,:
362:29,351,357,358,359,360,361,363,364,365,366,439,441,444,447,:
363:15,39,340,351,357,358,359,360,362,364,365,439,441,:
364:343,344,352,357,359,362,363,365,456,:
365:362,363,364,437,438,439,446,451,452,453,456,465,469,470,:
366:57,351,352,357,358,359,360,361,362,367,368,369,370,371,372,373,374,386,447,:
367:57,359,360,361,366,368,369,370,371,372,373,374,375,386,:
368:360,361,366,367,369,370,371,372,373,374,375,376,378,379,380,385,386,:
369:361,366,367,368,370,373,374,375,376,385,386,:
370:360,366,367,368,369,371,372,373,374,:
371:360,366,367,368,370,372,373,374,380,455,:
372:351,352,357,359,360,361,366,367,368,370,371,373,374,455,:
373:360,361,366,367,368,369,370,371,372,374,375,376,377,378,379,380,385,386,447,:
374:359,360,361,366,367,368,369,370,371,372,373,375,376,378,379,380,385,386,446,447,:
375:367,368,369,373,374,376,377,378,379,380,381,385,386,387,447,:
376:368,369,373,374,375,377,378,379,385,386,387,388,389,:
377:373,375,376,378,385,386,387,388,389,:
378:368,373,374,375,376,377,379,380,381,382,383,385,386,447,448,449,:
379:368,373,374,375,376,378,380,381,382,383,384,:
380:368,371,373,374,375,378,379,381,382,383,384,447,454,455,:
381:375,378,379,380,382,383,384,:
382:378,379,380,381,383,384,455,:
383:378,379,380,381,382,384,:
384:379,380,381,382,383,:
385:46,361,368,369,373,374,375,376,377,378,386,387,388,389,390,391,444,:
386:46,57,360,361,366,367,368,369,373,374,375,376,377,378,385,387,388,389,447,:
387:20,21,46,361,375,376,377,385,386,388,389,390,391,392,444,:
388:376,377,385,386,387,389,390,391,392,393,394,395,442,444,:
389:376,377,385,386,387,388,390,391,392,393,394,436,437,442,443,444,445,448,450,:
390:385,387,388,389,391,392,393,394,395,396,442,444,:
391:56,385,387,388,389,390,392,393,394,395,396,:
392:387,388,389,390,391,393,394,395,396,442,:
393:388,389,390,391,392,394,395,396,398,:
394:388,389,390,391,392,393,395,396,397,398,:
395:388,390,391,392,393,394,396,398,410,442,:
396:390,391,392,393,394,395,397,398,402,403,404,:
397:394,396,398,399,400,401,402,403,404,405,:
398:393,394,395,396,397,399,400,402,403,404,405,:
399:397,398,400,401,402,403,404,405,:
400:397,398,399,401,402,403,:
401:397,399,400,402,:
402:396,397,398,399,400,401,403,404,405,:
403:396,397,398,399,400,402,404,405,:
404:396,397,398,399,402,403,405,:
405:397,398,399,402,403,404,:
406:407,408,409,410,411,412,423,424,:
407:406,408,409,411,412,418,423,424,:
408:406,407,409,410,411,412,413,423,424,425,:
409:406,407,408,410,411,412,423,424,425,426,428,429,430,:
410:395,406,408,409,411,412,423,424,425,426,428,429,430,:
411:406,407,408,409,410,412,413,414,418,423,424,:
412:406,407,408,409,410,411,413,414,415,416,417,418,423,424,429,430,:
413:408,411,412,414,415,416,417,418,419,420,421,:
414:411,412,413,415,416,417,418,419,420,421,422,431,432,:
415:412,413,414,416,417,418,420,421,422,431,432,:
416:412,413,414,415,417,418,419,420,421,422,:
417:412,413,414,415,416,418,419,420,421,422,:
418:407,411,412,413,414,415,416,417,419,420,422,:
419:413,414,416,417,418,420,421,422,:
420:413,414,415,416,417,418,419,421,422,:
421:413,414,415,416,417,419,420,422,432,:
422:414,415,416,417,418,419,420,421,:
423:406,407,408,409,410,411,412,424,425,426,427,428,429,430,431,:
424:406,407,408,409,410,411,412,423,425,426,427,428,429,430,:
425:408,409,410,423,424,426,427,428,429,430,431,433,487,:
426:409,410,423,424,425,427,428,429,487,:
427:423,424,425,426,428,435,479,480,486,487,488,489,490,494,:
428:409,410,423,424,425,426,427,429,430,431,432,433,490,500,:
429:409,410,412,423,424,425,426,428,430,431,432,433,500,:
430:409,410,412,423,424,425,428,429,431,432,433,500,501,503,:
431:414,415,423,425,428,429,430,432,433,500,:
432:414,415,421,428,429,430,431,433,:
433:425,428,429,430,431,432,:
434:435,436,437,438,439,440,442,443,444,465,467,468,:
435:427,434,436,437,438,439,440,464,465,466,467,468,477,:
436:389,434,435,437,438,439,440,441,442,443,444,445,465,468,:
437:365,389,434,435,436,438,439,440,443,444,445,446,448,450,451,452,465,:
438:365,434,435,436,437,439,443,444,445,446,451,452,464,465,468,:
439:362,363,365,434,435,436,437,438,440,441,442,443,444,:
440:434,435,436,437,439,441,442,494,:
441:6,7,8,14,15,16,17,36,45,362,363,436,439,440,442,494,:
442:48,388,389,390,392,395,434,436,439,440,441,:
443:389,434,436,437,438,439,444,445,446,447,448,449,450,451,452,:
444:362,385,387,388,389,390,434,436,437,438,439,443,445,446,447,448,450,:
445:389,436,437,438,443,444,446,447,448,449,450,451,452,453,:
446:365,374,437,438,443,444,445,447,448,449,450,451,452,453,454,455,456,:
447:359,360,361,362,366,373,374,375,378,380,386,443,444,445,446,448,449,451,452,453,454,455,:
448:378,389,437,443,444,445,446,447,449,450,451,452,:
449:378,443,445,446,447,448,450,451,:
450:389,437,443,444,445,446,448,449,:
451:365,437,438,443,445,446,447,448,449,452,453,454,455,456,457,:
452:365,437,438,443,445,446,447,448,451,453,454,456,:
453:365,445,446,447,451,452,454,455,456,457,458,:
454:380,446,447,451,452,453,455,456,457,:
455:371,372,380,382,446,447,451,453,454,456,457,:
456:364,365,446,451,452,453,454,455,457,458,459,:
457:346,451,453,454,455,456,458,459,460,:
458:345,346,453,456,457,459,460,461,462,463,:
459:345,346,347,456,457,458,460,461,462,463,:
460:346,457,458,459,461,462,463,:
461:345,346,458,459,460,462,463,476,:
462:458,459,460,461,463,:
463:346,458,459,460,461,462,:
464:435,438,465,466,467,468,469,470,477,478,:
465:365,434,435,436,437,438,464,466,467,468,469,470,477,:
466:435,464,465,467,468,469,470,471,477,478,479,:
467:434,435,464,465,466,468,469,470,477,478,479,480,481,482,:
468:434,435,436,438,464,465,466,467,469,477,478,479,480,481,486,487,:
469:259,273,365,464,465,466,467,468,470,471,472,477,478,:
470:365,464,465,466,467,469,471,472,473,:
471:260,263,466,469,470,472,473,474,475,476,:
472:344,346,469,470,471,473,474,475,476,:
473:343,344,345,346,470,471,472,474,475,476,:
474:343,344,345,346,471,472,473,475,476,:
475:263,344,346,471,472,473,474,476,:
476:343,344,345,346,461,471,472,473,474,475,:
477:435,464,465,466,467,468,469,478,479,480,481,482,483,484,485,486,487,:
478:259,261,268,464,466,467,468,469,477,479,480,481,482,483,485,:
479:427,466,467,468,477,478,480,481,482,483,484,485,486,487,488,:
480:268,427,467,468,477,478,479,481,482,483,484,486,487,488,489,490,491,:
481:261,262,267,268,269,272,273,467,468,477,478,479,480,482,484,486,487,488,491,:
482:467,477,478,479,480,481,483,484,485,486,487,:
483:477,478,479,480,482,484,485,:
484:477,479,480,481,482,483,485,486,487,490,:
485:477,478,479,482,483,484,:
486:427,468,477,479,480,481,482,484,487,488,489,490,491,492,494,495,496,:
487:425,426,427,468,477,479,480,481,482,484,486,488,489,490,491,494,495,:
488:427,479,480,481,486,487,489,490,491,492,493,494,495,496,497,:
489:427,480,486,487,488,490,491,492,493,494,495,496,497,498,499,500,504,505,:
490:427,428,480,484,486,487,488,489,491,494,495,496,497,498,499,500,:
491:13,32,272,273,480,481,486,487,488,489,490,492,493,494,495,496,:
492:2,3,6,12,13,32,34,272,486,488,489,491,493,494,495,496,:
493:2,3,6,7,12,13,14,32,33,34,272,273,488,489,491,492,494,495,496,:
494:6,12,13,32,427,440,441,486,487,488,489,490,491,492,493,495,496,:
495:31,32,486,487,488,489,490,491,492,493,494,496,497,498,499,500,501,504,505,:
496:2,31,32,486,488,489,490,491,492,493,494,495,497,498,500,504,505,:
497:31,32,488,489,490,495,496,498,499,500,501,502,503,504,505,506,517,:
498:489,490,495,496,497,499,500,501,502,504,505,506,507,509,510,516,517,:
499:489,490,495,497,498,500,501,502,504,505,506,507,516,517,:
500:31,428,429,430,431,489,490,495,496,497,498,499,501,502,503,504,505,:
501:1,31,42,430,495,497,498,499,500,502,503,517,:
502:31,42,497,498,499,500,501,503,516,517,:
503:1,10,30,31,37,42,43,430,497,500,501,502,:
504:489,495,496,497,498,499,500,505,506,507,508,509,510,511,512,516,517,:
505:246,249,489,495,496,497,498,499,500,504,506,507,509,510,512,516,517,:
506:497,498,499,504,505,507,508,509,510,511,512,516,517,518,:
507:246,498,499,504,505,506,508,509,510,516,517,518,519,:
508:504,506,507,509,516,517,518,519,520,:
509:498,504,505,506,507,508,510,511,512,513,514,516,517,:
510:498,504,505,506,507,509,511,512,513,514,515,:
511:504,506,509,510,512,513,514,515,:
512:256,504,505,506,509,510,511,513,514,515,:
513:509,510,511,512,514,515,:
514:271,509,510,511,512,513,515,:
515:265,510,511,512,513,514,:
516:246,498,499,502,504,505,506,507,508,509,517,518,519,520,:
517:246,249,497,498,499,501,502,504,505,506,507,508,509,516,518,519,:
518:506,507,508,516,517,519,520,:
519:507,508,516,517,518,520,:
520:508,516,518,519,:
