1:2,3,4,7,19,20,21,22,23,24,25,30,31,38,39,378,379,:
2:1,3,4,6,7,21,22,23,30,31,38,222,223,224,:
3:1,2,4,6,7,21,22,23,30,31,38,329,378,:
4:1,2,3,7,20,21,22,23,24,30,31,38,39,328,329,378,379,:
5:8,9,10,11,14,15,16,17,18,29,32,33,34,35,36,37,40,74,76,:
6:2,3,7,22,23,30,223,281,283,:
7:1,2,3,4,6,23,31,281,283,290,320,327,328,329,:
8:5,9,10,11,14,29,32,33,34,40,91,95,173,174,200,201,203,204,206,:
9:5,8,10,11,12,13,14,15,29,32,33,34,35,40,204,205,206,:
10:5,8,9,11,12,13,14,15,16,26,27,29,32,33,34,35,36,40,97,:
11:5,8,9,10,12,13,14,15,16,26,27,34,35,36,99,100,101,:
12:9,10,11,13,14,15,16,26,27,34,35,36,:
13:9,10,11,12,14,15,26,27,34,35,97,98,99,100,101,102,133,:
14:5,8,9,10,11,12,13,15,16,17,18,26,27,29,32,33,34,35,36,37,40,:
15:5,9,10,11,12,13,14,16,17,18,26,27,28,29,32,35,36,37,:
16:5,10,11,12,14,15,17,18,19,26,27,28,32,35,36,37,100,:
17:5,14,15,16,18,19,20,25,26,27,28,32,35,36,37,:
18:5,14,15,16,17,19,20,21,24,25,26,32,35,36,37,76,:
19:1,16,17,18,20,21,24,25,32,36,37,38,39,76,77,:
20:1,4,17,18,19,21,22,24,25,31,37,38,39,:
21:1,2,3,4,18,19,20,22,24,25,31,38,39,379,:
22:1,2,3,4,6,20,21,23,24,30,31,38,:
23:1,2,3,4,6,7,22,30,31,38,:
24:1,4,18,19,20,21,22,25,31,38,39,75,329,379,:
25:1,17,18,19,20,21,24,37,39,75,77,:
26:10,11,12,13,14,15,16,17,18,27,28,35,36,97,98,99,100,101,:
27:10,11,12,13,14,15,16,17,26,28,35,36,97,98,99,100,101,102,:
28:15,16,17,26,27,97,98,99,100,:
29:5,8,9,10,14,15,32,33,34,36,40,74,76,91,95,174,196,:
30:1,2,3,4,6,22,23,38,221,222,223,224,:
31:1,2,3,4,7,20,21,22,23,24,39,327,328,329,378,379,:
32:5,8,9,10,14,15,16,17,18,19,29,35,36,37,40,74,76,:
33:5,8,9,10,14,29,34,40,91,168,172,173,174,175,181,200,201,202,203,204,206,:
34:5,8,9,10,11,12,13,14,29,33,133,204,205,206,:
35:5,9,10,11,12,13,14,15,16,17,18,26,27,32,36,37,:
36:5,10,11,12,14,15,16,17,18,19,26,27,29,32,35,37,:
37:5,14,15,16,17,18,19,20,25,32,35,36,:
38:1,2,3,4,19,20,21,22,23,24,30,:
39:1,4,19,20,21,24,25,31,328,329,378,379,:
40:5,8,9,10,14,29,32,33,74,76,91,174,195,196,:
41:42,43,44,45,46,47,50,51,226,229,:
42:41,43,44,45,46,225,226,228,229,:
43:41,42,44,45,46,47,48,49,50,51,52,226,229,:
44:41,42,43,45,46,47,48,50,51,52,53,54,55,56,57,217,226,:
45:41,42,43,44,46,47,50,51,52,53,55,56,210,214,216,217,218,221,222,225,226,229,:
46:41,42,43,44,45,47,48,49,50,51,226,229,:
47:41,43,44,45,46,48,49,50,51,224,:
48:43,44,46,47,49,50,51,:
49:43,46,47,48,224,247,292,:
50:41,43,44,45,46,47,48,51,52,53,54,55,56,57,66,67,217,:
51:41,43,44,45,46,47,48,50,52,53,54,55,56,57,:
52:43,44,45,50,51,53,54,55,56,57,58,66,67,68,194,217,:
53:44,45,50,51,52,54,55,56,66,67,68,69,70,71,194,:
54:44,50,51,52,53,55,66,67,68,69,71,361,368,369,371,373,:
55:44,45,50,51,52,53,54,56,57,58,59,61,62,66,67,188,194,:
56:44,45,50,51,52,53,55,57,58,59,60,61,62,63,64,:
57:44,50,51,52,55,56,58,59,60,61,62,63,:
58:52,55,56,57,59,60,61,62,63,64,65,:
59:55,56,57,58,60,61,62,63,65,:
60:56,57,58,59,61,63,:
61:55,56,57,58,59,60,62,63,64,65,214,:
62:55,56,57,58,59,61,63,64,65,187,188,189,193,194,207,208,209,212,:
63:56,57,58,59,60,61,62,64,65,:
64:56,58,61,62,63,65,187,189,207,208,212,:
65:58,59,61,62,63,64,:
66:50,52,53,54,55,67,68,69,70,71,72,78,79,191,193,194,222,224,:
67:50,52,53,54,55,66,68,69,70,71,190,191,192,193,194,207,217,222,:
68:52,53,54,66,67,69,70,71,72,73,74,78,79,80,191,194,361,:
69:53,54,66,67,68,70,71,72,73,74,78,79,80,81,83,190,191,361,:
70:53,66,67,68,69,71,72,74,78,79,80,83,174,183,184,188,190,191,192,193,194,:
71:53,54,66,67,68,69,70,72,73,74,75,76,78,79,194,222,224,:
72:66,68,69,70,71,73,74,75,76,77,78,79,:
73:68,69,71,72,74,75,76,77,78,79,361,379,:
74:5,29,32,40,68,69,70,71,72,73,75,76,77,78,79,81,:
75:24,25,71,72,73,74,76,77,79,355,379,:
76:5,18,19,29,32,40,71,72,73,74,75,77,81,95,:
77:19,25,72,73,74,75,76,355,356,:
78:66,68,69,70,71,72,73,74,79,80,81,82,83,84,90,91,191,358,360,361,:
79:66,68,69,70,71,72,73,74,75,78,80,81,82,83,90,357,358,359,360,361,:
80:68,69,70,78,79,81,82,83,84,85,86,90,91,92,174,358,361,:
81:69,74,76,78,79,80,82,83,84,86,90,91,92,93,95,104,174,357,358,:
82:78,79,80,81,83,84,86,90,91,92,93,95,104,113,352,353,357,358,359,361,:
83:69,70,78,79,80,81,82,84,85,86,87,88,90,91,358,361,:
84:78,80,81,82,83,85,86,87,88,89,90,91,174,:
85:80,83,84,86,87,88,89,91,173,174,175,:
86:80,81,82,83,84,85,87,88,89,90,91,93,103,111,112,113,358,:
87:83,84,85,86,88,89,140,143,144,145,146,147,149,175,180,:
88:83,84,85,86,87,89,93,94,103,105,109,111,112,113,146,:
89:84,85,86,87,88,143,145,146,147,175,180,:
90:78,79,80,81,82,83,84,86,91,92,93,94,95,96,103,104,174,358,:
91:8,29,33,40,78,80,81,82,83,84,85,86,90,92,93,94,95,172,173,174,175,:
92:80,81,82,90,91,93,94,95,96,97,103,104,105,:
93:81,82,86,88,90,91,92,94,95,96,103,104,105,106,107,108,113,114,:
94:88,90,91,92,93,95,96,103,104,105,106,107,114,115,175,176,177,178,180,:
95:8,29,76,81,82,90,91,92,93,94,96,97,98,103,104,:
96:90,92,93,94,95,97,98,99,101,103,104,107,:
97:10,13,26,27,28,92,95,96,98,99,100,101,102,:
98:13,26,27,28,95,96,97,99,100,101,102,:
99:11,13,26,27,28,96,97,98,100,101,102,:
100:11,13,16,26,27,28,97,98,99,101,102,:
101:11,13,26,27,96,97,98,99,100,102,:
102:13,27,97,98,99,100,101,:
103:86,88,90,92,93,94,95,96,104,105,106,107,108,109,111,113,114,115,:
104:81,82,90,92,93,94,95,96,103,105,106,107,108,109,111,112,113,350,:
105:88,92,93,94,103,104,106,107,108,109,110,111,113,114,115,116,:
106:93,94,103,104,105,107,108,109,114,115,116,117,119,:
107:93,94,96,103,104,105,106,108,114,115,116,119,:
108:93,103,104,105,106,107,109,110,111,112,113,114,115,:
109:88,103,104,105,106,108,110,111,112,113,:
110:105,108,109,111,112,113,:
111:86,88,103,104,105,108,109,110,112,113,364,365,:
112:86,88,104,108,109,110,111,113,363,364,365,:
113:82,86,88,93,103,104,105,108,109,110,111,112,350,358,364,:
114:93,94,103,105,106,107,108,115,116,117,118,119,120,178,179,180,:
115:94,103,105,106,107,108,114,116,117,118,119,178,179,180,:
116:105,106,107,114,115,117,118,119,120,121,122,124,179,:
117:106,114,115,116,118,119,120,121,123,124,127,178,179,:
118:114,115,116,117,119,120,121,123,124,125,126,127,178,179,180,:
119:106,107,114,115,116,117,118,120,121,122,124,177,178,179,:
120:114,116,117,118,119,121,122,124,:
121:116,117,118,119,120,122,124,:
122:116,119,120,121,124,:
123:117,118,124,125,126,127,128,129,:
124:116,117,118,119,120,121,122,123,125,126,127,128,129,179,:
125:118,123,124,126,127,128,129,130,:
126:118,123,124,125,127,128,129,136,179,:
127:117,118,123,124,125,126,128,136,178,179,:
128:123,124,125,126,127,129,130,131,177,179,:
129:123,124,125,126,128,130,131,132,:
130:125,128,129,131,132,133,134,135,:
131:128,129,130,132,133,134,135,:
132:129,130,131,133,134,135,:
133:13,34,130,131,132,134,135,:
134:130,131,132,133,135,:
135:130,131,132,133,134,:
136:126,127,137,138,139,140,141,142,152,153,160,165,:
137:136,138,139,141,152,153,160,:
138:136,137,139,140,141,142,143,144,152,153,154,160,165,180,:
139:136,137,138,140,141,142,144,148,152,153,154,155,157,160,164,165,170,171,180,:
140:87,136,138,139,141,142,144,148,152,153,154,155,156,164,165,170,171,172,175,176,178,180,182,:
141:136,137,138,139,140,142,143,144,145,147,148,152,153,160,:
142:136,138,139,140,141,143,144,145,146,147,148,149,150,152,:
143:87,89,138,141,142,144,145,146,147,148,149,:
144:87,138,139,140,141,142,143,145,146,147,148,149,150,151,152,:
145:87,89,141,142,143,144,146,147,148,149,151,:
146:87,88,89,142,143,144,145,147,149,:
147:87,89,141,142,143,144,145,146,148,149,150,151,:
148:139,140,141,142,143,144,145,147,149,150,151,152,153,154,:
149:87,142,143,144,145,146,147,148,150,151,:
150:142,144,147,148,149,151,:
151:144,145,147,148,149,150,:
152:136,137,138,139,140,141,142,144,148,153,154,155,156,157,158,159,160,164,165,171,:
153:136,137,138,139,140,141,148,152,154,155,157,158,159,160,161,164,165,:
154:138,139,140,148,152,153,155,156,157,158,159,160,164,165,166,171,:
155:139,140,152,153,154,156,157,158,164,165,166,167,169,170,171,182,:
156:140,152,154,155,157,164,165,166,167,168,170,171,181,182,186,:
157:139,152,153,154,155,156,158,159,160,161,163,164,165,:
158:152,153,154,155,157,159,160,161,162,163,:
159:152,153,154,157,158,160,161,162,163,:
160:136,137,138,139,141,152,153,154,157,158,159,161,162,163,:
161:153,157,158,159,160,162,163,:
162:158,159,160,161,163,:
163:157,158,159,160,161,162,:
164:139,140,152,153,154,155,156,157,165,166,167,168,169,170,171,182,:
165:136,138,139,140,152,153,154,155,156,157,164,166,167,169,170,171,:
166:154,155,156,164,165,167,168,169,170,171,172,182,203,:
167:155,156,164,165,166,168,169,170,171,172,173,175,176,177,181,182,201,203,206,:
168:33,156,164,166,167,169,170,171,172,173,177,181,182,200,201,202,203,204,206,:
169:155,164,165,166,167,168,170,171,:
170:139,140,155,156,164,165,166,167,168,169,171,172,173,174,175,176,177,178,181,182,203,:
171:139,140,152,154,155,156,164,165,166,167,168,169,170,172,173,175,176,177,178,180,181,182,:
172:33,91,140,166,167,168,170,171,173,174,175,176,177,178,180,181,182,183,201,203,:
173:8,33,85,91,167,168,170,171,172,174,175,176,181,182,183,184,185,186,201,202,203,:
174:8,29,33,40,70,80,81,84,85,90,91,170,172,173,175,181,182,183,184,191,202,203,:
175:33,85,87,89,91,94,140,167,170,171,172,173,174,176,177,178,179,180,181,182,:
176:94,140,167,170,171,172,173,175,177,178,179,180,:
177:94,119,128,167,168,170,171,172,175,176,178,179,180,:
178:94,114,115,117,118,119,127,140,170,171,172,175,176,177,179,180,:
179:114,115,116,117,118,119,124,126,127,128,175,176,177,178,180,:
180:87,89,94,114,115,118,138,139,140,171,172,175,176,177,178,179,:
181:33,156,167,168,170,171,172,173,174,175,182,183,184,185,186,187,190,191,201,202,203,:
182:140,155,156,164,166,167,168,170,171,172,173,174,175,181,183,184,185,186,201,202,203,:
183:70,172,173,174,181,182,184,185,186,187,188,189,190,191,192,202,:
184:70,173,174,181,182,183,185,186,187,188,190,191,192,193,195,196,197,201,202,203,:
185:173,181,182,183,184,186,187,190,191,192,195,196,197,200,201,202,203,:
186:156,173,181,182,183,184,185,187,188,189,190,191,:
187:62,64,181,183,184,185,186,188,189,190,191,:
188:55,62,70,183,184,186,187,189,190,191,:
189:62,64,183,186,187,188,:
190:67,69,70,181,183,184,185,186,187,188,191,192,193,194,195,196,197,202,207,208,:
191:66,67,68,69,70,78,174,181,183,184,185,186,187,188,190,192,193,194,195,196,207,:
192:67,70,183,184,185,190,191,193,194,195,196,197,202,207,208,209,:
193:62,66,67,70,184,190,191,192,194,195,196,207,208,209,210,211,212,216,217,:
194:52,53,55,62,66,67,68,70,71,190,191,192,193,195,207,208,209,210,211,216,217,:
195:40,184,185,190,191,192,193,194,196,197,198,202,207,208,:
196:29,40,184,185,190,191,192,193,195,197,198,199,200,201,202,:
197:184,185,190,192,195,196,198,199,200,201,202,203,204,205,:
198:195,196,197,199,200,201,202,203,204,205,206,:
199:196,197,198,200,201,202,204,205,206,:
200:8,33,168,185,196,197,198,199,201,202,203,204,205,206,:
201:8,33,167,168,172,173,181,182,184,185,196,197,198,199,200,202,203,204,205,206,:
202:33,168,173,174,181,182,183,184,185,190,192,195,196,197,198,199,200,201,203,204,206,:
203:8,33,166,167,168,170,172,173,174,181,182,184,185,197,198,200,201,202,204,205,206,:
204:8,9,33,34,168,197,198,199,200,201,202,203,205,206,:
205:9,34,197,198,199,200,201,203,204,206,:
206:8,9,33,34,167,168,198,199,200,201,202,203,204,205,:
207:62,64,67,190,191,192,193,194,195,208,209,210,211,212,213,216,217,:
208:62,64,190,192,193,194,195,207,209,210,211,212,:
209:62,192,193,194,207,208,210,211,212,213,214,215,216,217,218,:
210:45,193,194,207,208,209,211,212,213,214,216,217,218,219,220,221,225,226,:
211:193,194,207,208,209,210,212,213,216,217,218,219,220,:
212:62,64,193,207,208,209,210,211,213,214,215,216,217,:
213:207,209,210,211,212,214,215,216,217,:
214:45,61,209,210,212,213,215,216,217,226,:
215:209,212,213,214,:
216:45,193,194,207,209,210,211,212,213,214,217,218,219,220,221,222,223,225,226,:
217:44,45,50,52,67,193,194,207,209,210,211,212,213,214,216,218,219,221,222,225,226,:
218:45,209,210,211,216,217,219,220,221,222,223,224,225,226,227,:
219:210,211,216,217,218,220,221,222,223,225,226,227,228,230,231,:
220:210,211,216,218,219,221,223,225,226,227,230,231,:
221:30,45,210,216,217,218,219,220,222,223,224,225,226,:
222:2,30,45,66,67,71,216,217,218,219,221,223,224,:
223:2,6,30,216,218,219,220,221,222,224,225,226,231,:
224:2,30,47,49,66,71,218,221,222,223,373,375,:
225:42,45,210,216,217,218,219,220,221,223,226,227,228,229,230,231,232,:
226:41,42,43,44,45,46,210,214,216,217,218,219,220,221,223,225,227,228,229,230,231,:
227:218,219,220,225,226,228,229,230,231,232,:
228:42,219,225,226,227,229,230,231,232,:
229:41,42,43,45,46,225,226,227,228,230,231,:
230:219,220,225,226,227,228,229,231,232,:
231:219,220,223,225,226,227,228,229,230,232,246,247,:
232:225,227,228,230,231,246,247,:
233:234,235,236,237,238,239,240,249,263,:
234:233,235,236,238,239,240,:
235:233,234,236,237,238,239,240,241,263,:
236:233,234,235,237,238,239,240,241,242,243,244,248,249,263,274,:
237:233,235,236,238,239,240,241,242,243,248,249,262,263,273,274,275,278,:
238:233,234,235,236,237,239,240,:
239:233,234,235,236,237,238,240,241,242,243,244,245,248,249,263,274,:
240:233,234,235,236,237,238,239,241,242,244,248,249,:
241:235,236,237,239,240,242,243,244,245,246,247,248,249,250,274,:
242:236,237,239,240,241,243,244,245,246,248,249,250,251,252,253,262,263,273,274,285,:
243:236,237,239,241,242,244,245,246,248,249,250,251,252,262,263,273,274,275,276,278,284,285,286,289,290,292,:
244:236,239,240,241,242,243,245,246,247,248,249,:
245:239,241,242,243,244,246,247,248,249,:
246:231,232,241,242,243,244,245,247,:
247:49,231,232,241,244,245,246,:
248:236,237,239,240,241,242,243,244,245,249,250,251,252,253,254,262,263,274,285,:
249:233,236,237,239,240,241,242,243,244,245,248,250,251,253,262,263,:
250:241,242,243,248,249,251,252,253,254,255,256,262,263,264,274,285,:
251:242,243,248,249,250,252,253,254,255,256,262,263,264,265,266,267,272,273,274,284,285,294,:
252:242,243,248,250,251,253,254,255,256,262,263,264,265,266,272,273,274,284,285,286,287,289,293,294,295,298,299,:
253:242,248,249,250,251,252,254,255,256,257,258,262,263,:
254:248,250,251,252,253,255,256,257,258,259,262,263,:
255:250,251,252,253,254,256,257,258,259,260,261,:
256:250,251,252,253,254,255,257,258,259,260,262,263,270,271,272,:
257:253,254,255,256,258,259,260,261,301,:
258:253,254,255,256,257,259,260,261,272,299,:
259:254,255,256,257,258,260,261,299,300,301,:
260:255,256,257,258,259,261,299,300,:
261:255,257,258,259,260,300,301,:
262:237,242,243,248,249,250,251,252,253,254,256,263,264,265,266,267,268,269,270,272,273,274,285,294,:
263:233,235,236,237,239,242,243,248,249,250,251,252,253,254,256,262,264,265,267,268,269,270,272,273,274,:
264:250,251,252,262,263,265,266,267,268,269,270,271,272,273,274,275,285,294,:
265:251,252,262,263,264,266,267,268,272,273,274,275,276,277,278,284,285,293,294,306,:
266:251,252,262,264,265,267,272,273,274,275,276,277,284,285,293,294,295,296,298,305,306,307,310,:
267:251,262,263,264,265,266,268,269,270,271,272,273,274,:
268:262,263,264,265,267,269,270,271,272,:
269:262,263,264,267,268,270,271,272,:
270:256,262,263,264,267,268,269,271,272,:
271:256,264,267,268,269,270,272,:
272:251,252,256,258,262,263,264,265,266,267,268,269,270,271,:
273:237,242,243,251,252,262,263,264,265,266,267,274,275,276,277,278,279,284,285,294,306,:
274:236,237,239,241,242,243,248,250,251,252,262,263,264,265,266,267,273,275,276,278,284,285,:
275:237,243,264,265,266,273,274,276,277,278,279,280,281,284,285,286,294,306,321,:
276:243,265,266,273,274,275,277,278,279,280,281,284,285,286,287,288,289,293,294,305,306,315,320,321,:
277:265,266,273,275,276,278,279,280,281,284,285,286,287,288,293,294,305,306,307,308,310,314,315,316,319,320,321,323,:
278:237,243,265,273,274,275,276,277,279,280,281,282,283,284,285,:
279:273,275,276,277,278,280,281,282,283,284,285,320,321,:
280:275,276,277,278,279,281,282,283,320,321,:
281:6,7,275,276,277,278,279,280,282,283,284,320,321,:
282:278,279,280,281,283,319,320,321,:
283:6,7,278,279,280,281,282,320,321,:
284:243,251,252,265,266,273,274,275,276,277,278,279,281,285,286,287,288,289,290,291,293,294,306,315,321,:
285:242,243,248,250,251,252,262,264,265,266,273,274,275,276,277,278,279,284,286,287,289,290,292,293,294,306,:
286:243,252,275,276,277,284,285,287,288,289,290,291,292,293,294,295,306,315,321,:
287:252,276,277,284,285,286,288,289,290,291,293,294,295,296,297,298,305,306,315,323,:
288:276,277,284,286,287,289,291,293,294,295,296,297,305,306,314,315,322,323,324,325,326,327,:
289:243,252,276,284,285,286,287,288,290,291,292,293,294,:
290:7,243,284,285,286,287,289,291,292,:
291:284,286,287,288,289,290,292,293,294,378,:
292:49,243,285,286,289,290,291,:
293:252,265,266,276,277,284,285,286,287,288,289,291,294,295,296,297,298,299,300,301,305,306,315,:
294:251,252,262,264,265,266,273,275,276,277,284,285,286,287,288,289,291,293,295,296,298,299,300,305,306,:
295:252,266,286,287,288,293,294,296,297,298,299,300,301,302,304,305,306,307,:
296:266,287,288,293,294,295,297,298,299,305,306,307,308,310,314,315,323,:
297:287,288,293,295,296,298,305,306,307,308,309,323,:
298:252,266,287,293,294,295,296,297,299,300,301,302,303,304,305,306,:
299:252,258,259,260,293,294,295,296,298,300,301,302,303,304,:
300:259,260,261,293,294,295,298,299,301,302,303,304,:
301:257,259,261,293,295,298,299,300,302,303,304,:
302:295,298,299,300,301,303,304,:
303:298,299,300,301,302,304,:
304:295,298,299,300,301,302,303,:
305:266,276,277,287,288,293,294,295,296,297,298,306,307,308,309,310,311,314,315,323,:
306:265,266,273,275,276,277,284,285,286,287,288,293,294,295,296,297,298,305,307,308,310,314,315,323,:
307:266,277,295,296,297,305,306,308,309,310,311,312,313,314,315,316,323,:
308:277,296,297,305,306,307,309,310,311,312,314,315,316,317,319,321,322,323,:
309:297,305,307,308,310,311,312,314,315,316,317,322,323,:
310:266,277,296,305,306,307,308,309,311,312,313,314,315,:
311:305,307,308,309,310,312,313,314,:
312:307,308,309,310,311,313,:
313:307,310,311,312,:
314:277,288,296,305,306,307,308,309,310,311,315,316,317,318,319,320,321,322,323,:
315:276,277,284,286,287,288,293,296,305,306,307,308,309,310,314,316,317,319,320,321,322,323,:
316:277,307,308,309,314,315,317,318,319,320,321,322,323,324,:
317:308,309,314,315,316,318,319,320,321,322,323,324,325,326,327,:
318:314,316,317,319,320,321,322,323,324,325,327,:
319:277,282,308,314,315,316,317,318,320,321,322,323,:
320:7,276,277,279,280,281,282,283,314,315,316,317,318,319,321,322,323,:
321:275,276,277,279,280,281,282,283,284,286,308,314,315,316,317,318,319,320,322,323,:
322:288,308,309,314,315,316,317,318,319,320,321,323,324,325,326,327,328,330,331,:
323:277,287,288,296,297,305,306,307,308,309,314,315,316,317,318,319,320,321,322,324,325,326,327,:
324:288,316,317,318,322,323,325,326,327,328,329,330,331,332,:
325:288,317,318,322,323,324,326,327,328,329,330,331,332,333,334,335,336,337,338,340,:
326:288,317,322,323,324,325,327,330,331,332,333,335,336,337,:
327:7,31,288,317,318,322,323,324,325,326,328,329,330,331,:
328:4,7,31,39,322,324,325,327,329,330,331,334,379,:
329:3,4,7,24,31,39,324,325,327,328,330,331,378,379,:
330:322,324,325,326,327,328,329,331,332,333,334,335,336,337,338,339,340,:
331:322,324,325,326,327,328,329,330,332,333,334,335,336,338,339,340,:
332:324,325,326,330,331,333,334,335,336,337,338,340,:
333:325,326,330,331,332,334,335,336,341,:
334:325,328,330,331,332,333,335,341,342,:
335:325,326,330,331,332,333,334,336,337,338,339,340,:
336:325,326,330,331,332,333,335,337,338,339,340,:
337:325,326,330,332,335,336,338,339,340,:
338:325,330,331,332,335,336,337,339,340,:
339:330,331,335,336,337,338,340,:
340:325,330,331,332,335,336,337,338,339,:
341:333,334,342,343,344,345,346,347,:
342:334,341,343,344,345,346,:
343:341,342,344,345,346,347,348,:
344:341,342,343,345,346,347,351,:
345:341,342,343,344,346,347,350,351,352,354,355,356,:
346:341,342,343,344,345,347,348,349,356,:
347:341,343,344,345,346,348,349,:
348:343,346,347,349,:
349:346,347,348,:
350:104,113,345,351,352,353,354,355,356,357,358,364,:
351:344,345,350,352,353,354,355,356,357,364,:
352:82,345,350,351,353,354,355,356,357,358,359,364,:
353:82,350,351,352,354,355,357,358,359,360,361,362,363,364,:
354:345,350,351,352,353,355,357,358,359,360,364,:
355:75,77,345,350,351,352,353,354,356,357,358,:
356:77,345,346,350,351,352,355,:
357:79,81,82,350,351,352,353,354,355,358,359,360,361,362,363,364,366,367,:
358:78,79,80,81,82,83,86,90,113,350,352,353,354,355,357,359,360,361,362,363,364,365,:
359:79,82,352,353,354,357,358,360,361,362,363,364,365,366,367,368,:
360:78,79,353,354,357,358,359,361,362,363,366,367,368,369,370,371,372,374,:
361:54,68,69,73,78,79,80,82,83,353,357,358,359,360,362,366,367,368,369,371,372,:
362:353,357,358,359,360,361,363,364,365,366,367,:
363:112,353,357,358,359,360,362,364,365,:
364:111,112,113,350,351,352,353,354,357,358,359,362,363,365,:
365:111,112,358,359,362,363,364,:
366:357,359,360,361,362,367,368,369,370,371,372,374,:
367:357,359,360,361,362,366,368,369,370,371,372,374,:
368:54,359,360,361,366,367,369,370,371,372,373,374,:
369:54,360,361,366,367,368,370,371,372,:
370:360,366,367,368,369,371,:
371:54,360,361,366,367,368,369,370,372,373,374,375,376,:
372:360,361,366,367,368,369,371,373,374,375,376,377,:
373:54,224,368,371,372,374,375,376,377,378,:
374:360,366,367,368,371,372,373,375,376,377,378,379,:
375:224,371,372,373,374,376,377,378,379,:
376:371,372,373,374,375,377,378,379,:
377:372,373,374,375,376,378,379,:
378:1,3,4,31,39,291,329,373,374,375,376,377,379,:
379:1,4,21,24,31,39,73,75,328,329,374,375,376,377,378,:
