1:2,3,4,5,6,7,8,9,11,14,15,16,18,114,115,175,176,185,186,187,258,:
2:1,4,7,9,11,14,15,16,18,114,115,175,176,185,187,:
3:1,5,6,8,9,10,11,14,15,17,19,20,174,177,186,365,:
4:1,2,7,8,9,11,15,16,18,22,24,144,175,176,287,288,:
5:1,3,6,8,9,10,11,12,14,17,19,20,21,25,256,365,:
6:1,3,5,9,10,11,14,15,17,42,245,246,247,258,259,365,:
7:1,2,4,8,9,10,11,12,13,14,15,16,18,21,22,24,174,175,176,287,288,:
8:1,3,4,5,7,9,10,11,12,13,14,17,18,19,20,21,22,23,24,25,168,256,:
9:1,2,3,4,5,6,7,8,10,11,12,14,15,16,17,18,19,20,22,174,175,185,186,258,:
10:3,5,6,7,8,9,11,12,13,14,17,19,20,21,22,24,25,168,256,393,394,395,:
11:1,2,3,4,5,6,7,8,9,10,12,13,14,15,16,17,18,19,20,21,22,24,25,168,174,175,258,:
12:5,7,8,9,10,11,13,18,19,20,21,22,23,24,25,168,170,:
13:7,8,10,11,12,18,19,21,22,23,24,25,256,263,264,272,273,274,275,281,282,287,:
14:1,2,3,5,6,7,8,9,10,11,15,17,19,20,365,:
15:1,2,3,4,6,7,9,11,14,43,114,115,116,175,185,186,187,188,:
16:1,2,4,7,9,11,18,143,144,145,175,176,287,288,:
17:3,5,6,8,9,10,11,14,19,20,245,253,255,256,355,365,:
18:1,2,4,7,8,9,11,12,13,16,21,22,23,24,25,170,171,287,288,:
19:3,5,8,9,10,11,12,13,14,17,20,21,22,25,256,393,394,395,413,:
20:3,5,8,9,10,11,12,14,17,19,21,22,168,174,393,394,395,:
21:5,7,8,10,11,12,13,18,19,20,22,23,24,25,168,170,394,395,:
22:4,7,8,9,10,11,12,13,18,19,20,21,23,24,25,166,167,168,169,170,171,172,288,:
23:8,12,13,18,21,22,24,25,263,264,272,274,275,281,282,287,:
24:4,7,8,10,11,12,13,18,21,22,23,25,256,257,263,272,273,274,275,276,281,282,287,288,:
25:5,8,10,11,12,13,18,19,21,22,23,24,255,256,260,262,263,264,272,273,274,275,:
26:27,28,29,30,31,32,33,34,35,36,197,:
27:26,28,29,30,31,32,33,:
28:26,27,29,30,31,32,33,34,35,36,37,189,197,:
29:26,27,28,30,31,32,34,35,36,37,38,39,40,44,45,189,:
30:26,27,28,29,31,34,35,36,37,38,39,44,45,52,86,88,:
31:26,27,28,29,30,32,33,34,35,36,:
32:26,27,28,29,31,33,34,197,199,:
33:26,27,28,31,32,34,199,:
34:26,28,29,30,31,32,33,35,36,39,52,179,180,182,189,:
35:26,28,29,30,31,34,36,37,38,39,40,41,42,44,45,189,:
36:26,28,29,30,31,34,35,37,38,39,40,41,43,186,188,189,190,192,205,:
37:28,29,30,35,36,38,39,40,41,42,43,44,45,46,88,189,:
38:29,30,35,36,37,39,40,41,42,44,45,46,47,48,49,52,:
39:29,30,34,35,36,37,38,40,42,44,45,46,49,52,:
40:29,35,36,37,38,39,41,42,43,44,45,189,:
41:35,36,37,38,40,42,43,82,83,84,189,204,205,:
42:6,35,37,38,39,40,41,43,44,45,365,:
43:15,36,37,40,41,42,93,114,189,193,204,206,248,:
44:29,30,35,37,38,39,40,42,45,46,47,48,49,50,51,52,53,54,:
45:29,30,35,37,38,39,40,42,44,46,47,48,49,50,51,52,53,68,87,88,:
46:37,38,39,44,45,47,48,49,50,51,52,53,54,55,:
47:38,44,45,46,48,49,50,51,52,53,54,55,56,57,58,68,:
48:38,44,45,46,47,49,50,53,54,55,56,57,67,68,69,72,73,:
49:38,39,44,45,46,47,48,50,51,52,53,54,:
50:44,45,46,47,48,49,51,52,53,54,:
51:44,45,46,47,49,50,52,:
52:30,34,38,39,44,45,46,47,49,50,51,:
53:44,45,46,47,48,49,50,54,55,56,57,58,59,68,:
54:44,46,47,48,49,50,53,55,56,58,:
55:46,47,48,53,54,56,57,58,59,60,61,68,:
56:47,48,53,54,55,57,58,59,60,61,67,68,:
57:47,48,53,55,56,58,59,60,61,67,68,69,70,72,:
58:47,53,54,55,56,57,59,60,61,62,63,404,:
59:53,55,56,57,58,60,61,62,63,64,:
60:55,56,57,58,59,61,62,63,64,65,366,367,371,:
61:55,56,57,58,59,60,62,63,64,65,66,:
62:58,59,60,61,63,64,65,66,:
63:58,59,60,61,62,64,65,66,374,:
64:59,60,61,62,63,65,66,374,:
65:60,61,62,63,64,66,378,:
66:61,62,63,64,65,:
67:48,56,57,68,69,70,71,72,73,:
68:45,47,48,53,55,56,57,67,69,70,72,73,:
69:48,57,67,68,70,71,72,73,74,75,:
70:57,67,68,69,71,72,73,75,:
71:67,69,70,72,75,:
72:48,57,67,68,69,70,71,73,74,75,76,364,:
73:48,67,68,69,70,72,74,75,76,85,347,364,:
74:69,72,73,75,76,78,85,249,251,252,346,347,348,364,:
75:69,70,71,72,73,74,76,77,78,251,252,346,347,348,:
76:72,73,74,75,78,246,248,249,250,251,252,346,347,348,364,:
77:75,78,79,80,81,82,83,85,89,90,252,:
78:74,75,76,77,79,80,81,82,83,85,249,251,252,:
79:77,78,80,81,82,83,84,85,89,90,91,93,252,:
80:77,78,79,81,82,83,89,90,91,92,93,94,249,250,252,:
81:77,78,79,80,82,89,90,91,92,93,97,248,249,250,251,252,:
82:41,77,78,79,80,81,83,84,85,86,87,89,90,93,248,249,252,:
83:41,77,78,79,80,82,84,85,86,87,88,:
84:41,79,82,83,85,86,87,88,205,206,207,208,:
85:73,74,77,78,79,82,83,84,86,87,88,:
86:30,82,83,84,85,87,88,205,208,:
87:45,82,83,84,85,86,88,:
88:30,37,45,83,84,85,86,87,:
89:77,79,80,81,82,90,91,92,93,94,95,96,97,98,:
90:77,79,80,81,82,89,91,92,93,94,95,96,207,:
91:79,80,81,89,90,92,93,94,95,96,97,98,99,101,:
92:80,81,89,90,91,93,94,95,96,97,98,99,100,101,102,110,:
93:43,79,80,81,82,89,90,91,92,94,95,96,97,98,99,100,101,110,248,249,250,252,:
94:80,89,90,91,92,93,95,96,97,98,101,:
95:89,90,91,92,93,94,96,97,98,100,101,206,207,:
96:89,90,91,92,93,94,95,97,98,99,100,101,110,206,:
97:81,89,91,92,93,94,95,96,98,99,100,101,102,103,104,110,:
98:89,91,92,93,94,95,96,97,99,100,101,102,103,104,:
99:91,92,93,96,97,98,100,101,102,103,104,110,111,116,:
100:92,93,95,96,97,98,99,101,102,103,110,111,112,113,114,115,116,117,:
101:91,92,93,94,95,96,97,98,99,100,102,110,111,112,113,116,117,118,:
102:92,97,98,99,100,101,103,104,105,110,116,:
103:97,98,99,100,102,104,105,106,107,108,109,:
104:97,98,99,102,103,105,106,107,108,109,:
105:102,103,104,106,107,108,109,231,236,:
106:103,104,105,107,108,109,236,:
107:103,104,105,106,108,109,250,:
108:103,104,105,106,107,109,:
109:103,104,105,106,107,108,236,:
110:92,93,96,97,99,100,101,102,111,112,113,114,115,116,117,118,:
111:99,100,101,110,112,113,114,115,116,117,118,119,130,194,:
112:100,101,110,111,113,114,115,116,117,118,119,120,122,129,130,194,:
113:100,101,110,111,112,114,115,116,117,118,119,120,130,:
114:1,2,15,43,100,110,111,112,113,115,116,117,118,130,194,:
115:1,2,15,100,110,111,112,113,114,116,258,:
116:15,99,100,101,102,110,111,112,113,114,115,:
117:100,101,110,111,112,113,114,118,119,120,121,122,123,125,129,130,194,:
118:101,110,111,112,113,114,117,119,120,122,123,124,125,127,129,130,193,194,204,206,:
119:111,112,113,117,118,120,121,122,123,124,125,129,130,131,:
120:112,113,117,118,119,121,122,123,124,129,130,131,132,134,:
121:117,119,120,122,123,124,129,130,131,134,:
122:112,117,118,119,120,121,123,124,125,126,127,129,130,:
123:117,118,119,120,121,122,124,125,126,127,128,129,130,194,:
124:118,119,120,121,122,123,125,126,127,128,129,130,134,:
125:117,118,119,122,123,124,126,127,128,193,194,:
126:122,123,124,125,127,128,195,:
127:118,122,123,124,125,126,128,193,194,195,204,206,207,208,:
128:123,124,125,126,127,195,:
129:112,117,118,119,120,121,122,123,124,130,131,132,133,134,135,138,139,191,194,:
130:111,112,113,114,117,118,119,120,121,122,123,124,129,131,132,133,134,138,190,191,193,194,:
131:119,120,121,129,130,132,133,134,135,138,139,140,191,:
132:120,129,130,131,133,134,135,138,139,140,141,142,143,144,191,:
133:129,130,131,132,134,135,138,139,140,141,187,188,190,191,192,194,:
134:120,121,124,129,130,131,132,133,135,136,137,138,139,198,:
135:129,131,132,133,134,136,137,138,139,142,:
136:134,135,137,:
137:134,135,136,:
138:129,130,131,132,133,134,135,139,140,141,142,143,144,145,146,147,:
139:129,131,132,133,134,135,138,140,141,142,143,144,145,:
140:131,132,133,138,139,141,142,143,144,145,146,147,148,176,:
141:132,133,138,139,140,142,143,144,146,147,148,149,150,151,153,176,:
142:132,135,138,139,140,141,143,146,147,148,151,:
143:16,132,138,139,140,141,142,144,145,146,147,176,:
144:4,16,132,138,139,140,141,143,145,:
145:16,138,139,140,143,144,288,304,305,:
146:138,140,141,142,143,147,148,149,150,151,152,153,173,175,176,:
147:138,140,141,142,143,146,148,149,150,151,152,153,172,173,174,175,176,185,187,:
148:140,141,142,146,147,149,150,151,152,153,154,:
149:141,146,147,148,150,151,152,153,154,173,176,:
150:141,146,147,148,149,151,152,153,154,166,167,172,173,174,175,176,178,:
151:141,142,146,147,148,149,150,152,153,154,:
152:146,147,148,149,150,151,153,154,199,201,202,203,:
153:141,146,147,148,149,150,151,152,154,175,176,185,187,188,190,191,197,199,201,:
154:148,149,150,151,152,153,178,180,:
155:156,157,158,159,160,161,162,164,165,:
156:155,157,158,159,160,161,162,164,:
157:155,156,158,159,160,161,162,163,164,165,166,:
158:155,156,157,159,160,161,162,164,165,166,167,169,:
159:155,156,157,158,160,161,162,164,165,166,169,:
160:155,156,157,158,159,161,162,163,164,165,:
161:155,156,157,158,159,160,162,163,164,165,179,180,181,183,:
162:155,156,157,158,159,160,161,163,164,165,179,180,181,183,:
163:157,160,161,162,179,180,181,182,183,184,:
164:155,156,157,158,159,160,161,162,165,166,167,168,169,170,171,172,173,:
165:155,157,158,159,160,161,162,164,166,167,168,169,172,:
166:22,150,157,158,159,164,165,167,168,169,170,171,172,173,174,:
167:22,150,158,164,165,166,168,169,170,171,172,173,174,175,176,177,178,:
168:8,10,11,12,20,21,22,164,165,166,167,169,170,171,172,173,174,177,178,394,395,:
169:22,158,159,164,165,166,167,168,170,171,172,173,:
170:12,18,21,22,164,166,167,168,169,171,172,173,:
171:18,22,164,166,167,168,169,170,172,173,288,:
172:22,147,150,164,165,166,167,168,169,170,171,173,174,175,176,177,178,179,185,186,:
173:146,147,149,150,164,166,167,168,169,170,171,172,174,175,176,177,178,185,:
174:3,7,9,11,20,147,150,166,167,168,172,173,175,176,177,178,179,185,186,187,:
175:1,2,4,7,9,11,15,16,146,147,150,153,167,172,173,174,176,177,178,185,186,187,188,:
176:1,2,4,7,16,140,141,143,146,147,149,150,153,167,172,173,174,175,177,185,186,187,:
177:3,167,168,172,173,174,175,176,178,179,180,185,186,:
178:150,154,167,168,172,173,174,175,177,179,180,181,185,186,:
179:34,161,162,163,172,174,177,178,180,181,182,183,184,:
180:34,154,161,162,163,177,178,179,181,182,183,184,:
181:161,162,163,178,179,180,182,183,184,:
182:34,163,179,180,181,183,184,:
183:161,162,163,179,180,181,182,184,:
184:163,179,180,181,182,183,:
185:1,2,9,15,147,153,172,173,174,175,176,177,178,186,187,188,189,190,191,:
186:1,3,9,15,36,172,174,175,176,177,178,185,187,188,189,190,:
187:1,2,15,133,147,153,174,175,176,185,186,188,189,190,191,192,:
188:15,36,133,153,175,185,186,187,189,190,191,192,193,194,195,:
189:28,29,34,35,36,37,40,41,43,185,186,187,188,190,191,192,193,205,:
190:36,130,133,153,185,186,187,188,189,191,192,193,194,195,196,197,198,204,205,:
191:129,130,131,132,133,153,185,187,188,189,190,192,193,194,195,196,197,198,:
192:36,133,187,188,189,190,191,193,194,195,196,197,198,204,205,206,:
193:43,118,125,127,130,188,189,190,191,192,194,195,196,204,205,206,207,208,:
194:111,112,114,117,118,123,125,127,129,130,133,188,190,191,192,193,195,204,205,206,207,:
195:126,127,128,188,190,191,192,193,194,196,197,198,199,200,204,205,:
196:190,191,192,193,195,197,198,199,200,201,:
197:26,28,32,153,190,191,192,195,196,198,199,200,201,202,203,:
198:134,190,191,192,195,196,197,199,200,201,202,:
199:32,33,152,153,195,196,197,198,200,201,202,203,:
200:195,196,197,198,199,201,202,203,:
201:152,153,196,197,198,199,200,202,203,:
202:152,197,198,199,200,201,203,:
203:152,197,199,200,201,202,:
204:41,43,118,127,190,192,193,194,195,205,206,207,208,:
205:36,41,84,86,189,190,192,193,194,195,204,206,207,208,:
206:43,84,95,96,118,127,192,193,194,204,205,207,208,:
207:84,90,95,127,193,194,204,205,206,208,:
208:84,86,127,193,204,205,206,207,:
209:210,211,212,213,214,215,:
210:209,211,212,214,:
211:209,210,212,213,214,215,216,217,:
212:209,210,211,213,214,215,217,:
213:209,211,212,214,215,217,:
214:209,210,211,212,213,215,216,217,218,219,:
215:209,211,212,213,214,216,217,218,219,220,:
216:211,214,215,217,218,219,220,221,222,280,424,:
217:211,212,213,214,215,216,218,219,220,221,:
218:214,215,216,217,219,220,221,222,280,424,425,426,:
219:214,215,216,217,218,220,221,222,267,269,280,:
220:215,216,217,218,219,221,222,280,:
221:216,217,218,219,220,222,264,267,280,414,:
222:216,218,219,220,221,264,280,408,409,410,411,414,:
223:224,225,226,227,228,229,230,323,:
224:223,225,226,227,228,229,231,320,322,323,324,326,:
225:223,224,226,227,228,229,230,231,323,:
226:223,224,225,227,228,229,230,:
227:223,224,225,226,228,230,:
228:223,224,225,226,227,229,230,231,323,:
229:223,224,225,226,228,230,231,323,:
230:223,225,226,227,228,229,231,:
231:105,224,225,228,229,230,236,323,327,:
232:233,234,235,236,237,238,239,240,241,:
233:232,234,235,236,237,238,239,:
234:232,233,235,236,237,238,239,240,241,242,244,345,:
235:232,233,234,236,237,238,239,240,241,242,243,244,245,253,345,:
236:105,106,109,231,232,233,234,235,237,238,239,240,241,242,243,244,253,:
237:232,233,234,235,236,238,239,240,241,244,:
238:232,233,234,235,236,237,239,240,241,243,244,356,:
239:232,233,234,235,236,237,238,240,241,242,243,244,253,:
240:232,234,235,236,237,238,239,241,242,243,244,245,246,247,253,345,:
241:232,234,235,236,237,238,239,240,242,243,244,245,246,247,343,344,345,346,:
242:234,235,236,239,240,241,243,244,245,246,247,253,254,259,345,:
243:235,236,238,239,240,241,242,244,245,246,253,254,255,256,257,258,259,260,:
244:234,235,236,237,238,239,240,241,242,243,245,253,254,255,256,259,260,261,355,:
245:6,17,235,240,241,242,243,244,246,247,248,253,259,345,365,:
246:6,76,240,241,242,243,245,247,248,249,250,251,252,345,347,:
247:6,240,241,242,245,246,248,249,250,251,252,:
248:43,76,81,82,93,245,246,247,249,250,251,252,:
249:74,76,78,80,81,82,93,246,247,248,250,251,252,347,:
250:76,80,81,93,107,246,247,248,249,251,252,:
251:74,75,76,78,81,246,247,248,249,250,252,344,345,346,347,:
252:74,75,76,77,78,79,80,81,82,93,246,247,248,249,250,251,:
253:17,235,236,239,240,242,243,244,245,254,255,256,257,258,259,260,261,:
254:242,243,244,253,255,256,257,258,259,260,261,262,273,328,:
255:17,25,243,244,253,254,256,257,258,259,260,261,262,263,265,272,273,328,:
256:5,8,10,13,17,19,24,25,243,244,253,254,255,257,258,259,260,261,262,263,272,273,355,:
257:24,243,253,254,255,256,258,259,260,261,273,328,:
258:1,6,9,11,115,243,253,254,255,256,257,259,:
259:6,242,243,244,245,253,254,255,256,257,258,:
260:25,243,244,253,254,255,256,257,261,262,263,264,265,266,268,272,273,328,:
261:244,253,254,255,256,257,260,262,263,265,266,267,268,270,272,273,327,328,:
262:25,254,255,256,260,261,263,264,265,266,267,268,272,273,274,413,:
263:13,23,24,25,255,256,260,261,262,264,265,266,267,272,273,274,275,277,:
264:13,23,25,221,222,260,262,263,265,266,267,272,273,274,277,413,:
265:255,260,261,262,263,264,266,267,268,269,270,272,273,:
266:260,261,262,263,264,265,267,268,269,270,271,272,273,328,:
267:219,221,261,262,263,264,265,266,268,269,270,271,272,273,277,:
268:260,261,262,265,266,267,269,270,271,327,328,:
269:219,265,266,267,268,270,271,329,:
270:261,265,266,267,268,269,271,327,328,329,:
271:266,267,268,269,270,329,:
272:13,23,24,25,255,256,260,261,262,263,264,265,266,267,273,274,275,276,277,278,281,282,325,328,:
273:13,24,25,254,255,256,257,260,261,262,263,264,265,266,267,272,274,275,276,277,281,324,325,327,328,:
274:13,23,24,25,262,263,264,272,273,275,276,277,278,281,282,283,325,:
275:13,23,24,25,263,272,273,274,276,277,278,281,282,283,284,285,286,287,325,:
276:24,272,273,274,275,277,278,281,282,283,284,321,322,324,325,326,328,:
277:263,264,267,272,273,274,275,276,278,279,280,281,282,:
278:272,274,275,276,277,279,280,281,282,285,:
279:277,278,280,:
280:216,218,219,220,221,222,277,278,279,:
281:13,23,24,272,273,274,275,276,277,278,282,283,284,285,286,287,288,289,290,:
282:13,23,24,272,274,275,276,277,278,281,283,284,285,286,287,288,:
283:274,275,276,281,282,284,285,286,287,288,289,290,291,310,:
284:275,276,281,282,283,285,286,287,289,290,291,292,293,294,296,310,:
285:275,278,281,282,283,284,286,289,290,291,294,:
286:275,281,282,283,284,285,287,288,289,290,310,:
287:4,7,13,16,18,23,24,275,281,282,283,284,286,288,:
288:4,7,16,18,22,24,145,171,281,282,283,286,287,:
289:281,283,284,285,286,290,291,292,293,294,295,296,307,309,310,:
290:281,283,284,285,286,289,291,292,293,294,295,296,306,307,308,309,310,319,321,:
291:283,284,285,289,290,292,293,294,295,296,297,307,:
292:284,289,290,291,293,294,295,296,297,307,310,:
293:284,289,290,291,292,294,295,296,297,300,301,306,307,308,309,310,312,:
294:284,285,289,290,291,292,293,295,296,297,:
295:289,290,291,292,293,294,296,297,333,335,336,337,:
296:284,289,290,291,292,293,294,295,297,309,310,319,321,322,324,325,331,333,335,:
297:291,292,293,294,295,296,312,314,:
298:299,300,301,302,303,304,305,306,307,:
299:298,300,301,302,303,306,:
300:293,298,299,301,302,303,304,305,306,307,308,:
301:293,298,299,300,302,303,304,305,306,307,308,309,310,311,312,:
302:298,299,300,301,303,304,305,306,307,308,311,:
303:298,299,300,301,302,304,305,306,307,:
304:145,298,300,301,302,303,305,306,307,:
305:145,298,300,301,302,303,304,306,307,:
306:290,293,298,299,300,301,302,303,304,305,307,308,309,310,311,312,319,320,:
307:289,290,291,292,293,298,300,301,302,303,304,305,306,308,309,310,311,312,319,:
308:290,293,300,301,302,306,307,309,310,311,312,313,319,320,321,:
309:289,290,293,296,301,306,307,308,310,311,312,319,320,321,322,:
310:283,284,286,289,290,292,293,296,301,306,307,308,309,311,319,320,321,:
311:301,302,306,307,308,309,310,312,313,314,319,320,:
312:293,297,301,306,307,308,309,311,313,314,315,317,319,320,:
313:308,311,312,314,315,316,317,318,:
314:297,311,312,313,315,316,317,318,:
315:312,313,314,316,317,318,:
316:313,314,315,317,318,:
317:312,313,314,315,316,318,:
318:313,314,315,316,317,:
319:290,296,306,307,308,309,310,311,312,320,321,322,323,324,325,:
320:224,306,308,309,310,311,312,319,321,322,323,324,:
321:276,290,296,308,309,310,319,320,322,323,324,325,326,:
322:224,276,296,309,319,320,321,323,324,325,326,327,328,329,331,:
323:223,224,225,228,229,231,319,320,321,322,324,325,326,327,:
324:224,273,276,296,319,320,321,322,323,325,326,327,328,329,330,331,332,:
325:272,273,274,275,276,296,319,321,322,323,324,326,327,328,329,330,331,332,:
326:224,276,321,322,323,324,325,327,328,329,330,331,332,:
327:231,261,268,270,273,322,323,324,325,326,328,329,330,:
328:254,255,257,260,261,266,268,270,272,273,276,322,324,325,326,327,329,:
329:269,270,271,322,324,325,326,327,328,330,331,332,333,334,:
330:324,325,326,327,329,331,332,333,334,335,:
331:296,322,324,325,326,329,330,332,333,334,335,336,337,:
332:324,325,326,329,330,331,333,334,335,336,:
333:295,296,329,330,331,332,334,335,336,337,:
334:329,330,331,332,333,335,336,337,:
335:295,296,330,331,332,333,334,336,337,:
336:295,331,332,333,334,335,337,:
337:295,331,333,334,335,336,:
338:339,340,341,342,343,344,350,:
339:338,340,341,343,:
340:338,339,341,342,343,344,345,346,348,350,:
341:338,339,340,342,343,344,345,346,348,349,350,358,:
342:338,340,341,343,344,345,346,349,350,351,352,354,357,358,362,363,364,:
343:241,338,339,340,341,342,344,345,346,347,348,:
344:241,251,338,340,341,342,343,345,346,347,348,:
345:234,235,240,241,242,245,246,251,340,341,342,343,344,346,347,348,:
346:74,75,76,241,251,340,341,342,343,344,345,347,348,364,:
347:73,74,75,76,246,249,251,343,344,345,346,348,364,:
348:74,75,76,340,341,343,344,345,346,347,:
349:341,342,350,351,352,353,354,355,356,357,358,367,380,:
350:338,340,341,342,349,351,352,354,356,357,358,:
351:342,349,350,352,353,354,355,356,357,358,359,367,380,:
352:342,349,350,351,353,354,355,356,357,358,359,360,361,362,366,367,379,380,389,:
353:349,351,352,354,355,357,358,359,360,361,366,367,379,380,381,382,384,388,389,390,393,:
354:342,349,350,351,352,353,355,356,357,358,:
355:17,244,256,349,351,352,353,354,356,357,358,:
356:238,349,350,351,352,354,355,:
357:342,349,350,351,352,353,354,355,358,359,360,361,362,363,365,366,367,380,389,:
358:341,342,349,350,351,352,353,354,355,357,359,360,362,363,364,365,366,367,:
359:351,352,353,357,358,360,361,362,363,364,365,366,367,368,389,:
360:352,353,357,358,359,361,362,363,366,367,368,369,370,371,379,380,388,389,397,:
361:352,353,357,359,360,362,366,367,368,369,370,379,380,388,389,390,391,393,396,397,398,401,:
362:342,352,357,358,359,360,361,363,364,365,366,367,:
363:342,357,358,359,360,362,364,365,:
364:72,73,74,76,342,346,347,358,359,362,363,365,:
365:3,5,6,14,17,42,245,357,358,359,362,363,364,:
366:60,352,353,357,358,359,360,361,362,367,368,369,370,371,372,379,380,389,397,:
367:60,349,351,352,353,357,358,359,360,361,362,366,368,369,371,379,380,389,:
368:359,360,361,366,367,369,370,371,372,373,379,380,381,389,397,:
369:360,361,366,367,368,370,371,372,373,379,380,381,382,383,384,388,389,396,397,:
370:360,361,366,368,369,371,372,373,379,380,381,382,383,388,389,391,396,397,398,399,401,:
371:60,360,366,367,368,369,370,372,373,374,375,376,379,380,:
372:366,368,369,370,371,373,374,375,376,377,378,379,380,:
373:368,369,370,371,372,374,375,376,377,378,:
374:63,64,371,372,373,375,376,377,378,:
375:371,372,373,374,376,377,378,:
376:371,372,373,374,375,377,378,:
377:372,373,374,375,376,378,:
378:65,372,373,374,375,376,377,:
379:352,353,360,361,366,367,368,369,370,371,372,380,381,382,383,384,385,387,388,389,397,:
380:349,351,352,353,357,360,361,366,367,368,369,370,371,372,379,381,382,384,385,387,388,389,:
381:353,368,369,370,379,380,382,383,384,385,386,387,388,389,390,:
382:353,369,370,379,380,381,383,384,385,388,389,390,391,392,393,396,397,407,:
383:369,370,379,381,382,384,388,389,390,391,392,396,397,406,407,:
384:353,369,379,380,381,382,383,385,386,387,388,389,:
385:379,380,381,382,384,386,387,:
386:381,384,385,387,:
387:379,380,381,384,385,386,:
388:353,360,361,369,370,379,380,381,382,383,384,389,390,391,392,393,394,395,396,397,412,413,:
389:352,353,357,359,360,361,366,367,368,369,370,379,380,381,382,383,384,388,390,391,393,394,396,397,:
390:353,361,381,382,383,388,389,391,392,393,394,395,396,397,398,407,412,413,:
391:361,370,382,383,388,389,390,392,393,394,395,396,397,398,399,400,401,:
392:382,383,388,390,391,393,394,395,396,397,398,399,400,:
393:10,19,20,353,361,382,388,389,390,391,392,394,395,396,397,413,:
394:10,19,20,21,168,388,389,390,391,392,393,395,396,397,:
395:10,19,20,21,168,388,390,391,392,393,394,413,:
396:361,369,370,382,383,388,389,390,391,392,393,394,397,398,399,400,401,402,:
397:360,361,366,368,369,370,379,382,383,388,389,390,391,392,393,394,396,398,399,401,:
398:361,370,390,391,392,396,397,399,400,401,402,403,:
399:370,391,392,396,397,398,400,401,402,:
400:391,392,396,398,399,401,402,:
401:361,370,391,396,397,398,399,400,402,403,404,405,:
402:396,398,399,400,401,403,404,405,:
403:398,401,402,404,405,:
404:58,401,402,403,405,:
405:401,402,403,404,:
406:383,407,408,409,410,411,412,414,415,416,:
407:382,383,390,406,408,409,411,412,414,415,416,:
408:222,406,407,409,410,411,412,413,414,415,416,417,:
409:222,406,407,408,410,411,412,415,416,417,418,419,420,425,:
410:222,406,408,409,411,415,416,417,418,419,424,425,426,429,:
411:222,406,407,408,409,410,412,413,414,415,416,:
412:388,390,406,407,408,409,411,413,414,:
413:19,262,264,388,390,393,395,408,411,412,414,:
414:221,222,406,407,408,411,412,413,:
415:406,407,408,409,410,411,416,417,418,419,420,421,422,423,425,:
416:406,407,408,409,410,411,415,417,418,420,421,422,423,:
417:408,409,410,415,416,418,419,420,421,422,423,425,:
418:409,410,415,416,417,419,420,421,424,425,:
419:409,410,415,417,418,420,424,425,426,427,429,:
420:409,415,416,417,418,419,421,422,423,:
421:415,416,417,418,420,422,423,:
422:415,416,417,420,421,423,:
423:415,416,417,420,421,422,:
424:216,218,410,418,419,425,426,427,428,429,430,:
425:218,409,410,415,417,418,419,424,426,427,429,:
426:218,410,419,424,425,427,428,429,430,431,:
427:419,424,425,426,428,429,430,:
428:424,426,427,429,430,:
429:410,419,424,425,426,427,428,430,431,432,:
430:424,426,427,428,429,431,432,433,435,:
431:426,429,430,432,433,434,435,436,:
432:429,430,431,433,434,435,436,:
433:430,431,432,434,435,436,:
434:431,432,433,435,436,:
435:430,431,432,433,434,436,:
436:431,432,433,434,435,:
